1 2123738
2 2688057
3 2712535
4 2614463
5 2570343
6 2464331
7 2214501
8 1807872
9 1356552
10 934423
11 593116
12 357617
13 202841
14 111644
15 60275
16 32039
17 19101
18 12199
19 8925
20 7352
21 5769
22 4508
23 3757
24 3071
25 3102
26 2702
27 2283
28 1982
29 1686
30 1532
31 1304
32 1297
33 1070
34 1019
35 936
36 837
37 766
38 748
39 634
40 644
41 660
42 595
43 540
44 474
45 506
46 408
47 427
48 372
49 350
50 384
51 445
52 570
53 747
54 973
55 1309
56 1805
57 2534
58 3442
59 4815
60 6554
61 8717
62 11688
63 15302
64 19787
65 25147
66 31891
67 39463
68 48654
69 59121
70 70035
71 82549
72 96135
73 110375
74 124366
75 139185
76 151795
77 165800
78 177141
79 187038
80 194678
81 200491
82 204269
83 206171
84 204694
85 201449
86 194671
87 187504
88 177472
89 165737
90 154498
91 141355
92 128769
93 115549
94 102606
95 91307
96 79453
97 68124
98 58195
99 49383
100 41163
101 33956
102 27540
103 22378
104 18253
105 14572
106 11274
107 8738
108 6631
109 5049
110 3834
111 2805
112 2107
113 1668
114 1233
115 845
116 689
117 516
118 350
119 277
120 197
121 156
122 119
123 103
124 91
125 70
126 78
127 60
128 59
129 73
130 70
131 61
132 75
133 57
134 45
135 41
136 42
137 58
138 82
139 88
140 95
141 121
142 133
143 167
144 181
145 173
146 258
147 269
148 276
149 293
150 311
151 343
152 381
153 402
154 504
155 506
156 569
157 622
158 656
159 717
160 742
161 795
162 834
163 852
164 824
165 845
166 846
167 827
168 811
169 923
170 911
171 818
172 779
173 787
174 717
175 673
176 621
177 643
178 557
179 483
180 492
181 467
182 414
183 417
184 371
185 360
186 338
187 285
188 250
189 196
190 190
191 175
192 129
193 120
194 81
195 88
196 71
197 54
198 52
199 39
200 46
201 28
202 20
203 22
204 25
205 17
206 10
207 14
208 18
209 16
210 16
211 10
212 8
213 11
214 14
215 4
216 14
217 11
218 15
219 24
220 37
221 31
222 25
223 31
224 26
225 19
226 32
227 41
228 33
229 46
230 41
231 57
232 46
233 58
234 63
235 70
236 57
237 62
238 63
239 68
240 66
241 72
242 77
243 86
244 96
245 71
246 103
247 87
248 98
249 82
250 90
251 99
252 94
253 116
254 118
255 94
256 119
257 90
258 102
259 106
260 101
261 110
262 107
263 111
264 88
265 118
266 94
267 131
268 97
269 100
270 91
271 86
272 73
273 59
274 40
275 56
276 39
277 43
278 36
279 39
280 41
281 45
282 36
283 35
284 34
285 33
286 29
287 28
288 33
289 33
290 30
291 26
292 36
293 40
294 30
295 34
296 32
297 44
298 56
299 45
300 46
301 50
302 55
303 50
304 41
305 48
306 56
307 62
308 63
309 62
310 56
311 65
312 81
313 95
314 91
315 92
316 82
317 89
318 94
319 112
320 112
321 144
322 152
323 141
324 149
325 174
326 149
327 171
328 144
329 135
330 142
331 134
332 125
333 152
334 146
335 147
336 160
337 154
338 149
339 153
340 130
341 144
342 136
343 151
344 115
345 133
346 106
347 119
348 102
349 140
350 83
351 90
352 101
353 103
354 89
355 78
356 81
357 76
358 79
359 48
360 63
361 53
362 56
363 54
364 45
365 55
366 51
367 44
368 53
369 62
370 49
371 37
372 48
373 39
374 36
375 34
376 29
377 22
378 25
379 14
380 23
381 15
382 12
383 17
384 14
385 13
386 15
387 12
388 21
389 11
390 8
391 11
392 15
393 10
394 14
395 7
396 8
397 9
398 11
399 8
400 6
401 8
402 4
403 2
404 10
405 3
406 8
407 7
408 3
409 8
410 4
411 8
412 4
413 6
414 6
415 5
416 4
417 5
418 6
419 3
420 6
421 6
422 4
423 7
424 5
425 4
426 2
427 3
428 2
430 2
431 2
432 2
433 2
434 3
435 4
436 3
437 2
438 1
439 2
441 2
442 4
446 1
447 1
448 4
450 1
451 1
452 3
456 1
457 2
460 1
461 2
471 1
472 1
478 1
481 1
483 1
491 1
492 1
496 1
500 1
506 2
509 1
512 3
516 1
517 1
535 2
536 1
545 1
546 1
548 1
549 1
550 1
551 1
553 1
556 1
565 2
566 1
568 1
594 1
604 1
616 1
636 1
639 1
640 1
642 1
644 1
646 1
648 2
658 1
679 1
680 1
682 1
688 1
691 1
709 2
726 1
729 1
744 1
749 1
754 1
764 1
770 1
793 1
801 1
898 1
933 1
1461 1
1499 1
1500 1
1502 1
1505 1
1711 1
1714 1
1719 1
1720 1
1866 1
1874 1
1950 1
