1 2353386
2 3280958
3 3347075
4 2987494
5 2649682
6 2451697
7 2310885
8 2098597
9 1793059
10 1416762
11 1056445
12 732619
13 482777
14 300142
15 177922
16 102181
17 57581
18 32937
19 19768
20 12646
21 8644
22 6752
23 5299
24 4528
25 3819
26 3416
27 2937
28 2643
29 2452
30 2119
31 2112
32 1986
33 2040
34 1848
35 1673
36 1499
37 1358
38 1263
39 1099
40 1013
41 938
42 778
43 803
44 699
45 573
46 558
47 493
48 452
49 397
50 423
51 331
52 321
53 331
54 299
55 272
56 264
57 266
58 225
59 248
60 220
61 216
62 190
63 194
64 219
65 187
66 173
67 165
68 164
69 176
70 156
71 134
72 111
73 114
74 122
75 124
76 117
77 115
78 99
79 86
80 101
81 71
82 82
83 81
84 74
85 87
86 107
87 105
88 86
89 72
90 67
91 46
92 43
93 46
94 41
95 29
96 20
97 19
98 24
99 23
100 22
101 33
102 23
103 23
104 20
105 23
106 17
107 8
108 17
109 15
110 16
111 12
112 12
113 12
114 9
115 8
116 8
117 5
118 6
119 8
120 4
121 10
122 10
123 7
124 9
125 6
126 11
127 11
128 3
129 3
130 4
131 5
132 6
133 6
134 10
135 6
136 6
137 6
138 7
139 6
140 11
141 4
142 6
143 4
144 8
145 11
146 3
147 9
148 5
149 8
150 7
151 5
152 1
153 3
154 3
155 6
156 3
158 2
159 2
160 1
163 1
164 1
165 4
166 3
167 2
168 1
169 3
170 1
171 4
172 1
173 1
174 2
176 5
177 1
178 3
179 2
180 3
181 1
182 2
183 2
185 1
186 2
187 1
189 4
191 2
192 1
193 1
196 1
197 1
198 3
199 5
200 6
201 1
202 2
203 3
204 3
205 2
207 3
208 5
209 1
210 5
211 3
212 4
213 4
214 5
215 8
216 5
217 3
218 2
219 3
220 5
221 2
222 4
223 1
224 7
225 2
226 3
227 1
229 2
230 2
231 2
232 2
233 3
234 2
235 2
236 1
237 2
238 3
239 2
240 3
241 4
242 4
243 4
244 2
245 4
246 1
247 1
248 3
249 2
250 6
251 2
252 3
253 2
254 1
256 1
258 1
260 1
261 1
263 1
264 5
265 1
266 2
267 2
268 4
269 2
270 1
271 1
273 1
275 1
276 3
277 1
278 2
279 2
280 2
281 1
282 1
283 2
284 1
289 1
291 2
292 2
293 4
295 1
296 1
300 2
302 1
303 3
304 3
306 1
308 2
310 3
311 3
312 1
313 4
314 2
317 1
318 1
320 1
322 3
325 1
326 1
344 1
345 1
349 2
350 1
354 1
355 2
357 2
358 1
362 1
364 1
373 2
374 2
376 2
377 1
378 2
380 2
381 2
389 1
396 1
409 1
414 1
415 1
717 1
721 1
722 1
723 2
725 1
726 1
729 1
730 1
733 1
