1 5132996
2 4134266
3 2919803
4 1944037
5 1208326
6 723294
7 453930
8 340081
9 307917
10 298409
11 281526
12 249731
13 208024
14 161957
15 117558
16 79137
17 51487
18 31503
19 18757
20 11119
21 6691
22 4010
23 2650
24 1827
25 1385
26 1065
27 860
28 653
29 432
30 369
31 337
32 266
33 274
34 328
35 478
36 843
37 1229
38 1793
39 2797
40 4258
41 6430
42 9228
43 13360
44 18514
45 25447
46 33827
47 43808
48 56361
49 70550
50 87920
51 106337
52 126450
53 148182
54 169760
55 189534
56 211429
57 229650
58 245049
59 258033
60 268006
61 273500
62 274595
63 272884
64 267635
65 258252
66 246603
67 232402
68 214404
69 197056
70 178798
71 159942
72 142544
73 125461
74 108049
75 93585
76 79122
77 65664
78 55008
79 44673
80 36019
81 28961
82 23502
83 18540
84 14113
85 11070
86 8601
87 6431
88 4883
89 3658
90 2654
91 1874
92 1465
93 1037
94 787
95 574
96 437
97 313
98 322
99 272
100 260
101 256
102 247
103 276
104 295
105 336
106 401
107 507
108 564
109 601
110 666
111 692
112 762
113 933
114 982
115 1095
116 1168
117 1165
118 1218
119 1290
120 1335
121 1397
122 1397
123 1377
124 1425
125 1304
126 1346
127 1314
128 1307
129 1168
130 1131
131 1094
132 960
133 1003
134 904
135 903
136 824
137 769
138 742
139 670
140 604
141 477
142 451
143 393
144 325
145 292
146 233
147 245
148 206
149 190
150 174
151 162
152 128
153 147
154 83
155 98
156 69
157 77
158 79
159 64
160 103
161 97
162 79
163 109
164 113
165 98
166 128
167 129
168 185
169 188
170 171
171 201
172 237
173 236
174 248
175 346
176 314
177 380
178 376
179 401
180 390
181 421
182 478
183 511
184 468
185 502
186 468
187 480
188 476
189 455
190 483
191 428
192 421
193 436
194 379
195 371
196 360
197 327
198 301
199 305
200 345
201 274
202 304
203 278
204 258
205 249
206 197
207 201
208 227
209 194
210 182
211 199
212 223
213 186
214 185
215 173
216 192
217 205
218 167
219 183
220 152
221 154
222 172
223 144
224 155
225 160
226 148
227 143
228 137
229 148
230 106
231 127
232 147
233 127
234 131
235 138
236 130
237 136
238 161
239 151
240 154
241 171
242 159
243 134
244 166
245 142
246 135
247 141
248 153
249 132
250 136
251 138
252 101
253 120
254 112
255 98
256 91
257 96
258 95
259 91
260 84
261 104
262 88
263 104
264 83
265 87
266 77
267 62
268 71
269 56
270 57
271 67
272 66
273 65
274 69
275 62
276 56
277 66
278 63
279 49
280 56
281 48
282 56
283 46
284 35
285 39
286 35
287 39
288 47
289 60
290 58
291 64
292 78
293 63
294 73
295 84
296 69
297 69
298 100
299 104
300 94
301 95
302 126
303 104
304 106
305 120
306 114
307 120
308 141
309 102
310 108
311 117
312 94
313 121
314 118
315 99
316 106
317 105
318 75
319 98
320 77
321 86
322 88
323 88
324 90
325 65
326 69
327 64
328 69
329 64
330 59
331 51
332 56
333 53
334 46
335 38
336 47
337 31
338 32
339 34
340 28
341 19
342 19
343 23
344 14
345 21
346 18
347 19
348 24
349 16
350 22
351 22
352 15
353 16
354 18
355 15
356 22
357 15
358 14
359 23
360 16
361 13
362 17
363 16
364 11
365 11
366 12
367 14
368 6
369 4
370 7
371 3
372 10
373 6
374 10
375 10
376 11
377 11
378 10
379 14
380 4
381 9
382 11
383 3
384 13
385 8
386 10
387 14
388 11
389 9
390 9
391 10
392 16
393 9
394 10
395 9
396 16
397 18
398 15
399 12
400 11
401 16
402 14
403 17
404 13
405 20
406 12
407 7
408 8
409 11
410 15
411 10
412 13
413 16
414 10
415 12
416 11
417 12
418 12
419 6
420 9
421 10
422 7
423 5
424 8
425 6
426 4
427 5
428 10
429 4
430 11
431 8
432 6
433 5
434 7
435 4
436 6
437 5
438 3
439 1
440 4
441 3
442 6
443 6
444 2
445 5
446 3
447 1
448 5
449 1
450 5
451 3
452 3
453 6
454 6
455 3
456 3
457 4
458 6
459 4
460 5
461 4
462 2
463 3
464 1
465 5
466 9
467 2
468 7
469 7
470 5
471 4
472 3
473 1
475 3
476 7
477 5
478 2
479 4
480 4
481 5
482 3
483 2
484 2
485 1
486 3
487 6
488 3
489 3
490 2
491 8
492 4
493 2
494 4
495 6
496 2
497 2
498 9
499 1
500 9
501 4
502 2
503 3
504 6
505 7
506 3
507 4
509 4
510 1
512 2
513 5
514 4
515 3
516 6
517 8
518 5
519 6
520 3
521 3
522 4
523 4
524 4
525 3
526 3
527 1
528 4
529 1
530 5
531 4
532 4
533 3
534 8
535 4
536 1
537 4
538 2
539 4
540 5
541 5
542 3
543 5
544 1
547 3
548 1
549 2
550 2
551 2
552 1
553 1
555 1
556 2
557 3
558 2
559 5
560 5
561 8
562 7
563 1
564 4
565 2
566 4
567 8
568 2
569 7
570 5
571 5
572 2
573 3
574 3
575 3
576 3
577 1
578 2
579 2
580 2
581 2
582 1
584 1
585 1
586 1
587 2
588 1
589 1
590 3
591 4
592 3
593 3
594 2
595 3
596 2
597 1
598 1
599 3
600 4
601 1
602 1
603 5
604 3
605 2
606 1
607 1
608 4
609 4
610 5
611 4
612 3
613 4
614 4
615 8
616 6
617 5
618 10
619 3
620 7
621 1
622 1
623 1
625 4
626 2
627 2
628 1
629 3
630 1
631 6
632 5
633 2
634 3
635 2
636 2
638 3
639 2
640 2
641 3
642 3
644 3
645 1
647 1
648 2
649 2
650 2
651 2
652 1
653 1
654 2
656 2
657 1
658 3
659 5
660 5
661 1
662 4
663 3
664 2
666 2
667 4
668 4
669 2
670 3
671 2
672 1
674 1
675 1
676 3
677 3
678 6
679 1
680 1
681 1
682 1
683 4
684 5
685 4
686 2
687 2
688 2
689 4
690 1
691 2
692 2
693 2
695 1
696 2
698 1
699 1
701 1
703 2
704 1
705 3
706 3
707 3
708 1
709 1
710 1
711 3
712 2
713 1
714 2
715 2
716 1
717 3
718 1
719 1
722 2
723 1
724 2
725 2
726 2
728 1
730 1
731 1
732 2
736 1
738 1
741 1
744 3
746 2
747 4
748 1
749 1
751 1
752 1
754 2
755 1
761 1
763 1
764 1
765 1
766 3
768 1
770 2
771 1
772 2
773 3
774 1
775 3
776 1
779 3
780 6
781 3
784 2
785 2
786 1
787 1
789 3
790 1
791 3
792 1
794 1
795 1
796 1
797 2
798 2
799 3
800 3
801 2
802 1
803 1
804 1
805 1
806 2
808 1
809 2
811 1
812 1
813 1
814 1
815 3
816 1
818 5
819 4
820 2
821 2
823 2
824 2
825 4
826 3
827 2
828 1
829 2
830 3
831 3
832 8
834 3
835 1
836 2
837 1
838 2
839 1
841 1
842 2
845 1
846 1
847 3
849 3
850 1
851 1
852 1
853 1
855 1
857 3
858 4
859 3
860 4
861 1
862 1
863 5
865 2
866 3
867 1
868 1
872 2
875 2
877 4
878 3
879 2
880 1
881 2
882 1
883 1
887 1
888 1
889 2
890 1
892 3
898 1
903 2
905 1
907 1
908 2
909 1
910 2
911 1
912 1
913 2
916 1
919 1
922 1
923 1
924 2
925 1
926 2
927 1
930 1
932 1
936 2
937 2
938 1
939 4
940 1
942 2
945 2
946 2
947 1
948 1
949 1
950 1
952 1
954 1
957 1
958 3
959 1
960 1
961 2
962 1
965 1
967 2
968 1
969 1
971 2
972 2
973 1
974 1
975 2
976 3
978 3
979 1
980 2
981 2
982 2
984 2
987 4
989 1
990 1
991 3
992 4
993 2
994 2
996 2
1000 2
1004 1
1013 1
1016 1
1021 1
1022 1
1023 3
1025 3
1030 1
1031 2
1032 1
1034 2
1036 2
1037 1
1040 1
1042 1
1043 1
1046 1
1071 1
1075 1
1080 1
1081 1
1083 2
1085 1
1091 1
1092 2
1095 1
1098 1
1100 1
1101 1
1102 1
1103 1
1105 1
1107 1
1108 1
1109 1
1110 1
1111 2
1114 1
1115 1
1116 2
1117 1
1120 1
1121 1
1123 1
1129 1
1153 1
1167 1
1172 1
1175 2
1179 1
1198 1
1199 1
1203 2
1204 1
1205 1
1206 2
1207 1
1208 1
1210 2
1212 1
1213 1
1215 1
1219 1
1229 1
1240 1
1243 1
1247 1
1261 1
1272 1
1275 1
1287 1
1292 1
1296 1
1300 1
1308 1
1314 1
1316 1
1324 1
1343 1
1348 1
1349 1
1352 1
1354 1
1376 1
1397 1
1409 1
1414 1
1419 1
1422 1
1423 1
1427 1
1430 1
1437 1
1443 1
1445 1
1448 1
1449 1
1464 1
1469 1
1471 1
1475 2
1478 2
1483 1
1485 1
1487 1
1492 1
1497 1
1501 1
1507 1
1510 1
1516 1
1520 2
1522 1
1523 1
1525 2
1527 1
1528 1
1529 2
1538 1
1541 1
1544 1
1570 2
1595 1
1605 1
1609 1
1612 1
1614 2
1624 1
1641 1
1644 1
1646 1
1650 1
1651 1
1665 1
1667 1
1674 1
1676 1
1677 1
1685 1
1686 1
1689 1
1693 1
1695 1
1703 1
1704 1
1707 1
1710 1
1714 1
1715 1
1717 2
1718 1
1722 2
1725 1
1726 1
1727 1
1729 1
1734 2
1735 1
1739 2
1745 1
1749 1
1752 2
1754 1
1766 1
1767 1
1797 1
1799 1
1801 2
1802 1
1803 1
1807 2
1808 1
1810 1
1821 1
1823 2
1829 2
1830 1
1832 1
1834 1
1837 1
1851 2
1853 1
1854 1
1887 1
1891 1
1892 1
1895 1
1897 1
1900 1
1901 2
1902 1
1905 2
1906 1
1908 1
1910 1
1911 2
1912 1
1914 1
1915 1
1921 1
1932 1
1938 1
1940 1
1950 1
1952 1
1965 1
1966 1
1968 1
1971 1
1972 1
1980 1
1981 1
1993 1
1995 1
2005 1
2021 1
2022 1
2038 1
2042 1
2045 1
2059 1
2062 1
2076 1
2083 1
2088 2
2095 1
2103 2
2105 1
2106 1
2107 1
2108 1
2109 1
2111 1
2114 2
2115 1
2120 1
2123 1
2132 1
2138 1
2139 1
2141 1
2144 1
2145 2
2146 2
2151 1
2155 2
2163 1
2170 1
2195 1
2196 1
2202 1
2205 1
2210 1
2214 1
2216 1
2217 1
2221 1
2227 1
2228 1
2230 1
2234 1
2239 1
2242 1
2250 1
2256 1
2258 2
2259 1
2260 2
2267 1
2268 1
2273 1
2274 2
2275 1
2276 1
2278 1
2283 1
2289 1
2295 1
2302 1
2305 1
2314 1
2319 1
2328 1
2335 1
2344 1
2348 1
2356 1
2358 1
2360 1
2364 1
2367 1
2370 1
2383 1
2384 1
2385 1
2401 1
2402 1
2410 1
2416 1
2418 1
2420 1
2421 3
2425 2
2426 1
2437 1
2458 1
2481 1
2493 1
2494 1
2499 1
2502 3
2527 2
2536 1
2537 1
2541 1
2544 1
2556 1
2609 1
2610 1
2621 1
2665 1
2680 1
2735 1
2780 1
2783 1
2827 1
2828 1
2829 1
2830 1
2831 1
2832 1
2833 1
2835 2
2836 1
2837 1
2838 1
2848 1
2858 1
2884 1
2886 1
2894 1
2895 1
2903 1
2906 1
2945 2
2947 1
2950 1
2953 1
2957 1
2959 1
2962 1
2998 2
3005 1
3035 1
3052 1
3102 1
3104 1
3167 1
3236 1
3547 1
3560 2
3561 1
3569 1
3572 1
3687 1
3708 1
3716 1
3734 1
3750 1
3812 1
