1 2122133
2 2692455
3 2697634
4 2618954
5 2579545
6 2471924
7 2213288
8 1807868
9 1356498
10 933419
11 597673
12 354750
13 201177
14 110804
15 59055
16 31753
17 19037
18 12110
19 8127
20 6587
21 5499
22 4733
23 4052
24 3560
25 3135
26 2693
27 2276
28 2184
29 1940
30 1620
31 1330
32 1218
33 1136
34 1152
35 1169
36 1000
37 808
38 653
39 628
40 606
41 536
42 515
43 485
44 508
45 495
46 459
47 472
48 423
49 429
50 479
51 526
52 566
53 769
54 884
55 1145
56 1695
57 2328
58 3284
59 4701
60 6119
61 8521
62 11447
63 14951
64 19738
65 25584
66 31768
67 39708
68 49027
69 59735
70 70424
71 82873
72 95478
73 109765
74 123879
75 138826
76 152815
77 166422
78 177762
79 186323
80 194565
81 200291
82 205014
83 205936
84 204187
85 200438
86 195110
87 187071
88 177420
89 167608
90 156007
91 142328
92 129549
93 115625
94 102937
95 89521
96 78600
97 67953
98 57923
99 48463
100 40874
101 33593
102 27390
103 22386
104 17992
105 14089
106 11317
107 8697
108 6898
109 5289
110 3788
111 3072
112 2309
113 1774
114 1221
115 970
116 722
117 519
118 371
119 263
120 201
121 153
122 108
123 89
124 68
125 70
126 52
127 54
128 66
129 72
130 52
131 73
132 67
133 69
134 103
135 109
136 99
137 113
138 116
139 128
140 139
141 153
142 154
143 175
144 183
145 221
146 226
147 278
148 268
149 337
150 386
151 380
152 424
153 462
154 473
155 528
156 552
157 556
158 694
159 716
160 735
161 780
162 792
163 788
164 844
165 866
166 852
167 914
168 830
169 801
170 823
171 799
172 758
173 721
174 718
175 635
176 636
177 593
178 556
179 553
180 551
181 492
182 466
183 407
184 338
185 333
186 242
187 247
188 187
189 171
190 143
191 133
192 127
193 109
194 73
195 69
196 63
197 44
198 56
199 57
200 51
201 39
202 41
203 21
204 22
205 27
206 12
207 9
208 8
209 7
210 8
211 6
212 10
213 8
214 5
215 11
216 5
217 7
218 3
219 6
220 1
221 6
222 9
223 11
224 10
225 8
226 13
227 16
228 18
229 29
230 25
231 37
232 51
233 54
234 50
235 56
236 71
237 96
238 84
239 65
240 88
241 80
242 87
243 90
244 97
245 103
246 97
247 87
248 110
249 89
250 102
251 126
252 128
253 113
254 142
255 103
256 104
257 112
258 103
259 127
260 109
261 104
262 108
263 97
264 108
265 102
266 110
267 90
268 94
269 85
270 72
271 77
272 57
273 68
274 65
275 58
276 52
277 42
278 42
279 29
280 38
281 38
282 24
283 27
284 26
285 30
286 36
287 20
288 18
289 18
290 29
291 34
292 34
293 29
294 29
295 31
296 26
297 30
298 25
299 47
300 37
301 32
302 39
303 45
304 50
305 64
306 49
307 74
308 65
309 74
310 83
311 87
312 114
313 88
314 105
315 95
316 93
317 120
318 104
319 113
320 116
321 114
322 144
323 131
324 135
325 126
326 134
327 133
328 153
329 166
330 176
331 173
332 157
333 179
334 183
335 157
336 154
337 126
338 142
339 131
340 146
341 121
342 128
343 126
344 125
345 122
346 116
347 121
348 90
349 118
350 97
351 108
352 111
353 105
354 101
355 105
356 102
357 103
358 96
359 93
360 70
361 79
362 61
363 64
364 46
365 53
366 49
367 61
368 48
369 32
370 48
371 33
372 30
373 26
374 26
375 25
376 19
377 30
378 14
379 18
380 24
381 22
382 30
383 25
384 29
385 23
386 10
387 19
388 16
389 11
390 14
391 13
392 9
393 12
394 7
395 6
396 4
397 12
398 9
399 6
400 12
401 7
402 5
403 4
404 5
405 11
406 10
407 8
408 9
409 4
410 5
411 5
412 2
413 1
414 3
415 2
416 2
417 2
418 3
419 2
420 1
421 2
424 1
426 1
433 2
434 1
435 1
438 3
442 1
450 1
453 2
454 1
455 1
456 1
457 1
462 2
467 1
479 1
481 1
483 1
485 1
487 1
488 1
490 1
491 2
493 1
494 1
495 1
498 1
499 1
500 1
501 4
502 3
503 1
505 2
507 1
510 1
511 1
512 1
531 1
540 1
544 1
545 1
546 1
578 1
585 1
594 1
625 1
640 1
653 1
658 1
659 2
665 1
671 1
674 2
684 1
690 1
692 1
696 2
699 1
721 1
726 1
733 1
737 1
743 1
750 2
751 1
754 1
827 1
957 1
977 1
1490 1
1655 1
1657 1
1658 1
1666 1
1743 2
1744 1
1766 1
1927 1
1935 1
1999 1
