1 6259842
2 2426796
3 1018575
4 493887
5 252678
6 126697
7 69702
8 60051
9 84627
10 133184
11 201900
12 284049
13 367498
14 447875
15 509715
16 548606
17 548627
18 519161
19 470837
20 405707
21 331413
22 261576
23 197096
24 143295
25 100051
26 66993
27 43839
28 28053
29 17925
30 11835
31 7958
32 5765
33 4550
34 3779
35 3203
36 2676
37 2423
38 2116
39 1881
40 1553
41 1493
42 1299
43 1265
44 1291
45 1086
46 1049
47 1080
48 1045
49 1052
50 1079
51 997
52 1060
53 985
54 980
55 953
56 902
57 824
58 795
59 727
60 657
61 613
62 595
63 517
64 548
65 530
66 493
67 496
68 404
69 399
70 404
71 388
72 343
73 296
74 278
75 276
76 319
77 316
78 327
79 330
80 292
81 293
82 259
83 253
84 285
85 267
86 278
87 254
88 243
89 200
90 228
91 226
92 222
93 170
94 151
95 120
96 126
97 118
98 122
99 104
100 115
101 92
102 81
103 54
104 43
105 39
106 39
107 51
108 41
109 41
110 32
111 37
112 46
113 45
114 28
115 18
116 28
117 17
118 23
119 22
120 33
121 31
122 24
123 23
124 18
125 15
126 17
127 17
128 18
129 14
130 15
131 15
132 18
133 11
134 13
135 10
136 15
137 13
138 13
139 5
140 13
141 15
142 7
143 7
144 8
145 10
146 15
147 17
148 12
149 14
150 5
151 9
152 14
153 7
154 10
155 8
156 8
157 12
158 5
159 9
160 9
161 11
162 13
163 13
164 14
165 9
166 8
167 10
168 18
169 14
170 13
171 11
172 13
173 6
174 6
175 6
176 4
177 6
178 3
179 4
180 4
181 4
182 2
183 7
184 5
185 6
186 9
187 1
188 8
189 8
190 11
191 7
192 8
193 8
194 7
195 3
196 9
197 5
198 4
199 5
200 5
201 7
202 8
203 5
204 9
205 5
206 5
207 6
208 6
209 3
210 7
211 1
212 4
213 5
214 4
215 6
216 2
217 8
218 4
219 5
220 4
222 4
223 3
224 5
225 4
226 2
227 3
228 5
229 7
230 7
231 4
232 5
233 4
234 4
235 7
236 5
237 9
238 7
239 2
240 5
241 6
242 6
243 3
244 2
245 6
246 5
247 1
248 3
249 3
250 2
251 8
252 5
253 2
254 3
255 2
256 5
257 6
258 3
259 4
260 4
261 12
262 8
263 6
264 4
265 2
266 1
267 2
268 1
269 1
270 2
271 2
274 2
275 5
276 3
279 2
280 2
282 1
283 2
284 2
285 3
286 2
287 2
288 1
289 2
293 1
295 1
297 1
299 1
301 2
302 2
303 3
304 2
305 3
307 5
308 1
309 1
310 1
311 4
312 1
314 1
317 1
329 1
331 2
336 1
338 1
339 1
341 1
342 1
345 1
348 1
349 2
350 2
354 1
358 1
360 1
361 1
362 1
367 1
368 1
369 1
370 3
371 1
372 2
373 1
376 1
378 1
382 1
383 2
384 1
386 3
387 2
388 3
389 1
390 3
391 1
392 1
393 2
395 1
396 2
399 1
400 2
402 2
403 1
405 1
406 3
408 3
409 1
411 1
415 1
422 1
427 1
429 1
434 1
435 1
440 1
441 1
442 1
447 1
451 1
455 1
456 2
457 6
458 4
459 3
460 2
469 1
470 1
472 2
473 1
474 1
475 2
476 5
477 2
478 3
479 2
481 2
482 1
484 1
485 1
489 1
491 1
492 1
493 3
494 1
495 2
497 2
499 1
500 1
501 1
503 2
505 1
506 1
507 1
510 2
511 1
512 2
513 1
514 2
516 1
519 1
520 1
521 1
524 1
525 2
526 1
527 2
528 1
529 1
530 3
531 2
532 2
534 1
535 3
536 1
537 3
538 4
539 2
540 1
541 1
543 2
544 3
545 2
546 3
548 1
549 1
550 2
551 1
552 2
553 1
554 1
555 3
556 1
558 1
560 2
562 1
563 2
567 1
569 1
570 2
571 1
574 2
575 1
577 1
579 2
581 1
582 1
583 1
585 1
586 1
588 2
592 1
594 1
598 2
600 1
605 2
606 3
609 2
611 3
613 1
614 1
615 2
617 2
618 1
619 1
620 1
622 1
627 1
628 1
629 2
632 2
633 1
635 2
639 1
642 1
645 2
646 1
652 1
654 1
655 1
656 1
658 3
663 1
665 1
666 2
669 1
678 1
708 1
711 1
713 1
715 1
717 2
722 1
723 1
725 1
730 1
732 1
737 1
740 3
742 1
743 2
744 1
746 1
748 2
753 1
759 1
762 3
763 1
764 1
765 1
766 1
771 1
777 1
778 1
781 1
782 3
783 1
788 1
789 1
790 1
791 2
794 1
795 1
800 1
801 1
802 1
810 1
814 1
986 1
993 2
1015 2
1022 1
1023 1
1026 1
1055 1
1066 1
1067 1
1074 1
