1 559326
2 1263968
3 1954342
4 2299893
5 2243005
6 1940126
7 1632100
8 1426114
9 1359912
10 1392197
11 1457568
12 1514546
13 1514546
14 1454031
15 1332131
16 1172108
17 983927
18 793011
19 614329
20 463821
21 334275
22 235566
23 159951
24 107102
25 70182
26 45268
27 30088
28 20748
29 14915
30 10194
31 8324
32 7202
33 5983
34 5324
35 4662
36 3927
37 3356
38 2813
39 2652
40 2479
41 2214
42 1996
43 1891
44 1903
45 1735
46 1722
47 1584
48 1570
49 1420
50 1355
51 1294
52 1314
53 1272
54 1283
55 1156
56 1209
57 1236
58 1173
59 1055
60 1020
61 977
62 1021
63 1043
64 902
65 873
66 820
67 758
68 699
69 676
70 563
71 475
72 438
73 400
74 422
75 355
76 311
77 255
78 288
79 271
80 314
81 271
82 236
83 238
84 231
85 204
86 211
87 207
88 192
89 149
90 167
91 152
92 130
93 149
94 198
95 178
96 161
97 159
98 125
99 133
100 120
101 88
102 89
103 81
104 100
105 86
106 89
107 104
108 138
109 101
110 118
111 125
112 123
113 94
114 121
115 115
116 122
117 105
118 85
119 90
120 91
121 63
122 70
123 73
124 91
125 105
126 116
127 90
128 87
129 104
130 99
131 112
132 88
133 74
134 80
135 73
136 76
137 65
138 63
139 59
140 54
141 59
142 49
143 65
144 74
145 53
146 48
147 62
148 39
149 55
150 32
151 42
152 33
153 41
154 30
155 27
156 21
157 19
158 23
159 27
160 27
161 22
162 17
163 10
164 16
165 9
166 14
167 13
168 13
169 6
170 13
171 12
172 7
173 8
174 7
175 6
176 6
177 2
178 6
179 6
180 6
181 8
182 4
183 13
184 7
185 10
186 12
187 12
188 6
189 3
190 3
191 6
192 6
193 3
194 5
195 9
196 4
197 8
198 7
199 9
200 8
201 9
202 7
203 9
204 7
205 7
206 8
207 9
208 5
209 6
210 6
211 7
212 3
213 3
214 1
215 4
216 1
217 4
218 2
219 3
221 4
223 3
224 4
225 4
226 3
227 4
228 1
229 1
230 1
231 1
232 2
233 1
234 2
235 3
236 4
237 3
238 9
239 10
240 8
241 9
242 9
243 7
244 7
245 7
246 4
247 5
248 7
249 3
250 1
251 4
252 3
253 3
256 1
257 5
258 6
259 8
260 11
261 6
262 3
263 5
264 3
265 3
266 1
267 1
268 3
269 2
270 2
271 3
272 1
274 1
275 1
276 3
277 2
278 5
280 3
281 1
282 1
283 1
284 3
285 3
286 1
287 1
288 2
290 1
291 2
292 2
294 2
295 4
296 2
297 2
298 1
300 2
301 1
302 1
303 1
305 1
306 1
310 2
311 1
312 1
313 1
316 1
320 1
321 2
324 1
327 4
329 1
330 2
331 3
334 1
335 4
336 1
337 2
338 1
339 4
340 2
341 3
342 1
343 3
344 4
346 2
347 2
348 2
349 1
350 2
351 1
352 2
353 1
354 3
355 3
356 3
357 2
360 1
361 1
362 4
363 2
364 3
365 3
366 4
367 3
368 1
369 1
370 3
371 2
372 1
373 1
375 1
376 1
377 3
378 2
379 1
380 2
381 2
384 1
385 1
387 1
388 4
389 3
390 2
391 1
392 1
393 1
394 2
396 1
397 1
398 1
400 3
401 2
403 2
404 1
405 1
406 1
407 2
409 2
410 1
412 3
414 1
415 2
417 1
418 2
419 1
421 2
422 2
423 1
424 2
425 2
426 2
429 2
430 4
431 2
432 5
434 3
435 5
436 2
437 1
438 1
439 1
443 2
445 1
446 1
448 1
449 1
450 1
451 1
454 1
457 2
459 2
461 2
463 3
465 1
466 2
467 2
469 2
473 1
474 1
475 1
476 1
477 1
479 1
480 1
484 2
485 2
486 2
490 1
494 1
495 3
499 1
500 2
502 1
504 1
508 1
517 1
521 1
522 1
525 2
527 1
529 1
538 1
539 2
540 1
541 1
542 2
546 1
550 1
553 1
554 2
557 1
558 1
560 3
563 1
564 1
566 2
567 2
569 1
570 1
575 1
576 2
579 3
585 1
587 1
591 1
593 2
595 1
630 1
633 1
637 1
638 1
639 1
640 1
641 2
642 1
643 2
646 2
650 1
652 1
653 2
654 1
675 1
679 1
684 1
686 2
687 1
688 2
691 1
693 1
695 1
1312 1
1325 2
1329 1
1330 1
1332 1
1335 1
1336 1
1337 2
