1 6125977
2 5169118
3 3650359
4 2199133
5 1122028
6 504797
7 202890
8 77505
9 30000
10 13394
11 7147
12 5105
13 3714
14 3204
15 3770
16 4915
17 7144
18 11376
19 19200
20 30816
21 46119
22 66854
23 92528
24 123444
25 159494
26 197800
27 235005
28 270856
29 299492
30 320755
31 330413
32 330667
33 320424
34 304484
35 277917
36 248897
37 217439
38 182936
39 151085
40 121220
41 94454
42 72640
43 55148
44 40230
45 27939
46 20107
47 13581
48 9351
49 6299
50 4391
51 2917
52 1986
53 1483
54 1191
55 1053
56 1061
57 1024
58 1187
59 1231
60 1279
61 1225
62 1226
63 1290
64 1268
65 1308
66 1218
67 1217
68 1194
69 1047
70 1058
71 1075
72 969
73 752
74 600
75 523
76 498
77 406
78 372
79 299
80 252
81 247
82 185
83 171
84 182
85 194
86 201
87 157
88 197
89 172
90 172
91 187
92 161
93 176
94 151
95 152
96 169
97 164
98 170
99 146
100 173
101 156
102 172
103 147
104 145
105 167
106 138
107 150
108 177
109 148
110 169
111 141
112 159
113 134
114 141
115 176
116 180
117 194
118 213
119 245
120 252
121 262
122 291
123 261
124 249
125 260
126 275
127 271
128 246
129 250
130 239
131 222
132 244
133 234
134 216
135 202
136 220
137 252
138 231
139 212
140 195
141 180
142 164
143 138
144 134
145 88
146 106
147 78
148 89
149 87
150 69
151 64
152 44
153 52
154 42
155 43
156 40
157 36
158 31
159 27
160 25
161 21
162 11
163 11
164 15
165 12
166 10
167 6
168 4
169 1
170 2
171 2
172 2
173 1
174 1
175 1
176 1
179 1
180 4
181 1
183 4
186 1
187 1
188 3
189 1
190 3
192 1
193 3
194 2
195 3
196 1
198 2
203 2
205 1
206 1
210 1
218 1
222 1
223 1
226 1
227 1
230 1
243 2
246 1
247 1
248 1
249 1
250 1
254 2
258 2
261 1
262 1
263 1
268 1
269 1
275 1
277 2
278 1
281 1
284 1
289 1
291 1
292 1
320 1
351 1
396 1
495 2
497 1
499 1
588 1
673 1
674 1
677 2
736 1
741 1
774 1
