1 2379
2 12562
3 43519
4 116725
5 256448
6 465350
7 722125
8 990170
9 1207509
10 1345205
11 1369489
12 1290384
13 1136683
14 954091
15 771047
16 611812
17 496519
18 422320
19 383041
20 369248
21 379097
22 401262
23 437941
24 485766
25 540051
26 590572
27 644374
28 695123
29 735185
30 771422
31 796158
32 807346
33 805746
34 790772
35 768653
36 735694
37 688347
38 638535
39 582259
40 523426
41 464311
42 403286
43 346424
44 292364
45 244905
46 201873
47 163527
48 131340
49 104049
50 81961
51 63421
52 48422
53 37433
54 29029
55 22202
56 16947
57 13393
58 10452
59 8689
60 7124
61 6145
62 5471
63 4810
64 4520
65 4168
66 4018
67 3816
68 3680
69 3508
70 3444
71 3159
72 3168
73 3034
74 3010
75 2902
76 2868
77 2778
78 2651
79 2546
80 2295
81 2206
82 2048
83 1965
84 1864
85 1825
86 1644
87 1523
88 1472
89 1371
90 1277
91 1079
92 1007
93 908
94 868
95 841
96 737
97 759
98 709
99 692
100 653
101 669
102 683
103 703
104 690
105 723
106 719
107 787
108 751
109 746
110 705
111 720
112 671
113 661
114 640
115 541
116 551
117 527
118 492
119 495
120 484
121 505
122 487
123 479
124 457
125 455
126 467
127 473
128 478
129 496
130 518
131 540
132 517
133 562
134 558
135 566
136 584
137 557
138 636
139 597
140 636
141 581
142 622
143 611
144 613
145 603
146 577
147 520
148 541
149 549
150 486
151 490
152 508
153 526
154 447
155 433
156 403
157 335
158 336
159 300
160 288
161 282
162 268
163 271
164 248
165 228
166 224
167 238
168 206
169 164
170 192
171 175
172 165
173 171
174 152
175 151
176 150
177 128
178 147
179 144
180 120
181 113
182 139
183 131
184 113
185 122
186 135
187 112
188 134
189 121
190 114
191 106
192 84
193 78
194 97
195 79
196 63
197 68
198 55
199 69
200 72
201 57
202 55
203 54
204 60
205 59
206 65
207 77
208 75
209 77
210 79
211 99
212 92
213 97
214 82
215 83
216 114
217 109
218 110
219 111
220 97
221 97
222 105
223 76
224 91
225 84
226 69
227 59
228 46
229 63
230 59
231 54
232 44
233 49
234 40
235 34
236 45
237 29
238 42
239 39
240 50
241 45
242 42
243 51
244 38
245 56
246 53
247 64
248 69
249 63
250 51
251 70
252 60
253 69
254 72
255 59
256 65
257 67
258 49
259 57
260 58
261 56
262 62
263 41
264 65
265 54
266 34
267 39
268 42
269 33
270 50
271 44
272 35
273 50
274 50
275 46
276 49
277 45
278 33
279 36
280 43
281 38
282 40
283 38
284 43
285 34
286 41
287 34
288 38
289 38
290 43
291 39
292 46
293 39
294 42
295 49
296 30
297 34
298 40
299 33
300 30
301 28
302 31
303 27
304 35
305 32
306 33
307 26
308 42
309 32
310 26
311 35
312 33
313 36
314 38
315 37
316 36
317 31
318 27
319 23
320 32
321 24
322 25
323 38
324 20
325 22
326 17
327 27
328 28
329 21
330 22
331 40
332 29
333 30
334 21
335 33
336 25
337 30
338 30
339 21
340 32
341 25
342 27
343 30
344 34
345 26
346 29
347 19
348 23
349 27
350 28
351 33
352 19
353 35
354 35
355 33
356 29
357 23
358 21
359 21
360 30
361 17
362 18
363 20
364 19
365 18
366 18
367 15
368 15
369 23
370 16
371 16
372 17
373 13
374 17
375 10
376 21
377 25
378 20
379 14
380 17
381 16
382 13
383 8
384 9
385 10
386 7
387 3
388 6
389 6
390 4
391 2
392 7
393 8
394 3
395 5
396 2
397 4
398 7
399 1
400 3
401 3
403 2
404 4
405 4
406 3
407 1
408 2
409 1
410 1
411 2
412 1
413 3
414 3
415 2
416 5
417 7
418 6
419 4
420 3
421 3
422 4
423 5
424 3
425 3
426 3
427 1
428 6
429 3
430 3
431 5
432 4
433 8
434 8
435 2
436 2
437 7
438 3
439 4
440 2
441 2
442 4
443 4
444 3
445 2
446 2
447 2
448 4
449 4
450 1
451 5
453 3
454 1
456 3
457 2
458 2
459 2
460 4
461 1
462 2
463 3
464 5
465 2
467 5
468 5
469 1
470 7
471 7
472 6
473 1
474 6
475 8
476 8
477 8
478 2
480 1
481 2
482 1
484 4
485 1
487 1
488 1
489 1
491 1
493 2
494 4
496 1
497 5
498 3
500 3
501 1
502 4
503 3
505 1
506 2
507 2
508 1
509 1
510 1
511 1
513 2
516 1
517 1
519 1
520 1
521 1
522 1
524 1
526 1
527 2
528 1
529 2
531 2
532 2
533 1
535 1
540 1
542 1
546 2
547 1
551 1
552 1
557 1
558 2
559 4
560 3
561 5
562 4
563 4
564 12
565 3
566 1
567 3
568 1
569 1
571 1
572 2
574 2
575 2
577 1
581 1
585 1
586 3
587 1
589 2
591 1
592 1
593 2
595 1
596 1
597 1
598 1
599 4
600 1
601 2
602 4
603 4
604 3
605 2
606 3
607 2
610 2
612 1
614 1
615 1
616 4
617 3
618 5
619 5
620 4
621 5
622 1
623 1
624 4
625 3
626 2
627 2
628 3
629 2
630 1
631 3
632 1
633 1
635 2
638 1
640 2
641 1
643 3
644 3
645 1
646 3
649 2
650 1
651 4
652 1
654 1
655 1
656 3
660 1
661 1
662 2
664 2
669 1
670 1
671 1
672 1
675 3
676 1
677 2
678 1
680 2
681 2
685 1
686 1
687 1
688 1
689 1
692 2
693 1
694 2
696 1
697 1
698 1
700 1
702 2
704 1
706 1
712 1
718 1
723 1
725 2
726 1
727 1
729 1
730 2
733 2
738 1
741 1
744 2
745 2
746 2
747 3
751 2
753 1
755 1
759 1
760 1
762 1
763 1
768 1
770 1
772 1
773 1
774 2
776 1
777 1
779 2
780 2
781 3
782 2
784 1
785 3
786 2
787 2
797 1
804 1
806 1
812 1
813 1
814 1
815 1
816 1
818 2
819 1
820 1
823 1
824 1
825 1
828 1
829 1
831 1
834 1
837 2
840 1
842 2
847 1
849 1
854 2
855 1
856 4
857 1
858 3
859 1
860 2
861 2
862 2
863 1
865 2
867 1
869 2
875 1
876 1
883 1
884 1
886 1
888 3
893 1
895 1
896 3
898 1
899 2
901 2
905 1
907 1
909 1
911 1
915 1
916 1
917 1
927 2
928 1
929 1
930 1
936 1
937 1
938 2
939 1
940 2
941 2
943 1
945 2
946 1
951 1
963 2
964 2
969 1
970 1
971 2
977 2
981 2
986 1
988 1
991 2
992 1
994 2
996 1
1002 1
1004 1
1010 1
1011 1
1013 1
1014 1
1016 1
1017 1
1018 2
1020 2
1021 1
1022 3
1025 1
1026 1
1033 1
1038 1
1044 1
1045 2
1047 2
1053 3
1055 2
1057 1
1060 1
1061 1
1062 1
1064 1
1066 2
1069 1
1070 1
1072 1
1081 2
1082 1
1083 2
1084 1
1087 1
1097 1
1103 2
1106 1
1109 2
1111 1
1112 2
1113 1
1114 2
1121 1
1123 1
1125 1
1126 1
1127 1
1130 1
1131 1
1135 1
1136 1
1137 2
1139 2
1141 1
1146 1
1149 1
1154 1
1155 1
1156 1
1158 1
1187 1
1188 1
1191 1
1192 1
1198 1
1226 1
1236 1
1254 1
1268 1
1271 1
1277 1
1291 2
1292 1
1307 1
1323 1
1324 2
1326 1
1330 2
1332 1
1348 1
1349 2
1353 1
1354 1
1355 1
1356 1
1357 1
1358 1
1360 2
1368 1
1384 1
1385 1
1388 1
1391 1
1392 1
1394 1
1426 1
1430 1
1431 1
1439 1
1464 1
1472 1
1490 1
1501 1
1560 1
1572 1
1573 1
1574 1
1582 1
1601 1
1602 1
1606 1
1608 1
1611 2
1617 1
1628 1
1635 1
1636 1
1637 2
1638 1
1640 1
1641 1
1644 1
1647 1
1652 1
1659 1
1688 1
1694 1
1720 1
1734 1
1743 1
3097 1
3100 1
3105 1
3108 1
3113 1
3114 1
3116 1
3118 1
3119 1
3123 1
