1 5723152
2 4157103
3 2645274
4 1571958
5 914007
6 560541
7 413508
8 358994
9 324073
10 276852
11 220727
12 162877
13 111377
14 70835
15 42168
16 24514
17 13337
18 7177
19 4152
20 2525
21 1660
22 1196
23 820
24 616
25 563
26 567
27 876
28 1258
29 1883
30 3307
31 5289
32 8071
33 12212
34 17888
35 25192
36 34397
37 46370
38 62002
39 79137
40 100614
41 123112
42 147258
43 175267
44 201309
45 226681
46 250263
47 271395
48 287913
49 298733
50 304700
51 306672
52 302898
53 294108
54 277616
55 261181
56 241313
57 219347
58 195884
59 173966
60 151008
61 129270
62 109178
63 92255
64 75267
65 60815
66 49346
67 38643
68 30207
69 23320
70 17671
71 13302
72 10127
73 7523
74 5531
75 3943
76 3038
77 2320
78 1629
79 1050
80 771
81 718
82 709
83 620
84 583
85 630
86 636
87 633
88 778
89 771
90 931
91 986
92 1082
93 1133
94 1179
95 1274
96 1338
97 1410
98 1478
99 1457
100 1436
101 1482
102 1538
103 1504
104 1453
105 1426
106 1347
107 1319
108 1240
109 1128
110 978
111 958
112 941
113 833
114 826
115 714
116 613
117 504
118 457
119 391
120 358
121 296
122 211
123 205
124 156
125 146
126 152
127 137
128 126
129 135
130 131
131 186
132 169
133 174
134 214
135 195
136 244
137 257
138 295
139 303
140 316
141 324
142 346
143 382
144 392
145 407
146 421
147 441
148 494
149 468
150 478
151 503
152 499
153 478
154 436
155 510
156 511
157 494
158 436
159 497
160 487
161 478
162 444
163 441
164 428
165 381
166 374
167 368
168 329
169 315
170 311
171 287
172 259
173 232
174 216
175 249
176 188
177 188
178 161
179 160
180 152
181 165
182 144
183 170
184 153
185 148
186 150
187 159
188 183
189 146
190 136
191 166
192 174
193 177
194 176
195 202
196 195
197 188
198 186
199 201
200 177
201 189
202 198
203 197
204 153
205 145
206 160
207 145
208 142
209 167
210 135
211 135
212 142
213 107
214 118
215 96
216 101
217 102
218 97
219 90
220 88
221 60
222 80
223 85
224 100
225 81
226 101
227 113
228 83
229 69
230 111
231 91
232 100
233 105
234 97
235 74
236 80
237 84
238 111
239 117
240 105
241 114
242 110
243 120
244 121
245 120
246 139
247 127
248 139
249 129
250 107
251 140
252 98
253 105
254 118
255 96
256 97
257 108
258 97
259 104
260 126
261 105
262 94
263 101
264 70
265 78
266 72
267 69
268 53
269 59
270 57
271 53
272 50
273 48
274 48
275 57
276 31
277 28
278 28
279 28
280 25
281 24
282 26
283 28
284 32
285 21
286 31
287 27
288 27
289 27
290 15
291 23
292 23
293 32
294 14
295 20
296 20
297 22
298 17
299 20
300 11
301 21
302 15
303 16
304 18
305 13
306 11
307 15
308 10
309 17
310 17
311 13
312 14
313 10
314 16
315 15
316 16
317 12
318 16
319 9
320 9
321 6
322 13
323 15
324 8
325 10
326 7
327 14
328 8
329 14
330 13
331 8
332 14
333 5
334 5
335 9
336 10
337 7
338 11
339 6
340 11
341 10
342 11
343 14
344 8
345 8
346 9
347 16
348 12
349 14
350 9
351 14
352 10
353 11
354 18
355 11
356 13
357 11
358 5
359 4
360 12
361 11
362 7
363 10
364 7
365 7
366 7
367 4
368 10
369 3
370 3
371 7
372 3
374 1
375 3
376 2
377 2
378 3
379 6
380 7
381 4
382 1
383 5
384 3
385 2
386 7
387 4
388 3
389 4
390 2
391 7
392 4
393 3
394 2
395 4
396 9
397 6
398 3
399 5
400 6
401 5
402 3
403 3
404 7
405 4
406 5
407 4
408 7
409 7
410 9
411 9
412 13
413 12
414 8
415 6
416 11
417 7
418 7
419 5
420 8
421 3
422 1
423 2
424 7
425 3
426 2
427 6
428 5
429 6
430 2
431 5
432 4
433 4
434 3
435 6
436 4
437 2
438 4
440 1
441 3
442 1
443 3
444 3
445 3
446 3
447 2
448 3
450 2
451 4
452 1
453 1
454 2
455 2
456 4
457 2
458 3
459 1
460 5
461 3
462 2
463 3
464 3
465 4
466 5
467 3
468 4
469 3
470 7
471 10
472 7
473 6
474 6
475 4
476 6
477 2
478 4
479 2
480 1
481 2
482 8
483 5
484 6
485 2
486 5
487 1
488 4
489 4
490 3
491 1
492 1
493 4
494 3
495 5
496 3
497 3
498 1
500 4
501 3
502 3
504 8
505 5
506 3
507 2
508 2
509 5
510 3
511 3
512 2
513 5
514 2
515 3
516 3
517 6
518 4
519 6
520 5
521 3
522 3
523 2
524 4
525 2
526 5
527 3
528 1
529 1
530 1
531 1
532 4
533 3
534 2
535 4
536 5
537 5
538 4
539 3
540 6
541 1
542 1
543 2
544 3
545 1
546 2
547 5
548 1
549 1
550 2
551 3
552 2
553 2
555 1
556 3
557 1
558 2
560 3
561 1
562 3
563 1
564 6
565 1
566 4
567 1
568 1
569 5
570 2
571 2
572 2
573 1
577 3
580 1
581 2
582 1
583 3
584 4
585 1
586 2
587 2
588 1
589 1
591 1
592 2
596 1
597 1
598 1
599 1
600 2
601 2
602 1
603 1
604 1
605 1
606 2
607 2
609 4
611 3
612 3
613 1
614 1
615 2
616 2
617 2
618 4
619 4
621 4
622 3
623 1
624 1
626 3
628 1
629 4
630 1
631 1
632 1
633 2
635 1
637 1
638 2
639 1
640 1
642 2
643 2
644 2
645 3
646 1
647 2
648 3
649 2
650 2
654 2
655 2
656 4
657 2
658 3
659 2
660 3
662 3
664 1
666 1
667 4
669 2
671 1
673 2
674 2
679 1
680 2
681 1
682 2
684 1
685 2
687 2
688 2
689 1
690 1
691 3
692 1
693 2
694 1
695 1
696 4
698 4
699 2
700 2
701 3
702 3
703 2
704 6
705 1
706 6
707 6
708 1
709 3
710 1
711 3
712 3
713 1
714 1
715 2
716 1
717 1
719 2
720 3
726 2
728 5
731 2
732 2
733 2
734 1
735 1
736 1
737 1
738 1
742 2
744 1
745 1
746 1
747 2
748 1
749 1
751 1
753 1
755 1
756 2
761 1
763 1
764 2
767 2
768 1
771 2
772 2
773 1
774 1
776 2
777 4
778 3
779 1
780 2
781 1
782 3
783 1
784 3
786 1
787 2
789 1
790 2
791 3
792 1
793 2
794 2
795 3
796 2
797 1
798 1
799 1
802 1
803 2
805 1
807 1
809 1
812 1
813 1
814 1
817 2
820 1
825 3
827 1
828 2
829 1
830 3
831 1
832 2
835 1
836 3
838 1
839 2
840 1
841 1
842 1
843 1
854 1
858 2
859 1
861 2
864 1
868 1
869 2
876 2
878 1
879 1
880 1
884 3
887 1
889 3
892 1
893 5
894 1
895 1
908 1
911 1
918 1
919 2
922 1
933 1
935 1
936 2
941 1
942 3
943 1
945 2
946 3
948 1
952 1
953 2
955 1
956 1
957 1
958 1
961 1
968 1
982 1
983 1
984 1
991 1
995 1
1003 1
1039 1
1054 1
1062 1
1079 1
1080 1
1084 1
1086 2
1091 1
1100 1
1107 2
1129 2
1141 1
1146 1
1147 1
1149 1
1151 1
1153 1
1154 1
1155 2
1170 2
1174 1
1177 1
1185 1
1187 2
1193 1
1195 2
1198 1
1200 1
1201 1
1202 1
1204 1
1206 1
1207 2
1210 1
1211 1
1213 1
1219 1
1223 1
1224 1
1227 1
1232 1
1239 1
1247 1
1250 1
1251 1
1252 2
1253 1
1255 1
1258 1
1259 1
1262 1
1263 1
1264 1
1268 1
1279 1
1288 1
1298 1
1308 1
1314 1
1319 1
1323 1
1331 1
1355 1
1356 1
1361 2
1368 1
1378 1
1399 1
1401 1
1404 4
1411 1
1412 1
1413 2
1414 1
1416 1
1418 1
1423 1
1428 1
1429 2
1430 1
1432 2
1433 1
1436 1
1438 1
1439 1
1441 1
1445 1
1446 1
1447 1
1449 1
1450 3
1451 1
1452 1
1453 1
1455 1
1458 1
1459 1
1462 1
1463 1
1474 1
1479 2
1480 2
1481 1
1483 1
1485 1
1488 1
1490 1
1493 1
1496 1
1498 1
1503 1
1507 1
1512 1
1513 1
1523 2
1524 1
1527 1
1534 1
1535 1
1539 1
1548 1
1555 1
1557 1
1572 1
1577 1
1579 1
1583 1
1585 1
1587 1
1588 1
1590 3
1591 2
1593 1
1594 1
1614 1
1625 1
1628 2
1630 3
1633 1
1635 1
1638 2
1643 1
1648 1
1656 1
1680 1
1684 1
1694 2
1695 1
1696 1
1701 1
1705 3
1708 1
1713 1
1714 1
1716 1
1717 1
1718 1
1721 1
1725 1
1730 1
1731 1
1732 1
1734 1
1736 1
1741 2
1747 1
1751 2
1753 1
1754 2
1757 1
1759 1
1760 1
1769 1
1774 1
1780 2
1781 1
1782 1
1804 1
1817 2
1823 1
1826 1
1832 1
1833 1
1846 1
1849 1
1852 1
1858 1
1859 1
1860 1
1861 1
1862 2
1864 1
1866 3
1868 1
1872 1
1874 2
1877 1
1881 2
1891 1
1893 1
1898 1
1902 1
1908 1
1911 1
1913 1
1914 1
1915 1
1916 1
1918 1
1921 1
1926 1
1933 1
1944 2
1946 1
1947 1
1948 1
1954 1
1962 1
1971 1
1988 1
1991 1
1993 1
1997 1
2001 3
2009 1
2012 1
2014 1
2023 1
2024 1
2037 1
2043 1
2076 1
2079 1
2084 2
2085 1
2086 1
2090 2
2094 1
2127 1
2135 1
2141 1
2252 2
2261 1
2279 1
2281 1
2282 1
2283 1
2288 1
2291 1
2293 1
2294 1
2296 1
2298 1
2332 1
2341 1
2342 1
2346 1
2350 1
2356 1
2367 1
2368 1
2378 1
2387 1
2402 1
2404 1
2406 1
2423 2
2431 1
2441 1
2443 1
2447 2
2449 1
2454 1
2459 1
2465 1
2482 1
2494 1
2495 1
2516 1
2532 1
2880 1
2887 1
2903 1
2904 1
2910 1
2913 1
2963 1
2966 1
3007 1
3026 1
3043 1
3080 1
