1 38041
2 148184
3 375073
4 722198
5 1118145
6 1467720
7 1657079
8 1649255
9 1494529
10 1262656
11 1019457
12 823052
13 696064
14 638993
15 637878
16 678915
17 741902
18 823890
19 898915
20 963475
21 1012494
22 1039584
23 1038676
24 1013198
25 966389
26 901604
27 816721
28 725077
29 626591
30 531955
31 442034
32 357477
33 286826
34 223809
35 172946
36 131681
37 97187
38 71852
39 52572
40 38539
41 27235
42 20091
43 14827
44 11382
45 9144
46 7588
47 6785
48 6034
49 5614
50 5123
51 4759
52 4392
53 4250
54 3893
55 3592
56 3329
57 2935
58 2677
59 2514
60 2449
61 2294
62 2103
63 1935
64 1888
65 1758
66 1649
67 1541
68 1420
69 1263
70 1178
71 1146
72 1078
73 988
74 938
75 936
76 924
77 949
78 851
79 908
80 885
81 852
82 775
83 740
84 698
85 696
86 719
87 702
88 707
89 720
90 714
91 752
92 756
93 739
94 703
95 731
96 700
97 684
98 748
99 792
100 781
101 751
102 742
103 731
104 720
105 695
106 669
107 614
108 573
109 543
110 540
111 585
112 542
113 517
114 493
115 424
116 385
117 348
118 327
119 332
120 318
121 298
122 292
123 253
124 234
125 237
126 244
127 217
128 197
129 160
130 155
131 167
132 181
133 169
134 174
135 153
136 162
137 156
138 185
139 166
140 175
141 175
142 177
143 153
144 131
145 149
146 132
147 124
148 106
149 122
150 105
151 88
152 88
153 89
154 108
155 92
156 106
157 101
158 104
159 91
160 92
161 74
162 79
163 72
164 59
165 73
166 73
167 71
168 70
169 48
170 63
171 70
172 63
173 53
174 83
175 74
176 68
177 80
178 70
179 50
180 63
181 86
182 69
183 75
184 66
185 66
186 47
187 82
188 78
189 82
190 60
191 81
192 81
193 69
194 67
195 59
196 68
197 57
198 73
199 62
200 62
201 49
202 47
203 45
204 45
205 50
206 57
207 50
208 63
209 34
210 33
211 28
212 38
213 35
214 35
215 29
216 34
217 44
218 30
219 34
220 33
221 22
222 25
223 25
224 23
225 21
226 30
227 29
228 29
229 27
230 35
231 25
232 39
233 37
234 30
235 34
236 38
237 47
238 30
239 42
240 41
241 52
242 44
243 58
244 57
245 58
246 60
247 50
248 68
249 68
250 66
251 52
252 57
253 37
254 51
255 44
256 31
257 23
258 33
259 29
260 25
261 20
262 19
263 13
264 17
265 18
266 21
267 21
268 18
269 20
270 19
271 8
272 10
273 11
274 8
275 6
276 5
277 10
278 10
279 2
280 5
281 6
282 6
283 15
284 6
285 7
286 4
287 12
288 5
289 7
290 4
291 4
292 10
293 7
294 4
295 9
296 9
297 6
298 2
299 8
300 7
301 7
302 4
303 7
304 2
305 7
306 6
307 11
308 7
309 6
310 4
311 3
312 1
313 1
314 3
316 4
317 2
318 1
319 1
320 3
321 3
322 6
323 2
324 8
325 5
326 4
327 7
328 6
329 6
330 3
331 4
332 10
333 2
334 4
335 4
336 4
337 4
338 1
339 2
340 2
341 5
342 3
343 1
344 1
345 5
346 3
347 5
348 10
349 2
350 9
351 4
352 3
353 1
354 3
355 2
356 1
357 3
358 1
360 2
361 1
362 1
363 1
364 3
366 1
367 2
368 2
369 1
370 1
371 1
373 1
374 4
375 1
376 3
377 2
378 2
379 1
380 2
381 1
382 3
383 2
384 2
385 2
386 2
387 5
388 4
389 4
390 4
391 3
392 5
393 5
394 12
395 7
397 5
398 4
399 2
400 3
401 5
403 2
404 7
405 7
406 2
407 4
408 5
409 2
410 4
411 1
412 2
413 2
414 4
415 5
416 1
417 6
418 4
419 4
420 3
422 2
424 3
425 1
426 1
427 2
428 2
429 1
430 3
433 6
434 4
435 2
436 3
437 2
438 2
439 1
440 1
442 1
443 2
445 1
446 2
449 1
452 2
454 1
456 1
459 1
461 3
463 1
464 2
465 1
466 1
469 1
472 2
475 1
476 2
477 2
478 1
480 1
485 1
486 2
488 1
490 2
493 3
494 4
496 2
507 2
509 1
510 1
511 3
514 1
517 1
520 2
524 1
525 1
529 1
530 1
533 2
534 1
535 1
536 2
538 1
541 2
542 2
550 1
551 1
552 2
553 2
554 1
556 1
557 1
558 3
559 2
560 1
561 5
562 1
563 2
564 3
565 2
566 1
567 4
569 2
570 3
571 1
572 1
577 2
579 1
582 1
584 1
585 1
588 1
589 4
591 1
593 1
595 1
597 4
599 1
601 3
602 2
603 2
605 1
606 1
607 3
608 3
609 2
610 1
611 1
613 1
614 1
618 3
619 1
622 1
623 2
625 1
627 1
629 2
630 2
631 1
632 2
633 1
634 1
635 2
638 1
639 1
640 1
641 1
642 2
643 1
644 3
645 2
649 1
650 1
654 1
662 1
665 1
668 1
669 1
671 1
673 1
674 1
676 2
678 1
679 2
680 1
684 1
689 1
691 1
692 2
694 2
695 2
696 1
697 3
698 2
699 1
701 2
702 2
703 1
707 2
709 1
710 4
712 1
713 2
715 1
716 3
717 1
718 1
719 3
720 1
721 2
724 2
727 2
729 1
734 1
736 1
737 1
741 2
742 1
743 2
747 1
748 2
749 1
751 1
752 1
753 1
754 1
755 1
756 1
757 1
759 1
764 1
769 1
770 1
771 2
775 2
778 2
781 1
782 1
784 1
789 1
792 1
797 2
800 1
802 1
805 2
809 1
817 1
822 1
824 1
827 1
831 1
832 1
834 1
835 2
836 1
838 1
844 1
849 2
851 1
852 1
853 1
854 1
858 1
873 1
874 1
875 1
878 1
879 1
880 1
881 2
882 1
889 1
891 1
892 1
893 1
895 1
896 1
898 1
900 1
902 1
905 1
907 1
909 3
910 1
912 1
914 1
916 1
919 1
921 1
922 2
927 1
929 1
938 1
943 1
957 1
961 1
962 1
964 1
979 1
980 1
992 1
1045 1
1066 1
1107 1
1110 1
1114 1
1117 2
1120 2
1129 2
1130 1
1131 1
1132 3
1134 1
1136 2
1139 2
1140 2
1143 1
1147 2
1149 1
1173 1
1189 1
1202 1
1214 1
2154 2
2156 1
2157 2
2158 1
2162 2
2168 1
2180 1
