1 3869993
2 3717741
3 3011813
4 2365777
5 1824165
6 1323274
7 891092
8 560418
9 341908
10 229083
11 191342
12 192223
13 209738
14 229193
15 237975
16 232819
17 213562
18 186111
19 153886
20 122548
21 91790
22 65646
23 45852
24 30022
25 19054
26 12103
27 7680
28 4759
29 3377
30 2209
31 1737
32 1526
33 1234
34 1149
35 955
36 758
37 612
38 516
39 412
40 260
41 269
42 226
43 147
44 66
45 56
46 52
47 48
48 24
49 39
50 38
51 61
52 75
53 85
54 111
55 196
56 257
57 372
58 550
59 762
60 1155
61 1685
62 2371
63 3235
64 4650
65 6390
66 8264
67 10816
68 14382
69 18772
70 23966
71 29680
72 37038
73 45125
74 54774
75 65036
76 76561
77 88096
78 102175
79 117205
80 130717
81 143828
82 157822
83 170813
84 182916
85 193988
86 202850
87 211834
88 216929
89 221423
90 222838
91 221754
92 218188
93 214386
94 208796
95 201854
96 192539
97 182872
98 171574
99 160332
100 148349
101 135581
102 124745
103 111659
104 100738
105 89656
106 79262
107 69573
108 60899
109 52586
110 45733
111 39029
112 32846
113 27835
114 23314
115 19395
116 16311
117 13294
118 10915
119 8610
120 7089
121 5732
122 4628
123 3652
124 2846
125 2197
126 1674
127 1236
128 938
129 714
130 552
131 380
132 324
133 245
134 162
135 123
136 99
137 61
138 59
139 52
140 30
141 37
142 39
143 30
144 36
145 46
146 48
147 59
148 68
149 73
150 106
151 112
152 129
153 139
154 167
155 224
156 227
157 286
158 330
159 414
160 446
161 580
162 602
163 657
164 682
165 735
166 798
167 878
168 880
169 901
170 1001
171 1120
172 1079
173 1122
174 1159
175 1098
176 1172
177 1169
178 1152
179 1134
180 1135
181 1042
182 1134
183 994
184 1005
185 886
186 933
187 881
188 863
189 811
190 788
191 791
192 736
193 710
194 634
195 592
196 587
197 537
198 464
199 423
200 391
201 358
202 320
203 276
204 250
205 217
206 164
207 183
208 154
209 148
210 124
211 105
212 105
213 81
214 75
215 59
216 73
217 77
218 75
219 51
220 52
221 49
222 36
223 18
224 30
225 20
226 27
227 22
228 23
229 25
230 23
231 35
232 44
233 58
234 62
235 55
236 62
237 61
238 85
239 74
240 87
241 88
242 104
243 108
244 111
245 127
246 108
247 146
248 163
249 176
250 181
251 183
252 203
253 217
254 207
255 188
256 231
257 235
258 254
259 251
260 285
261 250
262 268
263 292
264 293
265 273
266 314
267 311
268 311
269 328
270 341
271 335
272 323
273 318
274 292
275 308
276 303
277 297
278 307
279 323
280 307
281 288
282 309
283 316
284 268
285 292
286 269
287 271
288 260
289 279
290 244
291 228
292 240
293 224
294 232
295 233
296 208
297 179
298 173
299 176
300 173
301 177
302 155
303 133
304 130
305 153
306 131
307 139
308 112
309 119
310 110
311 109
312 111
313 106
314 108
315 92
316 97
317 85
318 81
319 76
320 77
321 73
322 79
323 84
324 70
325 80
326 70
327 62
328 90
329 80
330 82
331 75
332 88
333 76
334 89
335 74
336 65
337 97
338 88
339 96
340 98
341 91
342 88
343 104
344 109
345 124
346 98
347 120
348 123
349 108
350 114
351 111
352 108
353 101
354 114
355 151
356 119
357 132
358 126
359 120
360 136
361 144
362 121
363 118
364 101
365 129
366 116
367 117
368 136
369 131
370 111
371 95
372 102
373 90
374 96
375 69
376 92
377 76
378 65
379 43
380 53
381 42
382 34
383 32
384 31
385 28
386 29
387 22
388 21
389 21
390 18
391 23
392 22
393 19
394 17
395 11
396 9
397 18
398 18
399 19
400 25
401 14
402 18
403 23
404 18
405 18
406 22
407 25
408 28
409 32
410 28
411 42
412 43
413 44
414 43
415 47
416 65
417 53
418 45
419 46
420 50
421 55
422 43
423 37
424 46
425 78
426 48
427 60
428 40
429 57
430 56
431 74
432 60
433 70
434 62
435 81
436 80
437 79
438 66
439 96
440 84
441 75
442 83
443 76
444 92
445 94
446 90
447 84
448 86
449 102
450 91
451 85
452 78
453 87
454 76
455 88
456 76
457 72
458 84
459 77
460 70
461 78
462 79
463 82
464 78
465 68
466 55
467 69
468 52
469 66
470 55
471 61
472 40
473 40
474 45
475 38
476 53
477 34
478 35
479 39
480 27
481 29
482 22
483 22
484 22
485 17
486 18
487 13
488 16
489 15
490 18
491 13
492 16
493 11
494 19
495 8
496 14
497 16
498 14
499 13
500 22
501 10
502 10
503 11
504 8
505 4
506 8
507 3
508 5
509 4
510 6
511 9
512 9
513 11
514 9
515 4
516 10
517 9
518 9
519 6
520 13
521 6
522 12
523 8
524 7
525 11
526 10
527 10
528 12
529 9
530 7
531 12
532 12
533 4
534 11
535 3
536 11
537 7
538 15
539 10
540 10
541 11
542 11
543 10
544 11
545 17
546 11
547 11
548 12
549 7
550 5
551 7
552 9
553 9
554 6
555 5
556 13
557 7
558 8
559 8
560 10
561 7
562 6
563 12
564 8
565 10
566 4
567 11
568 3
569 4
570 6
571 7
572 7
573 5
574 6
575 7
576 5
577 6
578 12
579 10
580 8
581 9
582 5
583 6
584 8
585 4
586 5
587 5
588 8
589 4
590 8
591 6
592 9
593 5
594 9
595 6
596 6
597 6
598 5
599 8
600 8
601 3
602 5
603 3
604 9
605 2
606 6
607 4
608 3
609 2
611 3
612 1
613 6
614 3
615 2
616 2
617 2
618 4
619 7
621 4
622 5
623 6
624 3
625 11
626 2
627 4
628 3
629 1
630 7
631 8
632 4
633 3
634 1
635 4
636 5
637 7
638 4
639 7
640 8
641 7
642 8
643 6
644 9
645 11
646 6
647 8
648 4
649 3
650 5
651 4
652 7
653 1
654 5
655 5
656 2
657 3
658 2
659 2
660 3
661 1
662 2
663 1
665 3
666 5
667 1
668 3
669 2
670 1
671 2
672 1
673 2
674 2
675 3
676 1
678 2
680 2
682 4
683 2
684 1
688 3
689 4
691 3
692 1
693 4
694 2
695 3
696 3
697 2
698 1
699 3
700 3
701 1
702 2
703 1
704 4
705 1
706 3
707 2
708 5
709 3
710 4
711 5
712 2
713 1
714 5
715 4
716 2
717 2
718 7
719 4
720 4
721 9
722 2
723 3
724 6
725 4
726 4
727 3
728 1
729 3
730 6
731 7
732 4
733 3
734 5
735 2
736 3
737 2
739 3
740 4
741 6
742 4
743 3
744 3
745 3
746 5
747 2
748 3
749 7
750 3
752 1
754 2
755 1
756 1
757 1
758 3
759 1
761 1
762 1
765 1
766 1
767 2
768 1
770 1
771 2
772 1
773 1
774 1
775 1
776 5
777 4
778 3
780 1
781 1
782 1
783 5
784 3
785 2
786 2
787 2
788 3
789 1
790 2
791 3
792 2
793 4
794 2
795 3
796 2
797 3
799 3
800 4
801 4
802 5
803 3
804 6
805 1
806 1
807 1
808 2
809 4
810 3
811 3
812 2
813 2
814 4
815 3
816 2
817 1
818 3
819 1
820 3
821 3
822 1
824 2
825 2
827 1
828 3
831 2
832 2
833 1
834 2
835 1
839 2
841 1
842 1
843 1
845 2
846 1
848 1
850 3
851 1
852 4
853 1
854 1
856 1
857 2
858 2
859 1
860 2
861 1
862 1
863 3
865 3
866 2
867 2
869 3
870 1
871 6
872 2
873 2
874 3
875 1
876 3
877 1
878 1
879 1
882 1
883 4
884 1
885 3
886 4
887 2
888 5
889 4
890 3
891 2
892 2
893 3
894 4
895 5
897 3
899 1
901 2
903 1
904 1
905 2
908 1
911 4
912 3
913 1
915 2
916 3
917 4
918 1
919 3
920 2
922 2
923 4
924 2
925 5
926 3
927 3
928 4
929 6
930 2
931 1
932 4
933 6
934 1
935 3
936 1
937 3
938 3
939 5
940 2
941 4
942 6
943 2
944 3
946 2
947 1
948 2
949 1
950 1
951 1
952 2
953 2
954 2
955 2
956 1
957 1
958 1
959 2
961 1
962 3
963 1
964 2
965 2
966 3
967 1
968 3
969 2
970 1
973 1
975 1
976 2
977 3
978 2
979 2
980 3
981 3
982 1
984 2
986 2
987 3
988 2
989 1
991 1
992 1
993 1
994 2
998 1
999 1
1003 1
1004 2
1006 1
1007 2
1008 2
1011 1
1012 1
1013 1
1014 1
1015 2
1017 2
1018 1
1019 1
1023 3
1024 2
1025 1
1026 1
1027 2
1028 2
1029 1
1030 2
1032 1
1034 1
1036 1
1037 2
1041 1
1042 1
1044 1
1045 1
1046 3
1047 1
1048 1
1049 1
1052 1
1053 1
1055 3
1057 2
1058 1
1064 1
1065 1
1072 1
1073 2
1077 1
1080 1
1081 1
1083 1
1084 1
1088 1
1091 1
1092 4
1093 2
1096 1
1098 1
1099 1
1102 2
1104 1
1105 1
1109 2
1110 1
1111 1
1112 1
1113 1
1114 1
1115 1
1119 1
1121 1
1122 2
1123 2
1124 1
1125 3
1126 1
1127 1
1128 2
1129 2
1130 1
1131 2
1132 2
1133 2
1135 1
1136 3
1137 4
1138 1
1139 3
1140 1
1141 1
1142 1
1143 1
1144 2
1145 1
1146 3
1147 1
1148 1
1150 1
1151 1
1153 1
1156 1
1158 1
1159 3
1160 1
1161 2
1166 1
1168 2
1169 1
1171 4
1176 1
1177 1
1179 2
1181 2
1182 1
1183 2
1186 1
1187 5
1188 1
1189 2
1191 1
1193 1
1194 1
1196 1
1197 2
1200 1
1202 4
1207 1
1208 2
1209 1
1211 2
1212 1
1216 1
1218 2
1219 4
1220 2
1223 1
1224 1
1225 3
1227 1
1228 1
1229 2
1230 1
1231 1
1232 2
1233 1
1234 3
1238 1
1241 1
1243 1
1246 1
1247 1
1249 2
1251 1
1252 2
1256 1
1260 1
1261 1
1262 1
1263 2
1265 2
1267 1
1269 5
1270 3
1271 2
1272 1
1274 2
1278 1
1281 1
1284 1
1291 1
1294 1
1295 2
1296 1
1298 2
1299 1
1300 2
1303 1
1305 1
1310 2
1311 1
1312 2
1313 2
1314 1
1315 1
1316 1
1317 1
1319 2
1320 1
1321 1
1324 1
1329 1
1332 1
1334 1
1336 1
1342 2
1344 1
1346 1
1353 1
1355 1
1363 1
1366 1
1377 1
1378 1
1389 2
1392 1
1395 1
1396 2
1397 1
1398 3
1400 1
1401 1
1402 2
1403 3
1404 4
1405 2
1406 1
1409 1
1410 2
1411 1
1413 2
1414 1
1415 1
1416 3
1417 3
1418 1
1419 1
1420 3
1421 2
1423 2
1424 2
1426 2
1427 2
1434 2
1436 1
1437 1
1441 1
1450 1
1453 1
1455 1
1458 2
1460 1
1463 1
1468 1
1469 2
1471 1
1473 1
1474 1
1477 1
1478 1
1479 1
1481 1
1483 3
1488 1
1489 1
1496 3
1497 1
1498 1
1499 1
1502 1
1505 1
1506 1
1509 1
1510 1
1511 1
1513 1
1514 1
1517 1
1519 1
1528 2
1534 1
1545 1
1548 1
1549 1
1552 1
1553 1
1558 1
1563 1
1566 1
1568 1
1571 1
1583 1
1584 1
1586 1
1587 1
1589 1
1593 1
1597 1
1602 1
1605 1
1608 1
1611 1
1612 2
1623 1
1625 1
1626 1
1629 1
1630 1
1632 1
1634 1
1635 2
1637 2
1639 1
1641 1
1642 1
1643 1
1648 1
1650 1
1651 1
1656 2
1658 1
1663 3
1665 1
1666 2
1668 1
1671 1
1674 1
1675 1
1676 2
1679 1
1692 1
1725 1
1727 1
1736 1
1739 1
1762 1
1793 2
1799 1
1822 1
1826 1
1838 1
1843 1
1868 1
1925 1
1945 2
1946 1
1956 1
1968 1
1985 1
1990 1
1994 1
1997 1
2002 1
2012 1
2016 1
2018 1
2028 1
2040 1
2045 1
2057 1
2066 1
2083 1
2091 1
2102 1
2106 1
2112 1
2116 1
2117 1
2128 1
2134 1
2142 1
2153 1
2160 1
2166 1
2174 1
2175 2
2177 1
2191 1
2192 1
2198 1
2199 2
2203 2
2207 1
2214 1
2217 1
2223 1
2257 1
2258 1
2259 1
2262 1
2272 1
2276 1
2279 2
2289 2
2308 1
2332 1
2344 1
2350 1
2360 1
2366 1
2369 2
2390 1
2434 1
2444 2
2449 1
2463 1
2468 1
2474 2
2480 1
2481 1
2503 1
2511 1
2519 1
2523 2
2528 1
2541 1
2542 1
2544 1
2545 1
2546 1
2551 1
2588 1
2591 1
2592 2
2593 1
2595 2
2598 1
2599 2
2600 2
2603 1
2606 1
2607 1
2608 1
2609 2
2613 1
2614 1
2616 1
2623 2
2627 1
2631 1
2634 1
2640 1
2641 1
2642 1
2643 1
2647 1
2649 1
2653 1
2673 1
2676 1
2677 1
2679 1
2681 1
2685 1
2689 1
2697 1
2704 1
2709 2
2713 1
2745 1
2765 2
2771 1
2772 1
2775 1
2787 1
2792 1
2799 1
2803 1
2805 1
2806 1
2808 1
2811 2
2815 1
2817 1
2843 1
2847 1
2858 1
2870 1
2873 2
2874 1
2877 1
2879 1
2916 1
2926 1
2943 1
2956 1
2964 1
2983 1
2987 2
2991 1
2995 1
2999 1
3005 1
3024 1
3028 1
3058 1
3061 1
3063 1
3068 2
3069 3
3071 1
3072 1
3074 1
3081 1
3086 3
3090 1
3092 1
3103 1
3112 1
3114 1
3119 3
3145 1
3148 1
3150 2
3151 1
3159 1
3161 1
3164 1
3165 1
3167 1
3171 1
3174 1
3196 1
3198 1
3204 1
3214 1
3217 1
3237 1
3241 1
3242 1
3247 1
3249 1
3250 1
3251 1
3263 2
3269 1
3273 1
3274 1
3297 1
3306 1
3313 1
3330 1
3334 1
3345 1
3350 1
3355 1
3357 1
3366 1
3381 1
3388 1
3396 1
3413 1
3414 1
3416 1
3419 1
3424 1
3427 1
3448 1
3451 1
3453 1
3455 1
3460 2
3461 1
3469 1
3479 1
3481 2
3489 1
3491 1
3501 1
3503 1
3518 1
3529 1
3533 1
3549 1
3553 1
3564 1
3567 1
3570 1
3573 2
3574 1
3657 1
3682 1
3756 1
3774 1
3780 1
3781 2
3788 1
3796 1
3846 1
3858 1
3971 1
4000 1
4005 1
4014 1
4016 1
4040 1
4056 1
4058 1
4067 1
4072 1
4073 2
4076 1
4099 1
4102 1
4106 1
4116 1
4133 1
4135 1
4172 2
4185 1
4206 1
4210 1
4214 1
4253 2
4259 1
4262 1
4264 1
4269 1
4284 1
4286 1
4289 1
4290 1
4291 1
4339 1
4398 1
4448 1
4449 1
4476 1
4567 1
5073 1
5078 1
5082 1
5087 1
5096 1
5186 1
5310 1
5326 1
5328 1
5404 1
5422 1
5508 1
