1 1470624
2 2488595
3 2910006
4 2739646
5 2383118
6 2101450
7 2004319
8 1972603
9 1926328
10 1807425
11 1604703
12 1335075
13 1052590
14 778212
15 546876
16 363891
17 233166
18 147499
19 89402
20 53967
21 32710
22 21065
23 14241
24 10067
25 7750
26 6136
27 4897
28 4215
29 3614
30 3096
31 2838
32 2533
33 2322
34 2300
35 2119
36 1963
37 1917
38 1815
39 1758
40 1616
41 1463
42 1596
43 1607
44 1418
45 1395
46 1362
47 1266
48 1115
49 942
50 926
51 762
52 695
53 596
54 510
55 439
56 417
57 417
58 399
59 327
60 343
61 281
62 274
63 271
64 262
65 262
66 219
67 215
68 257
69 263
70 223
71 198
72 216
73 182
74 186
75 147
76 169
77 160
78 153
79 145
80 154
81 166
82 153
83 157
84 165
85 145
86 140
87 142
88 155
89 138
90 141
91 106
92 101
93 105
94 103
95 98
96 74
97 86
98 67
99 83
100 108
101 91
102 78
103 89
104 88
105 87
106 84
107 66
108 72
109 55
110 56
111 48
112 48
113 47
114 26
115 30
116 35
117 34
118 32
119 33
120 27
121 17
122 15
123 11
124 15
125 21
126 21
127 12
128 14
129 23
130 10
131 9
132 4
133 7
134 14
135 1
136 10
137 9
138 9
139 6
140 8
141 9
142 10
143 12
144 1
145 4
146 5
147 7
148 8
149 8
150 6
151 6
152 9
153 8
154 7
155 4
156 2
157 5
158 7
159 8
160 4
161 3
163 3
164 2
165 2
166 9
167 4
168 3
169 7
170 10
171 5
172 10
173 2
174 2
176 3
177 1
178 1
179 6
180 2
181 1
183 2
184 1
185 1
187 3
188 3
190 3
191 5
192 6
193 7
194 2
195 3
196 5
197 7
198 5
199 5
200 7
201 6
202 3
203 4
204 2
205 5
206 5
207 1
208 5
210 1
211 1
212 2
214 2
215 2
216 1
217 2
219 3
220 4
221 1
222 3
223 2
225 1
226 1
228 1
229 1
230 4
231 3
232 4
234 2
235 2
236 1
237 3
239 5
240 3
241 7
242 7
243 5
244 3
245 2
246 3
247 6
248 3
250 1
251 5
252 5
253 3
254 2
255 1
257 2
258 2
259 2
260 3
261 1
262 5
263 1
264 2
265 5
266 3
270 1
271 3
273 1
274 1
275 2
276 2
277 1
278 1
279 4
280 1
281 2
282 2
283 1
284 3
286 2
287 2
288 1
289 2
290 2
291 7
293 2
294 2
295 4
296 2
297 1
298 2
299 2
300 4
301 7
302 2
303 1
304 4
305 2
306 1
307 2
310 1
313 1
314 1
317 2
318 1
319 2
321 1
322 1
324 1
325 1
326 2
328 1
330 1
331 1
332 1
333 1
334 2
336 1
339 2
340 2
341 2
343 1
344 2
345 1
346 2
347 2
350 1
351 2
352 2
353 1
354 1
355 1
356 1
357 1
359 1
360 2
361 1
362 5
364 2
365 1
366 1
367 1
368 1
369 1
371 1
373 2
375 1
376 2
377 2
378 2
379 1
380 2
381 2
382 2
383 3
386 1
387 2
395 1
407 1
435 1
440 2
441 1
442 1
444 1
449 1
451 1
455 2
456 2
458 1
460 3
463 4
468 1
469 2
482 1
510 1
511 1
513 1
514 2
921 2
924 1
926 1
929 1
934 2
936 1
938 1
939 1
