1 2390501
2 2926706
3 2904031
4 2807493
5 2712532
6 2482717
7 2088619
8 1610234
9 1117203
10 718576
11 431216
12 244411
13 132753
14 68333
15 37193
16 20980
17 13332
18 9195
19 7350
20 5528
21 4792
22 4086
23 3468
24 3199
25 2756
26 2210
27 1946
28 1772
29 1574
30 1480
31 1351
32 1180
33 994
34 849
35 780
36 702
37 643
38 525
39 481
40 499
41 483
42 444
43 462
44 459
45 567
46 583
47 629
48 748
49 1002
50 1365
51 1873
52 2759
53 3926
54 5461
55 7766
56 10548
57 14294
58 18604
59 24496
60 30786
61 39007
62 49094
63 60040
64 72106
65 85133
66 99100
67 115135
68 130422
69 145540
70 161183
71 173990
72 186206
73 196725
74 205278
75 211066
76 213614
77 213812
78 211104
79 204873
80 198665
81 189579
82 178775
83 165815
84 152337
85 138413
86 124351
87 110700
88 95903
89 83128
90 71122
91 60501
92 50104
93 41899
94 33869
95 27442
96 21993
97 17632
98 13586
99 10723
100 8229
101 6503
102 4875
103 3649
104 2610
105 2060
106 1487
107 1079
108 773
109 540
110 393
111 263
112 191
113 142
114 115
115 93
116 85
117 59
118 49
119 43
120 39
121 40
122 42
123 69
124 70
125 100
126 94
127 117
128 149
129 164
130 192
131 200
132 224
133 239
134 250
135 280
136 318
137 347
138 378
139 409
140 438
141 477
142 529
143 555
144 588
145 630
146 687
147 741
148 781
149 809
150 788
151 861
152 879
153 982
154 969
155 909
156 860
157 892
158 885
159 819
160 880
161 756
162 710
163 683
164 611
165 577
166 523
167 472
168 398
169 381
170 338
171 346
172 264
173 244
174 246
175 226
176 214
177 176
178 155
179 122
180 130
181 84
182 88
183 79
184 68
185 59
186 37
187 49
188 44
189 34
190 21
191 26
192 13
193 11
194 15
195 11
196 17
197 12
198 12
199 12
200 14
201 11
202 20
203 26
204 22
205 29
206 32
207 17
208 34
209 42
210 37
211 29
212 43
213 47
214 68
215 66
216 80
217 101
218 101
219 100
220 113
221 84
222 59
223 68
224 84
225 75
226 92
227 91
228 95
229 105
230 84
231 110
232 95
233 118
234 108
235 136
236 116
237 116
238 136
239 104
240 101
241 90
242 79
243 80
244 78
245 88
246 72
247 70
248 71
249 61
250 63
251 71
252 57
253 60
254 72
255 61
256 40
257 50
258 54
259 62
260 40
261 55
262 51
263 46
264 31
265 36
266 34
267 32
268 30
269 29
270 25
271 33
272 36
273 31
274 35
275 37
276 29
277 47
278 51
279 76
280 77
281 97
282 107
283 95
284 95
285 90
286 124
287 114
288 147
289 128
290 144
291 156
292 160
293 144
294 165
295 141
296 167
297 179
298 160
299 166
300 138
301 161
302 183
303 143
304 145
305 141
306 125
307 122
308 148
309 136
310 124
311 128
312 135
313 138
314 125
315 127
316 124
317 122
318 144
319 110
320 119
321 101
322 108
323 110
324 98
325 98
326 100
327 84
328 91
329 68
330 80
331 62
332 55
333 50
334 47
335 54
336 44
337 38
338 35
339 37
340 50
341 48
342 46
343 37
344 34
345 38
346 38
347 43
348 31
349 40
350 32
351 31
352 30
353 27
354 10
355 31
356 19
357 28
358 18
359 25
360 14
361 18
362 11
363 9
364 8
365 9
366 9
367 4
368 9
369 6
370 7
371 6
372 3
373 3
374 3
375 7
376 6
377 7
378 4
379 3
380 3
381 6
382 4
383 9
384 3
385 3
386 3
387 6
388 4
389 4
390 2
391 5
392 4
393 6
394 4
395 2
396 2
397 5
398 4
399 2
400 4
401 1
402 4
403 4
405 4
408 3
409 4
410 2
411 2
412 2
414 1
416 1
417 1
418 4
420 1
421 1
422 2
423 2
424 1
439 1
440 1
451 2
453 1
461 1
464 1
469 1
474 1
478 1
484 1
487 1
488 2
497 1
498 1
499 3
502 2
504 1
505 2
506 1
510 1
536 1
559 1
565 1
570 1
573 1
579 1
581 1
626 1
628 2
630 1
632 1
633 2
635 1
639 1
641 1
674 1
678 1
696 1
698 1
699 1
709 1
711 2
713 1
727 1
788 1
864 2
1312 1
1413 1
1419 1
1424 1
1429 1
1560 1
1580 1
1585 1
1589 1
1740 1
1741 1
1802 1
