1 3665261
2 4234859
3 3885697
4 3387734
5 2998715
6 2582516
7 2071124
8 1522661
9 1029057
10 640502
11 375894
12 204830
13 108679
14 56934
15 29811
16 16605
17 10107
18 7257
19 5899
20 4784
21 3975
22 3535
23 3118
24 2856
25 2443
26 2257
27 2075
28 1902
29 1630
30 1527
31 1320
32 1117
33 892
34 845
35 745
36 624
37 539
38 490
39 477
40 380
41 442
42 403
43 375
44 354
45 257
46 275
47 284
48 236
49 240
50 203
51 185
52 176
53 154
54 127
55 153
56 163
57 181
58 145
59 139
60 110
61 106
62 100
63 107
64 96
65 114
66 99
67 99
68 107
69 90
70 71
71 60
72 52
73 52
74 43
75 41
76 30
77 13
78 20
79 10
80 27
81 18
82 16
83 10
84 12
85 20
86 25
87 8
88 12
89 10
90 11
91 11
92 14
93 10
94 11
95 13
96 17
97 18
98 13
99 21
100 13
101 13
102 16
103 10
104 5
105 3
106 4
107 10
108 9
109 9
110 6
111 7
112 7
113 14
114 10
115 4
116 3
117 1
118 6
119 3
120 2
121 6
122 8
123 7
124 4
125 4
126 4
127 3
128 3
129 1
130 8
131 3
132 5
133 1
135 3
136 4
137 4
138 1
139 3
140 1
141 7
142 5
143 4
144 4
145 2
146 2
147 3
148 3
149 1
150 3
151 1
152 3
153 7
154 5
155 4
156 1
158 3
159 8
160 1
161 3
162 4
163 5
164 6
165 3
166 12
167 7
168 6
169 4
170 4
171 2
172 3
173 1
174 3
175 2
176 6
177 4
178 3
179 3
180 3
181 3
182 6
183 2
184 2
187 1
190 3
191 2
192 1
193 1
195 1
196 1
197 1
198 2
199 2
200 2
201 2
202 1
203 2
204 2
207 2
211 1
212 2
213 1
214 1
215 1
216 1
217 1
218 1
220 1
221 2
224 1
226 2
229 1
230 2
231 2
232 1
233 3
234 1
235 1
237 1
242 2
244 1
245 2
246 1
249 1
250 1
252 1
254 1
255 1
256 3
257 2
258 3
259 3
261 3
262 3
263 1
264 1
265 1
276 1
278 2
279 1
282 1
289 1
301 1
302 1
305 1
308 1
309 1
310 1
513 1
515 1
517 2
520 1
521 2
522 2
523 1
