1 4205
2 20863
3 70126
4 177006
5 357023
6 614880
7 903351
8 1164289
9 1350350
10 1414811
11 1368829
12 1227865
13 1040374
14 849376
15 679272
16 550462
17 459213
18 413792
19 401244
20 415093
21 448502
22 491880
23 543556
24 602845
25 663028
26 719781
27 764320
28 805661
29 832336
30 847210
31 844777
32 825392
33 800200
34 762122
35 715142
36 658511
37 591416
38 525860
39 460592
40 396940
41 337305
42 283217
43 231946
44 188156
45 151117
46 120269
47 93607
48 72638
49 56044
50 42985
51 32913
52 25114
53 18697
54 14184
55 10977
56 8887
57 7355
58 6157
59 5494
60 4815
61 4639
62 4246
63 4008
64 3930
65 3653
66 3561
67 3592
68 3516
69 3457
70 3239
71 3138
72 2804
73 2806
74 2606
75 2529
76 2340
77 2196
78 2150
79 1999
80 1994
81 1765
82 1608
83 1392
84 1299
85 1145
86 1091
87 1104
88 1043
89 1054
90 973
91 887
92 805
93 789
94 832
95 769
96 772
97 729
98 749
99 744
100 730
101 780
102 678
103 672
104 658
105 684
106 656
107 643
108 612
109 641
110 651
111 662
112 635
113 589
114 604
115 589
116 628
117 533
118 555
119 542
120 559
121 519
122 505
123 499
124 494
125 529
126 515
127 539
128 594
129 597
130 577
131 667
132 659
133 673
134 659
135 619
136 621
137 641
138 607
139 598
140 526
141 558
142 508
143 453
144 437
145 462
146 447
147 389
148 369
149 355
150 322
151 269
152 263
153 246
154 233
155 241
156 233
157 234
158 219
159 222
160 215
161 219
162 194
163 180
164 166
165 137
166 164
167 155
168 156
169 164
170 184
171 171
172 140
173 168
174 122
175 110
176 100
177 98
178 98
179 96
180 84
181 78
182 86
183 109
184 100
185 106
186 124
187 110
188 117
189 104
190 90
191 87
192 88
193 74
194 88
195 96
196 89
197 78
198 74
199 80
200 101
201 82
202 88
203 111
204 93
205 91
206 86
207 73
208 85
209 85
210 72
211 51
212 59
213 51
214 58
215 61
216 71
217 80
218 67
219 88
220 80
221 78
222 59
223 62
224 61
225 70
226 60
227 65
228 58
229 68
230 70
231 65
232 67
233 71
234 57
235 47
236 47
237 46
238 56
239 66
240 62
241 54
242 62
243 43
244 56
245 37
246 43
247 50
248 35
249 44
250 60
251 57
252 42
253 57
254 44
255 51
256 38
257 53
258 60
259 56
260 49
261 64
262 60
263 42
264 57
265 56
266 52
267 40
268 49
269 57
270 30
271 40
272 53
273 34
274 37
275 26
276 34
277 31
278 25
279 24
280 38
281 49
282 38
283 33
284 49
285 30
286 51
287 36
288 38
289 34
290 44
291 36
292 30
293 38
294 25
295 21
296 30
297 25
298 23
299 24
300 39
301 25
302 39
303 31
304 32
305 30
306 42
307 51
308 50
309 36
310 45
311 45
312 33
313 32
314 34
315 31
316 40
317 38
318 28
319 38
320 33
321 42
322 31
323 30
324 26
325 29
326 47
327 28
328 45
329 27
330 24
331 12
332 23
333 20
334 14
335 20
336 22
337 19
338 18
339 23
340 17
341 22
342 16
343 19
344 14
345 15
346 13
347 14
348 14
349 15
350 15
351 15
352 15
353 14
354 20
355 4
356 15
357 8
358 12
359 12
360 8
361 9
362 8
363 6
364 2
365 3
366 4
367 1
368 3
369 4
370 3
371 4
372 4
373 7
374 7
375 5
376 2
377 6
378 9
379 8
380 8
381 9
382 10
383 8
384 4
385 5
386 7
387 3
388 9
389 6
390 5
391 10
392 9
393 9
394 5
395 4
396 6
397 5
398 5
399 4
400 4
401 7
402 3
403 1
404 4
405 3
406 5
407 5
408 2
409 3
410 7
411 4
412 4
413 6
414 3
415 5
416 3
417 5
418 4
419 2
420 3
421 2
422 7
423 8
424 4
425 2
426 5
427 5
428 3
429 2
430 5
431 1
432 6
433 2
434 4
435 2
436 3
437 2
438 3
439 1
441 2
442 3
443 2
446 1
447 3
448 1
449 1
450 1
451 1
452 3
453 4
454 2
455 1
456 1
457 3
458 1
459 2
460 2
461 2
462 3
463 3
464 2
465 3
466 1
468 2
469 4
470 1
471 1
472 2
474 4
475 1
476 1
478 2
479 1
480 2
481 1
482 2
495 2
496 1
497 2
498 1
500 1
502 1
503 2
508 1
509 1
512 2
513 3
514 1
516 2
517 2
518 4
519 2
520 2
521 2
522 1
523 2
524 2
527 3
528 3
529 1
530 6
531 4
532 3
533 3
534 3
535 5
536 2
537 9
538 7
539 4
540 5
541 8
542 5
543 7
544 4
545 2
546 2
547 5
548 4
550 2
551 5
553 2
554 3
555 3
556 2
557 2
560 2
561 2
563 1
564 1
565 5
566 3
573 1
574 3
575 1
576 3
577 1
579 4
580 3
582 6
583 1
584 1
585 2
587 1
589 1
590 3
591 2
592 1
595 1
601 1
602 1
606 1
607 1
608 1
612 1
614 3
618 1
620 1
624 1
625 1
627 1
628 1
629 1
632 1
633 2
641 2
643 1
652 1
654 1
655 1
656 2
660 1
663 1
665 1
666 2
668 2
670 2
671 1
672 2
673 1
676 1
678 1
679 1
685 1
687 1
688 1
691 1
693 2
694 1
695 2
698 1
702 2
708 1
709 2
710 2
711 3
712 1
713 1
714 3
715 2
716 1
718 3
719 2
721 2
722 1
724 1
725 1
726 1
728 1
729 1
735 1
736 1
737 2
739 2
740 1
741 2
742 2
743 2
746 2
748 1
749 2
751 1
752 2
755 2
757 1
758 4
763 1
765 1
767 2
768 1
771 1
774 1
778 2
779 2
780 1
781 1
783 2
784 1
785 1
786 1
796 2
801 2
802 2
803 1
804 1
805 1
806 1
807 1
808 1
809 1
810 1
813 1
815 1
816 1
818 1
821 1
823 2
824 1
826 1
827 3
828 2
831 2
833 1
834 1
848 1
851 2
852 2
853 3
854 1
857 1
859 1
867 1
871 1
872 2
873 1
875 1
876 3
877 1
878 1
880 1
881 1
883 2
884 3
885 1
888 1
889 1
892 2
893 1
895 1
896 1
897 1
898 1
902 1
903 1
904 1
908 1
909 1
913 1
916 1
917 1
918 1
919 1
920 1
922 1
923 1
924 1
926 2
927 2
928 1
929 1
931 2
935 2
937 1
938 2
939 1
940 1
942 1
945 1
946 1
947 1
949 2
953 1
955 1
968 1
970 1
971 3
972 1
973 1
974 1
975 1
979 1
981 1
983 1
984 2
985 1
986 1
988 1
989 2
990 2
991 2
995 2
998 3
1001 1
1002 1
1003 1
1014 1
1017 1
1019 1
1020 2
1022 1
1023 1
1025 1
1033 1
1035 1
1048 1
1073 1
1088 1
1110 1
1118 2
1128 1
1129 1
1131 1
1134 1
1140 1
1142 1
1143 1
1146 1
1156 1
1162 1
1164 1
1167 1
1170 1
1182 1
1183 1
1186 1
1202 1
1204 2
1208 1
1210 1
1212 1
1215 1
1232 1
1235 1
1236 1
1238 2
1239 1
1240 1
1241 2
1244 1
1246 1
1250 2
1251 1
1256 1
1261 1
1269 1
1273 1
1290 1
1308 1
1310 1
1311 1
1335 1
1338 1
1339 1
1359 1
1361 1
1363 1
1439 1
1448 1
1450 2
1452 1
1512 1
1516 1
1522 1
1523 1
1527 1
1530 1
1531 1
1536 2
1538 1
1539 1
1540 1
1543 2
1544 2
1546 1
1549 1
1560 1
1587 1
1588 1
1610 1
1618 1
1641 1
2889 1
2895 1
2896 1
2900 1
2902 1
2903 1
2904 2
2905 1
2912 1
