1 6549709
2 3389557
3 1646268
4 870093
5 542889
6 374401
7 243876
8 148139
9 82689
10 41448
11 19890
12 10224
13 7372
14 8925
15 14878
16 25008
17 40373
18 62570
19 92211
20 128091
21 171208
22 219959
23 269889
24 318067
25 360506
26 395461
27 414151
28 421333
29 414696
30 395628
31 364441
32 327022
33 285360
34 242043
35 198057
36 157487
37 123291
38 94370
39 71019
40 51817
41 37652
42 26197
43 18632
44 12810
45 8721
46 6170
47 4284
48 3130
49 2672
50 2378
51 2162
52 2082
53 2040
54 2108
55 2168
56 1996
57 2029
58 1982
59 1955
60 1792
61 1796
62 1712
63 1514
64 1324
65 1161
66 923
67 836
68 769
69 624
70 566
71 480
72 437
73 459
74 416
75 512
76 475
77 560
78 543
79 599
80 608
81 675
82 706
83 745
84 752
85 796
86 775
87 742
88 779
89 794
90 777
91 761
92 635
93 629
94 548
95 482
96 426
97 480
98 417
99 401
100 443
101 411
102 435
103 372
104 389
105 374
106 363
107 324
108 323
109 300
110 283
111 248
112 233
113 254
114 223
115 251
116 274
117 228
118 216
119 256
120 210
121 218
122 221
123 198
124 180
125 200
126 210
127 221
128 227
129 221
130 201
131 177
132 173
133 188
134 195
135 194
136 190
137 191
138 193
139 153
140 144
141 149
142 113
143 142
144 135
145 134
146 138
147 103
148 97
149 110
150 117
151 105
152 107
153 85
154 105
155 72
156 72
157 56
158 53
159 50
160 47
161 41
162 35
163 40
164 35
165 38
166 39
167 29
168 26
169 26
170 34
171 23
172 20
173 12
174 22
175 13
176 26
177 27
178 23
179 19
180 19
181 30
182 28
183 29
184 27
185 19
186 15
187 20
188 18
189 24
190 26
191 21
192 27
193 13
194 11
195 10
196 18
197 11
198 12
199 12
200 13
201 7
202 17
203 10
204 8
205 9
206 11
207 12
208 12
209 13
210 13
211 8
212 13
213 11
214 6
215 10
216 4
217 8
218 6
219 8
220 7
221 8
222 11
223 7
224 6
225 11
226 6
227 11
228 10
229 11
230 9
231 11
232 5
233 2
234 7
235 4
236 6
237 6
238 4
239 5
240 8
241 8
242 2
243 6
244 4
245 3
246 5
247 4
248 6
249 9
250 12
251 13
252 11
253 10
254 8
255 15
256 5
257 9
258 4
259 5
260 4
261 4
262 5
263 3
264 4
265 7
266 5
267 6
268 8
269 9
270 9
271 10
272 7
273 6
274 6
275 7
276 6
277 6
278 2
279 7
280 6
281 5
282 10
283 5
284 3
285 10
286 7
287 5
288 7
289 3
290 9
291 7
292 3
293 5
294 6
295 3
296 3
297 7
298 4
299 7
300 2
301 2
302 3
303 2
304 2
305 4
306 1
307 3
308 2
309 8
310 8
311 3
312 4
313 3
314 8
315 3
316 1
317 1
318 3
319 3
320 6
321 7
322 3
323 6
324 3
325 1
326 2
327 2
328 3
329 3
330 2
331 3
333 1
334 2
335 5
337 1
338 3
339 2
340 2
341 2
342 3
343 3
344 2
345 3
346 3
347 4
348 5
349 3
350 2
351 6
352 5
353 2
354 3
355 2
356 2
358 3
359 1
360 1
361 2
364 2
365 2
366 1
367 1
368 6
369 2
370 3
371 3
372 2
374 3
375 4
376 4
377 3
378 4
379 4
380 9
381 7
382 3
383 1
384 5
385 3
386 2
387 5
388 1
389 3
390 4
391 4
392 1
393 1
394 1
395 3
397 2
398 1
399 2
401 2
402 1
403 3
404 4
405 1
406 3
407 4
408 1
409 2
410 3
411 4
412 3
413 7
414 1
415 3
416 6
418 1
419 1
421 4
422 1
423 7
424 2
425 1
426 1
427 2
428 2
429 4
431 2
432 1
434 1
436 2
437 3
438 1
439 1
440 2
441 3
442 1
443 2
446 1
447 2
448 3
449 2
450 2
451 2
452 1
454 1
456 1
457 1
458 3
459 5
460 3
461 1
462 2
463 4
464 5
465 4
466 2
467 2
468 1
470 1
471 1
472 4
473 1
474 1
476 2
477 2
478 1
481 1
482 2
483 3
485 1
487 1
489 2
490 1
491 2
492 1
494 2
496 3
497 2
498 2
500 2
502 4
503 1
504 1
505 2
506 1
507 5
508 1
510 1
513 2
517 1
519 2
525 1
528 2
529 2
530 2
534 1
535 2
536 1
544 1
548 1
549 1
551 1
552 2
553 2
555 1
557 1
560 1
565 2
567 1
571 1
578 1
582 1
584 1
597 1
605 2
606 1
607 1
612 2
613 1
614 1
617 1
626 1
629 1
631 1
632 1
633 1
634 1
635 1
639 1
643 1
647 1
648 1
650 1
652 1
653 2
655 1
657 1
661 1
665 1
666 1
668 1
669 1
672 1
681 2
682 2
689 1
690 3
691 1
692 2
693 2
696 1
697 1
698 1
699 1
702 1
705 1
706 1
712 1
716 1
717 1
718 1
722 1
723 2
724 1
725 1
726 1
731 1
733 1
735 1
742 1
748 2
757 1
758 1
759 1
760 3
761 3
763 2
764 1
765 1
766 1
767 1
768 1
769 1
770 1
772 1
773 1
775 2
786 1
787 1
788 1
789 2
790 1
792 2
794 2
796 1
802 1
804 1
807 1
812 1
813 1
818 1
820 2
821 1
823 1
824 1
825 1
826 1
828 1
829 1
830 1
831 1
835 1
843 1
847 1
848 1
849 1
850 1
852 1
853 1
854 1
855 1
858 1
860 1
864 1
871 1
873 1
874 2
875 1
876 2
877 3
878 2
879 3
880 2
881 3
882 1
883 1
884 1
885 3
887 1
890 1
892 1
896 1
897 1
898 1
899 2
901 1
905 1
908 1
909 1
912 1
917 1
926 1
930 1
931 1
936 2
939 2
940 2
942 1
943 1
948 1
966 2
968 1
969 2
970 1
971 1
976 1
978 2
979 2
983 1
987 1
988 1
990 1
992 2
993 1
996 1
998 1
999 1
1000 1
1001 1
1002 1
1003 2
1004 1
1007 2
1008 2
1009 1
1010 2
1011 2
1013 1
1014 1
1015 1
1017 1
1027 1
1037 1
1040 1
1045 1
1046 1
1048 1
1050 1
1051 2
1053 1
1054 1
1057 2
1058 1
1061 3
1064 2
1066 2
1068 1
1069 1
1070 2
1072 1
1073 1
1075 1
1078 1
1081 1
1084 1
1087 1
1098 1
1101 2
1104 2
1113 1
1117 1
1118 1
1123 1
1128 1
1130 2
1133 1
1153 1
1158 1
1169 1
1173 1
1174 1
1175 1
1177 1
1180 1
1183 1
1189 1
1190 1
1202 1
1239 1
1243 2
1245 1
1249 1
1256 2
1260 1
1275 1
1277 1
1284 1
1287 2
1297 1
1299 1
1302 2
1303 1
1304 1
1306 1
1307 1
1310 1
1311 1
1313 1
1315 2
1316 1
1338 1
1348 2
1370 1
1371 1
1385 1
1387 1
1398 1
1403 1
1405 1
1422 1
1426 1
1433 1
1455 2
1594 1
1597 1
1600 1
1606 1
1620 1
1624 2
1647 1
1662 1
1691 1
1722 1
1724 1
