1 118524
2 371993
3 793689
4 1286505
5 1680160
6 1843479
7 1786245
8 1568260
9 1286174
10 1051625
11 899253
12 835639
13 847692
14 909543
15 989965
16 1077424
17 1147845
18 1177898
19 1177567
20 1145183
21 1082466
22 990926
23 879983
24 759087
25 638532
26 524351
27 419024
28 325006
29 244581
30 181807
31 132296
32 95842
33 67100
34 47817
35 33856
36 23900
37 17378
38 12976
39 10401
40 8104
41 6622
42 6007
43 5314
44 4684
45 4311
46 3839
47 3702
48 3655
49 3270
50 3159
51 2887
52 2687
53 2390
54 2102
55 1901
56 1716
57 1539
58 1649
59 1508
60 1502
61 1459
62 1427
63 1314
64 1264
65 1129
66 1097
67 1076
68 977
69 1060
70 964
71 1015
72 989
73 952
74 975
75 973
76 947
77 889
78 866
79 828
80 879
81 835
82 822
83 817
84 871
85 780
86 777
87 737
88 740
89 724
90 696
91 669
92 663
93 547
94 572
95 601
96 511
97 450
98 380
99 412
100 336
101 335
102 338
103 300
104 323
105 308
106 259
107 212
108 235
109 231
110 239
111 200
112 207
113 183
114 193
115 163
116 129
117 145
118 123
119 107
120 123
121 117
122 131
123 108
124 115
125 135
126 103
127 129
128 129
129 120
130 122
131 104
132 102
133 90
134 98
135 97
136 98
137 104
138 99
139 100
140 114
141 91
142 77
143 88
144 90
145 85
146 88
147 85
148 76
149 106
150 90
151 77
152 76
153 71
154 74
155 73
156 94
157 81
158 93
159 81
160 78
161 56
162 73
163 84
164 76
165 72
166 79
167 71
168 64
169 60
170 62
171 61
172 65
173 60
174 55
175 59
176 53
177 68
178 66
179 61
180 59
181 57
182 58
183 56
184 66
185 63
186 59
187 56
188 71
189 73
190 70
191 72
192 80
193 77
194 81
195 69
196 61
197 61
198 51
199 60
200 72
201 50
202 41
203 43
204 47
205 47
206 63
207 45
208 61
209 45
210 41
211 42
212 28
213 36
214 26
215 16
216 20
217 22
218 25
219 20
220 29
221 22
222 17
223 22
224 13
225 16
226 12
227 11
228 5
229 9
230 6
231 11
232 5
233 10
234 8
235 7
236 13
237 11
238 13
239 11
240 7
241 11
242 10
243 7
244 3
245 7
246 2
247 9
249 2
250 6
251 6
252 5
253 4
254 7
255 5
256 3
257 1
258 7
259 6
260 5
261 9
262 4
263 4
264 8
265 7
266 5
267 4
269 4
270 8
271 3
272 4
273 8
274 6
275 8
276 7
277 5
278 8
279 2
280 8
281 4
282 4
283 4
284 3
285 2
286 2
288 2
289 5
290 1
291 2
292 2
293 1
294 1
295 3
296 7
297 1
299 2
300 6
301 4
302 1
303 1
304 3
305 3
306 3
307 1
308 3
309 6
310 6
311 6
312 3
313 8
314 4
315 1
316 2
317 1
318 1
319 1
320 1
321 7
322 2
323 6
324 3
325 3
326 3
327 3
328 4
329 3
330 2
331 7
332 2
334 2
335 1
336 2
338 3
339 2
340 2
341 2
342 1
344 1
345 4
346 3
347 5
348 5
349 5
350 2
351 6
352 4
353 8
354 4
355 4
356 3
357 3
358 7
359 9
360 4
361 2
362 2
363 4
364 2
365 5
367 3
369 2
370 3
371 2
372 4
373 3
374 5
375 2
376 1
377 1
378 2
380 2
381 1
384 1
385 1
386 1
387 2
388 3
389 2
390 1
392 2
393 1
394 3
396 1
397 3
399 2
401 1
403 2
405 1
407 1
409 1
410 1
412 3
414 1
416 1
419 2
420 3
422 1
423 4
425 1
427 1
429 2
431 2
432 4
433 1
434 1
435 1
436 2
439 3
440 2
442 3
444 5
446 1
450 1
451 1
455 1
460 1
461 1
464 2
465 1
466 2
468 2
469 2
471 1
472 2
473 1
478 1
481 1
482 1
483 1
486 2
487 1
489 2
490 2
491 2
492 2
494 2
495 1
496 3
497 3
499 3
500 5
502 1
506 1
507 2
508 3
509 1
510 2
511 7
512 1
513 3
514 3
518 1
519 2
520 1
521 2
523 1
524 1
527 1
535 1
537 1
539 1
545 1
547 1
551 1
552 2
553 2
554 2
556 1
558 2
560 1
561 4
562 1
563 2
566 1
567 1
568 1
569 1
570 3
571 1
572 1
573 1
574 4
575 1
577 3
580 2
582 1
583 1
584 1
587 2
589 2
590 1
591 4
592 1
593 1
594 2
596 1
597 3
598 1
599 4
600 1
601 1
603 4
604 1
606 1
607 3
608 2
609 4
612 1
613 1
614 1
615 1
619 1
620 1
621 1
624 2
625 1
627 1
630 1
632 1
633 2
637 2
644 1
646 1
648 1
650 1
652 1
653 2
655 2
656 1
658 1
659 1
667 1
674 1
675 1
676 1
677 2
678 1
679 1
681 2
682 2
683 1
685 2
686 1
688 1
689 3
690 1
693 1
694 1
695 1
698 1
699 1
708 1
713 1
717 2
718 1
721 2
722 1
744 1
749 1
750 1
751 1
752 1
757 3
762 1
765 2
766 1
767 1
770 1
772 1
784 1
785 1
786 1
799 1
802 1
808 1
811 1
812 1
828 1
829 1
834 1
843 1
844 1
859 1
906 1
915 1
916 1
917 1
918 2
919 1
920 2
921 1
925 1
926 1
927 1
930 2
934 1
936 1
940 1
954 1
958 2
961 1
964 1
977 1
983 1
987 2
998 1
1015 1
1761 1
1762 1
1765 2
1767 1
1772 1
1773 3
1776 1
