1 5297743
2 4936730
3 3935710
4 2738995
5 1654647
6 858791
7 402380
8 173395
9 70824
10 29405
11 13906
12 8338
13 5743
14 4092
15 3110
16 2664
17 2318
18 2112
19 2246
20 2967
21 4052
22 6538
23 10560
24 16492
25 25518
26 37234
27 52210
28 72635
29 96492
30 122943
31 153651
32 184485
33 214616
34 244795
35 267530
36 286449
37 297111
38 302108
39 299493
40 289222
41 271732
42 250482
43 223812
44 195300
45 167535
46 139802
47 115803
48 92749
49 72379
50 56288
51 42585
52 32065
53 23260
54 16285
55 11234
56 8141
57 5315
58 3507
59 2431
60 1650
61 1066
62 862
63 720
64 772
65 702
66 763
67 771
68 831
69 879
70 961
71 1077
72 1189
73 1181
74 1197
75 1242
76 1207
77 1140
78 1184
79 1254
80 1140
81 1014
82 1002
83 868
84 750
85 707
86 675
87 632
88 585
89 524
90 431
91 418
92 342
93 282
94 210
95 180
96 154
97 160
98 136
99 126
100 118
101 99
102 98
103 101
104 100
105 98
106 86
107 112
108 135
109 145
110 136
111 120
112 121
113 138
114 154
115 171
116 155
117 153
118 186
119 161
120 172
121 151
122 166
123 155
124 166
125 158
126 139
127 128
128 154
129 122
130 110
131 125
132 100
133 118
134 116
135 114
136 99
137 120
138 137
139 137
140 117
141 146
142 167
143 147
144 149
145 177
146 161
147 178
148 205
149 172
150 185
151 208
152 226
153 221
154 241
155 250
156 253
157 279
158 261
159 243
160 246
161 236
162 212
163 168
164 182
165 172
166 158
167 176
168 170
169 174
170 139
171 119
172 126
173 102
174 90
175 89
176 92
177 74
178 89
179 57
180 53
181 50
182 44
183 38
184 40
185 49
186 43
187 33
188 33
189 34
190 22
191 30
192 20
193 17
194 17
195 16
196 11
197 9
198 7
199 9
200 8
201 5
202 18
203 7
204 6
205 5
206 4
207 4
208 3
209 1
210 1
211 2
212 1
214 1
217 2
218 1
219 1
220 1
221 1
226 2
230 2
234 3
236 3
237 1
238 2
239 2
240 2
241 3
243 1
245 1
246 2
248 1
252 1
253 1
255 2
259 2
260 1
263 1
267 1
283 1
297 1
300 1
305 1
306 2
309 2
312 1
313 1
314 1
316 1
317 1
324 1
327 1
328 1
329 1
334 1
342 2
348 1
354 1
361 1
362 1
369 1
376 1
394 1
453 1
489 1
716 1
730 1
736 1
738 1
742 1
821 1
822 1
824 1
834 1
908 1
909 1
951 1
