1 4586043
2 4019624
3 3031885
4 2197937
5 1507155
6 959262
7 580017
8 365721
9 277271
10 253046
11 257910
12 262933
13 257825
14 235089
15 199698
16 161536
17 121517
18 86834
19 59453
20 38214
21 23609
22 14090
23 8489
24 5025
25 3128
26 2177
27 1589
28 1336
29 958
30 903
31 653
32 618
33 519
34 331
35 302
36 207
37 133
38 119
39 117
40 99
41 150
42 200
43 261
44 463
45 728
46 1108
47 1661
48 2549
49 3859
50 5564
51 7776
52 10681
53 14323
54 18794
55 24920
56 32430
57 41338
58 51498
59 64059
60 77292
61 92993
62 109282
63 126016
64 143776
65 161344
66 178168
67 194464
68 208898
69 222554
70 233910
71 243687
72 247783
73 251004
74 249476
75 246492
76 241312
77 232692
78 223327
79 210072
80 195983
81 180314
82 165680
83 149375
84 134178
85 119711
86 105949
87 92158
88 79521
89 68119
90 57913
91 48992
92 40840
93 34137
94 28021
95 22803
96 18220
97 14653
98 11681
99 9437
100 7360
101 5759
102 4401
103 3356
104 2565
105 1867
106 1459
107 1112
108 768
109 578
110 410
111 291
112 188
113 146
114 103
115 82
116 96
117 97
118 106
119 140
120 166
121 199
122 229
123 251
124 271
125 318
126 346
127 344
128 435
129 494
130 548
131 627
132 696
133 802
134 875
135 901
136 943
137 1038
138 1057
139 1110
140 1168
141 1270
142 1235
143 1235
144 1299
145 1333
146 1427
147 1382
148 1346
149 1260
150 1211
151 1139
152 1001
153 1047
154 995
155 872
156 817
157 797
158 678
159 670
160 626
161 624
162 564
163 510
164 497
165 415
166 367
167 371
168 317
169 285
170 230
171 192
172 204
173 151
174 150
175 112
176 99
177 95
178 89
179 73
180 61
181 53
182 51
183 32
184 45
185 33
186 48
187 52
188 58
189 65
190 54
191 73
192 90
193 85
194 94
195 104
196 129
197 117
198 172
199 145
200 178
201 172
202 256
203 210
204 251
205 248
206 269
207 304
208 308
209 307
210 312
211 330
212 327
213 365
214 359
215 364
216 318
217 347
218 312
219 337
220 330
221 351
222 367
223 343
224 313
225 356
226 380
227 365
228 361
229 335
230 332
231 333
232 324
233 282
234 319
235 311
236 310
237 300
238 306
239 283
240 252
241 220
242 260
243 233
244 209
245 196
246 225
247 232
248 174
249 170
250 173
251 175
252 162
253 165
254 139
255 139
256 117
257 118
258 110
259 103
260 125
261 120
262 117
263 116
264 125
265 114
266 127
267 108
268 112
269 139
270 136
271 131
272 104
273 119
274 126
275 118
276 130
277 137
278 143
279 160
280 166
281 163
282 154
283 154
284 170
285 183
286 137
287 141
288 125
289 118
290 135
291 140
292 163
293 139
294 128
295 115
296 119
297 119
298 87
299 90
300 78
301 89
302 65
303 70
304 62
305 45
306 65
307 47
308 55
309 57
310 36
311 43
312 50
313 28
314 39
315 24
316 22
317 34
318 20
319 21
320 31
321 24
322 30
323 25
324 19
325 20
326 26
327 34
328 44
329 31
330 49
331 37
332 48
333 44
334 38
335 53
336 47
337 54
338 52
339 50
340 46
341 47
342 73
343 66
344 74
345 79
346 97
347 78
348 71
349 82
350 83
351 98
352 113
353 101
354 122
355 108
356 118
357 137
358 110
359 140
360 137
361 149
362 144
363 104
364 139
365 109
366 112
367 89
368 91
369 99
370 115
371 82
372 87
373 64
374 72
375 87
376 53
377 50
378 56
379 63
380 52
381 53
382 73
383 45
384 52
385 53
386 35
387 40
388 32
389 42
390 45
391 37
392 33
393 28
394 17
395 22
396 29
397 19
398 15
399 18
400 21
401 16
402 13
403 17
404 17
405 13
406 17
407 11
408 12
409 17
410 17
411 26
412 13
413 17
414 12
415 9
416 13
417 15
418 14
419 11
420 12
421 10
422 12
423 9
424 7
425 8
426 9
427 4
428 10
429 5
430 13
431 12
432 9
433 6
434 7
435 13
436 15
437 5
438 8
439 9
440 12
441 8
442 16
443 13
444 13
445 16
446 17
447 8
448 10
449 12
450 5
451 1
452 4
453 4
454 9
455 6
456 4
457 7
458 2
459 16
460 8
461 11
462 5
463 8
464 5
465 5
466 5
467 7
468 8
469 2
470 5
471 5
472 3
473 3
474 5
475 9
476 4
477 7
478 6
479 7
480 5
481 9
482 3
483 10
484 5
485 4
486 11
487 9
488 9
489 6
490 4
491 4
492 3
493 3
495 6
496 7
497 11
498 11
499 5
500 10
501 8
502 15
503 2
504 14
505 13
506 10
507 9
508 8
509 11
510 6
511 11
512 9
513 11
514 8
515 4
516 9
517 6
518 3
519 6
520 6
521 6
522 6
523 6
524 9
525 5
526 6
527 3
528 4
529 5
530 7
531 8
532 7
533 2
534 6
535 5
536 8
537 4
538 1
539 4
540 7
541 3
542 7
543 5
544 5
545 4
546 2
547 3
548 3
549 1
551 5
552 2
553 2
554 3
555 4
556 6
557 3
558 6
559 1
560 3
561 4
562 2
563 1
564 2
565 4
566 1
567 3
568 1
570 1
571 2
572 3
573 4
574 2
575 2
576 5
577 2
578 1
579 4
580 2
581 6
582 6
583 4
584 8
585 3
586 1
587 2
588 6
589 9
590 7
591 2
592 6
593 9
594 5
595 3
596 4
597 6
598 5
599 7
600 4
601 6
602 5
603 4
604 2
605 4
606 1
607 2
608 2
609 3
610 2
611 4
612 1
613 4
614 6
615 4
616 3
617 3
618 6
619 5
620 2
621 4
623 1
624 2
625 2
626 2
627 1
628 3
629 3
630 2
631 3
632 6
633 2
634 3
635 1
636 4
637 1
638 3
639 3
640 3
641 1
642 2
643 3
644 2
645 2
646 2
647 3
648 1
649 1
650 1
651 1
652 2
653 2
654 3
656 5
657 2
658 3
659 3
660 4
661 4
662 1
663 2
664 3
665 3
666 5
667 2
668 2
669 5
670 4
671 4
673 6
674 8
675 5
676 2
677 3
678 2
679 5
680 2
681 3
682 2
683 1
684 1
685 2
686 1
687 1
688 2
689 2
690 3
691 1
693 2
694 2
695 3
696 2
699 1
701 1
702 1
704 1
705 2
706 1
710 1
711 2
712 3
713 3
714 3
715 2
717 2
718 3
719 1
720 2
721 1
724 1
726 2
727 1
728 1
729 1
730 1
731 1
732 3
733 1
734 3
736 1
737 3
739 3
740 3
742 2
743 4
744 3
745 2
746 1
747 2
748 2
749 5
750 5
751 2
752 2
753 4
754 1
755 3
756 2
757 2
758 3
759 2
760 3
761 6
762 3
763 3
764 3
765 1
766 2
767 8
768 3
769 7
770 8
771 3
772 3
773 4
774 6
775 6
776 6
777 2
778 1
779 1
780 2
782 1
783 2
784 2
785 1
788 1
789 2
790 2
791 3
792 1
793 3
794 5
795 2
796 3
797 1
799 1
800 1
801 2
802 1
803 2
808 2
809 1
810 1
811 3
813 3
815 2
817 1
818 2
819 1
820 2
821 4
822 1
823 1
824 2
825 1
826 4
827 2
828 1
829 1
830 2
831 2
834 1
835 1
837 1
844 1
846 3
847 1
851 3
853 1
855 3
856 1
857 2
860 4
861 1
862 1
866 1
867 1
868 2
869 3
870 1
871 2
872 2
873 2
874 1
875 1
876 2
877 1
879 1
880 2
881 1
882 2
887 2
888 5
889 1
890 1
892 1
893 3
895 4
896 2
898 5
899 3
900 4
901 2
903 2
905 3
908 1
910 1
912 1
916 1
918 1
922 2
923 2
924 1
925 1
929 2
931 4
932 1
937 2
939 2
940 2
941 2
942 2
944 1
945 4
946 3
947 1
948 2
949 2
950 6
951 2
952 2
953 1
955 2
956 2
957 1
959 1
960 2
961 1
962 1
963 1
964 1
965 1
966 1
968 1
970 1
971 1
975 1
976 1
977 1
979 3
980 2
981 1
982 1
983 1
985 2
986 1
989 2
992 2
995 1
997 4
998 1
999 3
1000 1
1001 1
1003 1
1004 2
1005 2
1006 2
1007 1
1008 2
1009 1
1010 3
1011 5
1012 3
1013 1
1014 2
1015 2
1016 1
1019 1
1020 1
1025 2
1028 1
1030 2
1031 1
1033 2
1034 1
1035 1
1036 2
1038 4
1040 2
1043 1
1044 2
1045 2
1046 1
1047 2
1053 1
1056 1
1057 1
1060 1
1067 1
1068 1
1069 1
1073 2
1075 1
1089 2
1091 1
1092 1
1094 1
1096 1
1097 3
1098 1
1101 1
1106 1
1107 1
1109 1
1111 1
1113 3
1114 1
1115 1
1119 2
1120 1
1122 1
1123 1
1124 1
1125 1
1129 1
1134 2
1137 1
1138 1
1140 1
1143 1
1144 2
1145 1
1146 2
1148 2
1149 2
1150 2
1152 1
1154 1
1155 3
1156 1
1157 1
1158 1
1159 2
1160 3
1161 2
1162 2
1165 1
1166 1
1167 2
1168 1
1169 1
1170 2
1171 2
1173 2
1176 5
1177 2
1179 1
1191 1
1193 1
1194 2
1195 1
1197 1
1198 2
1199 1
1200 1
1202 1
1203 2
1207 2
1210 1
1212 2
1213 1
1215 1
1217 3
1223 2
1226 1
1231 1
1249 1
1250 1
1251 1
1254 1
1268 1
1274 1
1277 1
1286 1
1298 1
1302 1
1304 1
1306 1
1307 1
1309 2
1313 2
1314 1
1316 2
1317 1
1321 1
1322 1
1323 2
1324 1
1325 1
1326 1
1327 2
1329 1
1331 1
1332 2
1334 1
1374 1
1388 1
1393 1
1396 1
1398 1
1400 1
1431 1
1437 1
1442 1
1443 1
1444 1
1445 1
1448 1
1449 1
1455 1
1459 1
1461 1
1463 1
1464 2
1466 1
1469 1
1474 1
1475 1
1476 2
1501 1
1519 1
1520 1
1523 1
1531 1
1547 1
1555 1
1608 1
1610 1
1617 1
1620 1
1623 1
1626 1
1656 1
1660 1
1678 1
1680 1
1687 1
1691 1
1692 2
1696 1
1697 1
1703 1
1706 2
1712 1
1720 1
1736 1
1737 1
1739 2
1745 1
1751 1
1753 2
1757 1
1758 1
1763 1
1782 1
1798 2
1800 1
1803 1
1816 1
1819 1
1820 1
1828 1
1830 1
1835 1
1842 1
1844 1
1849 1
1852 1
1872 2
1888 1
1899 1
1900 1
1907 1
1910 1
1913 1
1915 3
1916 1
1932 1
1935 1
1942 1
1966 1
1986 1
2005 1
2007 1
2044 1
2046 1
2047 1
2048 1
2049 1
2052 1
2056 2
2059 1
2069 1
2072 1
2077 1
2080 1
2081 1
2084 1
2087 1
2089 1
2095 1
2096 1
2097 1
2106 1
2109 1
2113 1
2117 1
2120 1
2124 1
2127 1
2128 1
2130 1
2131 3
2133 1
2134 1
2135 1
2140 2
2143 1
2146 2
2165 1
2168 1
2170 1
2172 1
2173 1
2176 1
2178 1
2195 1
2198 2
2206 1
2208 1
2211 1
2214 1
2218 2
2224 2
2233 1
2238 1
2239 2
2251 1
2268 1
2275 1
2282 1
2298 1
2304 1
2316 1
2329 1
2330 1
2332 1
2333 2
2335 2
2340 1
2342 2
2344 1
2345 1
2347 2
2348 1
2352 1
2353 2
2359 1
2360 1
2365 1
2369 1
2371 1
2382 1
2390 1
2408 1
2420 1
2423 1
2441 2
2452 1
2473 1
2478 1
2479 1
2481 1
2489 1
2495 1
2504 2
2505 1
2508 2
2509 3
2512 1
2516 2
2526 1
2529 1
2530 1
2531 1
2532 1
2537 1
2538 1
2540 1
2543 1
2546 1
2547 1
2551 2
2557 2
2559 2
2563 1
2585 1
2586 1
2592 1
2619 1
2623 1
2631 1
2634 2
2650 1
2686 1
2697 1
2703 1
2710 1
2711 2
2712 1
2717 1
2738 1
2739 1
2746 1
2752 1
2758 1
2759 1
2762 1
2768 1
2773 1
2774 1
2778 2
2779 2
2781 1
2786 1
2788 2
2789 1
2790 3
2794 1
2796 1
2797 1
2830 1
2852 1
2860 1
2864 1
2870 2
2875 1
2914 1
2915 2
2916 2
2918 1
2919 1
2921 1
2923 1
2925 1
2938 1
2975 2
2978 1
2981 1
2982 1
2983 1
3008 1
3015 1
3032 1
3036 2
3040 1
3043 1
3047 1
3076 1
3140 1
3151 1
3165 1
3251 1
3334 1
3352 1
3380 1
3390 1
3407 1
3414 2
3415 1
3416 1
3417 1
3422 1
3429 2
3438 1
3461 1
3469 1
3474 1
3477 1
3481 1
3491 1
3503 1
3507 1
3509 1
3517 1
3521 1
3544 1
3548 1
3552 1
3562 1
3566 1
3588 1
3614 1
3632 1
3634 1
3641 1
3652 1
3663 1
3670 1
3682 1
3689 1
3732 1
3739 1
4153 1
4160 1
4172 1
4173 1
4186 1
4193 1
4296 1
4350 1
4361 1
4364 1
4392 1
4435 1
