1 6264496
2 3931194
3 2190804
4 1194388
5 700422
6 491338
7 390273
8 313169
9 234674
10 159656
11 101494
12 58727
13 32080
14 16546
15 8322
16 4188
17 2386
18 1639
19 1483
20 1964
21 3099
22 4928
23 8117
24 13216
25 20905
26 31702
27 45680
28 63862
29 87488
30 115499
31 146475
32 180112
33 214013
34 248233
35 280561
36 307953
37 327707
38 343312
39 349027
40 347783
41 340474
42 325174
43 303916
44 278175
45 248976
46 217548
47 185941
48 157201
49 130383
50 106017
51 85618
52 68198
53 53061
54 40277
55 29839
56 22354
57 16283
58 11563
59 8088
60 5583
61 3805
62 2803
63 1980
64 1498
65 1273
66 1120
67 1099
68 1066
69 1162
70 1274
71 1345
72 1438
73 1586
74 1693
75 1762
76 1786
77 1750
78 1784
79 1607
80 1570
81 1583
82 1520
83 1526
84 1338
85 1231
86 1229
87 1121
88 914
89 808
90 791
91 670
92 560
93 547
94 471
95 355
96 394
97 357
98 346
99 286
100 228
101 217
102 261
103 261
104 280
105 326
106 367
107 408
108 350
109 385
110 463
111 469
112 453
113 487
114 449
115 469
116 477
117 473
118 448
119 466
120 490
121 496
122 578
123 524
124 575
125 580
126 529
127 554
128 533
129 467
130 490
131 456
132 447
133 450
134 448
135 385
136 376
137 341
138 364
139 311
140 305
141 284
142 281
143 256
144 244
145 218
146 186
147 215
148 199
149 197
150 234
151 210
152 218
153 248
154 249
155 230
156 228
157 189
158 188
159 189
160 185
161 182
162 180
163 150
164 133
165 159
166 142
167 147
168 154
169 160
170 154
171 121
172 114
173 95
174 127
175 109
176 123
177 91
178 105
179 98
180 102
181 116
182 97
183 104
184 125
185 118
186 162
187 132
188 139
189 148
190 124
191 135
192 114
193 127
194 133
195 145
196 143
197 123
198 141
199 145
200 116
201 131
202 128
203 121
204 113
205 112
206 96
207 100
208 94
209 79
210 80
211 83
212 61
213 65
214 64
215 62
216 46
217 53
218 65
219 39
220 43
221 40
222 45
223 30
224 37
225 30
226 35
227 37
228 34
229 18
230 26
231 24
232 27
233 25
234 17
235 21
236 26
237 20
238 18
239 17
240 17
241 21
242 10
243 18
244 9
245 31
246 14
247 17
248 12
249 17
250 14
251 15
252 22
253 10
254 11
255 9
256 16
257 13
258 16
259 10
260 14
261 20
262 24
263 20
264 26
265 18
266 13
267 19
268 13
269 13
270 23
271 18
272 9
273 16
274 16
275 10
276 11
277 12
278 19
279 12
280 4
281 17
282 13
283 5
284 12
285 7
286 6
287 9
288 11
289 6
290 7
291 7
292 5
293 7
295 5
296 5
297 1
298 5
299 4
300 3
301 4
302 18
303 6
304 9
305 11
306 5
307 7
308 10
309 12
310 6
311 6
312 5
313 5
314 6
315 1
316 4
317 8
318 3
319 10
320 4
321 3
322 4
323 4
324 10
325 4
327 3
328 3
329 2
330 2
331 4
332 3
333 9
334 3
335 1
336 1
337 3
338 4
339 7
340 9
341 2
342 6
343 12
344 8
345 10
346 3
347 11
348 10
349 9
350 9
351 10
352 5
353 8
354 6
355 3
356 4
357 2
358 2
359 3
360 9
361 5
362 1
363 3
364 7
365 5
366 5
367 5
368 2
369 5
370 6
371 2
372 8
373 3
374 5
375 5
376 4
377 2
378 3
379 6
380 2
381 2
382 7
383 5
384 4
385 4
386 3
387 6
388 6
389 8
390 11
391 7
392 10
393 11
394 5
395 6
397 3
398 1
399 3
400 1
401 2
402 3
403 3
405 5
406 2
407 1
408 6
409 3
410 6
411 1
412 2
413 1
414 2
415 2
416 4
417 3
418 3
419 4
420 3
421 4
422 6
423 5
424 3
425 5
426 3
427 2
428 1
429 4
430 4
431 1
432 3
433 4
434 4
435 1
436 1
437 5
438 2
439 4
440 6
441 2
442 1
443 2
444 2
445 6
446 4
447 5
448 2
450 2
451 1
452 5
453 4
455 3
456 3
457 3
458 2
459 3
461 3
462 5
463 1
464 3
465 3
466 4
467 4
469 8
470 1
472 1
473 1
477 2
478 1
480 1
481 1
482 2
483 5
484 3
485 2
486 2
487 2
488 4
489 1
490 1
492 2
493 2
495 1
498 2
499 1
501 1
502 2
503 3
504 3
505 2
506 2
507 2
508 1
509 2
510 1
513 2
516 1
518 2
520 3
521 6
522 3
523 2
524 5
525 3
526 3
527 3
529 5
530 4
531 1
532 2
533 3
534 4
535 7
536 1
537 2
538 1
539 3
540 2
541 1
542 4
543 4
544 2
545 3
546 2
547 1
548 3
549 1
551 1
552 3
553 3
555 1
556 1
557 1
558 3
559 1
560 1
561 1
562 1
563 2
565 2
566 3
567 1
568 2
569 1
570 3
571 1
572 2
573 3
576 2
577 2
580 1
582 2
587 1
588 1
589 2
590 3
591 1
592 1
593 1
594 3
595 1
596 3
597 2
598 2
601 3
602 1
604 1
605 1
606 1
607 1
611 2
612 2
613 1
614 3
615 3
616 2
617 4
618 2
619 6
621 3
622 1
623 1
624 1
625 2
627 2
628 2
630 2
633 1
634 2
635 2
636 3
637 1
638 1
639 1
640 2
641 1
642 1
651 2
652 2
660 3
663 1
664 1
665 1
668 1
669 1
671 1
673 1
675 1
677 2
678 1
680 2
683 1
684 1
685 2
687 3
689 1
693 1
694 1
695 1
696 2
697 1
698 1
699 1
700 3
702 2
703 1
705 2
706 2
707 1
708 1
711 1
716 1
731 1
737 1
745 1
746 2
749 1
750 2
751 1
752 1
755 1
756 1
758 1
759 1
760 1
761 2
763 1
764 1
766 2
768 2
775 1
779 1
784 2
794 1
801 1
802 1
803 1
808 1
812 1
824 1
828 1
842 1
860 1
863 1
872 1
873 1
875 1
880 1
882 1
883 1
889 1
893 1
904 1
912 1
913 1
914 1
915 1
917 3
918 1
919 1
920 1
922 1
923 2
926 1
927 2
931 1
944 1
946 1
949 1
952 1
960 1
962 1
963 1
965 1
968 1
971 1
984 1
985 1
986 1
988 1
989 1
990 2
995 3
998 1
1006 1
1020 1
1023 1
1031 1
1032 1
1034 1
1037 1
1041 1
1048 1
1055 1
1063 1
1065 1
1068 1
1069 2
1070 1
1071 1
1076 1
1081 1
1082 1
1101 1
1103 1
1105 2
1107 2
1108 3
1111 2
1113 2
1117 2
1119 1
1120 1
1122 2
1123 2
1125 1
1127 1
1128 1
1143 1
1145 2
1150 2
1153 2
1157 2
1158 1
1160 3
1162 1
1164 1
1165 1
1167 1
1172 1
1185 1
1186 1
1188 1
1190 3
1192 1
1194 1
1195 1
1196 1
1197 1
1198 1
1199 1
1207 1
1211 2
1212 1
1217 1
1219 1
1220 1
1221 1
1233 1
1242 1
1243 1
1244 2
1245 1
1248 1
1252 1
1260 1
1262 2
1264 3
1267 1
1269 1
1274 1
1275 1
1276 1
1278 2
1279 2
1280 1
1281 2
1287 1
1291 1
1312 1
1315 1
1316 1
1317 1
1319 1
1321 1
1322 1
1327 1
1333 1
1339 1
1344 1
1352 1
1359 2
1360 1
1362 1
1364 1
1365 1
1374 1
1376 2
1382 1
1384 1
1385 2
1396 2
1397 1
1398 1
1399 1
1400 1
1401 2
1402 2
1404 1
1407 1
1411 2
1417 1
1422 1
1425 1
1426 1
1428 1
1430 1
1432 1
1436 1
1437 1
1444 1
1446 1
1453 1
1455 2
1458 2
1459 2
1460 2
1461 1
1463 1
1465 3
1467 2
1470 1
1471 1
1480 1
1490 2
1491 1
1493 1
1504 1
1506 1
1512 2
1517 1
1524 1
1525 1
1528 2
1532 1
1535 1
1537 1
1545 1
1556 1
1565 1
1569 1
1570 1
1572 1
1573 1
1576 2
1577 1
1578 3
1583 1
1584 1
1589 1
1592 1
1593 1
1614 1
1616 1
1635 1
1643 1
1644 1
1655 1
1670 1
1678 1
1680 3
1681 1
1696 1
1715 1
1724 1
1769 1
1783 1
1786 1
1800 1
1806 1
1809 1
1812 1
1813 1
1820 1
1839 1
1843 1
1845 2
1846 1
1849 2
1859 2
1863 1
1864 2
1865 1
1879 1
1883 1
1898 1
1903 1
1904 1
1905 1
1908 1
1913 1
1915 1
1932 1
1934 1
1936 1
1954 1
1956 1
1957 1
1960 1
1961 1
1996 1
1998 1
1999 1
2147 1
2217 1
2218 1
2219 1
2221 1
2228 2
2248 1
2264 1
2296 1
2298 1
2301 1
