1 5445342
2 4154527
3 2792864
4 1769661
5 1058147
6 626031
7 429567
8 349287
9 322550
10 298769
11 263058
12 214906
13 163936
14 115598
15 74589
16 47143
17 28686
18 16037
19 8809
20 5089
21 2975
22 1946
23 1469
24 1171
25 877
26 628
27 499
28 428
29 418
30 421
31 615
32 932
33 1552
34 2466
35 3731
36 5760
37 8644
38 12814
39 17977
40 24882
41 34329
42 44814
43 58900
44 74887
45 93958
46 114618
47 136467
48 160373
49 184100
50 206877
51 227930
52 246495
53 264595
54 278002
55 285876
56 289554
57 289529
58 284919
59 273985
60 261771
61 245876
62 227892
63 208464
64 187692
65 167791
66 146850
67 127814
68 110108
69 92833
70 78035
71 64273
72 52523
73 41936
74 33321
75 26244
76 20734
77 15807
78 12114
79 8779
80 6739
81 5087
82 3731
83 2808
84 1999
85 1383
86 1030
87 781
88 576
89 459
90 420
91 398
92 449
93 491
94 554
95 614
96 618
97 666
98 746
99 819
100 826
101 939
102 959
103 1026
104 1160
105 1207
106 1240
107 1306
108 1298
109 1363
110 1357
111 1373
112 1385
113 1366
114 1328
115 1308
116 1254
117 1131
118 1166
119 1168
120 1013
121 959
122 919
123 809
124 748
125 756
126 667
127 606
128 546
129 492
130 399
131 361
132 334
133 302
134 253
135 198
136 186
137 155
138 183
139 122
140 134
141 126
142 119
143 119
144 119
145 120
146 117
147 154
148 158
149 157
150 167
151 181
152 215
153 182
154 232
155 272
156 283
157 313
158 294
159 357
160 383
161 423
162 433
163 426
164 464
165 416
166 481
167 476
168 487
169 481
170 425
171 442
172 407
173 417
174 379
175 417
176 425
177 384
178 398
179 358
180 358
181 355
182 360
183 316
184 313
185 322
186 279
187 261
188 254
189 235
190 215
191 217
192 226
193 216
194 217
195 226
196 195
197 189
198 181
199 187
200 200
201 172
202 194
203 169
204 190
205 193
206 186
207 178
208 171
209 154
210 177
211 166
212 166
213 194
214 159
215 160
216 175
217 157
218 154
219 155
220 141
221 145
222 145
223 144
224 118
225 132
226 139
227 157
228 156
229 148
230 127
231 150
232 152
233 131
234 126
235 117
236 102
237 113
238 94
239 89
240 83
241 95
242 83
243 90
244 85
245 85
246 73
247 52
248 52
249 45
250 47
251 44
252 47
253 54
254 61
255 76
256 84
257 82
258 84
259 66
260 90
261 84
262 90
263 79
264 70
265 95
266 95
267 90
268 104
269 102
270 107
271 94
272 116
273 121
274 124
275 110
276 128
277 115
278 133
279 118
280 109
281 117
282 99
283 106
284 92
285 84
286 97
287 91
288 93
289 94
290 99
291 86
292 87
293 82
294 89
295 70
296 79
297 78
298 72
299 89
300 67
301 63
302 58
303 46
304 39
305 51
306 48
307 56
308 52
309 42
310 27
311 35
312 17
313 25
314 15
315 21
316 10
317 18
318 13
319 18
320 11
321 18
322 14
323 12
324 16
325 21
326 12
327 18
328 15
329 15
330 15
331 4
332 8
333 9
334 8
335 11
336 20
337 7
338 15
339 12
340 16
341 18
342 14
343 20
344 22
345 9
346 21
347 11
348 18
349 10
350 12
351 18
352 17
353 17
354 16
355 13
356 8
357 9
358 9
359 9
360 12
361 5
362 8
363 6
364 9
365 7
366 10
367 7
368 10
369 7
370 5
371 11
372 9
373 13
374 16
375 13
376 5
377 11
378 5
379 9
380 9
381 4
382 6
383 8
384 4
385 4
386 3
387 5
388 5
389 8
390 9
391 8
392 11
393 5
394 5
395 6
396 8
397 4
398 6
399 3
400 8
401 2
402 5
403 4
404 7
405 7
406 5
407 9
408 6
409 7
410 3
411 4
412 4
413 1
414 8
415 4
416 7
417 4
418 3
419 5
420 2
421 6
422 3
424 4
425 5
426 5
427 11
428 2
429 7
430 2
431 6
432 1
433 7
434 6
435 1
436 5
437 5
438 7
439 3
440 6
441 6
442 5
443 4
444 5
445 4
446 2
447 7
448 3
449 11
450 4
451 5
452 7
453 2
454 4
455 6
457 2
458 6
459 2
460 2
461 1
462 7
463 3
464 3
465 2
466 4
467 2
468 5
469 4
470 7
471 6
472 2
473 4
474 3
475 2
476 1
477 4
478 5
479 8
480 1
481 4
482 3
483 10
484 1
485 4
486 3
487 6
488 1
489 5
490 6
491 2
492 2
493 3
494 2
495 8
496 7
497 4
498 8
499 4
500 4
501 2
502 3
503 5
504 4
505 5
506 1
507 3
508 6
509 3
510 2
511 2
512 2
514 3
515 2
517 3
518 3
519 1
520 1
521 4
522 1
523 2
524 1
525 2
526 6
527 5
528 4
529 2
530 2
531 3
532 2
533 2
534 1
535 2
536 2
537 3
538 4
540 2
541 2
542 4
543 4
544 2
545 1
546 3
547 6
548 1
549 3
550 6
551 3
552 3
553 4
554 5
555 1
556 1
557 4
558 5
559 6
560 6
561 4
562 1
563 5
564 3
565 7
566 5
567 3
569 3
572 2
573 2
575 3
576 1
577 3
578 3
579 1
580 1
581 1
582 1
583 3
584 7
585 3
586 1
587 2
588 3
589 2
590 1
591 1
592 3
593 4
594 5
595 4
596 5
597 6
598 1
599 2
600 3
601 5
602 4
603 2
604 1
605 5
606 1
607 2
608 2
609 4
610 7
611 3
612 1
613 2
614 5
615 5
617 1
618 2
619 1
620 2
621 2
623 3
624 5
625 2
626 2
627 2
628 1
629 1
630 3
631 1
632 2
633 2
634 1
636 2
639 2
647 3
649 1
652 1
653 1
654 2
655 4
656 2
657 2
658 5
659 1
661 1
662 2
663 2
664 4
665 2
666 3
667 2
669 1
670 1
671 3
673 1
674 4
675 1
677 1
678 2
679 2
680 2
684 1
686 4
687 4
688 2
700 1
701 2
703 3
705 1
706 1
707 1
708 3
709 1
710 5
711 2
712 4
713 1
714 2
715 3
716 3
718 4
719 3
720 2
721 5
722 4
723 4
724 2
726 2
727 3
728 2
729 1
731 2
732 3
733 1
734 1
735 2
736 2
740 3
741 4
742 1
746 2
747 2
750 2
751 1
752 2
753 2
754 1
755 2
756 4
758 1
759 2
760 1
761 1
762 1
763 3
764 3
765 2
766 1
767 2
768 5
769 1
770 3
771 2
772 3
773 2
774 1
775 2
776 1
777 2
778 3
779 1
782 1
783 1
784 2
786 4
787 3
790 1
791 1
793 2
794 1
795 1
799 1
800 2
801 2
802 2
803 1
804 2
806 1
807 1
808 1
810 3
811 1
814 1
815 1
817 4
819 2
820 1
825 3
827 1
828 1
829 4
830 1
831 2
835 1
837 4
838 2
839 3
840 1
841 1
842 1
843 1
844 2
845 2
846 1
848 4
850 3
852 1
855 2
858 2
859 1
860 3
861 2
864 1
865 2
866 1
867 2
869 1
870 2
871 2
875 1
878 1
880 1
881 2
883 1
884 1
886 1
887 1
890 2
896 1
899 1
902 1
903 2
904 1
905 2
910 1
911 2
912 2
913 2
915 1
916 2
917 1
920 1
922 1
924 1
934 1
937 1
938 1
940 1
943 1
944 1
956 2
957 1
958 1
960 1
961 1
963 1
966 1
967 1
968 1
971 1
973 1
976 1
979 2
980 2
981 1
982 3
983 3
984 1
986 4
987 3
989 1
990 1
991 2
992 1
996 1
998 1
999 1
1002 1
1004 1
1011 1
1017 1
1039 1
1042 1
1045 1
1046 1
1049 2
1052 1
1058 1
1064 1
1066 1
1073 1
1074 1
1076 1
1077 1
1078 1
1079 1
1082 1
1083 1
1086 1
1087 1
1100 2
1105 1
1111 1
1115 1
1119 1
1150 2
1156 2
1167 1
1174 1
1176 1
1179 1
1195 1
1200 1
1217 1
1221 1
1227 2
1228 1
1249 1
1257 1
1258 1
1260 1
1261 1
1276 1
1285 1
1288 1
1290 1
1293 1
1297 1
1305 1
1316 1
1327 2
1328 1
1332 1
1336 1
1339 1
1343 2
1345 2
1346 2
1349 1
1350 1
1351 1
1356 1
1365 2
1370 1
1372 2
1377 1
1382 1
1385 2
1404 1
1405 1
1411 1
1412 2
1413 1
1414 1
1424 1
1427 1
1429 1
1430 1
1452 1
1459 1
1465 1
1470 2
1513 1
1515 1
1517 1
1518 1
1526 1
1529 1
1534 1
1545 1
1547 1
1549 2
1553 1
1554 1
1578 2
1582 1
1588 2
1590 1
1591 1
1592 1
1593 1
1595 1
1597 1
1599 1
1600 1
1601 1
1603 1
1607 2
1608 1
1609 1
1612 1
1613 1
1616 2
1618 1
1621 1
1633 1
1635 1
1636 1
1641 1
1647 2
1649 1
1652 1
1653 1
1654 1
1657 1
1662 1
1665 1
1666 1
1671 1
1677 1
1678 1
1679 1
1680 1
1688 1
1690 1
1691 1
1695 1
1698 1
1701 1
1706 2
1708 1
1709 2
1716 1
1718 1
1722 1
1723 1
1725 1
1742 1
1756 1
1757 1
1758 1
1759 2
1766 1
1768 1
1776 1
1777 1
1779 1
1780 1
1787 1
1790 1
1792 1
1793 3
1794 1
1798 1
1800 1
1802 1
1807 1
1809 1
1819 1
1843 2
1851 1
1853 1
1855 2
1856 1
1861 1
1862 1
1864 1
1866 1
1871 1
1872 2
1873 1
1877 1
1881 1
1882 3
1883 1
1887 1
1888 1
1893 1
1896 1
1901 1
1908 1
1911 1
1919 1
1923 2
1928 1
1930 2
1942 1
1947 2
1950 1
1951 1
1952 3
1955 1
1956 1
1957 2
1959 1
1963 1
1987 1
1990 2
2000 1
2023 1
2024 1
2034 1
2035 1
2051 1
2057 1
2061 1
2066 1
2069 1
2070 1
2071 2
2073 1
2074 2
2075 1
2081 1
2085 1
2102 2
2105 3
2107 1
2114 1
2118 1
2120 1
2126 1
2127 1
2131 1
2132 1
2135 1
2140 1
2141 2
2146 1
2152 1
2158 1
2159 1
2160 1
2167 1
2168 1
2189 1
2190 1
2191 2
2195 1
2198 1
2199 1
2200 2
2201 1
2206 1
2235 2
2239 1
2243 1
2283 1
2299 1
2344 1
2349 2
2350 1
2351 1
2352 1
2354 1
2397 2
2404 1
2460 1
2467 1
2536 1
2561 1
2566 1
2570 1
2573 1
2576 1
2577 1
2578 2
2579 1
2581 1
2583 1
2584 1
2594 1
2606 1
2621 1
2628 1
2634 1
2641 1
2644 1
2678 1
2680 1
2690 1
2691 2
2696 1
2699 2
2703 1
2733 1
2745 1
2753 1
2754 1
2756 1
2771 1
2781 1
2815 1
2827 1
2882 1
2884 1
3154 1
3261 1
3266 1
3272 1
3273 1
3279 1
3307 1
3338 1
3343 1
3359 1
3360 1
3386 1
