1 4352616
2 3915798
3 3039462
4 2275643
5 1631742
6 1086197
7 673353
8 412998
9 281420
10 237640
11 234439
12 244413
13 251775
14 246932
15 225297
16 194648
17 159412
18 122845
19 89603
20 62793
21 41346
22 26564
23 16054
24 9721
25 6059
26 3621
27 2627
28 1821
29 1422
30 1143
31 1030
32 829
33 688
34 548
35 423
36 320
37 299
38 195
39 127
40 78
41 73
42 69
43 65
44 92
45 137
46 180
47 246
48 426
49 573
50 949
51 1355
52 1911
53 2646
54 3863
55 5397
56 7660
57 10810
58 15064
59 19336
60 25146
61 31957
62 40350
63 49885
64 60966
65 73664
66 86736
67 101725
68 117067
69 133052
70 148197
71 164470
72 180008
73 194961
74 208190
75 220530
76 228551
77 233650
78 239407
79 241237
80 237807
81 234607
82 228253
83 220899
84 210441
85 199368
86 186790
87 174260
88 159435
89 145830
90 131933
91 118544
92 104571
93 91932
94 80641
95 69661
96 59739
97 51278
98 42966
99 35803
100 29846
101 24685
102 20204
103 16000
104 13213
105 10415
106 8060
107 6315
108 5032
109 3866
110 3126
111 2314
112 1819
113 1400
114 1005
115 704
116 527
117 378
118 294
119 227
120 181
121 149
122 120
123 107
124 108
125 104
126 100
127 97
128 114
129 151
130 156
131 210
132 223
133 262
134 268
135 304
136 312
137 364
138 421
139 518
140 557
141 617
142 667
143 755
144 792
145 862
146 880
147 959
148 980
149 1049
150 1118
151 1124
152 1139
153 1173
154 1156
155 1288
156 1203
157 1279
158 1273
159 1229
160 1195
161 1155
162 1104
163 1060
164 1046
165 982
166 939
167 858
168 781
169 703
170 626
171 593
172 581
173 499
174 434
175 450
176 415
177 352
178 316
179 311
180 276
181 264
182 239
183 209
184 194
185 137
186 144
187 138
188 109
189 100
190 80
191 67
192 50
193 47
194 35
195 46
196 35
197 40
198 27
199 31
200 34
201 20
202 32
203 29
204 57
205 60
206 67
207 78
208 99
209 86
210 118
211 115
212 158
213 160
214 157
215 168
216 205
217 199
218 245
219 203
220 255
221 240
222 225
223 246
224 259
225 267
226 291
227 309
228 327
229 354
230 294
231 310
232 270
233 325
234 319
235 345
236 353
237 331
238 323
239 293
240 335
241 323
242 337
243 345
244 340
245 358
246 374
247 310
248 343
249 278
250 323
251 282
252 278
253 304
254 296
255 265
256 257
257 276
258 282
259 277
260 215
261 221
262 186
263 181
264 166
265 131
266 130
267 141
268 140
269 131
270 127
271 117
272 96
273 102
274 109
275 99
276 102
277 104
278 112
279 110
280 112
281 98
282 111
283 95
284 118
285 115
286 112
287 113
288 131
289 105
290 120
291 118
292 116
293 123
294 127
295 124
296 132
297 118
298 107
299 115
300 136
301 123
302 122
303 121
304 126
305 148
306 120
307 129
308 145
309 118
310 143
311 127
312 125
313 121
314 141
315 121
316 103
317 123
318 114
319 126
320 107
321 87
322 118
323 101
324 85
325 84
326 92
327 68
328 74
329 81
330 78
331 76
332 76
333 69
334 65
335 68
336 41
337 53
338 41
339 40
340 45
341 31
342 29
343 36
344 34
345 28
346 29
347 28
348 35
349 34
350 37
351 36
352 31
353 18
354 29
355 28
356 30
357 32
358 30
359 28
360 51
361 44
362 41
363 51
364 54
365 46
366 59
367 43
368 57
369 54
370 73
371 59
372 55
373 79
374 70
375 69
376 79
377 99
378 90
379 88
380 111
381 117
382 109
383 100
384 108
385 111
386 105
387 100
388 73
389 116
390 86
391 72
392 91
393 81
394 75
395 100
396 86
397 79
398 55
399 83
400 65
401 67
402 57
403 63
404 67
405 48
406 57
407 50
408 59
409 54
410 61
411 45
412 51
413 46
414 53
415 51
416 41
417 41
418 48
419 40
420 55
421 46
422 38
423 43
424 25
425 32
426 34
427 35
428 27
429 19
430 23
431 20
432 20
433 14
434 15
435 13
436 13
437 13
438 18
439 12
440 18
441 10
442 15
443 10
444 16
445 9
446 18
447 17
448 16
449 20
450 23
451 19
452 8
453 14
454 15
455 15
456 13
457 14
458 16
459 10
460 21
461 13
462 15
463 16
464 13
465 22
466 15
467 16
468 16
469 15
470 15
471 13
472 14
473 22
474 18
475 12
476 9
477 8
478 7
479 8
480 6
481 6
482 7
483 9
484 12
485 7
486 4
487 8
488 10
489 8
490 7
491 7
492 6
493 6
494 6
495 10
496 5
497 8
498 4
499 5
500 6
501 8
502 3
503 2
504 4
505 1
506 7
507 5
508 4
509 4
510 7
511 3
512 4
513 6
514 6
515 5
516 2
517 5
518 3
519 8
520 5
521 6
522 3
523 10
524 4
525 5
526 9
527 6
528 7
529 7
530 7
531 8
532 7
533 9
534 8
535 9
536 8
537 7
538 9
539 7
540 12
541 14
542 6
543 10
544 8
545 9
546 6
547 8
548 13
549 5
550 10
551 4
552 10
553 2
554 7
555 6
556 1
557 7
558 8
559 3
560 5
561 4
562 5
563 4
564 4
565 2
566 6
567 3
568 4
569 3
570 3
571 1
572 5
573 2
575 5
576 3
577 5
578 5
579 3
580 4
581 4
582 2
583 4
584 3
585 3
586 1
587 2
589 1
590 4
591 2
592 2
593 2
594 3
595 1
596 4
597 3
598 3
599 2
600 5
601 2
602 4
603 3
604 4
605 8
606 9
607 8
608 4
609 4
610 4
611 5
612 4
613 2
614 4
615 2
616 2
617 4
618 4
619 3
620 2
621 9
622 5
623 3
624 5
625 4
626 4
627 3
628 2
629 6
630 5
631 3
632 1
633 3
634 4
635 4
636 6
637 3
638 3
639 3
640 2
641 4
642 5
643 2
645 3
647 1
648 2
649 3
650 4
651 1
652 2
653 2
654 1
656 1
657 1
658 2
659 2
660 1
661 2
662 4
663 2
664 1
665 3
666 3
667 3
668 2
669 3
670 1
671 4
672 2
673 2
674 2
675 2
676 4
677 4
678 2
679 5
680 3
681 6
682 4
683 3
684 7
685 4
686 7
687 4
688 2
689 3
690 8
691 3
692 5
693 4
694 2
696 2
697 2
698 2
699 1
700 3
701 1
702 3
703 1
704 2
705 3
706 2
708 1
709 6
710 5
711 3
712 3
714 1
717 6
718 1
719 3
720 2
721 3
722 1
723 2
724 3
725 3
726 5
727 1
731 1
732 2
733 2
734 1
735 3
736 4
737 1
738 1
740 2
741 2
742 1
744 1
745 1
746 3
747 1
748 2
749 4
750 3
751 3
752 4
753 3
754 3
755 4
756 4
757 3
758 3
759 7
760 5
761 1
762 3
763 1
764 5
766 5
769 3
770 4
771 3
772 3
773 5
774 4
775 5
776 5
777 3
778 3
779 3
780 1
781 2
782 2
783 2
784 2
785 2
786 2
787 1
789 2
790 2
791 1
792 1
793 1
795 2
796 1
798 1
799 1
803 1
805 1
807 1
810 1
813 1
814 1
817 2
818 3
819 1
820 2
821 1
822 1
823 2
824 1
825 1
826 2
827 2
828 7
829 2
830 1
831 6
832 3
833 6
834 3
835 4
836 1
837 1
838 5
839 1
840 2
841 2
842 3
843 1
844 3
845 2
847 1
848 1
849 1
850 2
851 1
852 3
853 2
854 4
855 3
856 3
857 4
859 2
860 3
861 2
862 2
863 1
864 1
865 2
867 1
868 1
869 1
870 3
871 3
873 1
874 2
875 2
883 1
886 1
888 1
893 1
895 2
899 2
900 1
902 3
903 2
906 2
909 2
910 1
911 1
912 1
913 3
915 2
916 3
918 3
919 1
920 2
921 1
922 2
924 1
926 1
927 2
929 2
930 1
931 1
932 1
934 3
935 3
937 1
938 5
940 1
941 1
943 4
944 1
946 2
947 2
948 1
951 1
952 2
958 1
959 1
960 1
962 1
963 1
973 2
975 1
978 1
980 2
981 1
983 2
984 1
985 2
986 2
988 1
989 6
990 2
991 3
993 1
995 2
996 2
997 3
998 2
1000 2
1001 2
1005 2
1006 2
1007 1
1008 1
1009 3
1012 1
1014 1
1016 2
1019 1
1020 1
1021 2
1025 4
1026 1
1027 1
1028 2
1029 1
1031 1
1032 2
1033 1
1035 3
1037 1
1038 2
1040 1
1041 1
1042 1
1043 1
1044 2
1045 1
1047 3
1048 1
1051 2
1052 1
1053 1
1056 3
1057 1
1058 1
1060 2
1062 1
1064 1
1066 2
1067 1
1068 2
1069 2
1070 1
1071 1
1072 2
1074 1
1076 2
1077 1
1079 2
1080 3
1081 2
1082 1
1083 1
1084 2
1088 2
1089 1
1090 2
1091 2
1092 3
1093 3
1094 4
1095 2
1096 1
1097 2
1101 3
1107 1
1108 1
1109 2
1114 3
1115 1
1116 3
1117 2
1118 3
1119 1
1122 1
1124 1
1125 1
1126 3
1128 1
1130 1
1131 1
1133 3
1140 1
1146 1
1151 1
1152 1
1153 2
1156 1
1157 1
1159 1
1162 1
1164 1
1166 1
1169 1
1171 1
1172 1
1173 2
1175 1
1177 2
1178 1
1179 1
1180 1
1181 2
1182 1
1183 1
1184 1
1185 1
1186 2
1188 2
1191 1
1192 1
1196 1
1203 1
1204 1
1207 2
1211 1
1213 1
1222 1
1229 1
1230 2
1233 1
1234 1
1238 1
1239 2
1240 2
1241 1
1244 1
1248 2
1249 1
1250 1
1251 1
1252 2
1254 1
1255 2
1256 1
1258 2
1260 1
1262 1
1264 1
1265 1
1266 1
1269 1
1271 2
1272 1
1273 3
1277 1
1279 1
1280 2
1282 1
1283 1
1285 1
1291 2
1293 1
1294 1
1297 1
1300 4
1303 1
1306 1
1307 2
1308 1
1309 2
1310 2
1313 1
1316 1
1322 1
1326 1
1328 2
1329 1
1331 1
1332 1
1337 2
1340 1
1341 1
1343 1
1344 1
1346 2
1350 1
1351 1
1353 1
1379 1
1387 1
1388 1
1392 1
1395 2
1402 1
1405 2
1406 1
1407 1
1408 1
1411 1
1412 2
1415 1
1417 1
1419 1
1421 1
1423 3
1424 1
1430 1
1443 1
1446 1
1453 1
1481 1
1482 1
1484 1
1485 1
1487 1
1488 1
1489 1
1492 1
1494 1
1495 1
1498 1
1500 1
1501 1
1503 1
1505 2
1506 1
1507 1
1511 1
1519 1
1548 1
1555 1
1559 1
1560 1
1566 1
1602 1
1611 1
1645 1
1654 1
1659 1
1660 1
1663 1
1669 1
1672 2
1684 1
1697 1
1735 1
1744 1
1745 2
1755 1
1762 1
1766 1
1793 1
1796 1
1802 1
1811 1
1814 1
1826 1
1836 1
1841 1
1842 1
1844 1
1861 1
1868 2
1869 1
1870 1
1871 1
1873 2
1874 1
1875 1
1877 1
1885 1
1894 1
1895 3
1901 1
1903 2
1905 1
1911 1
1916 1
1921 1
1924 1
1931 1
1934 1
1937 1
1940 2
1954 1
1958 1
1964 1
1969 1
1987 1
1998 1
2000 1
2009 1
2034 1
2036 1
2076 1
2083 1
2100 1
2106 1
2113 1
2121 1
2125 2
2130 1
2158 1
2161 1
2174 1
2193 1
2194 1
2197 2
2202 1
2203 1
2206 1
2207 1
2209 1
2211 1
2212 1
2215 1
2219 1
2221 2
2222 1
2223 1
2230 1
2232 1
2233 1
2243 1
2247 1
2248 1
2250 1
2259 2
2263 1
2267 1
2275 1
2279 1
2280 2
2284 1
2289 1
2295 1
2296 1
2299 1
2312 1
2321 1
2323 1
2330 1
2334 1
2335 1
2336 1
2337 2
2344 1
2347 1
2348 1
2349 1
2350 1
2353 1
2358 1
2364 2
2366 1
2367 1
2376 1
2380 1
2402 1
2406 1
2407 1
2409 1
2413 1
2420 1
2441 1
2445 1
2447 2
2461 2
2471 1
2481 1
2489 1
2490 2
2491 1
2493 1
2495 2
2500 1
2505 2
2514 1
2533 1
2534 1
2537 1
2567 1
2583 1
2587 1
2617 1
2635 1
2636 1
2638 1
2641 1
2646 1
2653 1
2660 1
2662 1
2667 1
2668 1
2678 1
2697 1
2698 1
2700 1
2701 1
2703 1
2712 1
2716 1
2718 1
2720 1
2722 1
2723 1
2725 1
2726 1
2729 3
2731 2
2735 2
2737 1
2745 1
2746 1
2748 1
2750 2
2752 1
2755 1
2758 1
2771 1
2779 1
2780 1
2782 1
2787 1
2789 1
2797 1
2800 1
2807 1
2814 1
2818 1
2819 1
2821 1
2823 1
2831 1
2833 1
2835 2
2837 1
2857 1
2858 1
2862 1
2873 1
2875 1
2881 1
2883 1
2906 1
2913 1
2919 1
2937 1
2946 1
2955 1
2968 1
2977 1
2981 1
2985 1
2986 1
2989 1
2997 1
2998 1
3016 1
3017 1
3023 1
3025 1
3031 1
3034 1
3037 1
3038 1
3042 1
3049 1
3055 1
3057 2
3082 1
3086 2
3088 1
3098 1
3105 1
3106 1
3110 1
3113 1
3123 1
3150 1
3183 1
3192 1
3194 1
3195 1
3235 1
3242 1
3253 1
3264 1
3270 1
3272 1
3283 1
3347 1
3348 1
3429 1
3514 2
3528 1
3530 1
3546 1
3548 1
3552 1
3559 1
3567 1
3571 2
3572 1
3582 1
3583 1
3586 1
3613 1
3624 1
3626 1
3632 1
3633 1
3668 1
3685 1
3687 1
3690 1
3697 1
3750 1
3755 1
3759 1
3766 1
3768 1
3774 1
3777 1
3794 1
3801 1
3804 1
3856 1
3863 1
3873 1
3937 1
3943 1
3948 1
4543 1
4550 1
4551 1
4562 1
4564 1
4573 1
4612 1
4618 1
4709 1
4800 1
4808 1
4880 1
