1 7631032
2 4554924
3 2121494
4 823384
5 268032
6 82725
7 27931
8 18990
9 25041
10 41753
11 70568
12 112223
13 164096
14 225527
15 288302
16 346913
17 395459
18 420996
19 429915
20 415379
21 379525
22 333544
23 279369
24 223715
25 173545
26 127097
27 91074
28 62957
29 41931
30 26614
31 17732
32 11644
33 7348
34 4753
35 3491
36 2880
37 2299
38 2120
39 2002
40 1874
41 1418
42 1411
43 1274
44 1134
45 954
46 890
47 795
48 576
49 431
50 392
51 313
52 294
53 298
54 326
55 320
56 316
57 355
58 308
59 300
60 335
61 320
62 332
63 353
64 297
65 327
66 372
67 351
68 289
69 305
70 331
71 352
72 372
73 413
74 346
75 325
76 294
77 305
78 319
79 307
80 309
81 303
82 325
83 341
84 278
85 254
86 242
87 219
88 172
89 174
90 163
91 129
92 107
93 97
94 101
95 88
96 66
97 62
98 39
99 31
100 24
101 28
102 13
103 10
104 12
105 8
106 8
107 1
108 3
110 2
111 1
112 1
113 5
114 2
115 1
117 2
118 5
119 7
120 2
121 2
122 2
125 2
126 3
127 1
129 1
131 1
133 1
137 1
139 1
140 1
142 1
144 1
145 1
146 1
147 2
148 3
150 2
151 1
152 1
153 2
154 1
155 1
156 1
157 1
159 1
169 2
179 1
180 1
205 1
215 1
336 1
380 1
381 1
382 1
383 1
391 2
392 1
395 1
428 1
430 1
433 1
