1 2399657
2 2927860
3 2897482
4 2806378
5 2704494
6 2487933
7 2103425
8 1610868
9 1120690
10 717757
11 428736
12 242897
13 131809
14 68741
15 36813
16 20523
17 12678
18 8990
19 6648
20 5169
21 4503
22 3762
23 3045
24 2783
25 2437
26 2122
27 1714
28 1501
29 1310
30 1280
31 1154
32 1071
33 1052
34 894
35 858
36 721
37 767
38 672
39 647
40 635
41 603
42 622
43 547
44 445
45 536
46 619
47 730
48 801
49 1002
50 1400
51 1934
52 2648
53 3823
54 5140
55 7292
56 10128
57 13638
58 18298
59 24165
60 31217
61 39553
62 48278
63 59233
64 71448
65 85628
66 99971
67 115702
68 131979
69 146922
70 161544
71 175669
72 187211
73 197351
74 206633
75 211753
76 213298
77 214840
78 211777
79 208333
80 199308
81 188754
82 176452
83 163567
84 149755
85 135616
86 121416
87 107646
88 94818
89 83413
90 71185
91 59931
92 51472
93 42034
94 34775
95 28344
96 22927
97 18262
98 14389
99 11133
100 8362
101 6311
102 4938
103 3497
104 2600
105 2034
106 1458
107 1094
108 792
109 621
110 425
111 317
112 225
113 169
114 147
115 127
116 118
117 102
118 94
119 75
120 56
121 47
122 49
123 52
124 50
125 65
126 78
127 69
128 94
129 89
130 86
131 123
132 146
133 185
134 212
135 267
136 275
137 375
138 411
139 446
140 481
141 587
142 547
143 619
144 666
145 703
146 789
147 775
148 784
149 841
150 867
151 916
152 914
153 965
154 932
155 859
156 841
157 887
158 880
159 820
160 737
161 812
162 703
163 642
164 601
165 587
166 515
167 420
168 423
169 383
170 365
171 352
172 315
173 306
174 211
175 202
176 191
177 152
178 135
179 129
180 106
181 85
182 73
183 66
184 62
185 50
186 32
187 46
188 29
189 30
190 25
191 26
192 24
193 18
194 17
195 17
196 21
197 12
198 16
199 19
200 15
201 25
202 26
203 21
204 24
205 26
206 32
207 28
208 24
209 29
210 59
211 52
212 57
213 69
214 66
215 86
216 81
217 67
218 71
219 80
220 83
221 79
222 100
223 99
224 103
225 116
226 114
227 121
228 99
229 109
230 98
231 116
232 133
233 116
234 131
235 138
236 141
237 104
238 97
239 89
240 87
241 86
242 77
243 57
244 70
245 70
246 67
247 55
248 63
249 54
250 48
251 64
252 63
253 53
254 60
255 51
256 49
257 51
258 55
259 32
260 40
261 43
262 53
263 40
264 39
265 51
266 46
267 40
268 51
269 47
270 52
271 44
272 60
273 67
274 57
275 63
276 56
277 56
278 61
279 76
280 71
281 70
282 62
283 67
284 83
285 74
286 80
287 89
288 116
289 122
290 131
291 113
292 123
293 114
294 143
295 133
296 127
297 127
298 129
299 121
300 124
301 148
302 148
303 139
304 141
305 147
306 143
307 150
308 133
309 155
310 134
311 166
312 167
313 144
314 171
315 133
316 126
317 138
318 150
319 129
320 111
321 102
322 82
323 96
324 89
325 108
326 93
327 76
328 86
329 103
330 84
331 77
332 66
333 75
334 58
335 60
336 53
337 45
338 51
339 36
340 44
341 41
342 41
343 39
344 33
345 33
346 32
347 35
348 30
349 21
350 28
351 32
352 25
353 27
354 25
355 25
356 12
357 21
358 19
359 27
360 19
361 24
362 28
363 17
364 21
365 24
366 25
367 17
368 11
369 7
370 8
371 11
372 11
373 12
374 9
375 6
376 8
377 6
378 8
379 1
380 5
381 4
382 1
383 6
384 6
385 6
386 7
387 6
388 3
389 3
390 7
391 3
392 4
393 5
394 3
395 4
396 2
397 2
399 1
401 4
402 2
403 2
404 2
405 2
407 1
408 1
411 2
412 1
413 1
414 1
415 1
417 1
418 1
419 1
420 1
421 1
422 1
424 1
425 4
426 1
427 1
428 1
429 1
431 1
436 1
439 1
442 2
443 1
444 3
447 1
448 1
449 1
453 1
454 1
457 1
458 1
460 1
461 3
462 1
466 2
468 2
471 1
475 1
479 1
480 1
487 1
488 2
519 1
560 1
566 1
578 1
579 1
581 1
582 1
584 2
587 1
590 1
593 1
626 1
630 2
640 1
641 1
683 1
687 1
693 1
696 1
700 1
701 1
708 2
741 1
775 1
809 1
975 1
1468 1
1681 1
1685 2
1690 1
1724 1
1735 1
1736 2
1848 1
1850 1
1936 1
