1 199865
2 571302
3 1100835
4 1623215
5 1934871
6 1956015
7 1749026
8 1469659
9 1207688
10 1034175
11 970831
12 988526
13 1062431
14 1149271
15 1225267
16 1270497
17 1272872
18 1236378
19 1154942
20 1042666
21 912826
22 772115
23 636437
24 509632
25 396375
26 300228
27 219625
28 158103
29 111645
30 77046
31 52507
32 36470
33 25938
34 18408
35 13797
36 10536
37 8374
38 6765
39 5795
40 5256
41 4848
42 4464
43 4014
44 3623
45 3364
46 3169
47 2902
48 2764
49 2405
50 2272
51 1927
52 1891
53 1719
54 1652
55 1419
56 1338
57 1264
58 1180
59 1219
60 1154
61 1186
62 1159
63 1132
64 1034
65 1135
66 1152
67 1133
68 1120
69 1075
70 1123
71 1020
72 951
73 961
74 905
75 948
76 953
77 938
78 995
79 861
80 819
81 737
82 732
83 688
84 660
85 600
86 529
87 539
88 446
89 392
90 395
91 345
92 353
93 360
94 286
95 300
96 309
97 281
98 247
99 265
100 201
101 203
102 210
103 211
104 197
105 203
106 208
107 195
108 191
109 172
110 161
111 151
112 136
113 153
114 124
115 119
116 115
117 104
118 77
119 96
120 94
121 104
122 92
123 89
124 122
125 104
126 76
127 93
128 80
129 81
130 64
131 67
132 71
133 84
134 81
135 71
136 59
137 65
138 75
139 79
140 59
141 74
142 86
143 73
144 86
145 90
146 98
147 81
148 71
149 66
150 74
151 77
152 83
153 84
154 82
155 80
156 82
157 74
158 80
159 70
160 55
161 53
162 56
163 64
164 61
165 67
166 62
167 54
168 63
169 71
170 63
171 57
172 65
173 61
174 64
175 53
176 74
177 70
178 55
179 61
180 66
181 77
182 53
183 65
184 71
185 72
186 59
187 65
188 59
189 67
190 42
191 48
192 45
193 39
194 35
195 27
196 22
197 35
198 36
199 33
200 26
201 15
202 21
203 12
204 11
205 25
206 26
207 13
208 22
209 11
210 7
211 11
212 12
213 11
214 7
215 13
216 11
217 12
218 7
219 11
220 7
221 5
222 7
223 6
224 7
225 7
226 8
227 7
228 12
229 9
230 11
231 9
232 12
233 7
234 9
235 4
236 8
237 4
238 4
239 3
240 3
241 2
242 8
243 8
244 5
245 12
246 5
247 4
248 8
249 5
250 4
251 8
252 4
253 3
254 1
255 1
256 4
257 3
258 5
259 2
260 2
261 9
262 3
263 1
264 3
265 3
266 5
267 1
269 1
270 8
271 5
272 2
273 6
274 3
275 3
276 5
277 2
278 5
279 6
280 3
281 2
282 5
283 1
284 1
285 1
287 2
288 1
289 2
290 1
291 2
293 1
295 2
297 2
300 2
301 1
302 1
303 1
304 2
305 6
306 2
307 1
308 3
309 8
310 4
311 4
312 7
313 3
314 3
315 4
316 2
317 5
318 6
319 6
320 5
321 2
322 10
323 2
324 3
325 3
326 4
327 7
328 4
329 3
330 4
331 4
332 4
333 8
334 4
335 1
336 3
337 5
338 3
339 1
340 2
344 1
345 2
347 2
349 1
350 1
351 1
352 2
353 5
354 3
355 3
356 1
357 4
358 2
359 1
362 1
364 1
365 1
367 1
368 1
370 3
371 1
372 2
373 3
374 1
375 2
376 1
377 1
378 1
381 2
383 2
387 1
390 2
391 5
393 2
394 2
395 2
396 4
397 2
399 1
400 1
401 1
402 2
404 1
405 1
406 1
407 1
408 1
409 2
410 1
411 2
412 4
415 1
416 3
417 1
419 1
420 3
421 2
422 3
423 1
424 2
425 2
426 1
427 5
428 4
429 1
430 2
431 1
436 2
438 1
441 3
442 1
444 3
445 3
446 4
447 2
448 5
449 1
451 1
452 1
454 1
455 3
456 1
458 1
459 1
460 1
461 1
467 1
468 1
469 2
470 2
472 1
474 1
475 1
481 1
482 1
484 1
485 1
487 1
488 1
490 3
491 1
492 2
493 2
494 1
495 2
496 1
497 4
498 2
500 1
504 1
506 1
508 1
509 1
510 1
511 3
512 2
513 1
515 1
516 1
517 1
518 2
520 3
522 3
526 2
527 2
528 1
530 2
531 1
532 1
533 1
534 1
536 1
537 1
541 1
542 1
544 2
545 1
546 1
547 2
548 2
549 1
550 2
556 2
560 2
561 1
562 2
563 1
564 1
565 1
568 1
570 1
576 3
578 1
579 2
580 1
581 1
582 2
583 1
587 1
589 1
591 4
592 4
594 2
597 1
599 1
601 1
624 1
629 3
630 1
631 1
632 1
633 3
635 1
636 1
637 2
641 1
654 1
661 1
665 1
667 1
670 1
671 2
675 1
676 1
677 2
679 1
683 1
688 1
689 1
692 1
693 1
698 1
704 1
715 1
718 1
720 1
723 1
726 1
729 1
732 1
734 2
735 1
737 2
738 1
754 1
762 1
774 1
775 1
776 1
780 2
786 1
788 1
793 1
808 1
813 1
814 1
817 1
818 1
832 2
834 2
836 1
838 1
842 1
854 1
855 1
857 1
858 1
861 1
863 1
864 1
867 2
870 1
872 1
874 2
876 1
878 1
886 1
902 1
1628 1
1630 1
1631 1
1634 1
1638 1
1641 1
1643 1
1652 3
