1 4343344
2 3916867
3 3043349
4 2283986
5 1633122
6 1085825
7 668742
8 410472
9 278855
10 234385
11 235483
12 247837
13 254837
14 248566
15 227251
16 194413
17 158818
18 121155
19 89495
20 62201
21 40678
22 26022
23 16147
24 9691
25 6168
26 3861
27 2565
28 1859
29 1399
30 1135
31 896
32 653
33 520
34 428
35 400
36 354
37 240
38 219
39 154
40 105
41 101
42 90
43 82
44 86
45 160
46 159
47 229
48 382
49 548
50 867
51 1347
52 2034
53 2746
54 4077
55 5880
56 8048
57 11021
58 14607
59 19044
60 25098
61 31978
62 40214
63 49858
64 61216
65 73298
66 86506
67 101481
68 117116
69 133242
70 149749
71 166123
72 181971
73 195689
74 207512
75 218376
76 227541
77 235255
78 237929
79 238864
80 238840
81 236147
82 229082
83 220917
84 211715
85 200116
86 187487
87 173160
88 159642
89 144377
90 130391
91 116335
92 104577
93 91977
94 80642
95 69643
96 59522
97 50846
98 42658
99 35537
100 29549
101 24327
102 20269
103 16425
104 13355
105 10465
106 8452
107 6621
108 5401
109 4059
110 3136
111 2453
112 1967
113 1331
114 1029
115 719
116 518
117 362
118 253
119 179
120 192
121 126
122 119
123 111
124 97
125 103
126 102
127 114
128 141
129 163
130 151
131 193
132 193
133 232
134 265
135 326
136 337
137 387
138 441
139 524
140 562
141 597
142 637
143 807
144 817
145 854
146 919
147 981
148 994
149 1041
150 1064
151 1093
152 1110
153 1149
154 1162
155 1145
156 1094
157 1177
158 1159
159 1173
160 1138
161 1100
162 1098
163 954
164 1013
165 899
166 893
167 809
168 832
169 728
170 692
171 635
172 565
173 579
174 556
175 492
176 498
177 439
178 396
179 409
180 342
181 296
182 248
183 225
184 176
185 159
186 137
187 107
188 124
189 76
190 79
191 57
192 54
193 56
194 40
195 39
196 45
197 39
198 38
199 33
200 52
201 43
202 54
203 68
204 65
205 71
206 87
207 91
208 118
209 122
210 86
211 106
212 130
213 116
214 131
215 137
216 153
217 191
218 182
219 188
220 179
221 198
222 204
223 265
224 253
225 283
226 269
227 282
228 271
229 239
230 250
231 283
232 315
233 325
234 308
235 336
236 295
237 276
238 307
239 328
240 320
241 381
242 338
243 325
244 353
245 365
246 353
247 347
248 340
249 302
250 253
251 247
252 278
253 251
254 248
255 253
256 254
257 263
258 272
259 243
260 219
261 251
262 225
263 223
264 207
265 207
266 233
267 189
268 189
269 204
270 155
271 188
272 190
273 149
274 168
275 152
276 143
277 155
278 137
279 134
280 118
281 97
282 111
283 109
284 88
285 93
286 97
287 113
288 137
289 127
290 130
291 144
292 122
293 107
294 120
295 84
296 123
297 125
298 94
299 100
300 90
301 98
302 115
303 129
304 118
305 143
306 109
307 142
308 122
309 107
310 123
311 105
312 109
313 119
314 112
315 113
316 118
317 139
318 127
319 141
320 119
321 111
322 115
323 110
324 122
325 94
326 118
327 108
328 83
329 83
330 71
331 79
332 85
333 48
334 69
335 51
336 62
337 51
338 38
339 44
340 43
341 41
342 34
343 33
344 24
345 25
346 24
347 19
348 28
349 32
350 36
351 42
352 35
353 48
354 45
355 25
356 38
357 41
358 29
359 24
360 33
361 27
362 36
363 37
364 28
365 31
366 40
367 47
368 40
369 42
370 57
371 56
372 65
373 55
374 73
375 58
376 66
377 66
378 77
379 76
380 72
381 69
382 75
383 98
384 70
385 92
386 87
387 85
388 111
389 107
390 116
391 100
392 94
393 104
394 111
395 108
396 97
397 108
398 90
399 103
400 123
401 108
402 96
403 98
404 91
405 96
406 66
407 81
408 87
409 67
410 77
411 75
412 56
413 76
414 47
415 46
416 46
417 41
418 35
419 27
420 31
421 29
422 27
423 24
424 18
425 19
426 19
427 18
428 11
429 11
430 13
431 13
432 15
433 7
434 7
435 9
436 18
437 15
438 4
439 12
440 7
441 7
442 7
443 10
444 8
445 8
446 10
447 7
448 5
449 12
450 8
451 10
452 13
453 7
454 13
455 9
456 11
457 8
458 11
459 8
460 10
461 7
462 12
463 7
464 7
465 8
466 11
467 13
468 14
469 15
470 15
471 15
472 21
473 12
474 12
475 14
476 11
477 12
478 10
479 13
480 10
481 9
482 10
483 8
484 6
485 10
486 10
487 6
488 7
489 5
490 9
491 8
492 7
493 6
494 4
495 5
496 4
497 7
498 10
499 5
500 4
501 2
502 1
503 9
504 6
505 7
506 3
507 4
508 6
509 6
510 4
511 9
512 6
513 11
514 8
515 9
516 5
517 8
518 6
519 11
520 7
521 9
522 10
523 13
524 8
525 7
526 11
527 12
528 8
529 9
530 4
531 10
532 12
533 3
534 10
535 8
536 7
537 8
538 7
539 11
540 7
541 11
542 7
543 14
544 8
545 10
546 13
547 7
548 8
549 8
550 7
551 8
552 8
553 11
554 9
555 4
556 3
557 5
558 8
559 3
560 5
561 5
562 4
563 7
564 5
565 5
566 4
567 4
569 7
570 5
571 3
572 4
573 6
574 6
575 1
576 6
577 1
579 1
580 3
581 1
582 1
583 3
585 4
586 1
587 4
588 2
589 1
591 7
592 5
593 2
594 5
595 4
596 6
597 3
598 4
599 3
600 6
601 5
602 5
603 9
604 7
605 4
606 5
607 2
608 2
609 3
610 4
611 4
612 6
613 3
614 1
615 4
616 6
617 5
618 3
619 2
620 5
621 3
622 4
623 4
624 5
625 4
626 5
627 2
628 4
629 1
630 3
631 5
632 4
634 7
635 2
636 2
637 1
638 7
639 2
640 3
641 1
642 1
643 2
644 1
645 3
646 3
647 3
648 3
650 2
651 3
652 3
653 2
654 4
655 2
656 4
657 2
658 1
659 5
662 2
663 4
664 3
665 3
666 1
667 4
668 1
669 2
670 2
671 4
672 3
673 2
674 5
675 3
676 2
677 3
678 1
679 2
680 4
681 4
682 4
683 1
684 1
685 2
687 2
688 2
689 1
690 2
691 3
693 2
694 2
695 3
696 1
697 5
698 1
699 2
700 1
701 4
702 5
703 1
704 4
705 4
706 3
707 2
708 1
709 4
710 3
711 3
712 1
714 3
715 2
716 2
717 2
719 2
721 4
722 4
724 3
725 1
726 1
727 2
728 2
729 4
730 4
731 1
732 1
733 1
734 2
739 1
740 2
741 3
742 1
746 1
747 1
748 2
749 1
750 2
752 2
755 3
756 1
757 3
758 3
759 2
760 2
761 2
762 3
763 2
764 2
765 2
766 2
767 4
768 3
769 6
770 3
771 2
772 10
773 2
774 5
775 1
776 5
778 1
779 6
780 7
781 5
782 4
784 4
786 1
787 8
788 3
789 4
790 2
791 2
792 1
793 1
794 2
795 2
796 3
797 1
799 2
800 5
801 4
802 2
803 1
804 2
805 4
806 5
807 1
808 3
809 2
810 1
811 3
812 3
813 3
815 2
820 2
821 1
822 1
823 1
824 2
825 2
826 1
827 1
828 1
829 2
831 2
833 1
836 3
837 1
838 1
839 3
840 3
841 1
842 2
843 3
844 2
845 2
846 1
847 1
848 2
849 2
850 4
851 2
852 3
853 1
854 1
855 4
856 2
857 1
858 3
859 2
860 4
861 4
863 4
864 1
865 1
866 2
867 3
869 2
870 1
871 3
872 1
873 4
875 2
876 4
877 1
880 3
881 2
882 1
883 3
884 1
885 3
887 1
891 1
895 4
896 2
897 1
898 1
899 1
901 1
904 2
905 1
906 1
908 2
911 1
913 1
915 1
918 3
920 2
921 1
922 3
924 2
925 1
927 1
929 1
930 1
931 2
934 1
935 1
936 1
937 1
938 1
940 1
942 1
943 1
944 2
946 2
950 2
951 5
952 1
953 1
954 1
957 1
959 1
960 1
961 1
963 1
964 2
965 1
966 1
968 1
970 1
972 1
974 1
977 2
978 1
979 2
981 1
982 1
983 1
985 1
987 1
988 2
989 1
991 2
994 5
995 1
996 2
997 3
998 1
999 1
1003 3
1005 1
1006 2
1007 1
1008 1
1009 2
1010 2
1014 2
1015 2
1016 2
1017 1
1018 2
1019 1
1020 5
1021 3
1022 2
1023 3
1024 4
1025 1
1026 4
1027 1
1028 1
1029 2
1032 1
1033 1
1034 1
1043 1
1046 1
1048 1
1049 3
1050 1
1051 1
1055 2
1058 1
1059 1
1061 1
1064 2
1069 2
1072 2
1073 1
1074 1
1075 1
1076 1
1078 1
1079 1
1081 1
1083 4
1084 5
1085 3
1087 1
1088 1
1089 4
1090 1
1091 2
1092 2
1093 3
1094 3
1096 1
1097 2
1099 2
1101 1
1102 1
1104 3
1105 1
1106 1
1107 2
1108 2
1109 1
1110 2
1111 1
1115 1
1117 2
1119 1
1120 3
1123 1
1127 1
1128 2
1134 1
1135 2
1137 1
1143 1
1145 1
1146 2
1147 1
1148 2
1150 2
1151 1
1153 1
1155 1
1156 1
1157 1
1160 2
1162 1
1170 1
1171 1
1172 1
1177 1
1181 1
1185 1
1186 1
1189 2
1198 1
1200 1
1203 1
1209 1
1219 1
1221 3
1222 1
1223 1
1224 1
1225 1
1226 1
1227 1
1228 1
1229 1
1230 2
1232 1
1234 1
1235 1
1237 1
1238 2
1239 1
1240 1
1242 1
1244 1
1247 4
1249 2
1250 2
1252 2
1254 1
1255 1
1257 1
1258 2
1260 2
1266 2
1268 2
1269 1
1279 2
1281 1
1282 2
1283 5
1285 1
1288 1
1289 1
1293 2
1294 1
1298 2
1300 1
1302 1
1303 2
1304 1
1306 1
1307 3
1308 1
1310 4
1314 1
1315 2
1319 1
1320 1
1321 2
1323 3
1326 1
1327 1
1328 1
1329 1
1334 1
1338 1
1346 1
1347 1
1355 1
1361 2
1365 1
1375 1
1384 1
1387 2
1391 1
1395 1
1399 1
1405 1
1422 2
1429 1
1433 1
1437 2
1439 1
1440 1
1441 1
1442 1
1444 3
1446 2
1456 1
1458 1
1461 1
1462 1
1465 1
1469 1
1474 1
1476 1
1479 2
1480 2
1483 1
1484 1
1485 2
1486 2
1487 2
1488 2
1489 1
1496 1
1506 1
1546 1
1550 1
1554 1
1555 1
1556 1
1568 1
1580 1
1630 1
1636 1
1639 1
1651 1
1654 1
1673 1
1684 1
1688 1
1708 1
1717 1
1723 1
1728 1
1742 1
1743 1
1752 1
1756 1
1760 1
1776 1
1794 1
1798 1
1801 1
1803 1
1806 1
1830 2
1831 1
1833 1
1844 1
1849 1
1863 1
1865 1
1873 1
1876 2
1880 1
1887 1
1896 1
1901 1
1903 1
1905 2
1914 1
1932 2
1936 1
1943 1
1950 1
1962 1
1963 1
1966 2
1970 2
1971 1
1972 1
1973 1
1975 1
1986 1
1990 1
1991 1
2001 1
2026 1
2028 1
2030 1
2036 1
2044 1
2057 1
2091 1
2099 1
2102 1
2117 1
2122 1
2149 1
2154 1
2184 1
2185 1
2186 1
2192 1
2235 2
2238 1
2243 1
2250 1
2259 2
2261 2
2262 1
2269 1
2270 1
2271 1
2275 2
2277 1
2279 1
2280 1
2287 1
2289 2
2290 1
2291 1
2296 1
2299 1
2300 2
2302 1
2312 1
2328 1
2330 2
2332 2
2333 1
2341 3
2342 1
2346 1
2347 2
2348 1
2350 1
2354 4
2355 1
2357 1
2364 1
2365 1
2384 1
2386 1
2387 1
2390 2
2393 1
2408 2
2421 1
2423 2
2428 1
2429 1
2434 1
2461 1
2462 1
2464 1
2472 1
2479 1
2498 1
2500 2
2502 1
2514 1
2517 1
2519 1
2527 1
2540 1
2548 1
2555 1
2556 2
2557 1
2559 1
2569 2
2570 1
2574 1
2599 1
2614 1
2617 2
2627 1
2636 1
2637 1
2641 1
2643 1
2660 1
2661 2
2676 1
2684 1
2689 1
2694 1
2695 1
2696 1
2701 1
2706 1
2708 1
2709 1
2715 1
2733 2
2748 1
2749 1
2751 1
2757 1
2760 1
2762 2
2767 2
2769 1
2770 1
2771 1
2776 1
2786 1
2822 1
2826 1
2828 1
2831 1
2832 1
2833 2
2839 1
2840 1
2841 1
2847 1
2863 1
2866 1
2870 1
2874 1
2875 1
2878 1
2880 1
2883 1
2902 1
2905 1
2913 1
2915 1
2924 1
2927 1
2939 1
2942 1
2969 1
2977 1
2980 1
2989 1
2991 1
2997 1
2998 1
3008 1
3010 2
3019 1
3020 1
3025 1
3029 1
3037 1
3060 2
3070 2
3075 1
3081 1
3120 1
3122 2
3127 1
3129 1
3134 1
3142 1
3143 1
3146 3
3147 1
3148 1
3149 2
3152 1
3155 1
3161 1
3162 1
3209 1
3231 1
3246 1
3294 1
3305 2
3306 1
3315 1
3322 1
3333 1
3385 1
3386 1
3413 1
3532 1
3539 1
3544 1
3555 1
3561 1
3569 1
3580 1
3598 1
3601 1
3602 1
3603 1
3641 1
3651 1
3683 1
3703 1
3728 1
3739 2
3742 1
3749 1
3751 1
3758 1
3766 1
3772 1
3782 1
3808 1
3824 1
3825 1
3831 1
3849 1
3850 1
3884 1
3886 1
3892 1
3901 1
3903 1
3904 1
3906 1
3919 1
3923 1
3952 1
3961 1
4519 1
4523 1
4525 1
4530 1
4533 1
4546 1
4682 1
4701 1
4703 1
4765 1
4772 1
4844 1
