1 3644310
2 3626606
3 2977295
4 2376720
5 1882843
6 1423147
7 1003468
8 646377
9 398786
10 252356
11 185105
12 170069
13 181186
14 203387
15 218090
16 226553
17 222217
18 207047
19 182427
20 154539
21 123717
22 93709
23 66570
24 48201
25 32713
26 21181
27 13809
28 9143
29 6050
30 3943
31 2724
32 1986
33 1678
34 1506
35 1339
36 1074
37 906
38 730
39 593
40 487
41 386
42 241
43 221
44 169
45 141
46 96
47 65
48 40
49 50
50 40
51 43
52 33
53 20
54 25
55 35
56 39
57 57
58 75
59 127
60 171
61 272
62 330
63 521
64 831
65 1158
66 1750
67 2478
68 3440
69 4718
70 6385
71 8517
72 11032
73 14587
74 18696
75 23653
76 29370
77 36062
78 43408
79 52219
80 61542
81 71707
82 83786
83 96103
84 108882
85 121460
86 134448
87 147251
88 159921
89 172190
90 181111
91 190455
92 198639
93 203932
94 209414
95 212077
96 212888
97 212891
98 210622
99 207271
100 201033
101 194325
102 186537
103 177306
104 167247
105 155171
106 144475
107 132400
108 120333
109 109994
110 99485
111 89603
112 79635
113 69867
114 61277
115 53683
116 46727
117 40733
118 34898
119 29680
120 24840
121 21077
122 17468
123 14714
124 12298
125 9558
126 7806
127 6106
128 4792
129 3723
130 2973
131 2237
132 1689
133 1352
134 1002
135 678
136 549
137 366
138 249
139 182
140 161
141 99
142 63
143 57
144 45
145 24
146 19
147 17
148 20
149 19
150 14
151 28
152 21
153 34
154 35
155 42
156 50
157 59
158 75
159 111
160 106
161 161
162 204
163 212
164 215
165 262
166 275
167 331
168 415
169 468
170 463
171 531
172 546
173 576
174 615
175 672
176 746
177 820
178 817
179 893
180 944
181 941
182 978
183 948
184 1005
185 1097
186 1088
187 1152
188 1166
189 1097
190 1129
191 1043
192 1062
193 1037
194 1031
195 985
196 888
197 837
198 877
199 749
200 788
201 752
202 648
203 642
204 598
205 556
206 479
207 476
208 435
209 417
210 370
211 400
212 388
213 381
214 318
215 347
216 256
217 250
218 257
219 215
220 209
221 162
222 137
223 117
224 88
225 99
226 95
227 71
228 46
229 65
230 55
231 45
232 36
233 43
234 32
235 34
236 37
237 32
238 34
239 39
240 40
241 31
242 25
243 29
244 34
245 31
246 18
247 32
248 41
249 40
250 34
251 34
252 54
253 46
254 70
255 78
256 62
257 87
258 86
259 77
260 93
261 108
262 116
263 129
264 140
265 162
266 189
267 197
268 187
269 201
270 194
271 223
272 259
273 303
274 285
275 288
276 310
277 266
278 304
279 308
280 305
281 337
282 309
283 333
284 322
285 302
286 333
287 278
288 279
289 278
290 288
291 329
292 270
293 312
294 311
295 311
296 299
297 308
298 349
299 292
300 260
301 261
302 257
303 246
304 247
305 209
306 237
307 249
308 192
309 205
310 190
311 185
312 187
313 182
314 202
315 162
316 202
317 185
318 181
319 189
320 170
321 144
322 158
323 168
324 122
325 147
326 87
327 99
328 94
329 90
330 101
331 96
332 95
333 101
334 100
335 87
336 79
337 81
338 89
339 80
340 65
341 67
342 81
343 87
344 75
345 61
346 66
347 68
348 55
349 64
350 62
351 77
352 72
353 68
354 85
355 56
356 76
357 83
358 92
359 97
360 110
361 83
362 118
363 117
364 103
365 112
366 129
367 115
368 130
369 104
370 115
371 117
372 117
373 117
374 97
375 94
376 116
377 109
378 128
379 121
380 85
381 101
382 99
383 94
384 93
385 110
386 81
387 99
388 93
389 100
390 89
391 77
392 85
393 96
394 68
395 61
396 63
397 58
398 64
399 62
400 47
401 54
402 43
403 47
404 32
405 49
406 45
407 34
408 43
409 48
410 30
411 40
412 23
413 27
414 23
415 33
416 23
417 21
418 18
419 19
420 20
421 27
422 18
423 30
424 26
425 26
426 24
427 25
428 24
429 25
430 32
431 42
432 36
433 30
434 37
435 54
436 28
437 37
438 41
439 41
440 60
441 58
442 65
443 46
444 69
445 59
446 51
447 61
448 53
449 44
450 43
451 58
452 60
453 45
454 53
455 53
456 61
457 67
458 76
459 73
460 66
461 83
462 56
463 71
464 81
465 78
466 74
467 77
468 78
469 117
470 84
471 80
472 81
473 83
474 86
475 82
476 85
477 76
478 80
479 82
480 84
481 82
482 81
483 78
484 76
485 66
486 63
487 70
488 55
489 56
490 41
491 50
492 53
493 57
494 46
495 42
496 37
497 49
498 45
499 33
500 43
501 39
502 29
503 32
504 44
505 33
506 32
507 29
508 28
509 34
510 18
511 29
512 19
513 20
514 18
515 26
516 11
517 22
518 26
519 27
520 17
521 32
522 23
523 18
524 22
525 22
526 23
527 12
528 15
529 15
530 10
531 10
532 10
533 5
534 7
535 5
536 9
537 2
538 7
539 4
540 4
541 4
542 7
543 4
544 7
545 3
546 8
547 5
548 11
549 16
550 15
551 7
552 12
553 17
554 9
555 9
556 4
557 13
558 11
559 9
560 5
561 9
562 9
563 11
564 15
565 7
566 11
567 9
568 8
569 19
570 10
571 12
572 10
573 12
574 6
575 12
576 6
577 9
578 2
579 8
580 8
581 3
582 6
583 11
584 7
585 3
586 3
587 5
588 6
589 1
590 6
591 4
592 7
593 8
594 6
595 1
596 6
597 9
598 5
599 3
600 10
601 11
602 5
603 8
604 6
605 8
606 5
607 12
608 2
609 8
610 6
611 4
612 9
613 8
614 6
615 10
616 7
617 8
618 6
619 6
620 10
621 12
622 6
623 4
624 7
625 12
626 4
627 6
628 5
629 4
630 6
631 8
632 5
633 9
634 6
635 8
636 7
637 5
638 6
639 5
640 2
641 4
642 3
643 5
644 7
645 4
646 6
647 3
648 4
649 3
650 7
651 5
652 4
653 1
654 1
655 6
656 3
657 6
658 4
659 3
660 9
661 4
662 8
663 12
664 7
665 6
666 6
667 5
668 4
669 7
670 3
671 4
672 1
673 2
674 2
675 6
676 4
677 2
678 2
679 4
680 5
681 7
682 3
683 7
684 3
685 4
686 3
687 4
688 1
689 1
690 3
691 2
692 1
693 3
694 1
695 1
696 1
697 4
698 2
699 1
701 2
702 3
703 3
704 1
705 3
706 2
707 1
708 3
709 2
710 2
711 4
713 1
714 4
715 2
716 3
717 3
719 4
720 3
721 2
722 3
723 3
724 1
725 6
727 1
728 1
729 3
730 1
731 4
732 4
733 2
734 4
735 1
736 2
737 2
738 2
739 2
740 7
741 4
742 3
743 1
745 4
746 2
747 2
748 4
749 2
750 7
751 6
752 3
753 3
754 2
755 1
756 2
757 4
758 3
759 2
760 4
761 3
762 3
763 5
764 2
765 6
766 4
767 3
768 5
769 1
770 1
771 6
772 2
773 4
774 7
775 2
776 4
777 2
779 1
780 2
783 4
784 2
787 3
789 1
790 1
791 1
792 4
793 3
794 3
795 2
797 2
798 2
799 1
800 2
801 2
803 3
804 2
806 2
807 3
808 4
810 2
811 5
812 2
813 2
814 3
815 2
816 1
817 1
818 2
819 1
820 2
821 1
822 2
823 1
825 2
826 3
828 1
829 3
831 4
832 3
833 5
834 2
836 2
837 2
838 4
839 2
840 2
841 3
842 5
843 1
844 1
845 2
846 2
847 1
848 2
849 2
850 2
851 3
852 1
854 4
855 4
856 5
857 4
858 1
859 2
860 1
861 2
862 2
863 3
864 1
865 1
866 3
867 2
868 2
869 1
870 2
871 4
872 2
873 2
877 1
878 2
879 1
880 2
881 4
882 2
883 1
884 3
885 1
886 2
887 1
888 3
889 4
891 5
892 1
893 1
894 2
895 4
896 3
897 2
898 2
899 2
900 2
901 2
902 4
903 3
904 1
905 5
906 1
907 3
908 1
909 2
910 4
911 3
912 4
913 1
915 2
916 4
917 1
918 3
919 2
920 4
921 4
922 1
923 2
925 3
926 2
928 1
931 3
933 1
934 2
935 1
937 1
938 2
939 2
941 2
942 2
943 2
947 1
948 1
949 1
950 1
951 2
952 1
954 3
955 2
956 1
957 1
958 1
959 3
960 3
961 2
962 5
964 3
965 2
966 2
968 3
969 5
970 2
971 5
972 2
973 2
974 1
975 3
976 1
977 3
978 1
979 3
983 2
986 1
987 2
988 1
989 2
991 1
992 1
993 3
994 1
996 1
998 2
999 2
1000 1
1001 2
1002 2
1004 1
1005 4
1006 1
1007 2
1008 3
1011 2
1013 2
1014 3
1015 3
1016 1
1018 1
1019 2
1020 1
1022 1
1023 1
1024 1
1025 2
1026 2
1027 1
1028 1
1029 1
1030 1
1032 3
1033 1
1035 1
1038 1
1039 1
1040 1
1041 1
1043 2
1044 1
1045 1
1046 1
1049 2
1050 1
1051 2
1052 3
1053 1
1054 1
1055 2
1056 1
1057 1
1058 1
1059 1
1061 2
1063 1
1065 1
1066 1
1067 2
1068 1
1069 2
1070 1
1071 2
1072 1
1073 2
1074 3
1076 1
1077 1
1078 1
1091 1
1096 1
1098 3
1099 1
1100 2
1101 1
1102 2
1105 1
1108 1
1109 3
1110 3
1111 2
1112 1
1115 1
1116 2
1117 1
1119 1
1120 1
1126 2
1127 1
1128 2
1129 1
1130 1
1131 1
1133 2
1134 1
1138 1
1140 1
1144 1
1148 1
1151 1
1153 1
1155 1
1156 1
1158 1
1159 3
1160 1
1161 2
1162 2
1163 1
1164 1
1165 1
1166 1
1167 1
1169 2
1170 2
1171 1
1172 2
1174 2
1176 1
1177 3
1179 1
1180 1
1182 1
1184 1
1186 1
1187 1
1189 1
1191 2
1192 2
1193 1
1194 1
1197 2
1199 1
1200 2
1201 3
1205 3
1206 1
1207 2
1209 2
1210 1
1211 1
1213 1
1215 1
1216 3
1218 3
1219 2
1224 1
1230 1
1232 1
1233 1
1235 5
1237 3
1238 1
1241 2
1242 1
1244 3
1246 1
1247 1
1252 1
1253 3
1255 3
1258 2
1259 1
1260 1
1261 2
1262 6
1264 1
1265 1
1266 2
1267 2
1268 1
1269 2
1271 1
1272 1
1274 1
1275 1
1276 1
1278 2
1281 1
1282 1
1285 2
1286 4
1287 2
1289 2
1291 2
1292 3
1293 3
1294 1
1295 1
1296 1
1298 1
1300 1
1301 2
1302 1
1306 1
1311 1
1312 2
1315 1
1317 2
1319 2
1320 1
1321 1
1322 1
1324 1
1325 3
1326 1
1327 1
1328 1
1329 1
1332 1
1333 1
1335 1
1336 2
1337 1
1339 4
1340 1
1341 2
1342 1
1345 1
1349 2
1351 3
1353 2
1354 2
1355 1
1357 1
1359 2
1360 3
1364 2
1380 1
1381 1
1383 2
1388 3
1393 2
1394 1
1396 1
1399 1
1408 1
1420 1
1428 1
1432 3
1435 1
1437 1
1438 1
1439 1
1442 1
1444 1
1445 2
1446 1
1451 2
1454 1
1455 1
1456 1
1458 1
1463 2
1466 1
1469 1
1471 2
1473 1
1478 2
1479 1
1483 1
1485 1
1488 1
1489 2
1490 1
1491 1
1493 2
1497 1
1499 2
1500 2
1505 2
1508 1
1509 1
1512 1
1514 3
1515 1
1517 1
1519 1
1521 1
1522 1
1523 1
1525 1
1527 1
1529 2
1539 1
1542 1
1546 2
1548 1
1549 1
1550 2
1556 1
1560 2
1564 1
1567 1
1570 1
1572 2
1574 1
1575 1
1578 1
1580 2
1583 3
1584 1
1587 1
1589 1
1590 1
1593 1
1597 2
1599 1
1601 1
1602 1
1606 1
1613 1
1614 1
1616 1
1636 1
1652 1
1653 1
1660 1
1662 1
1664 4
1665 1
1668 1
1670 1
1671 1
1672 1
1674 1
1678 1
1679 1
1683 3
1686 2
1688 2
1692 1
1694 1
1696 1
1699 1
1702 2
1706 1
1712 1
1720 1
1726 1
1728 1
1734 1
1763 1
1772 2
1781 1
1782 1
1783 1
1805 1
1813 1
1815 1
1816 1
1821 1
1823 1
1824 1
1825 1
1826 1
1829 1
1833 1
1834 1
1838 1
1839 1
1840 1
1846 1
1851 1
1875 1
1881 1
1889 1
1900 1
1942 1
1945 1
1953 1
1996 1
1997 1
2011 1
2033 1
2035 1
2073 1
2078 1
2092 1
2093 1
2094 1
2096 1
2104 1
2106 2
2135 1
2166 1
2171 1
2181 1
2192 1
2198 1
2209 1
2219 2
2220 2
2230 1
2233 1
2243 1
2246 1
2250 1
2251 1
2267 1
2268 1
2277 1
2288 1
2291 1
2302 1
2306 1
2310 1
2317 1
2320 1
2322 1
2328 1
2344 1
2375 1
2383 1
2384 1
2406 1
2407 1
2409 1
2410 1
2419 1
2422 1
2442 2
2443 1
2451 1
2453 1
2456 2
2459 1
2470 1
2495 1
2497 2
2500 1
2507 1
2509 1
2523 1
2578 1
2584 2
2586 1
2588 1
2590 2
2592 1
2596 2
2598 1
2601 1
2603 1
2614 1
2637 1
2664 1
2676 1
2679 1
2690 1
2691 1
2693 1
2694 1
2703 1
2707 1
2714 1
2718 1
2725 1
2726 1
2727 1
2729 3
2730 1
2732 1
2733 2
2735 1
2737 1
2738 1
2742 1
2743 2
2748 1
2751 1
2763 1
2764 1
2765 2
2770 1
2776 1
2777 1
2787 1
2807 1
2818 1
2826 1
2832 1
2849 1
2853 1
2864 1
2865 2
2872 1
2873 1
2875 1
2877 2
2878 1
2879 1
2880 1
2886 1
2903 1
2908 1
2924 1
2936 1
2951 1
2961 1
2967 1
2976 1
2978 1
2979 1
2985 1
2988 1
2995 1
3004 1
3008 1
3009 2
3010 1
3011 2
3014 1
3049 1
3068 1
3082 1
3083 1
3112 1
3147 1
3148 1
3159 1
3167 1
3168 3
3177 1
3197 1
3200 1
3205 1
3206 1
3207 1
3211 1
3254 1
3273 1
3279 1
3283 1
3285 1
3289 1
3293 1
3296 1
3297 1
3302 1
3303 1
3305 1
3306 2
3313 1
3316 1
3327 1
3339 1
3342 1
3346 1
3354 1
3355 1
3359 1
3365 1
3377 1
3378 1
3380 2
3381 1
3387 1
3388 1
3396 1
3404 1
3406 1
3416 1
3427 1
3482 1
3485 1
3500 1
3510 1
3518 1
3522 1
3524 2
3525 2
3528 1
3532 1
3554 1
3566 1
3567 1
3568 2
3569 1
3584 1
3585 1
3594 1
3600 1
3638 1
3649 1
3654 1
3655 2
3656 2
3661 1
3665 1
3669 2
3670 1
3675 1
3676 1
3682 1
3692 1
3705 1
3740 1
3754 1
3755 1
3760 2
3771 1
3787 1
3808 1
3809 1
3814 1
3822 1
3823 1
3825 1
3826 1
3828 1
3829 1
3860 1
3861 1
3864 1
3865 2
3867 1
3872 1
3884 1
3907 1
3932 1
3965 1
3969 1
3974 1
4078 1
4189 1
4219 1
4220 1
4339 1
4353 1
4363 1
4364 1
4366 1
4367 1
4368 2
4375 1
4452 1
4465 1
4467 1
4468 1
4506 2
4513 1
4543 1
4550 1
4557 1
4571 1
4580 1
4592 1
4597 1
4635 1
4661 2
4676 1
4687 1
4696 1
4698 1
4702 2
4732 1
4746 1
4766 1
4777 1
4793 1
4862 1
4870 1
4873 1
5400 1
5493 1
5501 1
5504 1
5505 1
5516 1
5586 1
5700 1
5705 1
5706 1
5717 1
5789 1
