1 4085844
2 3819767
3 3048535
4 2341283
5 1732370
6 1210811
7 781778
8 473745
9 299248
10 224634
11 210077
12 220737
13 237091
14 243777
15 238710
16 219578
17 191309
18 156482
19 122807
20 91145
21 64828
22 43831
23 28583
24 18019
25 11121
26 6767
27 4339
28 2897
29 1933
30 1496
31 1202
32 1015
33 829
34 667
35 587
36 412
37 300
38 259
39 181
40 125
41 99
42 86
43 71
44 42
45 44
46 68
47 97
48 82
49 104
50 134
51 222
52 291
53 441
54 670
55 948
56 1451
57 2147
58 3001
59 4299
60 6039
61 8413
62 11199
63 14694
64 19047
65 24500
66 30553
67 38712
68 47804
69 57766
70 69601
71 82370
72 95393
73 109800
74 124233
75 139009
76 154330
77 168436
78 182440
79 195762
80 205759
81 214176
82 221400
83 224683
84 228470
85 228403
86 228376
87 225649
88 220511
89 211980
90 202639
91 191038
92 179013
93 166492
94 153321
95 139662
96 126684
97 113972
98 101276
99 90518
100 79545
101 70443
102 61168
103 52196
104 44983
105 37838
106 32176
107 26993
108 22314
109 18597
110 15025
111 12353
112 9650
113 7841
114 6413
115 4902
116 3638
117 2762
118 2129
119 1597
120 1186
121 847
122 644
123 497
124 344
125 311
126 228
127 190
128 123
129 90
130 75
131 49
132 49
133 58
134 45
135 66
136 69
137 98
138 109
139 132
140 128
141 151
142 191
143 250
144 252
145 321
146 391
147 387
148 479
149 468
150 570
151 580
152 595
153 658
154 690
155 787
156 820
157 822
158 910
159 989
160 947
161 1073
162 1094
163 1067
164 1044
165 1175
166 1162
167 1157
168 1173
169 1175
170 1206
171 1139
172 1111
173 1054
174 995
175 1020
176 967
177 910
178 826
179 849
180 746
181 723
182 614
183 601
184 584
185 497
186 510
187 425
188 393
189 382
190 310
191 286
192 267
193 262
194 232
195 207
196 192
197 126
198 112
199 103
200 87
201 93
202 64
203 71
204 69
205 54
206 57
207 49
208 42
209 41
210 44
211 39
212 32
213 30
214 34
215 37
216 36
217 42
218 50
219 59
220 44
221 66
222 62
223 54
224 87
225 85
226 92
227 101
228 94
229 127
230 157
231 160
232 188
233 188
234 180
235 216
236 235
237 232
238 246
239 263
240 265
241 285
242 313
243 269
244 267
245 331
246 316
247 331
248 316
249 322
250 397
251 355
252 347
253 313
254 318
255 350
256 303
257 271
258 332
259 275
260 276
261 276
262 277
263 303
264 274
265 307
266 295
267 293
268 294
269 274
270 281
271 280
272 271
273 272
274 252
275 217
276 264
277 239
278 229
279 221
280 215
281 192
282 193
283 183
284 157
285 153
286 138
287 144
288 121
289 112
290 115
291 147
292 130
293 118
294 113
295 106
296 114
297 104
298 98
299 85
300 73
301 78
302 76
303 59
304 62
305 67
306 65
307 74
308 64
309 72
310 67
311 84
312 84
313 82
314 101
315 117
316 124
317 120
318 136
319 148
320 146
321 134
322 132
323 123
324 131
325 125
326 148
327 122
328 114
329 123
330 136
331 124
332 121
333 120
334 133
335 121
336 131
337 105
338 128
339 123
340 108
341 125
342 109
343 103
344 109
345 106
346 114
347 88
348 92
349 84
350 80
351 67
352 87
353 71
354 66
355 50
356 57
357 36
358 33
359 26
360 32
361 30
362 28
363 20
364 24
365 32
366 29
367 11
368 18
369 12
370 17
371 18
372 16
373 21
374 16
375 15
376 13
377 12
378 22
379 15
380 21
381 14
382 22
383 26
384 44
385 34
386 34
387 44
388 47
389 57
390 78
391 69
392 91
393 76
394 73
395 80
396 66
397 75
398 67
399 61
400 72
401 68
402 82
403 102
404 100
405 88
406 97
407 104
408 104
409 91
410 105
411 113
412 83
413 108
414 94
415 92
416 113
417 96
418 88
419 81
420 87
421 60
422 88
423 90
424 82
425 69
426 72
427 86
428 63
429 81
430 78
431 58
432 80
433 65
434 71
435 70
436 67
437 45
438 55
439 65
440 54
441 53
442 51
443 40
444 39
445 35
446 31
447 28
448 25
449 21
450 21
451 26
452 21
453 18
454 13
455 9
456 17
457 10
458 10
459 12
460 10
461 9
462 10
463 8
464 9
465 3
466 11
467 12
468 18
469 13
470 10
471 15
472 13
473 19
474 12
475 13
476 15
477 10
478 14
479 11
480 10
481 9
482 14
483 10
484 17
485 13
486 11
487 7
488 17
489 7
490 11
491 13
492 18
493 9
494 13
495 14
496 18
497 12
498 15
499 15
500 17
501 22
502 16
503 15
504 13
505 15
506 9
507 8
508 9
509 5
510 13
511 8
512 11
513 14
514 10
515 18
516 12
517 9
518 8
519 7
520 8
521 8
522 3
523 9
524 5
525 7
526 7
527 15
528 7
529 4
530 8
531 7
532 3
533 4
534 5
535 10
536 4
537 8
538 3
539 8
540 2
541 4
542 3
543 5
544 4
545 5
546 4
547 5
548 4
549 4
550 5
551 5
552 4
553 5
554 8
555 6
556 6
557 7
558 2
559 3
560 5
561 5
562 5
563 2
564 3
565 2
566 10
567 5
568 6
569 9
570 9
571 4
572 10
573 1
574 1
575 3
576 2
577 6
578 3
579 5
580 7
581 4
582 3
583 5
584 7
585 1
586 6
587 7
588 11
589 4
590 8
591 13
592 4
593 9
594 9
595 8
596 6
597 8
598 8
599 6
600 7
601 7
602 3
603 2
604 2
605 1
606 10
607 4
608 4
609 3
610 2
611 2
612 3
613 7
614 2
615 2
616 2
617 2
619 2
620 2
621 2
623 2
624 1
625 1
626 1
627 1
628 2
629 2
630 2
631 1
632 3
633 2
634 3
635 5
636 2
637 4
638 5
639 3
640 2
641 3
642 6
643 5
644 5
645 4
646 5
647 8
648 4
649 4
650 4
651 2
652 6
653 3
654 3
655 5
656 4
657 3
658 3
659 10
660 1
661 5
662 3
663 3
664 3
665 3
666 2
667 6
668 7
669 5
670 4
671 3
672 6
673 3
674 6
675 4
677 3
678 2
679 1
680 4
681 7
682 3
683 3
684 1
685 3
686 2
687 2
688 1
689 4
690 4
691 1
692 1
694 2
695 2
696 3
697 1
698 1
699 3
700 2
701 1
702 1
703 1
704 1
705 1
706 4
708 1
713 2
714 1
715 2
716 2
719 2
720 2
724 1
725 2
726 4
727 1
729 3
732 3
733 2
734 4
735 4
736 2
737 3
738 4
739 1
740 5
741 6
742 3
743 6
744 1
745 3
746 2
747 3
748 6
749 5
750 5
751 3
752 2
753 1
754 2
755 1
756 1
758 3
759 2
760 1
763 2
764 1
765 2
766 1
767 1
769 3
770 4
773 6
774 3
775 2
776 3
777 1
778 1
779 3
780 4
782 4
783 2
784 2
786 2
787 1
788 1
790 1
792 1
794 1
795 1
796 2
797 2
800 1
802 2
804 1
805 1
806 1
807 3
808 2
809 3
810 1
811 3
812 4
813 4
814 5
815 1
816 4
817 6
818 6
819 4
820 6
821 3
822 3
824 1
825 3
826 4
827 4
828 3
829 2
830 1
831 1
832 4
833 2
834 3
835 3
836 3
837 3
838 2
839 1
840 2
841 3
842 1
844 1
845 1
846 3
847 2
849 1
850 1
851 1
852 1
854 2
855 2
856 4
857 1
859 2
860 3
861 2
862 5
863 2
864 3
865 1
866 3
867 3
868 2
869 1
871 3
872 1
873 1
874 2
875 2
877 1
878 1
880 1
883 1
885 1
886 2
887 1
888 2
891 1
892 3
894 1
895 2
896 1
897 2
898 1
900 2
901 2
903 3
904 2
905 4
906 3
907 4
908 6
909 1
910 2
911 3
912 5
914 4
915 2
916 2
917 1
918 3
919 2
920 1
921 3
922 2
923 6
924 1
927 3
928 1
929 1
930 1
932 1
934 1
937 1
938 1
940 3
942 1
943 1
944 1
945 2
948 3
949 1
950 2
953 2
954 1
955 1
958 1
959 3
960 2
961 2
963 2
964 1
965 1
967 1
969 3
972 1
973 2
976 1
977 1
978 2
979 1
981 1
983 1
984 1
987 1
989 3
990 1
991 3
993 2
994 2
996 3
997 1
999 1
1000 3
1004 4
1006 1
1008 2
1010 2
1011 3
1012 1
1013 1
1016 1
1017 1
1018 1
1019 1
1021 1
1022 1
1026 1
1027 1
1030 1
1033 1
1034 2
1035 2
1036 1
1037 1
1039 1
1043 1
1045 2
1046 1
1048 2
1049 4
1050 2
1051 2
1052 3
1053 2
1054 1
1055 2
1056 1
1058 1
1059 3
1060 2
1061 2
1063 2
1064 1
1066 1
1067 3
1068 2
1069 2
1070 1
1072 1
1073 2
1074 2
1077 1
1079 1
1082 1
1083 1
1085 2
1087 4
1088 2
1089 3
1090 2
1094 2
1096 1
1097 1
1101 2
1104 1
1105 1
1107 2
1111 1
1112 1
1113 1
1114 2
1115 3
1116 2
1117 1
1119 3
1120 1
1121 2
1122 2
1123 1
1124 1
1127 3
1128 1
1130 1
1131 2
1132 3
1134 2
1136 2
1137 1
1138 1
1139 1
1143 1
1148 1
1149 1
1153 1
1157 2
1159 1
1160 1
1161 1
1162 3
1163 1
1164 1
1165 4
1168 2
1169 1
1170 2
1171 2
1172 1
1173 2
1174 2
1175 2
1176 1
1177 2
1178 1
1179 3
1180 1
1181 4
1182 3
1184 3
1185 2
1187 1
1188 1
1192 3
1193 1
1196 1
1197 1
1198 1
1199 2
1200 1
1201 1
1202 1
1203 1
1212 1
1216 1
1218 1
1219 1
1222 1
1223 1
1228 2
1230 1
1231 2
1232 2
1235 1
1236 1
1237 3
1239 1
1240 2
1243 1
1244 1
1245 1
1260 2
1261 2
1262 1
1265 1
1266 1
1267 1
1271 1
1273 1
1274 1
1281 1
1283 1
1288 1
1294 1
1296 2
1301 1
1303 1
1304 4
1305 1
1306 1
1307 1
1308 1
1309 2
1312 1
1313 1
1316 2
1318 2
1319 3
1321 1
1322 2
1323 4
1324 1
1327 2
1330 1
1331 1
1332 1
1334 1
1336 2
1337 2
1339 1
1341 2
1342 3
1343 1
1345 2
1349 3
1351 1
1352 1
1353 1
1354 2
1355 1
1357 1
1359 1
1360 1
1363 1
1365 4
1369 1
1372 2
1375 1
1383 1
1386 1
1391 1
1399 1
1404 2
1406 2
1407 1
1408 2
1425 1
1427 1
1435 1
1436 1
1437 1
1440 1
1441 1
1447 2
1448 1
1450 1
1451 1
1459 1
1479 1
1480 1
1491 1
1503 1
1506 2
1508 1
1511 2
1513 1
1520 1
1523 2
1524 1
1525 1
1529 1
1530 2
1532 1
1533 2
1536 1
1537 1
1538 1
1539 2
1540 1
1541 1
1542 1
1545 1
1548 1
1550 1
1551 1
1554 1
1558 2
1560 1
1562 1
1563 1
1568 1
1571 1
1572 1
1576 1
1584 1
1592 1
1611 1
1612 1
1614 1
1635 1
1637 1
1650 1
1655 1
1676 1
1683 1
1685 1
1700 1
1709 1
1713 2
1714 1
1740 1
1765 1
1766 1
1808 1
1821 1
1823 1
1827 1
1829 1
1834 1
1859 1
1863 1
1877 1
1878 1
1884 1
1889 1
1892 1
1898 1
1904 1
1931 1
1942 1
1944 1
1951 1
1956 2
1964 3
1967 1
1971 1
1978 1
1979 1
1982 1
1987 1
1988 1
1992 1
2000 1
2006 1
2025 1
2044 1
2052 1
2055 1
2059 1
2064 1
2070 1
2074 1
2084 1
2088 2
2089 2
2093 1
2108 1
2129 1
2130 1
2131 1
2135 1
2145 1
2147 1
2156 1
2181 1
2202 1
2217 1
2219 1
2220 1
2226 1
2262 1
2272 1
2273 1
2304 1
2323 2
2326 1
2328 1
2333 1
2334 1
2341 1
2354 2
2355 2
2367 1
2368 3
2375 2
2377 1
2386 1
2393 1
2405 1
2408 1
2410 1
2413 1
2425 1
2427 2
2447 1
2449 1
2450 1
2453 1
2457 1
2461 2
2465 1
2467 1
2468 1
2469 1
2473 1
2478 2
2484 2
2485 1
2488 1
2489 3
2490 2
2491 1
2492 1
2499 1
2501 2
2522 1
2526 2
2530 1
2549 1
2551 1
2585 1
2590 1
2601 2
2607 1
2614 1
2625 1
2626 1
2628 1
2629 2
2630 2
2632 1
2633 1
2635 1
2640 1
2642 1
2644 1
2647 1
2652 1
2657 1
2663 3
2665 1
2666 1
2667 1
2669 1
2677 1
2684 1
2695 1
2730 1
2748 1
2774 1
2787 1
2795 1
2801 1
2809 1
2815 1
2816 1
2822 1
2837 1
2843 1
2864 1
2868 1
2870 1
2871 1
2872 2
2874 1
2901 1
2906 1
2909 1
2913 1
2914 1
2918 1
2920 2
2928 1
2934 1
2937 1
2950 1
2953 1
2958 1
2961 1
2962 1
2963 1
2975 1
2995 1
3001 1
3002 1
3005 1
3011 1
3012 2
3013 1
3014 2
3017 1
3023 1
3025 1
3027 1
3034 1
3035 1
3038 1
3067 1
3068 1
3076 1
3080 1
3082 1
3083 1
3085 1
3089 1
3091 1
3093 1
3109 1
3127 1
3130 1
3136 1
3140 1
3142 1
3146 1
3149 1
3152 1
3172 2
3175 1
3181 1
3190 2
3193 1
3205 1
3207 1
3208 1
3211 1
3213 2
3219 1
3228 1
3229 1
3235 2
3248 1
3252 1
3256 1
3265 2
3295 1
3326 1
3342 1
3353 1
3358 1
3364 1
3380 1
3381 1
3383 1
3401 1
3425 1
3463 1
3465 1
3470 1
3478 1
3491 1
3518 1
3529 1
3534 1
3544 1
3560 1
3571 1
3637 1
3651 1
3659 1
3714 1
3722 1
3723 1
3729 1
3734 1
3736 1
3739 1
3781 1
3782 1
3788 1
3836 1
3863 1
3869 2
3870 1
3873 1
3885 1
3896 1
3912 1
3914 1
3916 1
3918 1
3924 1
3929 1
3930 1
3933 1
3935 1
3942 1
3948 1
3958 1
3959 1
4037 1
4111 1
4124 1
4141 1
4210 1
4221 1
4273 1
4299 1
4307 1
4343 1
4708 1
4715 1
4718 1
4728 1
4743 1
4799 1
4952 1
5044 1
5062 1
5063 1
5075 1
5150 1
