1 2696987
2 3170047
3 3127486
4 2998553
5 2797456
6 2417864
7 1903252
8 1360896
9 883195
10 520193
11 289967
12 154511
13 80219
14 41720
15 23333
16 13778
17 8836
18 6639
19 5365
20 4527
21 4071
22 3262
23 2853
24 2302
25 1962
26 1710
27 1845
28 1502
29 1315
30 972
31 908
32 877
33 782
34 708
35 658
36 533
37 525
38 541
39 515
40 642
41 610
42 715
43 959
44 1283
45 1770
46 2360
47 3256
48 4749
49 6702
50 9172
51 13036
52 17795
53 23254
54 30638
55 39378
56 50090
57 61183
58 74760
59 88881
60 104865
61 121036
62 137648
63 153903
64 168955
65 183405
66 196318
67 207423
68 214532
69 220698
70 221952
71 220165
72 215958
73 210716
74 201778
75 190787
76 177942
77 163694
78 147360
79 131967
80 116494
81 101704
82 87379
83 74429
84 62644
85 52190
86 43109
87 35539
88 27922
89 22249
90 17550
91 13740
92 10508
93 8209
94 6266
95 4729
96 3597
97 2655
98 1957
99 1432
100 944
101 721
102 454
103 346
104 255
105 198
106 127
107 137
108 91
109 96
110 100
111 98
112 105
113 121
114 118
115 120
116 132
117 158
118 212
119 232
120 246
121 266
122 293
123 312
124 286
125 335
126 428
127 465
128 474
129 555
130 610
131 701
132 748
133 746
134 743
135 691
136 782
137 786
138 885
139 900
140 913
141 904
142 921
143 928
144 859
145 880
146 861
147 779
148 734
149 687
150 640
151 587
152 574
153 511
154 511
155 444
156 378
157 365
158 377
159 344
160 292
161 256
162 211
163 192
164 167
165 153
166 129
167 103
168 87
169 68
170 75
171 61
172 55
173 48
174 50
175 39
176 20
177 30
178 23
179 17
180 18
181 20
182 26
183 32
184 31
185 48
186 45
187 43
188 56
189 81
190 85
191 81
192 63
193 81
194 72
195 86
196 67
197 78
198 86
199 89
200 101
201 101
202 97
203 92
204 100
205 108
206 105
207 121
208 122
209 101
210 116
211 113
212 103
213 132
214 109
215 102
216 141
217 116
218 111
219 97
220 79
221 73
222 80
223 76
224 64
225 72
226 79
227 59
228 53
229 62
230 57
231 57
232 51
233 41
234 40
235 47
236 38
237 43
238 43
239 22
240 21
241 19
242 23
243 18
244 17
245 22
246 17
247 23
248 35
249 37
250 47
251 34
252 40
253 59
254 46
255 42
256 57
257 52
258 62
259 65
260 84
261 88
262 90
263 112
264 133
265 118
266 107
267 131
268 149
269 160
270 141
271 146
272 171
273 151
274 164
275 138
276 145
277 135
278 143
279 137
280 162
281 146
282 159
283 155
284 179
285 151
286 157
287 160
288 156
289 140
290 140
291 172
292 128
293 161
294 119
295 115
296 142
297 122
298 111
299 104
300 100
301 114
302 90
303 78
304 74
305 74
306 80
307 89
308 78
309 80
310 80
311 64
312 58
313 58
314 57
315 57
316 64
317 61
318 50
319 48
320 56
321 32
322 36
323 31
324 31
325 31
326 22
327 22
328 22
329 28
330 25
331 19
332 22
333 22
334 17
335 10
336 16
337 11
338 11
339 14
340 15
341 8
342 12
343 7
344 4
345 7
346 6
347 7
348 5
349 2
350 5
351 4
352 5
353 8
354 4
355 5
356 3
357 4
358 6
360 3
361 1
362 1
363 2
364 1
365 2
366 1
367 1
368 3
369 2
370 1
371 3
372 1
373 2
375 2
377 3
378 1
379 1
380 1
381 1
383 2
384 3
385 2
386 1
388 3
389 5
391 2
392 2
395 1
396 1
397 1
408 2
413 1
415 3
417 1
419 2
420 1
421 3
422 1
423 1
424 1
440 1
443 1
456 1
460 1
462 1
463 1
464 1
484 1
498 1
502 2
521 1
527 1
529 1
530 1
531 1
533 2
535 1
550 1
568 2
578 1
580 1
584 1
587 1
590 1
591 1
597 1
604 2
605 1
613 1
622 1
625 1
655 1
660 1
666 1
671 1
818 1
849 1
1232 1
1377 1
1380 1
1381 1
1382 1
1467 1
1474 1
1480 1
1482 1
1605 1
1613 1
1682 1
