1 21234
2 90280
3 253163
4 523949
5 877855
6 1235994
7 1490709
8 1589820
9 1540084
10 1368073
11 1138087
12 917525
13 739798
14 620335
15 561679
16 556107
17 587330
18 648418
19 715616
20 790527
21 862364
22 918492
23 958032
24 977324
25 979750
26 963574
27 919407
28 860999
29 790014
30 707796
31 622607
32 535242
33 452485
34 373895
35 303464
36 243643
37 190087
38 147138
39 112059
40 83840
41 61936
42 46227
43 33421
44 24469
45 18044
46 13476
47 10424
48 8416
49 7167
50 6123
51 5437
52 5019
53 4634
54 4557
55 4233
56 3967
57 3745
58 3453
59 3299
60 3043
61 2884
62 2775
63 2566
64 2430
65 2371
66 2181
67 2065
68 1889
69 1728
70 1697
71 1407
72 1375
73 1288
74 1239
75 1124
76 1102
77 1057
78 1038
79 1050
80 975
81 917
82 847
83 861
84 834
85 807
86 764
87 749
88 740
89 740
90 733
91 730
92 715
93 702
94 670
95 640
96 633
97 601
98 719
99 688
100 684
101 663
102 665
103 742
104 697
105 691
106 716
107 669
108 653
109 656
110 660
111 687
112 672
113 677
114 643
115 650
116 582
117 532
118 564
119 520
120 487
121 428
122 444
123 395
124 401
125 360
126 354
127 330
128 345
129 294
130 279
131 273
132 283
133 292
134 225
135 242
136 238
137 163
138 170
139 174
140 151
141 136
142 123
143 98
144 128
145 147
146 140
147 134
148 156
149 139
150 133
151 161
152 176
153 125
154 147
155 150
156 138
157 122
158 121
159 119
160 109
161 89
162 101
163 104
164 109
165 101
166 100
167 97
168 83
169 110
170 105
171 121
172 122
173 90
174 97
175 87
176 89
177 82
178 67
179 87
180 70
181 66
182 56
183 82
184 64
185 81
186 62
187 68
188 45
189 67
190 61
191 67
192 73
193 63
194 68
195 55
196 69
197 83
198 63
199 64
200 70
201 73
202 73
203 58
204 55
205 56
206 56
207 66
208 65
209 58
210 48
211 46
212 66
213 56
214 48
215 62
216 49
217 53
218 44
219 54
220 43
221 60
222 48
223 43
224 39
225 42
226 41
227 46
228 48
229 52
230 53
231 33
232 42
233 36
234 36
235 32
236 37
237 30
238 30
239 29
240 38
241 30
242 32
243 37
244 41
245 36
246 31
247 45
248 47
249 47
250 39
251 37
252 34
253 32
254 43
255 36
256 34
257 42
258 41
259 43
260 25
261 29
262 39
263 45
264 40
265 33
266 25
267 34
268 35
269 23
270 34
271 25
272 31
273 29
274 23
275 21
276 25
277 26
278 27
279 25
280 18
281 29
282 31
283 37
284 20
285 40
286 32
287 24
288 20
289 24
290 18
291 27
292 16
293 19
294 13
295 16
296 6
297 12
298 10
299 13
300 12
301 5
302 4
303 8
304 13
305 6
306 11
307 2
308 10
309 4
310 7
311 3
312 5
313 3
314 8
315 8
316 7
317 7
318 4
319 3
320 2
321 6
322 4
323 8
324 7
325 10
326 9
327 9
328 7
329 3
330 7
331 3
332 7
333 5
334 5
335 4
336 3
337 6
338 1
339 6
340 3
341 2
342 2
343 9
344 3
345 4
346 3
347 1
349 1
351 1
352 2
354 5
355 2
356 3
357 4
358 3
359 2
360 5
361 1
362 3
363 2
364 4
365 2
366 3
367 3
368 5
369 2
370 4
371 3
372 5
373 4
374 5
375 6
376 2
377 4
378 2
379 6
380 5
381 3
382 3
383 4
385 1
386 1
387 3
389 2
391 1
392 1
396 3
398 2
401 3
402 2
403 2
404 6
405 1
406 3
407 2
409 1
410 1
411 4
412 1
413 1
414 1
415 2
419 1
423 1
424 2
427 1
432 2
434 2
436 3
438 3
440 1
441 4
442 1
443 3
444 5
445 2
447 3
448 4
449 3
450 4
451 2
452 2
453 2
455 2
456 1
457 2
458 3
459 2
460 2
461 7
462 3
463 3
465 2
466 3
467 4
468 1
469 5
470 5
471 2
472 4
473 5
474 3
475 6
476 4
477 4
478 3
479 2
480 1
481 2
482 2
483 1
486 1
488 3
489 1
491 1
492 1
493 2
498 1
500 1
501 3
502 1
503 2
504 2
506 7
507 5
508 1
509 1
511 2
512 1
513 2
515 1
516 2
517 1
520 1
521 3
523 2
524 1
526 2
527 2
528 2
529 1
532 2
541 2
542 1
543 2
544 1
545 1
547 1
548 1
551 1
552 1
553 1
554 1
555 1
556 1
560 1
562 1
563 1
564 1
573 2
583 1
585 1
587 2
594 3
598 1
600 1
601 1
603 1
608 2
611 2
612 3
613 1
614 1
615 2
616 2
617 3
618 1
619 1
620 1
622 1
623 1
627 1
629 2
630 2
631 3
632 2
633 1
634 3
635 3
636 3
637 6
638 2
640 2
641 1
645 2
646 1
651 1
653 1
660 1
662 1
663 1
664 1
665 1
666 1
668 2
670 1
671 1
672 1
673 1
674 1
675 1
677 1
682 1
683 1
684 2
685 2
687 2
689 2
690 1
693 2
695 1
696 1
700 2
703 1
704 1
705 1
707 1
709 1
713 1
714 2
715 2
718 1
720 1
721 2
725 3
726 1
727 2
728 2
730 2
731 1
733 3
735 1
737 1
738 1
739 2
740 1
744 1
745 1
746 1
747 1
750 2
755 1
756 2
757 1
758 1
759 1
760 1
761 1
762 1
764 3
766 1
768 1
769 2
770 5
771 2
772 2
773 3
774 1
775 1
777 1
778 2
779 3
781 3
782 1
786 1
787 1
788 1
789 1
790 1
795 1
797 1
801 1
806 1
807 1
810 1
812 1
819 2
820 1
831 1
833 1
838 2
839 1
840 2
842 4
848 1
849 4
850 2
853 1
854 1
855 1
858 1
860 3
861 1
864 1
872 1
902 1
905 1
914 1
915 1
917 1
920 1
926 2
932 1
936 1
942 1
944 1
945 1
949 1
962 1
964 4
965 1
967 1
968 1
969 1
970 1
972 1
973 1
983 1
984 1
985 1
987 2
988 1
991 1
996 1
998 1
1002 1
1008 1
1009 2
1010 1
1012 1
1013 1
1016 2
1019 1
1021 1
1023 1
1029 1
1038 1
1055 1
1057 1
1093 1
1113 1
1219 1
1224 1
1226 1
1228 1
1229 1
1230 1
1231 2
1232 2
1234 1
1246 1
1250 1
1251 1
1255 1
1258 1
1265 1
1274 1
1275 1
1276 1
1278 2
1280 1
1281 1
1287 1
1303 1
1313 1
1319 1
1344 1
2325 1
2327 1
2333 1
2336 2
2341 1
2348 1
2352 1
2353 1
2358 1
