1 1488367
2 2489827
3 2894024
4 2731085
5 2365723
6 2112733
7 2002697
8 1979872
9 1939823
10 1815332
11 1604930
12 1332937
13 1042269
14 773609
15 544908
16 368675
17 237269
18 147364
19 89451
20 52576
21 32889
22 21003
23 14189
24 9985
25 7699
26 6192
27 4834
28 4121
29 3753
30 3514
31 3290
32 2835
33 2522
34 2237
35 2165
36 2001
37 2033
38 2017
39 1918
40 1887
41 1625
42 1609
43 1438
44 1312
45 1233
46 1095
47 1056
48 944
49 858
50 737
51 650
52 604
53 607
54 489
55 408
56 357
57 346
58 325
59 337
60 335
61 279
62 259
63 244
64 249
65 209
66 205
67 235
68 215
69 205
70 179
71 233
72 187
73 227
74 212
75 229
76 183
77 160
78 206
79 162
80 179
81 149
82 131
83 137
84 132
85 109
86 123
87 131
88 119
89 129
90 114
91 120
92 105
93 86
94 95
95 80
96 81
97 77
98 79
99 65
100 76
101 93
102 96
103 86
104 73
105 67
106 76
107 70
108 67
109 51
110 50
111 49
112 37
113 49
114 45
115 39
116 35
117 33
118 33
119 25
120 27
121 40
122 20
123 23
124 14
125 10
126 12
127 9
128 12
129 11
130 14
131 14
132 15
133 14
134 10
135 9
136 5
137 3
138 6
139 10
140 8
141 8
142 8
143 9
144 4
145 8
146 7
147 8
148 7
149 11
150 11
151 8
152 9
153 11
154 6
155 9
156 4
157 9
158 12
159 7
160 6
161 3
162 4
163 2
165 4
166 7
167 8
168 5
169 9
170 7
171 2
172 8
173 9
174 5
175 11
176 8
177 4
178 2
179 5
180 2
182 1
183 2
184 4
185 3
186 2
187 1
188 1
189 2
190 2
191 5
192 4
193 3
194 1
195 6
196 3
198 1
199 1
200 4
201 1
202 1
203 1
205 3
206 4
207 4
210 1
211 4
212 6
213 1
214 4
215 2
216 3
218 2
219 3
220 2
222 4
223 1
224 2
225 1
227 3
228 1
229 1
230 2
232 1
234 1
235 2
236 5
237 5
238 7
239 3
240 3
241 3
242 6
243 2
244 5
245 3
246 3
247 1
248 2
250 3
251 2
254 1
257 2
258 2
259 2
260 2
261 2
262 3
264 1
265 1
266 1
268 2
270 3
271 1
272 2
273 2
274 1
276 1
278 1
279 2
280 1
281 2
282 1
283 2
284 3
286 3
287 2
288 6
289 5
290 3
291 5
294 2
296 3
297 3
299 1
301 2
302 1
303 2
304 1
305 1
306 2
307 1
310 1
311 1
313 2
314 3
317 1
318 1
319 1
321 1
323 6
324 1
325 4
326 7
328 2
329 1
332 2
333 2
334 4
336 3
337 5
338 2
339 3
340 2
341 1
342 2
346 1
348 2
349 1
360 1
361 1
363 1
364 2
366 2
367 1
371 1
374 3
375 2
377 2
378 1
381 1
385 1
387 2
396 1
398 1
399 1
400 3
401 2
402 1
405 1
409 1
412 1
413 1
414 2
415 1
417 1
422 1
454 1
457 1
460 1
466 1
467 1
469 2
476 1
478 2
480 1
482 5
483 4
484 3
485 2
489 2
492 1
493 1
880 1
881 1
882 2
884 1
885 2
886 1
888 2
