1 5720843
2 4150397
3 2650362
4 1582329
5 906975
6 562300
7 415783
8 355710
9 320630
10 276986
11 223851
12 163039
13 109940
14 70568
15 42560
16 24389
17 13595
18 7481
19 4448
20 2627
21 1795
22 1041
23 755
24 707
25 613
26 648
27 850
28 1260
29 1912
30 3367
31 5173
32 7569
33 11427
34 17182
35 24470
36 34385
37 46282
38 61125
39 79166
40 99762
41 123224
42 148828
43 174643
44 201214
45 226678
46 250512
47 270852
48 286958
49 298761
50 304983
51 306895
52 303423
53 294440
54 280794
55 261202
56 241253
57 219941
58 196576
59 173883
60 150082
61 130075
62 109169
63 91496
64 75419
65 61463
66 48981
67 39084
68 30383
69 23842
70 18202
71 13436
72 9840
73 7221
74 5335
75 3853
76 2705
77 2013
78 1433
79 1068
80 787
81 663
82 566
83 520
84 525
85 638
86 700
87 784
88 769
89 835
90 989
91 1053
92 1168
93 1192
94 1274
95 1364
96 1444
97 1443
98 1443
99 1530
100 1434
101 1473
102 1309
103 1353
104 1352
105 1356
106 1321
107 1229
108 1153
109 1181
110 1063
111 951
112 856
113 797
114 675
115 566
116 501
117 421
118 427
119 368
120 350
121 298
122 288
123 239
124 190
125 180
126 157
127 128
128 118
129 133
130 110
131 135
132 136
133 180
134 203
135 229
136 234
137 280
138 272
139 322
140 345
141 344
142 363
143 403
144 419
145 382
146 457
147 444
148 476
149 456
150 459
151 498
152 472
153 463
154 496
155 476
156 471
157 486
158 475
159 484
160 426
161 411
162 367
163 455
164 384
165 380
166 339
167 336
168 337
169 327
170 306
171 313
172 281
173 293
174 265
175 287
176 254
177 243
178 205
179 201
180 181
181 174
182 147
183 156
184 134
185 144
186 155
187 141
188 158
189 167
190 138
191 142
192 155
193 166
194 163
195 151
196 154
197 182
198 189
199 180
200 162
201 171
202 178
203 143
204 176
205 159
206 163
207 156
208 160
209 141
210 145
211 142
212 137
213 96
214 112
215 105
216 75
217 88
218 64
219 86
220 83
221 74
222 63
223 66
224 84
225 62
226 69
227 54
228 57
229 68
230 70
231 83
232 81
233 87
234 103
235 87
236 109
237 102
238 118
239 124
240 96
241 109
242 129
243 91
244 116
245 119
246 108
247 114
248 109
249 140
250 111
251 105
252 113
253 121
254 116
255 112
256 100
257 114
258 114
259 110
260 126
261 94
262 93
263 94
264 96
265 75
266 65
267 84
268 77
269 73
270 47
271 61
272 65
273 72
274 50
275 41
276 37
277 46
278 45
279 41
280 46
281 30
282 30
283 24
284 29
285 31
286 22
287 11
288 9
289 14
290 15
291 15
292 20
293 17
294 19
295 22
296 17
297 14
298 19
299 15
300 21
301 16
302 10
303 9
304 16
305 12
306 13
307 16
308 17
309 16
310 26
311 27
312 21
313 23
314 13
315 16
316 16
317 10
318 8
319 15
320 9
321 8
322 5
323 10
324 7
325 5
326 10
327 11
328 7
329 14
330 15
331 9
332 2
333 12
334 12
335 14
336 13
337 18
338 16
339 16
340 20
341 12
342 14
343 13
344 13
345 10
346 8
347 10
348 10
349 10
350 4
351 7
352 7
353 2
354 7
355 10
356 12
357 16
358 6
359 8
360 5
361 10
362 7
363 4
364 6
365 9
366 11
367 5
368 14
369 12
370 6
371 4
372 11
373 8
374 6
375 6
376 4
378 2
379 2
380 7
381 2
382 5
383 6
384 5
385 3
386 4
387 4
388 3
389 5
390 3
391 6
392 5
393 4
394 8
395 3
396 3
397 5
398 2
399 4
400 3
401 1
402 5
403 4
404 1
405 6
406 3
407 4
408 3
409 4
410 2
411 5
412 2
413 4
414 6
415 8
416 5
417 5
418 8
419 2
420 7
421 6
422 5
423 5
424 3
425 3
426 4
427 7
428 3
429 2
430 3
431 5
432 4
433 5
434 1
435 2
436 7
437 4
438 5
439 6
440 5
441 4
442 2
444 5
445 5
446 2
447 5
448 8
449 3
450 5
451 3
452 6
453 8
454 7
455 8
456 8
457 1
458 3
459 4
460 5
461 3
462 3
463 1
465 5
466 1
467 2
469 2
470 3
471 5
472 4
473 6
474 2
475 6
476 3
477 3
478 3
479 6
480 5
481 1
482 4
483 5
484 5
485 1
486 5
487 2
488 1
489 1
491 3
492 2
496 1
497 1
498 5
499 3
500 3
501 4
502 6
504 5
505 5
506 3
507 6
509 2
510 3
511 3
512 4
513 4
514 5
515 3
516 9
518 8
519 4
520 3
521 6
522 3
523 2
524 2
525 4
526 2
527 2
528 6
529 2
530 7
531 5
532 5
533 4
534 5
535 4
536 2
537 4
538 7
539 5
540 2
541 1
543 2
544 3
545 1
548 1
549 3
550 2
551 2
553 3
554 1
555 3
556 5
557 2
558 1
559 4
560 1
561 4
562 4
563 4
564 3
565 4
566 4
567 2
568 2
569 3
570 4
571 5
572 1
573 1
574 1
575 3
576 4
577 3
578 2
579 1
580 2
581 3
583 2
584 1
586 1
588 2
593 1
594 1
595 2
596 5
597 3
598 2
599 3
600 2
601 6
602 2
603 2
604 4
606 2
607 1
608 2
609 2
612 5
613 3
614 2
616 1
617 2
620 2
621 1
622 1
623 1
624 1
625 3
626 1
627 2
628 2
630 1
631 1
632 1
633 1
634 1
635 5
636 1
637 2
638 1
639 1
642 2
643 1
644 3
645 1
647 2
649 4
650 2
652 1
653 2
654 1
655 2
656 5
657 2
658 3
659 4
660 3
661 1
662 3
663 2
664 1
665 2
666 6
667 1
668 3
669 4
670 3
671 4
672 4
673 2
674 2
676 2
677 1
678 2
679 2
680 1
681 3
682 1
683 4
684 3
686 1
687 1
689 2
691 2
693 2
695 2
696 1
697 2
698 3
699 2
700 4
701 2
702 2
703 3
705 1
706 2
707 1
709 1
710 5
711 2
713 3
714 1
715 2
716 2
717 3
720 1
721 1
722 1
723 1
724 2
725 1
726 1
727 3
728 3
730 1
734 1
735 1
737 1
738 1
741 1
743 2
749 2
751 1
753 1
755 1
756 1
758 1
760 1
762 1
763 2
764 3
766 4
768 3
769 1
771 1
774 2
775 2
778 1
779 1
780 2
783 2
784 1
793 1
795 1
796 1
798 1
799 2
800 4
801 1
802 2
804 1
805 1
807 1
809 1
810 2
811 1
816 1
819 1
820 1
822 2
823 3
824 1
825 1
826 1
827 3
828 2
829 2
830 3
831 1
832 1
833 2
834 1
835 1
836 1
838 1
842 1
843 1
844 1
846 1
852 1
854 1
855 2
856 1
857 1
858 1
861 1
862 1
867 2
869 1
872 1
873 2
874 2
875 2
877 2
878 2
880 1
881 1
882 2
887 3
891 1
892 1
893 2
894 2
896 2
898 1
901 1
905 1
907 3
910 2
918 1
922 1
927 1
929 1
932 1
937 1
944 1
946 1
947 3
948 1
949 1
950 1
951 2
952 1
953 1
956 2
957 1
958 3
965 1
983 1
988 1
991 1
992 1
997 1
1007 1
1013 1
1027 1
1029 1
1034 1
1038 1
1051 1
1066 1
1068 1
1093 1
1095 1
1096 1
1104 1
1107 2
1109 1
1128 1
1134 1
1140 1
1142 1
1144 1
1147 1
1148 1
1149 1
1157 1
1163 1
1165 1
1172 1
1180 1
1183 1
1187 1
1192 2
1195 2
1201 1
1213 1
1219 1
1228 2
1230 4
1231 1
1232 1
1234 1
1235 2
1236 1
1237 1
1239 1
1241 1
1242 1
1243 1
1245 1
1247 1
1258 1
1259 1
1274 1
1278 1
1281 1
1285 2
1291 1
1292 1
1294 2
1302 1
1315 1
1324 1
1325 2
1326 1
1327 1
1328 1
1331 2
1338 1
1344 1
1355 1
1359 1
1360 1
1362 1
1364 1
1373 3
1379 1
1384 1
1393 1
1403 1
1412 1
1435 1
1441 1
1443 1
1449 1
1451 1
1454 1
1456 1
1461 2
1462 2
1463 1
1464 1
1465 1
1466 1
1479 2
1480 1
1482 1
1483 2
1484 5
1487 2
1488 1
1491 1
1492 2
1493 1
1495 1
1500 1
1501 1
1504 1
1523 1
1524 1
1525 1
1541 1
1542 2
1543 1
1546 2
1547 1
1548 1
1550 1
1551 1
1552 1
1555 1
1556 1
1558 3
1559 2
1560 1
1564 1
1572 1
1574 2
1576 1
1577 1
1579 1
1580 1
1582 1
1597 1
1602 1
1608 1
1646 1
1648 1
1651 1
1657 1
1659 1
1660 2
1662 1
1665 1
1690 1
1699 1
1700 1
1705 2
1707 1
1709 1
1716 1
1717 1
1722 1
1733 1
1750 1
1751 2
1757 1
1762 1
1778 1
1780 1
1781 1
1782 2
1784 1
1787 2
1788 2
1789 1
1792 1
1793 1
1795 1
1796 1
1797 1
1798 1
1801 3
1802 1
1803 1
1804 1
1805 3
1810 1
1813 1
1817 1
1831 1
1832 2
1836 1
1839 1
1844 1
1845 1
1852 3
1855 2
1857 1
1862 1
1889 1
1893 1
1898 1
1899 2
1901 1
1903 1
1904 1
1908 1
1909 1
1910 1
1918 1
1919 1
1926 1
1929 1
1930 1
1935 1
1940 1
1944 1
1956 1
1958 1
1959 1
1961 1
1966 1
1974 1
1982 1
1983 2
1984 1
1989 1
1993 1
1994 1
1996 2
1999 1
2003 1
2006 1
2007 1
2008 1
2012 1
2014 1
2017 2
2020 1
2023 1
2025 1
2028 1
2030 1
2031 2
2048 1
2049 1
2059 1
2067 1
2072 1
2108 1
2116 1
2122 1
2172 1
2179 1
2218 1
2262 1
2271 1
2272 1
2273 1
2277 2
2280 1
2286 1
2287 1
2304 1
2314 1
2317 1
2320 1
2323 1
2324 1
2334 1
2338 1
2340 1
2346 1
2375 1
2386 1
2388 1
2389 1
2394 1
2398 1
2400 1
2406 2
2407 1
2408 1
2409 1
2416 1
2421 1
2465 1
2473 1
2511 1
2518 1
2524 1
2546 1
2886 1
2888 2
2890 1
2896 1
2897 1
2978 1
2979 1
2988 1
3036 1
3046 1
3088 1
