1 1174260
2 1848230
3 2068456
4 1982842
5 1859178
6 1849649
7 1927428
8 1988008
9 1918369
10 1734007
11 1457139
12 1146477
13 849228
14 593253
15 390118
16 246487
17 150641
18 89397
19 52304
20 31911
21 19779
22 13655
23 10163
24 7896
25 6680
26 5457
27 4637
28 4119
29 3605
30 3073
31 2922
32 2446
33 2454
34 2184
35 1983
36 1750
37 1633
38 1510
39 1486
40 1414
41 1468
42 1262
43 1044
44 957
45 879
46 727
47 694
48 615
49 600
50 579
51 500
52 483
53 445
54 485
55 473
56 416
57 414
58 366
59 321
60 362
61 357
62 311
63 297
64 296
65 306
66 285
67 262
68 212
69 229
70 248
71 197
72 204
73 211
74 225
75 221
76 231
77 266
78 416
79 455
80 616
81 782
82 1051
83 1307
84 1857
85 2444
86 3388
87 4497
88 5501
89 7314
90 9334
91 11718
92 14623
93 18654
94 22422
95 27324
96 32920
97 39479
98 46486
99 54292
100 62880
101 71666
102 80509
103 90522
104 101504
105 110853
106 120705
107 130479
108 139660
109 147328
110 155168
111 161864
112 167007
113 171475
114 172626
115 175189
116 174021
117 171916
118 167506
119 163109
120 157982
121 150783
122 142421
123 134195
124 124328
125 114905
126 106004
127 96653
128 86956
129 78224
130 70212
131 61549
132 54525
133 47303
134 40915
135 35528
136 30093
137 25146
138 21186
139 17937
140 14887
141 12387
142 10075
143 7972
144 6620
145 5342
146 4183
147 3402
148 2629
149 2074
150 1527
151 1226
152 893
153 707
154 634
155 431
156 327
157 230
158 189
159 143
160 126
161 108
162 66
163 72
164 43
165 66
166 42
167 45
168 23
169 36
170 22
171 29
172 27
173 25
174 20
175 29
176 16
177 19
178 36
179 29
180 29
181 44
182 53
183 43
184 45
185 47
186 44
187 49
188 45
189 32
190 61
191 78
192 64
193 55
194 86
195 75
196 84
197 94
198 100
199 123
200 119
201 117
202 124
203 138
204 161
205 172
206 180
207 157
208 196
209 261
210 235
211 279
212 296
213 356
214 366
215 404
216 435
217 451
218 490
219 547
220 526
221 557
222 564
223 553
224 611
225 556
226 582
227 625
228 664
229 648
230 631
231 700
232 760
233 761
234 712
235 725
236 696
237 732
238 677
239 603
240 595
241 560
242 543
243 505
244 471
245 498
246 476
247 419
248 411
249 394
250 342
251 300
252 275
253 261
254 204
255 229
256 179
257 160
258 160
259 135
260 121
261 118
262 111
263 82
264 70
265 62
266 40
267 61
268 39
269 26
270 17
271 19
272 22
273 12
274 14
275 11
276 8
277 12
278 7
279 12
280 8
281 11
282 4
283 13
284 12
285 13
286 8
287 7
288 1
289 3
290 3
291 8
292 7
293 9
294 7
295 9
296 5
297 11
298 7
299 7
300 11
301 19
302 9
303 9
304 22
305 5
306 12
307 16
308 24
309 20
310 28
311 20
312 33
313 38
314 28
315 50
316 37
317 38
318 40
319 46
320 36
321 50
322 52
323 53
324 57
325 56
326 47
327 56
328 79
329 54
330 67
331 85
332 86
333 66
334 80
335 76
336 90
337 84
338 78
339 96
340 85
341 76
342 91
343 99
344 82
345 88
346 85
347 83
348 77
349 76
350 78
351 77
352 63
353 83
354 75
355 71
356 64
357 58
358 64
359 61
360 71
361 66
362 59
363 44
364 54
365 55
366 58
367 58
368 56
369 45
370 54
371 49
372 36
373 43
374 39
375 44
376 38
377 22
378 32
379 36
380 30
381 34
382 25
383 18
384 25
385 26
386 22
387 23
388 32
389 25
390 23
391 21
392 25
393 20
394 26
395 19
396 26
397 36
398 30
399 36
400 29
401 21
402 26
403 24
404 14
405 23
406 23
407 20
408 21
409 23
410 18
411 23
412 28
413 25
414 33
415 44
416 32
417 22
418 33
419 30
420 34
421 36
422 23
423 42
424 41
425 47
426 42
427 40
428 32
429 41
430 50
431 55
432 55
433 43
434 50
435 56
436 55
437 59
438 83
439 88
440 77
441 72
442 64
443 70
444 80
445 71
446 78
447 73
448 82
449 86
450 97
451 70
452 113
453 102
454 103
455 92
456 94
457 98
458 105
459 114
460 98
461 95
462 88
463 134
464 112
465 117
466 116
467 102
468 95
469 108
470 96
471 86
472 98
473 113
474 100
475 92
476 105
477 100
478 93
479 90
480 110
481 104
482 96
483 93
484 81
485 92
486 85
487 86
488 77
489 80
490 59
491 63
492 62
493 48
494 66
495 63
496 75
497 72
498 54
499 74
500 54
501 57
502 58
503 43
504 48
505 39
506 32
507 33
508 43
509 31
510 26
511 24
512 20
513 22
514 26
515 16
516 29
517 21
518 27
519 24
520 15
521 23
522 14
523 20
524 11
525 12
526 11
527 12
528 9
529 14
530 18
531 12
532 14
533 10
534 7
535 9
536 8
537 12
538 8
539 11
540 16
541 14
542 14
543 8
544 12
545 12
546 9
547 19
548 19
549 10
550 5
551 7
552 7
553 5
554 2
555 7
556 4
557 6
558 2
559 5
560 5
561 5
562 4
563 2
564 1
565 1
566 3
567 1
568 1
569 2
570 4
571 2
572 3
573 2
574 2
575 4
576 5
577 6
578 6
579 7
580 6
581 3
582 2
583 8
584 4
585 4
586 2
587 1
588 3
589 1
590 5
592 1
593 1
594 2
595 3
596 1
598 1
599 1
601 2
604 2
605 2
607 1
609 2
610 1
613 1
614 1
617 1
620 1
621 1
627 1
637 1
648 1
652 1
654 1
655 1
666 1
671 2
674 2
675 1
676 4
677 3
678 3
679 1
680 2
681 1
682 1
684 2
688 1
727 2
730 1
734 1
738 1
764 1
782 1
800 1
851 1
880 1
887 2
894 1
895 1
896 1
899 2
901 3
902 1
903 1
927 1
935 1
974 1
986 1
988 1
996 1
1016 1
1021 1
1030 1
1032 1
1045 1
1105 1
1134 1
1226 1
1426 1
2104 1
2269 1
2270 1
2276 1
2282 1
2473 1
2477 1
2484 1
2488 1
2676 1
2678 1
2791 1
