1 4569859
2 4597028
3 3973916
4 3090265
5 2110888
6 1270910
7 671707
8 329985
9 148560
10 65210
11 28384
12 14373
13 9006
14 6275
15 4489
16 3680
17 2981
18 2422
19 1982
20 1725
21 1390
22 1474
23 1631
24 2064
25 2719
26 3885
27 5935
28 8991
29 14048
30 20865
31 30500
32 42321
33 57103
34 74655
35 95353
36 119591
37 144475
38 171356
39 198159
40 223749
41 245748
42 261331
43 274385
44 280471
45 279761
46 272663
47 261853
48 244173
49 224630
50 201156
51 178139
52 155790
53 131703
54 110164
55 89861
56 71821
57 56687
58 43545
59 33400
60 24940
61 18317
62 13264
63 9202
64 6659
65 4894
66 3393
67 2292
68 1606
69 1156
70 874
71 668
72 533
73 462
74 419
75 417
76 397
77 401
78 455
79 601
80 637
81 705
82 778
83 871
84 938
85 931
86 985
87 1093
88 1123
89 1143
90 1112
91 1119
92 1204
93 1097
94 1120
95 1059
96 968
97 905
98 806
99 720
100 620
101 561
102 504
103 416
104 407
105 367
106 261
107 218
108 179
109 152
110 131
111 115
112 82
113 70
114 86
115 73
116 56
117 69
118 63
119 85
120 67
121 75
122 85
123 80
124 114
125 79
126 103
127 114
128 103
129 123
130 120
131 147
132 128
133 147
134 149
135 124
136 120
137 126
138 121
139 127
140 139
141 131
142 156
143 161
144 155
145 150
146 141
147 146
148 143
149 127
150 131
151 132
152 126
153 138
154 121
155 142
156 109
157 114
158 127
159 126
160 122
161 134
162 109
163 125
164 132
165 144
166 160
167 166
168 182
169 206
170 202
171 202
172 236
173 245
174 234
175 236
176 221
177 226
178 199
179 211
180 186
181 208
182 184
183 212
184 206
185 219
186 185
187 178
188 172
189 183
190 145
191 149
192 136
193 122
194 103
195 88
196 107
197 99
198 95
199 90
200 77
201 90
202 71
203 73
204 45
205 53
206 47
207 37
208 39
209 35
210 33
211 47
212 25
213 30
214 34
215 30
216 19
217 27
218 16
219 10
220 11
221 5
222 10
223 9
224 20
225 13
226 10
227 13
228 10
229 8
230 20
231 9
232 3
233 4
234 1
235 7
236 4
237 5
238 5
239 2
240 1
241 2
242 1
243 2
244 3
245 2
246 1
247 2
260 2
264 1
266 1
267 1
268 1
269 1
270 1
271 1
273 1
274 2
275 1
276 1
277 1
278 2
279 1
280 1
282 1
283 1
284 1
285 1
287 3
289 2
290 1
303 1
304 1
306 1
311 1
316 1
319 1
320 1
344 1
349 1
350 1
352 1
355 1
358 1
359 2
362 1
366 1
368 1
372 1
373 1
376 1
378 1
384 1
394 1
398 1
399 1
404 2
405 1
407 1
409 1
411 1
448 1
496 1
537 1
787 1
792 1
799 1
803 1
807 1
922 1
924 1
925 1
928 1
1027 1
1029 1
1076 1
