1 22089
2 93199
3 251828
4 524566
5 879189
6 1231690
7 1488560
8 1592822
9 1540224
10 1359035
11 1136862
12 918989
13 735728
14 620586
15 565128
16 559798
17 588430
18 643662
19 715184
20 792400
21 859767
22 919650
23 961686
24 985142
25 985939
26 962486
27 919641
28 861200
29 787912
30 706167
31 621279
32 534555
33 452638
34 373755
35 304413
36 243075
37 190119
38 145210
39 110337
40 82679
41 61380
42 45202
43 33276
44 25103
45 18965
46 14212
47 11401
48 9034
49 7304
50 6002
51 5203
52 4906
53 4906
54 4386
55 4284
56 4051
57 3891
58 3640
59 3381
60 3027
61 2769
62 2582
63 2498
64 2399
65 2225
66 2074
67 1958
68 1739
69 1594
70 1530
71 1359
72 1354
73 1310
74 1233
75 1191
76 1149
77 1136
78 1138
79 1043
80 1047
81 1006
82 948
83 824
84 856
85 778
86 731
87 755
88 828
89 793
90 779
91 789
92 715
93 729
94 689
95 685
96 701
97 655
98 618
99 558
100 626
101 603
102 633
103 615
104 658
105 630
106 654
107 643
108 765
109 778
110 773
111 733
112 727
113 724
114 687
115 666
116 611
117 589
118 524
119 518
120 462
121 423
122 420
123 385
124 338
125 346
126 324
127 306
128 295
129 314
130 243
131 250
132 237
133 191
134 167
135 165
136 184
137 179
138 192
139 159
140 155
141 176
142 127
143 146
144 130
145 144
146 133
147 130
148 122
149 113
150 130
151 148
152 110
153 132
154 142
155 115
156 141
157 122
158 128
159 126
160 108
161 112
162 101
163 107
164 103
165 123
166 120
167 118
168 113
169 119
170 108
171 117
172 130
173 108
174 99
175 78
176 79
177 67
178 76
179 63
180 72
181 79
182 74
183 76
184 66
185 59
186 77
187 69
188 75
189 57
190 51
191 52
192 38
193 37
194 52
195 52
196 42
197 50
198 60
199 54
200 65
201 48
202 65
203 44
204 59
205 46
206 46
207 41
208 32
209 53
210 53
211 53
212 46
213 50
214 47
215 52
216 45
217 53
218 48
219 47
220 50
221 58
222 65
223 64
224 55
225 69
226 58
227 51
228 56
229 50
230 37
231 37
232 24
233 28
234 36
235 32
236 31
237 29
238 23
239 39
240 31
241 44
242 28
243 34
244 40
245 30
246 25
247 30
248 25
249 38
250 39
251 49
252 46
253 48
254 54
255 42
256 51
257 48
258 51
259 58
260 50
261 53
262 63
263 59
264 58
265 61
266 50
267 39
268 40
269 41
270 47
271 37
272 29
273 47
274 27
275 26
276 24
277 32
278 21
279 32
280 23
281 29
282 31
283 36
284 18
285 15
286 18
287 27
288 14
289 12
290 12
291 13
292 13
293 7
294 14
295 8
296 13
297 6
298 9
299 7
300 6
301 6
302 7
303 8
304 5
305 4
306 6
307 6
308 4
309 5
310 6
311 11
312 6
313 10
314 4
315 7
316 8
317 6
318 7
319 11
320 7
321 3
322 3
323 6
324 9
325 7
326 10
327 5
328 6
329 7
330 7
331 7
332 1
333 7
334 4
335 8
336 2
337 1
338 1
339 2
340 1
341 1
342 3
343 5
344 2
345 5
346 6
347 8
348 3
349 7
350 2
351 2
352 3
353 5
354 5
355 1
356 5
357 6
358 5
359 1
360 5
361 2
362 7
363 4
364 2
365 5
366 1
367 2
368 4
369 1
371 2
372 3
373 1
374 1
375 2
376 2
377 3
378 1
379 1
381 2
382 1
383 2
385 2
386 2
387 2
389 4
390 5
391 2
392 1
393 2
394 2
396 3
398 2
399 1
400 2
401 2
404 1
407 1
409 1
411 1
412 1
413 3
414 1
415 1
417 1
418 1
419 1
420 2
422 2
423 3
424 2
425 3
427 5
428 1
429 3
430 4
431 3
432 2
433 3
434 3
435 1
438 1
439 3
440 2
441 2
442 2
443 5
444 3
445 7
446 1
447 3
448 7
449 1
450 8
451 3
452 5
453 4
454 3
455 4
456 3
457 6
458 2
459 3
460 6
461 5
462 3
463 1
464 3
466 1
467 2
469 2
470 1
471 3
472 1
473 3
474 1
475 2
476 3
478 4
479 1
480 6
481 1
482 5
483 1
484 4
486 1
488 2
489 1
490 1
492 1
493 1
495 1
496 1
497 1
500 1
501 2
504 2
506 1
507 1
510 1
511 1
512 1
513 1
514 1
515 2
519 1
521 1
526 1
527 1
528 1
530 1
534 2
537 1
539 1
541 1
544 1
545 1
546 2
548 1
552 4
553 1
554 2
556 2
557 2
560 2
562 1
563 2
564 1
565 2
569 3
570 1
573 1
574 1
578 1
580 2
585 1
589 1
591 3
592 2
593 2
596 3
597 2
600 1
602 1
605 1
607 5
608 1
609 2
610 2
611 3
613 2
614 1
616 1
617 2
618 1
620 1
621 1
627 1
628 1
629 2
630 2
633 1
634 1
636 1
641 2
642 2
643 1
644 3
645 4
646 2
648 1
657 1
660 1
661 1
667 3
668 1
669 1
670 1
671 1
673 2
675 1
678 2
679 1
680 2
681 4
683 2
685 1
686 2
687 1
688 1
689 1
690 1
691 2
692 1
693 1
695 1
697 1
698 2
700 1
701 1
702 1
704 1
705 1
706 2
707 1
711 1
716 1
717 1
720 1
721 1
724 1
728 1
732 3
738 1
740 3
742 2
743 2
744 1
745 1
746 3
747 1
748 1
749 1
750 1
751 2
752 1
753 1
754 1
757 4
763 1
764 1
765 1
767 1
768 2
769 2
770 3
771 1
772 3
773 2
776 1
777 2
778 1
785 2
787 2
790 1
791 1
794 1
797 1
798 2
801 1
813 2
822 1
823 2
824 1
826 2
827 2
829 2
832 1
845 1
850 1
853 1
857 1
860 1
869 1
872 1
887 1
888 1
891 1
892 1
893 1
894 1
901 1
902 1
906 1
913 1
933 1
936 1
944 2
949 1
953 2
954 1
955 1
956 1
958 1
960 1
963 3
964 3
965 1
967 1
969 1
970 1
973 1
977 1
978 1
979 1
980 1
982 1
983 1
984 2
985 1
1003 1
1006 1
1008 1
1009 1
1031 1
1039 1
1045 1
1051 2
1072 1
1073 1
1128 1
1132 1
1135 1
1136 1
1142 1
1144 1
1185 1
1203 1
1207 1
1212 2
1214 1
1219 1
1222 1
1223 1
1224 2
1225 1
1226 1
1228 1
1229 2
1230 2
1233 2
1236 1
1249 1
1251 1
2359 1
2362 1
2366 2
2376 1
2380 1
2384 1
2390 1
2391 1
2396 1
