1 3055521
2 3478156
3 3371888
4 3166157
5 2802219
6 2258061
7 1643069
8 1074034
9 647987
10 362291
11 184135
12 91595
13 46016
14 23807
15 14179
16 9018
17 6442
18 4809
19 4075
20 3432
21 3015
22 2420
23 2099
24 1897
25 1527
26 1514
27 1254
28 1236
29 1171
30 1169
31 1025
32 848
33 743
34 699
35 737
36 700
37 816
38 1003
39 1188
40 1774
41 2486
42 3694
43 5412
44 7859
45 11412
46 15463
47 21324
48 28417
49 37792
50 47647
51 60723
52 75689
53 91251
54 108300
55 126446
56 145225
57 162062
58 180092
59 196834
60 210778
61 221488
62 229551
63 234170
64 234818
65 232484
66 225657
67 216529
68 203793
69 189697
70 174243
71 157589
72 140555
73 123712
74 107687
75 91730
76 77175
77 64697
78 53238
79 43783
80 35277
81 28050
82 22294
83 16914
84 13140
85 10157
86 7318
87 5424
88 3965
89 2799
90 2111
91 1462
92 1046
93 713
94 491
95 395
96 298
97 215
98 160
99 122
100 96
101 81
102 97
103 110
104 104
105 139
106 123
107 164
108 195
109 228
110 240
111 222
112 278
113 307
114 384
115 399
116 507
117 553
118 617
119 694
120 658
121 720
122 763
123 857
124 893
125 928
126 996
127 1003
128 1071
129 1033
130 977
131 903
132 872
133 876
134 842
135 768
136 725
137 714
138 682
139 631
140 666
141 553
142 535
143 500
144 429
145 342
146 353
147 313
148 242
149 232
150 206
151 203
152 126
153 127
154 128
155 96
156 87
157 71
158 49
159 45
160 30
161 35
162 29
163 35
164 40
165 34
166 25
167 43
168 33
169 57
170 44
171 49
172 68
173 66
174 90
175 82
176 89
177 79
178 76
179 76
180 70
181 96
182 97
183 73
184 80
185 110
186 102
187 144
188 126
189 133
190 120
191 105
192 130
193 116
194 93
195 99
196 83
197 91
198 109
199 106
200 85
201 116
202 117
203 103
204 108
205 91
206 89
207 96
208 72
209 79
210 77
211 89
212 64
213 74
214 61
215 64
216 52
217 53
218 55
219 43
220 49
221 49
222 53
223 53
224 40
225 49
226 49
227 50
228 68
229 59
230 71
231 55
232 69
233 81
234 90
235 86
236 102
237 95
238 131
239 95
240 133
241 129
242 123
243 123
244 151
245 143
246 168
247 160
248 137
249 154
250 166
251 185
252 180
253 183
254 164
255 193
256 178
257 160
258 191
259 205
260 159
261 190
262 166
263 164
264 137
265 140
266 129
267 103
268 98
269 95
270 71
271 85
272 92
273 65
274 102
275 91
276 74
277 74
278 81
279 81
280 87
281 95
282 82
283 94
284 77
285 81
286 61
287 50
288 56
289 57
290 54
291 45
292 44
293 66
294 37
295 26
296 35
297 37
298 28
299 30
300 32
301 26
302 15
303 22
304 27
305 22
306 16
307 20
308 16
309 10
310 14
311 13
312 7
313 8
314 9
315 9
316 10
317 14
318 8
319 6
320 7
321 8
322 4
323 9
324 3
325 4
326 1
328 1
329 3
330 3
331 1
333 1
334 2
335 2
343 1
350 2
351 1
357 1
359 1
360 1
362 3
363 1
366 1
367 2
368 1
369 2
371 1
372 2
373 1
375 1
376 1
381 1
392 3
394 1
399 1
409 1
413 1
415 2
419 1
421 1
424 2
426 1
428 2
430 1
431 1
432 1
435 1
440 1
450 1
480 1
489 1
501 1
506 1
509 1
513 1
514 2
515 1
520 1
532 1
536 1
540 1
545 1
547 1
559 1
563 1
568 2
575 1
579 1
580 3
601 1
628 1
640 1
670 1
737 1
786 1
1022 1
1028 1
1029 1
1038 1
1151 1
1327 1
1332 1
1340 1
1348 1
1475 1
1478 1
1547 1
