1 6083558
2 5177952
3 3665473
4 2195984
5 1122983
6 502514
7 202319
8 76646
9 29942
10 14294
11 7463
12 5021
13 3649
14 3460
15 3759
16 5132
17 7592
18 12610
19 20339
20 32040
21 47300
22 67419
23 93695
24 123922
25 159950
26 195535
27 232385
28 267515
29 296906
30 316508
31 328319
32 331364
33 323633
34 306319
35 281386
36 249388
37 215504
38 181736
39 151530
40 122112
41 95330
42 73044
43 53912
44 39489
45 28714
46 20234
47 14130
48 9555
49 6272
50 4238
51 2708
52 1957
53 1460
54 1236
55 1180
56 953
57 970
58 1097
59 1112
60 1290
61 1276
62 1246
63 1279
64 1366
65 1366
66 1307
67 1293
68 1188
69 1127
70 1111
71 960
72 978
73 784
74 628
75 566
76 491
77 482
78 370
79 361
80 270
81 199
82 170
83 194
84 175
85 155
86 129
87 150
88 159
89 164
90 135
91 165
92 152
93 179
94 173
95 174
96 183
97 148
98 166
99 170
100 140
101 143
102 142
103 128
104 129
105 120
106 139
107 148
108 153
109 156
110 168
111 185
112 158
113 170
114 218
115 242
116 195
117 230
118 185
119 198
120 200
121 186
122 199
123 224
124 251
125 253
126 248
127 239
128 269
129 266
130 290
131 331
132 337
133 311
134 331
135 285
136 268
137 230
138 201
139 196
140 163
141 164
142 133
143 138
144 117
145 113
146 114
147 85
148 82
149 63
150 55
151 57
152 34
153 38
154 32
155 23
156 20
157 27
158 23
159 20
160 11
161 16
162 10
163 11
164 14
165 14
166 15
167 12
168 9
169 7
170 8
171 7
172 6
173 8
174 5
175 3
176 5
178 2
179 2
180 5
181 8
183 5
185 3
187 1
188 2
189 3
190 4
191 3
192 1
194 1
196 2
198 1
199 3
200 1
201 3
202 2
203 2
204 3
205 2
206 1
207 1
209 2
211 1
215 2
216 1
217 1
224 1
226 1
230 2
231 1
252 1
253 1
264 2
266 3
268 1
270 3
272 1
276 1
280 1
291 1
299 1
300 3
305 1
308 1
312 1
315 1
318 1
342 1
371 1
390 1
585 1
674 1
682 1
686 1
687 1
759 1
762 1
782 1
785 1
789 1
793 1
794 1
