1 6436694
2 3713214
3 1936514
4 1022417
5 625648
6 446524
7 338640
8 239885
9 154790
10 92524
11 51356
12 26143
13 12604
14 6543
15 3595
16 2965
17 3802
18 6058
19 10512
20 18318
21 29544
22 44845
23 64408
24 90014
25 121966
26 157960
27 196260
28 236110
29 276081
30 313550
31 345063
32 368080
33 380051
34 384021
35 376496
36 358695
37 332470
38 300616
39 265074
40 229072
41 193491
42 159894
43 129161
44 101745
45 78353
46 59936
47 45049
48 33222
49 24007
50 16877
51 11958
52 8278
53 5803
54 4042
55 2885
56 2346
57 2000
58 1824
59 1687
60 1758
61 1779
62 1760
63 1766
64 1824
65 1825
66 1828
67 1909
68 1858
69 1786
70 1739
71 1573
72 1456
73 1260
74 1111
75 1105
76 1039
77 867
78 848
79 745
80 700
81 621
82 571
83 503
84 510
85 467
86 369
87 334
88 364
89 380
90 318
91 370
92 451
93 475
94 513
95 483
96 515
97 526
98 527
99 576
100 592
101 633
102 585
103 595
104 602
105 592
106 596
107 657
108 603
109 618
110 587
111 545
112 478
113 473
114 473
115 420
116 447
117 435
118 399
119 383
120 370
121 351
122 323
123 258
124 244
125 236
126 240
127 237
128 202
129 215
130 206
131 232
132 238
133 269
134 242
135 267
136 273
137 247
138 252
139 216
140 192
141 208
142 191
143 156
144 153
145 137
146 135
147 131
148 145
149 128
150 125
151 124
152 121
153 113
154 113
155 105
156 114
157 115
158 137
159 132
160 157
161 164
162 163
163 202
164 189
165 175
166 180
167 157
168 149
169 146
170 159
171 161
172 157
173 140
174 133
175 125
176 146
177 119
178 119
179 117
180 112
181 104
182 89
183 80
184 63
185 66
186 63
187 53
188 53
189 35
190 45
191 48
192 42
193 45
194 36
195 36
196 35
197 37
198 30
199 31
200 31
201 23
202 20
203 16
204 19
205 20
206 24
207 24
208 12
209 21
210 9
211 17
212 16
213 16
214 21
215 16
216 16
217 11
218 14
219 24
220 18
221 25
222 21
223 25
224 18
225 21
226 14
227 18
228 20
229 12
230 18
231 12
232 12
233 11
234 15
235 16
236 13
237 9
238 6
239 15
240 9
241 10
242 6
243 12
244 14
245 14
246 7
247 13
248 15
249 11
250 15
251 12
252 6
253 6
254 7
255 8
256 4
257 8
258 9
259 10
260 9
261 11
262 14
263 11
264 8
265 8
266 18
267 11
268 6
269 10
270 7
271 6
272 6
273 8
274 3
275 5
276 11
277 5
278 7
279 7
280 7
281 6
282 6
283 9
284 10
285 6
286 8
287 8
288 8
289 13
290 3
291 2
292 7
293 8
294 4
295 3
296 4
297 10
298 2
299 8
300 7
301 6
302 7
303 4
304 4
305 4
306 3
307 4
308 3
309 3
310 4
311 2
312 4
313 5
314 2
315 6
316 6
317 1
318 9
319 4
320 8
321 6
322 8
323 4
324 5
325 7
326 3
327 4
328 7
329 9
330 7
331 8
332 5
333 9
334 2
335 5
336 5
337 9
338 2
339 4
340 2
341 2
342 5
343 3
344 1
345 6
346 4
347 3
348 4
349 4
350 3
351 3
352 6
353 1
354 3
355 4
356 3
357 3
358 5
359 2
360 9
361 6
362 5
363 6
364 5
365 2
366 4
367 5
368 9
369 5
370 4
371 7
372 2
373 6
374 3
375 2
376 1
377 4
378 4
379 4
380 3
381 5
382 3
383 5
384 5
385 3
386 8
387 5
388 4
389 1
390 2
391 1
392 1
393 1
395 2
396 1
397 3
398 2
399 1
400 3
404 1
405 2
407 3
408 3
409 4
410 3
411 3
412 2
413 3
414 3
415 1
416 1
417 3
419 4
420 1
421 3
422 1
424 1
425 1
426 1
427 4
429 1
431 1
432 2
433 4
434 4
435 4
436 2
437 4
438 4
439 4
440 3
441 8
442 3
443 2
444 2
445 2
446 7
447 3
448 2
449 6
450 3
451 2
452 3
454 2
455 1
458 1
460 2
461 1
462 1
463 3
465 4
466 1
467 4
468 1
469 2
470 2
471 3
472 1
473 5
474 7
476 3
477 3
478 4
479 5
480 3
481 2
482 2
483 2
484 1
487 1
488 3
489 3
490 4
491 3
492 1
493 2
494 1
495 1
496 1
497 1
498 5
499 1
503 1
505 1
506 1
507 2
508 1
512 1
516 2
517 1
518 3
521 1
524 2
525 3
526 3
528 1
529 3
530 1
531 2
532 2
533 1
535 4
536 4
537 2
538 4
539 2
540 2
541 3
542 2
544 1
545 2
550 1
551 4
552 2
553 4
554 2
555 2
556 1
557 1
558 2
559 1
560 1
561 1
562 1
563 1
564 2
566 1
567 2
568 2
569 3
570 1
571 2
572 2
573 3
574 1
575 1
576 1
577 1
578 1
579 2
580 3
581 3
582 2
583 1
584 1
585 2
586 1
587 4
589 2
590 1
591 2
592 1
595 1
609 1
610 1
613 1
617 1
619 1
626 1
629 1
631 1
633 1
635 1
638 1
644 1
648 1
656 1
658 1
659 1
666 1
667 1
669 1
681 2
688 1
689 1
692 1
693 1
699 1
706 1
712 2
714 1
718 1
724 2
725 1
728 1
732 1
735 1
737 1
752 1
754 1
761 1
762 1
763 1
764 2
769 1
775 1
776 1
779 1
787 2
788 2
791 1
796 1
797 2
800 1
807 2
809 1
810 1
811 1
812 2
814 1
816 1
818 1
819 1
822 1
827 1
829 1
830 2
831 1
833 1
835 1
837 1
839 2
843 1
847 1
850 1
851 1
854 3
856 1
857 2
858 1
859 1
860 1
867 1
870 2
871 1
872 1
880 1
893 2
896 1
897 2
900 2
901 1
902 3
904 1
907 1
908 1
911 1
912 2
915 1
917 2
922 1
924 3
926 2
928 1
934 1
935 1
937 1
938 1
943 1
947 2
949 1
952 2
953 1
955 1
960 1
963 1
964 1
966 2
967 1
968 1
969 2
971 3
972 1
973 1
996 2
1001 1
1002 1
1003 2
1004 1
1005 1
1006 3
1009 2
1011 1
1024 1
1031 1
1041 1
1042 1
1043 1
1044 2
1045 1
1047 2
1048 1
1050 3
1053 1
1056 1
1059 1
1060 1
1066 2
1070 1
1072 1
1073 1
1088 1
1094 1
1095 1
1096 1
1097 2
1099 1
1102 1
1105 1
1108 1
1109 1
1113 1
1118 1
1123 1
1131 1
1132 1
1146 1
1147 1
1154 3
1155 1
1156 1
1165 1
1167 1
1183 2
1185 2
1188 1
1193 1
1194 2
1195 3
1197 3
1198 2
1199 2
1200 1
1201 1
1202 1
1205 1
1206 1
1207 1
1213 1
1214 1
1218 2
1219 1
1220 1
1222 1
1225 2
1227 1
1232 1
1233 1
1234 1
1239 2
1243 1
1244 1
1246 1
1247 3
1268 1
1272 1
1274 1
1276 2
1278 1
1280 1
1281 1
1282 1
1296 1
1306 1
1307 2
1308 1
1310 1
1312 1
1313 2
1317 1
1319 1
1321 1
1329 1
1336 2
1337 1
1338 1
1342 2
1359 1
1362 3
1363 1
1365 2
1366 1
1368 1
1369 1
1370 1
1371 1
1380 1
1381 1
1384 1
1385 1
1386 1
1387 1
1389 1
1396 1
1411 1
1413 1
1423 1
1427 1
1450 2
1451 1
1478 1
1482 1
1497 1
1498 1
1502 3
1524 1
1526 1
1528 1
1529 1
1534 1
1537 1
1543 1
1547 1
1569 1
1576 1
1578 1
1581 1
1584 1
1585 1
1590 1
1611 1
1612 1
1622 1
1624 1
1627 1
1630 2
1639 1
1645 1
1647 1
1649 2
1650 1
1651 1
1653 1
1658 1
1660 1
1685 1
1689 1
1694 1
1961 1
1966 1
1982 1
1990 1
1991 1
1992 2
2040 1
2091 1
2121 1
2140 1
2166 1
