1 333422
2 860661
3 1505175
4 1977579
5 2129570
6 1973738
7 1674190
8 1390236
9 1203741
10 1143153
11 1168245
12 1249063
13 1335518
14 1378604
15 1379332
16 1331038
17 1231405
18 1103633
19 947505
20 784793
21 633641
22 492027
23 368353
24 268108
25 191502
26 134081
27 90679
28 61486
29 40606
30 27525
31 19086
32 13372
33 9892
34 7856
35 7052
36 6055
37 5460
38 5010
39 4522
40 3807
41 3374
42 3072
43 2717
44 2482
45 2383
46 2152
47 1936
48 1832
49 1661
50 1591
51 1617
52 1471
53 1435
54 1259
55 1323
56 1173
57 1144
58 1095
59 1124
60 1162
61 1082
62 1136
63 1100
64 1130
65 1104
66 1097
67 1065
68 987
69 959
70 861
71 898
72 862
73 772
74 839
75 793
76 790
77 648
78 587
79 569
80 605
81 493
82 503
83 420
84 347
85 332
86 337
87 272
88 290
89 265
90 260
91 237
92 253
93 212
94 225
95 210
96 200
97 197
98 171
99 182
100 152
101 181
102 144
103 131
104 109
105 108
106 112
107 108
108 107
109 121
110 123
111 110
112 111
113 122
114 110
115 114
116 93
117 102
118 109
119 88
120 62
121 81
122 76
123 114
124 80
125 99
126 89
127 85
128 88
129 82
130 82
131 81
132 80
133 86
134 90
135 69
136 66
137 76
138 81
139 70
140 65
141 70
142 54
143 76
144 78
145 80
146 62
147 67
148 68
149 63
150 72
151 73
152 62
153 89
154 81
155 75
156 54
157 55
158 50
159 48
160 60
161 46
162 53
163 57
164 43
165 48
166 34
167 32
168 57
169 48
170 48
171 47
172 48
173 57
174 67
175 61
176 50
177 49
178 44
179 34
180 43
181 29
182 22
183 34
184 21
185 24
186 16
187 13
188 20
189 10
190 5
191 9
192 7
193 5
194 9
195 8
196 8
197 7
198 14
199 14
200 9
201 3
202 7
203 9
204 10
205 5
206 5
207 10
208 4
209 6
210 7
211 11
212 8
213 8
214 8
215 9
216 14
217 9
218 6
219 5
220 2
221 1
222 9
223 4
224 8
225 7
226 5
227 1
228 6
229 6
230 3
231 3
232 6
233 9
234 11
235 9
236 9
237 5
238 5
239 4
240 2
241 2
242 2
243 3
244 3
246 1
247 7
248 6
249 10
250 11
251 7
252 8
253 7
254 4
255 7
256 3
257 8
258 2
259 4
260 5
261 4
262 1
263 2
264 3
265 2
266 5
267 3
268 5
269 3
270 9
271 3
272 5
273 3
274 4
275 5
276 5
277 3
279 2
280 4
281 1
282 1
283 1
284 1
286 4
287 5
289 4
290 4
291 1
292 2
293 3
294 1
295 3
297 3
298 3
300 1
301 2
302 1
303 4
304 4
305 2
306 3
307 1
310 1
311 1
313 3
314 1
315 2
317 3
319 1
321 2
323 4
324 2
325 2
328 2
329 2
330 3
331 1
333 1
334 1
335 1
336 2
337 2
338 3
340 1
341 2
342 2
343 1
347 3
348 2
349 7
350 1
351 1
352 2
354 1
355 1
356 2
358 2
359 2
360 1
362 1
363 2
364 2
365 2
366 3
367 1
368 2
370 2
371 3
372 3
373 3
374 2
376 1
377 1
378 2
379 2
380 3
381 4
382 2
383 4
384 2
386 2
387 2
389 2
392 1
393 2
394 2
395 2
397 3
398 1
399 1
409 1
412 2
417 2
418 1
419 1
420 1
423 1
424 1
425 1
427 1
428 3
429 1
431 1
432 2
433 2
434 3
435 1
436 2
440 1
441 1
442 2
444 3
445 1
446 1
447 1
448 1
455 1
459 5
460 7
461 4
462 1
463 4
464 2
465 3
466 5
467 1
468 1
469 2
472 2
473 1
475 1
477 1
479 1
481 1
482 1
483 2
484 1
485 2
487 1
493 2
494 1
495 2
496 2
497 1
499 2
500 1
501 1
503 1
504 1
505 2
506 1
507 1
508 1
509 2
512 2
513 2
515 2
516 1
517 1
519 4
520 3
522 1
523 2
524 2
526 2
527 1
532 1
534 2
537 1
539 1
548 1
561 1
576 1
577 1
579 1
583 1
584 1
585 1
586 1
587 1
588 1
589 2
590 1
592 2
598 2
600 2
601 2
602 2
603 1
605 1
606 1
610 1
611 2
612 1
613 1
618 1
619 1
622 1
626 1
627 1
628 1
630 1
631 1
634 1
640 1
642 1
645 1
646 1
738 1
740 1
741 1
743 1
744 2
745 2
747 2
748 1
749 1
751 1
752 2
753 1
755 1
756 1
759 3
764 2
765 1
775 2
783 1
785 1
786 1
1436 1
1438 1
1440 1
1448 1
1451 1
1452 1
1454 1
1456 1
1460 1
1468 1
