1 5716465
2 5436668
3 4452296
4 3453476
5 2465245
6 1590293
7 922003
8 479970
9 234247
10 106250
11 48439
12 22364
13 11910
14 7447
15 5576
16 4464
17 3512
18 3130
19 2471
20 2220
21 1954
22 1686
23 1415
24 1035
25 1011
26 886
27 680
28 702
29 533
30 405
31 383
32 311
33 314
34 330
35 356
36 348
37 269
38 234
39 235
40 181
41 186
42 137
43 185
44 174
45 168
46 125
47 117
48 81
49 54
50 39
51 42
52 32
53 36
54 11
55 32
56 28
57 37
58 28
59 17
60 32
61 11
62 12
63 7
64 7
65 7
66 8
67 11
68 9
69 15
70 4
71 22
72 14
73 6
74 7
75 15
76 5
77 8
78 5
79 6
80 8
81 5
82 7
83 3
84 8
85 5
86 7
87 8
88 4
89 12
90 1
91 7
92 9
93 7
94 5
95 3
96 3
97 3
98 7
99 10
100 3
101 4
102 7
103 4
104 5
105 10
106 4
107 8
108 6
109 6
110 2
111 4
112 6
113 3
114 3
115 3
116 9
117 4
118 2
119 3
120 3
121 3
122 6
123 1
124 1
125 4
126 3
127 4
128 1
129 4
130 1
132 1
133 1
134 4
135 1
136 4
137 1
138 1
139 2
140 2
141 2
142 2
143 1
144 2
145 1
146 1
147 4
148 6
149 3
150 2
151 3
153 3
155 2
156 3
160 1
162 1
163 1
164 2
165 1
166 2
167 2
168 3
169 3
170 1
171 1
172 1
173 4
174 4
175 6
176 4
177 3
178 2
179 1
180 1
181 1
183 1
185 6
186 1
187 2
206 2
326 2
329 1
332 1
333 1
334 1
335 2
336 1
338 1
