1 116083
2 365876
3 786629
4 1280041
5 1674731
6 1866331
7 1803974
8 1569276
9 1288758
10 1047997
11 897898
12 833506
13 842038
14 904344
15 992719
16 1070923
17 1142237
18 1180057
19 1188880
20 1154560
21 1086082
22 988412
23 876948
24 758555
25 639703
26 519575
27 413567
28 321834
29 243530
30 182502
31 133952
32 95732
33 68473
34 48382
35 33672
36 24258
37 17649
38 13306
39 10469
40 8254
41 7074
42 6142
43 5462
44 4929
45 4523
46 4234
47 3924
48 3510
49 3225
50 2893
51 2691
52 2329
53 2200
54 2028
55 1880
56 1707
57 1511
58 1408
59 1435
60 1324
61 1335
62 1204
63 1203
64 1222
65 1092
66 1121
67 1065
68 984
69 1029
70 1023
71 1003
72 943
73 969
74 878
75 835
76 864
77 874
78 841
79 995
80 921
81 969
82 894
83 944
84 923
85 901
86 892
87 778
88 780
89 732
90 663
91 759
92 681
93 643
94 593
95 529
96 438
97 452
98 390
99 363
100 342
101 322
102 282
103 313
104 299
105 313
106 266
107 239
108 235
109 185
110 212
111 221
112 218
113 209
114 201
115 189
116 165
117 162
118 139
119 132
120 133
121 150
122 129
123 105
124 102
125 116
126 117
127 120
128 146
129 138
130 140
131 143
132 127
133 110
134 114
135 108
136 105
137 107
138 100
139 91
140 80
141 86
142 72
143 99
144 94
145 75
146 89
147 86
148 96
149 92
150 87
151 102
152 90
153 80
154 79
155 96
156 79
157 87
158 93
159 89
160 89
161 75
162 86
163 74
164 71
165 66
166 67
167 66
168 70
169 65
170 59
171 59
172 58
173 52
174 38
175 50
176 49
177 64
178 53
179 48
180 51
181 42
182 57
183 51
184 53
185 58
186 53
187 45
188 53
189 47
190 50
191 43
192 56
193 39
194 50
195 61
196 70
197 58
198 59
199 74
200 53
201 66
202 58
203 55
204 47
205 46
206 39
207 45
208 28
209 52
210 28
211 25
212 22
213 31
214 30
215 25
216 35
217 30
218 34
219 28
220 26
221 23
222 19
223 17
224 17
225 14
226 20
227 8
228 17
229 8
230 8
231 8
232 14
233 14
234 13
235 12
236 13
237 5
238 8
239 14
240 5
241 14
242 7
243 3
244 12
245 11
246 7
247 9
248 11
249 9
250 9
251 10
252 8
253 8
254 3
255 6
256 7
257 4
258 2
259 7
260 4
261 2
262 2
263 6
264 4
265 7
266 6
267 6
268 4
269 3
270 5
271 1
272 2
273 3
274 1
275 3
276 7
277 5
278 6
279 5
280 8
281 7
282 3
283 1
284 3
285 3
286 3
287 5
288 7
289 2
290 3
291 1
292 1
293 3
294 2
295 1
296 2
297 4
298 4
299 4
300 2
301 3
302 2
303 3
304 3
305 1
306 4
307 4
308 3
309 3
310 3
312 2
313 5
314 3
315 2
316 2
317 2
318 5
320 1
322 1
325 1
326 2
327 2
328 1
329 6
330 2
331 4
332 7
333 4
334 3
335 5
336 2
337 5
338 3
339 4
341 4
342 1
343 2
344 6
345 4
346 4
347 7
348 10
349 8
350 7
351 6
352 5
353 6
354 5
355 3
356 6
357 3
358 2
359 3
360 3
361 1
362 1
364 2
365 2
366 2
369 1
370 3
371 2
372 1
373 1
374 1
375 2
376 5
377 1
378 3
379 1
380 1
383 3
385 1
386 1
389 2
392 1
393 1
394 1
397 3
398 2
399 2
401 2
402 1
403 2
405 2
409 2
413 2
414 2
415 1
416 1
418 3
419 1
420 1
425 1
429 1
431 1
432 2
433 2
436 1
437 3
441 1
442 2
443 2
444 2
446 1
449 3
450 1
452 1
458 3
460 3
461 1
462 2
463 2
464 1
465 2
466 2
467 2
468 4
469 1
470 1
472 2
474 3
475 1
477 1
479 2
481 3
483 1
484 2
486 1
487 2
488 4
491 2
492 2
493 1
495 1
496 1
497 1
499 1
500 2
501 1
503 1
505 2
506 2
507 2
508 2
509 1
510 2
511 1
514 2
515 5
516 3
519 3
520 3
521 2
522 2
523 1
527 2
529 1
530 1
533 3
534 2
535 1
536 1
537 1
543 1
544 1
546 1
549 1
553 1
554 1
555 2
557 1
561 1
563 3
568 1
569 1
570 2
571 3
573 1
574 1
575 1
576 2
579 2
588 1
590 1
591 2
593 1
595 1
598 1
599 2
600 4
607 1
609 1
610 3
611 1
612 4
613 4
615 2
616 1
618 3
620 1
622 3
623 2
624 2
625 3
626 1
627 1
628 2
629 3
630 2
632 3
633 1
635 1
638 1
641 1
642 1
645 1
647 1
650 1
655 1
657 1
658 1
662 3
663 2
667 1
669 1
671 2
672 2
674 1
676 1
679 1
683 1
685 1
686 1
687 1
689 1
691 1
692 2
698 1
700 1
711 1
722 1
724 1
735 1
742 1
746 1
748 1
749 1
753 4
757 1
758 1
761 1
763 2
764 1
765 3
770 1
774 1
776 1
778 2
780 1
781 2
785 1
788 1
789 1
792 1
798 1
801 1
802 1
806 1
814 1
815 1
818 1
821 1
831 1
835 1
846 1
862 1
881 1
882 1
889 1
893 2
894 1
918 1
919 1
920 1
921 1
922 1
924 1
926 1
929 1
933 1
934 1
935 1
941 1
967 1
976 1
977 1
979 3
981 1
983 1
987 1
991 1
1011 1
1856 1
1857 1
1859 1
1860 1
1867 1
1868 2
1872 1
1875 1
1876 1
