1 3254302
2 3412598
3 2909292
4 2372851
5 1951124
6 1570980
7 1196595
8 835951
9 541496
10 335060
11 212458
12 151821
13 137880
14 148671
15 169564
16 191764
17 207157
18 213959
19 211097
20 197177
21 177801
22 150579
23 122630
24 95408
25 71739
26 51269
27 36582
28 24593
29 15953
30 10319
31 6596
32 4257
33 2980
34 2147
35 1651
36 1285
37 1069
38 877
39 817
40 826
41 745
42 741
43 688
44 553
45 502
46 379
47 333
48 272
49 202
50 131
51 110
52 93
53 40
54 44
55 41
56 26
57 22
58 27
59 26
60 33
61 29
62 35
63 38
64 37
65 47
66 80
67 94
68 117
69 145
70 277
71 332
72 541
73 687
74 1062
75 1391
76 2077
77 2790
78 3998
79 5138
80 6892
81 8854
82 11650
83 14518
84 18058
85 22662
86 27481
87 33218
88 39458
89 46797
90 55383
91 64771
92 74342
93 84711
94 95516
95 107151
96 117653
97 130255
98 141887
99 151674
100 162134
101 171371
102 179592
103 186370
104 193156
105 197280
106 198890
107 201479
108 200990
109 198885
110 196364
111 190763
112 185124
113 178659
114 170663
115 161210
116 152271
117 142708
118 133363
119 123441
120 113401
121 103755
122 94572
123 86309
124 77544
125 70581
126 62320
127 55321
128 48033
129 42726
130 37077
131 32055
132 27416
133 23533
134 20024
135 16906
136 14143
137 12052
138 9817
139 8038
140 6725
141 5606
142 4512
143 3556
144 2787
145 2239
146 1792
147 1376
148 1039
149 790
150 590
151 461
152 357
153 258
154 232
155 168
156 113
157 70
158 43
159 36
160 36
161 46
162 35
163 30
164 19
165 23
166 23
167 25
168 18
169 10
170 13
171 21
172 22
173 28
174 37
175 43
176 44
177 69
178 74
179 77
180 88
181 101
182 122
183 151
184 170
185 186
186 201
187 270
188 289
189 320
190 344
191 396
192 461
193 511
194 565
195 627
196 626
197 656
198 687
199 772
200 785
201 912
202 918
203 983
204 985
205 928
206 993
207 953
208 1016
209 1047
210 990
211 1078
212 1006
213 997
214 1008
215 954
216 1047
217 1013
218 964
219 900
220 868
221 790
222 761
223 756
224 685
225 665
226 567
227 545
228 507
229 498
230 466
231 443
232 398
233 384
234 354
235 335
236 327
237 288
238 289
239 256
240 246
241 218
242 182
243 192
244 189
245 154
246 168
247 134
248 118
249 126
250 79
251 84
252 78
253 62
254 58
255 51
256 46
257 53
258 38
259 34
260 51
261 40
262 39
263 39
264 27
265 31
266 24
267 24
268 16
269 24
270 21
271 29
272 39
273 29
274 30
275 23
276 34
277 46
278 39
279 53
280 53
281 62
282 63
283 71
284 89
285 94
286 75
287 76
288 86
289 116
290 103
291 121
292 118
293 119
294 133
295 136
296 143
297 140
298 177
299 166
300 183
301 202
302 192
303 218
304 225
305 237
306 219
307 219
308 254
309 291
310 252
311 294
312 248
313 237
314 251
315 248
316 223
317 249
318 251
319 244
320 243
321 256
322 241
323 295
324 266
325 288
326 238
327 256
328 230
329 228
330 222
331 229
332 234
333 254
334 248
335 234
336 221
337 185
338 203
339 200
340 217
341 203
342 228
343 199
344 196
345 197
346 210
347 206
348 182
349 182
350 156
351 157
352 156
353 144
354 161
355 140
356 143
357 156
358 122
359 143
360 134
361 122
362 145
363 134
364 138
365 132
366 112
367 116
368 104
369 117
370 97
371 83
372 97
373 88
374 80
375 80
376 47
377 63
378 45
379 50
380 43
381 62
382 57
383 56
384 55
385 54
386 53
387 63
388 51
389 65
390 36
391 74
392 50
393 51
394 63
395 67
396 56
397 61
398 70
399 70
400 62
401 68
402 89
403 90
404 94
405 108
406 111
407 128
408 103
409 126
410 110
411 104
412 101
413 110
414 123
415 125
416 121
417 105
418 113
419 107
420 100
421 109
422 124
423 97
424 115
425 88
426 112
427 89
428 95
429 79
430 88
431 96
432 68
433 80
434 94
435 88
436 72
437 82
438 90
439 65
440 85
441 69
442 82
443 81
444 67
445 67
446 78
447 55
448 62
449 44
450 51
451 42
452 38
453 30
454 25
455 29
456 27
457 21
458 31
459 26
460 27
461 28
462 30
463 24
464 27
465 20
466 21
467 13
468 19
469 20
470 11
471 13
472 15
473 9
474 16
475 16
476 11
477 16
478 21
479 18
480 20
481 23
482 27
483 29
484 19
485 36
486 23
487 24
488 23
489 29
490 27
491 42
492 37
493 33
494 34
495 36
496 41
497 37
498 37
499 35
500 38
501 48
502 51
503 59
504 53
505 46
506 51
507 46
508 55
509 81
510 65
511 64
512 60
513 67
514 78
515 76
516 75
517 73
518 62
519 58
520 60
521 51
522 61
523 83
524 72
525 88
526 54
527 81
528 66
529 92
530 79
531 84
532 75
533 64
534 84
535 82
536 63
537 68
538 69
539 75
540 73
541 66
542 74
543 76
544 83
545 62
546 62
547 54
548 56
549 64
550 42
551 45
552 41
553 42
554 31
555 35
556 42
557 40
558 22
559 28
560 31
561 33
562 27
563 29
564 21
565 29
566 32
567 34
568 26
569 28
570 32
571 24
572 22
573 30
574 30
575 24
576 24
577 28
578 25
579 23
580 23
581 12
582 8
583 21
584 10
585 12
586 8
587 12
588 13
589 19
590 8
591 9
592 8
593 10
594 10
595 9
596 6
597 18
598 8
599 12
600 6
601 4
602 13
603 10
604 11
605 14
606 15
607 19
608 17
609 12
610 12
611 12
612 16
613 11
614 10
615 6
616 8
617 3
618 13
619 5
620 12
621 9
622 6
623 14
624 14
625 7
626 17
627 13
628 11
629 9
630 13
631 12
632 10
633 7
634 4
635 6
636 9
637 5
638 7
639 5
640 5
641 4
642 3
643 8
644 7
645 5
646 4
647 7
648 6
649 8
650 4
651 1
652 7
653 8
654 8
655 12
656 8
657 5
658 3
659 5
660 3
661 5
662 12
663 7
664 6
665 8
666 6
667 7
668 10
669 5
670 6
671 9
672 7
673 1
674 7
675 1
676 1
677 3
678 7
679 2
680 3
681 7
682 6
683 5
684 1
685 3
686 4
687 3
688 4
689 3
690 7
691 10
692 8
693 5
694 8
695 2
696 9
697 4
698 3
699 6
700 2
701 4
702 5
703 4
704 6
705 3
706 7
707 6
708 10
709 10
710 2
711 3
712 3
713 9
714 6
715 7
716 8
717 5
718 4
719 9
720 7
721 8
722 7
723 8
724 9
725 4
726 5
727 3
728 9
729 6
730 5
731 7
732 4
733 6
734 8
735 7
736 6
737 6
738 6
739 6
740 1
741 7
742 7
743 11
744 8
745 1
746 4
747 6
748 8
749 3
750 6
751 5
752 1
753 6
754 10
755 9
756 4
757 6
758 7
759 3
760 3
761 7
762 4
763 3
764 2
765 1
766 3
767 1
768 1
769 1
770 1
772 2
773 1
774 1
775 1
776 1
777 1
778 2
779 2
780 3
781 2
782 1
783 3
784 5
786 4
788 5
789 5
790 2
801 1
804 1
806 1
808 1
809 1
810 1
811 1
812 1
813 2
814 2
815 1
816 2
817 2
818 1
819 3
820 7
821 7
822 6
823 2
824 2
825 2
826 2
827 4
829 4
831 4
832 7
834 1
835 1
836 2
837 1
838 4
839 4
840 4
841 5
842 5
843 4
844 4
845 3
846 4
847 4
848 1
849 5
851 3
852 8
853 3
854 4
855 5
856 7
857 7
858 6
859 3
860 1
861 5
862 1
863 1
864 3
865 3
866 5
867 4
868 1
869 2
870 2
871 5
873 1
874 3
875 3
876 2
877 5
879 1
880 3
881 2
882 2
883 3
884 3
885 5
886 1
887 1
890 2
892 1
893 2
894 3
898 1
902 2
903 1
904 1
907 1
910 1
911 1
913 1
914 1
916 2
917 4
918 2
920 2
921 2
922 2
923 1
924 3
925 2
926 2
927 5
928 4
929 4
930 3
931 2
932 4
933 5
934 3
935 3
936 2
937 2
938 5
939 3
940 3
942 1
943 2
944 1
945 2
946 3
947 1
948 4
949 2
950 3
951 2
952 2
953 2
954 2
955 3
956 3
957 1
958 5
959 4
960 2
961 4
962 3
963 5
964 1
965 2
967 2
968 1
969 2
971 1
972 2
973 1
976 1
977 2
978 3
979 1
980 4
981 1
984 1
986 1
987 2
993 1
995 2
996 1
998 1
1003 1
1005 1
1007 1
1008 1
1009 3
1010 1
1011 1
1012 1
1013 2
1014 2
1015 2
1016 1
1017 2
1018 2
1019 3
1020 4
1021 4
1023 3
1024 2
1026 2
1027 2
1028 4
1029 1
1030 2
1031 1
1032 1
1033 3
1034 3
1036 2
1037 2
1038 4
1039 2
1042 4
1044 1
1045 2
1046 1
1047 2
1048 2
1049 3
1050 2
1051 3
1052 5
1053 4
1054 3
1055 3
1056 4
1057 3
1058 5
1059 3
1060 5
1061 1
1062 2
1063 3
1064 3
1065 3
1066 1
1067 1
1068 3
1069 1
1070 1
1071 2
1072 1
1073 1
1074 3
1076 2
1077 3
1079 1
1082 1
1083 1
1085 1
1086 2
1087 2
1094 2
1098 1
1099 1
1100 1
1101 1
1102 1
1104 1
1105 1
1108 1
1110 2
1111 3
1112 1
1113 1
1116 1
1117 4
1118 1
1119 1
1122 1
1123 2
1124 1
1125 1
1127 2
1129 4
1130 2
1131 2
1132 2
1133 4
1134 3
1135 1
1136 6
1137 6
1138 3
1139 1
1140 2
1141 3
1142 2
1143 3
1144 1
1146 3
1147 1
1149 1
1150 1
1152 2
1153 2
1155 1
1156 1
1157 2
1158 2
1159 1
1161 3
1163 2
1164 3
1165 3
1168 1
1173 1
1174 2
1175 1
1176 2
1177 2
1178 2
1179 2
1183 2
1186 2
1190 1
1193 1
1195 1
1205 1
1210 1
1211 1
1212 1
1218 2
1219 1
1220 2
1223 1
1225 1
1230 1
1231 1
1234 1
1240 2
1241 3
1242 1
1243 2
1244 1
1245 3
1246 2
1248 3
1249 1
1250 2
1251 2
1252 5
1254 1
1255 1
1256 2
1257 2
1258 2
1260 1
1261 1
1263 3
1264 2
1265 1
1266 1
1267 3
1269 1
1270 2
1271 1
1272 1
1273 2
1275 1
1276 1
1284 2
1286 1
1290 1
1292 1
1295 1
1298 2
1299 1
1300 1
1303 1
1306 1
1307 2
1308 1
1315 1
1317 1
1319 1
1320 2
1321 2
1322 1
1323 1
1324 1
1327 1
1331 1
1333 1
1337 1
1339 1
1341 1
1342 1
1344 1
1345 2
1346 1
1347 1
1348 1
1349 3
1350 2
1351 1
1352 1
1354 1
1355 2
1356 1
1357 2
1358 1
1359 6
1360 2
1362 1
1364 1
1365 1
1366 1
1367 3
1369 1
1370 1
1371 1
1372 1
1373 1
1374 1
1376 1
1377 1
1379 3
1384 1
1388 1
1389 2
1392 3
1395 3
1396 1
1399 1
1401 2
1402 2
1404 2
1405 3
1406 3
1407 2
1409 1
1410 2
1412 1
1414 1
1416 2
1418 1
1421 1
1425 1
1431 2
1434 1
1436 2
1438 1
1440 1
1441 1
1445 2
1446 1
1447 1
1448 4
1450 1
1451 1
1453 1
1454 2
1455 1
1456 1
1457 1
1459 1
1461 2
1462 1
1463 1
1465 1
1467 1
1468 2
1469 4
1470 2
1472 2
1476 1
1477 1
1478 1
1479 3
1480 1
1482 1
1483 1
1488 1
1490 1
1491 1
1492 1
1493 1
1494 1
1497 1
1501 1
1503 1
1504 1
1505 1
1506 1
1507 1
1508 2
1510 1
1511 1
1512 2
1515 1
1516 1
1524 1
1526 1
1538 1
1540 1
1542 2
1543 1
1544 2
1545 1
1546 1
1547 1
1550 2
1554 1
1558 1
1563 1
1568 1
1569 1
1572 1
1573 1
1575 1
1581 1
1584 3
1588 1
1594 1
1599 1
1601 1
1603 1
1604 1
1605 1
1606 1
1607 1
1611 2
1612 1
1620 1
1623 2
1632 2
1634 1
1640 1
1641 1
1642 1
1647 1
1649 3
1655 1
1656 1
1660 1
1661 1
1662 1
1665 2
1666 1
1667 3
1669 2
1671 1
1672 1
1674 1
1677 1
1679 1
1685 2
1687 1
1689 2
1690 2
1692 1
1694 1
1696 2
1697 2
1698 2
1703 1
1704 2
1708 1
1719 2
1720 1
1724 1
1727 2
1728 1
1731 3
1736 1
1737 1
1738 1
1740 2
1742 1
1745 1
1746 2
1747 1
1748 1
1749 1
1750 1
1751 1
1752 1
1755 1
1756 1
1759 2
1763 1
1765 1
1773 1
1778 2
1780 1
1784 1
1789 1
1793 1
1796 2
1799 1
1803 1
1804 1
1805 1
1806 1
1809 2
1812 2
1816 1
1817 2
1818 1
1826 1
1836 1
1861 1
1864 1
1866 2
1867 1
1868 2
1870 1
1894 1
1912 1
1931 1
1944 1
1947 1
1952 1
1966 1
1968 1
1974 1
1975 1
1976 1
1977 1
1982 1
1983 3
1986 2
1988 1
1989 1
1992 1
1994 1
1995 2
1996 1
2011 1
2012 1
2017 1
2036 1
2047 1
2096 1
2113 1
2121 1
2123 1
2178 1
2206 1
2226 1
2231 1
2233 2
2241 1
2242 1
2244 1
2250 1
2267 1
2287 1
2304 1
2337 3
2350 1
2358 1
2374 1
2386 1
2417 1
2421 1
2422 1
2427 1
2437 2
2439 1
2442 1
2449 1
2450 2
2458 1
2488 1
2502 1
2510 2
2515 1
2538 1
2540 1
2542 2
2544 1
2551 1
2556 1
2557 1
2565 1
2577 1
2616 1
2630 1
2634 1
2635 1
2636 1
2639 1
2640 1
2642 1
2644 1
2645 1
2647 1
2648 1
2667 1
2694 1
2695 1
2722 1
2727 1
2731 1
2746 1
2776 1
2809 1
2811 1
2820 1
2848 1
2857 1
2860 1
2866 1
2870 1
2871 1
2873 1
2883 1
2908 1
2913 1
2919 2
2923 1
2931 1
2942 1
2943 1
2948 1
2951 1
2955 1
2958 1
2962 1
2964 1
2968 1
2971 1
3028 1
3036 2
3037 1
3038 1
3039 1
3040 1
3044 2
3045 1
3046 1
3047 1
3048 1
3049 1
3051 1
3065 1
3071 1
3074 2
3086 2
3101 1
3102 1
3119 1
3123 1
3130 1
3138 1
3142 1
3144 1
3147 1
3151 1
3159 1
3161 1
3164 1
3166 1
3175 1
3179 1
3192 1
3195 1
3199 1
3202 1
3206 1
3207 1
3210 1
3211 2
3223 1
3225 1
3233 2
3294 1
3298 2
3301 3
3302 1
3303 1
3304 1
3311 1
3328 1
3341 1
3343 2
3349 1
3352 1
3360 2
3363 1
3385 1
3392 1
3396 1
3401 1
3433 1
3476 1
3479 1
3523 1
3535 1
3560 1
3563 2
3566 1
3569 1
3573 1
3575 1
3587 1
3606 1
3608 1
3630 1
3631 1
3632 1
3638 1
3643 1
3645 1
3648 1
3650 1
3671 2
3675 1
3677 1
3681 1
3682 1
3685 2
3688 1
3693 1
3695 1
3699 3
3701 1
3712 1
3721 1
3725 1
3726 1
3727 1
3728 1
3736 1
3738 1
3763 1
3793 1
3804 1
3808 1
3817 1
3825 1
3836 1
3842 2
3845 1
3848 1
3849 1
3855 1
3885 1
3888 1
3893 1
3899 1
3909 1
3913 2
3924 1
3936 2
3943 1
3948 1
3954 1
3961 1
3967 1
4000 1
4005 1
4012 1
4018 1
4025 1
4028 1
4035 1
4044 1
4045 1
4050 1
4055 1
4056 2
4057 1
4070 1
4075 1
4100 1
4106 1
4127 1
4128 1
4130 1
4132 1
4138 1
4142 1
4144 1
4146 1
4148 1
4150 1
4151 1
4152 1
4155 1
4162 1
4237 1
4274 1
4276 1
4285 1
4344 1
4353 1
4357 1
4361 1
4364 1
4365 1
4386 1
4448 1
4473 1
4480 1
4535 1
4670 1
4682 1
4685 1
4754 1
4759 1
4764 1
4766 1
4790 1
4797 1
4803 1
4805 1
4808 1
4812 1
4883 1
4900 1
4917 1
4936 1
4937 1
4940 1
4947 1
4950 1
4968 1
5032 2
5034 1
5061 1
5083 1
5084 1
5099 1
5132 1
5136 1
5137 1
5140 1
5143 1
5148 1
5151 1
5167 2
5210 1
5259 1
5285 1
5288 1
6114 1
6162 1
6177 1
6187 1
6188 1
6193 1
6206 1
6230 1
6293 1
6387 1
6426 1
6526 1
