1 4087215
2 3830244
3 3028237
4 2337603
5 1739295
6 1209435
7 778604
8 476066
9 302531
10 226657
11 210090
12 220061
13 235615
14 245742
15 237856
16 219966
17 189922
18 154938
19 122030
20 90850
21 65090
22 43470
23 28007
24 17873
25 11307
26 6650
27 4471
28 3080
29 2180
30 1608
31 1232
32 1032
33 954
34 851
35 732
36 602
37 499
38 347
39 326
40 233
41 162
42 98
43 94
44 79
45 79
46 60
47 70
48 91
49 103
50 121
51 175
52 265
53 412
54 635
55 1024
56 1445
57 2099
58 3075
59 4380
60 5998
61 8255
62 11382
63 15127
64 19855
65 25676
66 31420
67 39401
68 48142
69 58358
70 69602
71 81562
72 94758
73 108122
74 122607
75 136942
76 152863
77 168371
78 181720
79 195782
80 205834
81 214620
82 222039
83 227796
84 230553
85 230269
86 229041
87 224167
88 216667
89 210051
90 200905
91 191868
92 180030
93 166628
94 154463
95 140682
96 126938
97 114416
98 103652
99 91348
100 80855
101 69729
102 60615
103 52553
104 44410
105 37553
106 31507
107 26348
108 22044
109 18158
110 14794
111 11828
112 9451
113 7450
114 5946
115 4728
116 3707
117 2867
118 2235
119 1689
120 1322
121 934
122 737
123 556
124 399
125 317
126 220
127 197
128 130
129 107
130 67
131 66
132 49
133 56
134 61
135 62
136 95
137 80
138 78
139 131
140 126
141 128
142 150
143 195
144 179
145 233
146 306
147 317
148 354
149 422
150 492
151 562
152 568
153 648
154 675
155 784
156 770
157 811
158 925
159 988
160 1023
161 1073
162 1104
163 1189
164 1167
165 1203
166 1211
167 1322
168 1252
169 1216
170 1177
171 1137
172 1117
173 1154
174 1052
175 964
176 938
177 881
178 848
179 783
180 709
181 658
182 688
183 610
184 624
185 562
186 472
187 483
188 478
189 410
190 382
191 310
192 275
193 231
194 217
195 187
196 157
197 111
198 124
199 105
200 87
201 69
202 55
203 55
204 57
205 43
206 46
207 35
208 42
209 43
210 42
211 28
212 25
213 14
214 26
215 28
216 17
217 23
218 25
219 32
220 34
221 60
222 54
223 69
224 74
225 91
226 95
227 141
228 129
229 138
230 142
231 190
232 202
233 196
234 225
235 222
236 255
237 236
238 222
239 246
240 239
241 251
242 274
243 250
244 243
245 277
246 310
247 295
248 312
249 323
250 289
251 319
252 351
253 347
254 351
255 361
256 330
257 332
258 331
259 321
260 325
261 320
262 295
263 323
264 318
265 311
266 279
267 264
268 265
269 273
270 230
271 252
272 232
273 209
274 191
275 198
276 213
277 194
278 165
279 165
280 174
281 159
282 180
283 168
284 159
285 164
286 137
287 123
288 129
289 138
290 151
291 159
292 159
293 145
294 129
295 129
296 143
297 118
298 130
299 114
300 108
301 81
302 85
303 82
304 87
305 96
306 82
307 97
308 90
309 102
310 104
311 105
312 104
313 103
314 111
315 102
316 89
317 83
318 99
319 111
320 134
321 123
322 98
323 122
324 136
325 138
326 120
327 129
328 144
329 139
330 140
331 135
332 124
333 112
334 119
335 105
336 112
337 109
338 120
339 95
340 102
341 91
342 103
343 111
344 93
345 76
346 107
347 95
348 69
349 87
350 81
351 63
352 82
353 75
354 85
355 83
356 74
357 76
358 60
359 63
360 46
361 49
362 44
363 34
364 47
365 35
366 38
367 27
368 37
369 41
370 26
371 29
372 29
373 26
374 32
375 32
376 30
377 33
378 33
379 33
380 33
381 32
382 36
383 34
384 34
385 36
386 32
387 43
388 47
389 48
390 39
391 53
392 53
393 46
394 56
395 59
396 49
397 52
398 56
399 56
400 64
401 58
402 48
403 63
404 52
405 64
406 57
407 68
408 60
409 71
410 71
411 77
412 81
413 89
414 84
415 77
416 86
417 74
418 86
419 86
420 91
421 70
422 85
423 113
424 92
425 101
426 93
427 94
428 84
429 88
430 81
431 92
432 93
433 87
434 75
435 70
436 57
437 68
438 78
439 60
440 71
441 58
442 54
443 49
444 47
445 46
446 37
447 43
448 50
449 49
450 55
451 41
452 32
453 27
454 33
455 23
456 31
457 17
458 22
459 19
460 23
461 13
462 16
463 17
464 15
465 13
466 12
467 14
468 15
469 12
470 10
471 10
472 13
473 12
474 8
475 12
476 8
477 8
478 9
479 11
480 11
481 6
482 6
483 10
484 4
485 14
486 11
487 7
488 9
489 8
490 7
491 2
492 7
493 11
494 5
495 14
496 14
497 7
498 12
499 8
500 12
501 11
502 7
503 16
504 5
505 7
506 7
507 8
508 5
509 17
510 13
511 12
512 13
513 13
514 8
515 15
516 10
517 8
518 11
519 10
520 9
521 5
522 8
523 12
524 9
525 5
526 8
527 5
528 5
529 6
530 5
531 7
532 6
533 8
534 6
535 9
536 9
537 11
538 11
539 4
540 8
541 13
542 5
543 11
544 13
545 10
546 12
547 5
548 8
549 10
550 11
551 7
552 11
553 14
554 9
555 7
556 8
557 3
558 5
559 3
560 4
561 5
562 4
563 2
564 6
565 12
566 9
567 1
568 8
569 3
570 7
571 12
572 9
573 9
574 4
575 5
576 3
577 6
578 1
579 2
580 4
581 3
582 1
583 3
584 5
585 3
586 5
587 6
588 10
589 1
590 9
591 8
592 8
593 1
594 12
596 9
597 4
598 4
599 2
600 3
602 3
603 4
604 2
605 1
606 1
607 7
608 7
609 8
610 3
611 6
612 3
613 2
614 1
615 4
616 3
617 3
618 6
619 2
620 2
621 4
622 3
623 2
624 2
625 4
626 1
627 4
628 1
629 3
630 3
631 1
632 4
633 2
634 2
635 1
636 2
637 2
638 1
639 2
640 3
642 4
643 2
644 3
645 4
646 4
647 1
648 2
649 2
650 3
651 3
652 5
654 2
656 5
657 4
658 5
659 2
660 3
661 4
662 3
663 5
664 1
665 6
666 5
667 4
668 4
669 4
670 5
671 1
672 4
673 2
674 10
675 2
676 4
677 4
678 3
679 3
680 2
681 3
682 7
683 1
684 5
685 1
686 4
687 2
688 3
689 2
690 4
691 2
692 1
693 4
694 2
695 4
697 1
698 1
699 2
700 3
702 3
703 2
704 3
705 1
706 4
707 1
711 3
712 1
713 5
714 6
715 3
716 2
717 3
718 4
719 4
720 2
721 2
722 2
723 1
724 2
725 1
726 2
728 2
729 3
730 4
731 6
732 2
733 2
734 1
735 6
736 3
737 3
738 5
739 5
740 3
741 6
742 6
743 3
744 3
745 2
747 2
749 1
750 2
751 1
752 1
754 2
755 3
756 1
757 1
758 4
759 4
760 3
761 3
762 1
763 4
764 3
765 3
766 3
767 5
768 1
769 3
770 3
771 4
772 1
773 1
774 2
775 2
776 1
777 2
778 3
779 3
781 1
782 2
783 1
784 1
785 4
786 6
788 2
789 1
790 2
791 2
792 2
793 4
795 2
796 3
797 2
798 2
799 3
800 2
801 4
802 3
803 3
804 3
805 3
806 4
807 4
808 3
809 6
810 2
811 4
812 5
813 6
814 4
816 3
817 3
818 3
819 3
820 5
822 3
824 2
825 1
828 1
829 6
831 2
832 1
833 1
834 1
835 2
836 1
837 2
838 2
840 1
841 1
842 2
843 1
844 3
847 2
848 3
849 1
850 4
851 3
852 3
853 3
854 4
855 1
856 2
857 2
858 1
859 1
860 2
862 1
863 2
865 5
868 1
869 1
871 1
873 1
874 1
875 1
877 3
878 2
879 2
880 3
881 1
882 2
883 5
884 2
885 1
886 1
887 1
888 2
889 1
891 3
892 3
893 1
894 1
895 4
896 3
897 1
898 2
899 2
900 2
901 1
902 2
903 1
904 3
905 1
906 4
907 2
908 1
909 1
910 1
911 1
912 1
913 2
914 1
915 3
916 2
918 1
919 5
920 2
921 3
922 1
923 1
924 2
925 4
926 2
927 2
930 3
931 1
932 1
933 1
936 2
937 1
938 1
941 1
942 2
945 1
948 2
950 2
951 2
954 1
956 2
957 1
958 1
959 4
960 1
961 3
962 1
963 1
964 1
965 2
967 1
968 1
969 1
971 4
975 2
978 3
980 1
981 1
982 1
984 1
987 1
996 1
999 2
1003 1
1004 1
1006 3
1011 2
1012 1
1014 1
1015 1
1016 1
1018 1
1019 2
1021 2
1022 2
1024 3
1025 1
1026 5
1028 4
1029 4
1030 1
1031 2
1032 2
1033 3
1034 2
1035 1
1036 2
1037 2
1039 3
1040 1
1041 1
1042 2
1043 1
1044 1
1045 1
1046 1
1047 1
1052 1
1054 1
1055 1
1056 1
1058 1
1059 1
1060 1
1063 3
1066 1
1068 2
1069 2
1070 1
1071 2
1073 1
1075 1
1076 1
1077 1
1079 1
1080 1
1081 1
1082 2
1084 3
1086 1
1089 2
1090 2
1093 3
1094 1
1096 1
1098 1
1099 2
1101 2
1102 1
1103 1
1108 2
1110 2
1111 1
1113 2
1116 3
1119 2
1121 3
1122 4
1124 1
1125 1
1126 2
1129 2
1130 1
1131 2
1134 1
1135 3
1136 2
1137 2
1138 1
1139 2
1141 1
1142 1
1143 1
1144 3
1148 1
1150 1
1151 2
1152 3
1153 2
1154 1
1155 1
1157 3
1159 1
1160 1
1167 1
1169 1
1171 1
1173 2
1178 1
1179 1
1180 1
1181 3
1182 1
1184 3
1186 2
1188 1
1189 1
1191 2
1193 2
1194 1
1195 1
1204 1
1206 1
1208 1
1209 4
1210 2
1211 1
1212 1
1213 2
1214 1
1215 1
1217 1
1218 1
1219 1
1220 1
1222 1
1223 1
1228 1
1233 1
1234 2
1236 1
1237 1
1240 1
1241 4
1242 1
1243 1
1244 1
1245 1
1247 1
1249 2
1265 1
1266 1
1267 1
1274 2
1275 2
1276 1
1277 3
1280 1
1281 1
1282 2
1290 1
1294 2
1296 1
1297 1
1301 1
1303 1
1304 1
1305 2
1309 1
1312 1
1313 1
1315 2
1317 4
1318 1
1320 2
1322 1
1325 1
1329 2
1332 4
1333 2
1335 1
1344 1
1346 1
1350 1
1355 1
1357 1
1366 1
1370 1
1371 1
1372 2
1374 2
1381 1
1383 3
1387 1
1388 1
1390 1
1393 2
1395 1
1396 1
1398 2
1404 1
1406 1
1412 1
1414 2
1415 2
1419 1
1421 1
1423 2
1426 1
1429 2
1431 1
1432 1
1433 1
1439 1
1443 1
1445 1
1446 1
1450 1
1451 1
1457 1
1459 1
1460 1
1461 1
1467 1
1469 1
1473 1
1474 1
1480 1
1481 1
1484 1
1485 1
1486 1
1487 2
1490 1
1496 2
1497 2
1500 1
1503 2
1506 1
1512 1
1524 1
1542 1
1552 1
1554 1
1555 1
1560 1
1582 3
1583 1
1585 2
1587 3
1588 2
1590 2
1597 1
1598 1
1615 1
1625 1
1627 1
1646 1
1648 1
1700 1
1708 1
1719 1
1744 1
1778 1
1788 1
1797 1
1798 2
1803 1
1809 1
1820 1
1821 1
1823 1
1830 1
1840 1
1848 1
1877 1
1880 1
1885 1
1896 1
1918 1
1929 1
1931 1
1960 1
1961 1
1967 1
1971 1
1973 2
1976 1
1979 2
1984 1
1990 1
1996 1
1998 1
2020 1
2026 1
2049 1
2066 2
2067 1
2068 2
2073 1
2074 1
2075 1
2077 1
2086 2
2090 1
2096 1
2103 1
2128 1
2140 1
2143 1
2145 2
2146 1
2148 1
2152 1
2153 1
2179 2
2188 1
2202 1
2205 1
2212 1
2214 1
2252 1
2256 2
2257 2
2262 1
2264 1
2267 1
2310 1
2312 1
2313 1
2314 1
2321 1
2324 1
2325 1
2331 1
2333 1
2343 1
2344 1
2346 1
2348 1
2349 2
2352 1
2359 1
2361 1
2365 1
2383 1
2385 1
2398 1
2401 1
2405 1
2410 1
2424 1
2425 1
2428 2
2429 1
2431 1
2432 1
2433 2
2434 1
2437 1
2438 1
2440 1
2441 1
2449 1
2452 2
2457 1
2459 1
2474 1
2476 1
2477 1
2478 2
2480 1
2483 2
2499 1
2500 1
2507 1
2526 1
2543 1
2545 1
2549 1
2557 1
2559 1
2568 1
2570 1
2572 1
2573 1
2574 1
2577 1
2580 1
2581 1
2583 1
2594 1
2596 1
2603 1
2604 1
2618 1
2620 1
2621 1
2622 1
2625 1
2626 2
2629 1
2630 1
2639 1
2647 2
2650 2
2651 1
2657 1
2668 1
2686 1
2687 1
2692 1
2704 1
2722 1
2733 1
2737 1
2740 1
2767 1
2771 1
2772 1
2773 1
2777 1
2805 1
2806 1
2809 1
2819 1
2822 1
2826 2
2828 1
2831 1
2839 1
2843 1
2846 1
2847 1
2856 1
2909 1
2911 2
2916 1
2917 1
2931 2
2934 1
2936 1
2939 1
2941 1
2949 1
2953 1
2978 1
2986 1
2989 1
2992 3
2995 1
2996 1
2999 1
3001 1
3009 1
3040 1
3049 2
3053 1
3057 1
3060 1
3064 1
3076 1
3077 1
3092 1
3095 2
3098 1
3118 1
3119 2
3123 1
3140 1
3146 1
3160 1
3167 1
3179 1
3180 1
3194 1
3197 2
3201 1
3207 1
3208 1
3210 2
3211 1
3223 1
3230 1
3236 1
3239 1
3243 1
3250 1
3254 1
3278 1
3308 1
3310 2
3311 1
3312 2
3315 1
3317 1
3352 1
3358 1
3365 1
3366 1
3367 1
3370 1
3371 1
3373 1
3374 1
3377 1
3379 2
3381 1
3384 1
3385 1
3424 1
3432 1
3457 2
3469 1
3544 1
3650 2
3666 1
3803 1
3822 1
3824 1
3834 1
3841 1
3870 1
3877 1
3883 1
3885 1
3905 1
3918 1
3929 2
3930 1
3933 1
3935 1
3984 1
3991 1
4002 1
4009 1
4022 1
4024 1
4028 1
4071 1
4073 1
4081 1
4083 1
4090 1
4105 1
4110 1
4126 1
4135 1
4137 1
4146 1
4207 1
4211 1
4224 1
4245 1
4306 1
4308 1
4915 1
4977 1
4980 1
4983 1
4987 1
4993 1
4994 1
5006 1
5095 1
5144 1
5161 1
5228 1
