1 7443
2 34069
3 108468
4 258496
5 491246
6 791378
7 1095810
8 1333606
9 1463771
10 1459612
11 1336374
12 1137968
13 930651
14 738964
15 597570
16 501336
17 455717
18 445682
19 465910
20 504741
21 554912
22 615456
23 676734
24 740322
25 793883
26 838496
27 867281
28 883845
29 886941
30 868559
31 839799
32 794327
33 739435
34 673122
35 602193
36 531826
37 458041
38 390907
39 325863
40 269468
41 219151
42 175970
43 139361
44 108758
45 83579
46 63192
47 48566
48 36507
49 27567
50 20877
51 15863
52 12557
53 9802
54 8122
55 6814
56 6025
57 5127
58 4813
59 4329
60 4304
61 4080
62 3921
63 3634
64 3462
65 3365
66 3271
67 3086
68 2941
69 2866
70 2822
71 2577
72 2359
73 2260
74 2102
75 2063
76 1921
77 1812
78 1636
79 1424
80 1295
81 1244
82 1187
83 1179
84 1159
85 1023
86 957
87 914
88 834
89 859
90 806
91 745
92 723
93 743
94 829
95 854
96 812
97 873
98 801
99 718
100 700
101 650
102 597
103 621
104 591
105 617
106 599
107 657
108 599
109 603
110 587
111 597
112 581
113 576
114 628
115 595
116 609
117 637
118 598
119 620
120 621
121 611
122 626
123 619
124 676
125 672
126 692
127 653
128 640
129 570
130 526
131 529
132 514
133 510
134 507
135 450
136 446
137 445
138 425
139 415
140 394
141 338
142 301
143 316
144 279
145 249
146 223
147 206
148 221
149 178
150 190
151 189
152 161
153 144
154 158
155 156
156 175
157 147
158 149
159 159
160 147
161 171
162 138
163 154
164 140
165 143
166 132
167 114
168 96
169 115
170 112
171 100
172 107
173 102
174 116
175 104
176 102
177 105
178 76
179 80
180 110
181 82
182 119
183 112
184 103
185 117
186 111
187 111
188 105
189 109
190 126
191 122
192 127
193 111
194 97
195 91
196 67
197 87
198 63
199 64
200 82
201 68
202 74
203 55
204 80
205 66
206 60
207 48
208 53
209 58
210 88
211 51
212 62
213 52
214 51
215 52
216 45
217 51
218 45
219 39
220 51
221 58
222 53
223 61
224 57
225 56
226 50
227 40
228 56
229 51
230 45
231 40
232 35
233 42
234 46
235 44
236 40
237 48
238 49
239 66
240 47
241 57
242 49
243 43
244 47
245 64
246 57
247 58
248 54
249 46
250 54
251 63
252 39
253 37
254 50
255 43
256 47
257 44
258 52
259 59
260 49
261 49
262 51
263 53
264 53
265 46
266 54
267 51
268 48
269 36
270 49
271 50
272 54
273 41
274 23
275 57
276 38
277 44
278 35
279 39
280 29
281 33
282 39
283 36
284 39
285 33
286 39
287 38
288 34
289 44
290 45
291 40
292 38
293 47
294 46
295 41
296 40
297 43
298 43
299 34
300 38
301 33
302 36
303 27
304 31
305 25
306 23
307 30
308 17
309 20
310 16
311 11
312 18
313 19
314 18
315 17
316 24
317 19
318 22
319 22
320 26
321 27
322 19
323 26
324 19
325 17
326 8
327 9
328 9
329 8
330 5
331 14
332 15
333 8
334 4
335 4
336 6
337 8
338 5
339 6
340 5
341 9
342 5
343 6
344 8
345 7
346 5
347 7
348 5
349 7
350 6
351 7
352 2
353 3
354 6
355 3
356 4
357 4
358 6
359 1
360 1
361 4
362 2
363 5
364 6
365 6
366 9
367 2
368 5
369 2
370 5
371 5
372 8
373 6
374 11
375 3
376 3
377 4
378 3
379 4
380 4
381 9
382 6
383 7
384 13
385 2
386 3
387 3
388 1
389 7
390 4
391 3
392 4
393 6
394 3
395 3
396 6
397 2
398 3
399 1
400 2
401 1
402 4
404 2
405 2
406 3
407 1
408 5
409 7
410 6
411 7
412 2
413 1
414 4
415 3
416 1
417 3
418 2
419 6
420 2
421 6
422 4
423 7
424 1
425 3
426 8
427 3
428 1
429 5
430 3
431 3
433 2
434 1
435 1
437 4
438 2
439 1
441 1
442 1
443 2
445 2
446 2
447 1
448 3
451 3
452 2
455 1
456 1
458 2
459 1
460 3
462 1
463 2
465 3
466 1
468 1
469 1
470 2
471 3
472 3
473 2
474 3
475 2
476 1
477 1
479 2
482 1
484 1
485 1
486 1
487 2
488 4
489 3
490 1
491 2
492 2
493 4
494 3
495 3
496 1
497 3
498 3
499 2
500 3
501 8
502 4
503 7
504 1
505 6
506 6
507 4
508 1
509 4
510 1
511 5
512 2
513 3
514 7
515 2
516 3
517 2
518 4
519 1
520 1
521 5
522 1
523 3
524 2
526 2
527 3
528 1
529 5
530 4
531 2
532 2
534 4
535 4
536 1
537 2
540 1
541 2
542 1
544 1
545 1
549 1
550 1
551 1
552 1
553 1
556 1
560 1
568 2
569 1
571 2
572 1
574 1
576 2
580 1
581 3
583 1
584 1
585 1
587 1
591 1
592 1
596 1
597 2
598 1
599 1
600 1
601 1
602 2
603 2
604 1
605 1
606 1
607 2
608 3
609 1
610 2
612 1
613 1
614 2
623 2
630 1
633 1
634 1
639 2
641 1
647 1
648 2
651 1
652 2
654 2
655 2
656 1
657 1
658 1
659 1
660 3
661 2
662 1
664 1
665 1
668 1
669 1
670 1
671 1
672 1
673 2
674 1
675 1
681 1
687 1
690 1
696 1
697 1
700 1
706 2
710 1
711 1
712 1
713 1
714 2
715 1
717 2
718 2
719 3
722 2
723 1
724 3
726 1
728 1
729 2
730 2
731 1
732 2
733 2
735 1
737 1
739 1
741 1
743 2
744 2
745 1
746 2
749 2
751 1
753 1
755 2
756 1
757 2
762 1
763 1
771 1
777 1
780 1
781 3
784 1
786 1
787 1
788 1
789 1
791 1
795 1
796 1
797 2
798 2
801 1
802 2
803 1
806 2
807 1
808 1
809 2
814 1
815 1
820 1
822 1
825 1
826 1
829 1
831 1
833 1
838 1
839 1
840 2
841 1
843 1
844 2
846 1
847 2
849 1
850 1
855 1
856 2
857 1
859 2
860 3
861 1
862 3
863 4
865 2
866 1
868 1
869 1
870 2
875 1
877 1
878 1
881 1
882 1
883 1
885 1
888 1
896 1
900 1
905 1
907 1
911 1
913 1
914 1
915 1
916 1
919 2
921 3
924 1
926 1
927 2
928 3
930 1
933 1
935 1
936 1
946 1
949 1
950 1
953 1
961 1
963 2
965 1
967 1
968 1
969 1
970 3
972 1
973 1
975 1
980 1
984 1
989 1
991 2
995 2
996 1
997 1
998 2
999 1
1002 1
1006 1
1013 1
1015 1
1031 1
1049 1
1053 1
1054 1
1059 1
1061 1
1064 1
1066 1
1074 1
1076 1
1080 1
1081 1
1084 2
1085 1
1091 1
1101 1
1102 1
1105 1
1108 1
1114 1
1119 1
1121 1
1127 1
1136 1
1137 1
1142 1
1146 1
1147 1
1149 1
1151 2
1153 1
1159 1
1167 1
1168 1
1174 1
1178 1
1180 3
1184 1
1185 1
1193 1
1194 1
1195 1
1196 2
1199 1
1200 2
1201 2
1206 1
1207 1
1333 1
1379 1
1394 1
1397 1
1409 1
1411 1
1414 1
1416 1
1417 1
1419 1
1421 1
1424 1
1436 1
1440 1
1451 1
1457 1
1463 1
1471 1
1481 1
1483 2
1484 2
1485 1
1488 1
1490 1
1496 1
1499 1
1501 1
2883 1
2889 1
2892 1
2898 1
2899 2
2900 1
2901 2
2907 1
