1 22274
2 88538
3 251412
4 523128
5 882196
6 1236730
7 1492343
8 1591961
9 1531926
10 1362336
11 1137651
12 915483
13 739510
14 620591
15 564985
16 563844
17 592934
18 649864
19 716185
20 790468
21 860052
22 919295
23 957561
24 979181
25 977792
26 960484
27 920407
28 861132
29 792465
30 709922
31 621615
32 535496
33 452061
34 373310
35 303735
36 242146
37 188987
38 145375
39 110434
40 82834
41 61221
42 45232
43 33336
44 24308
45 17946
46 13772
47 10562
48 8346
49 7146
50 6416
51 5442
52 5132
53 4616
54 4394
55 4225
56 4160
57 3812
58 3709
59 3394
60 3154
61 2984
62 2872
63 2608
64 2504
65 2386
66 2113
67 2055
68 1852
69 1828
70 1701
71 1591
72 1550
73 1276
74 1188
75 1134
76 1071
77 1022
78 1005
79 961
80 1013
81 928
82 932
83 874
84 985
85 971
86 917
87 919
88 839
89 813
90 751
91 779
92 739
93 735
94 682
95 640
96 589
97 680
98 679
99 655
100 686
101 661
102 604
103 655
104 693
105 655
106 723
107 677
108 683
109 686
110 646
111 719
112 696
113 690
114 679
115 599
116 600
117 570
118 511
119 515
120 487
121 464
122 471
123 421
124 364
125 336
126 353
127 291
128 287
129 302
130 265
131 267
132 216
133 216
134 210
135 187
136 197
137 202
138 229
139 206
140 186
141 187
142 179
143 178
144 138
145 145
146 130
147 136
148 119
149 131
150 106
151 105
152 116
153 105
154 102
155 144
156 127
157 133
158 143
159 123
160 128
161 148
162 119
163 110
164 115
165 108
166 109
167 106
168 79
169 77
170 82
171 82
172 88
173 78
174 62
175 68
176 84
177 64
178 63
179 70
180 53
181 63
182 55
183 45
184 49
185 53
186 67
187 65
188 48
189 63
190 76
191 71
192 75
193 57
194 56
195 61
196 59
197 60
198 58
199 48
200 63
201 49
202 56
203 47
204 76
205 53
206 72
207 72
208 66
209 71
210 80
211 70
212 53
213 70
214 63
215 62
216 52
217 44
218 53
219 50
220 54
221 46
222 40
223 45
224 52
225 50
226 56
227 27
228 30
229 41
230 47
231 44
232 49
233 36
234 40
235 40
236 40
237 43
238 39
239 46
240 39
241 40
242 52
243 57
244 60
245 39
246 53
247 48
248 46
249 58
250 52
251 37
252 52
253 61
254 61
255 56
256 35
257 38
258 38
259 35
260 23
261 28
262 25
263 41
264 34
265 35
266 36
267 43
268 35
269 27
270 46
271 34
272 26
273 23
274 32
275 46
276 32
277 35
278 41
279 50
280 37
281 34
282 28
283 19
284 17
285 17
286 10
287 21
288 12
289 21
290 12
291 8
292 14
293 7
294 5
295 7
296 1
297 4
298 3
299 5
300 5
301 11
302 6
303 8
304 16
305 12
306 9
307 12
308 11
309 6
310 10
311 10
312 9
313 6
314 11
315 8
316 5
317 3
318 8
319 5
320 4
321 3
322 7
323 2
324 3
325 1
326 3
327 3
329 4
330 3
331 5
332 5
333 2
334 8
335 6
336 5
337 9
338 8
339 4
340 2
341 3
342 1
343 6
344 7
345 4
346 7
347 5
348 6
349 6
350 8
351 1
352 2
353 3
354 3
355 3
356 4
357 4
358 2
359 4
360 3
361 4
362 7
363 8
364 6
365 6
366 2
367 4
368 4
369 4
370 1
371 2
372 1
373 1
374 3
375 4
376 2
377 3
378 1
379 2
380 5
381 2
382 1
383 1
384 5
385 3
386 3
387 2
389 2
390 3
391 3
392 1
393 4
394 1
395 3
397 2
398 1
400 2
402 4
403 3
404 1
405 1
407 1
409 2
410 2
411 5
412 3
413 2
414 3
415 5
416 6
417 4
418 3
419 2
420 4
421 5
422 2
426 2
427 2
428 1
429 3
430 4
431 3
432 1
433 5
434 2
435 2
436 2
437 3
438 4
439 7
440 3
442 2
443 5
444 4
445 4
446 2
447 5
448 2
449 2
450 3
451 2
453 2
454 4
455 1
457 1
458 1
459 2
460 2
461 1
462 1
463 1
464 2
465 1
468 1
469 1
470 4
471 2
472 4
473 1
474 1
475 2
476 5
478 2
479 4
482 1
485 2
487 2
489 1
490 6
491 3
493 1
494 3
495 1
496 1
497 1
498 1
499 1
501 2
503 1
506 2
507 2
509 2
510 1
514 1
515 1
517 1
518 2
519 3
521 1
524 1
525 2
529 1
530 2
534 1
536 1
538 1
541 1
546 1
549 1
554 2
556 1
561 1
565 1
567 1
571 1
574 1
579 4
581 1
582 1
583 1
584 1
586 1
591 1
593 1
595 2
597 4
600 2
601 1
602 1
603 1
607 1
613 3
616 1
617 3
618 2
622 1
623 1
624 1
625 2
626 2
628 3
629 1
630 1
631 1
632 1
633 1
635 1
636 1
638 1
639 1
640 2
641 1
642 1
643 2
646 2
647 3
649 3
650 2
651 2
652 1
654 2
655 2
656 1
657 3
658 1
661 4
662 1
663 1
665 2
666 1
667 1
668 1
672 1
674 1
678 1
679 1
681 3
682 1
684 1
686 2
687 2
688 1
689 1
690 2
692 1
693 2
694 3
696 1
698 3
699 1
701 1
702 1
703 1
705 1
710 2
711 2
714 3
715 5
719 1
721 3
722 1
723 1
725 1
726 1
730 1
731 2
732 1
734 2
735 3
736 4
737 1
739 2
740 1
743 1
744 2
746 1
747 2
748 1
749 1
754 1
757 3
762 2
765 1
766 1
767 1
770 1
772 2
773 2
775 2
776 4
778 1
780 1
781 3
783 1
784 1
787 2
788 1
790 2
791 1
794 2
797 3
799 1
800 2
801 1
804 1
806 1
809 1
810 1
811 1
812 1
820 1
821 2
824 1
827 1
828 1
829 1
830 1
832 2
845 1
854 1
859 1
884 1
886 1
890 1
892 1
893 1
895 2
896 1
897 2
901 1
902 1
903 1
904 1
905 1
908 1
910 1
912 2
916 3
919 2
921 1
923 1
924 4
926 3
927 1
928 1
934 2
936 1
937 1
938 1
943 1
944 1
946 2
976 1
977 1
980 1
988 1
991 1
1014 1
1017 1
1079 1
1100 1
1187 1
1195 1
1231 1
1233 1
1235 1
1236 1
1238 1
1244 2
1247 1
1251 1
1252 1
1256 2
1281 3
1283 1
1286 1
1287 2
1288 2
1289 1
1291 1
1293 1
1309 2
1329 1
2401 1
2403 1
2405 1
2409 1
2410 2
2412 1
2416 1
2417 1
2419 1
