1 3068495
2 3466808
3 3372967
4 3151708
5 2795121
6 2267343
7 1649389
8 1088527
9 645752
10 358568
11 182512
12 88474
13 45194
14 23887
15 13733
16 9171
17 6804
18 5437
19 4528
20 3772
21 3080
22 2664
23 2037
24 1932
25 1687
26 1399
27 1247
28 1035
29 884
30 747
31 792
32 710
33 661
34 628
35 728
36 834
37 879
38 1172
39 1633
40 2155
41 2947
42 4203
43 5791
44 8229
45 11244
46 15337
47 21285
48 28579
49 37633
50 47600
51 60360
52 75004
53 89863
54 107293
55 125723
56 144124
57 162305
58 180174
59 196374
60 210747
61 222070
62 231360
63 234277
64 235246
65 232086
66 226296
67 216762
68 204383
69 189366
70 173638
71 157176
72 139911
73 123357
74 107578
75 92266
76 78037
77 65576
78 53877
79 43250
80 34897
81 27633
82 21518
83 16931
84 13282
85 10028
86 7548
87 5524
88 4167
89 3077
90 2269
91 1735
92 1279
93 868
94 600
95 379
96 270
97 188
98 173
99 131
100 94
101 77
102 118
103 105
104 114
105 145
106 194
107 185
108 194
109 227
110 250
111 237
112 343
113 364
114 411
115 470
116 532
117 523
118 606
119 675
120 727
121 777
122 845
123 872
124 947
125 928
126 1030
127 971
128 954
129 947
130 967
131 970
132 857
133 940
134 891
135 788
136 713
137 708
138 642
139 563
140 569
141 520
142 482
143 451
144 417
145 329
146 329
147 279
148 237
149 208
150 150
151 137
152 105
153 81
154 64
155 43
156 44
157 42
158 23
159 27
160 20
161 17
162 19
163 24
164 25
165 27
166 25
167 15
168 12
169 13
170 32
171 27
172 38
173 43
174 57
175 73
176 66
177 75
178 85
179 78
180 99
181 88
182 83
183 90
184 102
185 87
186 110
187 109
188 119
189 120
190 119
191 134
192 115
193 115
194 143
195 144
196 131
197 129
198 105
199 105
200 104
201 103
202 114
203 82
204 98
205 89
206 85
207 87
208 86
209 64
210 72
211 75
212 67
213 76
214 50
215 57
216 61
217 36
218 40
219 45
220 51
221 48
222 44
223 63
224 66
225 73
226 68
227 86
228 78
229 88
230 70
231 80
232 74
233 68
234 72
235 84
236 105
237 101
238 97
239 106
240 120
241 119
242 124
243 139
244 133
245 160
246 136
247 156
248 167
249 140
250 144
251 149
252 142
253 136
254 156
255 145
256 116
257 125
258 136
259 139
260 160
261 165
262 177
263 162
264 187
265 166
266 155
267 130
268 114
269 123
270 128
271 127
272 141
273 134
274 138
275 111
276 115
277 97
278 105
279 91
280 87
281 66
282 65
283 76
284 50
285 55
286 62
287 72
288 63
289 47
290 51
291 40
292 37
293 29
294 37
295 24
296 33
297 34
298 26
299 23
300 24
301 25
302 27
303 20
304 17
305 16
306 16
307 13
308 20
309 12
310 14
311 14
312 14
313 17
314 17
315 12
316 10
317 13
318 10
319 7
320 12
321 4
322 3
323 5
324 5
325 3
326 3
327 3
328 2
329 6
330 1
331 3
333 3
335 2
336 6
337 1
338 3
339 4
340 2
342 1
346 1
348 2
349 2
350 1
353 1
355 2
357 3
360 1
364 1
365 1
370 1
371 1
373 1
382 1
387 1
390 3
392 1
393 1
394 1
395 1
397 2
398 1
400 1
405 1
411 1
419 2
424 2
425 1
427 1
428 1
429 1
430 2
432 2
439 2
444 1
448 1
465 1
472 2
473 1
475 2
477 1
492 1
502 1
506 1
507 1
510 1
522 1
546 1
556 1
557 1
558 1
559 1
562 1
566 1
573 1
578 1
581 1
594 1
615 1
618 1
681 1
685 1
742 1
1124 1
1298 1
1306 1
1307 1
1310 1
1318 1
1348 1
1351 1
1356 1
1528 1
1529 1
1576 1
