1 8118950
2 5956195
3 3706471
4 2022242
5 954320
6 396134
7 151447
8 53916
9 21473
10 10376
11 5940
12 4194
13 3234
14 2451
15 1709
16 1524
17 1150
18 813
19 575
20 462
21 409
22 398
23 403
24 282
25 258
26 278
27 271
28 224
29 189
30 193
31 129
32 103
33 98
34 77
35 69
36 47
37 31
38 23
39 10
40 23
41 16
42 17
43 26
44 12
45 23
46 30
47 21
48 13
49 21
50 15
51 19
52 12
53 9
54 8
55 5
56 2
57 4
58 6
59 3
60 5
61 5
62 22
63 12
64 7
65 3
66 4
67 3
68 2
69 3
70 6
71 12
72 2
73 10
74 7
75 4
76 6
77 4
78 4
79 4
80 9
81 5
82 12
83 4
84 5
85 10
86 8
87 8
88 3
89 2
90 5
91 2
92 2
93 1
94 2
95 1
96 2
97 1
99 1
101 3
102 1
104 1
105 1
107 1
108 2
109 3
110 2
113 1
114 1
116 2
117 2
118 2
119 1
120 2
122 3
123 2
125 1
127 2
128 2
129 2
130 1
132 1
189 1
190 1
191 1
192 3
193 1
195 1
198 1
202 1
