1 9158707
2 5086268
3 2310372
4 891346
5 299039
6 94182
7 29153
8 10759
9 5352
10 3160
11 2028
12 1507
13 1250
14 844
15 680
16 547
17 433
18 310
19 212
20 168
21 128
22 105
23 83
24 63
25 54
26 43
27 35
28 28
29 37
30 36
31 32
32 17
33 8
34 4
35 14
36 15
37 16
38 18
39 21
40 19
41 16
42 15
43 13
44 14
45 10
46 10
47 9
48 9
49 6
50 9
51 12
52 6
53 5
54 2
55 7
56 2
57 2
58 2
59 2
60 3
61 3
62 2
63 6
64 8
65 8
66 6
67 3
68 2
73 1
76 1
77 1
78 8
79 4
80 3
81 4
82 4
83 3
166 4
167 1
168 1
169 1
170 1
171 1
172 1
