1 552878
2 1273423
3 1945060
4 2300502
5 2235906
6 1955915
7 1633614
8 1422721
9 1356933
10 1387534
11 1463613
12 1518195
13 1516559
14 1453654
15 1336093
16 1166893
17 983519
18 794127
19 618431
20 461928
21 332838
22 232514
23 158313
24 106006
25 69131
26 45862
27 30388
28 20386
29 14216
30 10952
31 8899
32 7180
33 6120
34 4869
35 4369
36 3781
37 3477
38 3407
39 2980
40 2628
41 2382
42 2235
43 2045
44 2000
45 1705
46 1618
47 1589
48 1544
49 1390
50 1312
51 1340
52 1234
53 1162
54 1144
55 1214
56 1113
57 1217
58 1146
59 1177
60 1076
61 1069
62 992
63 982
64 864
65 864
66 857
67 829
68 703
69 629
70 590
71 561
72 542
73 407
74 358
75 327
76 339
77 285
78 239
79 228
80 184
81 172
82 212
83 226
84 225
85 244
86 198
87 193
88 236
89 204
90 164
91 147
92 172
93 168
94 149
95 169
96 147
97 176
98 155
99 158
100 116
101 122
102 137
103 128
104 125
105 115
106 130
107 140
108 152
109 128
110 133
111 130
112 105
113 112
114 128
115 107
116 71
117 93
118 99
119 109
120 114
121 95
122 85
123 90
124 98
125 101
126 86
127 83
128 90
129 73
130 90
131 90
132 50
133 50
134 54
135 50
136 74
137 69
138 66
139 60
140 37
141 60
142 40
143 50
144 55
145 35
146 44
147 34
148 35
149 56
150 53
151 43
152 47
153 39
154 27
155 38
156 29
157 35
158 33
159 36
160 26
161 24
162 25
163 18
164 16
165 18
166 18
167 15
168 11
169 18
170 12
171 17
172 15
173 11
174 15
175 13
176 22
177 16
178 9
179 16
180 13
181 19
182 8
183 6
184 11
185 9
186 9
187 15
188 3
189 9
190 6
191 10
192 2
193 9
194 4
195 4
196 4
197 4
198 8
199 8
200 8
201 2
202 7
203 7
204 5
205 8
206 4
207 5
208 3
209 4
210 3
211 3
212 3
214 5
215 7
216 2
217 6
218 5
219 3
220 3
221 5
222 6
223 2
224 2
225 4
226 4
227 5
228 2
229 4
230 4
231 6
232 4
233 3
234 5
235 4
236 1
237 2
238 1
239 3
241 3
242 3
243 5
244 8
245 1
246 5
247 8
248 3
249 4
250 3
251 3
252 1
254 5
255 3
256 3
257 3
258 8
259 6
260 3
261 1
262 1
263 2
264 4
265 3
267 1
268 2
269 3
272 1
274 3
277 3
278 1
279 2
281 1
282 1
283 1
284 1
285 1
286 4
287 1
289 3
290 2
291 1
293 2
296 1
297 2
298 1
299 1
300 3
301 1
303 1
304 1
309 1
311 1
313 3
314 1
315 3
316 1
317 4
319 1
321 1
322 1
324 3
325 2
326 4
327 2
328 6
329 1
330 9
331 1
332 3
333 2
334 1
335 2
336 2
337 3
338 2
339 1
340 2
343 1
345 2
346 2
347 1
348 1
349 2
351 3
352 1
355 2
356 1
357 5
358 2
359 2
360 2
361 2
362 1
363 1
364 1
365 3
367 2
369 1
370 2
371 1
372 1
374 1
375 1
377 1
379 3
381 4
382 1
383 2
385 2
386 2
387 2
390 2
391 1
392 1
394 1
396 2
397 2
398 2
399 2
400 1
401 2
402 1
404 1
405 3
406 1
407 2
408 3
409 1
410 3
411 3
412 2
413 2
414 2
415 5
416 1
417 3
418 3
419 2
420 2
421 1
423 4
424 1
425 1
427 1
428 1
429 1
430 1
431 1
432 1
434 1
441 1
442 3
443 1
444 1
445 2
446 2
447 2
448 1
449 1
450 1
451 2
452 1
453 1
454 1
457 1
458 1
459 1
461 2
464 1
467 1
469 2
471 1
478 3
480 1
481 1
483 1
484 1
487 1
494 1
495 1
496 1
498 1
500 1
511 1
512 1
514 1
517 1
518 1
519 2
520 1
521 2
524 1
526 1
528 3
529 3
531 1
533 2
534 4
537 2
539 1
542 1
543 1
548 1
549 1
550 1
553 2
555 1
556 1
557 1
558 1
559 1
581 1
599 1
609 1
611 1
614 1
615 2
618 1
624 1
627 1
628 2
629 2
630 1
631 1
633 1
634 2
668 1
670 1
674 1
675 2
676 2
680 1
697 1
699 1
707 1
708 1
1263 1
1266 1
1269 1
1270 2
1272 1
1274 1
1275 1
1276 1
1280 1
