1 6939665
2 5123622
3 3039061
4 1504121
5 634095
6 237491
7 84302
8 30221
9 12623
10 7804
11 6887
12 8667
13 13122
14 21474
15 36088
16 56909
17 86657
18 122487
19 166947
20 214129
21 260592
22 302125
23 337814
24 362051
25 370247
26 364574
27 345951
28 318391
29 283549
30 242483
31 201713
32 163234
33 127077
34 96220
35 70518
36 50838
37 35338
38 23725
39 16175
40 10533
41 6664
42 4517
43 3150
44 2224
45 1880
46 1737
47 1627
48 1675
49 1726
50 1628
51 1605
52 1518
53 1352
54 1329
55 1206
56 1063
57 1013
58 970
59 890
60 739
61 669
62 572
63 439
64 346
65 293
66 260
67 217
68 172
69 160
70 183
71 200
72 200
73 226
74 239
75 213
76 210
77 242
78 244
79 217
80 213
81 203
82 257
83 206
84 283
85 240
86 246
87 254
88 247
89 251
90 222
91 219
92 223
93 199
94 235
95 212
96 191
97 237
98 275
99 243
100 277
101 273
102 287
103 267
104 288
105 321
106 297
107 316
108 257
109 275
110 291
111 252
112 229
113 225
114 186
115 213
116 183
117 154
118 132
119 119
120 98
121 74
122 68
123 72
124 55
125 59
126 50
127 45
128 46
129 33
130 34
131 34
132 29
133 25
134 25
135 25
136 18
137 12
138 13
139 8
140 10
141 12
142 11
143 4
144 4
145 1
146 1
147 1
148 3
149 6
150 6
151 3
152 3
153 1
155 1
156 1
157 5
158 2
159 2
161 1
163 3
164 2
165 1
167 2
170 1
173 1
184 1
194 1
196 2
198 2
199 1
200 1
201 1
206 2
207 2
208 1
209 1
210 1
214 1
223 2
226 2
233 2
236 1
248 1
255 1
257 1
259 1
261 1
262 1
285 1
310 1
417 1
424 3
445 1
520 2
521 1
523 1
554 2
587 1
