1 5721347
2 5457749
3 4461213
4 3433023
5 2459465
6 1591628
7 917864
8 487216
9 235499
10 108064
11 48687
12 23187
13 11837
14 7421
15 5615
16 4414
17 3563
18 2671
19 2376
20 2195
21 1875
22 1589
23 1342
24 1076
25 859
26 728
27 617
28 446
29 497
30 462
31 435
32 365
33 386
34 329
35 286
36 283
37 227
38 253
39 225
40 151
41 151
42 148
43 144
44 129
45 109
46 85
47 76
48 97
49 78
50 52
51 39
52 47
53 35
54 36
55 25
56 19
57 13
58 14
59 12
60 10
61 14
62 14
63 13
64 21
65 20
66 18
67 17
68 11
69 14
70 17
71 9
72 11
73 8
74 8
75 10
76 2
77 2
78 3
79 6
80 3
81 6
82 8
83 8
84 6
85 6
86 3
87 3
88 6
89 10
90 7
91 5
92 7
93 6
94 5
95 4
96 9
97 8
98 8
99 1
100 3
101 8
102 7
103 9
104 13
105 4
106 4
107 5
108 2
109 7
110 2
111 1
112 1
113 2
114 6
115 5
116 7
117 4
118 8
119 1
120 1
121 2
122 2
123 2
124 3
125 2
126 9
127 5
129 1
130 1
131 2
132 2
133 3
134 1
135 2
136 4
137 2
138 2
139 8
140 1
141 4
143 2
144 3
145 3
146 2
147 2
148 4
150 3
153 1
156 2
157 3
158 3
159 2
161 5
162 1
163 1
164 1
165 2
166 3
168 1
169 1
170 1
171 2
172 2
179 1
181 1
182 1
183 2
184 2
185 3
187 4
188 1
190 1
191 2
193 2
195 1
205 1
206 1
207 1
209 2
215 1
221 1
225 1
229 1
231 1
322 3
323 1
325 2
328 1
329 1
330 1
331 1
