1 3442607
2 3527520
3 2951947
4 2382405
5 1917265
6 1503568
7 1105832
8 743670
9 465343
10 287198
11 190195
12 154358
13 156172
14 176194
15 197690
16 213907
17 220752
18 217337
19 201653
20 179155
21 151832
22 122787
23 94741
24 70780
25 50714
26 34177
27 22401
28 14497
29 9539
30 5907
31 4022
32 2754
33 1942
34 1568
35 1269
36 1079
37 940
38 929
39 714
40 637
41 502
42 495
43 404
44 345
45 271
46 213
47 162
48 133
49 130
50 129
51 87
52 70
53 77
54 70
55 56
56 46
57 32
58 31
59 28
60 37
61 42
62 52
63 78
64 149
65 220
66 332
67 494
68 688
69 935
70 1390
71 1980
72 2677
73 3745
74 4909
75 6649
76 8707
77 11394
78 14262
79 18110
80 22842
81 28245
82 34144
83 41348
84 49084
85 58649
86 68616
87 79674
88 89939
89 102132
90 113763
91 125128
92 137934
93 148713
94 159187
95 170993
96 180199
97 189799
98 197259
99 202780
100 205263
101 208277
102 207339
103 205534
104 202820
105 198823
106 193052
107 185933
108 177324
109 169502
110 159659
111 149065
112 138746
113 128089
114 117777
115 107272
116 97391
117 87370
118 79011
119 69984
120 62157
121 54205
122 47629
123 41028
124 35259
125 30218
126 25691
127 22068
128 18417
129 15442
130 12863
131 10571
132 8722
133 7261
134 5939
135 4667
136 3764
137 2999
138 2445
139 1913
140 1503
141 1149
142 916
143 723
144 535
145 398
146 319
147 224
148 178
149 124
150 66
151 69
152 32
153 19
154 19
155 10
156 12
157 17
158 24
159 22
160 14
161 22
162 29
163 31
164 45
165 41
166 66
167 82
168 74
169 98
170 127
171 130
172 150
173 186
174 202
175 214
176 219
177 251
178 311
179 341
180 347
181 411
182 499
183 503
184 542
185 642
186 705
187 762
188 808
189 869
190 862
191 910
192 979
193 934
194 941
195 984
196 1021
197 1040
198 1027
199 1069
200 1073
201 1027
202 1022
203 1003
204 1025
205 1005
206 992
207 925
208 934
209 890
210 847
211 869
212 763
213 735
214 661
215 666
216 598
217 594
218 539
219 516
220 472
221 444
222 438
223 365
224 361
225 326
226 286
227 308
228 250
229 253
230 197
231 160
232 170
233 143
234 136
235 120
236 93
237 86
238 70
239 62
240 61
241 43
242 43
243 50
244 33
245 28
246 33
247 26
248 29
249 18
250 19
251 18
252 6
253 14
254 15
255 11
256 15
257 20
258 6
259 15
260 13
261 25
262 13
263 22
264 22
265 31
266 24
267 41
268 41
269 63
270 68
271 65
272 83
273 96
274 106
275 106
276 117
277 130
278 153
279 144
280 177
281 151
282 175
283 209
284 218
285 195
286 217
287 220
288 234
289 251
290 230
291 249
292 256
293 260
294 270
295 282
296 277
297 260
298 306
299 278
300 276
301 284
302 296
303 278
304 287
305 293
306 304
307 266
308 315
309 326
310 267
311 288
312 275
313 269
314 267
315 254
316 240
317 251
318 232
319 243
320 258
321 248
322 215
323 232
324 207
325 218
326 188
327 200
328 211
329 195
330 208
331 184
332 184
333 180
334 173
335 176
336 195
337 172
338 144
339 159
340 148
341 129
342 108
343 105
344 105
345 95
346 115
347 97
348 96
349 90
350 85
351 102
352 103
353 76
354 63
355 90
356 80
357 67
358 62
359 74
360 59
361 59
362 50
363 67
364 61
365 65
366 60
367 64
368 73
369 79
370 71
371 70
372 61
373 64
374 70
375 80
376 63
377 77
378 79
379 83
380 69
381 70
382 86
383 94
384 99
385 94
386 97
387 110
388 116
389 120
390 105
391 119
392 118
393 115
394 116
395 131
396 139
397 145
398 126
399 121
400 128
401 114
402 135
403 121
404 105
405 103
406 103
407 85
408 82
409 64
410 89
411 100
412 93
413 86
414 70
415 86
416 64
417 67
418 63
419 60
420 48
421 41
422 52
423 47
424 31
425 59
426 35
427 33
428 35
429 38
430 32
431 34
432 38
433 36
434 29
435 41
436 46
437 45
438 43
439 36
440 42
441 28
442 20
443 21
444 18
445 15
446 14
447 12
448 15
449 22
450 14
451 16
452 16
453 17
454 18
455 16
456 19
457 11
458 19
459 27
460 18
461 25
462 24
463 21
464 29
465 28
466 25
467 40
468 33
469 28
470 40
471 38
472 41
473 51
474 42
475 44
476 42
477 48
478 59
479 72
480 48
481 70
482 67
483 68
484 68
485 65
486 81
487 70
488 74
489 78
490 93
491 84
492 85
493 79
494 95
495 88
496 82
497 68
498 79
499 92
500 94
501 86
502 89
503 89
504 89
505 84
506 97
507 72
508 58
509 74
510 80
511 67
512 86
513 72
514 91
515 68
516 76
517 63
518 58
519 59
520 46
521 67
522 58
523 57
524 45
525 49
526 46
527 48
528 42
529 43
530 42
531 37
532 57
533 29
534 32
535 32
536 37
537 21
538 30
539 24
540 23
541 25
542 19
543 29
544 21
545 17
546 16
547 13
548 10
549 9
550 12
551 15
552 9
553 12
554 14
555 15
556 10
557 9
558 7
559 15
560 6
561 2
562 8
563 12
564 8
565 5
566 12
567 14
568 7
569 12
570 6
571 8
572 9
573 9
574 8
575 7
576 11
577 7
578 9
579 15
580 11
581 6
582 8
583 4
584 7
585 6
586 8
587 6
588 7
589 6
590 13
591 6
592 9
593 12
594 10
595 9
596 13
597 14
598 6
599 11
600 13
601 13
602 13
603 13
604 3
605 10
606 11
607 17
608 5
609 11
610 6
611 6
612 10
613 6
614 5
615 7
616 5
617 5
618 6
619 3
620 5
621 8
622 4
623 5
624 3
625 4
626 6
627 2
628 2
629 6
630 4
631 2
632 6
633 4
634 2
635 2
636 3
637 5
638 3
639 5
640 6
641 5
642 4
643 3
644 4
645 4
646 9
647 8
648 2
649 9
650 2
651 10
652 5
653 8
654 3
655 5
656 8
657 2
658 7
659 7
660 9
661 5
662 5
663 5
664 6
665 4
666 7
667 4
668 5
669 2
670 3
671 4
672 9
673 8
674 12
675 11
676 6
677 12
678 10
679 5
680 10
681 2
682 12
683 9
684 5
685 5
686 4
687 9
688 9
689 3
690 7
691 3
692 7
693 6
694 3
695 3
696 2
697 7
698 6
699 2
700 4
701 2
702 2
703 6
704 7
705 5
706 1
707 3
708 1
709 4
710 10
711 4
712 7
713 7
714 8
715 2
716 4
717 1
718 7
719 7
720 2
721 2
722 1
723 2
724 3
725 2
726 5
727 1
728 1
729 1
731 1
732 3
733 1
734 1
736 2
738 2
739 1
740 1
742 2
743 3
744 2
746 1
748 1
750 1
752 1
753 2
754 2
756 2
757 2
758 1
759 1
760 1
762 4
763 2
764 2
765 5
766 3
767 3
768 9
769 4
770 4
771 1
772 1
773 4
774 2
775 3
776 4
777 6
778 2
779 3
780 4
781 2
783 3
784 1
785 3
786 3
787 1
788 4
789 4
790 4
791 4
792 2
793 1
794 2
795 4
796 4
797 3
798 2
799 4
800 6
801 4
802 4
803 2
805 4
807 6
808 3
809 4
810 5
812 3
813 1
815 4
816 1
819 2
820 3
821 2
822 1
823 4
824 3
825 1
828 1
831 2
833 1
834 2
835 4
836 2
837 1
839 4
840 1
841 3
842 2
843 2
844 3
852 1
853 1
854 4
856 4
857 1
858 2
860 2
861 4
862 2
863 2
865 1
866 2
867 1
868 5
869 3
870 2
871 2
872 1
873 2
874 1
875 1
876 2
877 2
878 4
880 2
881 5
882 7
883 4
884 5
885 6
886 6
887 1
888 3
889 1
890 1
891 3
892 1
893 8
895 3
897 1
898 2
899 2
900 1
901 3
902 1
903 2
906 1
908 1
910 2
912 1
913 1
914 2
917 2
919 1
921 2
922 5
923 3
924 1
925 2
926 3
927 3
928 3
929 1
930 1
931 1
932 1
933 3
936 3
939 1
941 2
943 4
944 1
946 1
947 2
949 2
951 2
955 2
957 3
958 1
960 2
961 6
962 3
963 1
964 3
965 5
966 2
967 1
971 1
972 2
974 2
975 4
976 1
978 2
979 1
980 3
982 1
983 5
984 3
985 5
986 2
988 2
989 5
990 1
991 2
992 1
993 2
994 1
995 2
996 1
997 1
998 2
999 2
1000 4
1002 1
1004 3
1005 3
1007 1
1008 1
1010 1
1011 1
1012 1
1013 1
1014 3
1021 1
1022 1
1023 2
1024 1
1026 3
1027 1
1029 2
1030 1
1032 2
1033 1
1034 1
1035 6
1036 1
1037 2
1038 3
1039 5
1040 2
1041 4
1042 1
1043 4
1044 4
1045 2
1046 2
1047 4
1048 3
1049 4
1050 2
1052 2
1053 2
1054 1
1055 1
1056 2
1058 4
1059 1
1060 1
1061 1
1063 4
1064 1
1065 4
1066 1
1068 1
1069 4
1070 2
1071 2
1073 2
1075 1
1077 1
1078 1
1081 1
1082 3
1083 3
1084 1
1085 3
1086 3
1087 2
1088 1
1089 1
1090 2
1091 1
1092 1
1093 2
1094 3
1095 2
1096 1
1097 1
1098 2
1101 3
1102 2
1103 1
1105 1
1106 2
1107 1
1111 3
1112 1
1113 2
1114 1
1115 2
1120 1
1122 2
1126 1
1128 1
1129 2
1130 5
1131 2
1132 3
1134 2
1135 1
1136 2
1138 1
1139 1
1141 1
1143 1
1144 3
1145 2
1146 1
1147 1
1148 1
1149 1
1150 1
1152 1
1154 1
1159 1
1164 1
1165 1
1167 3
1169 1
1170 2
1171 3
1172 3
1173 1
1174 1
1175 1
1177 1
1179 1
1180 1
1181 2
1182 1
1184 2
1186 1
1190 1
1193 1
1197 1
1200 2
1203 3
1205 1
1206 1
1207 1
1208 2
1212 3
1213 1
1214 1
1215 2
1216 1
1217 4
1219 1
1220 1
1222 1
1224 2
1225 1
1227 1
1228 1
1229 1
1241 1
1242 1
1243 2
1245 1
1249 1
1250 2
1255 2
1256 1
1260 2
1264 1
1267 1
1269 2
1270 1
1272 1
1273 2
1275 3
1276 1
1279 4
1280 2
1281 1
1282 2
1285 1
1286 2
1288 1
1289 1
1291 1
1292 2
1296 1
1297 1
1298 2
1301 1
1302 5
1303 1
1304 1
1306 1
1307 2
1308 2
1309 1
1310 1
1311 3
1312 1
1313 2
1314 1
1315 4
1317 1
1320 3
1321 2
1322 1
1323 1
1325 1
1326 3
1327 2
1328 1
1329 1
1330 1
1333 1
1336 1
1339 2
1342 1
1345 1
1346 1
1349 2
1351 1
1352 1
1354 1
1355 2
1356 2
1357 1
1365 2
1366 2
1367 2
1368 1
1369 2
1371 3
1372 1
1373 2
1375 3
1377 2
1378 1
1379 1
1380 1
1381 2
1385 2
1386 1
1387 2
1389 3
1390 1
1391 1
1392 2
1393 3
1394 3
1395 1
1397 1
1398 1
1400 2
1401 1
1402 1
1404 1
1405 3
1407 1
1408 3
1410 1
1411 3
1415 1
1417 1
1418 1
1419 1
1420 2
1422 1
1425 2
1428 1
1432 2
1433 1
1435 1
1436 1
1437 1
1439 1
1440 3
1442 1
1444 1
1445 2
1447 1
1448 1
1454 1
1456 1
1464 1
1472 2
1475 1
1478 1
1481 1
1483 2
1484 1
1485 1
1491 2
1492 1
1495 2
1500 1
1503 1
1509 1
1511 1
1516 1
1518 1
1520 1
1521 1
1525 1
1526 1
1531 2
1538 1
1539 1
1541 1
1544 1
1554 1
1555 1
1559 1
1575 1
1576 1
1579 1
1580 1
1581 1
1582 2
1586 1
1587 1
1590 1
1593 2
1594 2
1595 1
1596 4
1597 1
1598 2
1599 2
1600 1
1601 2
1602 5
1603 1
1604 1
1606 1
1607 1
1609 2
1610 1
1613 1
1614 1
1615 1
1617 1
1618 1
1619 1
1621 4
1624 1
1626 1
1627 1
1631 1
1633 1
1639 3
1641 2
1642 1
1643 2
1650 2
1655 1
1662 1
1671 1
1673 1
1676 3
1680 1
1684 1
1689 1
1694 1
1698 1
1700 2
1704 1
1707 1
1709 1
1714 1
1719 1
1731 1
1733 1
1736 1
1741 1
1742 1
1748 1
1754 1
1757 1
1758 1
1760 3
1763 3
1764 4
1765 1
1766 1
1767 1
1768 2
1769 1
1773 1
1779 1
1782 1
1786 1
1798 1
1804 1
1805 1
1818 1
1819 1
1830 1
1831 1
1832 1
1835 2
1838 1
1839 2
1840 1
1844 2
1846 3
1850 1
1851 1
1852 1
1855 1
1875 1
1891 1
1908 1
1910 1
1922 1
1930 1
1938 1
1997 1
2003 1
2007 1
2010 1
2051 1
2068 1
2075 1
2082 1
2115 1
2133 1
2148 1
2149 1
2190 2
2192 2
2194 1
2196 1
2200 1
2203 1
2205 1
2217 1
2247 1
2255 1
2257 1
2277 1
2287 1
2310 1
2314 1
2334 1
2357 1
2370 1
2379 2
2385 1
2390 1
2392 1
2397 1
2404 1
2410 1
2411 1
2414 1
2416 1
2417 1
2419 1
2423 1
2424 1
2426 2
2430 1
2434 1
2442 1
2450 1
2461 1
2477 1
2483 1
2484 1
2485 1
2486 1
2488 1
2490 1
2498 1
2499 1
2501 1
2506 1
2522 1
2528 1
2555 1
2562 1
2566 1
2609 1
2612 1
2651 1
2697 1
2708 1
2715 1
2739 2
2765 1
2769 1
2770 1
2773 2
2777 1
2779 2
2780 2
2787 1
2799 1
2845 1
2847 1
2858 1
2859 1
2860 1
2868 1
2869 1
2872 2
2873 1
2877 1
2878 1
2879 6
2880 1
2883 2
2885 2
2886 1
2888 1
2891 1
2892 1
2898 1
2920 1
2928 1
2941 1
2958 1
2965 1
2990 1
2992 1
2998 1
3005 1
3014 1
3024 1
3028 1
3029 2
3030 1
3033 1
3040 2
3041 2
3072 1
3075 1
3077 1
3089 1
3101 1
3111 1
3113 2
3114 1
3116 1
3127 1
3133 1
3136 1
3139 1
3140 1
3157 1
3183 1
3195 1
3197 1
3198 1
3201 1
3207 1
3208 1
3210 3
3214 1
3215 1
3222 1
3223 1
3227 1
3242 1
3245 1
3282 1
3292 1
3317 1
3323 1
3337 1
3340 1
3345 1
3353 1
3354 1
3357 1
3365 1
3380 1
3386 1
3389 1
3412 1
3424 1
3433 1
3438 1
3440 1
3443 1
3450 1
3453 1
3457 1
3461 1
3465 1
3466 1
3469 1
3474 1
3477 1
3478 1
3479 2
3480 1
3509 1
3510 1
3512 2
3514 1
3531 1
3537 1
3551 1
3582 1
3593 2
3594 1
3596 2
3598 1
3600 1
3606 1
3609 1
3611 1
3622 1
3630 1
3635 1
3640 1
3644 1
3647 1
3650 1
3660 1
3671 1
3675 1
3677 1
3678 1
3679 1
3680 1
3681 1
3692 1
3741 1
3746 1
3758 1
3759 1
3799 1
3805 1
3814 1
3819 2
3822 1
3824 2
3847 1
3866 1
3867 1
3868 1
3870 1
3873 1
3877 1
3878 1
3879 1
3883 1
3885 1
3890 1
3894 1
3896 1
3909 1
3915 1
3922 1
3924 1
3938 1
3944 1
3954 1
3963 1
3964 1
3982 1
3999 1
4013 1
4019 1
4031 1
4063 1
4119 1
4142 1
4144 1
4159 1
4174 1
4177 2
4178 1
4186 1
4237 1
4270 1
4281 1
4401 1
4497 1
4505 1
4521 1
4527 1
4533 1
4541 1
4550 1
4553 1
4581 1
4584 1
4590 1
4591 1
4605 1
4609 1
4615 1
4631 2
4633 1
4639 1
4643 1
4716 1
4729 1
4780 1
4787 1
4824 1
4826 1
4838 1
4840 1
4842 2
4853 1
4857 1
4935 1
4951 1
4958 1
4992 1
5059 1
5075 1
5106 1
5164 1
5165 1
5835 2
5843 1
5848 1
5849 1
5875 1
6003 1
6007 1
6026 1
6135 1
6149 1
6249 1
