1 3588
2 19429
3 68057
4 172226
5 359211
6 614015
7 904280
8 1172972
9 1350591
10 1419957
11 1367440
12 1225001
13 1042651
14 846845
15 678030
16 547930
17 460304
18 413533
19 402975
20 415578
21 448207
22 495154
23 547768
24 601665
25 661532
26 713915
27 762854
28 799806
29 833206
30 847541
31 844955
32 828541
33 801995
34 763695
35 715777
36 655407
37 592210
38 525893
39 459806
40 398331
41 337305
42 281039
43 231022
44 188419
45 152174
46 120334
47 94547
48 73540
49 55536
50 42522
51 32261
52 24624
53 18912
54 14373
55 11463
56 9411
57 7774
58 6385
59 5580
60 4885
61 4548
62 4420
63 4288
64 3991
65 3946
66 3544
67 3461
68 3446
69 3317
70 3207
71 3013
72 2979
73 2790
74 2596
75 2521
76 2493
77 2323
78 2093
79 1895
80 1784
81 1747
82 1571
83 1475
84 1379
85 1199
86 1084
87 1053
88 994
89 959
90 954
91 888
92 892
93 857
94 876
95 836
96 799
97 753
98 790
99 736
100 763
101 763
102 754
103 667
104 708
105 655
106 618
107 612
108 593
109 548
110 560
111 548
112 541
113 538
114 496
115 469
116 470
117 494
118 498
119 457
120 496
121 532
122 542
123 595
124 580
125 637
126 639
127 614
128 689
129 602
130 625
131 624
132 596
133 664
134 577
135 598
136 637
137 549
138 586
139 611
140 528
141 526
142 482
143 435
144 445
145 399
146 418
147 368
148 383
149 418
150 354
151 326
152 324
153 253
154 265
155 241
156 233
157 235
158 211
159 186
160 151
161 128
162 146
163 141
164 137
165 134
166 119
167 118
168 115
169 104
170 167
171 153
172 163
173 157
174 166
175 133
176 154
177 120
178 130
179 113
180 146
181 106
182 113
183 106
184 97
185 93
186 103
187 107
188 106
189 121
190 117
191 111
192 102
193 113
194 102
195 95
196 121
197 99
198 97
199 88
200 95
201 75
202 67
203 77
204 82
205 57
206 70
207 89
208 84
209 65
210 72
211 70
212 75
213 65
214 67
215 54
216 61
217 69
218 78
219 62
220 66
221 66
222 66
223 75
224 74
225 65
226 76
227 83
228 67
229 70
230 70
231 67
232 69
233 53
234 65
235 56
236 61
237 54
238 52
239 56
240 49
241 33
242 42
243 65
244 60
245 45
246 46
247 61
248 55
249 44
250 55
251 52
252 60
253 51
254 45
255 70
256 48
257 63
258 53
259 62
260 45
261 61
262 58
263 65
264 48
265 46
266 38
267 52
268 38
269 27
270 39
271 38
272 28
273 33
274 24
275 34
276 27
277 18
278 27
279 15
280 25
281 32
282 30
283 31
284 38
285 33
286 29
287 35
288 35
289 25
290 28
291 21
292 25
293 28
294 19
295 19
296 23
297 28
298 23
299 24
300 17
301 11
302 17
303 19
304 21
305 19
306 26
307 15
308 15
309 20
310 21
311 26
312 22
313 19
314 15
315 18
316 23
317 32
318 26
319 35
320 42
321 34
322 36
323 34
324 28
325 30
326 39
327 26
328 27
329 27
330 36
331 20
332 21
333 33
334 24
335 26
336 33
337 31
338 27
339 25
340 40
341 35
342 31
343 31
344 38
345 29
346 37
347 38
348 31
349 49
350 21
351 30
352 19
353 32
354 22
355 21
356 22
357 21
358 16
359 16
360 10
361 14
362 10
363 12
364 7
365 7
366 7
367 10
368 6
369 6
370 6
371 9
372 11
373 15
374 7
375 10
376 6
377 9
378 2
379 4
380 4
381 3
382 2
383 7
384 5
385 6
386 5
387 7
388 2
389 3
390 2
391 3
392 1
393 1
394 2
395 1
396 2
397 4
398 2
399 4
400 5
401 9
402 4
403 7
404 3
405 6
406 2
407 6
408 6
409 6
410 3
411 2
412 4
413 6
414 5
415 3
416 4
417 4
418 2
420 5
421 3
422 6
423 9
424 8
425 2
426 3
427 9
428 5
429 3
430 3
431 7
432 8
433 4
434 3
435 5
436 8
437 4
438 3
439 4
440 2
442 2
443 3
444 1
446 1
449 2
452 2
453 3
454 1
456 1
457 4
458 2
459 5
460 1
461 1
463 1
464 1
465 1
469 3
470 3
471 1
472 3
473 2
474 7
475 2
477 4
478 1
479 1
480 1
482 3
483 3
484 2
486 3
487 1
488 1
489 2
491 1
494 3
495 1
496 1
498 1
500 1
501 2
504 2
505 1
508 1
510 4
511 2
513 2
514 3
516 1
517 1
518 1
519 1
520 3
521 1
522 2
523 2
525 3
526 3
527 3
528 1
529 4
530 3
531 4
532 4
533 2
534 2
535 5
537 3
538 3
539 2
540 3
541 3
542 5
543 3
544 5
545 4
546 4
547 5
548 2
549 4
550 1
551 3
553 3
554 4
556 2
557 6
558 3
560 2
561 2
562 5
563 1
564 2
565 1
566 1
567 1
569 2
571 3
572 1
576 2
577 1
580 1
581 3
583 2
585 3
587 3
588 2
591 1
593 1
594 1
595 1
596 2
599 1
603 1
608 2
610 1
611 1
612 1
615 1
618 2
619 1
620 1
626 1
628 2
629 2
632 1
633 1
636 1
637 1
639 3
640 1
644 4
645 1
646 3
647 1
651 1
652 1
656 3
661 1
662 1
663 1
668 1
671 1
676 1
677 1
680 1
683 1
685 1
686 1
688 1
690 1
703 1
705 1
708 1
710 1
712 1
715 2
718 1
719 1
722 2
726 1
729 1
739 1
740 1
741 1
742 1
750 3
753 1
756 1
757 1
759 1
764 1
765 2
767 1
770 1
771 3
772 1
774 2
775 2
776 2
777 3
778 1
779 2
780 1
781 2
782 1
783 2
784 2
785 4
787 1
788 2
789 1
791 2
792 1
793 1
798 1
799 4
801 1
803 3
804 2
805 4
806 3
808 1
809 3
810 2
813 1
816 1
818 2
821 1
828 1
836 1
839 1
841 1
843 1
844 1
846 1
847 1
848 1
849 1
851 2
852 1
853 1
855 1
858 1
861 1
862 2
863 2
864 2
865 1
866 1
867 1
870 1
876 1
882 1
889 1
890 2
891 2
892 1
894 1
895 1
898 1
899 1
900 1
901 1
902 2
903 1
904 1
907 2
908 1
909 1
915 4
916 1
918 2
919 2
921 2
922 1
925 2
926 1
927 2
931 1
933 1
938 1
939 1
940 1
941 1
947 1
948 3
949 2
950 1
951 2
953 1
955 1
957 1
958 1
969 1
976 1
977 1
978 2
984 1
986 1
989 2
996 1
999 1
1000 1
1003 2
1006 1
1009 1
1012 1
1013 1
1014 1
1016 1
1018 1
1019 2
1021 1
1026 1
1032 2
1034 1
1035 2
1036 2
1041 2
1043 1
1046 1
1050 1
1051 1
1052 2
1054 1
1056 1
1057 1
1059 1
1079 1
1081 1
1082 1
1087 1
1090 1
1092 1
1095 1
1110 1
1120 1
1128 1
1134 1
1138 1
1142 1
1143 2
1146 1
1161 1
1174 1
1176 1
1183 1
1187 1
1193 1
1195 1
1196 1
1199 1
1202 1
1210 1
1213 1
1216 1
1219 1
1223 1
1225 1
1226 1
1227 1
1232 1
1233 1
1238 1
1246 2
1248 1
1256 1
1261 1
1267 1
1268 1
1271 1
1272 3
1274 1
1276 1
1277 1
1282 1
1290 1
1304 1
1305 2
1306 1
1331 1
1338 1
1367 1
1370 1
1488 1
1507 1
1510 1
1520 1
1525 1
1528 1
1538 1
1539 1
1549 1
1552 1
1556 1
1557 1
1561 1
1562 1
1563 1
1564 1
1566 1
1568 1
1569 1
1570 1
1571 1
1572 2
1574 1
1575 1
1576 1
1581 1
1598 1
1606 1
2945 1
2948 1
2949 1
2954 1
2955 2
2956 2
2959 1
2960 1
