1 1332277
2 1988890
3 2166803
4 2056593
5 1969450
6 1995552
7 2053996
8 2044656
9 1903828
10 1643609
11 1317494
12 985908
13 693133
14 459657
15 291447
16 178289
17 102829
18 59922
19 36440
20 22154
21 14857
22 10640
23 8413
24 6458
25 5426
26 4595
27 3984
28 3633
29 3113
30 2901
31 2740
32 2510
33 2170
34 2074
35 1838
36 1725
37 1519
38 1265
39 1227
40 1044
41 1079
42 976
43 882
44 833
45 777
46 759
47 693
48 626
49 586
50 498
51 459
52 466
53 491
54 430
55 473
56 385
57 339
58 378
59 368
60 346
61 314
62 352
63 327
64 282
65 295
66 266
67 245
68 243
69 234
70 231
71 253
72 313
73 398
74 524
75 674
76 909
77 1286
78 1727
79 2289
80 3110
81 4074
82 5410
83 6892
84 9043
85 11129
86 14195
87 17162
88 21761
89 26722
90 32105
91 38532
92 45462
93 53918
94 62939
95 73472
96 83299
97 93689
98 104826
99 114838
100 125383
101 135085
102 145628
103 154207
104 161827
105 169364
106 173174
107 177871
108 180516
109 181976
110 180375
111 178273
112 174146
113 166879
114 160872
115 152354
116 143023
117 133163
118 121289
119 112149
120 101728
121 92139
122 82019
123 72587
124 63621
125 56029
126 48502
127 41322
128 35284
129 29771
130 25082
131 20998
132 17387
133 14531
134 11773
135 9633
136 7959
137 6281
138 4999
139 3963
140 3041
141 2393
142 1742
143 1308
144 1000
145 757
146 553
147 456
148 315
149 236
150 194
151 142
152 77
153 70
154 53
155 56
156 49
157 42
158 29
159 33
160 35
161 28
162 38
163 32
164 45
165 51
166 31
167 48
168 42
169 31
170 29
171 36
172 36
173 38
174 49
175 49
176 40
177 47
178 50
179 41
180 38
181 62
182 48
183 59
184 52
185 71
186 66
187 92
188 77
189 98
190 109
191 104
192 132
193 137
194 153
195 158
196 210
197 220
198 237
199 318
200 308
201 370
202 353
203 362
204 425
205 464
206 542
207 548
208 562
209 618
210 630
211 678
212 726
213 689
214 710
215 705
216 717
217 788
218 792
219 764
220 727
221 688
222 691
223 658
224 674
225 670
226 674
227 641
228 647
229 604
230 565
231 549
232 517
233 513
234 459
235 388
236 389
237 350
238 315
239 303
240 269
241 246
242 240
243 202
244 153
245 157
246 113
247 101
248 74
249 62
250 51
251 44
252 64
253 44
254 29
255 26
256 18
257 19
258 13
259 20
260 14
261 19
262 7
263 13
264 8
265 12
266 5
267 2
268 3
269 6
270 2
271 4
272 2
273 4
274 1
275 5
276 5
277 3
278 6
279 10
280 9
281 6
282 8
283 6
284 6
285 5
286 8
287 6
288 8
289 10
290 12
291 9
292 4
293 15
294 16
295 14
296 22
297 22
298 31
299 27
300 26
301 36
302 35
303 41
304 35
305 49
306 47
307 60
308 61
309 69
310 72
311 77
312 70
313 66
314 58
315 76
316 97
317 84
318 91
319 100
320 74
321 66
322 85
323 78
324 88
325 105
326 89
327 84
328 94
329 82
330 100
331 103
332 112
333 112
334 113
335 90
336 74
337 89
338 79
339 54
340 66
341 62
342 70
343 61
344 83
345 65
346 59
347 56
348 78
349 42
350 49
351 52
352 52
353 40
354 42
355 47
356 42
357 32
358 39
359 32
360 24
361 33
362 30
363 23
364 26
365 22
366 20
367 23
368 15
369 12
370 12
371 10
372 11
373 7
374 9
375 12
376 18
377 10
378 17
379 17
380 25
381 22
382 17
383 23
384 27
385 25
386 21
387 34
388 26
389 19
390 26
391 36
392 28
393 34
394 43
395 42
396 43
397 33
398 42
399 29
400 37
401 57
402 38
403 41
404 54
405 48
406 39
407 59
408 60
409 68
410 72
411 58
412 78
413 67
414 89
415 110
416 118
417 90
418 89
419 104
420 106
421 120
422 118
423 117
424 144
425 120
426 109
427 121
428 119
429 99
430 130
431 106
432 152
433 115
434 115
435 88
436 124
437 133
438 117
439 104
440 112
441 130
442 114
443 123
444 103
445 106
446 120
447 83
448 95
449 99
450 91
451 108
452 89
453 87
454 75
455 91
456 93
457 77
458 81
459 97
460 83
461 104
462 72
463 80
464 77
465 73
466 52
467 73
468 49
469 67
470 39
471 53
472 43
473 36
474 46
475 59
476 48
477 34
478 25
479 39
480 35
481 31
482 33
483 20
484 22
485 34
486 35
487 28
488 25
489 28
490 19
491 20
492 22
493 16
494 20
495 20
496 20
497 24
498 16
499 14
500 20
501 17
502 11
503 16
504 13
505 9
506 8
507 13
508 8
509 4
510 10
511 8
512 12
513 3
514 8
515 7
516 5
517 7
518 5
519 4
520 4
521 6
522 5
523 7
524 6
526 4
527 3
528 5
529 1
530 3
531 2
533 2
535 2
536 3
537 1
538 4
539 5
540 6
541 3
542 3
543 4
544 2
545 7
546 2
548 1
549 2
550 1
551 1
552 1
557 1
558 1
561 2
578 1
579 3
580 2
583 1
584 1
587 1
594 1
596 1
599 1
605 1
606 1
608 1
609 2
610 1
615 1
617 1
618 1
619 2
622 1
631 1
637 1
644 1
646 2
649 2
650 1
653 1
654 2
656 1
659 1
660 1
666 1
669 1
671 1
672 3
677 1
678 1
680 1
689 2
690 1
691 1
712 2
724 1
725 1
731 1
732 1
735 1
743 1
748 1
779 1
843 1
853 1
890 1
891 2
900 1
917 1
918 1
926 1
927 1
931 1
937 1
940 1
945 1
968 1
976 1
979 1
980 1
982 1
991 1
993 1
1055 1
1071 1
1077 1
1168 1
1255 1
1277 1
1957 1
2110 1
2114 1
2125 1
2126 1
2313 1
2324 1
2328 1
2335 1
2573 1
2583 1
2678 1
