1 65815
2 230809
3 546356
4 980508
5 1400009
6 1683224
7 1761855
8 1644811
9 1405932
10 1143696
11 925912
12 785407
13 723611
14 729638
15 779650
16 857853
17 940052
18 1016383
19 1073190
20 1102630
21 1101790
22 1071069
23 1018917
24 943747
25 851120
26 745232
27 636945
28 530432
29 433809
30 343946
31 268993
32 205576
33 153725
34 112854
35 81478
36 58137
37 41856
38 30161
39 21517
40 15924
41 11798
42 9215
43 7745
44 6461
45 6001
46 5320
47 4898
48 4648
49 4551
50 4022
51 3758
52 3537
53 3251
54 3103
55 2837
56 2651
57 2465
58 2209
59 2069
60 1869
61 1710
62 1576
63 1563
64 1515
65 1323
66 1191
67 1148
68 1089
69 1103
70 1018
71 1010
72 997
73 942
74 893
75 903
76 891
77 815
78 819
79 759
80 765
81 772
82 727
83 758
84 787
85 846
86 841
87 894
88 885
89 789
90 793
91 802
92 724
93 741
94 707
95 757
96 722
97 697
98 707
99 659
100 581
101 565
102 493
103 488
104 464
105 434
106 402
107 407
108 383
109 360
110 347
111 369
112 290
113 254
114 304
115 231
116 265
117 245
118 254
119 218
120 208
121 167
122 166
123 147
124 147
125 156
126 175
127 158
128 144
129 147
130 141
131 154
132 154
133 137
134 153
135 133
136 132
137 109
138 128
139 105
140 85
141 100
142 97
143 95
144 98
145 95
146 108
147 93
148 108
149 108
150 108
151 85
152 100
153 93
154 93
155 99
156 113
157 78
158 108
159 75
160 52
161 69
162 69
163 68
164 85
165 86
166 80
167 66
168 82
169 75
170 81
171 64
172 75
173 60
174 67
175 59
176 60
177 51
178 60
179 73
180 91
181 72
182 74
183 56
184 49
185 57
186 60
187 49
188 47
189 50
190 40
191 55
192 52
193 68
194 52
195 48
196 64
197 48
198 52
199 37
200 44
201 58
202 48
203 47
204 53
205 40
206 45
207 57
208 70
209 47
210 41
211 60
212 36
213 46
214 44
215 45
216 39
217 48
218 68
219 46
220 57
221 41
222 60
223 62
224 49
225 48
226 47
227 39
228 58
229 32
230 39
231 36
232 32
233 33
234 35
235 36
236 36
237 27
238 24
239 35
240 41
241 32
242 20
243 23
244 14
245 11
246 12
247 11
248 7
249 7
250 3
251 8
252 8
253 13
254 8
255 9
256 14
257 8
258 9
259 3
260 11
261 3
262 10
263 7
264 5
265 8
266 7
267 7
268 4
269 4
270 7
271 5
272 4
273 7
274 12
275 8
276 8
277 2
278 8
279 6
280 11
281 12
282 4
283 5
284 11
285 4
286 5
287 4
288 9
289 4
290 5
291 4
292 5
293 4
294 4
295 2
296 3
297 3
298 1
299 3
300 2
301 2
302 6
303 6
304 5
305 5
306 2
307 4
308 3
309 2
310 2
311 4
312 4
313 5
315 1
316 4
317 2
318 1
319 2
320 1
321 1
324 3
325 1
326 1
328 1
329 4
330 1
331 1
332 1
334 1
336 2
337 1
338 1
339 2
340 2
341 3
344 4
345 4
347 4
348 2
349 4
350 1
351 4
352 5
353 3
354 1
356 3
360 2
361 1
362 2
363 3
364 2
365 2
367 1
368 4
369 1
370 2
371 1
372 2
373 2
374 1
375 2
376 3
378 1
379 1
380 1
381 1
382 1
383 2
384 1
385 2
386 3
387 3
388 5
389 6
390 12
391 4
392 3
393 6
394 4
395 8
396 2
397 3
398 7
399 3
400 1
401 4
402 4
403 5
404 5
405 3
406 2
407 1
408 3
409 6
410 2
411 1
412 2
413 6
414 4
415 1
417 1
419 1
421 1
425 1
426 2
427 2
428 1
429 3
431 3
432 5
433 2
436 1
437 1
438 1
441 1
443 1
444 1
445 3
447 1
449 2
454 1
456 2
457 1
460 1
462 1
463 1
464 1
467 1
468 2
470 1
471 2
473 1
475 3
476 1
477 1
479 1
480 2
481 2
482 1
483 1
484 1
486 2
487 1
488 1
489 2
490 2
491 2
492 2
493 1
494 2
495 1
497 1
499 1
500 2
503 1
504 3
506 1
507 2
510 3
515 2
516 1
517 1
520 2
521 1
522 2
523 1
524 3
527 1
529 1
534 2
535 1
536 2
537 1
538 4
539 1
540 2
541 3
542 2
543 3
544 2
545 5
546 3
547 1
548 1
549 2
550 4
551 1
552 2
553 1
556 2
557 2
561 1
562 1
563 1
565 2
567 1
571 2
574 2
575 1
576 1
585 1
587 1
588 1
589 2
594 1
595 1
597 1
599 2
602 2
603 2
604 1
607 2
608 1
609 1
611 3
613 2
614 2
616 1
617 1
618 1
619 1
624 1
625 1
626 2
627 2
628 2
629 1
630 1
631 3
632 3
633 3
634 1
640 1
644 1
646 1
648 1
649 1
653 1
655 1
656 1
657 2
658 1
661 2
663 1
665 1
666 1
669 1
673 1
674 1
675 2
676 1
677 3
678 2
679 1
680 1
681 3
682 2
683 4
685 1
686 1
689 1
692 2
694 2
695 1
697 1
698 1
699 2
701 1
704 1
707 1
709 2
710 2
713 3
714 1
715 1
716 1
719 1
721 1
725 1
729 1
730 2
734 1
735 1
737 1
750 1
752 1
757 1
765 1
767 1
768 1
773 1
783 2
785 1
789 1
811 1
819 1
822 1
823 2
825 1
826 1
827 1
829 1
830 1
834 1
835 1
837 1
840 1
841 1
845 1
849 1
850 1
851 1
853 1
854 1
856 1
858 1
860 1
863 2
867 1
869 2
872 1
873 2
875 1
879 1
881 1
885 1
891 1
892 1
1013 1
1018 1
1021 1
1022 2
1025 1
1026 2
1028 1
1031 1
1037 1
1038 1
1048 1
1049 1
1050 1
1051 2
1054 2
1056 3
1058 1
1060 2
1068 1
1071 1
1080 1
1097 1
2043 2
2044 1
2047 1
2050 2
2051 1
2057 1
2059 1
2061 1
