1 557750
2 1263702
3 1950581
4 2304333
5 2241721
6 1948512
7 1621503
8 1420579
9 1360849
10 1396725
11 1464296
12 1515818
13 1516000
14 1454695
15 1333964
16 1166253
17 989866
18 795623
19 616597
20 463461
21 332707
22 232185
23 159335
24 105139
25 67788
26 44103
27 29919
28 19938
29 14788
30 11036
31 8611
32 7289
33 5971
34 4936
35 4291
36 3893
37 3400
38 3027
39 2750
40 2690
41 2605
42 2293
43 2005
44 1958
45 1928
46 1787
47 1811
48 1599
49 1576
50 1562
51 1465
52 1427
53 1278
54 1215
55 1252
56 1177
57 1101
58 1085
59 1072
60 995
61 1012
62 977
63 953
64 909
65 843
66 768
67 752
68 612
69 568
70 546
71 474
72 420
73 410
74 415
75 359
76 349
77 302
78 269
79 267
80 237
81 253
82 214
83 229
84 202
85 208
86 166
87 196
88 234
89 237
90 174
91 189
92 168
93 161
94 151
95 175
96 158
97 139
98 144
99 116
100 130
101 119
102 113
103 115
104 101
105 110
106 123
107 113
108 109
109 97
110 100
111 88
112 93
113 109
114 99
115 121
116 104
117 103
118 93
119 90
120 64
121 66
122 78
123 68
124 61
125 76
126 81
127 70
128 64
129 92
130 70
131 59
132 63
133 62
134 68
135 53
136 65
137 69
138 74
139 80
140 68
141 64
142 74
143 91
144 61
145 71
146 64
147 61
148 45
149 44
150 45
151 41
152 37
153 34
154 24
155 27
156 25
157 21
158 16
159 23
160 24
161 22
162 14
163 20
164 20
165 15
166 19
167 11
168 16
169 24
170 18
171 17
172 20
173 22
174 17
175 22
176 14
177 10
178 15
179 11
180 13
181 12
182 17
183 15
184 16
185 14
186 13
187 13
188 9
189 3
190 5
191 7
192 11
193 3
194 4
195 1
196 3
197 2
198 8
199 4
200 4
201 4
202 6
203 5
204 2
205 6
206 10
207 5
208 10
209 5
210 12
211 1
212 2
213 2
214 9
215 5
216 6
217 8
218 12
219 6
220 13
221 16
222 6
223 13
224 5
225 9
226 10
227 4
229 5
230 1
231 4
232 3
234 1
235 2
237 3
238 3
239 1
241 3
242 4
243 4
244 1
245 8
246 4
247 2
248 1
249 3
250 3
251 3
252 1
253 3
254 3
255 5
256 1
257 4
258 1
259 1
261 2
262 1
263 2
264 1
265 1
266 1
270 2
272 2
273 2
274 1
275 3
276 1
278 2
279 1
282 3
283 3
284 1
286 1
290 1
293 2
294 1
296 1
297 1
298 1
299 1
300 1
301 1
302 2
303 4
304 3
305 5
306 2
307 1
308 2
309 1
310 2
312 1
314 1
315 1
316 1
317 2
318 1
319 2
320 3
322 3
323 2
324 2
325 1
329 1
330 5
331 1
332 3
333 3
334 2
335 6
336 6
337 2
338 2
339 3
340 1
341 1
344 1
345 2
346 2
347 1
348 3
351 1
353 2
355 2
356 3
357 2
358 3
359 1
360 1
361 2
362 3
363 1
367 2
368 3
370 2
372 1
375 1
376 1
377 2
378 1
379 1
380 2
382 1
383 2
384 3
385 2
386 1
387 2
388 3
389 2
391 2
392 1
395 2
396 3
397 3
398 5
399 3
400 1
401 1
402 2
403 2
404 6
405 4
406 1
407 1
408 1
410 1
411 3
414 1
416 2
417 1
418 2
420 2
421 2
422 2
423 3
424 4
425 3
426 1
429 3
431 3
436 2
437 1
438 1
439 3
442 2
443 1
445 1
446 1
448 1
449 3
450 2
451 3
453 1
454 2
456 2
459 1
469 1
470 1
471 1
472 1
476 2
477 1
478 2
480 1
481 1
482 1
484 2
488 1
489 1
491 2
492 1
493 2
496 1
499 1
501 2
505 1
506 1
507 2
508 1
509 1
510 2
518 2
529 1
530 1
534 1
536 1
540 2
544 2
545 1
548 3
550 1
555 2
556 1
560 1
657 1
660 1
666 1
670 1
672 1
679 2
682 1
683 1
685 1
687 1
693 1
695 1
703 2
704 3
705 1
707 1
717 1
721 1
724 1
727 1
732 1
748 1
749 1
758 1
770 1
1355 1
1358 1
1363 1
1364 2
1366 2
1367 1
1369 1
1371 1
