1 5994945
2 4084627
3 2443520
4 1385024
5 791525
6 518197
7 408618
8 350962
9 293605
10 226486
11 161959
12 106807
13 65404
14 38317
15 21202
16 10941
17 5882
18 3133
19 1772
20 1114
21 752
22 783
23 1007
24 1496
25 2520
26 4120
27 6442
28 10226
29 16185
30 23971
31 34211
32 47776
33 64480
34 84148
35 107782
36 134212
37 161986
38 191963
39 221787
40 249976
41 274073
42 296641
43 313151
44 324587
45 328683
46 324788
47 313383
48 298401
49 280875
50 258814
51 232218
52 205195
53 178739
54 154255
55 130385
56 109006
57 89185
58 72494
59 57394
60 45338
61 35030
62 26914
63 20150
64 14812
65 10826
66 7801
67 5695
68 4125
69 3016
70 2086
71 1534
72 1199
73 950
74 933
75 854
76 856
77 876
78 914
79 871
80 959
81 1062
82 1209
83 1271
84 1356
85 1385
86 1378
87 1489
88 1406
89 1673
90 1531
91 1559
92 1504
93 1542
94 1508
95 1410
96 1348
97 1219
98 1227
99 1155
100 1019
101 912
102 812
103 691
104 692
105 604
106 494
107 430
108 360
109 292
110 236
111 227
112 191
113 179
114 177
115 208
116 199
117 232
118 214
119 249
120 252
121 287
122 302
123 352
124 382
125 399
126 424
127 420
128 435
129 485
130 444
131 544
132 522
133 478
134 523
135 463
136 492
137 522
138 452
139 471
140 468
141 463
142 497
143 442
144 450
145 443
146 419
147 429
148 417
149 390
150 380
151 322
152 308
153 301
154 285
155 256
156 265
157 246
158 254
159 256
160 227
161 231
162 218
163 214
164 211
165 186
166 179
167 203
168 200
169 215
170 201
171 207
172 227
173 221
174 227
175 232
176 237
177 250
178 204
179 221
180 198
181 177
182 180
183 157
184 170
185 177
186 122
187 148
188 132
189 133
190 146
191 152
192 120
193 123
194 94
195 138
196 136
197 99
198 114
199 96
200 88
201 105
202 93
203 107
204 111
205 117
206 116
207 101
208 110
209 102
210 106
211 100
212 119
213 118
214 100
215 113
216 107
217 127
218 124
219 155
220 147
221 140
222 142
223 129
224 131
225 156
226 120
227 150
228 91
229 101
230 104
231 64
232 81
233 81
234 71
235 80
236 61
237 63
238 62
239 69
240 61
241 60
242 50
243 42
244 43
245 35
246 40
247 31
248 25
249 30
250 20
251 27
252 25
253 29
254 33
255 27
256 16
257 16
258 21
259 18
260 16
261 24
262 20
263 24
264 23
265 30
266 23
267 18
268 14
269 16
270 14
271 11
272 17
273 10
274 13
275 15
276 24
277 24
278 19
279 16
280 21
281 16
282 21
283 17
284 13
285 18
286 18
287 16
288 23
289 24
290 18
291 8
292 6
293 13
294 9
295 4
296 12
297 8
298 6
299 8
300 9
301 11
302 12
303 7
304 9
305 8
306 9
307 14
308 10
309 10
310 8
311 13
312 7
313 9
314 15
315 10
316 5
317 8
318 5
319 7
320 14
321 13
322 10
323 9
324 6
325 11
326 6
327 8
328 7
329 13
330 4
331 7
332 5
333 8
334 7
335 6
336 6
337 16
338 8
339 10
340 6
341 8
342 19
343 5
344 13
345 11
346 6
347 7
348 4
349 1
350 1
351 6
352 2
353 1
354 4
355 3
356 2
357 5
358 3
359 3
360 2
361 3
362 8
363 7
364 3
365 6
366 6
367 2
368 3
369 4
370 6
371 3
372 13
373 2
374 8
375 5
376 2
377 7
378 4
379 4
380 7
381 2
382 5
383 10
384 6
385 5
386 8
387 5
388 8
389 5
390 6
391 5
392 6
393 6
394 6
395 2
396 2
397 1
398 1
399 2
400 3
401 6
402 1
403 1
404 3
405 6
406 4
407 4
408 5
409 4
410 3
411 2
412 2
413 2
415 2
416 4
417 5
418 3
419 6
420 3
421 3
422 4
423 1
424 2
425 3
426 2
427 3
428 8
429 3
430 6
431 4
432 4
433 11
434 8
435 5
436 4
437 5
438 9
439 4
440 5
441 4
442 5
443 6
444 4
445 1
446 2
447 3
448 1
450 3
451 3
452 2
453 1
454 1
455 4
456 2
458 2
462 3
463 1
464 3
465 2
466 3
467 7
468 8
469 4
470 5
471 3
472 3
473 9
474 4
475 7
476 3
477 5
478 4
479 4
480 2
481 6
482 3
483 4
484 1
485 4
486 2
487 7
488 5
489 2
490 5
491 2
492 4
493 3
494 1
495 6
496 1
497 4
498 6
500 1
501 1
502 1
503 5
504 5
505 1
506 2
507 2
508 2
509 4
510 2
511 1
512 1
513 5
515 1
516 3
517 2
518 1
519 2
520 2
521 4
522 4
523 2
524 2
525 1
526 1
527 2
528 1
529 3
530 1
531 1
532 1
533 4
534 2
535 2
536 2
537 3
538 1
539 3
540 1
541 3
542 2
544 2
545 2
546 3
547 1
548 1
550 2
551 2
553 1
554 2
555 2
556 2
557 2
559 1
560 1
561 2
563 1
564 5
565 2
566 1
567 2
569 1
570 2
571 1
572 1
573 3
574 2
575 3
576 2
577 1
578 1
579 2
580 2
581 2
582 5
584 2
585 2
586 1
587 1
588 3
589 2
590 1
591 1
592 1
593 1
594 1
595 2
596 1
598 4
599 2
600 3
601 1
602 1
603 2
604 1
605 1
606 3
607 2
608 5
609 1
610 2
611 4
612 1
613 1
614 1
615 1
617 2
621 2
622 2
624 3
626 4
627 1
628 6
629 4
630 3
631 4
632 2
633 3
634 4
635 3
636 1
637 4
638 2
641 2
642 1
646 2
647 2
648 1
649 3
651 1
653 1
656 2
657 1
658 4
661 4
662 2
664 1
665 2
666 2
667 2
670 2
671 1
673 3
674 4
675 2
677 2
678 2
679 1
681 1
683 2
685 1
686 1
691 1
698 2
699 2
701 1
702 1
703 1
705 1
708 1
709 3
710 1
711 1
712 3
713 2
714 2
715 2
718 2
720 2
721 3
723 1
724 2
726 2
727 1
729 1
730 3
732 2
733 1
734 3
735 1
736 2
737 5
740 1
741 2
744 1
745 2
748 1
749 2
750 3
751 1
752 1
753 1
755 2
756 1
757 1
758 2
759 1
760 1
762 2
763 1
765 1
769 1
774 2
776 1
778 1
779 1
780 4
781 1
782 1
783 1
784 2
785 2
786 2
787 3
790 2
793 4
794 1
798 1
813 1
820 1
822 1
829 1
830 1
831 1
833 2
834 1
843 3
845 1
846 1
847 1
848 4
849 1
850 3
851 2
852 1
853 1
856 1
859 1
860 1
861 1
869 1
876 1
886 1
907 1
910 1
912 1
916 1
922 1
925 1
939 1
941 1
943 1
945 1
947 2
965 1
973 1
984 1
993 1
1014 1
1015 2
1032 1
1033 1
1037 1
1041 2
1043 1
1049 1
1051 1
1052 1
1055 1
1063 1
1067 1
1079 2
1080 1
1082 1
1083 1
1086 1
1087 3
1088 2
1089 2
1090 1
1093 1
1104 1
1106 1
1109 1
1116 1
1121 1
1124 1
1125 1
1134 1
1135 1
1141 1
1142 1
1153 1
1159 1
1169 2
1173 1
1177 1
1178 1
1188 1
1189 2
1190 1
1191 1
1193 1
1195 2
1197 1
1198 1
1200 2
1204 1
1206 1
1217 1
1226 2
1246 1
1247 1
1248 1
1252 1
1253 1
1255 1
1258 1
1264 1
1266 1
1269 1
1270 1
1271 2
1272 1
1276 1
1284 1
1287 1
1289 1
1291 1
1292 1
1295 2
1296 2
1297 3
1299 1
1300 1
1304 1
1305 2
1306 1
1307 1
1311 2
1314 2
1315 2
1317 1
1320 1
1322 1
1323 1
1324 1
1326 1
1331 1
1334 1
1337 1
1339 1
1341 1
1343 1
1352 1
1361 2
1364 1
1366 1
1369 1
1379 1
1381 1
1382 1
1383 1
1385 1
1386 2
1391 1
1410 2
1412 1
1417 1
1418 1
1420 1
1421 1
1422 2
1424 1
1433 2
1434 1
1441 1
1442 1
1448 1
1449 1
1450 1
1451 2
1456 1
1457 1
1461 1
1463 1
1464 1
1466 1
1471 1
1476 1
1478 1
1482 1
1484 1
1487 1
1490 1
1530 1
1532 1
1534 1
1537 1
1543 1
1544 1
1546 3
1547 1
1548 2
1549 1
1551 1
1553 1
1557 1
1560 1
1567 1
1568 1
1569 1
1570 1
1582 1
1584 1
1587 1
1589 2
1591 1
1592 1
1595 3
1600 1
1601 1
1602 1
1606 1
1609 1
1611 1
1615 2
1618 1
1623 1
1640 1
1644 1
1645 1
1648 1
1673 1
1677 1
1678 2
1682 1
1685 2
1686 1
1687 1
1688 1
1696 1
1702 1
1709 1
1712 1
1714 1
1715 1
1716 1
1720 1
1721 1
1725 1
1728 1
1729 1
1730 1
1742 1
1743 1
1744 1
1745 1
1748 1
1749 1
1752 3
1753 1
1756 1
1759 1
1763 1
1771 1
1787 1
1795 1
1796 1
1799 2
1805 1
1807 2
1809 2
1811 2
1848 1
1851 1
1863 1
1866 1
1882 1
1885 3
1889 1
1892 2
1899 1
1904 1
1908 1
1913 1
1938 1
1984 1
2016 1
2024 1
2035 1
2048 1
2056 1
2063 1
2066 1
2088 1
2106 1
2114 1
2115 1
2116 1
2127 1
2128 2
2129 1
2136 1
2152 1
2154 1
2156 1
2172 1
2177 1
2184 1
2188 1
2191 1
2192 1
2193 1
2195 1
2199 1
2202 1
2203 1
2204 1
2207 1
2210 1
2211 1
2226 1
2254 1
2265 1
2268 1
2284 1
2290 1
2312 1
2314 1
2553 1
2585 1
2605 1
2606 1
2611 1
2615 1
2622 1
2661 1
2682 1
2716 1
2761 1
2766 1
