1 5519055
2 1740002
3 637365
4 281790
5 193641
6 231032
7 332554
8 458501
9 573724
10 653374
11 679543
12 644193
13 561806
14 462196
15 355312
16 256528
17 175794
18 114170
19 71227
20 44505
21 26667
22 15678
23 9659
24 6288
25 4542
26 3760
27 3115
28 2531
29 2249
30 1942
31 1694
32 1630
33 1572
34 1415
35 1404
36 1340
37 1230
38 1242
39 1071
40 988
41 912
42 799
43 783
44 769
45 651
46 677
47 634
48 575
49 566
50 527
51 531
52 489
53 453
54 460
55 430
56 350
57 350
58 416
59 349
60 360
61 309
62 231
63 181
64 186
65 155
66 151
67 154
68 97
69 77
70 62
71 60
72 65
73 66
74 51
75 47
76 62
77 52
78 58
79 42
80 38
81 30
82 38
83 27
84 30
85 38
86 23
87 20
88 28
89 24
90 19
91 17
92 23
93 27
94 22
95 22
96 18
97 12
98 10
99 16
100 12
101 15
102 13
103 11
104 14
105 16
106 24
107 10
108 21
109 14
110 14
111 12
112 21
113 18
114 17
115 19
116 19
117 17
118 11
119 15
120 14
121 7
122 11
123 6
124 7
125 5
126 7
127 4
128 9
129 4
130 15
131 3
132 9
133 3
134 16
135 14
136 14
137 6
138 6
139 7
140 4
141 9
142 8
143 5
144 2
145 11
146 7
147 9
148 6
149 5
150 6
151 8
152 8
153 11
154 8
155 4
156 5
157 2
158 8
159 1
160 6
161 6
162 7
163 10
164 4
165 8
166 6
167 8
168 4
169 7
170 5
171 8
172 9
173 1
174 5
175 7
176 5
177 4
178 4
179 9
180 3
181 5
182 3
183 2
184 6
185 4
186 4
187 4
189 2
191 1
192 3
194 3
195 1
196 2
197 6
198 1
199 3
200 5
201 5
202 5
203 8
204 3
205 2
206 1
207 3
208 3
213 2
216 2
217 2
220 1
221 3
222 1
223 1
225 1
226 1
232 2
235 1
237 4
239 1
243 1
246 2
249 2
251 1
253 2
254 1
256 2
257 2
258 1
259 1
260 1
261 1
262 3
263 2
265 1
266 1
267 3
268 4
269 1
271 1
272 1
275 1
276 1
277 2
278 1
279 2
280 1
281 3
282 4
284 3
285 1
287 1
289 1
290 2
291 1
293 2
294 2
298 1
299 1
301 2
303 1
304 3
305 4
307 2
308 2
309 1
310 1
312 2
313 4
314 1
315 1
316 1
317 1
321 1
322 1
323 5
324 1
325 6
326 2
327 4
328 2
329 3
330 3
331 2
332 1
333 3
334 3
336 1
337 2
339 1
340 2
343 1
344 5
345 2
346 4
347 4
348 1
349 2
350 1
351 1
352 1
353 1
354 3
355 1
356 2
357 1
358 1
359 3
364 1
365 1
368 1
369 2
370 2
372 2
374 3
375 1
376 1
377 1
379 1
380 2
382 1
384 1
387 1
390 1
391 3
392 2
393 1
394 6
395 4
396 1
397 1
398 2
399 1
400 3
402 3
403 1
404 2
406 2
407 1
408 1
410 1
411 1
413 1
414 1
417 1
418 2
419 1
421 3
423 2
425 3
432 1
433 1
434 2
435 1
438 1
439 1
440 1
442 1
443 2
445 1
447 1
448 2
449 3
452 2
453 2
455 2
457 1
458 1
461 1
465 1
466 3
469 2
470 1
471 2
473 1
478 1
492 1
494 1
500 2
505 2
508 1
512 1
513 1
516 2
517 1
518 2
519 1
520 2
521 1
525 2
526 1
528 1
531 1
537 1
538 1
541 1
542 1
543 1
549 1
550 3
552 2
554 1
558 1
561 2
565 1
569 1
583 1
585 1
649 1
651 1
652 1
654 2
668 1
676 1
677 1
692 1
701 1
706 1
717 1
