1 3449247
2 3516040
3 2943114
4 2383004
5 1920510
6 1506039
7 1107539
8 743205
9 467265
10 285616
11 189060
12 155993
13 154758
14 173743
15 196882
16 214040
17 222612
18 218941
19 204816
20 180565
21 152391
22 123353
23 94587
24 68186
25 48294
26 33721
27 22703
28 14259
29 9432
30 5787
31 3700
32 2533
33 2040
34 1593
35 1268
36 1230
37 1108
38 914
39 833
40 786
41 639
42 518
43 456
44 319
45 307
46 269
47 233
48 190
49 157
50 126
51 89
52 64
53 55
54 49
55 34
56 25
57 34
58 26
59 42
60 40
61 64
62 83
63 133
64 169
65 245
66 368
67 474
68 673
69 984
70 1348
71 1867
72 2603
73 3681
74 4846
75 6335
76 8363
77 11089
78 14488
79 18363
80 23070
81 28182
82 34182
83 41684
84 49215
85 58372
86 67768
87 78439
88 90587
89 102246
90 114690
91 126426
92 138336
93 149434
94 159917
95 171376
96 181476
97 190670
98 196190
99 202321
100 204379
101 206690
102 207041
103 206780
104 202994
105 198379
106 192478
107 185364
108 177052
109 168848
110 159385
111 149093
112 138863
113 128159
114 118423
115 107173
116 97334
117 86659
118 78895
119 70396
120 62815
121 54492
122 47376
123 41219
124 35213
125 30738
126 25961
127 22204
128 18428
129 15568
130 13190
131 10704
132 8552
133 6966
134 5546
135 4377
136 3595
137 2834
138 2306
139 1772
140 1401
141 1081
142 859
143 680
144 478
145 392
146 279
147 212
148 176
149 128
150 96
151 60
152 61
153 29
154 29
155 27
156 23
157 22
158 6
159 20
160 28
161 24
162 33
163 22
164 37
165 38
166 50
167 57
168 58
169 81
170 106
171 133
172 151
173 137
174 206
175 205
176 208
177 255
178 245
179 305
180 370
181 370
182 447
183 480
184 515
185 586
186 651
187 687
188 758
189 808
190 890
191 901
192 943
193 928
194 991
195 997
196 1081
197 1039
198 1142
199 1035
200 1101
201 1088
202 1057
203 1069
204 1109
205 1076
206 1016
207 1004
208 987
209 940
210 889
211 827
212 853
213 743
214 721
215 635
216 627
217 530
218 550
219 488
220 455
221 394
222 374
223 336
224 300
225 311
226 271
227 261
228 214
229 194
230 209
231 181
232 163
233 125
234 122
235 116
236 97
237 89
238 92
239 67
240 60
241 48
242 38
243 49
244 39
245 32
246 36
247 47
248 36
249 46
250 33
251 36
252 39
253 41
254 30
255 35
256 32
257 18
258 21
259 34
260 25
261 39
262 32
263 41
264 41
265 40
266 56
267 58
268 72
269 79
270 91
271 73
272 112
273 135
274 127
275 148
276 123
277 166
278 157
279 152
280 164
281 180
282 174
283 176
284 165
285 197
286 217
287 211
288 228
289 249
290 231
291 259
292 239
293 239
294 289
295 257
296 237
297 272
298 260
299 252
300 279
301 293
302 283
303 260
304 258
305 247
306 262
307 257
308 272
309 261
310 266
311 274
312 257
313 261
314 244
315 238
316 247
317 239
318 265
319 237
320 239
321 252
322 220
323 226
324 196
325 233
326 201
327 204
328 217
329 224
330 201
331 209
332 201
333 184
334 204
335 207
336 179
337 190
338 180
339 137
340 156
341 138
342 119
343 132
344 126
345 125
346 111
347 97
348 124
349 90
350 90
351 70
352 81
353 94
354 87
355 84
356 65
357 60
358 63
359 56
360 50
361 55
362 39
363 38
364 37
365 40
366 34
367 37
368 39
369 32
370 50
371 46
372 54
373 44
374 42
375 43
376 66
377 46
378 55
379 59
380 81
381 75
382 86
383 83
384 99
385 111
386 116
387 98
388 125
389 137
390 134
391 120
392 129
393 136
394 147
395 130
396 134
397 149
398 137
399 155
400 126
401 124
402 119
403 124
404 122
405 134
406 116
407 112
408 121
409 122
410 96
411 88
412 99
413 105
414 67
415 68
416 94
417 81
418 79
419 59
420 69
421 63
422 69
423 81
424 45
425 59
426 41
427 52
428 57
429 40
430 38
431 42
432 27
433 22
434 44
435 45
436 28
437 23
438 17
439 25
440 19
441 9
442 20
443 18
444 20
445 17
446 23
447 20
448 19
449 12
450 11
451 11
452 10
453 19
454 10
455 8
456 11
457 8
458 19
459 9
460 16
461 15
462 20
463 16
464 19
465 24
466 20
467 25
468 22
469 34
470 23
471 35
472 36
473 31
474 33
475 35
476 34
477 41
478 62
479 37
480 28
481 51
482 38
483 53
484 62
485 65
486 72
487 62
488 60
489 73
490 66
491 82
492 83
493 81
494 61
495 71
496 70
497 86
498 88
499 75
500 81
501 88
502 92
503 90
504 77
505 72
506 93
507 83
508 90
509 64
510 92
511 91
512 99
513 74
514 85
515 75
516 70
517 73
518 73
519 52
520 74
521 78
522 66
523 61
524 65
525 64
526 57
527 59
528 47
529 54
530 54
531 44
532 49
533 48
534 48
535 60
536 31
537 30
538 32
539 38
540 40
541 31
542 22
543 26
544 25
545 20
546 26
547 18
548 16
549 17
550 13
551 12
552 10
553 9
554 7
555 9
556 10
557 6
558 5
559 10
560 9
561 5
562 9
563 10
564 6
565 10
566 9
567 5
568 8
569 12
570 6
571 10
572 8
573 5
574 10
575 8
576 14
577 6
578 5
579 9
580 10
581 15
582 13
583 10
584 11
585 8
586 7
587 11
588 9
589 8
590 7
591 9
592 10
593 10
594 6
595 4
596 17
597 6
598 7
599 15
600 13
601 9
602 8
603 12
604 5
605 4
606 5
607 5
608 8
609 7
610 6
611 8
612 6
613 6
614 4
615 2
616 8
617 10
618 3
619 4
620 6
621 4
622 8
623 4
624 7
625 8
626 7
627 5
628 5
629 5
630 13
631 5
632 6
633 3
634 7
635 12
636 5
637 2
638 7
639 6
640 8
641 7
642 7
643 9
644 11
645 9
646 3
647 3
648 6
649 6
650 9
651 4
652 8
653 12
654 6
655 6
656 10
657 10
658 5
659 2
660 7
661 4
662 4
663 11
664 10
665 7
666 7
667 10
668 10
669 7
670 7
671 3
672 5
673 7
674 6
675 2
676 5
677 4
678 6
679 13
680 7
681 10
682 7
683 9
684 8
685 7
686 5
687 3
688 6
689 3
690 3
691 4
692 7
693 2
694 6
695 7
696 5
697 5
698 2
699 1
700 3
702 5
703 8
704 4
705 7
706 2
707 5
708 3
709 7
710 5
711 3
712 5
713 2
714 1
715 1
716 2
717 2
719 2
720 4
721 3
722 5
723 3
724 1
725 5
726 4
727 4
728 1
729 1
730 2
731 2
732 1
733 2
734 2
735 1
737 1
738 2
740 2
741 1
743 2
745 1
748 1
749 2
751 2
752 1
753 1
756 1
757 1
758 1
759 1
760 1
761 1
762 1
763 5
764 4
765 4
766 4
767 2
768 4
769 2
770 4
771 3
772 4
773 3
774 4
775 5
776 2
777 2
778 3
779 6
780 1
781 3
783 4
784 6
786 5
787 1
788 2
789 3
790 9
791 5
792 3
793 3
794 4
795 4
796 8
797 6
798 1
800 4
801 1
802 1
803 1
804 4
805 3
806 3
808 2
809 1
810 2
811 4
812 5
813 1
814 2
815 6
816 2
817 3
818 2
819 2
820 4
821 2
823 5
824 3
825 2
826 3
827 3
828 3
829 3
830 4
831 2
832 3
833 1
834 1
835 1
836 1
839 1
842 2
846 1
847 2
849 1
850 3
851 3
852 1
853 1
854 1
856 1
858 2
859 2
860 1
861 4
862 2
863 3
864 3
865 3
866 3
868 2
870 1
871 1
873 3
877 2
878 5
880 2
882 2
884 3
885 2
887 2
888 4
889 5
890 2
891 4
892 3
894 2
895 2
897 2
899 2
900 3
901 1
902 3
903 6
904 1
905 2
906 2
908 3
909 1
910 1
911 2
912 3
913 3
914 5
915 1
917 2
919 1
920 2
921 4
922 1
923 3
924 4
926 4
927 1
928 6
929 4
930 1
931 4
932 1
933 1
934 1
935 1
936 2
937 2
940 1
941 1
942 1
944 1
946 1
947 1
950 1
952 1
953 1
954 1
955 1
956 2
957 1
958 1
959 2
960 1
961 1
962 2
963 2
964 1
965 1
966 1
967 2
968 1
969 2
970 2
974 1
975 2
978 1
979 2
980 1
981 1
982 3
983 3
984 2
985 1
986 1
987 3
988 2
989 3
990 3
991 3
992 3
993 7
994 4
995 2
996 1
997 2
999 1
1000 1
1001 3
1002 3
1003 4
1004 1
1005 3
1006 2
1009 2
1010 1
1012 4
1013 5
1014 4
1015 4
1016 3
1017 2
1018 3
1019 1
1021 2
1022 2
1023 1
1024 3
1025 2
1026 1
1027 2
1028 3
1029 3
1030 2
1031 3
1032 1
1034 4
1035 1
1036 1
1037 3
1038 3
1039 3
1040 1
1041 2
1044 2
1045 1
1047 1
1048 3
1051 2
1053 2
1054 1
1055 2
1056 1
1058 2
1059 2
1061 4
1062 1
1063 2
1064 1
1065 3
1069 3
1070 1
1071 2
1072 2
1073 1
1074 2
1076 2
1077 1
1079 1
1080 2
1082 1
1083 2
1084 1
1087 2
1089 4
1090 1
1091 4
1092 4
1093 1
1094 2
1095 7
1096 2
1097 1
1098 1
1099 1
1100 2
1101 2
1102 2
1103 2
1104 4
1105 2
1108 1
1109 1
1110 1
1113 1
1114 1
1115 2
1116 3
1119 1
1120 3
1121 2
1122 1
1123 1
1124 1
1126 1
1127 2
1128 2
1129 1
1130 1
1131 2
1132 1
1134 1
1135 2
1136 1
1139 1
1141 1
1146 1
1149 1
1150 2
1155 1
1156 1
1161 1
1166 1
1167 1
1168 1
1170 2
1172 1
1174 1
1182 1
1184 1
1187 2
1188 1
1193 1
1197 1
1199 2
1200 1
1201 2
1204 1
1205 1
1207 2
1208 1
1210 1
1212 1
1213 1
1218 1
1220 1
1221 1
1223 1
1224 2
1229 1
1230 2
1232 2
1236 1
1238 3
1239 2
1240 2
1241 2
1242 1
1243 2
1244 2
1245 4
1248 1
1249 2
1250 3
1251 3
1253 2
1254 1
1257 1
1259 1
1260 1
1264 1
1267 1
1272 1
1274 1
1275 3
1276 2
1277 4
1281 3
1283 1
1287 1
1290 2
1291 2
1293 3
1294 3
1295 1
1298 3
1300 1
1301 1
1303 1
1304 1
1305 1
1306 1
1307 1
1308 1
1310 1
1312 2
1313 1
1315 1
1316 1
1317 2
1322 3
1324 1
1325 1
1326 1
1328 1
1329 1
1330 2
1334 2
1335 1
1336 1
1339 1
1340 1
1341 2
1343 1
1344 3
1348 2
1349 1
1350 1
1351 1
1355 1
1357 2
1360 2
1361 1
1362 1
1363 2
1364 1
1367 2
1368 2
1369 2
1372 1
1373 2
1374 2
1375 1
1376 1
1378 2
1380 1
1381 2
1382 1
1383 3
1386 1
1387 1
1389 1
1390 3
1391 4
1392 2
1394 3
1395 2
1396 3
1399 5
1400 3
1402 1
1404 1
1405 1
1406 1
1407 1
1410 2
1413 2
1414 1
1415 2
1416 1
1417 1
1419 2
1420 1
1421 1
1422 1
1425 2
1427 1
1428 1
1429 1
1431 1
1432 1
1434 1
1435 2
1436 2
1437 2
1442 1
1447 1
1448 1
1449 1
1451 2
1457 1
1459 1
1460 1
1463 1
1464 1
1470 1
1474 1
1487 1
1493 1
1496 1
1505 2
1506 1
1511 1
1513 1
1515 1
1532 1
1542 1
1544 1
1549 2
1551 1
1552 2
1553 1
1556 1
1557 1
1558 1
1559 1
1564 2
1566 1
1569 1
1572 3
1576 1
1580 1
1581 1
1582 1
1584 1
1586 1
1587 1
1590 2
1597 1
1600 1
1601 1
1602 1
1604 1
1605 1
1606 1
1607 1
1609 1
1610 2
1611 1
1612 1
1617 1
1618 1
1622 1
1628 1
1629 3
1631 1
1635 1
1638 1
1639 1
1644 2
1646 2
1648 1
1651 1
1653 1
1655 1
1657 1
1659 1
1660 3
1661 2
1664 1
1665 2
1666 1
1667 1
1668 1
1673 1
1677 1
1681 2
1682 2
1685 5
1686 2
1692 1
1693 1
1700 1
1701 1
1718 1
1719 1
1722 1
1729 1
1735 1
1742 1
1745 1
1746 1
1747 1
1752 2
1754 1
1759 1
1760 1
1778 1
1789 1
1796 1
1797 1
1798 1
1801 1
1803 1
1804 2
1805 2
1813 1
1814 1
1820 1
1822 1
1825 2
1827 1
1846 1
1847 1
1848 1
1849 1
1853 2
1854 1
1858 1
1861 1
1863 1
1864 1
1865 1
1867 1
1868 3
1869 1
1870 2
1876 2
1882 1
1886 1
1909 1
1915 1
1968 1
1969 1
1983 1
2014 1
2016 1
2054 1
2069 2
2072 1
2081 1
2087 1
2090 1
2092 1
2136 1
2138 1
2150 1
2156 1
2192 2
2203 1
2210 1
2214 1
2216 1
2233 1
2248 1
2280 1
2294 2
2301 1
2305 1
2310 2
2311 1
2331 1
2348 1
2354 1
2364 1
2378 1
2379 1
2381 1
2395 1
2401 1
2403 1
2405 1
2406 2
2410 1
2421 1
2433 1
2435 1
2436 1
2437 2
2440 1
2444 1
2449 1
2450 1
2453 2
2458 1
2459 1
2482 1
2485 1
2486 1
2487 1
2521 1
2530 1
2532 1
2539 1
2540 2
2549 1
2585 1
2594 1
2600 1
2665 1
2680 1
2686 1
2690 1
2693 1
2696 1
2782 1
2783 1
2784 1
2787 1
2793 1
2807 1
2811 1
2813 1
2815 1
2821 1
2822 1
2825 1
2834 1
2838 1
2839 1
2840 1
2869 1
2881 2
2893 1
2898 1
2899 1
2900 1
2903 1
2908 2
2912 1
2913 1
2915 1
2917 1
2929 1
2932 1
2933 1
2935 1
2936 2
2939 2
2944 1
2945 2
2947 1
2961 1
2964 1
2967 1
2981 1
2984 1
2985 1
2988 1
2991 1
2993 2
2997 2
3000 1
3002 1
3018 1
3025 1
3030 1
3032 1
3057 1
3065 1
3079 2
3094 1
3101 1
3121 2
3126 1
3127 1
3132 1
3133 1
3150 1
3172 1
3173 1
3174 1
3176 2
3178 1
3188 1
3198 1
3202 1
3207 3
3208 1
3222 1
3226 1
3230 1
3235 1
3241 1
3253 2
3290 1
3291 1
3292 1
3359 1
3367 1
3374 1
3375 1
3382 1
3391 1
3400 1
3419 1
3427 1
3428 1
3433 1
3440 1
3465 1
3466 1
3476 1
3480 1
3484 1
3493 1
3494 1
3503 1
3515 1
3519 1
3526 1
3528 1
3529 2
3533 1
3534 1
3537 1
3538 1
3539 1
3540 2
3541 1
3543 1
3547 1
3550 1
3553 1
3582 1
3600 1
3601 1
3604 1
3605 1
3620 1
3621 3
3623 2
3625 1
3626 1
3627 2
3633 2
3639 2
3664 1
3667 1
3678 1
3680 1
3689 1
3690 1
3713 1
3719 1
3725 1
3731 1
3733 1
3737 1
3738 1
3752 2
3795 1
3798 1
3800 1
3827 1
3830 1
3856 1
3857 1
3865 1
3891 1
3896 1
3899 1
3907 1
3910 1
3913 2
3915 1
3917 1
3919 1
3920 1
3922 1
3926 1
3932 2
3934 1
3936 1
3949 1
3988 1
3991 1
4006 1
4007 1
4027 1
4032 1
4062 1
4089 1
4138 1
4155 1
4158 1
4174 1
4212 1
4215 1
4233 1
4234 1
4243 1
4247 1
4319 1
4321 1
4399 1
4479 1
4481 1
4482 1
4499 1
4507 2
4512 1
4517 1
4533 1
4536 1
4538 1
4562 1
4587 1
4599 1
4607 1
4613 1
4624 1
4627 1
4634 1
4637 1
4687 1
4749 1
4755 1
4760 1
4775 1
4778 1
4784 1
4839 1
4846 2
4859 1
4866 1
4868 1
4877 1
4882 1
4937 1
4951 1
5042 1
5051 1
5079 1
5178 1
5753 1
5754 1
5771 1
5780 1
5795 1
5970 1
5984 1
5997 1
6143 1
6240 1
6269 1
6360 1
