1 198341
2 570254
3 1104190
4 1622572
5 1927933
6 1963041
7 1759233
8 1466817
9 1209683
10 1034652
11 971221
12 989267
13 1062745
14 1151070
15 1222357
16 1266624
17 1269816
18 1226363
19 1152423
20 1043154
21 915006
22 771608
23 636446
24 509261
25 397738
26 301830
27 221347
28 157850
29 111434
30 78636
31 54093
32 37539
33 26371
34 18324
35 13485
36 10144
37 7839
38 6891
39 6041
40 5251
41 5031
42 4671
43 4351
44 4114
45 3631
46 3371
47 2844
48 2769
49 2403
50 2037
51 1752
52 1614
53 1542
54 1524
55 1428
56 1382
57 1270
58 1282
59 1237
60 1225
61 1139
62 1013
63 1155
64 1110
65 1041
66 1095
67 1018
68 997
69 944
70 991
71 1002
72 995
73 951
74 949
75 944
76 880
77 885
78 897
79 859
80 752
81 802
82 772
83 753
84 729
85 640
86 545
87 604
88 543
89 479
90 432
91 389
92 349
93 365
94 322
95 259
96 277
97 291
98 268
99 240
100 193
101 194
102 174
103 188
104 203
105 209
106 204
107 174
108 169
109 145
110 163
111 156
112 152
113 118
114 153
115 177
116 187
117 146
118 156
119 130
120 147
121 117
122 123
123 124
124 122
125 105
126 86
127 89
128 86
129 100
130 89
131 94
132 94
133 70
134 79
135 95
136 65
137 51
138 64
139 51
140 88
141 72
142 78
143 71
144 84
145 93
146 75
147 98
148 86
149 85
150 84
151 96
152 90
153 83
154 91
155 98
156 72
157 46
158 57
159 55
160 54
161 53
162 41
163 53
164 56
165 59
166 59
167 56
168 57
169 57
170 48
171 54
172 48
173 58
174 44
175 47
176 33
177 33
178 41
179 39
180 43
181 32
182 37
183 44
184 35
185 40
186 38
187 41
188 37
189 44
190 56
191 30
192 34
193 31
194 30
195 28
196 49
197 40
198 30
199 44
200 46
201 27
202 35
203 34
204 37
205 35
206 27
207 28
208 21
209 20
210 14
211 14
212 20
213 17
214 10
215 8
216 12
217 9
218 7
219 8
220 12
221 17
222 15
223 6
224 8
225 10
226 13
227 8
228 12
229 2
230 9
231 5
232 8
233 5
234 11
235 7
236 7
237 5
238 8
239 7
240 7
241 5
242 4
243 5
244 8
245 8
246 7
247 4
248 7
249 6
250 3
251 6
252 3
253 2
255 1
256 5
258 4
259 2
260 1
263 5
264 3
265 3
266 6
267 5
268 1
269 1
270 2
271 2
272 2
273 1
274 1
275 2
277 4
278 5
279 3
280 3
281 3
282 3
283 8
284 3
285 6
286 4
287 4
288 8
289 5
290 9
291 12
292 1
293 7
294 3
296 5
297 6
298 8
299 6
300 9
301 3
302 3
303 6
304 5
305 4
306 2
307 3
308 3
309 1
310 5
311 2
312 4
313 3
314 1
316 5
317 1
318 1
319 7
320 3
321 1
322 1
323 2
324 1
325 1
326 1
327 1
328 3
332 1
333 1
334 2
335 1
337 3
339 1
340 1
343 1
344 1
346 3
347 1
348 2
349 2
353 1
354 2
356 2
357 2
358 1
359 1
362 2
364 1
365 2
366 1
367 1
368 1
369 1
373 1
377 3
378 2
381 2
383 3
384 1
386 2
387 1
388 1
389 2
390 1
391 1
392 1
393 1
394 1
396 3
400 1
404 2
405 1
406 1
407 2
409 3
410 1
411 1
412 3
413 3
414 2
415 1
416 6
417 5
418 5
419 4
421 1
423 1
425 1
427 1
428 1
429 1
431 1
432 1
434 1
438 1
440 2
442 2
444 1
445 1
446 1
448 1
449 1
450 3
452 2
453 2
455 5
456 1
457 1
458 2
459 2
460 2
461 1
462 4
463 1
464 1
468 3
469 2
470 2
472 1
473 3
474 2
475 1
477 2
478 3
480 1
481 1
483 2
485 1
486 1
488 1
489 1
491 1
492 1
493 3
495 2
496 4
497 1
500 3
501 2
504 1
505 1
507 3
508 1
509 2
510 2
511 1
517 1
518 1
520 2
521 1
522 1
524 2
525 2
526 1
527 1
528 2
529 2
530 1
532 1
533 1
534 2
535 1
537 1
538 1
539 2
540 1
542 2
544 2
545 4
547 1
548 2
549 2
550 1
553 2
556 1
563 1
567 2
571 1
574 1
576 1
577 1
578 1
581 2
583 2
585 1
586 1
588 2
589 3
591 2
593 1
594 1
595 2
596 1
597 1
598 1
600 1
602 1
605 1
606 1
608 1
611 3
617 1
618 1
620 1
627 1
630 1
631 1
641 1
647 1
648 1
657 1
673 1
685 1
687 1
688 1
694 1
695 1
697 1
698 1
699 1
700 3
701 1
702 1
703 1
705 1
715 1
717 2
719 1
720 1
721 1
722 2
723 1
724 1
726 1
727 2
729 1
739 1
744 1
747 1
757 1
760 1
763 1
778 1
781 1
791 1
795 2
809 1
813 1
818 1
820 1
824 1
831 1
842 1
849 1
856 1
886 2
891 1
892 1
893 1
896 1
901 1
902 1
903 1
904 2
908 1
909 1
910 1
911 1
912 2
926 2
1560 1
1564 1
1568 2
1570 1
1571 1
1574 1
1578 1
1579 1
1591 1
