1 1610
2 7932
3 29347
4 80117
5 180145
6 343292
7 563619
8 819357
9 1056137
10 1234013
11 1321570
12 1305573
13 1208963
14 1054147
15 879540
16 704202
17 562285
18 453016
19 386697
20 347666
21 334051
22 339387
23 361992
24 394033
25 434337
26 480416
27 530508
28 582532
29 632724
30 677146
31 714385
32 744493
33 763565
34 773062
35 774364
36 759914
37 740516
38 709811
39 671062
40 623020
41 570127
42 515449
43 459799
44 406346
45 349708
46 299248
47 252366
48 210917
49 174430
50 142186
51 114034
52 91474
53 71702
54 56856
55 44337
56 34447
57 26952
58 21081
59 16274
60 12756
61 9998
62 7984
63 6536
64 5592
65 4870
66 4466
67 4067
68 3855
69 3634
70 3410
71 3365
72 3213
73 3082
74 3040
75 3154
76 3071
77 3093
78 3052
79 2949
80 2825
81 2710
82 2616
83 2544
84 2374
85 2209
86 2075
87 2025
88 1798
89 1693
90 1641
91 1411
92 1306
93 1302
94 1169
95 1132
96 1099
97 957
98 958
99 895
100 879
101 812
102 799
103 754
104 702
105 734
106 728
107 732
108 763
109 709
110 736
111 752
112 706
113 639
114 587
115 609
116 583
117 583
118 620
119 596
120 542
121 527
122 555
123 579
124 524
125 502
126 515
127 499
128 483
129 460
130 424
131 451
132 439
133 470
134 403
135 432
136 461
137 451
138 500
139 481
140 481
141 535
142 556
143 563
144 523
145 550
146 540
147 545
148 610
149 584
150 614
151 556
152 579
153 501
154 551
155 497
156 498
157 477
158 474
159 442
160 433
161 415
162 438
163 383
164 378
165 366
166 343
167 297
168 289
169 268
170 259
171 238
172 259
173 237
174 218
175 226
176 236
177 188
178 204
179 194
180 162
181 169
182 181
183 164
184 150
185 144
186 132
187 144
188 128
189 145
190 134
191 150
192 107
193 101
194 105
195 101
196 90
197 67
198 79
199 83
200 88
201 76
202 98
203 108
204 101
205 97
206 84
207 103
208 93
209 126
210 125
211 106
212 98
213 108
214 90
215 89
216 81
217 73
218 66
219 60
220 73
221 71
222 76
223 61
224 76
225 64
226 75
227 77
228 64
229 84
230 74
231 66
232 63
233 69
234 53
235 55
236 81
237 76
238 75
239 61
240 80
241 64
242 76
243 90
244 68
245 64
246 86
247 66
248 73
249 48
250 51
251 68
252 61
253 47
254 73
255 55
256 54
257 39
258 60
259 51
260 47
261 41
262 45
263 51
264 55
265 40
266 46
267 53
268 37
269 47
270 33
271 41
272 40
273 35
274 34
275 43
276 43
277 38
278 31
279 46
280 39
281 46
282 40
283 50
284 54
285 40
286 52
287 54
288 50
289 44
290 47
291 40
292 43
293 44
294 49
295 51
296 48
297 36
298 24
299 31
300 29
301 29
302 27
303 23
304 20
305 25
306 23
307 35
308 30
309 23
310 31
311 20
312 36
313 36
314 38
315 36
316 28
317 21
318 33
319 23
320 27
321 31
322 31
323 36
324 27
325 26
326 34
327 23
328 28
329 27
330 23
331 29
332 18
333 21
334 21
335 20
336 22
337 43
338 23
339 21
340 28
341 15
342 28
343 23
344 26
345 34
346 26
347 27
348 38
349 28
350 30
351 51
352 26
353 33
354 38
355 42
356 41
357 42
358 48
359 39
360 42
361 35
362 33
363 35
364 36
365 38
366 46
367 23
368 41
369 24
370 29
371 31
372 28
373 34
374 39
375 35
376 35
377 28
378 22
379 32
380 23
381 33
382 28
383 18
384 17
385 24
386 24
387 15
388 23
389 26
390 11
391 12
392 12
393 6
394 4
395 13
396 12
397 14
398 9
399 9
400 8
401 8
402 6
403 10
404 7
405 10
406 13
407 4
408 12
409 4
410 8
411 8
412 1
413 3
414 7
415 3
416 5
417 1
418 6
419 4
420 4
421 1
422 7
423 7
424 8
425 6
426 6
427 8
428 4
429 2
430 6
431 4
432 7
433 8
434 1
435 6
436 9
437 4
438 4
439 3
440 3
441 6
442 3
443 6
444 5
445 3
446 4
447 5
449 6
450 7
451 3
452 5
453 2
454 5
455 4
456 2
457 2
459 3
460 2
461 5
462 4
463 3
464 5
465 4
466 5
467 1
468 4
469 1
470 2
471 2
472 3
474 4
475 4
476 1
477 3
478 3
479 1
480 1
481 3
482 4
483 1
484 3
485 3
486 4
487 2
488 3
489 3
491 1
492 2
493 2
495 1
496 1
498 1
499 1
500 1
501 1
503 3
504 2
505 4
506 2
507 1
508 5
509 1
510 2
511 4
512 5
513 5
514 1
515 5
516 5
518 1
519 2
521 1
522 1
523 4
524 4
526 2
528 1
530 1
531 1
532 1
534 1
536 2
537 2
538 2
539 1
540 1
541 1
542 1
543 1
544 1
546 4
547 3
548 1
549 1
550 4
551 2
552 1
553 1
555 3
556 1
558 1
559 2
560 2
561 3
562 1
564 2
565 5
566 2
567 2
568 5
569 3
570 5
571 1
572 2
573 4
574 2
576 1
577 2
578 1
579 2
580 1
581 2
582 1
585 2
589 3
591 1
595 2
596 3
597 1
598 1
599 1
600 7
601 1
602 3
603 5
604 2
605 4
606 2
607 1
608 3
609 1
610 3
611 4
612 5
613 3
615 3
616 4
617 2
618 1
620 2
621 2
622 2
623 1
626 2
627 1
628 1
629 3
630 1
631 2
632 2
633 3
634 3
635 3
636 3
637 2
638 3
639 1
640 1
641 1
642 2
643 1
644 1
645 2
647 1
649 2
650 2
651 2
652 1
653 2
654 2
655 2
656 1
657 2
658 1
660 1
661 1
662 1
665 1
668 1
670 1
671 2
672 1
673 1
676 1
682 1
684 2
686 2
691 1
692 2
694 2
696 2
697 2
707 1
709 1
711 1
712 2
714 1
715 1
716 2
717 1
719 1
721 1
722 1
723 1
725 4
727 2
728 2
729 1
735 1
737 1
741 1
744 2
746 3
752 1
756 1
762 1
764 2
772 1
786 1
792 1
795 1
796 2
798 2
805 1
811 1
813 2
814 2
816 2
818 1
828 1
829 1
830 1
833 1
836 1
838 1
839 1
843 1
844 3
845 1
847 2
848 2
850 1
851 1
852 3
853 1
854 2
855 1
856 1
857 1
858 4
859 1
861 2
863 3
867 1
868 1
869 1
871 3
872 1
875 1
876 2
877 2
878 2
880 2
883 1
884 1
889 2
891 1
892 1
897 1
898 3
903 1
905 1
909 1
911 1
912 1
913 1
914 1
915 1
918 1
923 1
924 1
932 1
936 1
937 2
938 4
940 1
941 1
943 1
948 1
949 3
950 1
953 1
954 1
955 1
957 1
960 1
962 1
964 1
965 1
979 1
980 1
981 2
984 1
986 2
988 1
989 1
991 2
992 1
993 1
997 1
999 1
1001 2
1003 2
1004 1
1005 1
1006 1
1017 1
1018 1
1021 1
1025 3
1027 1
1034 2
1035 3
1036 1
1037 1
1051 2
1054 1
1055 1
1057 2
1058 1
1059 1
1061 1
1062 1
1063 1
1066 1
1067 1
1068 1
1071 1
1072 1
1075 1
1076 1
1080 2
1082 1
1084 2
1085 1
1087 1
1088 1
1089 1
1090 1
1093 1
1100 1
1103 1
1104 3
1107 1
1108 1
1112 3
1113 1
1121 1
1122 1
1125 1
1128 1
1129 1
1130 1
1131 1
1137 1
1138 2
1141 2
1142 1
1144 1
1145 1
1148 2
1152 1
1153 1
1155 1
1161 1
1162 1
1165 1
1167 1
1168 1
1169 1
1170 1
1172 1
1173 1
1177 1
1181 1
1182 1
1184 1
1186 1
1190 1
1201 1
1219 1
1228 1
1233 1
1236 1
1239 1
1254 1
1273 1
1276 1
1282 1
1283 2
1292 1
1293 1
1308 1
1314 1
1317 1
1320 1
1332 1
1335 1
1336 1
1337 1
1348 1
1363 1
1382 1
1392 1
1397 1
1399 1
1402 1
1403 2
1411 1
1412 2
1414 1
1416 2
1418 2
1430 1
1437 1
1439 1
1441 1
1448 1
1450 1
1458 1
1460 2
1461 1
1467 2
1483 1
1486 1
1495 1
1507 1
1510 1
1536 1
1538 1
1711 1
1714 1
1718 1
1720 1
1722 1
1724 2
1727 1
1729 1
1734 3
1736 3
1739 2
1741 1
1742 1
1743 1
1745 1
1754 1
1758 1
1760 1
1783 1
1790 1
1801 1
1803 1
1819 1
3211 1
3213 1
3216 1
3219 1
3220 1
3228 1
3230 1
3232 1
3233 2
