1 3847372
2 3720645
3 3021818
4 2375906
5 1821610
6 1324021
7 887348
8 553062
9 344073
10 231833
11 193002
12 195162
13 210240
14 225934
15 235222
16 228787
17 212457
18 185372
19 153955
20 122293
21 92265
22 65959
23 46378
24 30905
25 20496
26 13151
27 7938
28 4954
29 3223
30 2275
31 1815
32 1456
33 1152
34 987
35 956
36 803
37 677
38 486
39 421
40 310
41 241
42 145
43 100
44 95
45 105
46 92
47 66
48 46
49 47
50 50
51 41
52 62
53 68
54 86
55 117
56 185
57 347
58 508
59 750
60 1157
61 1718
62 2423
63 3389
64 4656
65 6553
66 8771
67 11633
68 15113
69 19086
70 24479
71 30554
72 37251
73 45429
74 55313
75 65593
76 76646
77 88474
78 102344
79 116582
80 129815
81 144121
82 157284
83 169846
84 180667
85 192334
86 202497
87 208803
88 216324
89 220588
90 222675
91 222501
92 220469
93 217370
94 209922
95 202792
96 192963
97 181811
98 170275
99 157596
100 146221
101 134418
102 123837
103 111471
104 100605
105 90307
106 80609
107 71028
108 61369
109 53457
110 46080
111 39163
112 33814
113 28031
114 23624
115 19745
116 16457
117 13661
118 11264
119 9101
120 7073
121 5639
122 4432
123 3291
124 2596
125 2039
126 1603
127 1083
128 805
129 640
130 419
131 306
132 238
133 180
134 143
135 100
136 92
137 73
138 74
139 41
140 50
141 42
142 61
143 51
144 74
145 69
146 83
147 93
148 103
149 117
150 137
151 149
152 160
153 220
154 233
155 300
156 379
157 332
158 392
159 419
160 454
161 414
162 514
163 521
164 601
165 625
166 759
167 744
168 828
169 809
170 888
171 919
172 1044
173 1068
174 1147
175 1150
176 1177
177 1206
178 1222
179 1233
180 1235
181 1220
182 1174
183 1135
184 1065
185 1028
186 911
187 923
188 907
189 895
190 767
191 750
192 679
193 664
194 573
195 544
196 498
197 422
198 436
199 405
200 354
201 335
202 284
203 285
204 260
205 222
206 203
207 185
208 156
209 118
210 120
211 109
212 97
213 67
214 60
215 46
216 56
217 48
218 36
219 33
220 30
221 33
222 37
223 31
224 25
225 29
226 28
227 27
228 39
229 41
230 32
231 36
232 44
233 37
234 36
235 63
236 67
237 66
238 51
239 59
240 55
241 74
242 65
243 84
244 82
245 96
246 110
247 122
248 142
249 154
250 141
251 198
252 169
253 182
254 194
255 243
256 256
257 281
258 261
259 264
260 263
261 348
262 270
263 336
264 302
265 315
266 331
267 351
268 329
269 352
270 323
271 306
272 309
273 318
274 296
275 322
276 277
277 274
278 309
279 297
280 281
281 256
282 266
283 265
284 270
285 285
286 256
287 238
288 249
289 263
290 252
291 236
292 251
293 245
294 219
295 237
296 204
297 238
298 187
299 212
300 216
301 173
302 169
303 175
304 163
305 169
306 162
307 157
308 146
309 146
310 136
311 112
312 112
313 126
314 124
315 101
316 117
317 85
318 95
319 104
320 97
321 111
322 85
323 65
324 95
325 94
326 73
327 61
328 89
329 77
330 84
331 83
332 94
333 100
334 101
335 97
336 89
337 97
338 91
339 76
340 73
341 93
342 107
343 115
344 101
345 86
346 99
347 105
348 100
349 94
350 109
351 121
352 96
353 90
354 99
355 119
356 107
357 135
358 117
359 125
360 132
361 128
362 131
363 126
364 119
365 118
366 122
367 99
368 117
369 111
370 77
371 98
372 82
373 74
374 81
375 68
376 56
377 44
378 63
379 48
380 32
381 34
382 45
383 34
384 37
385 21
386 32
387 24
388 30
389 20
390 25
391 23
392 20
393 24
394 25
395 27
396 22
397 11
398 21
399 16
400 19
401 18
402 17
403 22
404 14
405 24
406 16
407 19
408 20
409 20
410 28
411 29
412 31
413 26
414 14
415 31
416 35
417 36
418 36
419 63
420 64
421 50
422 72
423 51
424 56
425 62
426 55
427 47
428 60
429 78
430 66
431 60
432 73
433 79
434 80
435 83
436 77
437 84
438 70
439 99
440 71
441 80
442 96
443 94
444 77
445 96
446 83
447 61
448 78
449 84
450 73
451 79
452 100
453 97
454 73
455 88
456 117
457 99
458 101
459 76
460 78
461 81
462 76
463 63
464 77
465 73
466 64
467 57
468 57
469 56
470 57
471 60
472 60
473 55
474 55
475 38
476 43
477 45
478 30
479 45
480 48
481 30
482 33
483 38
484 34
485 32
486 25
487 23
488 18
489 16
490 20
491 19
492 10
493 21
494 15
495 15
496 16
497 17
498 17
499 10
500 10
501 9
502 8
503 13
504 9
505 11
506 15
507 14
508 7
509 8
510 7
511 6
512 9
513 9
514 12
515 7
516 5
517 4
518 8
519 4
520 7
521 8
522 9
523 9
524 5
525 11
526 4
527 6
528 7
529 10
530 4
531 9
532 11
533 12
534 11
535 8
536 10
537 11
538 13
539 7
540 9
541 6
542 9
543 7
544 8
545 7
546 11
547 12
548 4
549 4
550 6
551 8
552 12
553 14
554 12
555 10
556 13
557 4
558 12
559 6
560 11
561 4
562 5
563 9
564 5
565 9
566 8
567 7
568 10
569 12
570 9
571 8
572 16
573 9
574 9
575 3
576 10
577 5
578 8
579 3
580 6
581 13
582 5
583 4
584 5
585 4
586 5
587 7
588 6
589 8
590 10
591 10
592 1
593 10
594 11
595 10
596 4
597 3
598 4
599 8
600 6
601 4
602 3
603 8
604 3
605 5
606 3
607 6
608 8
609 1
610 2
611 2
612 5
613 5
614 3
615 6
616 7
617 5
618 6
619 7
620 6
621 3
622 6
623 4
624 3
625 5
626 5
627 5
628 5
629 7
630 1
631 4
632 7
633 4
634 6
635 3
636 4
637 6
638 8
639 5
640 2
641 9
642 10
643 3
644 5
645 5
646 6
647 4
648 3
649 3
650 5
652 3
653 3
654 2
655 2
657 1
659 2
661 2
664 2
665 5
666 7
667 4
669 5
670 2
671 4
672 2
673 2
674 3
675 3
676 2
677 1
678 2
679 2
680 2
681 2
682 2
683 1
684 1
687 2
688 3
690 1
691 7
692 4
693 1
694 3
695 6
696 2
697 3
698 4
699 4
700 4
701 5
702 9
703 1
704 1
705 5
706 3
707 2
708 1
709 1
711 2
712 2
713 3
714 1
715 1
716 5
717 4
718 4
719 3
720 4
721 1
722 2
723 3
724 2
725 2
726 4
727 2
728 2
729 4
730 3
731 5
732 4
733 2
734 8
735 4
736 2
737 3
738 2
739 10
740 3
741 4
742 4
743 1
744 3
745 5
746 2
747 2
748 2
749 4
750 2
751 1
754 3
757 1
758 2
760 3
761 1
762 3
763 1
764 1
765 3
766 2
767 1
769 1
770 1
772 1
773 3
775 2
776 3
777 5
778 2
779 2
780 3
781 2
782 3
783 2
784 4
785 4
786 1
787 2
791 2
792 1
793 1
794 1
795 1
798 1
799 1
800 2
802 2
803 1
804 2
805 1
806 4
807 4
808 3
809 3
810 1
811 2
812 2
813 3
814 1
815 4
816 6
817 6
818 3
819 1
820 3
822 3
823 3
824 3
825 2
826 3
827 3
828 3
829 3
830 2
831 3
833 2
834 2
835 1
837 4
838 5
839 1
840 3
842 2
843 1
844 2
845 1
847 4
848 2
849 1
850 1
851 1
853 4
854 1
856 2
857 2
858 3
859 2
861 2
862 3
863 3
864 2
866 5
868 1
869 2
870 1
871 2
872 4
873 4
874 3
875 5
876 1
877 2
878 1
879 1
881 1
882 2
883 3
884 1
885 3
886 1
887 1
889 7
890 2
893 2
894 2
895 1
896 4
897 2
898 1
899 2
900 1
902 1
903 2
904 2
905 2
906 2
907 1
908 1
910 1
911 1
912 1
913 2
914 2
915 3
916 2
917 2
920 1
921 3
922 3
923 3
924 2
925 7
926 2
927 5
928 3
929 6
930 7
931 1
932 1
933 3
934 3
935 3
936 4
937 2
938 2
939 2
940 3
941 5
943 5
947 2
948 1
949 1
951 3
952 1
953 2
954 3
955 1
956 1
957 4
958 3
962 1
963 1
964 4
965 1
966 4
967 2
968 1
969 1
970 2
971 3
972 1
973 2
978 1
979 1
981 2
982 2
984 2
987 2
988 2
989 3
990 2
993 3
994 3
996 1
997 2
998 1
1001 1
1003 1
1005 2
1006 1
1007 1
1008 1
1009 2
1012 2
1014 1
1016 1
1022 2
1025 2
1028 1
1031 1
1036 1
1037 1
1038 2
1039 1
1040 1
1043 1
1044 1
1046 2
1047 1
1048 1
1052 1
1053 1
1054 1
1055 2
1056 1
1057 2
1059 1
1060 1
1062 2
1063 1
1064 1
1068 1
1069 1
1070 2
1071 1
1072 1
1073 2
1074 4
1075 4
1077 2
1078 1
1080 1
1081 1
1083 1
1084 1
1087 1
1088 2
1091 1
1093 1
1094 1
1098 1
1099 1
1102 3
1103 1
1104 1
1105 1
1106 1
1107 1
1108 2
1109 3
1110 2
1113 1
1115 1
1116 2
1117 1
1118 3
1119 2
1120 1
1121 1
1122 1
1123 2
1125 1
1128 2
1129 1
1130 1
1133 1
1134 1
1137 1
1142 1
1144 2
1146 1
1147 1
1148 2
1151 1
1153 1
1154 1
1156 2
1157 1
1158 3
1159 1
1162 1
1163 1
1165 1
1166 2
1167 1
1169 1
1170 1
1171 1
1172 1
1176 1
1181 1
1182 1
1183 1
1184 1
1185 1
1187 2
1188 1
1189 1
1192 1
1194 2
1195 2
1197 2
1198 2
1199 1
1202 1
1203 2
1204 2
1206 2
1207 1
1208 2
1209 2
1210 1
1211 2
1212 3
1213 2
1214 1
1215 1
1216 1
1217 2
1219 1
1220 1
1221 1
1222 2
1223 1
1224 2
1226 1
1227 2
1228 2
1229 1
1230 2
1231 3
1233 4
1234 1
1235 1
1236 2
1237 5
1238 3
1239 3
1240 2
1242 2
1245 1
1248 1
1250 1
1254 1
1256 1
1259 1
1260 1
1261 2
1263 1
1264 1
1265 1
1269 3
1270 1
1271 3
1272 2
1273 1
1274 1
1276 1
1277 2
1278 1
1281 1
1282 2
1283 1
1284 1
1285 1
1287 1
1292 1
1293 2
1295 1
1307 1
1308 1
1309 1
1318 1
1319 1
1321 1
1323 1
1329 2
1332 1
1337 1
1338 1
1339 1
1340 1
1343 1
1345 2
1349 1
1350 1
1351 1
1354 1
1356 2
1360 1
1362 1
1368 1
1370 1
1372 1
1373 1
1374 1
1382 1
1385 2
1389 2
1390 2
1392 1
1393 2
1395 1
1396 2
1401 2
1402 1
1404 2
1410 2
1411 1
1412 1
1413 1
1414 1
1417 1
1418 2
1420 2
1421 2
1422 1
1423 2
1424 2
1425 2
1426 4
1427 1
1428 1
1429 1
1430 1
1431 2
1433 1
1435 2
1440 1
1443 1
1444 2
1448 1
1449 2
1450 1
1454 3
1459 1
1467 1
1468 1
1469 1
1472 1
1475 3
1478 1
1479 1
1480 1
1482 1
1483 1
1488 1
1489 1
1493 3
1497 1
1499 1
1501 1
1507 1
1509 1
1523 2
1528 1
1529 1
1535 1
1547 1
1550 1
1553 1
1560 1
1564 2
1567 5
1569 2
1570 2
1572 1
1573 2
1575 1
1576 2
1584 1
1586 1
1618 1
1619 1
1620 1
1636 1
1667 1
1668 1
1675 1
1680 1
1682 2
1683 1
1684 2
1685 2
1687 1
1689 2
1692 1
1694 1
1696 3
1697 1
1704 1
1721 1
1727 1
1728 1
1731 1
1766 1
1786 1
1810 1
1818 1
1819 1
1872 1
1875 1
1877 1
1890 1
1900 1
1902 1
1921 1
1925 1
1941 1
1946 1
1955 1
1961 1
1970 1
1978 1
1988 1
1991 1
1994 1
1995 1
2013 1
2020 1
2047 1
2057 1
2059 1
2066 1
2068 1
2071 1
2094 1
2095 1
2104 1
2125 1
2132 1
2137 1
2149 2
2151 1
2152 1
2155 1
2157 3
2160 1
2169 1
2172 1
2191 1
2195 2
2197 1
2199 1
2200 1
2207 2
2208 1
2209 1
2213 1
2214 1
2220 1
2229 1
2237 1
2239 1
2298 1
2300 1
2301 1
2306 1
2310 1
2312 1
2316 1
2374 1
2432 1
2445 1
2452 1
2456 1
2459 1
2461 1
2467 1
2475 1
2484 1
2486 1
2489 1
2491 1
2496 1
2497 1
2498 1
2499 1
2511 1
2531 1
2535 2
2549 1
2550 1
2551 1
2553 1
2554 1
2556 1
2558 1
2559 2
2560 1
2561 1
2562 1
2565 3
2566 1
2569 2
2572 2
2574 3
2575 2
2576 1
2578 1
2586 1
2588 1
2601 1
2626 1
2631 1
2637 1
2676 5
2677 1
2680 1
2682 1
2687 1
2725 1
2728 1
2731 1
2734 1
2759 1
2764 1
2767 1
2769 2
2773 1
2791 1
2810 1
2815 1
2821 1
2822 2
2824 1
2827 1
2828 1
2829 1
2830 1
2832 1
2833 1
2837 1
2838 2
2847 1
2860 1
2865 1
2868 1
2870 1
2881 1
2882 1
2885 1
2887 1
2888 1
2934 1
2938 1
2942 1
2969 1
2973 1
2976 1
2977 1
2982 1
2986 1
2988 1
3012 1
3020 2
3021 1
3022 1
3025 1
3026 2
3033 2
3036 1
3046 1
3049 1
3057 1
3067 1
3073 1
3075 1
3078 1
3081 1
3084 1
3088 1
3089 1
3090 1
3098 1
3102 1
3108 1
3110 1
3133 1
3135 1
3142 1
3144 1
3147 1
3148 1
3150 1
3155 1
3156 1
3184 1
3185 1
3192 1
3195 1
3201 1
3213 1
3220 1
3242 1
3244 1
3247 1
3276 1
3278 1
3282 1
3283 3
3285 1
3288 1
3291 1
3293 1
3297 1
3304 1
3319 1
3325 1
3332 1
3341 1
3344 1
3352 1
3364 1
3369 2
3370 1
3394 1
3398 1
3399 1
3406 1
3407 1
3408 1
3416 1
3417 1
3418 1
3419 1
3426 1
3431 1
3434 1
3483 1
3488 1
3489 1
3495 1
3497 1
3502 2
3503 1
3506 1
3510 1
3516 1
3518 1
3519 1
3524 1
3525 1
3575 1
3578 1
3608 1
3657 1
3681 1
3732 1
3756 2
3758 1
3774 1
3780 1
3789 1
3859 1
3862 1
3880 1
3954 1
3958 1
3964 1
3966 1
4054 1
4058 1
4064 1
4069 1
4074 1
4090 2
4091 1
4093 1
4096 1
4098 1
4144 1
4149 1
4152 1
4158 1
4163 1
4180 1
4221 1
4229 1
4231 1
4233 1
4239 1
4275 1
4287 1
4304 1
4314 1
4317 1
4319 1
4368 1
4369 2
4409 1
4448 1
4466 1
4496 1
4519 1
4540 1
5119 1
5134 1
5158 2
5164 1
5183 1
5308 1
5334 1
5338 1
5419 1
5425 1
5491 1
