1 4050347
2 1101449
3 772305
4 883031
5 972967
6 924995
7 754605
8 540373
9 343448
10 200900
11 106777
12 53649
13 26403
14 13637
15 7887
16 4876
17 3582
18 3198
19 2785
20 2326
21 1896
22 1584
23 1354
24 1269
25 1057
26 970
27 856
28 748
29 693
30 672
31 638
32 451
33 373
34 340
35 233
36 209
37 164
38 107
39 101
40 87
41 88
42 88
43 65
44 54
45 51
46 34
47 34
48 24
49 32
50 43
51 21
52 37
53 55
54 27
55 18
56 20
57 21
58 34
59 23
60 17
61 21
62 23
63 15
64 21
65 21
66 10
67 15
68 20
69 12
70 15
71 21
72 26
73 22
74 6
75 13
76 14
77 19
78 11
79 16
80 10
81 16
82 16
83 17
84 16
85 15
86 9
87 13
88 8
89 9
90 13
91 7
92 6
93 8
94 2
95 4
96 4
97 3
98 9
99 5
100 5
101 2
102 3
103 3
104 1
105 4
106 3
107 1
108 7
109 4
110 2
111 2
112 8
113 4
114 5
115 1
116 1
117 3
118 3
119 4
120 2
121 3
122 6
123 1
124 3
125 3
126 3
127 3
128 3
129 4
130 7
131 2
132 1
133 2
135 1
136 4
137 3
138 6
139 4
140 2
141 1
142 4
144 1
145 3
146 2
147 6
148 1
149 1
150 1
151 2
152 3
153 2
154 3
155 3
157 1
158 2
159 2
160 4
161 4
162 1
163 2
164 2
165 3
167 3
168 4
169 2
170 2
171 2
172 1
173 2
174 4
175 2
176 3
177 1
178 2
179 3
180 6
181 6
182 4
183 1
184 3
185 2
186 2
187 2
188 2
190 2
191 4
192 2
193 1
194 1
195 4
196 3
197 5
198 2
199 3
200 2
201 3
202 5
203 5
204 3
205 1
206 4
207 5
208 5
209 3
210 4
211 2
212 1
213 1
214 1
216 1
217 2
220 1
221 2
222 3
223 1
224 1
225 4
228 3
229 1
231 1
232 3
233 1
234 1
235 2
237 1
238 3
239 1
240 1
241 2
243 1
244 1
245 1
246 1
249 2
250 1
251 2
252 1
254 1
255 1
256 1
257 1
262 1
266 2
267 1
269 1
272 3
274 2
275 1
276 1
278 2
279 1
281 1
282 1
283 1
284 1
285 1
286 2
287 2
303 1
306 2
318 2
321 1
323 2
324 1
325 1
342 1
346 1
