1 8732089
2 5699212
3 3099599
4 1442911
5 585576
6 212090
7 71643
8 24203
9 10425
10 5322
11 3430
12 2266
13 1842
14 1331
15 1149
16 1029
17 752
18 539
19 537
20 447
21 417
22 339
23 260
24 197
25 166
26 129
27 118
28 63
29 62
30 31
31 26
32 18
33 23
34 17
35 29
36 19
37 23
38 21
39 20
40 19
41 23
42 17
43 16
44 12
45 19
46 11
47 13
48 11
49 11
50 3
51 4
52 11
53 8
54 12
55 10
56 12
57 8
58 11
59 9
60 8
61 2
62 8
63 8
64 8
65 7
66 4
67 4
68 4
69 1
70 3
71 2
72 5
73 1
74 6
75 5
76 5
78 4
79 3
80 6
81 3
82 3
83 2
84 2
86 1
87 4
88 3
89 2
93 1
94 1
95 1
96 1
97 1
98 6
99 4
101 3
102 3
103 2
104 2
105 3
106 1
107 1
108 1
175 1
177 1
178 1
179 1
182 4
183 1
184 1
