1 1177196
2 1853927
3 2072290
4 1961703
5 1858387
6 1856644
7 1927071
8 1977196
9 1926621
10 1739504
11 1462138
12 1149118
13 850366
14 590213
15 388872
16 245329
17 147950
18 87887
19 53610
20 31660
21 19536
22 13279
23 9871
24 7483
25 5924
26 4715
27 4375
28 4030
29 3683
30 3342
31 3185
32 2955
33 2572
34 2388
35 2139
36 1920
37 1773
38 1708
39 1500
40 1364
41 1227
42 1044
43 1025
44 956
45 966
46 812
47 781
48 636
49 550
50 522
51 577
52 460
53 509
54 411
55 425
56 415
57 333
58 305
59 246
60 278
61 295
62 321
63 348
64 323
65 293
66 269
67 233
68 239
69 219
70 247
71 256
72 250
73 243
74 288
75 270
76 324
77 357
78 475
79 549
80 653
81 882
82 1201
83 1442
84 1810
85 2486
86 3208
87 4251
88 5403
89 7268
90 9133
91 11462
92 14299
93 18425
94 22098
95 27315
96 32699
97 38263
98 45492
99 53450
100 61602
101 70568
102 80056
103 89725
104 100577
105 110584
106 120669
107 129863
108 139942
109 148610
110 156147
111 162599
112 168641
113 172383
114 174789
115 175982
116 174752
117 173536
118 170176
119 164470
120 158021
121 152029
122 143630
123 133937
124 124712
125 115709
126 106120
127 96536
128 87062
129 77568
130 69344
131 61096
132 53870
133 46608
134 40237
135 34845
136 29558
137 25106
138 20963
139 17803
140 14824
141 12015
142 9861
143 7973
144 6371
145 4887
146 3838
147 3062
148 2375
149 1821
150 1432
151 1121
152 775
153 694
154 517
155 436
156 320
157 257
158 206
159 153
160 142
161 110
162 70
163 53
164 45
165 45
166 34
167 29
168 33
169 29
170 30
171 23
172 17
173 18
174 22
175 18
176 27
177 22
178 19
179 36
180 31
181 28
182 33
183 32
184 34
185 42
186 37
187 54
188 55
189 53
190 62
191 73
192 57
193 64
194 68
195 87
196 87
197 94
198 89
199 106
200 93
201 118
202 94
203 113
204 146
205 158
206 183
207 219
208 210
209 222
210 276
211 273
212 332
213 428
214 417
215 404
216 432
217 422
218 483
219 464
220 500
221 566
222 576
223 592
224 610
225 608
226 644
227 642
228 677
229 738
230 692
231 700
232 763
233 758
234 689
235 720
236 684
237 636
238 645
239 575
240 567
241 587
242 533
243 528
244 529
245 525
246 420
247 448
248 393
249 365
250 337
251 307
252 276
253 251
254 224
255 175
256 170
257 168
258 142
259 132
260 119
261 109
262 107
263 75
264 76
265 67
266 62
267 57
268 44
269 42
270 52
271 46
272 44
273 31
274 33
275 18
276 25
277 9
278 12
279 8
280 6
281 7
283 4
285 3
286 3
287 2
288 1
289 4
291 1
292 2
293 1
294 4
295 2
296 7
297 6
298 3
299 1
300 5
301 2
302 12
303 2
304 8
305 5
306 7
307 6
308 9
309 5
310 12
311 8
312 12
313 15
314 17
315 16
316 19
317 26
318 21
319 27
320 26
321 23
322 34
323 28
324 38
325 49
326 50
327 49
328 60
329 72
330 57
331 58
332 69
333 83
334 86
335 87
336 81
337 79
338 78
339 94
340 87
341 99
342 117
343 92
344 107
345 102
346 94
347 107
348 117
349 104
350 119
351 106
352 115
353 92
354 77
355 72
356 69
357 80
358 62
359 61
360 71
361 58
362 61
363 52
364 53
365 60
366 42
367 48
368 45
369 35
370 42
371 38
372 26
373 38
374 24
375 35
376 35
377 29
378 15
379 20
380 30
381 24
382 27
383 25
384 25
385 24
386 34
387 28
388 22
389 28
390 17
391 19
392 18
393 16
394 14
395 21
396 13
397 21
398 12
399 20
400 11
401 18
402 12
403 10
404 13
405 10
406 17
407 14
408 14
409 27
410 25
411 23
412 28
413 19
414 31
415 29
416 21
417 38
418 21
419 39
420 28
421 50
422 41
423 49
424 52
425 60
426 47
427 39
428 48
429 48
430 60
431 65
432 55
433 48
434 62
435 68
436 71
437 90
438 70
439 69
440 64
441 84
442 78
443 84
444 108
445 85
446 85
447 94
448 105
449 119
450 115
451 126
452 109
453 127
454 120
455 120
456 121
457 119
458 119
459 119
460 111
461 121
462 118
463 91
464 127
465 132
466 125
467 136
468 137
469 110
470 122
471 110
472 108
473 117
474 108
475 110
476 97
477 82
478 82
479 88
480 99
481 76
482 75
483 92
484 80
485 66
486 65
487 68
488 66
489 51
490 70
491 50
492 43
493 54
494 64
495 54
496 48
497 42
498 46
499 59
500 65
501 43
502 40
503 39
504 41
505 48
506 38
507 32
508 30
509 21
510 29
511 34
512 24
513 27
514 21
515 24
516 17
517 17
518 18
519 12
520 7
521 21
522 20
523 26
524 17
525 11
526 24
527 19
528 13
529 14
530 22
531 11
532 18
533 9
534 16
535 17
536 11
537 7
538 13
539 12
540 11
541 16
542 9
543 13
544 9
545 11
546 11
547 5
548 9
549 7
550 9
551 9
552 6
553 8
554 3
555 2
556 2
557 3
559 2
560 1
561 2
562 2
563 1
564 2
565 5
566 3
567 2
568 3
569 3
570 1
571 1
572 5
573 1
574 2
575 1
576 1
579 3
580 1
581 3
582 3
584 1
585 3
586 2
587 3
588 3
590 3
591 6
592 6
594 4
595 3
596 4
597 3
598 1
599 2
600 1
601 1
602 1
603 1
604 1
605 1
606 2
607 2
608 1
612 3
613 2
631 1
633 1
634 1
637 1
641 2
643 1
644 1
651 1
656 1
658 2
659 1
665 1
667 1
669 1
670 1
671 1
672 1
673 1
680 1
682 1
683 1
685 1
688 1
693 1
694 1
697 2
698 3
705 1
707 1
708 1
709 1
710 1
721 1
734 1
744 1
752 1
780 1
826 1
845 1
869 1
879 1
892 1
900 1
901 1
908 1
909 1
911 1
913 1
915 1
917 1
919 1
922 1
942 1
984 1
1019 2
1022 1
1042 1
1045 1
1046 1
1048 1
1049 1
1065 1
1143 1
1283 1
1414 1
2116 1
2122 1
2126 1
2136 1
2140 1
2436 1
2442 1
2444 1
2458 1
2707 2
2806 1
