1 7474010
2 5998849
3 4123504
4 2529679
5 1357470
6 647473
7 276894
8 113368
9 44947
10 19145
11 10376
12 6451
13 4499
14 3307
15 2289
16 1739
17 1468
18 1159
19 926
20 798
21 705
22 630
23 534
24 422
25 467
26 438
27 416
28 349
29 299
30 268
31 244
32 148
33 113
34 72
35 65
36 47
37 33
38 32
39 38
40 24
41 42
42 39
43 20
44 23
45 23
46 20
47 14
48 13
49 13
50 11
51 14
52 10
53 7
54 8
55 13
56 7
57 9
58 14
59 17
60 15
61 16
62 6
63 12
64 11
65 8
66 3
67 5
68 7
69 10
70 17
71 8
72 5
73 6
74 4
75 9
76 7
77 7
78 7
79 3
80 4
81 12
82 2
83 6
84 3
85 6
86 9
87 9
88 13
89 11
90 2
91 2
92 4
93 6
94 8
95 10
96 4
97 3
99 1
101 7
102 2
103 1
104 3
105 2
106 3
107 6
108 2
109 1
110 5
111 4
112 1
114 2
115 1
116 1
117 2
118 5
120 4
121 1
122 1
123 1
125 3
127 1
128 5
129 6
130 2
132 3
133 1
134 2
135 1
139 1
270 1
274 1
275 2
276 3
279 1
280 1
281 1
