1 7690255
2 3275403
3 1063137
4 293307
5 105099
6 96227
7 148146
8 234900
9 331603
10 417845
11 487512
12 521671
13 513908
14 471008
15 405698
16 325792
17 248906
18 179265
19 122527
20 79321
21 49805
22 29367
23 17573
24 10175
25 6289
26 4155
27 3266
28 2609
29 2079
30 1645
31 1397
32 1150
33 958
34 757
35 660
36 601
37 574
38 500
39 468
40 436
41 499
42 496
43 517
44 529
45 466
46 546
47 509
48 448
49 520
50 474
51 506
52 450
53 472
54 509
55 401
56 391
57 328
58 375
59 276
60 222
61 211
62 139
63 115
64 99
65 83
66 76
67 48
68 27
69 30
70 19
71 12
72 13
73 11
74 11
75 6
76 5
77 5
78 9
79 3
80 1
81 1
82 2
83 3
84 3
86 1
87 3
88 2
89 1
90 3
91 1
93 2
94 1
95 1
103 1
104 1
105 1
106 1
107 1
109 1
110 1
113 1
114 2
117 4
119 2
120 1
121 1
122 3
125 1
127 1
147 1
153 1
223 1
262 1
264 1
265 1
268 1
289 1
292 1
300 1
349 1
351 1
352 1
353 1
