1 7430
2 34426
3 108708
4 258353
5 492076
6 787999
7 1088580
8 1334305
9 1469411
10 1462775
11 1329814
12 1139356
13 934510
14 741429
15 596963
16 503389
17 454639
18 447015
19 467031
20 502241
21 555526
22 618020
23 681277
24 740118
25 790779
26 832588
27 864151
28 880924
29 885110
30 866716
31 838146
32 791900
33 738267
34 674178
35 606026
36 535737
37 464422
38 395335
39 329120
40 269617
41 219832
42 175995
43 138207
44 106246
45 81912
46 62621
47 47590
48 35732
49 27072
50 20398
51 15455
52 12264
53 9823
54 8191
55 7102
56 6208
57 5318
58 4893
59 4535
60 4221
61 3903
62 3838
63 3648
64 3473
65 3583
66 3487
67 3176
68 3062
69 2891
70 2737
71 2476
72 2422
73 2259
74 1971
75 1839
76 1695
77 1524
78 1545
79 1436
80 1407
81 1248
82 1309
83 1153
84 1195
85 1012
86 1009
87 1052
88 930
89 875
90 871
91 800
92 738
93 728
94 717
95 758
96 779
97 716
98 696
99 683
100 658
101 697
102 674
103 638
104 661
105 666
106 630
107 604
108 614
109 640
110 627
111 613
112 519
113 557
114 539
115 481
116 528
117 595
118 562
119 641
120 590
121 624
122 607
123 613
124 669
125 646
126 636
127 596
128 648
129 537
130 512
131 491
132 482
133 455
134 449
135 393
136 372
137 362
138 423
139 417
140 377
141 401
142 387
143 358
144 323
145 334
146 304
147 251
148 261
149 225
150 244
151 191
152 221
153 176
154 163
155 162
156 159
157 153
158 159
159 143
160 157
161 140
162 129
163 117
164 148
165 156
166 164
167 130
168 125
169 137
170 138
171 125
172 112
173 128
174 121
175 92
176 78
177 78
178 105
179 113
180 104
181 102
182 99
183 80
184 104
185 96
186 91
187 90
188 81
189 107
190 86
191 96
192 84
193 84
194 94
195 79
196 73
197 65
198 79
199 69
200 75
201 86
202 67
203 62
204 63
205 49
206 73
207 52
208 65
209 57
210 59
211 54
212 59
213 65
214 43
215 44
216 51
217 54
218 53
219 54
220 51
221 56
222 57
223 46
224 57
225 58
226 60
227 55
228 55
229 49
230 44
231 41
232 46
233 44
234 46
235 41
236 57
237 56
238 52
239 55
240 70
241 60
242 73
243 52
244 67
245 79
246 59
247 62
248 49
249 55
250 57
251 51
252 60
253 46
254 48
255 47
256 55
257 44
258 56
259 44
260 43
261 38
262 37
263 36
264 37
265 29
266 37
267 29
268 32
269 18
270 16
271 19
272 15
273 25
274 18
275 14
276 21
277 35
278 24
279 26
280 27
281 23
282 18
283 26
284 35
285 16
286 25
287 19
288 26
289 30
290 22
291 28
292 20
293 25
294 26
295 25
296 24
297 23
298 29
299 32
300 27
301 26
302 25
303 27
304 26
305 30
306 35
307 34
308 48
309 47
310 47
311 44
312 32
313 45
314 38
315 39
316 19
317 35
318 37
319 48
320 49
321 36
322 40
323 45
324 24
325 31
326 31
327 19
328 19
329 19
330 17
331 18
332 17
333 17
334 14
335 17
336 17
337 10
338 15
339 15
340 9
341 21
342 11
343 16
344 17
345 16
346 10
347 13
348 13
349 9
350 4
351 5
352 11
353 8
354 4
355 4
356 6
357 10
358 9
359 7
360 4
361 8
362 3
363 5
364 1
365 2
366 7
367 1
368 1
369 7
370 4
371 2
372 3
373 7
374 6
375 5
376 1
377 3
378 1
379 3
380 2
381 4
382 1
383 5
384 3
385 4
386 4
387 3
388 4
389 4
390 1
391 4
392 5
393 6
394 8
395 3
396 3
397 6
398 2
399 3
400 8
401 3
402 1
403 3
404 1
405 4
406 2
407 4
408 1
409 3
410 2
411 3
412 2
413 6
414 4
415 7
416 4
417 2
418 3
419 4
420 6
421 4
422 2
423 3
424 5
425 2
427 4
428 5
429 2
430 7
431 9
432 3
433 2
434 3
435 3
436 1
437 2
438 4
439 2
441 1
442 2
444 1
450 2
455 1
459 1
460 1
461 3
462 1
463 2
464 2
465 1
466 2
468 2
469 1
471 2
472 1
473 1
474 3
475 2
476 3
477 1
478 6
479 4
480 4
483 1
484 3
485 2
486 2
487 3
488 6
489 2
490 2
491 2
492 3
493 5
495 1
496 1
499 1
502 1
503 1
504 1
505 2
506 2
507 1
510 4
511 2
512 5
513 1
514 1
515 2
516 4
517 4
518 1
519 2
520 3
522 1
523 3
524 2
525 1
526 2
527 1
528 1
529 2
532 2
534 1
535 2
536 2
537 4
538 2
539 2
540 6
541 4
542 2
543 2
544 7
545 1
546 4
547 4
548 3
549 4
550 3
551 2
552 3
553 1
555 1
556 1
557 3
558 2
559 1
560 5
562 1
563 1
564 2
567 1
568 1
572 1
574 1
577 1
578 1
579 1
580 1
585 1
586 3
589 1
590 1
595 2
598 2
600 3
601 1
603 1
604 1
605 2
606 3
607 2
610 2
611 1
612 2
613 1
615 1
617 1
622 3
624 1
625 1
633 1
634 2
636 1
638 1
639 2
641 1
645 1
649 1
650 2
651 2
653 2
654 1
655 1
657 1
659 1
662 3
665 1
676 1
679 1
683 1
690 1
691 2
692 2
693 2
694 1
695 3
698 1
700 1
701 2
702 3
703 1
706 1
709 1
712 1
713 1
715 1
717 2
719 1
720 3
721 1
722 2
724 1
728 2
729 2
730 1
731 1
732 2
733 4
734 1
735 3
737 1
738 2
739 1
741 2
742 2
743 1
747 1
751 1
752 1
758 1
763 1
766 1
769 1
770 4
773 3
774 1
775 1
776 2
784 1
785 2
786 1
787 1
793 1
799 1
803 1
804 1
805 2
807 1
812 1
816 1
817 1
818 1
819 2
820 2
821 1
824 3
826 2
827 3
828 1
830 1
832 1
834 1
835 3
840 1
843 1
844 1
848 2
850 1
852 1
853 1
855 2
857 1
858 3
859 2
861 1
863 1
864 2
866 1
868 1
869 1
871 2
873 2
874 1
878 1
879 1
880 1
881 1
882 1
885 1
886 1
894 1
895 1
901 1
902 1
905 1
906 1
907 1
908 2
912 1
914 1
916 1
917 1
918 1
919 1
920 2
921 1
922 2
923 2
926 1
927 2
928 1
930 1
931 1
932 1
934 1
936 1
942 1
944 2
947 2
948 1
949 2
950 1
952 2
954 3
958 1
968 1
972 1
978 1
987 1
989 1
990 1
995 1
997 1
998 2
1002 1
1004 1
1008 1
1018 1
1025 1
1036 2
1039 2
1040 1
1044 1
1046 1
1048 1
1050 1
1072 1
1074 1
1075 1
1076 1
1078 1
1079 1
1080 1
1082 2
1090 1
1097 2
1100 1
1102 1
1103 1
1113 1
1122 1
1126 1
1132 1
1136 1
1137 1
1141 2
1142 1
1146 1
1149 1
1158 1
1163 2
1167 1
1169 1
1178 1
1179 1
1183 2
1184 2
1185 1
1192 1
1244 1
1278 1
1366 1
1386 1
1396 1
1428 1
1433 3
1434 1
1437 1
1439 1
1440 1
1443 2
1444 1
1445 1
1446 1
1447 3
1449 1
1452 3
1453 2
1456 1
1457 1
1460 1
1474 1
2843 1
2850 1
2854 1
2855 1
2857 3
2860 1
2864 1
2867 1
