1 332685
2 872827
3 1501669
4 1967546
5 2125530
6 1980493
7 1686087
8 1383824
9 1206284
10 1146075
11 1171756
12 1241046
13 1322412
14 1375911
15 1383698
16 1330445
17 1237405
18 1103948
19 948263
20 784499
21 629758
22 489223
23 368098
24 269080
25 194559
26 133074
27 91014
28 61249
29 41714
30 28500
31 19673
32 14412
33 11049
34 8618
35 7086
36 6076
37 5343
38 4858
39 4244
40 3770
41 3570
42 3012
43 2666
44 2402
45 2283
46 2041
47 1852
48 1737
49 1623
50 1517
51 1452
52 1409
53 1401
54 1440
55 1328
56 1142
57 1133
58 1142
59 1183
60 1169
61 1269
62 1303
63 1230
64 1216
65 1201
66 1118
67 1067
68 1007
69 965
70 925
71 771
72 839
73 712
74 706
75 723
76 617
77 585
78 525
79 510
80 413
81 369
82 333
83 310
84 284
85 281
86 298
87 297
88 292
89 252
90 225
91 206
92 167
93 227
94 211
95 169
96 200
97 185
98 177
99 189
100 133
101 157
102 181
103 130
104 124
105 134
106 116
107 101
108 132
109 123
110 113
111 119
112 102
113 80
114 114
115 125
116 116
117 124
118 125
119 125
120 141
121 124
122 102
123 128
124 123
125 101
126 90
127 77
128 81
129 105
130 92
131 106
132 78
133 94
134 89
135 94
136 65
137 88
138 69
139 77
140 53
141 65
142 63
143 77
144 60
145 65
146 70
147 71
148 64
149 70
150 72
151 71
152 58
153 72
154 81
155 72
156 78
157 80
158 67
159 69
160 54
161 71
162 67
163 65
164 65
165 58
166 58
167 45
168 52
169 51
170 51
171 40
172 40
173 39
174 38
175 39
176 32
177 28
178 25
179 32
180 21
181 15
182 30
183 30
184 20
185 21
186 16
187 12
188 9
189 7
190 12
191 14
192 12
193 14
194 13
195 7
196 11
197 6
198 9
199 5
200 8
201 3
202 7
203 4
204 9
205 4
206 5
207 9
208 12
209 7
210 7
211 5
212 11
213 3
214 2
215 4
216 7
217 4
218 5
219 8
220 6
221 7
222 10
223 11
224 10
225 8
226 7
227 7
228 5
229 6
230 7
231 4
232 3
233 9
234 5
235 2
236 4
237 8
238 4
239 3
240 4
241 8
242 9
243 5
244 5
245 4
246 11
247 6
248 14
249 6
250 3
251 3
252 5
253 9
254 7
255 3
256 5
257 6
258 5
259 2
260 5
261 4
262 1
263 3
264 7
265 6
266 1
267 1
268 1
269 3
270 6
271 4
273 1
274 2
275 1
276 3
277 3
278 4
279 5
280 1
281 2
282 3
283 2
284 1
285 3
286 1
287 3
290 1
291 2
295 1
297 1
300 3
301 1
304 2
305 1
307 3
308 3
310 2
311 2
312 1
314 1
315 1
316 2
318 2
321 1
325 2
326 1
327 3
328 1
329 1
330 2
331 1
333 2
334 2
336 1
337 1
341 2
345 4
346 1
352 2
354 1
355 1
356 2
358 4
359 1
360 1
361 3
362 2
363 1
364 2
365 2
366 2
367 2
368 3
371 2
373 2
376 1
377 2
378 2
379 1
380 2
381 1
382 1
383 1
384 4
385 3
386 2
387 1
388 1
392 2
393 3
394 6
395 2
397 2
398 2
399 3
400 3
401 2
402 3
403 2
404 5
405 1
406 3
407 3
408 4
409 3
410 3
411 2
412 1
415 4
419 1
420 1
426 2
427 1
428 1
429 3
432 2
433 2
435 2
436 1
437 1
438 1
439 3
446 2
451 1
452 2
453 1
454 2
455 1
457 3
458 2
459 3
460 2
461 6
462 3
463 3
464 3
465 1
466 1
467 1
468 1
469 1
470 1
471 3
473 3
474 3
475 2
476 1
477 1
480 1
481 1
482 1
485 1
487 1
488 1
489 1
490 2
491 1
492 1
493 3
494 1
495 1
496 2
500 1
501 4
502 2
503 4
504 2
505 1
507 1
510 1
513 2
514 2
515 2
516 1
519 1
524 1
526 3
527 1
528 1
529 1
531 1
532 1
533 3
535 1
536 2
537 1
540 1
546 2
548 1
570 2
573 1
576 2
583 3
584 1
585 5
589 1
594 2
595 2
596 1
597 3
598 1
599 1
600 1
604 1
605 1
613 1
617 1
624 1
625 1
626 2
629 1
630 1
633 1
641 1
642 1
644 2
653 1
661 1
741 1
742 1
744 2
746 3
748 1
749 1
750 1
751 4
752 2
753 1
770 1
779 1
782 1
786 4
788 1
795 1
800 1
812 1
830 1
1508 1
1509 2
1512 1
1513 1
1514 1
1515 1
1521 1
1523 1
1526 1
