1 1051657
2 1707537
3 1974425
4 1913453
5 1764600
6 1724758
7 1804525
8 1881844
9 1900510
10 1780518
11 1568153
12 1294760
13 1004078
14 729677
15 502153
16 329406
17 209534
18 127589
19 75901
20 45836
21 28245
22 17866
23 12382
24 9516
25 7493
26 6586
27 5593
28 4651
29 3926
30 3628
31 3236
32 2962
33 2709
34 2430
35 2311
36 2161
37 1953
38 1790
39 1508
40 1381
41 1343
42 1330
43 1183
44 1087
45 1017
46 976
47 846
48 800
49 743
50 681
51 649
52 638
53 600
54 542
55 542
56 499
57 427
58 392
59 394
60 350
61 314
62 316
63 312
64 309
65 249
66 274
67 255
68 257
69 249
70 236
71 227
72 241
73 267
74 231
75 271
76 254
77 260
78 244
79 285
80 282
81 258
82 319
83 291
84 345
85 432
86 540
87 732
88 972
89 1398
90 1861
91 2602
92 3451
93 4444
94 5772
95 7486
96 9466
97 11956
98 15149
99 18810
100 22856
101 27583
102 32438
103 38800
104 45353
105 52561
106 60935
107 69277
108 78791
109 87063
110 96200
111 106424
112 115403
113 124165
114 134360
115 141954
116 150133
117 155758
118 161513
119 165595
120 167697
121 170439
122 169147
123 168658
124 166453
125 161770
126 156836
127 150106
128 143696
129 136293
130 128953
131 120208
132 111698
133 100904
134 92462
135 83864
136 74959
137 67167
138 59718
139 51961
140 45510
141 38980
142 33614
143 28448
144 24017
145 20214
146 16738
147 13873
148 11467
149 9461
150 7799
151 6186
152 4936
153 3939
154 3220
155 2584
156 1991
157 1572
158 1221
159 931
160 684
161 521
162 404
163 354
164 258
165 168
166 122
167 108
168 88
169 69
170 42
171 48
172 29
173 25
174 23
175 19
176 24
177 26
178 27
179 34
180 26
181 34
182 35
183 47
184 34
185 39
186 35
187 39
188 41
189 42
190 57
191 53
192 37
193 38
194 42
195 58
196 54
197 40
198 40
199 45
200 23
201 39
202 45
203 50
204 62
205 49
206 71
207 67
208 88
209 93
210 137
211 126
212 145
213 142
214 174
215 165
216 178
217 174
218 190
219 190
220 207
221 208
222 264
223 264
224 295
225 335
226 341
227 368
228 378
229 394
230 427
231 414
232 462
233 490
234 531
235 537
236 587
237 578
238 524
239 600
240 561
241 581
242 610
243 599
244 637
245 626
246 625
247 628
248 638
249 610
250 640
251 644
252 613
253 601
254 578
255 532
256 505
257 478
258 482
259 467
260 408
261 409
262 415
263 367
264 299
265 317
266 251
267 267
268 229
269 238
270 186
271 177
272 117
273 133
274 139
275 154
276 115
277 118
278 108
279 84
280 86
281 75
282 68
283 52
284 48
285 43
286 38
287 28
288 20
289 24
290 12
291 15
292 12
293 22
294 11
295 13
296 10
297 9
298 4
299 5
300 19
301 7
302 13
303 14
304 12
305 8
306 6
307 6
308 6
309 4
310 4
311 4
312 11
313 7
314 7
315 6
316 6
317 12
318 4
319 8
320 8
321 7
322 8
323 7
324 5
325 4
326 2
327 5
328 6
329 8
330 9
331 9
332 6
333 10
334 10
335 9
336 11
337 13
338 19
339 29
340 37
341 30
342 24
343 28
344 28
345 47
346 49
347 38
348 53
349 46
350 60
351 62
352 59
353 62
354 60
355 64
356 58
357 65
358 70
359 93
360 69
361 80
362 100
363 85
364 109
365 85
366 94
367 87
368 98
369 111
370 83
371 87
372 103
373 106
374 88
375 104
376 77
377 81
378 83
379 88
380 91
381 97
382 72
383 53
384 71
385 71
386 80
387 70
388 75
389 64
390 47
391 55
392 40
393 44
394 50
395 37
396 37
397 46
398 39
399 23
400 32
401 23
402 21
403 18
404 25
405 21
406 23
407 20
408 14
409 18
410 15
411 18
412 13
413 15
414 16
415 12
416 18
417 15
418 19
419 13
420 16
421 20
422 12
423 15
424 13
425 23
426 18
427 24
428 23
429 23
430 21
431 30
432 26
433 35
434 22
435 32
436 30
437 25
438 23
439 29
440 38
441 41
442 52
443 32
444 51
445 55
446 31
447 49
448 54
449 49
450 51
451 55
452 45
453 63
454 50
455 36
456 45
457 50
458 50
459 60
460 60
461 71
462 83
463 84
464 83
465 86
466 81
467 95
468 117
469 84
470 110
471 97
472 87
473 96
474 101
475 103
476 93
477 74
478 84
479 94
480 87
481 94
482 100
483 83
484 80
485 88
486 80
487 96
488 81
489 115
490 96
491 87
492 112
493 116
494 86
495 90
496 86
497 107
498 109
499 101
500 73
501 80
502 76
503 90
504 82
505 71
506 80
507 79
508 88
509 96
510 99
511 81
512 86
513 98
514 63
515 90
516 68
517 63
518 59
519 51
520 55
521 61
522 62
523 61
524 66
525 46
526 51
527 48
528 56
529 45
530 48
531 34
532 31
533 32
534 38
535 27
536 29
537 26
538 35
539 28
540 25
541 28
542 22
543 26
544 21
545 19
546 25
547 11
548 9
549 25
550 18
551 13
552 16
553 17
554 15
555 19
556 25
557 17
558 12
559 9
560 21
561 16
562 9
563 23
564 13
565 10
566 9
567 11
568 12
569 7
570 5
571 11
572 9
573 7
574 6
575 9
576 8
577 4
579 7
580 3
581 1
582 4
583 3
584 4
585 5
586 3
587 2
588 4
589 7
590 6
591 12
592 8
593 2
594 10
595 8
596 5
597 2
598 2
599 7
600 4
601 6
602 5
603 4
604 6
605 5
606 4
607 3
608 7
609 6
610 2
611 7
612 6
613 4
614 3
615 3
616 4
617 3
618 1
620 2
621 2
627 1
635 1
638 2
639 1
640 1
642 3
644 4
645 3
648 1
650 1
653 3
656 1
657 1
660 1
663 1
665 1
671 2
675 1
676 1
677 1
688 1
709 1
719 1
720 1
727 1
732 1
739 1
741 2
744 1
745 1
748 1
749 1
751 1
752 2
753 1
756 1
757 2
758 1
759 2
761 1
762 2
763 1
769 1
782 1
799 1
801 1
809 1
814 1
817 1
842 1
872 1
881 1
889 1
941 1
973 1
994 2
995 1
996 1
1013 1
1020 1
1022 1
1060 1
1061 1
1062 1
1076 1
1089 1
1090 2
1094 1
1099 1
1139 1
1153 1
1160 1
1168 1
1169 1
1179 1
1180 1
1198 1
1433 1
1442 1
2164 1
2518 1
2528 1
2530 1
2548 1
2648 1
2651 1
2655 1
2661 1
2788 1
2793 1
2895 1
