1 3065825
2 3317953
3 2873042
4 2356975
5 1954401
6 1618457
7 1280287
8 933359
9 629606
10 393839
11 242489
12 156632
13 126779
14 126839
15 143970
16 165196
17 186482
18 202275
19 211414
20 207144
21 193523
22 173739
23 147431
24 120528
25 94632
26 72069
27 53139
28 37295
29 25887
30 17254
31 11526
32 7246
33 4827
34 3148
35 2243
36 1901
37 1511
38 1275
39 1227
40 1121
41 995
42 874
43 757
44 632
45 633
46 515
47 465
48 409
49 315
50 221
51 159
52 143
53 106
54 108
55 78
56 76
57 92
58 58
59 62
60 66
61 45
62 47
63 42
64 35
65 22
66 20
67 18
68 20
69 31
70 45
71 60
72 91
73 143
74 182
75 276
76 397
77 533
78 804
79 1086
80 1571
81 2008
82 2809
83 3680
84 4866
85 6742
86 8647
87 10860
88 13922
89 17185
90 21496
91 26183
92 31709
93 38137
94 45074
95 53092
96 61752
97 70537
98 80726
99 90273
100 100590
101 111830
102 122179
103 133707
104 143163
105 152828
106 161938
107 170189
108 177562
109 183298
110 188833
111 192757
112 193257
113 194360
114 193472
115 192130
116 187821
117 183628
118 178649
119 173127
120 165110
121 157497
122 149045
123 139424
124 130591
125 122238
126 111824
127 102675
128 93340
129 85172
130 77237
131 69529
132 61713
133 54711
134 48732
135 42548
136 37222
137 32169
138 27882
139 24233
140 20767
141 17890
142 15123
143 12449
144 10468
145 8694
146 7208
147 5830
148 4848
149 3715
150 3191
151 2491
152 2118
153 1628
154 1259
155 998
156 729
157 576
158 424
159 342
160 266
161 205
162 164
163 119
164 87
165 73
166 52
167 46
168 31
169 27
170 13
171 8
172 13
173 13
174 13
175 10
176 9
177 16
178 11
179 20
180 21
181 29
182 37
183 45
184 45
185 60
186 62
187 63
188 86
189 83
190 103
191 111
192 126
193 153
194 172
195 162
196 227
197 225
198 249
199 309
200 339
201 408
202 416
203 479
204 579
205 564
206 610
207 672
208 695
209 743
210 741
211 759
212 842
213 861
214 835
215 824
216 891
217 864
218 910
219 942
220 973
221 1071
222 1013
223 1002
224 926
225 958
226 893
227 931
228 872
229 976
230 921
231 844
232 845
233 781
234 763
235 714
236 730
237 700
238 643
239 628
240 574
241 544
242 508
243 465
244 438
245 425
246 365
247 332
248 291
249 299
250 270
251 249
252 216
253 198
254 175
255 153
256 138
257 129
258 135
259 111
260 85
261 78
262 64
263 60
264 62
265 54
266 51
267 36
268 31
269 25
270 30
271 31
272 27
273 24
274 29
275 25
276 20
277 23
278 20
279 19
280 18
281 9
282 8
283 18
284 23
285 15
286 15
287 22
288 16
289 17
290 16
291 13
292 20
293 31
294 34
295 28
296 32
297 33
298 31
299 54
300 43
301 49
302 51
303 73
304 69
305 86
306 85
307 102
308 123
309 123
310 130
311 134
312 146
313 155
314 136
315 137
316 157
317 168
318 160
319 199
320 220
321 187
322 204
323 207
324 220
325 239
326 213
327 217
328 221
329 215
330 251
331 258
332 248
333 242
334 233
335 278
336 267
337 259
338 259
339 237
340 264
341 251
342 244
343 254
344 220
345 232
346 263
347 266
348 238
349 228
350 228
351 221
352 236
353 227
354 227
355 234
356 230
357 248
358 277
359 249
360 244
361 219
362 240
363 199
364 226
365 198
366 194
367 214
368 192
369 178
370 170
371 170
372 156
373 155
374 155
375 149
376 132
377 132
378 142
379 117
380 108
381 115
382 100
383 112
384 117
385 114
386 114
387 106
388 104
389 115
390 99
391 90
392 91
393 71
394 67
395 70
396 69
397 59
398 61
399 71
400 50
401 55
402 50
403 44
404 54
405 43
406 37
407 36
408 44
409 33
410 45
411 50
412 55
413 47
414 48
415 54
416 67
417 57
418 64
419 52
420 76
421 52
422 59
423 69
424 78
425 72
426 66
427 69
428 66
429 58
430 70
431 84
432 46
433 82
434 99
435 89
436 89
437 87
438 112
439 101
440 91
441 116
442 106
443 120
444 109
445 110
446 117
447 110
448 135
449 128
450 135
451 107
452 142
453 125
454 111
455 129
456 125
457 119
458 123
459 99
460 90
461 91
462 70
463 74
464 60
465 64
466 49
467 58
468 49
469 43
470 37
471 46
472 28
473 35
474 32
475 29
476 33
477 39
478 39
479 35
480 21
481 33
482 30
483 31
484 30
485 22
486 27
487 17
488 19
489 12
490 9
491 18
492 8
493 13
494 7
495 11
496 10
497 17
498 10
499 14
500 13
501 5
502 9
503 12
504 6
505 8
506 4
507 6
508 12
509 8
510 6
511 10
512 9
513 4
514 14
515 4
516 11
517 10
518 10
519 16
520 15
521 21
522 20
523 25
524 25
525 28
526 28
527 40
528 33
529 37
530 47
531 35
532 31
533 33
534 49
535 58
536 39
537 40
538 49
539 52
540 60
541 60
542 70
543 71
544 68
545 74
546 76
547 75
548 78
549 75
550 69
551 69
552 75
553 85
554 75
555 91
556 87
557 71
558 70
559 74
560 72
561 93
562 82
563 77
564 79
565 81
566 88
567 72
568 68
569 65
570 68
571 66
572 53
573 77
574 71
575 66
576 74
577 85
578 85
579 77
580 72
581 63
582 54
583 58
584 63
585 36
586 45
587 49
588 34
589 38
590 38
591 27
592 23
593 22
594 29
595 32
596 30
597 31
598 22
599 21
600 38
601 28
602 26
603 23
604 36
605 12
606 15
607 17
608 18
609 21
610 15
611 19
612 17
613 8
614 9
615 12
616 11
617 14
618 11
619 9
620 16
621 9
622 12
623 15
624 13
625 11
626 9
627 13
628 9
629 9
630 15
631 17
632 12
633 8
634 11
635 10
636 10
637 6
638 3
639 8
640 8
641 6
642 11
643 9
644 6
645 7
646 4
647 4
648 6
649 4
650 7
651 12
652 8
653 10
654 4
655 10
656 5
657 3
658 7
659 9
660 3
661 10
662 8
663 5
664 12
665 5
666 13
667 10
668 5
669 10
670 9
671 7
672 11
673 7
674 8
675 10
676 10
677 5
678 7
679 8
680 2
681 12
682 8
683 13
684 10
685 9
686 7
687 7
688 6
689 5
690 2
691 1
692 2
693 3
694 1
695 1
696 2
697 1
698 2
699 1
700 3
701 1
702 4
703 2
704 4
705 3
706 5
707 6
708 2
709 5
710 1
711 3
712 4
713 2
714 2
715 2
716 2
717 1
718 1
719 3
721 4
722 2
723 5
724 5
725 2
726 4
727 3
728 4
729 2
730 6
731 2
732 4
733 5
734 3
735 2
736 6
737 8
738 1
739 1
740 6
741 3
742 4
743 5
744 2
745 2
746 6
747 6
748 5
749 6
750 10
751 3
752 4
753 4
754 5
755 2
756 4
757 7
758 4
760 5
761 6
762 6
763 7
764 4
765 5
766 8
767 4
768 6
769 10
770 9
771 4
772 4
773 8
774 7
775 6
776 9
777 8
778 6
779 6
780 4
781 6
782 8
783 6
784 9
785 8
786 4
787 7
788 8
789 4
790 3
791 5
792 8
793 5
794 4
795 5
796 2
797 5
798 3
799 4
800 2
801 4
802 8
803 5
804 4
805 4
806 7
807 5
808 1
809 1
810 5
811 4
812 5
813 3
814 3
815 3
816 5
817 2
818 1
819 4
820 1
822 1
823 3
824 5
825 5
826 1
827 4
829 2
830 3
831 1
833 3
834 1
835 1
836 1
837 1
838 1
839 2
840 2
842 2
844 1
846 1
847 1
848 1
849 1
850 2
852 3
853 5
854 2
855 2
856 1
857 2
858 1
859 3
860 3
861 2
862 3
863 2
864 4
865 3
866 3
868 1
869 4
871 3
873 4
874 1
875 1
876 2
877 3
878 5
879 4
880 3
882 2
883 1
884 2
885 1
886 1
887 3
888 3
889 1
890 3
891 2
892 2
893 3
894 1
896 2
897 1
898 4
899 4
900 3
901 1
902 1
903 2
904 2
905 2
906 1
907 1
908 1
909 5
910 1
911 2
912 1
913 2
914 1
915 5
917 1
918 7
919 3
922 6
923 2
924 2
925 2
926 1
927 1
930 2
931 5
932 4
933 1
934 2
935 1
936 2
937 1
938 3
939 4
940 1
941 2
942 3
943 4
944 1
945 3
946 1
947 2
948 2
949 2
951 2
952 2
953 3
955 1
956 3
958 1
959 1
960 3
961 1
962 1
963 2
964 2
965 2
966 4
968 3
969 1
971 1
973 2
974 4
975 1
977 2
978 2
979 4
981 1
982 2
983 1
984 1
985 4
986 1
987 2
990 1
991 1
992 2
993 1
994 3
995 2
996 1
997 1
998 1
999 4
1000 4
1003 3
1004 2
1005 2
1006 4
1007 7
1008 4
1009 2
1010 4
1012 2
1013 4
1014 3
1015 2
1016 1
1017 6
1018 5
1019 4
1020 7
1021 2
1022 1
1023 2
1024 2
1025 1
1026 4
1027 1
1028 2
1033 1
1034 1
1035 2
1039 1
1041 1
1045 1
1046 1
1048 1
1050 1
1051 1
1052 1
1055 1
1056 2
1058 1
1059 1
1060 1
1061 2
1062 1
1063 1
1065 4
1066 2
1067 3
1068 1
1069 1
1070 1
1071 1
1072 1
1074 1
1077 3
1078 1
1080 1
1081 1
1084 1
1087 1
1088 1
1090 2
1091 1
1092 3
1094 3
1095 4
1096 2
1097 2
1098 2
1099 4
1100 3
1101 3
1102 1
1103 3
1104 1
1105 1
1106 2
1107 3
1108 3
1109 2
1110 2
1111 2
1112 2
1113 1
1114 1
1115 1
1116 3
1117 4
1118 2
1119 1
1121 1
1122 2
1123 2
1124 2
1126 1
1127 3
1128 1
1129 2
1131 1
1132 4
1133 2
1135 1
1136 2
1137 3
1140 2
1141 1
1142 3
1143 1
1144 3
1145 4
1146 3
1147 3
1148 2
1149 3
1150 1
1151 4
1152 3
1153 5
1154 4
1155 3
1156 2
1157 1
1158 1
1159 2
1160 5
1163 2
1164 2
1165 1
1168 2
1169 1
1170 1
1171 1
1174 1
1175 1
1177 3
1179 2
1180 1
1181 2
1182 1
1185 1
1186 2
1187 2
1188 3
1189 1
1190 4
1192 2
1193 3
1194 1
1196 1
1197 1
1200 2
1201 1
1203 3
1204 1
1205 2
1206 1
1208 1
1212 1
1213 5
1215 1
1217 2
1218 1
1220 1
1222 1
1225 2
1226 1
1227 3
1228 3
1229 1
1230 3
1232 2
1233 2
1235 1
1236 1
1237 4
1238 1
1239 3
1240 3
1241 4
1242 1
1243 2
1245 2
1247 2
1248 1
1249 1
1252 1
1253 1
1255 1
1257 1
1258 1
1259 1
1260 1
1261 2
1262 1
1263 1
1266 1
1272 1
1273 2
1274 4
1276 3
1279 1
1281 1
1283 1
1284 1
1285 1
1286 1
1291 1
1295 1
1299 1
1300 1
1303 1
1304 1
1305 1
1308 1
1309 1
1310 1
1311 2
1312 1
1313 1
1315 2
1317 1
1319 1
1320 1
1322 2
1323 1
1326 1
1327 4
1328 2
1329 1
1330 4
1332 2
1333 1
1334 3
1335 1
1337 3
1338 1
1339 1
1341 1
1347 2
1348 1
1349 2
1351 3
1355 2
1359 1
1360 1
1362 2
1363 2
1364 1
1365 1
1374 1
1375 2
1382 1
1383 1
1385 1
1390 1
1391 1
1392 1
1393 1
1394 1
1395 1
1396 2
1397 1
1398 2
1399 2
1400 3
1401 2
1402 1
1404 1
1405 1
1406 1
1408 1
1412 1
1414 1
1419 4
1420 1
1422 1
1423 2
1424 2
1426 3
1427 1
1428 1
1429 1
1431 1
1432 1
1433 2
1436 3
1438 1
1440 1
1442 1
1443 2
1444 1
1445 1
1447 1
1449 2
1450 2
1451 3
1453 1
1460 1
1461 1
1467 1
1470 1
1471 1
1472 2
1473 1
1474 2
1477 1
1478 1
1481 1
1486 2
1487 3
1488 1
1490 3
1491 1
1492 2
1494 1
1495 1
1496 1
1497 2
1498 2
1500 3
1502 1
1508 2
1511 1
1513 1
1514 1
1515 2
1516 1
1521 1
1526 2
1529 1
1535 1
1536 1
1538 2
1539 2
1540 2
1541 1
1543 1
1544 1
1545 3
1546 1
1547 1
1548 3
1549 4
1550 3
1551 2
1552 1
1553 1
1554 3
1557 3
1558 3
1560 1
1561 2
1562 1
1563 1
1564 2
1565 2
1566 1
1567 1
1569 2
1570 1
1572 1
1574 1
1576 1
1577 1
1579 1
1581 1
1585 1
1588 1
1589 2
1590 1
1593 1
1594 1
1595 1
1597 1
1600 1
1612 1
1626 1
1638 1
1641 1
1644 1
1646 1
1649 2
1652 1
1659 1
1670 1
1671 1
1672 1
1674 1
1675 1
1678 3
1680 1
1696 1
1700 1
1703 1
1704 2
1711 1
1713 1
1717 1
1718 1
1723 1
1724 1
1738 1
1740 1
1742 1
1744 2
1746 1
1748 2
1752 2
1753 2
1756 1
1757 1
1758 1
1764 1
1770 1
1774 1
1775 1
1777 3
1780 3
1781 1
1786 1
1788 2
1789 1
1790 1
1791 1
1794 3
1796 1
1798 1
1800 1
1802 1
1803 1
1805 3
1806 3
1807 1
1808 1
1809 2
1811 1
1814 1
1815 1
1822 1
1823 1
1828 1
1829 1
1832 1
1834 3
1836 3
1837 1
1838 1
1839 1
1840 1
1843 1
1844 1
1855 1
1858 1
1861 1
1864 1
1865 1
1870 1
1872 1
1876 1
1877 1
1880 1
1890 1
1908 1
1914 1
1930 1
1931 1
1952 2
1953 2
1954 1
1965 1
1974 1
1983 2
1984 1
1995 2
1997 1
1999 1
2000 1
2001 1
2003 1
2004 2
2005 1
2007 2
2008 1
2009 2
2010 1
2014 1
2021 1
2029 1
2037 1
2044 1
2047 1
2053 1
2059 1
2066 1
2067 1
2073 2
2080 2
2083 2
2084 1
2085 2
2088 1
2092 1
2094 1
2095 2
2099 1
2116 1
2117 1
2125 1
2159 1
2195 1
2207 2
2239 2
2242 1
2305 1
2309 1
2320 1
2326 1
2331 1
2336 1
2389 1
2394 1
2396 2
2409 1
2416 1
2424 1
2433 1
2442 1
2484 1
2509 1
2529 1
2530 2
2546 1
2547 2
2559 1
2560 1
2580 1
2606 1
2611 1
2614 1
2617 1
2622 1
2635 2
2639 1
2648 1
2650 1
2662 1
2668 2
2670 1
2683 1
2693 1
2709 1
2711 1
2712 1
2713 1
2714 1
2719 1
2725 1
2727 2
2736 1
2753 1
2771 1
2783 1
2786 1
2789 1
2791 1
2794 1
2826 1
2838 1
2845 1
2851 1
2854 1
2856 1
2897 1
2902 1
2916 1
2944 1
2955 1
3001 1
3006 1
3027 1
3028 1
3037 1
3047 1
3060 1
3061 1
3063 1
3068 1
3070 1
3071 1
3076 1
3078 1
3079 1
3081 1
3085 1
3114 1
3120 1
3128 1
3129 2
3130 1
3131 1
3132 1
3133 1
3135 1
3137 1
3145 1
3147 1
3150 1
3153 1
3154 1
3160 2
3161 1
3168 1
3171 1
3178 1
3182 1
3217 1
3224 1
3228 2
3248 2
3250 1
3259 1
3262 2
3263 1
3264 1
3266 1
3267 1
3272 1
3273 1
3274 1
3285 1
3306 1
3307 1
3339 1
3341 1
3375 1
3377 1
3384 1
3388 1
3393 1
3397 1
3449 1
3451 1
3456 1
3482 2
3491 1
3494 1
3497 1
3504 2
3505 1
3512 1
3513 1
3517 1
3519 3
3520 1
3523 1
3524 1
3525 1
3528 1
3530 1
3532 1
3574 1
3582 1
3585 1
3610 1
3636 1
3652 1
3654 1
3657 1
3716 1
3720 1
3750 1
3755 1
3764 1
3768 1
3770 1
3773 1
3777 2
3786 1
3817 1
3821 1
3824 1
3828 1
3841 1
3852 1
3854 1
3856 1
3863 2
3864 1
3876 1
3882 1
3887 1
3903 1
3910 1
3917 2
3920 1
3933 1
3935 2
3946 1
3963 1
3974 1
3977 1
3979 2
3984 1
3988 1
3990 1
3993 2
3997 1
4003 2
4008 1
4012 1
4017 1
4064 1
4068 1
4072 1
4073 1
4076 1
4077 1
4079 1
4081 1
4084 1
4086 1
4087 1
4093 1
4106 1
4135 1
4136 1
4162 1
4165 2
4178 2
4182 1
4191 1
4244 1
4246 1
4253 1
4283 1
4286 1
4289 1
4295 2
4305 1
4306 1
4307 1
4314 1
4318 1
4332 1
4333 1
4342 1
4360 1
4365 1
4366 2
4385 1
4386 1
4395 1
4396 1
4400 1
4413 1
4428 1
4475 1
4492 1
4493 1
4500 1
4506 1
4509 1
4510 1
4516 1
4587 1
4606 1
4616 1
4620 2
4623 1
4636 1
4721 1
4724 1
4726 1
4866 1
4954 1
4958 1
4981 1
4993 1
5061 1
5068 1
5073 1
5076 1
5092 1
5096 1
5107 1
5109 1
5119 1
5124 2
5129 1
5130 1
5156 1
5218 1
5221 1
5239 1
5244 1
5276 1
5283 1
5295 1
5338 1
5345 1
5359 1
5377 1
5392 2
5393 1
5394 1
5395 1
5397 1
5480 1
5495 1
5602 1
5609 1
5658 1
5792 1
6357 1
6383 1
6413 1
6415 1
6423 1
6455 1
6607 1
6624 1
6687 1
6811 1
6819 1
6908 1
