1 12559
2 54992
3 164837
4 367798
5 665828
6 1006469
7 1301191
8 1489466
9 1527726
10 1433706
11 1246019
12 1027458
13 819844
14 657514
15 557162
16 504772
17 499144
18 524172
19 573935
20 633814
21 697278
22 763430
23 825191
24 875287
25 910475
26 928952
27 927433
28 910909
29 877717
30 827056
31 763381
32 689982
33 614842
34 536561
35 456965
36 382614
37 316260
38 256762
39 206145
40 159780
41 123985
42 94568
43 71717
44 53263
45 40678
46 29810
47 22538
48 17368
49 13087
50 10207
51 8082
52 7082
53 6132
54 5505
55 4974
56 4642
57 4298
58 4165
59 4037
60 3668
61 3523
62 3499
63 3251
64 3104
65 2933
66 2801
67 2713
68 2475
69 2225
70 2010
71 1952
72 1757
73 1603
74 1520
75 1465
76 1414
77 1263
78 1221
79 1212
80 1160
81 1131
82 1148
83 1063
84 1095
85 1055
86 909
87 922
88 859
89 796
90 829
91 821
92 784
93 754
94 749
95 785
96 747
97 687
98 670
99 651
100 632
101 639
102 612
103 673
104 675
105 688
106 722
107 631
108 666
109 699
110 676
111 716
112 664
113 735
114 733
115 704
116 660
117 671
118 647
119 644
120 617
121 608
122 609
123 615
124 599
125 606
126 633
127 503
128 442
129 434
130 413
131 406
132 392
133 348
134 278
135 308
136 278
137 290
138 244
139 228
140 222
141 190
142 181
143 182
144 207
145 193
146 197
147 165
148 174
149 135
150 153
151 116
152 137
153 124
154 117
155 122
156 132
157 156
158 117
159 126
160 138
161 143
162 128
163 128
164 131
165 120
166 115
167 103
168 91
169 99
170 103
171 99
172 86
173 73
174 88
175 88
176 79
177 96
178 89
179 90
180 89
181 89
182 74
183 101
184 90
185 82
186 84
187 68
188 66
189 65
190 63
191 63
192 60
193 66
194 68
195 79
196 64
197 81
198 63
199 58
200 60
201 60
202 44
203 40
204 60
205 51
206 47
207 50
208 44
209 63
210 68
211 48
212 60
213 64
214 66
215 52
216 53
217 54
218 48
219 60
220 44
221 53
222 51
223 70
224 50
225 71
226 45
227 59
228 46
229 55
230 37
231 54
232 50
233 42
234 41
235 57
236 52
237 71
238 81
239 73
240 53
241 70
242 49
243 39
244 50
245 52
246 37
247 43
248 52
249 33
250 34
251 33
252 41
253 47
254 44
255 38
256 34
257 28
258 35
259 31
260 33
261 30
262 38
263 26
264 36
265 51
266 37
267 40
268 42
269 21
270 35
271 35
272 44
273 33
274 36
275 38
276 46
277 65
278 35
279 36
280 38
281 41
282 35
283 43
284 54
285 44
286 43
287 47
288 55
289 41
290 50
291 39
292 29
293 28
294 19
295 25
296 27
297 22
298 22
299 22
300 18
301 20
302 24
303 19
304 24
305 20
306 24
307 26
308 16
309 18
310 19
311 14
312 15
313 12
314 11
315 11
316 14
317 9
318 10
319 12
320 5
321 12
322 5
323 5
324 14
325 10
326 5
327 7
328 7
329 6
330 4
331 8
332 4
333 2
334 9
335 4
336 3
337 6
338 5
339 3
340 2
341 2
342 3
343 1
344 4
345 2
346 7
347 5
348 8
349 6
350 5
351 5
352 3
353 6
354 7
355 4
356 5
357 4
358 4
359 6
360 4
361 9
362 4
363 7
364 3
365 5
366 3
367 4
368 3
369 1
370 2
372 3
374 5
375 2
376 4
377 3
378 6
379 3
380 2
381 5
382 2
383 3
385 8
386 5
387 1
388 7
389 2
390 4
391 6
392 7
393 3
394 4
395 6
396 1
397 4
398 4
399 5
400 3
401 1
402 1
403 1
404 2
405 7
406 4
407 5
408 1
413 2
414 1
415 2
416 1
417 1
418 3
419 2
420 1
421 2
422 5
423 1
424 1
425 2
426 5
427 2
428 3
429 2
430 2
431 3
432 6
433 8
434 3
435 4
436 6
437 2
438 2
439 2
440 4
441 3
442 5
443 2
444 4
445 3
446 3
447 4
448 2
449 2
450 2
455 3
458 2
461 1
462 2
463 2
465 2
467 2
468 1
469 5
470 1
472 4
473 3
474 4
475 1
476 4
477 2
478 2
480 1
481 1
483 2
485 4
486 1
487 1
488 1
489 1
490 1
491 3
493 2
495 3
498 1
499 2
500 3
501 4
502 1
503 4
505 1
506 1
507 4
508 3
509 5
510 3
511 4
512 1
513 1
514 1
516 2
517 1
518 1
519 2
520 1
521 6
522 2
524 1
525 1
526 1
527 1
528 1
530 3
532 1
533 2
534 1
535 1
536 2
540 1
542 1
543 1
544 1
547 1
549 3
552 2
554 1
556 1
566 2
568 1
572 2
573 2
575 1
577 1
580 1
581 2
582 1
584 1
590 1
591 1
597 1
598 1
600 1
602 2
603 2
604 2
605 1
606 2
607 2
608 2
609 1
611 2
614 1
623 1
633 1
635 3
636 1
637 1
640 2
641 1
642 1
643 2
644 3
646 1
647 2
648 1
651 3
652 1
656 2
657 4
658 4
659 1
660 3
662 1
665 3
666 1
668 1
670 2
671 1
673 3
675 1
676 3
677 1
678 3
679 1
680 1
689 1
691 2
694 1
697 1
699 1
700 1
702 1
708 1
710 1
712 1
714 2
716 1
719 1
720 1
722 1
724 2
726 1
727 1
728 1
729 1
730 1
731 2
734 3
738 1
740 1
742 1
743 1
744 1
746 1
747 2
748 2
750 1
751 1
754 2
755 1
756 1
758 2
760 1
762 1
768 2
769 2
770 1
773 1
775 2
776 1
777 1
779 1
781 2
788 1
791 1
795 1
796 1
797 1
801 1
802 2
805 2
806 2
807 1
808 1
811 1
813 1
814 1
816 2
817 1
820 1
821 2
823 2
829 1
833 1
834 2
836 3
837 1
839 2
840 1
843 2
845 1
848 1
849 1
851 1
852 1
853 2
855 1
859 1
861 1
862 3
863 4
864 3
867 3
868 1
869 2
870 3
871 1
872 2
878 1
889 1
891 1
892 1
893 1
898 1
901 1
903 1
904 2
905 1
911 2
913 2
914 2
915 1
916 1
917 3
918 1
925 1
932 1
936 1
939 1
945 3
946 1
948 1
949 2
952 1
953 2
958 1
963 1
971 1
975 1
976 1
979 1
988 1
991 2
996 1
1011 1
1013 1
1060 1
1067 1
1070 1
1072 1
1077 3
1078 1
1081 2
1082 2
1084 1
1087 1
1096 3
1097 1
1098 1
1108 1
1110 1
1114 1
1118 1
1120 1
1122 1
1123 1
1124 1
1127 1
1131 1
1141 1
1143 1
1144 1
1150 1
1151 1
1162 2
1198 1
1208 1
1222 1
1227 1
1292 1
1297 1
1299 1
1301 1
1306 1
1321 2
1323 1
1325 3
1326 1
1329 1
1331 1
1334 1
1335 1
1339 4
1340 1
1342 1
1344 1
1374 1
1393 1
1400 1
1422 2
1429 1
2447 3
2451 1
2452 1
2454 1
2456 2
2464 2
