1 7636410
2 4546238
3 2127709
4 817242
5 269163
6 83583
7 29482
8 19510
9 25427
10 42330
11 71983
12 112325
13 164311
14 224837
15 290322
16 348852
17 393001
18 423885
19 426878
20 410023
21 377643
22 330398
23 276498
24 223089
25 173799
26 129435
27 93012
28 64493
29 43323
30 28032
31 17913
32 11668
33 7460
34 5000
35 3356
36 2842
37 2252
38 1986
39 1803
40 1632
41 1498
42 1392
43 1449
44 1172
45 1008
46 870
47 750
48 654
49 515
50 410
51 348
52 307
53 316
54 307
55 246
56 228
57 251
58 293
59 277
60 294
61 277
62 235
63 239
64 223
65 255
66 301
67 352
68 370
69 342
70 315
71 343
72 338
73 359
74 381
75 456
76 398
77 417
78 412
79 338
80 344
81 342
82 301
83 287
84 296
85 200
86 239
87 243
88 167
89 159
90 144
91 160
92 128
93 137
94 114
95 95
96 81
97 60
98 47
99 43
100 29
101 18
102 12
103 14
104 8
105 10
106 9
107 7
108 8
109 5
110 3
111 10
112 3
113 3
114 1
115 3
116 1
117 2
118 2
120 2
121 3
125 2
126 5
128 1
130 1
131 1
132 1
134 2
139 2
143 1
148 1
151 2
154 1
158 1
159 2
160 1
162 1
166 1
168 2
169 1
170 1
171 3
176 2
180 1
182 1
183 1
186 1
191 1
199 1
219 1
240 1
343 1
388 1
394 2
400 1
422 2
423 1
425 1
462 1
463 1
485 1
