1 6545244
2 3404132
3 1632015
4 872578
5 545908
6 375846
7 245273
8 147896
9 81578
10 40790
11 19653
12 10637
13 7789
14 9246
15 14646
16 24909
17 40727
18 62054
19 91976
20 130227
21 173495
22 221124
23 271304
24 318956
25 361481
26 394476
27 412008
28 417805
29 409155
30 390907
31 362574
32 326226
33 284774
34 241695
35 199998
36 160513
37 126189
38 96172
39 72223
40 52563
41 38233
42 26756
43 18330
44 12585
45 8270
46 5667
47 4164
48 3209
49 2635
50 2273
51 2220
52 2125
53 2064
54 2003
55 2040
56 2120
57 2066
58 2025
59 1965
60 1961
61 1814
62 1621
63 1365
64 1255
65 1047
66 882
67 787
68 688
69 653
70 631
71 524
72 624
73 576
74 521
75 493
76 563
77 649
78 658
79 629
80 680
81 678
82 757
83 769
84 780
85 750
86 768
87 750
88 735
89 660
90 668
91 640
92 564
93 544
94 478
95 508
96 444
97 442
98 376
99 361
100 389
101 352
102 361
103 344
104 320
105 352
106 334
107 304
108 291
109 336
110 325
111 324
112 307
113 323
114 297
115 257
116 285
117 234
118 241
119 192
120 172
121 198
122 208
123 227
124 179
125 172
126 164
127 162
128 194
129 205
130 176
131 171
132 206
133 185
134 178
135 190
136 207
137 163
138 176
139 172
140 171
141 148
142 165
143 150
144 154
145 150
146 142
147 124
148 105
149 109
150 98
151 86
152 71
153 101
154 108
155 74
156 80
157 96
158 92
159 77
160 53
161 53
162 56
163 46
164 45
165 25
166 26
167 32
168 26
169 18
170 27
171 24
172 33
173 30
174 38
175 33
176 32
177 30
178 31
179 21
180 11
181 21
182 14
183 20
184 19
185 16
186 14
187 19
188 12
189 14
190 17
191 12
192 15
193 13
194 16
195 19
196 19
197 16
198 23
199 11
200 15
201 15
202 15
203 11
204 23
205 20
206 5
207 15
208 15
209 14
210 13
211 9
212 8
213 7
214 3
215 6
216 7
217 6
218 10
219 4
220 4
221 4
222 10
223 7
224 10
225 13
226 6
227 12
228 5
229 11
230 5
231 6
232 6
233 17
234 6
235 11
236 11
237 6
238 9
239 5
240 5
241 5
242 2
243 8
244 11
245 6
246 6
247 7
248 5
249 10
250 7
251 6
252 6
253 5
254 13
255 4
256 4
257 1
258 4
259 7
260 5
261 7
262 4
263 6
264 9
265 10
266 9
267 6
268 2
269 2
270 4
271 4
272 5
273 8
274 7
275 4
276 7
277 7
278 6
279 6
280 8
281 5
282 5
283 4
284 2
285 8
286 5
287 6
288 14
289 7
290 7
291 8
292 4
293 6
294 4
295 5
296 11
297 4
298 4
299 4
300 1
301 4
303 5
304 4
305 3
306 4
307 4
308 5
309 6
310 2
311 3
312 6
313 4
314 6
315 1
316 4
317 5
318 1
319 2
320 5
321 4
322 3
323 2
324 2
325 1
326 1
327 3
328 3
329 4
330 2
331 3
332 6
333 3
334 4
335 2
337 6
338 1
339 4
343 1
344 3
345 1
346 3
348 5
349 2
350 2
351 4
352 3
354 3
355 4
356 4
357 3
358 1
359 4
360 3
361 2
362 4
363 2
364 4
365 2
366 4
367 5
368 7
369 2
370 3
371 7
372 5
373 3
374 5
375 3
376 3
377 4
378 3
379 7
380 8
381 4
382 8
383 8
384 4
385 2
386 2
389 1
390 1
391 3
392 1
393 2
395 3
397 1
398 5
399 1
400 1
401 2
403 2
404 1
406 3
407 3
408 3
409 2
410 4
411 5
413 8
414 2
415 1
416 3
417 3
418 4
419 1
420 3
421 4
422 8
423 3
424 4
425 1
426 1
428 2
429 1
430 1
431 1
432 1
433 2
434 2
435 1
437 1
438 1
439 1
440 2
441 4
442 1
444 2
445 1
446 1
447 4
448 2
449 3
451 3
452 3
453 2
454 2
455 2
456 2
458 1
459 1
460 3
461 2
462 1
463 3
465 1
466 5
467 2
468 1
469 3
470 4
471 4
472 4
473 1
474 4
476 2
477 1
479 2
480 2
482 1
483 4
484 2
485 1
487 1
488 1
490 1
499 1
500 1
508 1
521 1
522 1
525 1
526 1
527 1
529 2
530 1
531 1
532 1
533 3
534 2
535 1
542 1
543 1
544 2
546 1
548 3
552 1
557 1
561 1
565 1
568 1
575 2
577 2
582 1
584 1
585 1
586 2
588 1
593 1
595 1
597 1
603 1
604 1
608 1
612 1
620 2
629 1
631 1
633 1
634 1
635 3
638 1
639 1
646 3
647 1
650 1
651 2
654 1
656 1
658 1
660 1
663 1
665 1
667 1
668 2
670 1
671 2
676 1
677 1
678 1
679 1
680 2
686 1
690 2
693 1
697 1
702 2
704 2
705 1
709 1
710 1
719 1
721 1
725 1
727 1
739 1
743 1
744 1
747 1
749 1
754 2
766 1
767 1
769 3
772 1
773 1
775 1
779 1
780 2
781 1
784 1
785 2
787 1
788 1
789 2
793 1
796 1
801 1
802 1
804 1
805 1
808 1
809 3
810 1
811 1
813 2
814 3
815 2
817 2
818 2
819 1
821 1
824 1
828 2
829 1
837 1
839 1
845 1
849 1
850 1
851 2
854 1
855 1
856 1
858 2
859 2
860 2
862 1
864 3
866 2
870 1
871 1
872 1
873 3
874 2
876 2
877 2
878 1
882 1
884 1
886 1
907 1
914 1
917 2
920 1
931 2
932 2
934 1
937 1
941 2
943 2
944 1
945 1
946 5
949 1
952 1
953 1
954 1
958 1
963 2
972 1
973 2
975 2
976 1
977 1
979 1
981 1
982 2
983 1
984 1
988 1
995 1
996 1
998 1
999 3
1000 1
1001 2
1002 1
1004 1
1006 3
1007 1
1008 1
1010 1
1011 2
1012 1
1013 2
1015 1
1016 1
1017 1
1021 1
1022 1
1024 4
1027 1
1028 2
1040 1
1044 1
1045 1
1049 1
1066 1
1070 1
1074 1
1076 1
1080 1
1082 1
1084 1
1087 3
1089 4
1090 1
1093 3
1101 1
1104 1
1106 1
1107 2
1108 1
1112 2
1114 1
1115 1
1118 1
1119 1
1126 1
1141 1
1142 1
1156 1
1169 1
1173 1
1177 2
1178 1
1179 2
1183 1
1184 1
1193 1
1194 1
1197 1
1229 1
1231 1
1241 1
1250 1
1255 1
1273 1
1274 1
1280 1
1281 1
1282 1
1283 2
1286 1
1287 1
1290 2
1291 2
1297 1
1299 1
1305 1
1311 2
1312 1
1317 1
1324 1
1334 3
1339 1
1340 1
1361 1
1375 1
1380 1
1383 1
1409 1
1415 1
1425 1
1434 1
1439 1
1461 1
1635 1
1640 1
1642 1
1647 1
1649 1
1651 1
1701 2
1703 1
1734 1
1737 1
1767 1
