1 12589
2 55540
3 161525
4 369147
5 664971
6 1003138
7 1304870
8 1491354
9 1523949
10 1432348
11 1246133
12 1025788
13 824803
14 662379
15 560384
16 506708
17 499480
18 524033
19 571423
20 626515
21 696077
22 759023
23 821346
24 872031
25 910881
26 930514
27 933842
28 917021
29 880487
30 828516
31 764737
32 690524
33 611318
34 531546
35 454665
36 384328
37 315814
38 256352
39 204284
40 160579
41 123937
42 95772
43 73114
44 55198
45 41620
46 30773
47 22933
48 17365
49 13440
50 10370
51 8379
52 7083
53 5703
54 5308
55 4681
56 4420
57 4269
58 4030
59 3764
60 3814
61 3615
62 3594
63 3365
64 3097
65 2876
66 2666
67 2496
68 2202
69 2166
70 1985
71 1768
72 1659
73 1618
74 1459
75 1347
76 1219
77 1121
78 1155
79 1105
80 1109
81 1090
82 1032
83 1084
84 988
85 1039
86 937
87 926
88 884
89 864
90 815
91 788
92 787
93 767
94 726
95 716
96 679
97 704
98 668
99 675
100 668
101 691
102 689
103 646
104 611
105 594
106 602
107 621
108 630
109 619
110 675
111 664
112 724
113 685
114 738
115 679
116 734
117 713
118 713
119 732
120 677
121 653
122 642
123 660
124 653
125 554
126 540
127 534
128 488
129 480
130 389
131 366
132 336
133 337
134 300
135 313
136 272
137 246
138 244
139 170
140 173
141 190
142 187
143 203
144 182
145 192
146 133
147 162
148 143
149 159
150 159
151 184
152 172
153 153
154 170
155 159
156 173
157 214
158 171
159 173
160 138
161 136
162 147
163 133
164 144
165 139
166 100
167 128
168 94
169 98
170 85
171 94
172 79
173 87
174 78
175 74
176 74
177 50
178 53
179 86
180 82
181 65
182 62
183 70
184 83
185 80
186 67
187 69
188 64
189 67
190 74
191 80
192 78
193 53
194 58
195 56
196 55
197 75
198 64
199 66
200 68
201 98
202 75
203 94
204 66
205 57
206 66
207 49
208 47
209 40
210 60
211 53
212 53
213 66
214 56
215 58
216 56
217 69
218 63
219 64
220 45
221 50
222 49
223 61
224 58
225 44
226 47
227 65
228 62
229 52
230 54
231 54
232 63
233 65
234 54
235 41
236 50
237 45
238 52
239 46
240 57
241 63
242 68
243 59
244 42
245 52
246 56
247 48
248 41
249 44
250 43
251 29
252 39
253 33
254 32
255 21
256 29
257 24
258 27
259 34
260 35
261 32
262 31
263 29
264 27
265 28
266 48
267 32
268 39
269 37
270 30
271 26
272 31
273 36
274 33
275 27
276 24
277 26
278 25
279 34
280 23
281 24
282 32
283 32
284 25
285 39
286 37
287 37
288 35
289 28
290 35
291 27
292 19
293 26
294 25
295 12
296 21
297 27
298 25
299 13
300 22
301 22
302 18
303 35
304 33
305 24
306 25
307 31
308 26
309 26
310 33
311 19
312 19
313 14
314 18
315 19
316 19
317 21
318 8
319 15
320 16
321 12
322 13
323 11
324 13
325 15
326 16
327 14
328 11
329 10
330 4
331 14
332 6
333 6
334 4
335 4
336 1
337 4
338 4
339 5
340 12
341 8
342 5
343 5
344 3
345 3
346 3
347 4
348 5
349 4
350 4
351 4
352 11
353 3
354 5
355 5
356 5
357 5
358 5
359 7
360 2
361 4
362 2
363 2
364 7
365 4
366 2
367 4
368 1
369 4
370 2
371 6
372 7
373 2
374 1
375 1
376 4
377 2
379 2
380 2
381 2
383 2
384 3
385 3
386 4
387 2
388 1
389 5
390 3
391 2
392 4
393 3
394 3
395 3
396 4
397 2
398 1
399 5
400 3
401 3
402 1
403 2
404 4
405 1
406 3
407 1
408 4
409 2
410 2
411 3
412 4
413 2
414 1
416 1
417 2
418 3
419 2
420 1
421 1
424 2
426 3
430 1
434 4
435 5
436 3
437 1
438 2
439 3
440 2
441 1
442 1
443 2
444 1
445 1
446 1
447 2
449 2
450 1
451 1
452 1
453 2
454 2
455 4
456 2
457 2
458 4
460 2
461 2
462 2
463 3
464 3
466 2
467 2
468 4
469 3
470 3
471 3
472 3
473 3
474 2
475 2
476 3
477 1
478 1
479 4
480 3
481 3
482 4
483 1
484 4
485 1
486 3
488 1
489 2
490 3
492 1
493 2
494 4
495 5
496 8
497 8
498 3
499 7
500 3
501 2
502 4
503 2
504 2
505 3
506 4
507 1
512 1
513 1
515 1
516 1
518 3
519 1
520 2
521 2
526 1
527 1
528 1
529 2
530 2
532 2
534 3
535 1
536 3
537 3
538 3
540 1
542 1
544 1
545 1
548 1
550 1
552 2
554 2
555 2
556 1
558 2
559 1
561 1
562 1
563 1
564 1
566 3
567 1
568 2
569 1
571 1
574 4
576 1
578 2
579 1
583 1
587 1
589 2
590 4
592 2
593 4
595 1
596 1
598 1
599 1
602 1
608 3
614 1
616 1
618 1
623 1
625 1
627 1
629 1
630 3
632 2
633 2
635 2
636 2
639 1
640 2
641 1
644 1
645 3
646 1
647 1
648 1
651 3
652 1
654 1
656 1
657 2
658 2
659 2
660 1
661 2
662 3
664 2
665 4
666 2
668 1
669 1
671 1
675 1
679 1
680 1
681 3
682 1
684 1
685 1
686 1
688 1
690 1
691 1
697 1
703 1
707 1
711 1
713 2
714 1
715 1
717 1
718 2
720 2
722 1
723 2
724 2
725 2
727 1
728 3
729 1
730 1
731 2
732 1
737 1
741 1
744 1
749 1
752 2
753 1
758 1
763 1
766 1
767 1
768 1
770 1
774 1
782 1
784 1
786 1
791 2
794 1
795 1
797 1
801 1
802 1
803 1
806 3
808 1
809 1
812 1
813 1
814 2
815 1
816 1
817 2
818 3
821 2
823 1
825 2
826 2
827 4
829 3
832 1
833 1
835 1
836 2
838 1
839 1
841 1
842 1
843 1
845 1
846 2
849 1
850 2
852 1
853 1
854 1
857 2
859 1
868 1
869 1
870 2
873 1
876 1
880 2
881 1
889 1
892 1
897 1
903 2
904 1
905 2
907 1
909 1
910 2
911 1
912 1
913 1
914 2
915 1
917 1
918 1
923 1
924 1
927 1
929 1
933 2
935 2
937 1
939 1
948 2
949 1
958 1
959 1
960 1
961 3
963 1
974 1
977 1
988 2
1012 1
1025 1
1030 1
1037 3
1040 1
1043 2
1048 1
1053 1
1056 1
1058 1
1060 1
1065 1
1073 1
1074 1
1075 4
1080 1
1082 2
1085 1
1086 1
1088 2
1089 1
1090 1
1091 1
1092 1
1095 1
1096 1
1097 2
1103 1
1106 1
1108 1
1129 1
1134 1
1148 1
1173 1
1199 1
1339 1
1344 2
1347 1
1349 1
1352 1
1357 2
1361 1
1362 4
1364 1
1365 1
1366 1
1368 1
1369 1
1373 1
1374 1
1376 1
1379 1
1380 1
1381 1
1395 1
1396 1
1397 1
1405 1
1420 1
2574 1
2577 1
2578 1
2583 1
2585 1
2588 2
2594 1
2595 1
2596 1
