1 1487537
2 2155493
3 2280461
4 2161267
5 2108408
6 2143883
7 2161230
8 2061213
9 1828046
10 1508576
11 1151742
12 823876
13 548707
14 347812
15 208176
16 119187
17 68015
18 38749
19 24304
20 15413
21 10918
22 8170
23 6986
24 5654
25 5052
26 4574
27 3850
28 3097
29 2926
30 2682
31 2423
32 2276
33 1948
34 1871
35 1712
36 1473
37 1333
38 1138
39 1047
40 964
41 893
42 826
43 758
44 635
45 619
46 521
47 557
48 511
49 484
50 474
51 400
52 368
53 335
54 339
55 314
56 303
57 300
58 313
59 308
60 308
61 318
62 292
63 252
64 247
65 286
66 332
67 443
68 447
69 588
70 798
71 980
72 1333
73 1775
74 2485
75 3449
76 4547
77 6134
78 8241
79 10550
80 13634
81 16928
82 21082
83 26454
84 32759
85 39519
86 48246
87 56685
88 65787
89 76483
90 86950
91 98789
92 109384
93 120361
94 131552
95 142591
96 153178
97 162157
98 170464
99 177221
100 181437
101 182770
102 185089
103 185238
104 182381
105 178019
106 173698
107 166178
108 158438
109 149353
110 139707
111 129281
112 119016
113 107983
114 96930
115 86446
116 76987
117 67012
118 58594
119 50816
120 43905
121 37349
122 31610
123 26560
124 21490
125 18092
126 14624
127 11748
128 9514
129 7684
130 6073
131 4770
132 3640
133 2913
134 2174
135 1715
136 1312
137 1001
138 747
139 583
140 473
141 325
142 237
143 176
144 160
145 131
146 91
147 78
148 71
149 52
150 61
151 67
152 52
153 45
154 63
155 51
156 67
157 62
158 83
159 61
160 61
161 56
162 61
163 45
164 60
165 64
166 57
167 53
168 61
169 45
170 56
171 71
172 52
173 72
174 88
175 83
176 86
177 83
178 103
179 119
180 113
181 141
182 165
183 167
184 224
185 212
186 232
187 285
188 345
189 395
190 375
191 460
192 499
193 579
194 567
195 639
196 648
197 672
198 645
199 670
200 672
201 702
202 705
203 759
204 733
205 702
206 745
207 760
208 765
209 718
210 686
211 711
212 697
213 725
214 673
215 645
216 630
217 572
218 547
219 467
220 436
221 442
222 388
223 346
224 328
225 290
226 280
227 258
228 259
229 205
230 208
231 159
232 148
233 95
234 82
235 84
236 64
237 72
238 43
239 44
240 49
241 40
242 25
243 26
244 24
245 27
246 19
247 15
248 20
249 11
250 7
251 7
252 5
253 5
254 3
255 1
256 2
257 6
258 4
259 5
260 7
261 4
264 2
265 3
266 4
267 3
268 11
269 8
270 5
271 11
272 12
273 7
274 8
275 16
276 16
277 25
278 24
279 29
280 36
281 39
282 35
283 46
284 40
285 31
286 37
287 40
288 40
289 38
290 51
291 62
292 59
293 60
294 47
295 59
296 54
297 79
298 65
299 82
300 81
301 80
302 95
303 91
304 79
305 95
306 83
307 83
308 73
309 79
310 79
311 95
312 81
313 89
314 58
315 72
316 87
317 75
318 98
319 112
320 88
321 92
322 97
323 74
324 95
325 87
326 85
327 86
328 76
329 59
330 64
331 56
332 56
333 63
334 61
335 48
336 37
337 41
338 36
339 37
340 28
341 26
342 27
343 26
344 25
345 18
346 23
347 26
348 24
349 23
350 28
351 26
352 20
353 25
354 23
355 17
356 18
357 23
358 34
359 21
360 23
361 27
362 28
363 20
364 37
365 25
366 23
367 25
368 21
369 33
370 33
371 28
372 26
373 31
374 29
375 28
376 12
377 33
378 38
379 38
380 33
381 39
382 41
383 49
384 55
385 60
386 55
387 67
388 76
389 80
390 83
391 75
392 91
393 91
394 87
395 104
396 89
397 98
398 84
399 108
400 98
401 103
402 117
403 96
404 120
405 124
406 139
407 129
408 138
409 139
410 111
411 141
412 160
413 145
414 135
415 151
416 128
417 132
418 133
419 111
420 122
421 97
422 117
423 122
424 107
425 106
426 108
427 128
428 108
429 97
430 93
431 120
432 97
433 86
434 81
435 92
436 104
437 85
438 78
439 74
440 85
441 73
442 76
443 67
444 68
445 55
446 63
447 50
448 38
449 46
450 38
451 45
452 35
453 42
454 34
455 30
456 37
457 37
458 42
459 42
460 31
461 36
462 40
463 31
464 25
465 24
466 29
467 23
468 15
469 21
470 18
471 11
472 13
473 13
474 18
475 15
476 9
477 9
478 9
479 17
480 7
481 6
482 5
483 8
484 6
485 9
486 4
487 4
488 4
489 7
490 6
491 8
492 7
493 4
494 6
495 6
496 6
497 3
498 4
499 6
500 7
501 7
502 2
503 4
504 2
505 2
506 5
507 5
508 3
509 5
510 6
511 10
512 5
513 1
514 3
515 3
516 1
517 1
518 1
520 2
521 1
522 1
524 1
525 2
527 2
528 2
529 1
530 1
532 5
533 2
534 4
535 2
536 1
537 2
538 1
543 2
547 1
548 1
550 2
552 2
553 1
554 1
557 1
562 1
565 1
575 2
578 2
579 1
582 1
583 2
586 1
588 1
589 1
590 1
592 1
594 1
598 1
600 1
601 1
602 1
610 1
614 2
615 1
616 1
618 1
622 1
624 1
626 1
640 1
643 1
648 1
651 1
653 2
663 1
664 1
670 1
672 2
674 1
678 1
687 1
690 1
698 1
722 1
796 1
814 1
817 1
818 2
822 1
823 1
827 1
828 1
830 1
843 1
864 1
869 1
870 1
893 1
905 1
907 1
909 1
921 1
922 1
929 1
931 1
945 1
949 1
1056 1
1109 1
1198 1
1808 1
2153 1
2163 1
2166 1
2167 1
2176 1
2181 1
2183 2
2353 1
2358 1
2462 1
