1 3450840
2 3526097
3 2954369
4 2375223
5 1916690
6 1503636
7 1105103
8 744348
9 467100
10 285835
11 192452
12 157170
13 158441
14 175993
15 196226
16 213826
17 221157
18 215444
19 201848
20 179078
21 151450
22 121698
23 93499
24 70198
25 49966
26 34042
27 22875
28 15211
29 9775
30 6408
31 4163
32 2706
33 2013
34 1586
35 1415
36 1272
37 1170
38 975
39 868
40 685
41 541
42 491
43 349
44 334
45 251
46 207
47 151
48 125
49 100
50 77
51 58
52 47
53 48
54 35
55 40
56 39
57 28
58 28
59 25
60 21
61 30
62 43
63 71
64 135
65 215
66 399
67 553
68 850
69 1097
70 1523
71 2081
72 2897
73 3865
74 5076
75 6685
76 8666
77 11287
78 14404
79 18528
80 22736
81 28458
82 34544
83 41627
84 49563
85 58152
86 68705
87 78775
88 90441
89 102061
90 114646
91 125877
92 138145
93 150547
94 161547
95 171392
96 180862
97 189506
98 196068
99 201502
100 204163
101 206160
102 207503
103 205165
104 202568
105 198004
106 192053
107 186350
108 176827
109 168498
110 158428
111 147920
112 137832
113 128234
114 117656
115 107315
116 97183
117 88350
118 79663
119 70979
120 62532
121 55064
122 48390
123 41839
124 35874
125 30595
126 26080
127 21700
128 18367
129 15216
130 12854
131 10479
132 8538
133 6972
134 5594
135 4498
136 3570
137 2806
138 2227
139 1751
140 1454
141 1077
142 767
143 609
144 399
145 256
146 238
147 192
148 131
149 102
150 88
151 74
152 59
153 45
154 37
155 30
156 24
157 44
158 26
159 30
160 28
161 28
162 56
163 48
164 41
165 38
166 53
167 54
168 74
169 72
170 94
171 120
172 114
173 164
174 199
175 214
176 246
177 288
178 321
179 354
180 373
181 412
182 503
183 537
184 546
185 648
186 673
187 697
188 701
189 732
190 803
191 817
192 824
193 903
194 926
195 987
196 1025
197 1070
198 1018
199 1054
200 1122
201 1008
202 970
203 987
204 1014
205 1034
206 995
207 961
208 936
209 882
210 914
211 894
212 863
213 769
214 696
215 657
216 599
217 609
218 553
219 530
220 446
221 427
222 455
223 410
224 393
225 349
226 351
227 299
228 266
229 203
230 204
231 200
232 155
233 157
234 127
235 124
236 108
237 117
238 87
239 78
240 68
241 67
242 53
243 70
244 64
245 62
246 47
247 49
248 35
249 30
250 32
251 28
252 21
253 13
254 20
255 9
256 14
257 11
258 14
259 15
260 27
261 33
262 31
263 39
264 48
265 45
266 44
267 67
268 62
269 69
270 74
271 99
272 86
273 82
274 92
275 115
276 101
277 122
278 119
279 126
280 148
281 110
282 146
283 132
284 189
285 171
286 161
287 187
288 177
289 171
290 184
291 202
292 214
293 198
294 212
295 183
296 206
297 213
298 208
299 245
300 258
301 270
302 275
303 243
304 257
305 270
306 311
307 294
308 285
309 311
310 268
311 275
312 287
313 283
314 273
315 282
316 255
317 283
318 278
319 270
320 279
321 254
322 272
323 279
324 244
325 255
326 253
327 216
328 231
329 214
330 227
331 185
332 196
333 169
334 170
335 190
336 171
337 186
338 185
339 213
340 198
341 196
342 164
343 141
344 137
345 102
346 111
347 126
348 107
349 111
350 117
351 90
352 86
353 97
354 78
355 78
356 67
357 71
358 63
359 62
360 88
361 86
362 69
363 84
364 75
365 54
366 70
367 62
368 73
369 79
370 74
371 60
372 58
373 60
374 64
375 64
376 77
377 80
378 80
379 81
380 74
381 60
382 65
383 69
384 60
385 75
386 72
387 82
388 68
389 78
390 73
391 92
392 76
393 87
394 91
395 108
396 101
397 119
398 95
399 120
400 107
401 107
402 127
403 139
404 113
405 108
406 116
407 119
408 123
409 109
410 117
411 102
412 126
413 98
414 115
415 101
416 109
417 86
418 95
419 92
420 68
421 69
422 63
423 81
424 64
425 45
426 53
427 56
428 49
429 45
430 34
431 42
432 37
433 26
434 28
435 31
436 18
437 30
438 17
439 30
440 23
441 25
442 21
443 19
444 27
445 38
446 21
447 26
448 26
449 22
450 20
451 17
452 23
453 16
454 16
455 13
456 16
457 7
458 13
459 12
460 6
461 19
462 11
463 25
464 26
465 22
466 28
467 31
468 31
469 28
470 33
471 21
472 43
473 47
474 43
475 42
476 51
477 54
478 62
479 53
480 46
481 49
482 60
483 60
484 63
485 60
486 70
487 65
488 70
489 72
490 66
491 66
492 72
493 96
494 76
495 98
496 81
497 72
498 77
499 92
500 102
501 88
502 89
503 91
504 95
505 87
506 77
507 77
508 90
509 83
510 84
511 70
512 64
513 88
514 74
515 69
516 84
517 65
518 60
519 42
520 53
521 70
522 37
523 49
524 50
525 23
526 40
527 52
528 29
529 39
530 37
531 46
532 48
533 43
534 52
535 39
536 47
537 49
538 42
539 27
540 22
541 29
542 23
543 30
544 29
545 25
546 24
547 21
548 15
549 12
550 14
551 19
552 11
553 5
554 8
555 9
556 11
557 7
558 6
559 9
560 13
561 9
562 14
563 11
564 8
565 17
566 14
567 8
568 12
569 16
570 9
571 8
572 18
573 11
574 16
575 8
576 12
577 10
578 7
579 9
580 11
581 3
582 8
583 9
584 8
585 11
586 7
587 12
588 12
589 18
590 14
591 16
592 7
593 9
594 7
595 11
596 10
597 12
598 12
599 8
600 9
601 11
602 7
603 9
604 12
605 9
606 10
607 13
608 8
609 13
610 7
611 8
612 8
613 11
614 11
615 10
616 8
617 15
618 9
619 11
620 7
621 11
622 13
623 8
624 9
625 5
626 2
627 4
628 4
629 11
630 4
631 2
632 6
633 7
634 6
635 9
636 3
637 2
638 2
639 4
640 3
641 3
642 4
643 6
644 5
645 6
646 5
647 5
648 2
649 2
650 7
651 5
652 6
653 6
654 11
655 9
656 8
657 7
658 5
659 1
660 8
661 3
663 6
664 5
665 6
666 7
667 4
668 9
669 3
670 4
671 2
672 5
673 4
674 6
675 3
676 6
677 7
678 2
679 4
680 5
681 4
682 2
683 1
684 4
685 7
686 6
687 1
688 6
689 5
690 3
691 6
692 4
693 4
694 8
695 7
696 6
697 10
698 4
699 4
700 4
701 5
702 2
703 5
704 4
705 4
706 8
707 5
708 3
709 8
710 11
711 8
712 8
713 6
714 5
715 4
716 8
717 6
718 6
719 4
720 3
721 4
722 6
723 4
724 10
725 4
726 10
728 4
729 6
730 6
731 2
732 1
733 5
735 5
736 2
737 4
738 3
739 2
740 3
741 1
742 3
743 2
745 1
746 2
747 3
750 4
751 1
752 1
753 1
754 1
755 2
756 2
757 1
758 1
759 2
760 1
761 2
762 1
764 2
765 1
766 5
767 5
768 3
769 2
770 4
771 4
772 1
773 3
774 4
775 1
778 1
779 3
780 2
781 2
782 1
783 2
784 7
785 1
786 3
787 4
788 2
789 2
790 2
791 3
792 5
793 2
794 2
795 3
796 2
797 3
798 2
799 6
800 5
801 7
802 5
803 1
804 4
805 1
806 5
807 4
808 4
809 3
810 3
811 4
812 2
813 4
814 3
815 5
816 3
817 3
818 1
819 3
820 1
821 3
822 3
823 4
824 7
825 4
826 2
827 3
828 2
829 2
831 2
832 3
833 3
838 1
839 1
840 1
841 3
842 1
843 3
844 1
850 1
851 1
852 1
854 1
855 2
856 1
857 3
858 2
859 1
861 4
862 1
863 1
864 1
867 2
868 1
870 1
872 3
873 2
874 1
875 1
876 2
877 2
878 2
880 6
881 2
882 3
883 2
884 2
886 6
887 4
888 3
889 3
890 4
891 2
892 4
893 6
894 4
895 2
896 1
897 6
898 3
899 5
900 1
901 2
902 1
903 4
904 2
905 4
906 2
907 3
908 4
909 3
910 1
911 2
912 2
913 6
915 1
917 1
918 2
920 3
921 3
922 1
923 3
924 1
925 4
926 3
927 2
928 3
929 5
930 1
931 2
932 2
933 2
935 1
936 1
938 2
940 2
941 2
943 2
944 1
945 3
946 1
947 1
954 1
957 2
961 1
963 1
967 2
969 2
970 2
971 3
973 1
974 3
975 3
976 4
977 1
978 2
979 3
980 1
981 1
982 3
983 2
984 1
985 2
988 3
989 2
990 3
991 2
993 4
995 1
996 2
997 3
998 1
999 4
1000 2
1001 4
1002 4
1003 5
1004 2
1005 2
1006 3
1007 2
1008 5
1009 4
1011 1
1012 3
1013 1
1014 2
1015 4
1016 2
1017 1
1018 3
1019 2
1020 3
1021 2
1022 4
1023 1
1024 4
1025 1
1026 3
1027 3
1028 1
1029 2
1030 1
1032 1
1034 3
1035 1
1036 2
1037 2
1038 1
1039 1
1040 1
1041 2
1042 1
1044 1
1045 2
1047 1
1050 1
1052 1
1054 1
1056 1
1060 1
1062 1
1064 2
1067 1
1068 2
1069 1
1071 2
1072 1
1073 2
1074 2
1075 1
1081 1
1083 3
1084 1
1086 2
1088 2
1089 3
1090 2
1091 5
1094 1
1095 4
1097 3
1098 1
1099 3
1100 2
1101 2
1102 1
1103 3
1104 1
1105 4
1106 1
1107 2
1108 1
1109 4
1110 2
1111 4
1112 4
1113 3
1114 1
1115 1
1117 3
1118 3
1119 3
1120 2
1121 3
1122 1
1123 3
1124 2
1127 1
1128 2
1130 1
1134 1
1135 1
1136 2
1138 1
1139 1
1140 1
1145 2
1146 1
1147 1
1148 1
1149 1
1150 2
1151 1
1152 1
1153 3
1159 1
1161 2
1168 1
1176 1
1178 1
1183 1
1186 2
1187 2
1188 2
1189 3
1192 1
1193 1
1196 2
1197 2
1198 1
1199 2
1200 1
1201 2
1202 1
1203 2
1204 2
1208 1
1209 3
1210 1
1212 2
1214 1
1217 2
1218 1
1221 1
1224 1
1228 1
1231 2
1232 1
1233 1
1234 2
1235 2
1237 2
1238 2
1239 1
1243 3
1244 2
1245 1
1246 1
1252 1
1258 2
1261 1
1266 1
1270 1
1276 2
1279 1
1280 1
1281 1
1282 1
1283 1
1286 3
1287 2
1288 1
1290 1
1292 2
1293 1
1294 2
1298 1
1300 2
1302 1
1303 3
1304 2
1306 3
1308 1
1309 2
1314 1
1316 1
1319 1
1323 2
1324 2
1326 2
1327 1
1328 3
1329 6
1331 3
1332 1
1333 2
1335 1
1336 1
1337 2
1339 2
1340 3
1343 1
1344 1
1346 3
1347 2
1348 1
1350 4
1351 1
1353 1
1359 1
1361 1
1367 1
1371 1
1372 1
1375 1
1376 2
1377 1
1378 2
1379 1
1380 1
1381 4
1382 3
1383 2
1384 2
1385 2
1386 1
1387 1
1388 4
1390 2
1391 1
1392 2
1393 3
1396 1
1397 2
1399 2
1400 2
1402 1
1403 1
1407 1
1410 1
1413 1
1418 2
1419 2
1420 2
1422 1
1423 1
1424 1
1426 1
1427 1
1428 1
1429 1
1431 1
1432 2
1433 1
1434 1
1435 3
1436 1
1441 2
1442 2
1443 1
1445 1
1447 1
1448 1
1449 1
1450 1
1454 1
1456 1
1457 2
1459 2
1461 1
1462 1
1463 1
1464 1
1468 2
1469 1
1473 1
1474 1
1475 1
1476 4
1481 1
1482 1
1488 1
1494 1
1496 1
1499 1
1500 1
1512 1
1516 1
1521 1
1523 1
1525 1
1530 1
1538 1
1539 1
1540 1
1541 1
1542 1
1544 4
1547 1
1548 3
1549 1
1550 2
1551 2
1552 2
1554 1
1555 2
1556 1
1558 4
1559 2
1565 1
1567 2
1570 1
1573 1
1576 2
1577 1
1581 1
1582 1
1586 1
1587 2
1590 2
1593 1
1594 1
1595 1
1596 2
1599 1
1601 1
1603 2
1607 1
1608 1
1610 1
1615 1
1619 2
1625 1
1626 2
1631 1
1635 1
1636 2
1642 1
1643 1
1647 1
1658 1
1661 1
1664 1
1666 1
1669 1
1670 2
1671 1
1673 1
1675 1
1676 2
1679 1
1682 1
1684 1
1685 1
1688 1
1690 1
1693 1
1704 1
1709 1
1717 1
1722 1
1725 1
1728 1
1745 1
1748 1
1749 1
1752 2
1754 1
1756 2
1758 1
1761 1
1766 1
1767 1
1770 1
1771 1
1789 1
1794 1
1797 1
1802 1
1806 1
1807 1
1808 2
1824 1
1829 1
1830 1
1831 1
1833 1
1834 1
1835 2
1836 3
1839 1
1842 1
1846 1
1851 1
1853 1
1858 1
1859 2
1860 1
1875 1
1912 1
1931 1
1934 1
1939 1
1941 1
1960 1
1963 1
1967 1
2023 1
2025 2
2105 1
2122 1
2133 1
2151 1
2203 1
2206 1
2211 1
2212 1
2217 1
2226 1
2239 1
2241 1
2242 1
2257 1
2258 1
2264 1
2281 1
2292 1
2318 1
2320 1
2329 1
2335 1
2347 1
2357 1
2358 1
2362 1
2370 1
2377 1
2378 1
2393 2
2417 1
2421 1
2423 1
2427 1
2429 1
2440 1
2441 1
2442 1
2444 1
2447 1
2448 1
2456 4
2458 1
2463 1
2464 1
2465 1
2475 1
2482 1
2515 1
2517 1
2519 2
2521 1
2523 1
2529 1
2553 1
2558 1
2562 1
2563 1
2567 1
2596 1
2632 1
2644 2
2653 1
2656 1
2704 1
2713 2
2717 1
2718 1
2722 1
2730 1
2744 1
2820 1
2824 1
2831 1
2839 1
2842 1
2855 1
2870 1
2872 2
2875 1
2876 1
2882 1
2884 1
2887 1
2888 1
2892 2
2906 2
2914 1
2922 1
2923 1
2927 2
2929 1
2930 2
2933 1
2934 1
2935 1
2938 4
2944 2
2949 1
2973 1
2984 1
2987 1
2988 2
2989 1
2990 2
2992 1
2994 2
2998 1
3002 1
3021 1
3026 1
3039 1
3042 1
3053 1
3060 1
3074 1
3075 1
3078 1
3081 2
3082 1
3083 2
3087 1
3097 1
3098 1
3142 1
3157 1
3176 1
3185 1
3186 1
3195 1
3198 1
3200 1
3211 1
3213 1
3216 1
3220 1
3237 1
3272 1
3283 1
3286 1
3287 1
3292 2
3295 1
3301 1
3308 1
3317 1
3323 1
3328 3
3333 1
3395 1
3397 1
3398 1
3399 1
3401 1
3402 1
3403 1
3407 1
3409 1
3410 1
3414 1
3415 1
3425 1
3435 1
3442 1
3445 1
3465 1
3470 2
3476 1
3488 1
3490 1
3491 1
3492 1
3494 2
3495 1
3498 1
3507 1
3523 1
3526 1
3528 1
3532 1
3565 1
3571 1
3580 1
3583 1
3585 1
3595 1
3600 1
3605 1
3609 1
3633 1
3642 1
3643 1
3646 1
3656 2
3661 1
3664 1
3665 1
3667 1
3688 1
3689 1
3695 1
3696 2
3699 1
3706 1
3727 1
3763 1
3764 1
3776 1
3782 2
3786 1
3790 1
3797 1
3805 1
3808 1
3816 1
3832 1
3837 1
3838 1
3857 1
3876 1
3894 1
3901 1
3907 1
3915 1
3919 1
3921 1
3925 1
3928 1
3931 1
3933 2
3937 1
3940 1
3946 1
3957 2
3982 1
3985 1
3987 1
4002 1
4017 1
4020 1
4026 1
4082 1
4094 1
4110 1
4113 1
4121 1
4188 1
4200 1
4235 1
4238 1
4247 2
4248 1
4282 1
4358 1
4366 1
4501 1
4571 1
4572 1
4574 2
4578 1
4587 1
4607 1
4617 1
4622 1
4630 1
4633 1
4645 1
4648 1
4651 1
4660 1
4677 1
4691 1
4697 1
4718 1
4728 1
4763 1
4787 1
4793 1
4803 1
4840 1
4856 1
4857 1
4866 1
4886 1
4904 1
4914 1
4924 1
4959 1
4964 1
4965 1
4993 1
5060 1
5072 1
5089 1
5178 1
5183 1
5819 1
5820 1
5825 1
5827 1
5830 1
5833 1
5985 2
6046 1
6146 1
6165 1
6253 1
