1 117660
2 367278
3 786237
4 1276975
5 1678274
6 1862446
7 1802041
8 1572894
9 1292088
10 1049944
11 893802
12 826646
13 842486
14 905975
15 992449
16 1075012
17 1142683
18 1177804
19 1180703
20 1153876
21 1085237
22 994948
23 883009
24 760560
25 636280
26 516219
27 412706
28 324157
29 245313
30 181790
31 133910
32 95963
33 68216
34 47917
35 34244
36 24290
37 17491
38 13127
39 9929
40 7968
41 6704
42 5986
43 5339
44 5024
45 4848
46 4254
47 3732
48 3500
49 3135
50 2927
51 2792
52 2543
53 2357
54 2225
55 2030
56 1804
57 1691
58 1459
59 1443
60 1388
61 1347
62 1261
63 1243
64 1174
65 1078
66 1032
67 1009
68 1036
69 991
70 1054
71 944
72 964
73 910
74 887
75 811
76 761
77 739
78 764
79 747
80 784
81 779
82 791
83 829
84 889
85 868
86 883
87 900
88 890
89 870
90 777
91 813
92 726
93 644
94 612
95 540
96 495
97 500
98 445
99 393
100 388
101 377
102 353
103 353
104 293
105 279
106 236
107 246
108 258
109 177
110 155
111 162
112 206
113 212
114 207
115 173
116 165
117 188
118 164
119 157
120 181
121 166
122 144
123 143
124 168
125 160
126 168
127 153
128 128
129 146
130 147
131 131
132 127
133 111
134 88
135 91
136 109
137 105
138 110
139 87
140 81
141 68
142 90
143 87
144 98
145 98
146 84
147 83
148 80
149 66
150 69
151 76
152 72
153 74
154 82
155 72
156 94
157 88
158 78
159 68
160 70
161 77
162 79
163 64
164 48
165 53
166 53
167 65
168 67
169 75
170 78
171 69
172 68
173 41
174 40
175 37
176 45
177 42
178 28
179 37
180 42
181 30
182 41
183 39
184 41
185 42
186 38
187 33
188 28
189 48
190 36
191 41
192 53
193 49
194 64
195 48
196 57
197 51
198 48
199 39
200 46
201 43
202 31
203 50
204 42
205 52
206 45
207 39
208 40
209 47
210 41
211 59
212 59
213 45
214 46
215 55
216 61
217 44
218 35
219 52
220 39
221 27
222 26
223 21
224 24
225 24
226 15
227 16
228 15
229 18
230 7
231 13
232 10
233 8
234 5
235 7
236 10
237 5
238 14
239 21
240 12
241 20
242 9
243 5
244 10
245 9
246 6
247 5
248 2
249 8
250 10
251 14
252 10
253 11
254 9
255 9
256 4
257 2
258 5
259 4
260 4
261 9
263 7
264 4
265 2
266 7
267 5
268 4
269 10
270 8
271 5
272 2
273 7
274 1
275 4
276 3
277 2
278 2
279 1
280 2
281 1
282 2
283 2
285 3
287 1
288 1
289 6
290 4
292 1
294 2
295 3
297 3
298 1
299 3
300 3
301 8
302 4
304 6
305 1
306 4
307 3
308 3
309 5
310 2
311 2
312 5
313 2
315 2
316 2
317 1
318 2
319 5
321 4
322 1
324 4
325 2
326 4
327 3
328 3
329 1
330 3
331 1
332 4
333 7
334 3
335 4
336 4
337 1
338 4
339 5
340 3
341 3
342 4
344 3
345 5
346 7
347 3
348 4
349 2
350 5
351 7
352 6
353 5
354 3
355 5
356 3
357 2
358 2
359 2
360 9
361 2
362 1
363 1
364 3
365 2
366 1
367 3
368 6
369 4
370 2
371 2
372 2
373 2
374 2
376 1
377 1
378 1
379 1
380 3
381 1
382 1
383 1
384 3
386 1
389 1
390 1
394 1
395 1
397 1
399 2
400 1
402 1
405 2
406 2
407 2
409 1
410 1
411 1
412 2
413 2
414 1
415 1
416 1
417 1
418 2
419 1
423 1
424 3
425 2
426 3
427 2
429 1
430 2
432 2
433 2
434 1
435 2
436 1
438 1
439 3
440 1
441 1
442 4
443 3
446 1
447 1
448 1
451 1
454 2
455 3
456 2
457 4
458 2
460 1
461 1
465 2
467 1
471 1
473 1
475 1
480 1
481 1
484 1
485 1
488 2
489 1
490 1
491 1
492 2
493 2
494 1
497 1
498 3
499 3
501 1
504 2
505 1
507 3
508 1
509 2
510 2
511 2
512 1
513 2
514 1
517 1
518 2
519 3
521 1
522 1
523 2
524 1
525 3
527 3
530 1
532 3
534 1
537 2
540 1
542 1
543 1
544 3
545 1
546 2
547 2
548 2
549 1
550 1
552 2
554 1
556 2
557 1
559 1
561 3
562 3
566 3
571 2
573 1
574 1
575 1
576 2
577 4
579 1
581 3
582 1
586 1
589 2
591 1
593 1
594 1
596 1
600 2
603 1
605 1
606 2
607 1
609 2
613 1
614 4
617 1
618 2
622 1
623 1
629 1
632 1
635 1
636 1
638 2
640 2
642 2
643 3
645 2
646 2
647 1
650 1
651 3
652 4
653 1
654 2
655 2
656 3
658 2
660 1
661 1
670 3
680 3
681 1
685 1
686 2
687 2
688 1
691 1
693 1
696 1
704 1
735 1
745 1
768 1
771 1
774 1
779 3
788 1
789 1
791 1
792 1
795 1
796 1
797 1
805 1
807 3
809 1
810 1
811 1
819 1
825 1
829 1
830 2
831 1
832 1
837 1
838 1
839 2
847 1
855 1
859 1
860 1
872 1
880 1
888 1
895 1
926 2
929 1
932 1
934 1
935 1
936 1
937 1
938 1
940 2
961 1
963 1
970 2
972 1
980 1
983 1
985 1
990 1
994 1
996 1
997 1
998 1
1000 1
1004 1
1007 1
1023 1
1026 1
1777 1
1778 1
1783 1
1795 1
1800 1
1801 1
1806 1
1812 1
1813 1
1823 1
