1 1331092
2 2003870
3 2165313
4 2050455
5 1967737
6 1990232
7 2052132
8 2040280
9 1905420
10 1651004
11 1316839
12 985210
13 697700
14 461982
15 292912
16 176489
17 104281
18 61723
19 35675
20 21376
21 14474
22 10076
23 7918
24 6189
25 5085
26 4416
27 3818
28 3380
29 2976
30 2689
31 2619
32 2490
33 2297
34 2136
35 1863
36 1657
37 1471
38 1302
39 1174
40 1077
41 958
42 857
43 817
44 803
45 839
46 783
47 758
48 660
49 584
50 563
51 456
52 445
53 435
54 382
55 360
56 387
57 332
58 376
59 373
60 384
61 299
62 285
63 321
64 290
65 249
66 235
67 233
68 236
69 243
70 275
71 286
72 315
73 403
74 471
75 552
76 855
77 1212
78 1604
79 2124
80 2962
81 3876
82 5195
83 6808
84 8682
85 11038
86 13980
87 17747
88 21964
89 26556
90 32555
91 39227
92 46176
93 54459
94 63452
95 73192
96 84350
97 94220
98 105218
99 115875
100 126718
101 137401
102 147626
103 155634
104 163087
105 169068
106 174256
107 177823
108 179543
109 179656
110 178092
111 175518
112 171583
113 165461
114 158394
115 150828
116 141030
117 131710
118 121225
119 111327
120 101623
121 92018
122 82109
123 72569
124 64531
125 56819
126 49356
127 42129
128 35606
129 30373
130 25772
131 21445
132 18014
133 14602
134 12107
135 9676
136 7836
137 6136
138 5040
139 4033
140 3082
141 2445
142 2000
143 1489
144 1086
145 847
146 616
147 496
148 342
149 280
150 228
151 152
152 121
153 86
154 71
155 64
156 50
157 53
158 41
159 46
160 32
161 35
162 23
163 15
164 19
165 14
166 15
167 13
168 9
169 14
170 13
171 23
172 28
173 40
174 54
175 44
176 50
177 54
178 51
179 70
180 71
181 71
182 76
183 90
184 108
185 88
186 97
187 98
188 124
189 119
190 134
191 144
192 159
193 151
194 175
195 176
196 230
197 218
198 293
199 267
200 307
201 380
202 373
203 430
204 426
205 520
206 521
207 549
208 541
209 597
210 617
211 620
212 663
213 680
214 713
215 713
216 695
217 763
218 774
219 715
220 717
221 700
222 684
223 682
224 667
225 585
226 599
227 607
228 592
229 570
230 486
231 470
232 500
233 421
234 475
235 371
236 409
237 336
238 332
239 330
240 273
241 238
242 218
243 209
244 213
245 183
246 185
247 144
248 142
249 114
250 90
251 89
252 82
253 57
254 45
255 43
256 27
257 24
258 15
259 14
260 14
261 11
262 6
263 9
264 12
265 5
266 5
267 7
268 3
269 4
270 2
271 3
272 3
273 7
274 7
275 8
276 4
277 2
278 4
279 4
280 9
281 6
282 10
283 10
284 11
285 17
286 9
287 7
288 12
289 6
290 8
291 9
292 12
293 6
294 7
295 9
296 12
297 20
298 19
299 27
300 24
301 29
302 21
303 25
304 38
305 28
306 53
307 44
308 47
309 39
310 44
311 50
312 39
313 60
314 55
315 56
316 51
317 68
318 71
319 91
320 84
321 85
322 100
323 90
324 93
325 76
326 99
327 99
328 95
329 98
330 100
331 97
332 107
333 111
334 110
335 93
336 91
337 109
338 107
339 99
340 97
341 79
342 99
343 72
344 69
345 67
346 73
347 67
348 58
349 45
350 59
351 46
352 58
353 38
354 36
355 49
356 37
357 31
358 35
359 36
360 28
361 23
362 33
363 23
364 21
365 21
366 31
367 19
368 21
369 25
370 39
371 27
372 29
373 29
374 28
375 18
376 27
377 26
378 29
379 25
380 31
381 22
382 31
383 27
384 19
385 20
386 24
387 16
388 27
389 20
390 38
391 22
392 27
393 28
394 43
395 31
396 36
397 45
398 35
399 51
400 43
401 62
402 45
403 43
404 47
405 45
406 63
407 64
408 63
409 66
410 63
411 65
412 76
413 80
414 70
415 77
416 69
417 105
418 100
419 98
420 100
421 104
422 88
423 100
424 88
425 98
426 91
427 92
428 127
429 102
430 98
431 99
432 121
433 117
434 101
435 99
436 132
437 107
438 146
439 120
440 106
441 102
442 121
443 116
444 123
445 125
446 128
447 98
448 84
449 99
450 111
451 94
452 97
453 107
454 98
455 104
456 99
457 100
458 105
459 81
460 90
461 70
462 58
463 79
464 82
465 77
466 61
467 58
468 60
469 58
470 55
471 52
472 46
473 46
474 51
475 59
476 55
477 57
478 43
479 40
480 44
481 29
482 28
483 39
484 26
485 16
486 22
487 19
488 21
489 22
490 25
491 9
492 21
493 16
494 11
495 10
496 18
497 9
498 13
499 9
500 6
501 4
502 7
503 9
504 7
505 10
506 8
507 7
508 1
509 9
510 8
511 9
512 9
513 7
514 5
515 13
516 8
517 9
518 11
519 8
520 8
521 6
522 10
523 7
524 8
525 4
526 13
527 4
528 6
529 5
530 6
531 3
532 5
533 4
534 5
535 2
536 3
537 1
538 7
539 4
540 2
541 4
542 7
543 1
544 1
545 2
546 3
548 5
549 2
550 1
551 2
552 1
553 1
554 1
556 1
557 3
558 1
559 1
560 3
561 2
562 1
563 1
564 3
565 1
566 1
567 1
568 1
569 2
570 3
571 5
572 1
573 1
575 3
576 1
577 1
578 2
580 1
581 1
582 1
583 1
584 1
585 1
589 1
590 2
595 1
598 2
609 1
621 1
623 1
624 2
626 2
627 2
635 1
638 1
644 1
646 1
648 1
653 1
654 1
657 1
660 1
663 1
664 1
666 1
671 2
673 2
674 1
678 2
679 1
685 1
689 1
717 1
719 1
724 1
726 1
731 1
747 1
762 1
781 1
799 1
819 1
825 1
826 1
849 1
870 1
878 1
884 1
904 1
918 1
927 1
928 1
931 1
935 1
938 1
976 1
989 1
993 1
997 1
1010 2
1013 1
1017 2
1130 1
1214 1
1281 1
1902 1
2101 1
2108 1
2109 1
2111 1
2234 1
2257 2
2271 1
2526 1
2542 1
2629 1
