1 38786
2 147081
3 375626
4 721065
5 1120646
6 1459129
7 1656299
8 1654534
9 1503466
10 1264980
11 1019814
12 820891
13 694385
14 634349
15 637187
16 675245
17 744130
18 820271
19 898172
20 963028
21 1014114
22 1039196
23 1035895
24 1017110
25 968923
26 901140
27 817123
28 723782
29 628652
30 534194
31 444591
32 361798
33 288401
34 224327
35 169557
36 129463
37 95907
38 70616
39 51509
40 38066
41 27723
42 19847
43 14723
44 11289
45 8806
46 7244
47 6179
48 5700
49 5036
50 4912
51 4438
52 4144
53 4102
54 3957
55 3789
56 3391
57 3210
58 2961
59 2718
60 2503
61 2339
62 2142
63 1986
64 1867
65 1636
66 1447
67 1346
68 1324
69 1255
70 1297
71 1217
72 1175
73 1167
74 1073
75 994
76 1066
77 1000
78 973
79 867
80 819
81 803
82 860
83 826
84 808
85 832
86 760
87 698
88 750
89 794
90 783
91 718
92 793
93 751
94 725
95 777
96 687
97 700
98 752
99 712
100 659
101 701
102 722
103 732
104 791
105 808
106 713
107 648
108 613
109 602
110 593
111 520
112 464
113 479
114 414
115 351
116 346
117 344
118 321
119 338
120 300
121 243
122 262
123 205
124 191
125 196
126 169
127 189
128 165
129 152
130 166
131 180
132 175
133 162
134 160
135 134
136 141
137 129
138 157
139 133
140 121
141 123
142 130
143 138
144 135
145 129
146 117
147 120
148 132
149 110
150 106
151 98
152 108
153 118
154 112
155 85
156 111
157 95
158 104
159 94
160 100
161 104
162 76
163 82
164 98
165 83
166 97
167 104
168 87
169 87
170 70
171 115
172 106
173 99
174 98
175 93
176 77
177 97
178 84
179 80
180 71
181 50
182 62
183 76
184 45
185 61
186 62
187 62
188 60
189 69
190 51
191 81
192 66
193 57
194 55
195 56
196 52
197 74
198 65
199 77
200 69
201 49
202 55
203 51
204 55
205 49
206 50
207 39
208 42
209 46
210 46
211 53
212 42
213 48
214 43
215 60
216 69
217 61
218 68
219 59
220 68
221 55
222 78
223 65
224 54
225 72
226 60
227 62
228 73
229 63
230 61
231 73
232 61
233 49
234 59
235 48
236 37
237 29
238 46
239 32
240 31
241 33
242 34
243 32
244 32
245 33
246 28
247 34
248 30
249 26
250 30
251 40
252 28
253 25
254 22
255 19
256 26
257 22
258 17
259 17
260 13
261 17
262 11
263 16
264 19
265 13
266 12
267 12
268 22
269 11
270 15
271 3
272 16
273 13
274 9
275 8
276 9
277 11
278 16
279 11
280 14
281 9
282 8
283 8
284 9
285 11
286 8
287 12
288 11
289 3
290 6
291 3
292 3
293 5
294 3
296 1
297 1
298 4
299 1
300 2
301 2
302 5
303 4
304 3
305 7
306 6
307 4
308 5
309 5
310 2
311 4
312 2
313 3
314 1
315 8
316 10
317 9
318 3
319 4
321 3
322 4
323 1
324 6
325 3
326 2
327 3
328 8
329 4
330 5
331 4
332 2
333 4
334 4
335 3
336 2
337 3
338 3
339 4
340 5
341 6
342 3
343 4
344 3
345 2
346 1
347 4
348 3
349 3
350 3
351 1
352 2
353 2
354 3
355 1
356 1
358 2
359 1
363 1
365 2
367 4
370 3
371 5
372 7
373 5
374 4
375 2
376 4
377 5
378 4
379 4
380 4
381 3
382 7
383 2
384 3
385 1
386 2
387 2
388 4
389 3
391 2
392 1
393 3
394 1
395 2
396 6
397 2
398 6
399 5
400 5
401 5
402 4
403 4
404 3
405 1
406 4
408 5
409 5
410 2
411 1
412 3
413 5
414 1
415 4
416 1
417 3
418 5
419 3
420 2
421 2
422 1
424 4
426 1
427 7
428 1
429 2
430 1
431 1
432 1
433 2
434 1
435 1
436 3
437 7
439 3
440 2
441 1
442 4
443 1
444 3
445 2
448 2
449 1
450 3
451 2
454 1
455 1
457 1
459 1
461 1
463 1
464 1
465 1
467 1
469 2
470 2
474 1
475 1
476 2
479 2
482 1
484 3
490 1
497 1
501 1
502 1
503 2
508 1
510 1
511 1
515 2
516 1
517 2
518 1
519 1
520 1
521 1
522 2
525 1
526 2
527 2
528 2
530 3
531 1
532 1
533 1
534 1
535 1
541 1
542 2
543 1
545 2
546 1
547 1
549 2
550 4
551 2
553 1
554 2
555 1
556 2
557 1
560 1
561 1
562 1
563 4
564 1
565 3
566 2
567 3
568 7
569 2
570 1
571 3
573 1
574 1
578 1
580 1
583 1
584 2
586 1
588 1
590 2
592 2
594 2
596 1
597 1
599 3
601 2
602 2
603 4
605 2
606 1
607 1
608 1
611 1
614 1
616 1
617 1
621 3
624 2
625 1
631 1
634 1
638 1
641 2
645 3
649 1
651 1
653 1
655 1
656 1
657 1
662 1
664 1
665 1
666 1
669 1
670 1
671 2
672 1
676 1
677 2
679 1
680 1
688 1
689 1
691 1
692 2
695 1
696 1
698 2
699 2
700 1
701 1
703 1
705 1
706 1
707 3
708 1
710 2
713 4
714 5
715 1
716 2
717 1
722 1
723 3
724 1
725 1
726 2
729 1
730 1
732 1
733 1
734 3
736 1
738 1
740 2
742 2
743 1
745 1
747 2
748 1
749 1
750 2
751 1
753 2
754 3
755 2
761 1
762 2
764 1
767 1
768 1
770 1
771 1
773 1
774 1
776 1
777 3
783 1
785 1
786 1
787 1
788 1
790 1
791 2
793 2
795 2
796 1
797 1
798 2
799 1
800 1
801 1
803 1
811 2
828 1
834 1
847 1
869 1
884 1
895 2
897 3
898 1
900 1
901 1
905 1
907 1
909 1
911 2
912 1
914 1
917 1
918 2
924 1
925 1
930 1
936 1
947 1
949 1
953 1
955 1
957 2
958 1
959 1
962 1
964 1
965 1
969 2
973 2
976 1
977 1
978 1
980 1
981 1
990 1
993 1
994 1
1115 3
1116 1
1117 1
1124 1
1125 1
1127 1
1131 2
1133 1
1134 3
1135 1
1136 1
1137 2
1138 1
1139 1
1141 1
1143 1
1149 1
1159 1
1172 1
1180 2
1184 1
1204 1
2177 2
2179 1
2182 2
2184 1
2187 1
2189 1
2191 1
2194 1
