1 5443209
2 4164971
3 2812815
4 1770942
5 1045867
6 628829
7 423731
8 349193
9 324549
10 300054
11 263968
12 212619
13 162376
14 115135
15 76325
16 47126
17 27540
18 16181
19 9327
20 5324
21 3218
22 2126
23 1433
24 1013
25 796
26 612
27 474
28 392
29 339
30 402
31 543
32 919
33 1503
34 2572
35 3773
36 6032
37 8882
38 12791
39 17943
40 24881
41 33985
42 45185
43 59301
44 75817
45 94043
46 115025
47 137470
48 160328
49 183049
50 206430
51 228969
52 247414
53 265130
54 276062
55 285448
56 288997
57 288303
58 284199
59 273089
60 259810
61 244826
62 227751
63 209095
64 189240
65 167995
66 148111
67 127939
68 110454
69 93256
70 77504
71 63991
72 51810
73 42013
74 33513
75 26413
76 20970
77 16232
78 12513
79 9316
80 6808
81 5070
82 3513
83 2619
84 1902
85 1442
86 976
87 686
88 564
89 411
90 366
91 317
92 338
93 349
94 373
95 412
96 477
97 537
98 655
99 733
100 846
101 966
102 1007
103 1090
104 1065
105 1238
106 1202
107 1324
108 1447
109 1375
110 1444
111 1491
112 1487
113 1352
114 1422
115 1351
116 1293
117 1213
118 1222
119 1165
120 1158
121 1088
122 978
123 872
124 803
125 707
126 646
127 555
128 512
129 487
130 493
131 401
132 349
133 298
134 322
135 252
136 255
137 204
138 193
139 161
140 162
141 180
142 164
143 154
144 148
145 146
146 142
147 179
148 188
149 166
150 209
151 232
152 264
153 261
154 283
155 306
156 304
157 276
158 328
159 322
160 339
161 368
162 336
163 376
164 392
165 401
166 425
167 450
168 415
169 433
170 440
171 413
172 438
173 408
174 400
175 419
176 417
177 386
178 376
179 401
180 373
181 362
182 333
183 349
184 291
185 272
186 285
187 296
188 256
189 281
190 245
191 251
192 243
193 225
194 194
195 189
196 182
197 174
198 162
199 189
200 171
201 170
202 177
203 152
204 155
205 141
206 117
207 167
208 159
209 145
210 139
211 138
212 168
213 151
214 156
215 152
216 183
217 187
218 163
219 140
220 165
221 180
222 161
223 172
224 160
225 175
226 157
227 148
228 148
229 132
230 126
231 120
232 122
233 111
234 136
235 110
236 131
237 106
238 78
239 93
240 79
241 75
242 56
243 62
244 64
245 55
246 58
247 53
248 47
249 45
250 53
251 54
252 44
253 59
254 62
255 86
256 79
257 93
258 88
259 87
260 79
261 74
262 105
263 103
264 107
265 108
266 115
267 108
268 108
269 129
270 116
271 148
272 133
273 100
274 116
275 124
276 119
277 106
278 116
279 125
280 80
281 79
282 96
283 104
284 106
285 92
286 101
287 117
288 101
289 80
290 80
291 95
292 76
293 73
294 83
295 83
296 71
297 74
298 52
299 56
300 57
301 57
302 40
303 39
304 39
305 47
306 34
307 42
308 30
309 23
310 28
311 28
312 24
313 26
314 16
315 25
316 32
317 12
318 21
319 22
320 27
321 33
322 29
323 17
324 11
325 15
326 16
327 14
328 15
329 14
330 24
331 15
332 13
333 8
334 6
335 15
336 23
337 11
338 12
339 5
340 11
341 5
342 9
343 18
344 8
345 16
346 16
347 11
348 6
349 10
350 10
351 8
352 7
353 7
354 8
355 8
356 5
357 5
358 1
359 12
360 7
361 13
362 9
363 6
364 9
365 9
366 9
367 6
368 7
369 9
370 7
371 13
372 11
373 13
374 4
375 14
376 12
377 12
378 8
379 6
380 8
381 17
382 14
383 12
384 13
385 14
386 13
387 15
388 10
389 7
390 4
391 4
392 5
393 6
394 9
395 7
396 5
397 4
398 4
399 2
400 7
401 4
402 3
403 6
404 4
405 8
406 5
407 7
408 2
409 4
410 6
411 2
412 3
413 5
414 5
415 4
416 4
417 6
418 4
419 3
420 5
421 9
422 5
423 6
424 6
425 8
426 2
427 6
428 2
429 6
430 8
431 9
432 2
433 4
434 8
435 8
436 6
437 4
438 9
439 5
440 3
441 4
442 6
443 4
444 1
445 5
446 4
447 2
448 5
449 8
450 3
451 6
452 3
453 6
454 7
455 10
456 2
457 4
458 4
459 9
460 2
461 2
462 1
463 3
464 5
465 3
466 1
467 5
468 1
469 1
470 2
471 3
472 1
473 2
474 6
475 4
476 2
477 3
478 7
479 4
480 5
481 2
482 4
483 4
484 1
485 2
486 4
487 2
488 2
489 7
490 5
491 3
492 8
493 3
494 1
495 1
497 3
498 3
499 1
501 3
502 1
503 4
504 3
505 4
506 5
507 7
509 2
510 7
511 4
512 3
513 7
514 2
517 1
518 2
519 1
520 1
521 5
523 2
524 2
525 2
526 3
527 1
528 2
529 2
530 1
531 3
532 4
533 2
534 3
535 7
536 3
537 2
538 2
539 5
540 5
541 4
542 5
543 3
544 3
545 5
546 2
547 5
548 5
549 3
550 2
551 3
552 7
553 5
554 2
555 4
556 4
557 4
558 3
559 3
560 1
561 7
562 2
563 3
565 6
566 4
567 1
568 1
569 4
570 5
571 2
572 6
573 1
574 2
575 2
576 1
577 3
578 2
579 5
580 3
581 3
582 4
583 1
584 1
585 1
586 1
587 3
594 3
595 1
596 1
597 1
598 2
599 1
600 2
602 1
603 3
604 5
605 5
606 2
607 4
608 2
609 1
610 1
612 4
613 3
614 3
615 2
617 3
618 5
620 3
621 3
622 3
623 1
624 2
625 1
626 2
627 2
628 6
629 7
630 5
632 6
633 6
634 3
635 4
636 2
637 2
638 1
639 1
640 1
641 1
642 2
643 2
644 1
646 1
647 1
648 1
649 1
650 2
652 2
653 2
654 1
657 1
658 1
660 1
661 3
662 1
664 1
666 1
667 2
668 2
670 1
672 2
673 1
675 1
676 3
677 2
678 1
679 2
681 7
682 2
683 2
684 3
686 2
687 1
688 2
689 1
690 2
691 5
692 1
696 1
700 1
702 1
703 1
704 1
705 1
706 1
707 2
709 1
710 2
711 4
714 1
715 1
717 3
718 3
720 2
721 1
722 2
723 1
724 3
725 3
729 3
730 1
731 5
733 2
734 2
735 1
736 1
737 1
739 1
740 2
741 2
744 6
745 3
746 1
747 2
748 3
751 3
752 2
753 4
754 3
755 4
756 7
757 6
758 4
759 3
760 1
761 2
762 1
763 1
764 2
766 1
767 3
768 2
771 1
775 2
780 1
781 5
782 3
783 4
785 2
786 3
787 2
788 1
789 2
790 1
791 3
792 1
793 2
795 5
796 4
797 2
798 1
799 1
800 1
801 1
802 2
803 2
804 1
806 2
807 1
809 3
810 2
811 1
814 1
815 1
816 1
818 1
824 1
827 1
828 1
830 2
831 1
832 1
833 2
834 3
837 2
842 1
845 1
846 1
847 2
853 1
854 1
855 1
860 1
863 1
864 1
866 2
868 3
869 2
870 1
872 2
873 1
874 1
876 2
877 1
878 1
879 1
880 1
881 3
882 2
883 1
884 2
886 2
888 1
889 1
891 1
894 3
895 4
896 3
897 1
898 2
901 1
902 2
903 2
904 2
908 3
909 2
910 2
911 1
912 1
913 1
914 2
915 2
916 1
918 1
919 3
920 1
921 1
924 2
925 2
926 2
927 1
930 2
931 2
933 1
935 1
937 1
943 2
945 1
948 1
950 1
952 2
953 1
955 2
957 1
959 1
960 1
961 1
963 1
967 1
968 1
969 2
970 3
972 1
973 1
976 1
982 2
992 1
997 1
1007 1
1012 2
1016 1
1025 1
1027 1
1034 1
1035 1
1036 1
1043 1
1044 1
1049 1
1051 2
1052 2
1053 1
1054 1
1055 1
1056 1
1057 1
1059 2
1061 1
1067 2
1068 1
1071 1
1073 1
1086 1
1095 1
1100 1
1117 1
1123 1
1128 1
1131 2
1135 1
1143 1
1150 1
1151 1
1189 1
1198 1
1203 1
1217 1
1227 1
1229 1
1230 2
1234 1
1250 1
1252 1
1258 1
1260 1
1264 1
1280 1
1282 1
1285 1
1287 4
1293 1
1296 1
1300 1
1302 1
1305 1
1306 1
1308 1
1310 1
1311 2
1317 1
1318 1
1319 1
1326 2
1331 1
1335 1
1338 1
1342 1
1350 1
1353 1
1354 1
1355 1
1371 1
1382 1
1385 1
1388 1
1396 1
1399 1
1400 1
1401 1
1403 1
1406 1
1407 2
1409 3
1438 1
1461 1
1462 2
1465 1
1489 1
1492 1
1495 1
1497 1
1499 1
1500 2
1501 2
1507 1
1514 1
1515 1
1522 1
1536 1
1539 1
1540 1
1543 1
1544 1
1545 1
1546 1
1554 1
1556 1
1557 1
1562 1
1563 1
1564 1
1572 3
1573 1
1574 1
1575 1
1579 2
1580 1
1585 1
1586 1
1591 1
1592 1
1593 1
1628 1
1645 1
1646 1
1650 2
1652 1
1654 1
1657 1
1664 1
1671 1
1673 1
1676 1
1677 1
1679 1
1681 2
1684 1
1685 1
1686 1
1687 1
1697 1
1715 1
1716 2
1718 1
1720 1
1721 1
1726 1
1730 2
1734 2
1735 2
1739 1
1740 1
1742 1
1746 1
1747 1
1748 1
1749 2
1750 2
1751 1
1752 1
1755 1
1776 1
1778 1
1781 1
1784 2
1785 1
1791 1
1793 1
1806 1
1820 1
1830 3
1831 2
1834 1
1839 1
1848 1
1854 1
1859 1
1863 1
1874 1
1880 1
1882 1
1884 1
1886 1
1889 1
1894 3
1903 1
1909 1
1912 1
1933 1
1939 1
1947 1
1949 1
1950 1
1952 1
1956 1
1959 1
1961 1
1970 2
1971 1
1989 1
1990 3
1993 1
1994 1
1995 1
1996 2
1997 2
1998 1
2005 1
2009 1
2012 1
2015 1
2017 1
2021 1
2022 1
2024 1
2025 2
2031 1
2035 1
2041 1
2048 1
2052 1
2058 1
2062 3
2070 1
2085 1
2095 2
2111 1
2123 1
2125 1
2127 1
2135 1
2141 3
2151 1
2153 1
2155 1
2163 1
2169 1
2174 2
2176 1
2177 1
2180 1
2186 1
2189 2
2194 2
2195 2
2204 1
2233 1
2236 1
2241 1
2242 1
2262 1
2272 1
2275 1
2280 2
2281 1
2286 2
2288 1
2289 1
2290 1
2291 1
2294 1
2295 1
2296 1
2297 1
2313 1
2337 1
2338 1
2340 1
2394 1
2479 1
2493 1
2500 2
2502 1
2517 1
2522 1
2529 1
2539 1
2548 1
2552 1
2554 1
2555 1
2574 1
2578 1
2607 1
2622 1
2623 1
2634 1
2678 1
2680 1
2685 2
2686 1
2689 1
2699 1
2704 1
2705 1
2727 1
2734 1
2735 1
2737 1
2757 1
2762 1
2774 1
2777 1
2781 1
2786 1
2787 1
2807 1
2810 1
2838 1
3197 1
3209 1
3211 1
3216 1
3219 1
3224 1
3285 1
3296 1
3344 1
3387 1
3407 1
3438 1
