1 5534351
2 1733126
3 624382
4 283383
5 193989
6 229940
7 330385
8 459279
9 577422
10 657936
11 673492
12 642319
13 565522
14 465029
15 356577
16 259385
17 176044
18 114838
19 70806
20 42489
21 24938
22 15050
23 9355
24 6400
25 4604
26 3507
27 2904
28 2903
29 2265
30 2029
31 1757
32 1747
33 1573
34 1563
35 1487
36 1354
37 1286
38 1278
39 1121
40 951
41 898
42 879
43 800
44 740
45 636
46 668
47 719
48 608
49 601
50 589
51 568
52 495
53 430
54 443
55 397
56 413
57 369
58 311
59 218
60 180
61 164
62 159
63 135
64 149
65 130
66 133
67 124
68 109
69 103
70 90
71 99
72 96
73 68
74 80
75 39
76 41
77 34
78 40
79 40
80 43
81 38
82 32
83 25
84 22
85 22
86 12
87 14
88 20
89 20
90 19
91 26
92 19
93 19
94 21
95 19
96 27
97 19
98 16
99 23
100 27
101 31
102 15
103 13
104 23
105 12
106 7
107 11
108 8
109 21
110 18
111 10
112 9
113 9
114 12
115 21
116 14
117 15
118 10
119 14
120 9
121 7
122 13
123 12
124 15
125 10
126 11
127 9
128 7
129 6
130 7
131 8
132 8
133 14
134 5
135 1
136 6
137 5
138 4
139 9
140 6
141 2
142 1
143 5
144 5
145 7
146 9
147 4
148 8
149 7
150 9
151 6
152 11
153 7
154 9
155 10
156 6
157 6
158 3
159 3
160 4
161 5
162 9
163 5
164 4
165 3
166 7
167 9
168 2
169 1
170 1
171 2
172 1
173 2
174 4
175 5
176 6
177 10
178 5
179 6
180 10
181 4
182 6
183 5
184 7
185 2
186 2
187 2
188 3
189 1
190 2
191 4
192 4
193 4
194 3
195 3
196 3
197 4
198 1
200 2
201 2
202 1
203 3
204 8
205 3
206 3
207 4
208 6
209 1
211 4
212 2
213 1
214 2
215 2
216 1
219 3
222 1
225 1
227 1
228 1
230 1
232 1
234 1
241 1
243 1
244 1
247 1
248 1
249 2
251 1
252 1
254 2
255 1
256 1
257 4
258 1
260 2
263 1
264 1
265 2
266 2
267 1
269 1
271 2
272 1
273 1
274 2
275 1
276 3
277 2
278 1
279 3
280 1
281 2
282 1
283 1
285 4
287 3
288 1
289 1
290 3
292 2
293 2
294 4
295 3
296 3
298 4
299 1
301 2
302 1
304 2
305 2
306 4
307 3
308 4
309 2
310 4
311 1
313 1
314 1
315 1
316 1
318 1
319 2
320 6
321 1
322 2
323 1
330 1
331 2
332 1
333 3
334 1
335 1
336 1
337 3
338 2
339 1
340 2
341 3
343 1
344 1
346 2
350 1
352 2
355 1
357 1
358 1
359 1
361 2
362 4
363 2
365 1
366 3
369 3
370 1
371 2
372 2
373 1
377 1
378 1
379 1
380 1
381 2
382 1
383 1
386 2
387 1
388 1
389 1
390 1
391 2
392 2
393 2
394 2
397 1
398 2
400 2
401 3
402 2
404 1
405 1
406 3
407 4
408 2
409 2
410 1
411 1
412 2
414 1
415 1
417 1
418 1
420 1
421 1
422 4
423 2
424 2
426 1
428 5
429 1
430 1
431 2
437 2
439 4
440 1
442 2
443 3
445 3
446 1
449 1
453 1
455 1
456 1
457 4
458 1
463 1
465 1
466 2
467 1
468 1
469 2
471 1
473 1
475 1
491 1
494 1
500 2
501 1
502 1
508 1
511 1
515 2
516 1
517 1
518 1
519 2
521 2
522 1
525 1
526 1
529 1
531 1
532 2
534 2
535 1
536 1
538 2
539 2
542 1
543 1
545 1
546 1
549 2
550 3
562 1
633 1
637 1
638 1
639 1
640 1
641 1
645 1
647 1
680 1
683 1
686 1
689 1
