1 4463
2 20320
3 69406
4 176827
5 352584
6 607225
7 903595
8 1168234
9 1356760
10 1424834
11 1372011
12 1230857
13 1039978
14 846320
15 678550
16 545144
17 458842
18 415072
19 404071
20 416812
21 445998
22 493470
23 543847
24 604041
25 664554
26 714347
27 763179
28 800929
29 827387
30 841522
31 842311
32 829553
33 800014
34 760857
35 712533
36 656185
37 592677
38 529084
39 463733
40 399945
41 339502
42 281876
43 232540
44 188669
45 151381
46 119164
47 94772
48 73436
49 56758
50 42894
51 32340
52 24154
53 19046
54 14423
55 11688
56 9206
57 7966
58 6807
59 5798
60 5174
61 4541
62 4358
63 4102
64 3876
65 3694
66 3491
67 3275
68 3262
69 3241
70 3139
71 3181
72 2983
73 2841
74 2787
75 2436
76 2344
77 2138
78 1980
79 1804
80 1751
81 1538
82 1444
83 1375
84 1351
85 1247
86 1184
87 1072
88 1123
89 1119
90 1071
91 1040
92 947
93 887
94 852
95 920
96 845
97 828
98 802
99 800
100 821
101 783
102 811
103 771
104 753
105 716
106 679
107 677
108 680
109 656
110 554
111 563
112 529
113 516
114 480
115 449
116 464
117 451
118 478
119 458
120 472
121 486
122 458
123 504
124 522
125 553
126 558
127 561
128 631
129 598
130 606
131 671
132 677
133 655
134 704
135 679
136 669
137 628
138 601
139 556
140 553
141 481
142 472
143 487
144 466
145 449
146 470
147 432
148 407
149 351
150 344
151 286
152 248
153 246
154 226
155 241
156 217
157 187
158 175
159 181
160 163
161 190
162 160
163 174
164 176
165 131
166 133
167 125
168 115
169 117
170 105
171 93
172 104
173 132
174 123
175 103
176 116
177 120
178 108
179 97
180 104
181 101
182 122
183 131
184 109
185 108
186 123
187 100
188 97
189 84
190 71
191 89
192 106
193 85
194 100
195 101
196 83
197 89
198 109
199 109
200 104
201 96
202 125
203 99
204 100
205 99
206 75
207 82
208 81
209 91
210 82
211 82
212 66
213 67
214 99
215 66
216 76
217 74
218 67
219 55
220 65
221 64
222 73
223 76
224 79
225 79
226 76
227 52
228 70
229 63
230 52
231 61
232 67
233 56
234 63
235 52
236 64
237 52
238 41
239 41
240 51
241 40
242 24
243 37
244 30
245 35
246 31
247 42
248 32
249 40
250 39
251 33
252 45
253 45
254 33
255 43
256 43
257 49
258 50
259 55
260 52
261 64
262 64
263 80
264 46
265 59
266 53
267 58
268 47
269 33
270 54
271 36
272 57
273 29
274 33
275 33
276 35
277 29
278 28
279 30
280 26
281 25
282 25
283 24
284 37
285 25
286 42
287 37
288 31
289 32
290 27
291 30
292 35
293 32
294 32
295 38
296 24
297 32
298 30
299 25
300 29
301 27
302 24
303 22
304 18
305 31
306 30
307 29
308 22
309 30
310 41
311 34
312 36
313 39
314 36
315 47
316 42
317 28
318 31
319 31
320 38
321 40
322 43
323 34
324 50
325 48
326 56
327 55
328 45
329 34
330 40
331 25
332 32
333 33
334 23
335 38
336 32
337 29
338 19
339 21
340 21
341 23
342 15
343 21
344 14
345 11
346 15
347 17
348 9
349 8
350 7
351 7
352 4
353 12
354 10
355 12
356 14
357 9
358 11
359 6
360 10
361 7
362 4
363 5
364 6
365 8
366 4
367 5
368 7
369 4
370 2
371 2
372 3
373 1
374 4
375 5
376 6
377 3
378 6
379 7
380 6
381 4
382 9
383 7
384 4
385 6
386 5
387 3
388 6
389 4
390 7
392 2
393 4
394 3
395 8
396 4
399 4
400 3
401 4
402 2
403 2
404 4
405 6
407 4
408 3
409 3
410 7
411 2
412 1
413 1
414 4
415 3
416 2
417 5
418 2
419 1
420 1
421 2
422 5
423 1
424 1
425 4
426 3
427 3
428 1
429 4
430 7
431 1
432 3
433 7
434 3
435 6
436 3
437 3
438 2
440 5
441 4
442 5
444 1
445 2
447 3
448 2
449 2
450 3
451 1
452 4
453 1
454 1
455 4
456 2
457 2
458 4
459 4
460 2
461 3
462 4
463 5
464 1
465 2
466 5
467 2
470 2
471 1
472 1
473 1
475 3
476 3
477 2
478 1
479 1
480 4
481 1
482 2
484 1
485 1
486 1
487 3
488 1
492 1
493 1
494 1
495 3
498 2
499 1
500 2
501 1
502 1
503 2
504 2
507 1
511 1
514 2
515 2
516 5
517 1
519 1
522 1
524 2
525 2
526 2
527 2
531 1
533 1
534 2
535 3
537 4
538 4
539 1
540 1
541 1
542 1
543 2
544 4
545 3
546 1
547 2
548 1
549 1
550 1
551 3
553 4
554 4
555 4
556 3
558 4
559 6
560 2
561 6
562 4
563 1
564 3
565 4
566 2
567 3
568 4
569 3
570 3
571 5
572 1
573 2
574 3
575 5
576 3
577 1
578 1
580 1
581 2
582 2
583 3
585 3
586 1
587 2
589 1
591 1
593 2
594 1
597 4
598 2
599 1
600 2
601 1
602 4
603 3
605 1
606 2
607 2
608 1
610 2
612 1
613 1
618 1
619 1
620 1
624 2
625 1
626 1
629 2
630 1
631 1
646 1
649 2
651 1
652 3
654 1
655 2
673 1
674 1
675 2
676 1
678 1
683 2
684 1
685 1
689 1
690 1
692 1
693 2
699 1
700 1
702 1
704 1
707 1
708 1
710 3
711 1
712 4
714 5
715 1
716 2
717 1
720 1
729 2
731 2
732 2
733 1
734 1
736 3
742 2
744 1
745 1
746 1
749 2
750 1
751 1
756 1
758 2
759 2
760 2
761 3
763 1
764 5
766 1
768 1
770 1
772 2
773 1
774 2
775 2
780 2
781 2
782 1
783 1
784 3
785 1
787 1
788 2
789 2
790 3
791 1
792 1
793 1
794 2
795 2
797 1
798 1
799 1
802 3
803 1
804 1
805 4
807 1
810 1
811 4
812 1
813 2
815 2
817 1
820 1
826 1
832 2
833 1
838 3
839 1
840 1
842 1
844 1
845 1
847 1
848 1
850 1
851 1
852 1
853 1
856 1
858 1
859 1
860 1
866 1
870 1
871 1
872 1
874 1
876 2
877 1
878 2
879 1
880 1
882 1
887 1
888 1
889 1
892 2
894 1
896 1
897 2
898 1
902 1
904 1
905 1
906 2
907 1
908 1
920 1
923 2
926 1
927 1
928 1
934 1
937 1
940 1
944 1
945 2
946 1
949 1
950 1
952 1
954 1
956 1
957 2
966 1
968 1
973 1
980 1
982 1
983 3
985 1
986 1
987 1
990 1
993 1
996 1
1001 1
1002 1
1006 1
1014 1
1016 1
1017 1
1019 1
1020 1
1022 1
1023 3
1031 2
1033 1
1034 1
1035 1
1037 1
1038 2
1041 1
1044 1
1045 3
1056 1
1057 1
1059 1
1062 2
1064 1
1065 3
1066 1
1068 1
1091 1
1096 1
1098 1
1106 1
1109 1
1130 2
1132 2
1133 1
1134 1
1136 1
1151 1
1152 1
1163 1
1169 2
1180 1
1184 3
1198 1
1202 1
1216 1
1221 1
1229 1
1233 1
1253 1
1254 2
1255 1
1256 2
1265 1
1273 4
1274 1
1275 1
1276 1
1277 1
1278 1
1280 3
1281 1
1282 1
1284 1
1289 1
1296 1
1300 1
1302 1
1324 1
1326 1
1329 1
1333 1
1334 1
1342 1
1442 1
1498 1
1513 1
1514 1
1515 1
1521 1
1524 1
1527 1
1528 2
1529 2
1531 1
1532 1
1533 1
1559 1
1560 2
1561 2
1563 1
1565 1
1566 2
1571 1
1572 2
1628 1
1633 1
2896 1
2900 1
2901 1
2902 2
2904 1
2906 1
2907 1
2911 1
2912 1
