1 3054661
2 3318434
3 2873001
4 2359408
5 1962024
6 1615139
7 1279585
8 931561
9 628749
10 396925
11 239408
12 156543
13 125416
14 125599
15 142257
16 165422
17 187735
18 205002
19 210818
20 208171
21 194516
22 172947
23 146158
24 121283
25 97196
26 72624
27 52273
28 36449
29 25138
30 16916
31 11150
32 7351
33 4747
34 3351
35 2221
36 1703
37 1361
38 1158
39 1078
40 1045
41 1034
42 929
43 824
44 794
45 599
46 590
47 517
48 454
49 357
50 277
51 220
52 156
53 181
54 141
55 111
56 69
57 69
58 59
59 49
60 41
61 28
62 35
63 22
64 19
65 15
66 23
67 13
68 21
69 21
70 28
71 58
72 105
73 143
74 204
75 275
76 453
77 559
78 815
79 1151
80 1515
81 2061
82 2850
83 3748
84 5150
85 6621
86 8701
87 10991
88 14118
89 17678
90 21361
91 26122
92 31908
93 37886
94 45109
95 51784
96 60594
97 70109
98 79705
99 90645
100 101151
101 112348
102 122919
103 132645
104 142760
105 153263
106 162587
107 170557
108 177987
109 185103
110 189216
111 193005
112 194893
113 194376
114 192894
115 191517
116 188389
117 183974
118 177875
119 171157
120 164810
121 156878
122 148659
123 138997
124 130154
125 120640
126 112295
127 102792
128 93468
129 85167
130 77205
131 69583
132 62388
133 55415
134 49092
135 42797
136 37404
137 32301
138 27923
139 24033
140 20653
141 17914
142 15008
143 12554
144 10398
145 8744
146 7454
147 5927
148 4835
149 3848
150 3089
151 2497
152 1961
153 1506
154 1252
155 948
156 688
157 599
158 490
159 391
160 281
161 241
162 172
163 114
164 82
165 63
166 56
167 38
168 25
169 30
170 21
171 19
172 21
173 14
174 19
175 10
176 12
177 12
178 14
179 13
180 15
181 24
182 14
183 33
184 33
185 30
186 62
187 60
188 80
189 92
190 85
191 111
192 105
193 130
194 158
195 151
196 211
197 242
198 243
199 289
200 332
201 296
202 405
203 412
204 489
205 531
206 528
207 640
208 675
209 752
210 770
211 779
212 837
213 909
214 889
215 870
216 877
217 960
218 961
219 1050
220 962
221 1049
222 999
223 1025
224 950
225 1018
226 993
227 903
228 857
229 918
230 855
231 819
232 812
233 688
234 757
235 626
236 666
237 630
238 573
239 614
240 565
241 451
242 469
243 438
244 398
245 370
246 347
247 340
248 328
249 314
250 310
251 268
252 278
253 275
254 235
255 211
256 183
257 159
258 142
259 131
260 143
261 124
262 121
263 112
264 120
265 88
266 93
267 69
268 46
269 38
270 49
271 33
272 39
273 16
274 22
275 26
276 23
277 18
278 19
279 13
280 17
281 16
282 16
283 13
284 14
285 10
286 12
287 6
288 16
289 10
290 12
291 16
292 18
293 29
294 29
295 30
296 36
297 47
298 49
299 69
300 62
301 73
302 86
303 100
304 118
305 128
306 148
307 141
308 148
309 173
310 181
311 186
312 173
313 207
314 203
315 201
316 201
317 187
318 241
319 227
320 206
321 209
322 223
323 224
324 217
325 209
326 230
327 227
328 209
329 219
330 190
331 194
332 208
333 210
334 211
335 226
336 228
337 250
338 232
339 242
340 230
341 252
342 235
343 245
344 253
345 206
346 248
347 237
348 223
349 206
350 199
351 220
352 201
353 228
354 231
355 237
356 200
357 230
358 234
359 210
360 214
361 243
362 211
363 175
364 194
365 180
366 179
367 158
368 144
369 147
370 124
371 128
372 109
373 110
374 133
375 140
376 143
377 121
378 148
379 117
380 125
381 107
382 108
383 85
384 105
385 90
386 100
387 86
388 94
389 79
390 95
391 87
392 82
393 87
394 107
395 81
396 88
397 96
398 64
399 57
400 57
401 69
402 55
403 44
404 57
405 64
406 60
407 70
408 63
409 80
410 76
411 51
412 56
413 56
414 50
415 57
416 52
417 49
418 60
419 67
420 62
421 68
422 82
423 73
424 68
425 85
426 89
427 94
428 77
429 83
430 71
431 73
432 90
433 76
434 93
435 122
436 92
437 102
438 108
439 111
440 114
441 94
442 105
443 108
444 108
445 99
446 101
447 90
448 85
449 80
450 95
451 79
452 77
453 99
454 92
455 86
456 77
457 95
458 75
459 80
460 75
461 80
462 85
463 70
464 63
465 70
466 64
467 64
468 68
469 63
470 61
471 59
472 64
473 54
474 76
475 51
476 57
477 54
478 38
479 39
480 47
481 36
482 33
483 39
484 26
485 20
486 21
487 29
488 19
489 26
490 25
491 29
492 22
493 19
494 21
495 18
496 18
497 11
498 17
499 20
500 17
501 21
502 24
503 20
504 15
505 25
506 16
507 22
508 12
509 23
510 16
511 21
512 14
513 16
514 18
515 17
516 21
517 21
518 26
519 26
520 32
521 18
522 36
523 33
524 33
525 31
526 52
527 35
528 34
529 48
530 42
531 32
532 39
533 49
534 70
535 58
536 53
537 64
538 59
539 75
540 78
541 58
542 82
543 71
544 90
545 68
546 81
547 63
548 70
549 87
550 77
551 62
552 79
553 69
554 76
555 65
556 60
557 72
558 70
559 61
560 62
561 70
562 68
563 73
564 72
565 69
566 74
567 65
568 62
569 60
570 83
571 79
572 74
573 74
574 52
575 58
576 66
577 52
578 50
579 41
580 60
581 52
582 49
583 46
584 33
585 38
586 39
587 30
588 35
589 37
590 54
591 53
592 28
593 29
594 29
595 33
596 34
597 23
598 16
599 25
600 29
601 18
602 25
603 14
604 12
605 16
606 15
607 14
608 15
609 14
610 16
611 15
612 11
613 10
614 9
615 8
616 6
617 8
618 14
619 15
620 9
621 4
622 2
623 12
624 4
625 3
626 8
627 5
628 5
629 12
630 7
631 4
632 9
633 10
634 5
635 14
636 8
637 7
638 6
639 8
640 9
641 6
642 7
643 7
644 8
645 6
646 7
647 8
648 12
649 9
650 10
651 13
652 11
653 13
654 14
655 6
656 16
657 12
658 16
659 10
660 8
661 10
662 11
663 17
664 10
665 6
666 3
667 10
668 13
669 6
670 16
671 12
672 10
673 12
674 11
675 9
676 13
677 10
678 5
679 7
680 5
681 5
682 3
683 4
684 4
685 4
686 3
687 5
688 4
689 4
690 7
691 4
692 6
693 5
694 6
695 2
696 4
697 4
698 4
699 5
700 6
701 8
702 8
703 6
704 4
705 6
706 4
707 7
708 3
709 4
710 5
711 3
712 4
713 5
716 2
717 7
718 3
719 4
720 3
721 6
722 4
723 3
724 3
725 1
726 3
727 2
728 3
729 4
730 2
731 3
732 2
733 1
734 1
735 1
736 3
738 4
739 1
740 6
741 4
742 4
743 3
744 1
745 2
746 2
747 5
748 5
749 2
750 3
751 3
752 3
753 2
754 6
755 3
756 8
757 6
758 3
759 2
760 9
761 9
762 4
763 7
764 5
765 6
766 9
767 3
768 6
769 7
770 12
771 8
772 9
773 7
774 7
775 7
776 11
777 6
778 8
779 5
780 7
781 8
782 6
783 5
784 5
785 7
786 2
787 6
788 5
789 7
790 3
791 8
792 4
793 10
794 6
795 5
796 1
797 5
798 1
799 6
800 2
801 3
802 3
803 3
804 7
805 2
806 6
807 7
808 2
809 3
810 1
811 3
812 2
813 3
814 4
818 3
819 1
820 1
822 2
823 2
824 1
826 1
828 1
829 1
830 1
831 3
832 1
833 2
834 1
836 1
837 2
838 1
840 1
844 1
845 2
849 1
852 2
853 1
854 1
855 3
856 4
857 2
858 1
859 1
860 3
861 1
862 2
863 2
864 4
865 1
866 4
867 2
868 2
869 5
870 1
871 4
872 5
873 3
874 3
875 1
876 2
877 1
878 3
879 6
880 6
881 4
882 2
883 2
884 6
885 5
886 1
887 4
888 2
889 2
890 2
891 3
892 1
893 4
894 1
895 3
896 1
897 4
898 2
899 2
900 1
901 3
902 4
903 3
904 5
905 7
906 3
907 4
909 3
910 2
911 1
912 1
913 4
914 10
915 2
916 4
917 3
918 4
919 5
921 2
922 4
923 2
924 3
925 4
926 1
927 4
928 1
929 1
930 2
931 4
932 3
933 3
934 2
936 1
939 1
940 1
942 2
943 1
944 2
945 2
948 2
952 1
953 1
955 1
956 1
961 3
962 1
963 1
964 1
967 1
968 4
969 1
970 1
972 1
973 2
974 4
976 2
977 3
978 2
979 4
980 1
982 1
983 5
984 2
985 1
986 4
987 5
988 2
989 4
990 1
991 2
992 1
993 3
994 3
996 2
997 4
999 1
1000 5
1001 5
1002 1
1003 2
1004 1
1005 1
1006 3
1008 2
1009 2
1010 2
1011 2
1012 2
1013 3
1014 1
1015 2
1016 1
1018 2
1019 1
1020 2
1021 4
1022 3
1023 3
1024 2
1025 5
1026 4
1027 1
1028 1
1029 1
1030 1
1032 2
1033 2
1035 3
1036 1
1037 1
1039 1
1040 1
1041 1
1042 1
1045 1
1048 1
1051 1
1053 1
1054 3
1056 2
1059 2
1061 1
1062 2
1063 2
1064 1
1065 3
1066 2
1067 6
1068 3
1069 1
1070 5
1071 3
1072 4
1073 1
1074 2
1075 3
1076 1
1077 4
1078 3
1079 3
1080 1
1081 3
1083 3
1085 3
1087 1
1089 2
1090 5
1091 1
1092 3
1093 2
1094 2
1096 2
1097 2
1098 1
1099 4
1100 4
1101 2
1102 1
1103 3
1104 2
1105 1
1106 4
1107 3
1108 2
1109 1
1110 2
1111 4
1113 2
1114 1
1115 2
1116 2
1117 2
1120 1
1121 2
1122 2
1124 1
1127 1
1128 4
1129 2
1132 4
1133 1
1135 1
1137 2
1138 1
1139 1
1142 3
1143 1
1144 1
1147 1
1148 1
1149 1
1150 2
1151 2
1152 1
1153 2
1154 1
1155 1
1156 3
1158 2
1159 1
1162 1
1163 1
1167 2
1170 2
1171 1
1172 1
1174 3
1175 2
1176 1
1177 1
1178 1
1179 1
1180 1
1181 2
1182 2
1184 2
1186 2
1189 2
1190 2
1191 4
1192 2
1193 3
1195 4
1196 1
1197 4
1198 1
1199 2
1200 2
1201 1
1202 1
1203 2
1208 4
1209 1
1212 1
1213 1
1215 2
1216 1
1217 1
1218 2
1219 1
1221 1
1222 2
1223 4
1226 2
1228 1
1229 1
1230 2
1231 2
1234 1
1240 1
1243 2
1244 1
1245 3
1247 1
1248 2
1249 1
1251 1
1252 1
1254 3
1255 1
1263 2
1264 2
1267 2
1268 1
1269 1
1271 1
1274 1
1275 1
1276 1
1278 1
1280 3
1282 2
1285 1
1286 1
1287 1
1289 1
1290 1
1291 1
1292 1
1294 1
1296 2
1298 1
1300 3
1302 2
1303 2
1304 3
1306 1
1307 1
1308 1
1309 3
1311 1
1313 1
1314 1
1315 1
1318 2
1320 1
1322 1
1324 1
1325 1
1326 1
1331 1
1332 1
1334 1
1337 1
1338 1
1346 1
1349 1
1352 1
1354 2
1355 1
1356 1
1359 1
1361 1
1362 1
1363 1
1367 2
1369 3
1373 1
1374 2
1375 1
1377 3
1378 2
1379 1
1380 1
1382 3
1383 1
1386 1
1388 1
1389 2
1392 1
1395 1
1396 1
1406 1
1407 1
1409 1
1411 1
1412 1
1417 2
1418 2
1419 1
1424 2
1427 1
1429 2
1430 1
1431 3
1433 3
1434 2
1436 1
1437 1
1438 2
1439 1
1442 1
1443 1
1446 2
1447 2
1451 1
1453 2
1454 1
1456 2
1457 1
1460 1
1461 1
1462 1
1463 1
1464 2
1465 1
1467 3
1470 2
1472 1
1473 1
1475 2
1476 2
1477 1
1478 2
1480 2
1481 2
1482 1
1483 3
1484 1
1485 1
1486 1
1487 3
1488 1
1489 3
1491 1
1498 1
1503 1
1504 1
1505 2
1506 1
1510 2
1512 1
1514 2
1516 1
1517 1
1518 1
1520 1
1521 2
1524 1
1525 1
1527 3
1528 1
1529 1
1531 1
1535 1
1537 1
1538 1
1542 2
1544 1
1545 2
1547 2
1549 1
1550 1
1551 3
1552 1
1554 3
1555 3
1558 1
1560 3
1561 2
1563 1
1564 2
1565 1
1567 2
1570 2
1571 1
1572 2
1574 1
1575 2
1576 1
1577 1
1580 1
1582 2
1591 1
1596 1
1597 3
1599 1
1600 1
1603 2
1607 1
1608 1
1610 1
1612 1
1627 1
1634 1
1640 1
1648 2
1652 1
1658 1
1659 1
1660 2
1663 1
1668 1
1670 1
1671 1
1674 1
1677 1
1679 1
1680 1
1681 1
1683 1
1690 1
1694 1
1695 1
1696 1
1697 2
1698 2
1699 1
1700 2
1701 1
1707 2
1710 1
1718 2
1719 1
1722 1
1724 1
1728 1
1729 1
1732 1
1733 1
1736 1
1738 1
1741 1
1742 1
1743 1
1746 1
1748 1
1752 1
1753 1
1757 1
1758 3
1760 1
1761 3
1763 1
1765 2
1767 2
1769 1
1772 2
1774 3
1775 3
1779 1
1780 1
1781 1
1783 1
1788 2
1790 1
1791 1
1795 2
1796 1
1800 1
1804 1
1805 1
1807 1
1809 2
1817 1
1828 1
1829 1
1832 1
1851 1
1855 1
1857 1
1859 1
1860 1
1861 2
1863 1
1867 1
1869 1
1871 1
1876 1
1881 1
1888 1
1890 1
1891 1
1893 1
1897 1
1898 1
1914 1
1928 1
1930 2
1937 1
1938 1
1947 1
1953 1
1970 1
1973 1
1978 3
1980 2
1982 1
1983 1
1985 1
1987 1
1991 1
1992 1
1995 1
1996 1
1997 1
1998 1
2000 1
2010 2
2011 1
2016 1
2025 1
2036 1
2040 1
2072 1
2088 1
2098 3
2100 2
2101 2
2103 2
2104 2
2105 1
2106 2
2107 1
2117 1
2144 1
2146 1
2149 1
2165 1
2185 1
2253 1
2281 1
2362 1
2363 1
2398 1
2406 1
2407 1
2409 1
2411 1
2440 1
2450 1
2464 1
2477 1
2479 1
2494 2
2505 1
2509 2
2526 1
2578 1
2604 1
2605 1
2607 1
2608 1
2615 1
2619 1
2624 1
2627 1
2629 1
2638 1
2652 1
2653 1
2657 1
2687 1
2710 1
2721 2
2722 1
2737 1
2740 1
2742 1
2746 1
2748 1
2754 1
2755 1
2760 1
2770 1
2773 1
2776 1
2793 2
2799 1
2812 1
2832 1
2839 1
2841 1
2843 1
2846 1
2847 1
2853 1
2878 1
2881 1
2888 1
2895 1
2900 1
2926 1
2932 1
2940 1
2951 1
2980 1
2991 1
3002 1
3039 2
3047 1
3050 1
3051 1
3069 1
3070 1
3073 1
3085 1
3088 1
3124 1
3133 1
3145 1
3151 1
3153 1
3162 1
3168 1
3172 2
3173 1
3183 1
3188 1
3229 1
3232 1
3235 1
3238 1
3241 1
3249 1
3256 1
3258 1
3264 1
3265 1
3267 1
3268 1
3273 2
3275 1
3279 1
3281 2
3282 1
3284 1
3286 1
3290 2
3294 1
3296 2
3299 1
3301 1
3305 1
3307 2
3323 1
3332 1
3340 1
3372 1
3374 1
3379 1
3383 1
3387 1
3388 3
3389 1
3413 1
3427 1
3428 2
3435 2
3462 2
3475 1
3492 1
3496 1
3497 1
3504 3
3508 1
3512 1
3523 2
3535 2
3536 2
3538 2
3563 1
3579 1
3601 1
3624 1
3646 1
3666 1
3705 1
3708 1
3714 1
3717 2
3733 1
3738 1
3740 1
3777 2
3798 2
3800 1
3801 3
3805 1
3807 1
3809 1
3818 1
3822 1
3836 1
3837 1
3839 1
3840 1
3847 1
3849 4
3851 1
3855 1
3902 1
3905 1
3955 1
3961 1
3962 1
3969 1
3975 1
3976 1
3977 2
3984 2
3987 1
4005 1
4016 1
4055 1
4058 1
4062 1
4064 1
4084 2
4085 1
4089 1
4092 1
4093 1
4098 1
4108 1
4126 1
4127 1
4129 1
4151 1
4162 1
4166 1
4197 1
4199 1
4209 1
4217 1
4223 1
4226 1
4229 1
4238 1
4254 1
4260 1
4262 1
4265 1
4270 1
4275 1
4281 1
4301 1
4324 1
4329 1
4330 1
4333 1
4337 1
4355 1
4359 1
4360 1
4363 2
4372 1
4391 1
4397 1
4404 1
4423 1
4447 1
4451 1
4459 1
4461 1
4463 1
4464 1
4465 1
4466 1
4468 1
4469 1
4475 1
4486 1
4534 1
4593 1
4606 1
4623 1
4624 1
4628 1
4633 1
4637 1
4700 1
4701 1
4769 1
4951 2
5034 1
5036 1
5041 1
5049 1
5055 1
5074 1
5081 1
5089 2
5170 1
5182 1
5189 1
5196 2
5204 1
5206 1
5210 1
5213 1
5253 1
5286 1
5294 1
5299 1
5331 1
5358 1
5380 1
5383 1
5392 1
5435 1
5439 1
5444 1
5447 1
5450 1
5457 1
5468 1
5486 1
5498 1
5507 1
5594 1
5596 1
5610 1
6434 1
6439 1
6442 1
6445 1
6446 1
6533 1
6608 1
6613 1
6712 1
6841 1
6853 1
6967 1
