1 1355
2 7366
3 27575
4 77480
5 175502
6 342318
7 567748
8 824052
9 1062221
10 1236342
11 1322021
12 1306673
13 1204847
14 1050965
15 874593
16 706729
17 563116
18 455140
19 385509
20 349361
21 334760
22 340194
23 361371
24 392008
25 434836
26 481081
27 529327
28 580644
29 628379
30 674929
31 713178
32 743692
33 764026
34 772498
35 771923
36 761463
37 743857
38 710017
39 669600
40 625978
41 574041
42 520599
43 463021
44 406541
45 352002
46 301284
47 252580
48 210693
49 173218
50 140059
51 112342
52 90335
53 71825
54 56040
55 43905
56 33239
57 25730
58 19916
59 15912
60 12479
61 10028
62 8077
63 6566
64 5777
65 5039
66 4627
67 4269
68 3911
69 3870
70 3586
71 3445
72 3282
73 3269
74 3148
75 3030
76 2922
77 2783
78 2731
79 2601
80 2629
81 2546
82 2388
83 2487
84 2226
85 2123
86 1995
87 1991
88 1766
89 1706
90 1645
91 1646
92 1569
93 1451
94 1424
95 1278
96 1181
97 1002
98 1010
99 852
100 850
101 809
102 796
103 729
104 691
105 626
106 653
107 730
108 694
109 703
110 749
111 688
112 710
113 677
114 599
115 576
116 595
117 568
118 596
119 613
120 597
121 530
122 564
123 556
124 512
125 520
126 533
127 509
128 490
129 464
130 455
131 477
132 485
133 444
134 416
135 421
136 443
137 442
138 453
139 472
140 497
141 496
142 507
143 480
144 458
145 484
146 492
147 558
148 535
149 569
150 598
151 568
152 564
153 552
154 593
155 533
156 570
157 521
158 539
159 507
160 478
161 480
162 461
163 422
164 429
165 405
166 382
167 346
168 324
169 309
170 266
171 257
172 234
173 238
174 201
175 192
176 169
177 179
178 155
179 145
180 144
181 158
182 147
183 172
184 129
185 141
186 124
187 115
188 125
189 126
190 134
191 113
192 130
193 107
194 140
195 124
196 120
197 118
198 118
199 157
200 123
201 143
202 123
203 126
204 140
205 122
206 116
207 100
208 108
209 109
210 94
211 106
212 101
213 110
214 93
215 95
216 70
217 77
218 75
219 66
220 65
221 56
222 67
223 55
224 44
225 54
226 56
227 54
228 62
229 65
230 64
231 60
232 70
233 72
234 58
235 81
236 59
237 77
238 75
239 69
240 70
241 86
242 71
243 73
244 60
245 74
246 70
247 74
248 60
249 55
250 67
251 62
252 60
253 64
254 52
255 58
256 48
257 40
258 39
259 26
260 36
261 27
262 30
263 32
264 37
265 39
266 37
267 38
268 35
269 30
270 44
271 28
272 44
273 43
274 37
275 37
276 38
277 52
278 40
279 60
280 41
281 41
282 71
283 63
284 46
285 47
286 53
287 43
288 50
289 39
290 43
291 32
292 34
293 50
294 32
295 34
296 31
297 30
298 31
299 29
300 32
301 31
302 23
303 28
304 34
305 36
306 37
307 49
308 37
309 43
310 42
311 42
312 43
313 33
314 38
315 40
316 47
317 40
318 26
319 32
320 35
321 23
322 27
323 28
324 28
325 23
326 19
327 23
328 20
329 20
330 9
331 20
332 14
333 28
334 14
335 15
336 13
337 16
338 27
339 19
340 18
341 23
342 29
343 26
344 25
345 30
346 39
347 26
348 45
349 30
350 33
351 32
352 52
353 26
354 34
355 38
356 43
357 28
358 28
359 25
360 40
361 33
362 39
363 38
364 27
365 30
366 26
367 32
368 27
369 21
370 25
371 28
372 20
373 20
374 28
375 18
376 25
377 28
378 26
379 24
380 16
381 22
382 25
383 21
384 15
385 27
386 17
387 15
388 15
389 18
390 16
391 23
392 25
393 16
394 13
395 15
396 10
397 11
398 14
399 11
400 14
401 13
402 7
403 10
404 6
405 5
406 9
407 4
408 5
409 5
410 8
411 7
412 10
413 8
414 6
415 8
416 11
417 9
418 12
419 8
420 9
421 10
422 12
423 9
424 11
425 8
426 10
427 4
428 6
429 4
430 3
431 3
432 2
433 3
434 5
435 4
436 1
437 6
439 3
440 4
441 1
442 8
443 6
444 4
445 4
446 5
447 9
448 4
449 3
450 7
451 8
452 4
453 2
454 1
455 1
456 3
457 2
458 3
459 2
460 5
461 6
462 6
463 4
464 4
465 3
466 3
467 3
468 2
469 1
470 1
471 4
472 5
473 4
474 4
475 3
476 5
477 4
478 5
479 6
480 11
481 12
482 6
483 7
484 3
485 5
486 5
487 2
488 3
489 1
490 4
491 2
492 1
495 4
496 1
497 2
498 2
499 1
500 1
501 2
502 1
505 2
507 2
508 1
509 1
511 2
512 2
513 2
515 1
516 1
517 1
520 4
521 2
524 5
525 4
526 1
527 2
528 1
530 1
531 1
532 3
533 2
534 1
535 2
540 1
541 1
542 1
543 2
544 4
545 2
546 1
547 1
548 3
549 4
550 1
551 2
552 3
553 3
554 3
555 4
556 1
558 3
559 1
560 2
561 1
562 1
564 3
565 3
566 1
567 3
568 2
570 2
571 1
572 2
573 1
575 2
577 2
578 2
580 1
582 3
583 2
584 1
585 1
592 1
594 1
595 1
596 1
597 3
598 4
599 1
601 2
603 1
610 1
611 4
613 1
614 2
615 2
616 4
617 2
618 2
619 1
620 1
621 4
622 5
623 3
624 3
625 3
626 5
627 5
628 5
630 5
631 2
632 1
633 2
634 1
635 1
636 4
637 1
638 4
639 2
640 2
641 1
643 3
645 3
650 1
657 1
659 1
660 1
661 2
664 2
665 2
666 1
667 2
668 1
669 3
670 2
672 2
673 1
674 2
675 1
678 2
679 1
683 1
684 1
687 1
695 1
696 2
697 1
698 1
700 2
702 1
704 1
706 3
707 2
708 2
709 1
711 1
717 1
719 2
723 3
724 1
727 3
728 1
729 1
731 2
732 2
735 1
738 1
742 1
747 1
757 1
763 1
764 2
766 2
770 1
771 1
774 2
776 1
778 1
779 2
780 2
783 2
784 1
785 1
787 1
790 1
791 1
798 1
799 3
800 2
801 3
804 2
806 1
809 1
810 1
813 2
816 1
821 1
822 1
823 1
825 1
826 1
829 1
831 1
833 1
834 1
835 1
836 1
841 1
842 1
843 1
844 2
845 1
848 1
849 1
863 1
866 3
867 2
868 1
870 2
873 1
874 1
875 1
876 1
877 2
878 1
879 1
881 2
885 1
887 1
889 1
893 2
895 1
898 1
899 1
900 3
902 1
904 1
906 1
908 2
912 1
914 1
916 1
917 1
918 1
919 3
921 3
922 1
923 1
924 1
926 1
929 1
932 1
934 1
935 1
936 1
937 1
943 1
945 1
947 2
951 1
954 1
958 1
960 1
961 2
962 1
963 1
964 2
967 1
968 2
970 1
972 1
975 1
976 3
988 1
989 1
990 2
1004 1
1005 2
1006 1
1007 1
1011 1
1013 1
1016 1
1017 1
1018 2
1023 1
1026 1
1029 1
1042 2
1044 2
1045 2
1047 1
1048 2
1049 1
1050 2
1051 4
1054 3
1056 2
1060 3
1061 2
1065 2
1070 1
1071 1
1074 1
1079 1
1080 1
1081 1
1088 2
1089 2
1090 3
1092 1
1095 1
1097 2
1098 2
1100 1
1101 1
1104 1
1109 1
1114 1
1115 1
1132 2
1150 1
1154 1
1155 1
1157 1
1163 1
1167 2
1171 1
1173 1
1175 2
1176 1
1177 1
1178 1
1179 1
1181 1
1182 2
1183 1
1184 1
1185 1
1186 3
1190 1
1207 1
1210 1
1213 1
1226 1
1231 2
1240 1
1263 1
1268 1
1269 1
1270 1
1272 1
1274 1
1275 1
1284 1
1290 2
1299 1
1303 1
1304 2
1319 1
1328 2
1342 1
1343 1
1348 1
1349 1
1350 1
1353 1
1356 1
1360 2
1361 1
1362 1
1366 1
1372 1
1375 1
1378 1
1394 1
1406 1
1409 1
1410 1
1413 1
1418 1
1424 1
1428 1
1430 2
1431 2
1435 1
1437 1
1441 1
1459 1
1476 1
1483 1
1487 1
1506 1
1637 1
1671 1
1673 1
1675 1
1677 3
1678 2
1679 1
1681 1
1682 2
1684 1
1685 1
1687 1
1688 1
1689 1
1702 2
1707 1
1708 2
1715 1
1718 1
1719 1
1726 1
1732 1
1752 1
3154 1
3165 1
3172 1
3176 1
3190 1
3202 1
3207 1
3209 1
3214 1
3215 1
