1 3072721
2 3320638
3 2873146
4 2351069
5 1956010
6 1624864
7 1273468
8 930909
9 624051
10 396369
11 243296
12 160159
13 127171
14 126408
15 142559
16 164733
17 185200
18 202214
19 210667
20 208294
21 194660
22 173367
23 148236
24 121253
25 95054
26 71897
27 52536
28 37478
29 26260
30 17485
31 11179
32 7625
33 4776
34 3289
35 2236
36 1609
37 1269
38 1101
39 956
40 872
41 923
42 933
43 879
44 803
45 678
46 650
47 479
48 388
49 350
50 311
51 274
52 195
53 130
54 99
55 77
56 71
57 45
58 44
59 38
60 30
61 28
62 38
63 38
64 17
65 31
66 23
67 27
68 33
69 29
70 42
71 63
72 75
73 115
74 155
75 227
76 339
77 485
78 749
79 1034
80 1372
81 1839
82 2564
83 3429
84 4720
85 6241
86 8299
87 10714
88 13850
89 17384
90 21419
91 26044
92 31815
93 37602
94 44612
95 52342
96 60840
97 69878
98 79395
99 90014
100 100883
101 111860
102 123050
103 134903
104 144605
105 154020
106 164028
107 172514
108 179279
109 185914
110 189597
111 193162
112 194342
113 194140
114 193958
115 190980
116 188021
117 183976
118 178519
119 172853
120 164650
121 156639
122 147922
123 138823
124 129377
125 120752
126 110616
127 102648
128 93167
129 84178
130 76612
131 68726
132 61523
133 55013
134 48504
135 42581
136 37107
137 32261
138 28378
139 24539
140 20738
141 17321
142 14679
143 12483
144 10672
145 8873
146 7051
147 5901
148 5070
149 4042
150 3340
151 2680
152 2258
153 1706
154 1440
155 1175
156 871
157 623
158 473
159 347
160 282
161 172
162 142
163 109
164 78
165 54
166 44
167 29
168 19
169 19
170 17
171 10
172 10
173 13
174 9
175 7
176 5
177 16
178 10
179 6
180 27
181 19
182 24
183 20
184 38
185 35
186 64
187 69
188 75
189 80
190 92
191 105
192 127
193 153
194 151
195 198
196 214
197 258
198 279
199 328
200 311
201 406
202 418
203 478
204 486
205 523
206 551
207 499
208 633
209 662
210 706
211 688
212 698
213 781
214 846
215 812
216 856
217 851
218 897
219 861
220 914
221 984
222 960
223 1011
224 982
225 915
226 917
227 988
228 924
229 934
230 894
231 946
232 834
233 835
234 771
235 758
236 719
237 707
238 658
239 660
240 613
241 579
242 536
243 498
244 485
245 423
246 408
247 372
248 285
249 308
250 277
251 268
252 285
253 182
254 195
255 200
256 192
257 148
258 145
259 135
260 115
261 99
262 107
263 95
264 82
265 66
266 65
267 55
268 55
269 56
270 37
271 34
272 27
273 31
274 26
275 38
276 26
277 21
278 19
279 34
280 20
281 24
282 20
283 30
284 22
285 33
286 32
287 31
288 37
289 29
290 44
291 37
292 44
293 39
294 44
295 31
296 46
297 51
298 64
299 63
300 62
301 73
302 77
303 59
304 80
305 87
306 98
307 95
308 112
309 137
310 120
311 133
312 147
313 166
314 140
315 163
316 175
317 184
318 163
319 176
320 182
321 182
322 180
323 197
324 235
325 225
326 242
327 250
328 244
329 228
330 223
331 262
332 264
333 261
334 250
335 234
336 220
337 236
338 231
339 210
340 242
341 232
342 243
343 246
344 229
345 236
346 273
347 218
348 253
349 226
350 210
351 212
352 234
353 198
354 216
355 223
356 196
357 191
358 198
359 203
360 196
361 220
362 206
363 173
364 192
365 195
366 189
367 196
368 196
369 184
370 193
371 181
372 150
373 171
374 127
375 136
376 146
377 131
378 124
379 122
380 117
381 141
382 137
383 131
384 126
385 98
386 82
387 112
388 66
389 63
390 73
391 67
392 83
393 70
394 87
395 91
396 77
397 72
398 92
399 73
400 72
401 71
402 62
403 66
404 52
405 56
406 65
407 61
408 62
409 61
410 59
411 65
412 38
413 45
414 56
415 62
416 66
417 63
418 68
419 83
420 78
421 77
422 94
423 87
424 83
425 84
426 93
427 98
428 89
429 97
430 95
431 112
432 106
433 113
434 111
435 125
436 126
437 104
438 120
439 134
440 114
441 127
442 112
443 116
444 143
445 125
446 105
447 113
448 107
449 100
450 98
451 94
452 118
453 109
454 88
455 98
456 100
457 107
458 104
459 94
460 80
461 73
462 67
463 54
464 60
465 58
466 56
467 46
468 42
469 44
470 58
471 29
472 30
473 34
474 40
475 18
476 31
477 22
478 25
479 19
480 19
481 10
482 18
483 18
484 18
485 8
486 7
487 10
488 7
489 7
490 9
491 7
492 8
493 7
494 6
495 10
496 13
497 7
498 9
499 14
500 8
501 5
502 6
503 17
504 15
505 12
506 16
507 21
508 9
509 34
510 26
511 28
512 22
513 25
514 25
515 32
516 32
517 19
518 28
519 26
520 26
521 35
522 35
523 32
524 32
525 26
526 47
527 46
528 39
529 59
530 69
531 53
532 47
533 56
534 62
535 52
536 58
537 51
538 59
539 70
540 72
541 87
542 84
543 92
544 74
545 92
546 79
547 79
548 89
549 85
550 83
551 86
552 89
553 97
554 79
555 96
556 81
557 91
558 92
559 78
560 95
561 92
562 83
563 80
564 67
565 71
566 66
567 71
568 63
569 68
570 46
571 58
572 40
573 47
574 43
575 45
576 42
577 41
578 38
579 32
580 50
581 34
582 36
583 31
584 26
585 32
586 37
587 33
588 25
589 32
590 32
591 30
592 33
593 33
594 27
595 30
596 31
597 34
598 27
599 20
600 19
601 14
602 16
603 12
604 14
605 12
606 10
607 10
608 7
609 7
610 17
611 20
612 9
613 9
614 7
615 6
616 4
617 4
618 8
619 4
620 4
621 6
622 2
623 5
624 6
625 5
626 6
627 4
628 7
629 7
630 8
631 8
632 4
633 7
634 4
635 4
636 4
637 8
638 11
639 8
640 6
641 1
642 4
643 4
644 6
645 7
646 6
647 6
648 6
649 12
650 8
651 10
652 10
653 12
654 7
655 14
656 9
657 5
658 13
659 12
660 13
661 15
662 9
663 3
664 9
665 9
666 6
667 7
668 8
669 13
670 9
671 6
672 7
673 8
674 6
675 6
676 7
677 5
678 7
679 1
680 7
681 2
682 12
683 10
684 6
685 17
686 14
687 14
688 13
689 10
690 9
691 6
692 11
693 8
694 8
695 8
696 5
697 3
698 7
699 5
700 4
701 9
702 5
703 5
704 8
705 8
706 3
707 7
708 9
709 3
710 4
711 5
712 4
713 7
714 6
715 5
716 4
717 6
718 2
719 2
720 4
721 3
722 1
723 3
724 2
725 5
726 2
727 2
728 2
729 2
730 3
731 5
732 2
733 2
734 1
735 4
736 1
737 3
738 4
739 1
740 3
741 2
742 3
743 3
744 4
745 6
746 1
747 4
748 5
749 2
750 4
751 5
752 4
753 4
754 3
755 6
756 8
757 3
758 7
759 4
760 5
761 4
762 3
763 5
764 4
765 7
766 4
767 3
768 6
769 11
770 7
771 3
772 6
773 13
774 10
775 7
776 6
777 5
778 3
779 3
780 6
781 7
782 4
783 4
784 4
785 4
786 2
787 4
788 2
789 3
790 4
791 7
792 3
793 3
794 5
795 2
796 6
797 3
799 3
800 9
801 5
802 4
803 5
804 2
805 2
806 5
807 4
808 3
809 6
810 3
811 2
812 2
814 1
815 2
816 2
817 2
819 1
820 1
821 2
822 4
823 2
824 1
825 1
827 1
828 3
829 1
831 2
832 1
833 1
834 2
835 1
836 2
837 2
839 3
840 2
841 1
842 3
844 2
845 2
846 2
847 1
849 1
850 1
851 1
852 1
853 2
855 2
856 1
857 7
858 2
859 2
860 1
861 4
862 1
863 2
864 2
865 3
866 3
867 4
868 2
870 4
871 5
872 2
874 1
876 2
877 3
879 3
880 5
881 1
882 5
883 2
884 2
885 4
886 4
887 3
888 3
889 3
890 3
891 5
892 3
893 4
894 2
895 4
896 4
897 5
898 2
899 6
900 3
901 3
902 1
903 4
904 2
905 2
906 3
907 3
908 2
909 2
911 3
912 1
913 4
914 5
915 4
916 4
917 5
918 1
919 1
920 2
922 1
923 2
924 2
925 1
926 3
927 3
928 3
929 3
930 1
931 1
933 1
934 3
935 4
937 2
938 1
939 2
941 2
942 2
943 2
944 3
945 1
946 1
947 1
950 1
951 1
952 1
954 1
955 2
956 1
957 1
958 1
959 2
960 3
961 1
962 1
963 3
964 1
965 1
966 2
967 2
968 3
969 2
970 1
971 3
972 1
973 1
974 1
976 1
978 1
979 1
982 1
984 1
986 1
987 2
988 1
989 1
991 2
992 2
993 2
994 1
995 4
996 3
997 4
998 4
999 3
1000 1
1001 2
1002 4
1003 2
1005 2
1006 1
1007 1
1008 2
1009 4
1010 3
1011 3
1012 2
1013 1
1014 1
1015 1
1016 2
1017 3
1018 2
1019 3
1020 1
1022 2
1024 2
1025 2
1027 2
1028 2
1029 1
1030 1
1031 1
1032 1
1033 1
1034 3
1035 1
1041 1
1042 1
1043 1
1044 1
1045 1
1047 2
1048 2
1050 1
1051 2
1053 2
1054 2
1056 1
1057 1
1058 1
1059 1
1060 1
1061 3
1062 3
1063 2
1064 2
1066 1
1067 1
1068 5
1070 2
1071 2
1072 3
1074 1
1075 2
1076 2
1077 1
1078 2
1079 1
1080 2
1081 1
1082 2
1083 1
1084 4
1086 4
1091 3
1092 1
1094 2
1096 1
1097 1
1098 3
1099 2
1101 1
1103 3
1104 1
1106 3
1107 2
1108 1
1109 1
1110 2
1111 2
1112 2
1113 2
1114 2
1115 3
1116 2
1117 3
1118 1
1119 3
1120 2
1121 2
1122 6
1123 1
1124 3
1125 3
1126 2
1127 4
1128 1
1129 6
1130 1
1132 2
1134 1
1135 3
1136 2
1137 3
1138 4
1139 2
1140 1
1141 5
1142 2
1143 2
1144 1
1147 2
1148 2
1149 1
1150 1
1151 1
1152 1
1153 3
1154 2
1156 1
1157 1
1158 1
1159 2
1160 4
1161 4
1162 4
1163 2
1164 2
1165 2
1166 3
1167 1
1169 2
1170 1
1171 3
1172 1
1181 2
1182 2
1183 1
1184 1
1185 2
1189 1
1196 1
1204 1
1206 3
1207 2
1208 2
1210 5
1213 2
1215 2
1216 4
1217 2
1218 1
1219 3
1220 1
1221 2
1222 5
1223 2
1224 3
1225 2
1228 1
1229 2
1231 2
1233 1
1235 4
1236 1
1238 4
1239 3
1240 1
1242 1
1243 1
1244 2
1249 1
1252 2
1253 3
1255 1
1256 2
1257 2
1259 3
1260 2
1261 3
1262 2
1263 1
1264 1
1265 2
1269 1
1271 1
1272 2
1275 1
1278 1
1279 1
1280 1
1281 1
1282 1
1286 1
1297 1
1298 3
1299 1
1300 2
1302 1
1304 1
1305 4
1307 4
1311 3
1313 2
1316 1
1317 1
1318 2
1319 1
1320 1
1322 2
1323 1
1326 1
1327 2
1329 1
1331 1
1332 1
1333 1
1334 3
1338 2
1341 1
1344 1
1345 1
1346 2
1348 1
1349 1
1350 1
1353 1
1354 1
1356 1
1360 1
1362 1
1363 1
1364 2
1365 1
1366 1
1367 1
1373 1
1374 2
1378 1
1379 1
1383 1
1389 1
1392 1
1395 1
1396 1
1398 3
1399 1
1400 1
1405 2
1406 1
1409 1
1410 1
1421 1
1423 2
1424 1
1425 2
1429 2
1434 1
1435 1
1438 2
1439 1
1440 1
1441 2
1443 1
1444 1
1445 2
1447 2
1448 2
1449 4
1450 2
1452 1
1453 1
1454 2
1455 2
1457 1
1459 1
1464 1
1465 2
1467 3
1468 1
1469 4
1470 1
1473 1
1474 1
1475 2
1478 1
1480 2
1481 1
1485 1
1491 2
1492 1
1493 1
1497 2
1498 2
1499 3
1500 1
1502 1
1503 2
1504 3
1505 1
1506 1
1507 1
1508 3
1509 1
1511 1
1513 1
1514 1
1515 1
1516 1
1517 1
1518 2
1523 2
1524 2
1525 1
1526 2
1532 2
1534 1
1536 1
1537 2
1538 2
1539 2
1541 1
1542 3
1544 1
1545 1
1546 1
1548 2
1549 2
1550 2
1552 1
1553 2
1556 1
1557 1
1563 1
1566 1
1569 1
1570 5
1571 1
1572 2
1574 1
1575 1
1576 1
1577 1
1580 1
1581 1
1582 4
1584 1
1586 1
1587 1
1588 2
1592 1
1601 1
1606 1
1608 1
1609 1
1610 2
1611 1
1612 2
1613 2
1614 1
1615 1
1616 1
1619 1
1620 1
1622 2
1623 1
1625 2
1630 1
1638 1
1647 1
1651 1
1657 1
1658 1
1660 1
1665 1
1666 1
1672 1
1674 1
1677 1
1691 1
1696 1
1697 1
1700 1
1703 1
1705 1
1709 1
1723 2
1725 1
1728 1
1731 1
1733 2
1735 3
1736 1
1737 1
1738 2
1739 1
1740 1
1743 1
1748 1
1752 1
1755 2
1759 1
1760 3
1764 1
1765 2
1766 1
1767 5
1768 1
1769 1
1770 3
1771 3
1772 1
1773 1
1776 1
1777 3
1778 1
1779 2
1780 2
1783 1
1784 2
1789 1
1792 2
1794 3
1795 4
1799 1
1802 1
1803 1
1804 1
1805 2
1806 1
1812 2
1828 1
1829 1
1837 1
1844 1
1848 1
1856 1
1861 1
1865 1
1868 1
1869 1
1875 1
1877 1
1884 1
1886 2
1889 1
1892 1
1893 1
1896 1
1929 1
1934 1
1935 2
1936 3
1939 2
1940 1
1942 1
1943 2
1946 1
1947 2
1948 1
1949 1
1950 1
1961 1
1974 1
1977 1
1978 1
1979 1
1980 1
1981 1
1986 1
1992 1
2000 1
2008 1
2013 1
2020 1
2022 1
2024 2
2030 1
2031 1
2035 1
2036 1
2038 1
2040 1
2041 1
2042 2
2044 2
2049 1
2076 1
2098 1
2099 1
2113 1
2129 1
2147 1
2189 1
2190 1
2200 1
2238 1
2244 1
2278 1
2296 1
2354 1
2363 1
2365 1
2367 2
2369 1
2373 1
2404 1
2434 1
2435 1
2443 1
2457 1
2500 1
2501 1
2502 1
2506 1
2555 1
2559 1
2562 1
2565 1
2570 1
2572 1
2602 1
2605 1
2615 1
2617 1
2622 1
2630 1
2656 1
2659 1
2663 1
2681 1
2684 1
2685 1
2688 1
2690 2
2692 2
2694 2
2698 1
2700 1
2709 1
2716 2
2719 2
2721 1
2725 1
2727 1
2746 1
2757 1
2761 1
2787 1
2805 1
2816 1
2822 1
2824 1
2844 1
2847 1
2854 1
2865 1
2871 1
2875 1
2880 1
2886 1
2896 1
2897 1
2947 1
2953 1
2965 1
2966 1
2967 1
2968 1
2974 1
2983 1
2987 1
2989 1
2990 1
3069 1
3070 1
3071 1
3075 1
3076 2
3079 1
3083 1
3088 1
3094 1
3095 1
3143 1
3150 1
3152 1
3155 1
3158 1
3159 2
3162 1
3163 3
3164 1
3167 1
3171 1
3177 1
3182 1
3186 1
3190 1
3196 1
3197 1
3202 3
3205 1
3210 1
3221 1
3223 1
3224 1
3226 1
3228 1
3229 1
3230 1
3233 1
3256 1
3261 1
3265 1
3269 1
3271 1
3326 1
3327 1
3356 1
3372 1
3375 1
3387 1
3394 1
3395 2
3396 1
3397 2
3399 1
3401 1
3403 2
3410 2
3413 1
3414 2
3467 1
3484 1
3506 1
3507 1
3518 1
3520 1
3523 1
3524 1
3526 1
3533 1
3536 1
3541 1
3609 1
3613 1
3646 1
3648 1
3696 1
3698 2
3709 1
3797 2
3799 1
3800 1
3806 1
3809 1
3814 1
3817 1
3846 1
3868 1
3879 1
3880 1
3884 1
3897 1
3902 1
3907 1
3908 2
3909 1
3911 1
3914 1
3917 1
3918 1
3920 2
3921 1
3922 1
3923 1
3927 1
3928 1
3930 1
3938 1
3942 2
3946 1
3949 1
3950 1
3952 1
3956 1
3980 1
3982 1
4001 1
4004 1
4011 1
4012 1
4019 1
4023 1
4025 1
4032 1
4036 2
4039 1
4060 1
4062 1
4072 1
4081 3
4084 1
4100 1
4115 1
4119 1
4132 1
4135 1
4137 1
4138 1
4139 1
4140 1
4145 1
4175 1
4188 1
4189 1
4213 1
4220 1
4224 1
4237 1
4269 1
4285 1
4312 1
4317 1
4320 1
4323 1
4324 2
4327 1
4334 2
4339 1
4350 1
4366 1
4368 1
4383 1
4399 1
4402 1
4421 1
4438 1
4454 1
4465 1
4474 1
4492 1
4497 1
4505 1
4511 1
4514 1
4521 1
4551 1
4555 1
4559 1
4561 1
4571 1
4604 1
4613 1
4644 1
4647 1
4710 1
4811 1
4873 1
4881 1
4921 1
4926 1
4940 1
4950 1
4952 1
4954 1
4957 2
4962 1
4965 1
5063 1
5065 1
5066 1
5067 1
5076 1
5078 1
5087 1
5103 1
5177 1
5222 1
5226 1
5228 1
5231 1
5275 1
5280 1
5282 1
5287 1
5296 1
5334 1
5338 1
5342 1
5349 1
5353 1
5415 1
5427 1
5512 2
5631 1
5736 1
6372 1
6463 1
6469 1
6471 1
6478 1
6487 1
6571 1
6576 1
6630 1
6703 1
6745 1
6840 1
