1 1890290
2 2497815
3 2548786
4 2437546
5 2414235
6 2383869
7 2242810
8 1958442
9 1565627
10 1145540
11 778022
12 495845
13 298212
14 169416
15 93420
16 51621
17 29959
18 18098
19 12021
20 8504
21 6693
22 5394
23 4589
24 3917
25 3434
26 3158
27 2884
28 2358
29 2178
30 1964
31 1812
32 1600
33 1393
34 1193
35 1095
36 959
37 893
38 874
39 782
40 735
41 741
42 624
43 572
44 468
45 428
46 377
47 338
48 368
49 383
50 376
51 425
52 367
53 336
54 389
55 419
56 480
57 566
58 630
59 882
60 1124
61 1499
62 2060
63 2845
64 3877
65 5343
66 7125
67 9499
68 12508
69 16210
70 20444
71 26324
72 32576
73 39840
74 48143
75 58514
76 68740
77 80241
78 93087
79 105722
80 119297
81 132347
82 144824
83 156913
84 168780
85 178743
86 186313
87 191300
88 196177
89 198781
90 197760
91 195148
92 190789
93 183916
94 175033
95 165958
96 155033
97 144685
98 132063
99 120538
100 108120
101 96772
102 85627
103 75172
104 65246
105 56236
106 47971
107 40198
108 33391
109 27672
110 23015
111 18832
112 14912
113 11939
114 9359
115 7264
116 5683
117 4446
118 3272
119 2517
120 1881
121 1394
122 1011
123 778
124 532
125 407
126 330
127 252
128 207
129 148
130 137
131 100
132 69
133 71
134 61
135 60
136 64
137 60
138 60
139 71
140 79
141 61
142 56
143 59
144 71
145 63
146 45
147 61
148 64
149 73
150 65
151 71
152 84
153 116
154 165
155 170
156 187
157 220
158 207
159 265
160 284
161 313
162 370
163 364
164 437
165 420
166 464
167 531
168 502
169 581
170 589
171 652
172 678
173 695
174 785
175 733
176 752
177 792
178 812
179 857
180 834
181 859
182 780
183 775
184 774
185 684
186 696
187 609
188 605
189 612
190 587
191 530
192 524
193 489
194 434
195 414
196 425
197 380
198 352
199 335
200 281
201 247
202 213
203 171
204 170
205 150
206 124
207 145
208 101
209 89
210 84
211 78
212 55
213 52
214 38
215 46
216 33
217 20
218 30
219 19
220 17
221 23
222 14
223 14
224 8
225 5
226 4
227 3
228 4
229 5
230 11
231 9
232 4
233 6
234 3
235 12
236 18
237 10
238 10
239 17
240 19
241 28
242 32
243 43
244 42
245 46
246 48
247 44
248 50
249 45
250 62
251 54
252 70
253 67
254 75
255 88
256 105
257 73
258 106
259 130
260 126
261 102
262 128
263 140
264 118
265 128
266 114
267 88
268 105
269 98
270 90
271 73
272 86
273 87
274 90
275 88
276 76
277 82
278 92
279 72
280 83
281 73
282 59
283 45
284 51
285 65
286 65
287 46
288 69
289 70
290 62
291 47
292 54
293 51
294 59
295 40
296 42
297 25
298 53
299 34
300 40
301 34
302 23
303 25
304 30
305 30
306 16
307 21
308 19
309 23
310 18
311 29
312 20
313 34
314 33
315 26
316 19
317 31
318 23
319 26
320 31
321 30
322 31
323 32
324 32
325 41
326 34
327 37
328 37
329 30
330 49
331 45
332 55
333 66
334 59
335 71
336 68
337 79
338 86
339 90
340 117
341 110
342 98
343 128
344 113
345 136
346 135
347 120
348 111
349 138
350 111
351 143
352 112
353 153
354 124
355 140
356 128
357 127
358 128
359 142
360 153
361 165
362 158
363 144
364 126
365 147
366 159
367 151
368 152
369 140
370 135
371 121
372 124
373 108
374 94
375 113
376 105
377 97
378 97
379 80
380 85
381 73
382 87
383 75
384 72
385 86
386 74
387 71
388 62
389 55
390 50
391 50
392 52
393 46
394 40
395 47
396 38
397 41
398 53
399 39
400 45
401 38
402 32
403 29
404 23
405 35
406 19
407 15
408 27
409 25
410 19
411 19
412 25
413 17
414 10
415 14
416 11
417 18
418 16
419 15
420 23
421 17
422 8
423 13
424 17
425 9
426 12
427 10
428 10
429 5
430 7
431 4
432 8
433 7
434 4
435 1
436 2
437 3
438 4
439 4
440 3
441 4
442 3
443 2
444 1
445 3
446 2
447 4
448 1
449 6
450 3
451 5
452 3
454 4
455 1
456 4
457 3
458 2
459 2
460 3
461 2
462 4
463 4
464 3
466 1
467 2
468 1
470 2
473 1
480 1
483 1
486 3
490 2
493 1
494 1
495 1
502 2
524 1
528 1
531 3
532 1
535 1
536 1
537 1
539 1
540 1
541 1
544 1
545 1
546 1
547 2
548 1
551 1
552 1
554 1
557 1
558 1
559 2
560 1
562 1
575 1
587 1
594 1
606 1
610 2
625 1
634 1
679 1
707 2
713 1
720 1
722 1
723 1
724 1
725 1
726 1
728 1
744 1
761 1
763 1
766 1
782 2
786 1
792 1
800 1
804 1
805 2
819 1
837 1
876 1
991 1
1043 1
1599 1
1893 2
1895 1
1896 1
1925 1
1930 1
1931 1
1941 1
2049 1
2055 1
2147 1
