1 7453
2 32791
3 106306
4 253380
5 489970
6 790180
7 1097440
8 1337103
9 1465321
10 1458410
11 1337892
12 1137397
13 930212
14 744670
15 598020
16 504372
17 458613
18 446400
19 464092
20 504841
21 556145
22 617560
23 678298
24 737180
25 795350
26 836284
27 864414
28 884346
29 884372
30 866065
31 838198
32 792870
33 738607
34 675665
35 605129
36 529966
37 459593
38 391148
39 329369
40 269518
41 219048
42 175912
43 140223
44 108592
45 83430
46 63198
47 47593
48 35809
49 27064
50 20102
51 15310
52 12007
53 9430
54 7595
55 6561
56 5665
57 5135
58 4697
59 4316
60 4052
61 3760
62 3762
63 3728
64 3695
65 3458
66 3239
67 3222
68 3113
69 2993
70 2886
71 2703
72 2530
73 2413
74 2288
75 2124
76 2081
77 1864
78 1564
79 1509
80 1322
81 1171
82 1164
83 1007
84 980
85 934
86 885
87 854
88 818
89 778
90 807
91 846
92 812
93 825
94 774
95 811
96 769
97 800
98 794
99 750
100 743
101 706
102 673
103 657
104 656
105 626
106 577
107 611
108 562
109 564
110 516
111 551
112 557
113 546
114 583
115 599
116 677
117 656
118 631
119 638
120 670
121 712
122 625
123 621
124 612
125 657
126 560
127 577
128 574
129 526
130 548
131 487
132 554
133 427
134 477
135 418
136 454
137 436
138 430
139 410
140 401
141 423
142 367
143 351
144 355
145 311
146 299
147 315
148 272
149 245
150 228
151 204
152 205
153 182
154 169
155 178
156 175
157 149
158 173
159 144
160 117
161 132
162 125
163 121
164 153
165 132
166 137
167 126
168 153
169 172
170 123
171 132
172 114
173 94
174 78
175 104
176 98
177 92
178 105
179 99
180 76
181 91
182 78
183 75
184 68
185 84
186 93
187 88
188 80
189 91
190 78
191 87
192 80
193 67
194 80
195 82
196 72
197 66
198 104
199 87
200 49
201 52
202 64
203 64
204 53
205 56
206 55
207 54
208 57
209 68
210 66
211 95
212 67
213 77
214 69
215 63
216 73
217 60
218 64
219 57
220 54
221 54
222 56
223 74
224 49
225 54
226 45
227 56
228 50
229 64
230 62
231 55
232 61
233 66
234 75
235 60
236 49
237 57
238 46
239 47
240 46
241 60
242 58
243 66
244 61
245 76
246 74
247 48
248 56
249 45
250 37
251 41
252 46
253 53
254 31
255 40
256 41
257 28
258 36
259 33
260 29
261 32
262 47
263 39
264 40
265 40
266 35
267 43
268 31
269 36
270 48
271 47
272 43
273 41
274 36
275 45
276 34
277 47
278 51
279 44
280 50
281 53
282 61
283 44
284 71
285 53
286 66
287 59
288 70
289 66
290 41
291 51
292 43
293 39
294 47
295 51
296 39
297 33
298 33
299 39
300 25
301 25
302 25
303 24
304 24
305 31
306 25
307 21
308 26
309 18
310 16
311 24
312 21
313 29
314 18
315 23
316 26
317 23
318 22
319 22
320 24
321 20
322 19
323 15
324 9
325 8
326 6
327 6
328 8
329 10
330 1
331 4
332 1
333 5
334 10
335 9
336 4
337 4
338 4
339 7
340 3
341 7
342 4
343 5
344 3
345 7
346 5
347 8
348 6
349 4
350 4
351 6
352 4
353 11
354 9
355 3
356 3
357 3
358 3
359 1
360 1
361 3
362 5
363 5
364 5
365 1
366 3
367 4
368 2
369 8
370 1
371 5
372 4
373 4
374 2
375 10
376 4
377 3
378 3
379 7
380 3
381 4
382 3
383 2
384 3
385 3
386 4
387 1
388 4
389 1
390 1
391 2
392 2
393 3
394 1
395 6
396 5
397 3
398 4
399 1
400 6
401 2
402 6
403 7
404 5
405 8
406 2
407 7
408 4
409 7
410 7
411 4
412 2
414 3
415 4
416 1
417 3
418 5
419 2
420 5
421 5
422 4
423 2
424 6
425 5
426 8
427 7
428 4
429 4
430 2
431 4
432 5
433 3
434 3
435 4
436 1
437 3
439 1
441 3
442 2
444 1
445 2
446 2
447 1
448 3
449 1
451 3
453 2
456 2
457 3
458 2
459 2
460 2
461 4
462 3
463 4
464 4
465 3
466 1
467 1
469 1
471 2
475 1
478 2
480 1
481 1
482 3
483 2
484 1
485 1
486 1
488 1
489 4
490 4
491 4
492 1
493 1
494 3
495 1
496 4
497 2
501 1
502 2
504 2
505 1
506 1
507 3
509 1
510 2
511 2
512 1
513 1
514 3
516 3
517 1
518 4
519 3
520 2
521 1
522 4
523 2
526 2
527 4
528 2
529 2
530 3
531 1
532 2
533 2
534 2
535 3
536 2
537 2
538 2
539 5
541 2
542 2
543 1
544 2
545 1
546 8
547 3
548 6
549 4
550 2
551 3
552 4
553 3
554 1
555 1
556 1
557 2
558 2
559 2
560 2
562 1
565 1
567 1
569 1
570 1
571 1
572 1
575 3
576 2
577 1
578 1
579 2
580 2
581 3
583 2
584 3
587 2
590 1
593 1
598 1
602 2
603 2
604 1
606 2
607 5
608 1
609 3
610 2
611 2
613 1
621 1
622 1
629 2
631 1
632 1
635 1
636 2
638 2
639 2
640 1
641 1
648 1
651 1
653 1
654 1
655 2
656 1
657 1
658 1
660 1
661 3
662 1
663 1
664 1
665 3
667 1
671 1
680 1
681 2
683 2
684 2
688 2
691 1
696 3
697 2
698 1
700 1
703 1
704 1
707 1
709 3
710 1
711 2
712 1
713 2
714 1
715 1
716 2
718 1
720 2
721 2
723 2
724 2
726 4
727 1
731 3
734 1
735 1
738 1
740 2
741 1
745 1
746 1
751 2
752 2
753 3
754 1
757 1
758 3
760 1
761 1
762 1
763 2
771 3
772 1
773 1
776 1
777 2
779 2
781 1
784 1
787 2
790 1
799 1
805 1
808 1
809 1
810 1
811 1
817 1
819 2
820 2
821 3
822 1
823 1
825 1
826 4
827 1
828 3
829 1
831 2
837 1
842 1
843 1
845 1
847 1
851 2
852 1
856 1
862 1
867 1
872 1
873 1
876 1
879 1
880 1
881 1
883 1
884 1
891 2
892 1
893 3
894 1
897 1
899 3
902 1
904 1
906 1
908 1
912 1
913 1
918 1
920 1
921 1
923 1
924 1
925 1
927 1
930 1
932 1
936 1
941 1
946 1
947 1
950 1
951 1
952 1
953 4
954 3
955 1
957 2
958 2
960 2
961 1
962 1
963 1
964 2
967 1
968 1
971 2
972 1
973 1
976 1
979 3
981 1
985 1
992 1
1004 1
1005 1
1007 2
1012 1
1015 2
1016 1
1017 1
1023 3
1029 1
1030 2
1032 1
1033 2
1052 1
1072 1
1073 1
1076 1
1080 1
1083 1
1102 2
1106 2
1109 1
1111 1
1119 1
1122 1
1128 1
1133 1
1134 1
1140 2
1144 1
1154 1
1174 2
1187 2
1188 1
1190 1
1193 1
1202 1
1206 1
1207 1
1209 1
1210 1
1219 1
1220 1
1223 1
1227 1
1231 1
1251 1
1254 1
1255 1
1257 2
1258 2
1265 1
1285 1
1373 1
1420 1
1421 2
1422 1
1423 1
1430 1
1431 1
1433 1
1434 1
1436 1
1439 1
1440 1
1441 2
1450 1
1455 1
1457 1
1462 1
1470 1
1474 4
1475 1
1476 3
1477 1
2721 2
2722 1
2723 2
2724 1
2728 1
2731 3
