1 4597440
2 4008978
3 3040409
4 2200100
5 1505770
6 949552
7 577383
8 367091
9 278673
10 255384
11 261341
12 266729
13 259501
14 233648
15 197520
16 159421
17 121629
18 85839
19 57916
20 38473
21 23830
22 14330
23 8472
24 5144
25 3288
26 2176
27 1640
28 1327
29 1139
30 961
31 781
32 598
33 431
34 332
35 280
36 190
37 162
38 111
39 98
40 90
41 110
42 206
43 284
44 419
45 760
46 1131
47 1646
48 2612
49 3745
50 5471
51 7686
52 10582
53 14351
54 19456
55 25315
56 32765
57 41530
58 52230
59 63444
60 77784
61 92594
62 108267
63 126707
64 143969
65 160396
66 178041
67 193566
68 209875
69 224548
70 234405
71 244200
72 248666
73 251865
74 249923
75 245201
76 238582
77 229997
78 220635
79 207731
80 195074
81 180404
82 165102
83 150128
84 135991
85 121154
86 106997
87 92612
88 80721
89 69035
90 58278
91 49164
92 40881
93 33795
94 27935
95 23029
96 18713
97 15090
98 11797
99 9218
100 7093
101 5523
102 4360
103 3349
104 2494
105 1872
106 1277
107 950
108 749
109 531
110 347
111 244
112 219
113 204
114 157
115 142
116 124
117 111
118 126
119 147
120 165
121 179
122 191
123 243
124 216
125 284
126 329
127 406
128 504
129 563
130 649
131 674
132 789
133 888
134 954
135 1013
136 1058
137 1174
138 1115
139 1123
140 1066
141 1123
142 1137
143 1101
144 1295
145 1284
146 1233
147 1194
148 1148
149 1198
150 1200
151 1069
152 1041
153 1055
154 944
155 898
156 906
157 842
158 704
159 655
160 705
161 581
162 554
163 562
164 530
165 459
166 367
167 358
168 282
169 268
170 204
171 193
172 151
173 122
174 122
175 108
176 102
177 66
178 77
179 73
180 51
181 65
182 49
183 54
184 72
185 63
186 63
187 95
188 72
189 82
190 74
191 107
192 118
193 120
194 137
195 116
196 130
197 134
198 148
199 166
200 208
201 198
202 204
203 208
204 199
205 255
206 246
207 260
208 273
209 254
210 291
211 315
212 309
213 279
214 332
215 389
216 352
217 353
218 361
219 388
220 353
221 322
222 377
223 360
224 334
225 363
226 333
227 343
228 363
229 352
230 350
231 337
232 356
233 341
234 323
235 321
236 310
237 278
238 298
239 259
240 211
241 231
242 187
243 219
244 215
245 194
246 177
247 178
248 179
249 173
250 146
251 148
252 141
253 139
254 148
255 152
256 148
257 127
258 104
259 109
260 111
261 92
262 95
263 90
264 82
265 74
266 84
267 97
268 78
269 79
270 99
271 95
272 102
273 137
274 120
275 144
276 110
277 143
278 142
279 133
280 125
281 124
282 130
283 114
284 130
285 126
286 108
287 150
288 149
289 175
290 172
291 181
292 178
293 185
294 150
295 176
296 144
297 136
298 128
299 121
300 110
301 77
302 89
303 95
304 86
305 97
306 91
307 91
308 83
309 71
310 73
311 77
312 52
313 53
314 54
315 45
316 39
317 39
318 41
319 39
320 21
321 35
322 39
323 45
324 33
325 39
326 40
327 45
328 33
329 44
330 43
331 48
332 48
333 39
334 63
335 47
336 62
337 56
338 61
339 72
340 81
341 62
342 75
343 65
344 74
345 60
346 92
347 84
348 61
349 107
350 92
351 96
352 129
353 106
354 109
355 92
356 119
357 90
358 123
359 112
360 99
361 135
362 107
363 96
364 108
365 96
366 94
367 91
368 111
369 97
370 78
371 78
372 83
373 73
374 81
375 73
376 60
377 57
378 61
379 78
380 66
381 72
382 38
383 65
384 41
385 40
386 43
387 38
388 44
389 27
390 31
391 41
392 25
393 27
394 22
395 23
396 26
397 13
398 13
399 21
400 21
401 9
402 8
403 19
404 9
405 13
406 15
407 12
408 13
409 12
410 5
411 14
412 15
413 15
414 10
415 19
416 15
417 13
418 15
419 8
420 7
421 11
422 12
423 7
424 13
425 12
426 7
427 16
428 29
429 11
430 20
431 16
432 13
433 13
434 15
435 19
436 14
437 14
438 10
439 8
440 11
441 12
442 9
443 12
444 7
445 9
446 10
447 7
448 9
449 10
450 7
451 12
452 15
453 13
454 15
455 9
456 12
457 11
458 13
459 7
460 18
461 9
462 10
463 11
464 10
465 5
466 5
467 13
468 6
469 2
470 8
471 6
472 7
473 12
474 6
475 7
476 6
477 6
478 7
480 6
481 2
482 4
483 5
484 4
485 6
486 7
487 10
488 8
489 7
490 8
491 9
492 12
493 7
494 9
495 9
496 9
497 7
498 8
499 2
500 6
501 3
502 6
503 5
504 4
505 4
506 5
507 5
508 6
509 4
510 7
511 5
512 1
513 6
514 8
515 2
516 9
517 7
518 7
519 4
520 3
521 3
522 2
523 4
524 3
525 3
526 3
527 2
528 5
529 4
530 3
531 4
532 5
533 3
534 1
535 2
536 1
537 1
538 2
539 2
540 1
542 2
544 4
545 7
546 1
547 2
548 2
549 3
550 3
552 6
553 3
554 1
555 2
556 2
557 1
558 3
559 2
560 3
561 3
562 1
563 2
564 2
565 5
567 3
568 2
569 4
570 4
571 2
572 4
573 4
574 2
575 6
576 7
577 8
578 8
579 5
580 8
581 7
582 7
583 6
584 4
585 3
586 4
587 9
588 4
589 4
590 2
591 2
592 2
593 10
594 4
595 6
596 3
597 3
598 2
599 3
600 3
601 1
603 7
604 2
605 2
606 4
607 2
608 3
609 3
610 3
611 2
612 1
613 1
614 3
616 3
617 3
618 2
619 6
620 3
621 3
623 3
624 7
626 1
627 2
628 2
629 1
630 3
631 2
632 5
633 3
634 6
635 1
636 1
637 2
638 1
639 1
640 5
642 2
643 2
644 2
645 4
646 4
647 5
648 3
649 3
650 1
651 2
652 1
653 2
654 2
655 2
656 1
657 1
659 1
660 1
661 3
662 5
663 1
664 2
665 2
666 2
668 2
669 2
670 5
671 1
672 1
673 4
674 1
675 5
676 7
677 4
678 2
679 1
680 1
681 1
682 2
683 4
684 4
685 3
689 1
690 4
691 2
692 1
693 5
694 1
695 4
696 1
697 1
698 1
699 1
701 5
702 3
703 1
704 2
705 1
706 7
707 1
708 4
709 2
710 1
711 4
712 1
714 2
715 3
716 3
717 5
718 2
719 1
720 3
721 5
722 6
723 2
724 4
725 2
726 1
727 4
728 1
729 1
730 2
731 3
733 2
734 1
735 1
736 1
737 3
738 3
740 4
741 3
742 3
743 2
744 7
745 3
746 4
747 3
748 2
749 6
750 4
751 6
752 1
753 1
754 2
755 3
756 2
757 1
758 2
760 3
761 1
763 1
766 2
767 1
768 1
770 2
771 2
772 1
773 1
774 1
775 1
776 2
778 1
779 1
783 2
785 4
787 1
788 4
790 2
791 4
793 1
794 1
795 1
796 1
798 1
800 1
801 2
802 1
803 4
804 2
805 1
806 3
809 1
811 2
812 4
815 5
817 3
818 3
819 1
820 3
821 1
823 3
824 2
825 1
826 3
827 2
828 1
829 3
831 4
832 2
833 2
834 5
835 3
836 4
837 2
838 3
839 8
840 1
841 3
842 1
843 3
844 1
845 1
846 2
847 2
848 2
850 3
853 1
854 1
855 1
856 2
857 2
859 3
860 1
861 2
862 1
865 1
866 2
867 2
869 1
876 1
879 2
881 1
882 1
883 2
884 1
885 2
886 1
887 1
888 1
890 1
891 1
892 2
893 1
894 2
896 3
897 2
898 1
899 1
900 1
901 2
902 2
903 2
905 2
907 3
908 1
909 1
911 2
914 1
918 1
920 1
921 1
922 1
923 1
926 1
927 1
930 1
931 3
933 1
934 1
935 1
936 1
937 1
939 2
942 1
943 1
944 2
945 1
946 3
947 1
949 2
951 2
954 4
955 1
956 1
957 1
959 1
960 1
961 3
962 1
963 7
964 5
966 2
972 2
973 1
976 2
977 2
978 3
981 1
982 1
983 2
985 1
987 1
989 2
990 1
994 3
996 3
1001 2
1004 1
1005 1
1006 1
1007 1
1008 2
1009 2
1011 1
1014 1
1015 2
1017 1
1020 1
1021 1
1022 1
1023 1
1025 1
1027 1
1028 1
1030 3
1032 1
1034 1
1035 3
1037 1
1038 3
1039 1
1041 1
1042 2
1043 3
1044 2
1045 1
1046 4
1047 1
1048 4
1049 1
1050 2
1051 4
1052 2
1053 2
1055 3
1056 1
1057 1
1058 4
1059 1
1060 1
1063 2
1064 2
1065 1
1066 1
1067 1
1069 1
1071 1
1072 1
1074 1
1075 1
1079 2
1082 1
1091 1
1097 2
1099 1
1100 2
1101 1
1103 2
1106 1
1111 1
1112 1
1114 2
1115 1
1116 1
1117 1
1120 1
1121 3
1125 1
1126 1
1127 1
1128 3
1129 1
1130 1
1131 3
1132 1
1134 4
1135 1
1136 1
1138 5
1140 1
1143 1
1144 1
1145 1
1149 1
1150 1
1151 2
1153 1
1154 2
1159 1
1160 1
1162 1
1168 1
1172 1
1177 1
1181 2
1182 2
1184 1
1185 1
1186 2
1187 1
1188 2
1189 1
1190 2
1191 1
1192 2
1193 1
1194 2
1195 1
1196 1
1197 2
1198 1
1202 1
1203 1
1205 1
1208 2
1212 1
1213 1
1214 3
1216 2
1228 1
1234 1
1235 2
1237 1
1244 1
1247 1
1249 1
1250 2
1256 1
1262 1
1265 2
1269 1
1272 2
1277 1
1281 1
1283 1
1290 1
1297 1
1303 1
1304 2
1305 1
1306 1
1314 1
1315 1
1316 1
1321 2
1322 1
1323 1
1324 1
1327 1
1329 1
1330 1
1332 1
1333 1
1341 2
1342 1
1349 1
1359 1
1366 1
1392 2
1394 1
1396 1
1407 1
1412 1
1413 2
1414 2
1415 2
1416 3
1417 2
1418 1
1422 1
1423 1
1464 1
1466 1
1473 1
1510 1
1524 1
1525 1
1529 1
1538 1
1575 3
1579 1
1599 1
1604 1
1624 1
1629 1
1632 1
1633 2
1634 1
1649 1
1650 1
1651 1
1711 1
1720 1
1724 1
1728 1
1729 2
1731 1
1732 1
1734 1
1735 2
1744 1
1748 1
1751 1
1752 1
1756 1
1780 1
1782 1
1795 1
1800 1
1802 1
1805 1
1809 1
1819 1
1823 1
1824 1
1829 1
1830 1
1831 1
1834 2
1835 1
1838 1
1839 1
1840 1
1844 2
1857 1
1862 1
1896 1
1898 1
1902 1
1905 1
1906 1
1908 1
1940 1
1963 1
1970 1
1971 2
1974 1
1977 1
1979 1
1980 1
1982 1
1987 1
2004 1
2009 1
2015 3
2016 1
2017 1
2022 1
2027 1
2029 1
2030 1
2031 1
2032 1
2033 2
2034 1
2035 1
2041 2
2044 2
2046 1
2051 1
2053 1
2055 1
2058 1
2059 1
2060 1
2066 1
2068 1
2071 1
2073 1
2074 1
2081 1
2084 1
2096 1
2102 1
2111 1
2114 1
2142 1
2149 1
2150 1
2163 1
2176 1
2187 1
2193 1
2195 1
2198 1
2206 2
2208 1
2211 1
2213 2
2215 2
2238 1
2239 1
2248 1
2249 1
2252 1
2253 1
2255 2
2256 1
2257 1
2258 1
2260 1
2261 2
2264 2
2267 1
2313 1
2316 2
2317 1
2319 1
2321 1
2322 3
2328 1
2330 1
2334 1
2335 1
2355 1
2358 1
2364 1
2365 1
2372 1
2382 1
2384 1
2387 1
2392 1
2395 1
2422 1
2426 1
2430 1
2439 1
2443 1
2445 1
2446 2
2452 1
2462 1
2469 1
2472 2
2475 1
2476 1
2497 2
2500 3
2512 1
2515 1
2518 1
2520 2
2536 1
2538 3
2539 1
2543 1
2545 1
2550 1
2554 1
2563 1
2592 1
2600 1
2605 1
2611 2
2615 1
2618 1
2620 1
2640 2
2642 1
2645 1
2658 1
2667 1
2668 1
2670 2
2673 1
2677 1
2679 2
2692 1
2693 1
2703 1
2707 1
2710 3
2711 1
2714 1
2715 2
2721 1
2760 1
2761 1
2774 1
2776 1
2781 1
2785 1
2789 1
2790 1
2791 1
2795 1
2840 1
2847 1
2848 1
2850 2
2851 1
2854 1
2865 1
2874 1
2875 1
2877 1
2886 1
2915 1
2921 1
2925 1
2926 2
2928 2
2929 1
2936 2
2937 1
2938 1
2939 1
2996 1
3044 1
3061 1
3104 1
3124 1
3127 1
3136 1
3139 1
3140 1
3192 1
3193 1
3215 1
3280 1
3287 1
3315 1
3317 1
3319 1
3321 1
3324 2
3351 1
3352 2
3355 2
3360 1
3362 1
3363 1
3367 1
3383 1
3395 1
3398 1
3404 1
3411 1
3433 1
3440 1
3469 1
3495 1
3496 2
3499 1
3500 1
3516 1
3525 1
3566 2
3576 1
3609 1
3628 1
3634 1
3676 1
3708 1
3710 1
4224 1
4244 1
4250 3
4254 1
4333 1
4358 1
4367 1
4388 1
4413 1
4480 1
