1 761
2 4121
3 18148
4 52516
5 124595
6 249292
7 431995
8 661712
9 896857
10 1106977
11 1241544
12 1296602
13 1248262
14 1132414
15 970337
16 802376
17 643011
18 516172
19 418017
20 354909
21 321846
22 308015
23 309966
24 327982
25 354199
26 389863
27 431379
28 477921
29 524704
30 570496
31 618181
32 656171
33 692092
34 717442
35 733668
36 741243
37 740595
38 734331
39 713948
40 685584
41 649670
42 606695
43 560578
44 511506
45 457612
46 404416
47 354539
48 308531
49 262498
50 220512
51 184025
52 151155
53 122601
54 100205
55 80219
56 63818
57 49913
58 39958
59 31113
60 24006
61 18640
62 14615
63 11449
64 9389
65 7594
66 6146
67 5505
68 4888
69 4217
70 3843
71 3645
72 3502
73 3467
74 3337
75 3272
76 3131
77 3268
78 3343
79 3268
80 3244
81 3125
82 3051
83 2932
84 2795
85 2714
86 2586
87 2317
88 2259
89 2116
90 2097
91 2020
92 1888
93 1760
94 1685
95 1537
96 1428
97 1332
98 1210
99 1060
100 1008
101 947
102 911
103 896
104 793
105 798
106 765
107 739
108 691
109 699
110 647
111 609
112 589
113 569
114 634
115 639
116 679
117 707
118 680
119 669
120 725
121 687
122 626
123 678
124 668
125 635
126 578
127 598
128 569
129 577
130 533
131 553
132 527
133 517
134 497
135 435
136 399
137 376
138 393
139 384
140 353
141 398
142 315
143 337
144 334
145 400
146 373
147 370
148 403
149 448
150 461
151 425
152 494
153 505
154 505
155 547
156 615
157 575
158 530
159 603
160 530
161 526
162 499
163 530
164 551
165 531
166 522
167 491
168 512
169 453
170 456
171 408
172 429
173 407
174 370
175 340
176 329
177 323
178 256
179 227
180 204
181 192
182 209
183 194
184 186
185 141
186 163
187 157
188 151
189 134
190 116
191 119
192 129
193 125
194 123
195 142
196 133
197 118
198 124
199 139
200 129
201 135
202 137
203 120
204 131
205 130
206 136
207 107
208 116
209 115
210 124
211 110
212 75
213 80
214 89
215 56
216 66
217 73
218 88
219 91
220 91
221 57
222 92
223 90
224 99
225 79
226 114
227 106
228 122
229 120
230 113
231 121
232 115
233 113
234 107
235 101
236 92
237 77
238 96
239 71
240 92
241 76
242 69
243 73
244 52
245 49
246 44
247 41
248 38
249 51
250 56
251 41
252 57
253 60
254 49
255 47
256 50
257 65
258 53
259 63
260 70
261 57
262 66
263 66
264 59
265 56
266 55
267 46
268 52
269 36
270 31
271 31
272 40
273 33
274 39
275 47
276 50
277 31
278 36
279 29
280 38
281 34
282 34
283 29
284 36
285 45
286 43
287 35
288 38
289 43
290 52
291 44
292 38
293 34
294 46
295 41
296 37
297 31
298 34
299 40
300 37
301 34
302 30
303 51
304 46
305 40
306 50
307 35
308 48
309 41
310 38
311 45
312 32
313 40
314 26
315 28
316 44
317 38
318 31
319 48
320 46
321 35
322 32
323 47
324 49
325 32
326 30
327 31
328 37
329 28
330 27
331 24
332 25
333 21
334 31
335 20
336 17
337 20
338 20
339 19
340 16
341 24
342 16
343 22
344 22
345 24
346 26
347 20
348 21
349 17
350 10
351 18
352 12
353 15
354 12
355 22
356 16
357 18
358 21
359 13
360 7
361 16
362 25
363 15
364 20
365 21
366 19
367 18
368 20
369 22
370 34
371 26
372 35
373 36
374 35
375 29
376 32
377 36
378 33
379 45
380 22
381 36
382 26
383 32
384 23
385 26
386 18
387 30
388 23
389 28
390 21
391 30
392 27
393 37
394 21
395 27
396 26
397 20
398 27
399 37
400 28
401 24
402 28
403 24
404 20
405 28
406 29
407 31
408 16
409 26
410 19
411 21
412 24
413 28
414 24
415 16
416 21
417 19
418 27
419 30
420 28
421 21
422 15
423 17
424 18
425 16
426 8
427 11
428 12
429 9
430 14
431 17
432 11
433 7
434 9
435 9
436 11
437 7
438 2
439 6
440 6
441 6
442 4
443 1
444 1
445 5
446 2
448 5
449 1
450 5
451 2
452 7
453 5
454 1
455 6
456 9
457 1
458 1
459 5
460 3
461 1
462 1
463 1
464 1
465 2
466 3
467 4
468 1
469 2
470 4
471 3
474 4
475 1
476 5
477 5
478 5
479 2
480 5
481 3
482 3
483 1
484 1
485 1
486 2
487 3
488 3
489 6
490 5
491 3
492 3
493 4
494 5
495 5
496 4
498 8
499 5
500 3
501 5
502 2
503 4
504 1
505 1
506 6
507 1
508 2
509 1
510 5
511 4
512 2
513 1
517 4
521 3
522 1
523 2
524 3
527 3
528 8
529 2
530 2
531 3
532 2
533 3
534 3
535 4
536 3
537 3
538 5
539 4
540 4
541 4
542 4
543 1
544 3
545 5
546 2
547 2
548 2
549 2
550 3
551 1
552 1
553 1
554 4
555 2
557 2
559 2
560 2
562 1
564 1
565 1
566 1
567 2
569 1
571 1
572 1
573 5
574 4
575 1
576 5
577 1
578 1
580 1
581 1
584 3
585 1
586 2
587 1
588 1
589 1
590 1
591 1
593 2
596 3
598 3
599 4
601 6
603 4
604 3
605 1
607 2
608 1
610 2
611 1
612 4
613 1
614 1
615 1
617 2
620 4
621 3
622 3
623 1
624 2
626 1
627 1
628 1
629 2
631 2
633 1
634 1
635 1
636 1
637 1
638 1
639 1
640 2
641 1
646 2
647 1
648 1
649 1
650 2
652 4
655 2
657 1
659 1
660 1
664 1
670 2
671 1
672 1
675 1
676 4
679 2
680 2
681 3
684 2
685 1
686 2
688 1
689 3
690 7
691 2
692 2
693 1
694 2
695 2
698 1
700 1
701 1
702 1
705 3
707 4
708 1
709 1
711 4
712 2
713 2
714 3
715 2
717 2
718 3
719 4
721 1
722 2
723 1
724 1
725 4
727 3
728 2
730 3
732 2
733 2
734 1
736 2
742 1
743 1
745 1
747 1
749 1
750 1
751 3
752 3
753 1
755 1
756 2
758 1
760 1
766 1
774 1
776 1
779 1
782 1
784 2
792 1
794 1
795 1
796 1
799 1
801 1
805 1
813 1
814 1
817 1
823 2
833 2
836 1
839 1
840 2
842 3
843 1
845 1
846 2
847 3
848 1
849 2
850 3
851 3
853 2
854 2
855 2
857 1
859 1
873 1
874 2
875 1
876 1
877 1
879 3
880 1
881 1
882 1
883 1
884 2
885 2
889 3
895 1
896 1
897 1
898 1
900 1
901 1
903 2
904 2
906 1
907 1
909 2
910 1
911 1
912 2
914 1
916 1
917 1
920 1
925 3
926 2
927 1
928 2
929 1
930 1
932 1
935 1
941 1
944 1
945 1
947 1
963 1
965 1
966 1
971 1
972 2
977 1
980 2
982 1
984 1
985 1
988 1
989 2
990 2
991 2
993 1
995 2
996 1
999 1
1006 1
1008 1
1014 1
1016 1
1020 3
1023 1
1024 1
1025 1
1027 2
1028 1
1029 1
1030 2
1031 2
1035 1
1036 3
1039 2
1040 1
1041 1
1043 1
1046 2
1049 1
1050 1
1051 2
1053 1
1054 2
1055 2
1056 1
1057 1
1059 2
1076 1
1082 1
1085 1
1089 1
1090 1
1092 1
1093 1
1094 1
1096 1
1097 1
1098 1
1101 2
1102 1
1103 1
1104 1
1105 1
1106 2
1108 1
1110 1
1111 2
1112 1
1120 1
1122 1
1123 1
1125 1
1128 1
1136 2
1138 1
1142 1
1146 1
1148 1
1150 2
1151 1
1152 1
1154 1
1157 1
1159 2
1161 1
1170 1
1173 2
1178 1
1179 1
1181 1
1182 3
1184 3
1185 1
1186 3
1190 1
1194 1
1209 1
1210 1
1215 1
1216 1
1221 1
1223 1
1230 1
1243 1
1249 1
1251 1
1254 1
1261 1
1262 1
1263 2
1289 1
1290 1
1291 1
1293 1
1298 1
1305 1
1307 2
1316 2
1326 3
1329 1
1333 1
1349 1
1353 1
1354 2
1357 1
1364 1
1365 2
1368 1
1369 1
1373 1
1374 1
1378 1
1379 2
1388 1
1397 1
1401 1
1425 1
1426 1
1437 1
1438 1
1440 1
1442 1
1450 1
1454 1
1456 1
1458 1
1460 1
1462 1
1471 1
1472 1
1503 1
1516 1
1555 1
1596 1
1733 1
1739 1
1741 2
1746 1
1774 1
1781 4
1783 2
1784 1
1785 1
1786 1
1788 1
1789 1
1790 4
1798 1
1799 1
1801 1
1802 1
1832 1
1853 1
1858 1
1884 1
3385 1
3394 1
3398 1
3400 1
3406 1
3411 1
3414 1
3417 1
3436 1
3438 1
