1 193225
2 567613
3 1109167
4 1633518
5 1937802
6 1957551
7 1750619
8 1459193
9 1198572
10 1034443
11 974530
12 996086
13 1064402
14 1148293
15 1224005
16 1270357
17 1268461
18 1232900
19 1153553
20 1042543
21 913855
22 775470
23 636232
24 510718
25 396202
26 300052
27 220812
28 158652
29 111800
30 76923
31 53251
32 36175
33 25295
34 18056
35 13429
36 10631
37 8409
38 7302
39 6332
40 5428
41 4836
42 4525
43 4136
44 3596
45 3187
46 2932
47 2568
48 2408
49 2221
50 2231
51 2024
52 1793
53 1683
54 1627
55 1560
56 1470
57 1482
58 1453
59 1347
60 1218
61 1137
62 1106
63 984
64 921
65 998
66 928
67 1010
68 1014
69 971
70 1027
71 973
72 980
73 916
74 957
75 941
76 987
77 964
78 944
79 935
80 832
81 768
82 720
83 700
84 679
85 555
86 522
87 474
88 445
89 424
90 389
91 382
92 383
93 328
94 322
95 294
96 278
97 279
98 272
99 227
100 195
101 194
102 212
103 186
104 203
105 231
106 191
107 148
108 159
109 157
110 199
111 178
112 146
113 168
114 145
115 133
116 139
117 129
118 129
119 125
120 121
121 108
122 86
123 114
124 124
125 128
126 115
127 82
128 107
129 90
130 91
131 109
132 102
133 99
134 107
135 83
136 99
137 94
138 111
139 104
140 89
141 85
142 83
143 75
144 81
145 88
146 104
147 87
148 97
149 92
150 96
151 101
152 82
153 80
154 83
155 90
156 102
157 81
158 85
159 80
160 49
161 49
162 51
163 29
164 37
165 33
166 45
167 52
168 51
169 45
170 36
171 33
172 38
173 37
174 38
175 40
176 49
177 43
178 51
179 56
180 47
181 39
182 63
183 65
184 70
185 54
186 51
187 44
188 70
189 54
190 47
191 36
192 38
193 47
194 48
195 41
196 36
197 42
198 34
199 24
200 29
201 25
202 20
203 17
204 18
205 11
206 15
207 11
208 17
209 8
210 12
211 7
212 5
213 9
214 2
215 7
216 14
217 10
218 14
219 12
220 15
221 5
222 8
223 7
224 5
225 13
226 8
227 7
228 4
229 8
230 4
231 8
232 2
233 1
234 2
235 3
236 4
237 3
238 3
240 5
241 3
242 6
243 7
244 6
245 4
246 4
247 3
248 6
249 1
250 8
251 2
252 4
253 6
254 9
255 4
256 2
257 3
258 3
259 9
260 2
261 7
262 3
263 1
264 3
265 2
266 3
267 5
268 3
269 3
270 3
271 2
272 6
273 2
274 1
275 2
276 3
277 5
278 3
279 5
280 5
281 4
282 2
283 5
284 3
285 3
286 4
287 1
288 2
289 5
290 4
291 3
292 8
293 2
294 3
295 4
296 3
297 3
298 6
299 3
300 7
301 5
302 4
303 5
304 10
305 5
306 13
307 3
308 7
309 7
310 6
311 8
312 1
314 3
315 4
316 3
317 4
318 2
319 2
320 3
322 2
323 1
324 5
325 2
326 1
327 2
329 2
330 2
331 1
333 1
334 2
335 1
338 2
339 1
340 5
342 2
344 1
346 1
347 1
348 1
349 1
350 3
351 1
352 3
353 4
354 2
355 1
356 2
357 1
360 1
361 1
362 1
363 2
364 1
365 2
366 1
367 1
369 1
370 1
371 1
373 1
374 3
381 2
382 1
385 2
387 1
390 1
391 2
392 1
393 1
394 1
396 2
397 1
399 1
401 1
402 1
403 3
405 1
407 1
413 1
414 2
416 2
417 3
418 1
419 1
420 4
421 2
422 1
426 1
430 2
431 1
434 1
440 1
443 2
444 1
446 3
448 2
449 1
450 1
452 2
453 1
454 1
455 1
459 1
460 1
461 4
462 2
463 1
464 3
465 2
466 1
467 2
468 4
469 2
470 1
471 3
472 4
473 2
474 2
475 1
476 1
477 1
478 1
479 1
480 2
481 1
483 1
484 2
485 3
486 2
487 2
488 4
489 3
490 2
495 1
496 1
497 1
498 1
502 3
503 1
504 1
505 1
510 1
511 1
514 1
515 2
517 1
520 2
523 1
524 2
525 2
526 3
527 3
529 1
530 2
531 1
532 1
533 2
534 1
536 1
537 2
538 1
539 1
540 1
541 1
542 1
544 1
547 2
548 1
550 4
551 1
552 1
553 2
555 1
556 2
557 1
558 2
560 1
561 3
562 1
563 3
564 4
565 1
567 1
568 1
569 1
571 1
572 4
575 2
577 1
578 1
579 2
583 1
588 1
589 2
594 1
595 1
596 2
597 3
600 1
601 1
604 1
605 1
606 2
608 2
612 1
613 1
617 1
624 1
630 1
631 1
634 1
639 1
640 1
643 1
644 3
646 1
648 1
649 2
651 1
653 1
659 1
661 1
662 2
666 1
667 1
668 1
671 1
673 2
676 1
679 1
684 1
688 2
691 1
695 2
696 2
697 1
698 1
699 2
701 1
702 1
705 1
710 2
711 1
714 2
715 1
745 1
757 1
763 1
764 1
772 1
776 1
785 2
802 1
805 1
808 1
809 1
810 1
813 1
815 1
816 1
817 2
818 1
819 3
820 2
821 3
822 2
823 1
825 2
853 1
862 1
886 1
891 1
904 1
913 1
919 1
1574 1
1577 1
1585 1
1589 1
1591 1
1592 1
1595 2
1597 1
1602 1
