1 6524616
2 2960441
3 1345095
4 709273
5 422998
6 248804
7 136717
8 68302
9 33735
10 21795
11 22250
12 34612
13 57341
14 91267
15 134135
16 188021
17 247052
18 309291
19 370190
20 419886
21 458988
22 473899
23 468383
24 445412
25 408893
26 362735
27 308866
28 254054
29 202058
30 155148
31 115693
32 84244
33 59313
34 40794
35 27657
36 18007
37 11959
38 8180
39 5976
40 4430
41 3576
42 3282
43 2964
44 2830
45 2651
46 2537
47 2209
48 1932
49 1816
50 1561
51 1429
52 1312
53 1183
54 960
55 950
56 955
57 697
58 658
59 624
60 633
61 677
62 712
63 763
64 727
65 826
66 819
67 833
68 849
69 885
70 820
71 873
72 836
73 857
74 686
75 721
76 732
77 648
78 698
79 585
80 537
81 512
82 405
83 416
84 430
85 377
86 433
87 385
88 358
89 354
90 335
91 312
92 297
93 298
94 313
95 248
96 225
97 239
98 235
99 243
100 211
101 226
102 232
103 255
104 235
105 258
106 201
107 218
108 238
109 226
110 227
111 213
112 197
113 231
114 243
115 226
116 193
117 183
118 174
119 149
120 138
121 127
122 109
123 129
124 97
125 111
126 113
127 98
128 79
129 92
130 90
131 93
132 74
133 69
134 51
135 62
136 47
137 44
138 40
139 47
140 31
141 34
142 24
143 23
144 20
145 20
146 17
147 14
148 21
149 14
150 17
151 17
152 22
153 17
154 12
155 22
156 17
157 18
158 19
159 20
160 24
161 27
162 16
163 12
164 19
165 14
166 17
167 14
168 21
169 10
170 17
171 19
172 13
173 10
174 11
175 10
176 13
177 14
178 11
179 19
180 14
181 16
182 8
183 7
184 9
185 10
186 16
187 13
188 11
189 14
190 11
191 7
192 10
193 9
194 4
195 8
196 3
197 5
198 5
199 6
200 4
201 5
202 7
203 6
204 1
205 5
206 5
207 7
208 10
209 20
210 7
211 9
212 9
213 6
214 12
215 9
216 9
217 8
218 9
219 7
220 5
221 11
222 6
223 11
224 7
225 8
226 8
227 7
228 5
229 6
230 14
231 6
232 5
233 5
234 8
235 7
236 4
237 6
238 6
239 4
240 4
241 8
242 1
244 3
245 2
246 6
247 5
248 6
249 6
250 6
251 3
252 8
253 5
254 5
255 2
256 3
257 4
258 3
259 3
260 1
261 1
262 1
263 1
264 4
265 6
266 4
267 1
268 3
269 3
270 4
271 7
272 6
273 6
274 6
275 4
276 4
277 5
278 2
279 3
280 2
281 2
282 1
283 2
285 3
286 5
287 8
288 5
289 4
290 5
291 3
292 8
293 1
294 8
295 5
296 4
297 2
298 2
299 3
300 7
301 2
303 4
304 2
305 4
306 3
307 4
311 4
312 3
313 4
314 1
315 10
316 3
317 4
318 3
319 5
320 3
321 2
322 1
323 2
325 2
326 3
327 1
328 1
330 3
332 2
333 2
334 4
335 3
337 2
338 2
339 3
340 3
341 2
342 4
344 3
345 4
346 5
347 4
348 1
349 1
350 1
351 2
352 2
354 4
355 1
356 1
357 3
358 1
359 5
360 2
361 1
362 2
363 4
364 5
365 2
366 1
367 1
368 2
369 2
370 1
371 2
372 1
373 2
375 3
377 4
378 1
379 2
380 3
381 3
382 5
383 1
384 1
385 1
386 1
387 2
388 3
390 5
394 5
395 1
396 1
397 1
399 2
400 1
403 1
404 3
405 3
406 4
407 4
408 4
409 2
410 1
412 1
415 1
419 1
420 1
422 1
431 1
434 1
438 1
440 1
445 1
447 1
449 1
451 3
454 1
455 1
456 1
459 1
460 1
465 1
470 1
476 2
477 2
478 1
483 1
487 1
488 2
489 1
491 1
498 1
499 1
512 1
513 2
514 1
518 1
521 3
522 1
524 4
525 1
526 1
531 1
532 1
537 1
538 2
539 1
541 2
542 2
543 1
544 1
545 1
546 1
549 1
551 2
552 1
553 1
556 1
558 1
559 1
563 1
565 1
568 1
570 1
572 2
573 1
574 1
575 1
578 1
580 1
581 2
583 2
584 1
587 2
590 2
592 1
593 1
596 1
599 2
600 2
601 2
602 1
605 4
606 2
607 1
608 2
609 2
629 1
630 1
634 1
636 1
637 4
638 1
639 1
640 1
641 1
643 1
646 2
648 2
650 2
653 1
654 2
655 3
660 2
662 2
664 1
669 2
670 1
671 3
672 1
673 3
674 4
679 3
680 1
681 1
682 1
685 1
686 1
688 1
689 2
691 2
698 1
700 1
701 1
702 1
703 2
708 1
713 1
719 1
722 1
725 1
730 1
735 1
738 1
739 1
740 2
741 1
743 2
744 1
753 1
755 1
756 1
758 2
761 1
763 1
765 3
766 1
767 3
769 1
770 2
771 1
775 2
778 1
780 2
782 2
785 1
787 1
791 1
793 1
794 1
795 1
796 3
797 2
798 2
799 1
800 1
802 2
803 2
804 2
805 1
808 1
810 1
813 1
816 1
818 1
819 1
823 2
825 1
826 3
830 1
831 1
834 1
835 1
841 1
845 1
848 1
849 2
852 1
853 1
856 1
858 1
861 1
862 1
863 3
865 2
868 1
869 1
870 2
871 1
874 3
875 1
889 1
894 1
899 1
900 2
901 1
902 2
905 3
914 1
916 1
918 1
921 1
922 3
928 1
941 1
943 1
950 1
963 1
979 1
990 1
993 1
994 1
995 1
1001 1
1013 1
1014 1
1016 1
1023 1
1025 1
1027 1
1029 1
1032 1
1033 1
1034 1
1037 3
1041 1
1044 1
1048 1
1049 1
1052 1
1053 1
1054 1
1059 1
1062 1
1067 1
1068 1
1069 1
1093 1
1097 1
1100 2
1104 2
1106 1
1114 1
1132 1
1140 1
1159 2
1252 1
1261 1
1262 2
1272 1
1279 1
1338 1
1348 1
1355 1
1358 1
1373 1
1395 1
