1 5710425
2 5435062
3 4457305
4 3443166
5 2468882
6 1590065
7 919173
8 483777
9 233794
10 107603
11 49531
12 23048
13 11990
14 7706
15 5341
16 4209
17 3624
18 3106
19 2417
20 1983
21 1668
22 1429
23 1219
24 1103
25 974
26 832
27 752
28 635
29 599
30 520
31 420
32 418
33 407
34 435
35 348
36 327
37 266
38 240
39 180
40 183
41 151
42 157
43 113
44 97
45 91
46 106
47 86
48 70
49 74
50 74
51 42
52 39
53 33
54 26
55 24
56 22
57 10
58 13
59 19
60 18
61 21
62 10
63 15
64 15
65 13
66 15
67 11
68 10
69 8
70 20
71 10
72 14
73 16
74 15
75 11
76 19
77 12
78 16
79 11
80 10
81 8
82 3
83 7
84 3
85 7
86 9
87 3
88 6
89 3
90 6
91 6
92 9
93 4
94 2
95 4
96 3
97 7
98 7
99 5
100 12
101 9
102 3
104 3
105 2
106 4
107 4
108 1
109 1
110 5
111 5
112 4
113 1
114 3
115 2
116 8
117 1
118 3
119 4
120 4
121 10
122 4
123 6
124 5
125 3
126 2
127 7
128 3
129 4
130 5
131 4
132 3
133 1
134 3
135 2
137 3
138 3
139 2
140 4
141 1
142 1
143 3
144 2
150 1
151 2
152 1
153 1
154 1
155 5
156 1
157 1
158 1
159 1
160 1
161 2
162 1
164 3
165 1
166 2
167 1
173 1
174 1
175 2
177 1
178 1
179 1
180 1
181 1
183 2
184 4
185 1
186 1
189 1
190 1
213 1
217 1
222 1
223 1
224 2
225 2
226 1
229 1
362 1
364 1
365 1
366 1
367 1
368 1
369 1
370 1
373 1
375 1
