1 2116257
2 2700413
3 2715832
4 2621725
5 2571952
6 2449805
7 2202776
8 1820013
9 1360298
10 937182
11 597720
12 354422
13 201909
14 109237
15 59380
16 32747
17 18555
18 12317
19 8801
20 6660
21 5386
22 4619
23 3884
24 3493
25 2980
26 2767
27 2463
28 2203
29 1881
30 1621
31 1478
32 1511
33 1218
34 1021
35 930
36 804
37 759
38 718
39 576
40 552
41 473
42 427
43 344
44 434
45 403
46 358
47 395
48 388
49 436
50 502
51 520
52 667
53 723
54 926
55 1262
56 1735
57 2579
58 3571
59 4734
60 6609
61 8983
62 12012
63 15595
64 20012
65 25773
66 32338
67 40074
68 49615
69 59625
70 70763
71 83485
72 96195
73 109564
74 123453
75 138504
76 151379
77 165160
78 176320
79 187341
80 194926
81 200996
82 204736
83 204056
84 203346
85 199300
86 193906
87 186030
88 177045
89 166655
90 154837
91 142412
92 129322
93 115498
94 102869
95 90491
96 78625
97 67468
98 58056
99 49359
100 41153
101 34406
102 28183
103 22835
104 18277
105 14777
106 11642
107 9429
108 7311
109 5290
110 4104
111 3017
112 2229
113 1689
114 1235
115 947
116 661
117 455
118 339
119 275
120 159
121 134
122 109
123 90
124 72
125 68
126 79
127 70
128 98
129 80
130 83
131 70
132 67
133 66
134 80
135 66
136 69
137 95
138 95
139 117
140 132
141 132
142 157
143 185
144 195
145 212
146 210
147 233
148 298
149 332
150 365
151 429
152 503
153 531
154 503
155 605
156 557
157 565
158 613
159 676
160 693
161 790
162 786
163 821
164 817
165 781
166 864
167 812
168 829
169 799
170 724
171 694
172 714
173 688
174 642
175 664
176 614
177 614
178 558
179 540
180 478
181 419
182 424
183 418
184 410
185 338
186 324
187 280
188 223
189 201
190 197
191 165
192 145
193 119
194 107
195 112
196 86
197 73
198 74
199 61
200 58
201 50
202 57
203 33
204 44
205 28
206 26
207 21
208 29
209 18
210 24
211 22
212 19
213 24
214 30
215 24
216 21
217 18
218 14
219 22
220 35
221 33
222 33
223 35
224 35
225 37
226 40
227 39
228 44
229 48
230 57
231 41
232 71
233 68
234 88
235 86
236 73
237 77
238 67
239 83
240 78
241 106
242 109
243 118
244 121
245 126
246 131
247 100
248 135
249 155
250 123
251 131
252 149
253 139
254 109
255 112
256 131
257 89
258 83
259 69
260 66
261 65
262 67
263 65
264 52
265 29
266 55
267 45
268 54
269 43
270 48
271 37
272 45
273 46
274 38
275 49
276 45
277 33
278 48
279 15
280 27
281 23
282 32
283 28
284 25
285 36
286 33
287 24
288 34
289 15
290 23
291 26
292 21
293 25
294 23
295 23
296 25
297 23
298 34
299 27
300 33
301 24
302 42
303 31
304 47
305 47
306 40
307 70
308 56
309 65
310 88
311 92
312 80
313 107
314 98
315 92
316 90
317 107
318 105
319 113
320 111
321 108
322 122
323 121
324 109
325 122
326 114
327 133
328 112
329 126
330 126
331 125
332 147
333 130
334 143
335 142
336 145
337 115
338 123
339 155
340 133
341 156
342 138
343 150
344 135
345 141
346 127
347 130
348 135
349 140
350 108
351 115
352 107
353 130
354 94
355 98
356 99
357 91
358 76
359 81
360 78
361 78
362 60
363 72
364 58
365 47
366 56
367 48
368 49
369 48
370 42
371 56
372 54
373 49
374 44
375 45
376 39
377 31
378 24
379 32
380 31
381 31
382 28
383 17
384 21
385 15
386 18
387 11
388 26
389 16
390 24
391 11
392 9
393 16
394 16
395 10
396 13
397 8
398 14
399 2
400 9
401 8
402 6
403 5
404 5
405 13
406 6
407 7
408 6
409 7
410 5
411 12
412 1
413 2
414 4
415 8
416 4
417 4
418 5
419 4
420 5
423 1
424 3
425 1
426 1
427 1
429 1
430 2
431 1
432 3
433 1
435 1
436 1
437 1
440 1
441 1
442 1
446 2
447 2
448 2
449 4
450 5
451 2
452 2
453 2
454 3
455 1
456 1
457 1
458 1
459 2
460 1
464 1
465 1
482 1
483 1
484 1
485 1
486 1
487 1
490 2
491 2
495 1
496 2
499 1
500 1
507 2
509 2
510 1
513 1
516 2
517 2
519 1
523 1
524 1
528 1
529 1
535 1
563 1
565 1
567 1
579 1
600 1
611 1
626 1
648 2
657 1
663 1
677 1
681 1
682 1
684 1
685 1
687 2
689 1
692 1
716 1
719 1
741 1
750 1
751 1
752 1
754 1
763 1
768 2
796 1
928 1
957 1
1445 2
1447 1
1448 1
1457 1
1701 1
1702 1
1703 1
1709 1
1853 1
1861 1
1941 1
