1 3662080
2 4220351
3 3891259
4 3398553
5 3006933
6 2567436
7 2064961
8 1528472
9 1027488
10 642561
11 375307
12 207730
13 109510
14 57263
15 28925
16 15812
17 10002
18 6903
19 5607
20 4816
21 4119
22 3574
23 3306
24 2789
25 2641
26 2401
27 1993
28 1698
29 1540
30 1304
31 1239
32 1048
33 929
34 788
35 708
36 659
37 499
38 471
39 437
40 380
41 371
42 400
43 381
44 342
45 288
46 275
47 254
48 271
49 253
50 253
51 240
52 229
53 205
54 210
55 190
56 191
57 230
58 199
59 172
60 152
61 149
62 149
63 117
64 109
65 110
66 113
67 89
68 88
69 50
70 51
71 55
72 53
73 32
74 30
75 21
76 15
77 16
78 15
79 11
80 16
81 18
82 19
83 15
84 23
85 14
86 17
87 15
88 15
89 19
90 18
91 11
92 6
93 14
94 7
95 10
96 10
97 10
98 8
99 9
100 8
101 5
102 6
103 6
104 4
105 5
106 2
107 10
108 5
109 9
110 8
111 10
112 5
113 5
114 5
115 5
116 7
117 5
118 3
119 3
120 6
121 1
122 7
123 14
124 9
125 12
126 6
127 6
128 4
129 8
130 6
131 1
132 3
133 3
134 1
135 2
136 3
137 1
138 1
139 1
140 3
141 1
142 1
143 1
144 2
145 4
146 1
147 4
148 5
149 3
150 8
151 2
152 2
153 4
154 5
155 1
156 2
157 4
158 2
159 3
160 3
161 4
162 1
163 4
164 6
165 5
166 2
167 4
168 3
169 3
170 2
171 3
172 3
173 4
174 6
175 6
176 8
177 1
178 2
179 1
180 2
181 4
182 3
183 2
185 1
186 3
188 1
189 2
191 5
192 2
193 2
196 2
197 2
198 3
199 3
200 2
201 3
202 1
204 3
206 2
207 1
208 1
210 2
211 1
213 1
215 4
216 3
217 1
219 2
220 1
229 1
230 2
231 1
243 1
246 1
247 1
249 1
250 1
251 1
252 4
253 2
257 1
260 1
264 1
265 1
274 1
275 1
276 2
277 1
278 3
279 2
280 2
281 2
282 5
284 1
285 2
300 1
317 1
318 1
319 2
325 1
326 1
502 2
503 2
505 2
507 2
508 2
