1 4865609
2 4078294
3 2985954
4 2085042
5 1362970
6 832522
7 502633
8 345327
9 288838
10 280111
11 281491
12 269311
13 243479
14 205681
15 160871
16 118592
17 81066
18 54508
19 35004
20 22055
21 13090
22 7655
23 4385
24 2987
25 2093
26 1425
27 1095
28 849
29 726
30 549
31 411
32 308
33 264
34 233
35 188
36 209
37 257
38 311
39 447
40 696
41 1100
42 1647
43 2450
44 3560
45 5002
46 7179
47 10021
48 13772
49 18633
50 25078
51 32511
52 42556
53 53871
54 66998
55 82191
56 99139
57 118024
58 136854
59 154982
60 173620
61 192880
62 209390
63 225565
64 239584
65 251329
66 256680
67 261882
68 263064
69 259895
70 253840
71 245175
72 233293
73 220095
74 205592
75 188821
76 172336
77 154921
78 138480
79 122233
80 106047
81 92353
82 78844
83 67619
84 57224
85 48040
86 39705
87 32517
88 25996
89 20742
90 16240
91 12760
92 10043
93 7601
94 5796
95 4510
96 3311
97 2691
98 1942
99 1384
100 1091
101 813
102 618
103 485
104 346
105 237
106 214
107 180
108 184
109 194
110 216
111 214
112 255
113 285
114 361
115 432
116 442
117 539
118 541
119 640
120 696
121 785
122 840
123 945
124 1062
125 1095
126 1127
127 1186
128 1218
129 1224
130 1256
131 1238
132 1301
133 1328
134 1271
135 1234
136 1209
137 1220
138 1055
139 1055
140 1077
141 1029
142 995
143 956
144 872
145 827
146 828
147 756
148 720
149 708
150 636
151 533
152 495
153 414
154 401
155 308
156 290
157 241
158 193
159 179
160 168
161 135
162 126
163 119
164 105
165 92
166 94
167 65
168 56
169 62
170 38
171 47
172 46
173 51
174 68
175 70
176 78
177 104
178 125
179 131
180 141
181 183
182 182
183 208
184 225
185 266
186 271
187 277
188 272
189 276
190 288
191 303
192 342
193 319
194 380
195 374
196 393
197 391
198 453
199 426
200 431
201 412
202 436
203 403
204 357
205 392
206 360
207 333
208 321
209 362
210 288
211 315
212 342
213 318
214 328
215 333
216 314
217 325
218 315
219 305
220 314
221 240
222 259
223 230
224 214
225 208
226 215
227 178
228 174
229 171
230 165
231 177
232 153
233 185
234 147
235 156
236 168
237 126
238 126
239 111
240 110
241 84
242 103
243 84
244 115
245 102
246 97
247 86
248 95
249 104
250 110
251 112
252 85
253 119
254 116
255 121
256 134
257 156
258 110
259 124
260 121
261 138
262 117
263 140
264 143
265 157
266 160
267 170
268 173
269 169
270 169
271 200
272 188
273 160
274 154
275 146
276 141
277 125
278 102
279 132
280 130
281 130
282 133
283 115
284 104
285 91
286 79
287 68
288 83
289 66
290 69
291 65
292 60
293 45
294 30
295 49
296 39
297 34
298 23
299 37
300 42
301 35
302 35
303 39
304 35
305 22
306 40
307 36
308 32
309 41
310 36
311 45
312 46
313 43
314 58
315 69
316 61
317 47
318 81
319 74
320 59
321 62
322 85
323 78
324 78
325 85
326 84
327 86
328 78
329 100
330 108
331 93
332 106
333 104
334 97
335 81
336 114
337 112
338 85
339 100
340 92
341 81
342 84
343 82
344 96
345 93
346 88
347 89
348 92
349 83
350 83
351 85
352 81
353 69
354 67
355 66
356 57
357 55
358 59
359 70
360 63
361 46
362 60
363 51
364 46
365 53
366 50
367 40
368 51
369 41
370 27
371 34
372 33
373 40
374 37
375 41
376 29
377 27
378 24
379 14
380 18
381 17
382 10
383 14
384 5
385 14
386 14
387 23
388 13
389 12
390 18
391 15
392 9
393 12
394 8
395 13
396 11
397 10
398 10
399 7
400 12
401 16
402 15
403 11
404 11
405 12
406 9
407 4
408 3
409 11
410 13
411 7
412 7
413 13
414 7
415 8
416 11
417 10
418 15
419 10
420 10
421 14
422 12
423 8
424 9
425 10
426 18
427 11
428 6
429 5
430 8
431 5
432 7
433 6
434 13
435 9
436 5
437 15
438 10
439 6
440 8
441 9
442 9
443 7
444 5
445 3
446 2
447 3
448 7
449 6
450 7
451 11
452 14
453 16
454 12
455 12
456 16
457 5
458 12
459 10
460 8
461 5
462 6
463 8
464 3
465 6
466 7
467 6
468 7
469 8
470 3
471 4
472 9
473 5
474 5
475 8
476 6
477 7
478 6
479 10
480 9
481 8
482 6
483 4
484 9
485 3
486 9
487 10
488 8
489 3
490 5
491 6
492 2
493 6
494 3
495 1
496 5
497 3
498 4
499 3
500 5
501 6
502 7
503 9
504 10
505 5
506 2
507 6
508 6
509 3
510 1
511 5
512 2
513 2
514 2
515 3
516 2
517 1
518 4
519 2
520 2
521 4
522 6
523 4
524 7
525 5
526 4
527 4
528 3
529 9
530 5
531 5
532 6
533 1
535 2
536 2
537 2
538 1
539 2
540 1
541 1
542 4
543 2
544 1
545 5
546 4
547 2
548 1
549 7
550 4
551 2
552 2
553 5
554 1
555 1
556 1
557 3
558 3
559 5
560 3
561 8
562 6
563 2
564 2
565 2
566 3
567 3
568 2
569 2
570 2
571 6
572 2
573 6
574 5
575 4
576 3
577 1
578 4
580 5
581 4
582 6
583 1
584 3
585 2
586 3
587 1
588 4
589 1
590 4
591 2
592 1
593 4
594 4
595 6
596 7
597 5
598 3
599 2
600 2
601 2
602 3
603 3
604 4
605 2
606 3
608 1
610 1
611 1
612 1
613 1
614 2
615 3
616 2
617 3
618 1
619 4
620 3
621 3
622 3
623 2
624 3
625 2
626 2
627 1
628 1
629 1
630 1
631 2
633 4
634 2
635 2
637 2
638 1
639 3
640 1
641 3
643 3
644 2
645 5
646 7
647 5
648 3
649 4
650 3
651 3
652 5
653 7
654 3
655 1
656 1
657 3
658 5
659 4
660 5
661 3
662 2
663 3
665 5
666 2
667 1
668 1
669 2
670 5
671 1
672 2
673 3
674 2
675 2
676 3
677 4
678 6
679 2
680 2
681 2
682 6
683 6
684 2
685 1
686 1
691 1
692 3
693 2
694 4
695 3
696 4
697 1
698 1
699 1
700 1
701 2
702 4
703 1
704 2
705 1
706 1
708 3
709 1
710 2
711 2
712 4
713 3
714 3
715 3
716 2
718 4
719 6
720 2
721 2
722 2
724 5
725 2
726 1
727 3
728 5
729 3
730 4
731 3
732 4
734 3
735 2
736 4
737 1
738 2
739 2
741 6
742 2
743 3
745 1
746 1
747 2
748 3
749 1
750 1
751 1
752 1
753 1
754 2
758 2
759 2
760 1
761 4
763 1
765 1
766 2
771 3
772 3
773 1
775 3
776 1
777 1
780 1
781 2
782 1
783 3
785 2
786 2
787 1
788 2
790 1
791 3
792 1
793 1
794 3
796 1
797 2
800 1
801 1
802 1
804 2
806 1
809 2
810 1
811 1
813 2
814 2
815 1
816 2
817 2
818 2
823 1
828 1
829 1
833 1
834 3
835 1
840 5
841 1
842 2
843 2
844 3
845 5
846 4
847 3
848 3
849 1
850 3
851 2
852 3
853 2
854 1
855 3
856 1
857 1
858 1
860 5
861 1
862 5
863 2
864 2
865 4
866 3
867 6
868 2
869 2
870 3
871 1
872 2
874 1
875 1
879 1
880 1
882 1
883 1
885 2
887 2
888 1
890 1
894 1
895 2
897 2
899 2
901 3
902 1
903 3
904 5
907 3
908 1
909 3
910 3
911 2
912 3
913 1
914 3
915 1
916 2
918 2
919 1
920 2
921 2
922 1
924 2
925 1
926 3
927 2
928 3
929 1
931 4
937 1
938 1
939 1
940 1
944 1
950 1
951 3
952 1
953 1
955 1
956 1
957 1
959 1
960 1
961 2
963 1
964 2
966 1
970 1
972 3
973 1
974 1
975 3
976 1
977 1
978 2
979 2
981 1
984 1
989 1
991 3
992 1
993 2
994 2
995 1
996 1
997 1
999 1
1000 1
1003 1
1004 1
1005 1
1006 1
1012 1
1014 1
1015 1
1018 1
1020 2
1021 1
1022 1
1028 2
1033 1
1036 1
1041 1
1043 1
1044 1
1045 1
1049 1
1050 2
1051 2
1053 1
1054 2
1059 2
1062 1
1063 1
1064 1
1065 1
1066 1
1067 1
1068 3
1070 1
1072 2
1074 1
1076 1
1082 1
1088 1
1090 1
1096 2
1098 1
1101 1
1104 1
1105 1
1106 1
1107 1
1109 2
1111 1
1113 1
1118 1
1121 1
1122 1
1123 1
1127 1
1128 1
1129 1
1130 3
1131 1
1132 2
1133 4
1134 2
1135 1
1138 2
1139 1
1140 1
1141 1
1143 2
1144 1
1148 1
1149 1
1156 1
1163 1
1167 1
1168 1
1169 1
1172 2
1173 1
1176 1
1177 1
1178 1
1180 2
1181 2
1182 2
1183 1
1184 4
1185 1
1187 5
1188 3
1189 1
1190 1
1192 1
1195 1
1196 1
1198 1
1199 1
1202 1
1203 1
1212 1
1215 1
1216 1
1221 1
1226 1
1228 1
1229 1
1230 1
1231 1
1235 1
1241 1
1244 1
1245 1
1262 1
1265 1
1274 1
1287 1
1300 1
1304 1
1306 1
1312 1
1316 1
1340 1
1341 1
1342 1
1348 1
1349 1
1364 1
1368 1
1395 1
1419 1
1451 1
1453 1
1454 1
1455 1
1459 1
1477 1
1485 1
1486 1
1489 1
1492 1
1506 1
1508 1
1516 1
1517 1
1527 1
1530 1
1531 1
1534 1
1541 1
1550 1
1552 1
1555 1
1556 1
1559 1
1563 1
1568 2
1573 1
1590 2
1599 1
1601 1
1604 1
1610 1
1612 1
1613 1
1615 1
1618 1
1621 2
1623 1
1627 2
1630 1
1634 1
1639 1
1641 1
1655 1
1671 2
1688 1
1689 1
1691 1
1692 1
1696 1
1708 1
1720 1
1738 1
1740 1
1752 1
1760 1
1767 1
1772 1
1775 1
1788 1
1795 2
1805 1
1807 2
1816 1
1824 1
1830 2
1832 1
1835 1
1837 1
1838 1
1840 1
1864 1
1867 1
1871 1
1873 1
1874 1
1880 1
1885 1
1887 1
1888 1
1893 1
1894 1
1895 1
1903 1
1904 2
1909 1
1917 2
1920 1
1927 1
1931 2
1934 2
1939 1
1959 1
1961 1
1964 2
1967 1
1968 1
1971 1
1976 1
1986 2
1989 1
2004 1
2005 1
2009 2
2010 1
2011 1
2012 1
2014 1
2016 3
2020 1
2025 1
2027 1
2029 1
2043 3
2046 1
2049 2
2054 1
2055 1
2057 1
2062 1
2064 1
2065 1
2078 1
2099 1
2116 1
2119 1
2120 1
2126 1
2132 1
2133 1
2140 1
2148 1
2175 1
2189 1
2195 1
2196 1
2197 1
2203 1
2204 1
2206 1
2216 1
2230 1
2244 1
2255 1
2267 1
2268 1
2269 1
2285 1
2288 1
2291 1
2294 1
2297 1
2310 1
2314 1
2315 2
2316 1
2318 1
2320 1
2321 1
2323 1
2325 1
2331 1
2333 1
2337 1
2340 1
2342 1
2346 1
2355 1
2357 1
2362 1
2364 1
2365 1
2366 1
2374 1
2376 1
2379 1
2387 1
2388 1
2404 1
2405 1
2407 1
2408 1
2409 1
2410 1
2412 1
2416 1
2417 1
2418 1
2426 1
2437 1
2439 1
2440 1
2444 1
2446 2
2447 1
2451 1
2457 2
2468 2
2480 1
2482 1
2488 1
2491 1
2493 1
2495 1
2497 1
2498 1
2499 1
2503 1
2506 1
2507 2
2517 1
2521 1
2522 1
2539 1
2542 1
2550 1
2560 1
2568 1
2575 1
2579 1
2590 1
2603 2
2606 1
2609 1
2618 1
2620 1
2623 1
2625 1
2630 1
2631 1
2635 1
2636 2
2658 1
2671 1
2674 1
2676 1
2678 1
2679 1
2685 1
2686 1
2693 1
2696 1
2699 2
2704 1
2737 1
2743 3
2747 1
2754 1
2756 1
2822 1
2874 1
2880 1
2954 1
2965 1
2971 1
2985 1
2987 1
2992 1
2996 1
3002 1
3005 1
3023 1
3026 1
3029 1
3032 1
3060 1
3076 1
3080 1
3081 1
3082 1
3096 1
3097 1
3143 1
3144 1
3151 1
3157 1
3165 2
3169 1
3209 1
3214 1
3218 1
3220 1
3227 2
3228 1
3229 1
3240 1
3288 1
3295 1
3438 1
3505 1
3820 1
3821 1
3822 1
3823 1
3845 1
3872 1
3884 1
3934 1
4069 1
4134 1
4155 1
4210 1
