1 6537304
2 2962695
3 1343237
4 705933
5 414426
6 249152
7 139159
8 71557
9 34321
10 21841
11 22493
12 34381
13 56476
14 89714
15 133629
16 187813
17 250799
18 311740
19 372436
20 422982
21 457997
22 473705
23 468864
24 446582
25 406893
26 359361
27 306077
28 250291
29 199170
30 153425
31 115820
32 84348
33 60215
34 42091
35 28950
36 19409
37 13120
38 8789
39 6042
40 4580
41 3593
42 3195
43 2864
44 2766
45 2443
46 2393
47 2187
48 2022
49 1966
50 1745
51 1617
52 1368
53 1228
54 1170
55 1015
56 909
57 773
58 738
59 714
60 776
61 771
62 750
63 770
64 797
65 821
66 852
67 850
68 778
69 769
70 678
71 753
72 710
73 772
74 659
75 615
76 582
77 638
78 537
79 526
80 506
81 468
82 427
83 468
84 443
85 427
86 420
87 400
88 439
89 383
90 389
91 330
92 349
93 338
94 291
95 269
96 272
97 229
98 278
99 284
100 303
101 284
102 266
103 276
104 252
105 202
106 233
107 221
108 228
109 198
110 183
111 162
112 192
113 177
114 179
115 203
116 194
117 188
118 193
119 153
120 166
121 161
122 129
123 128
124 110
125 104
126 100
127 76
128 69
129 65
130 62
131 48
132 38
133 48
134 38
135 36
136 41
137 35
138 41
139 26
140 35
141 42
142 35
143 28
144 26
145 32
146 30
147 32
148 25
149 34
150 33
151 22
152 20
153 8
154 10
155 11
156 19
157 26
158 23
159 27
160 12
161 15
162 24
163 14
164 21
165 19
166 11
167 19
168 12
169 13
170 9
171 15
172 18
173 10
174 15
175 8
176 9
177 9
178 18
179 12
180 17
181 11
182 7
183 5
184 11
185 9
186 12
187 9
188 10
189 7
190 6
191 8
192 5
193 6
194 6
195 6
196 9
197 5
198 5
199 6
200 6
201 8
202 8
203 11
204 11
205 7
206 9
207 10
208 8
209 5
210 10
211 8
212 10
213 8
214 10
215 5
216 6
217 4
218 16
219 10
220 10
221 5
222 5
223 11
224 6
225 8
226 16
227 10
228 8
229 10
230 10
231 13
232 5
233 4
234 8
235 2
236 5
237 4
238 6
239 4
240 7
241 7
242 3
243 6
244 5
245 7
246 4
247 2
248 3
249 5
250 5
251 6
252 7
253 4
254 4
255 6
256 1
257 9
258 7
259 8
260 7
261 2
262 5
263 3
264 1
265 1
266 2
267 3
268 3
269 2
270 4
271 3
272 7
273 3
274 4
275 3
276 2
277 3
278 3
279 3
280 6
281 3
282 2
283 4
284 1
285 5
286 5
287 2
288 4
289 4
291 1
292 3
293 2
294 7
295 3
296 3
297 1
298 8
299 1
300 4
301 1
302 9
303 1
304 6
305 4
306 4
307 5
308 4
309 7
310 3
311 5
312 1
313 3
314 1
315 1
316 6
317 7
318 2
319 2
320 7
321 2
322 2
323 4
324 3
325 1
327 4
328 2
329 3
330 1
331 2
332 2
333 1
335 7
336 6
337 6
338 6
339 7
340 3
341 7
342 4
343 7
344 2
345 1
346 1
347 4
348 2
350 3
351 1
352 2
354 1
355 2
356 2
358 3
359 2
360 2
361 2
362 3
363 4
364 5
365 7
366 2
367 1
368 1
369 3
372 1
373 2
374 3
376 3
377 3
378 2
379 4
380 3
382 1
383 2
388 1
390 2
393 1
394 1
395 2
396 1
398 1
399 1
403 1
404 1
411 1
415 1
417 2
418 1
420 3
421 3
422 1
423 2
425 1
428 2
429 2
431 1
432 1
433 2
434 2
435 1
436 1
437 3
438 5
441 3
443 1
444 4
445 2
446 1
447 1
453 1
454 1
456 2
458 1
462 1
468 1
470 1
473 1
480 1
481 1
482 1
483 2
484 1
486 1
487 2
488 1
493 1
501 1
504 1
506 1
509 1
510 1
511 1
512 2
513 1
514 1
515 2
520 1
521 1
523 1
530 1
531 1
536 1
537 1
538 4
539 1
541 2
545 1
547 1
549 2
552 1
554 1
560 1
561 1
565 1
566 1
567 1
569 1
570 3
571 1
573 1
574 3
579 1
584 1
587 2
592 1
594 1
596 2
597 1
605 1
606 1
607 3
609 4
610 2
611 1
612 1
613 2
614 1
615 1
616 1
619 1
625 1
630 1
633 2
634 2
635 4
636 2
638 1
640 2
643 2
644 1
647 2
648 1
650 2
651 2
653 2
654 2
655 1
658 1
660 1
661 1
662 1
666 1
667 4
668 1
671 1
674 1
678 2
679 1
680 1
681 3
683 1
688 1
691 1
693 1
702 1
704 1
705 1
713 1
714 1
715 1
716 1
717 1
718 1
720 2
723 2
726 1
727 2
729 1
732 1
736 2
738 1
741 1
742 1
747 2
749 1
750 1
756 1
758 1
771 1
772 2
774 2
775 2
776 1
777 1
778 2
780 1
781 1
783 1
784 2
786 2
787 2
791 1
794 1
795 1
796 2
798 1
800 1
801 2
803 1
804 2
805 1
807 3
808 1
812 1
813 2
816 2
818 1
819 2
822 1
824 1
825 1
826 2
827 1
828 1
829 1
830 2
831 2
832 1
834 2
835 1
836 1
837 1
838 1
839 1
841 2
843 1
844 2
848 1
849 1
853 1
855 1
856 1
857 2
858 1
862 1
863 1
865 1
866 2
868 2
869 1
877 1
878 1
883 1
886 1
887 1
888 1
889 1
890 1
906 1
915 3
916 1
918 1
921 2
928 1
931 1
935 2
936 1
939 1
950 1
951 1
954 1
957 1
977 1
988 1
992 1
999 1
1001 2
1002 1
1003 1
1004 1
1010 1
1020 1
1023 1
1025 1
1026 1
1027 1
1031 1
1032 3
1033 1
1036 1
1037 1
1041 1
1042 1
1053 1
1055 1
1059 1
1065 1
1066 1
1071 1
1072 2
1074 1
1081 1
1083 2
1103 1
1104 1
1124 1
1126 1
1171 1
1200 1
1247 1
1261 1
1262 1
1273 1
1278 1
1304 2
1322 1
1333 1
1353 1
1371 1
1382 1
