1 8719766
2 5703794
3 3101455
4 1451458
5 581552
6 210591
7 69729
8 23948
9 10595
10 5633
11 3454
12 2443
13 2080
14 1671
15 1124
16 855
17 645
18 504
19 416
20 467
21 451
22 368
23 244
24 193
25 178
26 127
27 88
28 41
29 49
30 38
31 41
32 41
33 27
34 14
35 16
36 21
37 28
38 25
39 22
40 15
41 23
42 24
43 17
44 16
45 16
46 13
47 8
48 7
49 15
50 6
51 5
52 5
53 10
54 6
55 9
56 9
57 4
58 5
59 7
60 11
61 5
62 3
63 4
64 9
65 4
66 7
67 8
68 8
69 8
70 8
71 8
72 3
73 6
74 3
75 9
76 4
77 2
78 5
79 6
80 8
81 4
82 5
83 3
85 1
86 1
87 1
88 1
98 4
99 3
100 2
101 3
102 1
103 5
104 1
175 1
177 1
178 2
180 2
181 1
183 2
186 1
