1 3240913
2 3424223
3 2916696
4 2369567
5 1946548
6 1576084
7 1191772
8 838800
9 545250
10 334126
11 209021
12 151470
13 136137
14 147515
15 169490
16 191610
17 208227
18 215228
19 212663
20 200742
21 179003
22 150671
23 121078
24 94506
25 70668
26 50788
27 35765
28 24419
29 15898
30 10176
31 6560
32 4222
33 2905
34 2013
35 1544
36 1220
37 1038
38 1003
39 985
40 870
41 820
42 677
43 618
44 509
45 494
46 378
47 349
48 241
49 227
50 178
51 128
52 123
53 97
54 70
55 64
56 58
57 66
58 38
59 14
60 20
61 26
62 26
63 27
64 19
65 36
66 45
67 78
68 89
69 137
70 218
71 330
72 478
73 759
74 1022
75 1408
76 1971
77 2634
78 3739
79 5048
80 6771
81 8438
82 11331
83 14104
84 17839
85 22188
86 27352
87 33361
88 40149
89 47165
90 55601
91 64096
92 74097
93 84007
94 95668
95 106758
96 118297
97 129319
98 141280
99 151656
100 162779
101 172354
102 180452
103 187447
104 192313
105 197437
106 199790
107 200954
108 200534
109 200369
110 197164
111 192212
112 185730
113 179123
114 170876
115 162124
116 153474
117 143694
118 133681
119 123521
120 113923
121 104061
122 94769
123 86034
124 77405
125 69655
126 61466
127 54411
128 47703
129 41569
130 36539
131 31256
132 26978
133 23335
134 19677
135 16705
136 13889
137 11654
138 9640
139 7900
140 6668
141 5369
142 4377
143 3536
144 2815
145 2302
146 1917
147 1379
148 1116
149 812
150 609
151 522
152 373
153 294
154 188
155 164
156 133
157 91
158 80
159 55
160 45
161 38
162 24
163 18
164 14
165 18
166 12
167 8
168 20
169 27
170 23
171 32
172 34
173 18
174 28
175 30
176 39
177 43
178 59
179 78
180 85
181 98
182 129
183 150
184 178
185 196
186 230
187 229
188 248
189 338
190 346
191 391
192 455
193 508
194 529
195 573
196 572
197 665
198 686
199 810
200 778
201 850
202 873
203 870
204 883
205 926
206 1003
207 976
208 993
209 1042
210 1024
211 994
212 946
213 919
214 963
215 880
216 919
217 913
218 880
219 889
220 913
221 898
222 852
223 795
224 793
225 740
226 661
227 613
228 544
229 579
230 516
231 458
232 416
233 436
234 376
235 350
236 363
237 309
238 296
239 263
240 254
241 240
242 247
243 212
244 177
245 161
246 149
247 140
248 109
249 127
250 78
251 100
252 69
253 76
254 79
255 71
256 68
257 58
258 48
259 40
260 37
261 30
262 37
263 36
264 26
265 19
266 17
267 20
268 20
269 22
270 21
271 23
272 18
273 15
274 24
275 18
276 32
277 30
278 21
279 31
280 38
281 48
282 50
283 36
284 45
285 46
286 60
287 63
288 58
289 79
290 104
291 100
292 114
293 117
294 118
295 136
296 119
297 143
298 143
299 184
300 203
301 184
302 198
303 201
304 185
305 212
306 214
307 225
308 246
309 228
310 260
311 260
312 266
313 296
314 257
315 300
316 290
317 314
318 325
319 314
320 292
321 318
322 272
323 258
324 259
325 270
326 266
327 239
328 230
329 243
330 250
331 258
332 246
333 190
334 266
335 221
336 204
337 196
338 198
339 206
340 188
341 184
342 178
343 164
344 199
345 183
346 216
347 185
348 189
349 154
350 152
351 180
352 161
353 181
354 164
355 162
356 174
357 167
358 153
359 154
360 146
361 133
362 139
363 118
364 146
365 114
366 98
367 119
368 112
369 102
370 98
371 92
372 90
373 101
374 75
375 93
376 90
377 71
378 73
379 71
380 53
381 55
382 60
383 78
384 65
385 58
386 74
387 77
388 59
389 62
390 62
391 57
392 65
393 73
394 52
395 75
396 58
397 72
398 89
399 68
400 57
401 81
402 90
403 80
404 94
405 90
406 86
407 84
408 92
409 99
410 99
411 95
412 87
413 96
414 84
415 114
416 98
417 91
418 92
419 96
420 105
421 86
422 90
423 133
424 103
425 101
426 95
427 113
428 91
429 100
430 84
431 99
432 89
433 119
434 92
435 89
436 97
437 90
438 84
439 98
440 81
441 85
442 93
443 76
444 75
445 70
446 60
447 68
448 71
449 45
450 51
451 48
452 53
453 47
454 52
455 36
456 37
457 34
458 29
459 32
460 29
461 14
462 23
463 34
464 19
465 31
466 27
467 25
468 24
469 18
470 21
471 16
472 22
473 10
474 17
475 17
476 17
477 24
478 21
479 21
480 16
481 15
482 25
483 20
484 13
485 18
486 27
487 30
488 32
489 37
490 34
491 37
492 33
493 36
494 24
495 30
496 34
497 27
498 29
499 33
500 31
501 36
502 36
503 54
504 54
505 53
506 45
507 71
508 66
509 58
510 72
511 54
512 43
513 81
514 60
515 59
516 49
517 54
518 57
519 74
520 71
521 72
522 81
523 71
524 77
525 72
526 85
527 92
528 76
529 92
530 96
531 95
532 84
533 101
534 75
535 79
536 69
537 82
538 79
539 75
540 59
541 66
542 78
543 63
544 78
545 69
546 55
547 62
548 53
549 65
550 49
551 61
552 49
553 57
554 57
555 39
556 54
557 43
558 33
559 38
560 41
561 35
562 27
563 35
564 25
565 22
566 25
567 18
568 14
569 12
570 18
571 19
572 27
573 22
574 10
575 12
576 11
577 8
578 12
579 13
580 19
581 14
582 13
583 16
584 8
585 11
586 11
587 7
588 10
589 14
590 8
591 8
592 11
593 6
594 1
595 8
596 9
597 10
598 4
599 13
600 4
601 8
602 4
603 9
604 9
605 13
606 7
607 4
608 6
609 3
610 10
611 8
612 6
613 7
614 8
615 4
616 6
617 6
618 3
619 7
620 5
621 9
622 10
623 8
624 6
625 3
626 12
627 8
628 7
629 9
630 5
631 6
632 6
633 5
634 9
635 11
636 14
637 12
638 17
639 17
640 8
641 12
642 18
643 9
644 15
645 9
646 13
647 10
648 9
649 7
650 10
651 4
652 4
653 12
654 10
655 7
656 4
657 8
658 12
659 12
660 8
661 8
662 7
663 11
664 11
665 5
666 7
667 9
668 4
669 6
670 3
671 8
672 6
673 4
674 3
675 5
676 4
677 4
678 3
679 3
680 2
681 1
682 2
683 1
685 2
686 1
687 4
688 3
689 7
690 3
691 2
692 1
693 7
694 4
695 2
696 7
697 5
698 9
699 10
700 5
701 2
702 2
703 6
704 3
705 3
706 1
707 2
708 1
709 3
710 2
711 7
712 2
713 6
714 2
715 4
716 3
717 1
718 8
719 2
720 5
721 4
722 4
723 6
724 5
725 7
726 5
727 7
728 4
729 8
730 6
731 5
732 3
733 5
734 6
735 6
736 5
737 7
738 6
739 4
740 9
741 9
742 6
743 5
744 3
745 4
746 10
747 6
748 3
749 6
750 10
751 8
752 8
753 6
754 6
755 8
756 4
757 3
758 6
759 5
760 5
761 9
762 5
763 4
764 4
765 4
766 4
767 2
768 5
769 4
770 4
771 3
772 2
773 2
775 1
779 1
780 1
781 2
783 1
784 1
785 1
788 1
789 1
790 1
792 1
794 1
796 2
797 3
798 1
805 1
807 2
808 2
809 3
810 2
812 1
814 2
815 1
816 2
817 4
818 2
819 1
820 1
821 1
822 3
823 1
824 3
825 1
826 8
827 3
828 6
829 7
830 4
831 3
832 3
833 5
834 2
835 1
836 2
837 1
838 5
839 5
840 6
841 2
842 6
843 4
844 3
845 1
846 7
847 4
848 4
849 1
851 4
852 1
853 2
854 3
855 2
857 1
858 5
860 2
861 4
862 2
863 2
864 4
865 5
866 7
867 2
868 1
869 4
870 1
871 1
872 2
873 1
874 2
875 2
876 1
877 1
878 2
879 1
880 1
881 1
882 2
884 2
885 2
887 3
888 3
889 2
891 4
893 2
894 1
895 3
898 1
899 3
901 3
902 1
903 1
904 1
905 2
908 1
910 1
911 2
912 2
913 1
914 2
915 1
916 1
917 2
918 4
920 3
922 2
923 1
924 3
925 4
926 2
928 1
929 3
930 2
932 3
934 3
935 2
936 1
937 5
938 1
939 3
940 2
941 1
942 5
943 3
945 4
946 3
949 2
950 4
952 7
953 4
954 3
955 2
956 2
957 2
958 4
960 1
961 3
962 1
963 3
964 3
965 3
966 1
967 3
968 2
969 3
970 6
971 2
972 2
973 5
975 2
976 3
977 1
978 1
979 1
981 1
984 2
985 1
988 1
989 1
990 1
991 1
994 1
996 2
997 1
998 1
999 1
1003 1
1005 1
1007 1
1008 2
1009 2
1010 2
1011 2
1012 2
1013 3
1014 1
1016 2
1017 4
1019 1
1020 2
1021 3
1022 2
1025 3
1026 1
1028 1
1029 3
1032 1
1033 1
1034 1
1035 4
1038 3
1039 2
1040 1
1041 5
1043 2
1044 4
1045 1
1047 1
1048 1
1050 2
1051 3
1053 6
1054 2
1055 1
1056 2
1057 3
1058 3
1059 2
1060 3
1062 3
1063 4
1064 5
1065 2
1066 4
1067 3
1068 1
1069 7
1070 2
1071 1
1072 6
1073 3
1074 3
1075 2
1077 5
1078 3
1079 2
1082 3
1083 2
1085 4
1087 1
1088 1
1089 3
1090 1
1091 2
1093 2
1094 3
1095 1
1096 3
1097 1
1100 2
1101 2
1102 1
1106 2
1107 2
1108 3
1110 1
1113 2
1116 2
1118 1
1120 2
1126 1
1128 1
1129 1
1132 2
1133 1
1134 2
1141 3
1142 2
1143 1
1144 2
1145 1
1146 3
1147 3
1149 1
1151 2
1152 1
1153 1
1154 2
1155 2
1156 5
1157 1
1158 2
1159 3
1160 3
1161 4
1162 2
1163 3
1164 2
1165 3
1166 2
1167 3
1168 1
1169 3
1170 3
1171 2
1174 1
1175 2
1177 1
1180 3
1181 1
1182 1
1183 1
1184 4
1185 1
1188 1
1190 1
1191 2
1193 6
1195 2
1196 1
1197 3
1198 1
1200 4
1203 1
1206 1
1208 1
1213 1
1215 2
1217 1
1219 1
1221 1
1226 1
1233 1
1242 1
1243 1
1245 1
1246 2
1248 1
1250 1
1253 1
1255 1
1257 2
1261 2
1262 1
1263 3
1264 3
1266 1
1267 1
1269 1
1270 1
1271 1
1272 1
1274 2
1279 2
1280 3
1281 2
1283 1
1284 3
1285 1
1286 1
1289 2
1290 1
1291 4
1293 2
1295 1
1296 1
1298 2
1301 1
1302 1
1303 2
1305 3
1306 2
1307 1
1308 1
1310 1
1312 2
1313 2
1315 3
1320 1
1323 1
1324 1
1325 1
1330 1
1335 1
1338 1
1341 1
1342 1
1346 1
1350 1
1351 2
1352 1
1354 3
1355 1
1356 2
1357 1
1358 1
1360 1
1361 1
1363 1
1364 1
1368 1
1370 2
1371 1
1374 1
1376 1
1379 2
1380 1
1381 1
1382 2
1383 1
1384 2
1385 1
1386 1
1387 2
1390 1
1391 1
1392 5
1393 2
1397 1
1398 1
1399 2
1400 1
1403 1
1405 2
1406 3
1407 1
1408 2
1409 1
1410 1
1411 2
1412 2
1413 1
1416 3
1419 1
1421 1
1422 1
1423 1
1425 1
1426 1
1431 1
1433 1
1436 1
1440 1
1447 1
1449 1
1453 1
1454 1
1455 1
1457 2
1459 3
1460 2
1461 3
1462 2
1464 1
1466 3
1467 1
1468 3
1469 2
1470 1
1471 2
1473 1
1475 1
1476 3
1477 1
1478 1
1479 2
1480 2
1482 1
1483 2
1484 1
1485 3
1486 1
1487 1
1489 1
1492 2
1493 2
1498 1
1499 2
1507 1
1509 2
1511 1
1512 1
1514 1
1515 1
1517 3
1520 1
1522 1
1524 1
1525 1
1530 2
1536 1
1537 1
1538 1
1545 1
1548 1
1549 1
1552 1
1556 1
1559 1
1562 1
1563 1
1566 1
1567 2
1568 1
1574 2
1578 2
1580 2
1581 1
1583 2
1585 1
1586 1
1587 1
1595 1
1596 2
1597 2
1600 1
1601 2
1609 1
1610 2
1613 1
1634 1
1639 1
1647 1
1651 1
1655 2
1657 1
1659 1
1660 2
1663 1
1670 1
1672 1
1673 1
1674 1
1675 1
1676 1
1678 1
1679 1
1680 2
1682 3
1684 3
1685 1
1687 2
1688 2
1692 2
1693 2
1694 1
1695 1
1696 2
1697 1
1698 2
1699 3
1700 2
1704 1
1706 2
1707 2
1708 1
1709 1
1710 1
1711 1
1712 1
1713 2
1715 1
1716 2
1717 1
1720 2
1721 1
1723 1
1730 1
1738 1
1739 1
1751 1
1759 1
1760 1
1762 1
1764 1
1765 2
1767 1
1768 2
1771 1
1777 1
1779 2
1781 2
1785 2
1788 1
1791 1
1798 1
1810 1
1813 1
1820 1
1823 1
1835 1
1851 1
1852 2
1855 2
1856 1
1858 2
1859 1
1862 1
1865 1
1866 2
1868 1
1876 1
1891 1
1892 1
1895 1
1897 1
1907 1
1909 1
1916 2
1918 1
1921 1
1922 1
1930 1
1942 1
1984 1
1985 1
1986 1
1993 1
1997 1
1998 1
2003 2
2004 1
2010 1
2011 2
2014 3
2019 1
2023 1
2028 1
2033 1
2035 1
2043 1
2075 1
2095 1
2128 1
2139 2
2157 1
2163 1
2217 1
2219 1
2220 2
2255 1
2260 2
2263 1
2282 1
2290 1
2328 1
2329 1
2346 1
2349 1
2353 1
2356 1
2359 2
2389 1
2405 1
2408 1
2428 1
2448 1
2449 1
2461 1
2462 1
2466 1
2470 1
2487 1
2505 1
2536 1
2537 2
2561 1
2569 1
2570 1
2572 1
2573 1
2577 3
2578 1
2595 1
2602 1
2618 1
2622 1
2624 1
2630 1
2631 1
2639 1
2640 1
2642 1
2644 1
2645 3
2656 1
2657 1
2712 1
2715 1
2736 1
2742 1
2749 1
2754 1
2755 1
2762 1
2770 1
2774 1
2845 1
2862 1
2882 1
2885 1
2891 1
2898 1
2907 1
2909 1
2933 1
2936 1
2951 1
2961 1
2963 2
2985 1
2990 1
2992 1
2993 2
2996 1
3002 1
3009 1
3015 1
3026 2
3029 1
3030 1
3031 1
3033 1
3041 1
3042 2
3046 1
3048 1
3055 1
3058 1
3062 1
3063 1
3065 1
3066 1
3067 1
3068 1
3070 1
3074 1
3077 1
3088 1
3089 1
3093 2
3095 1
3103 2
3120 1
3122 1
3130 1
3131 1
3136 2
3138 1
3149 1
3150 1
3164 1
3174 1
3208 1
3212 1
3214 2
3224 1
3242 1
3244 1
3251 1
3257 1
3263 1
3278 1
3280 1
3283 1
3285 1
3286 1
3289 1
3291 1
3298 1
3299 1
3324 1
3328 1
3333 1
3335 1
3336 1
3343 1
3351 1
3356 1
3368 1
3371 2
3379 1
3386 1
3390 1
3431 1
3447 1
3452 1
3500 1
3521 1
3525 1
3529 1
3563 1
3568 1
3570 1
3575 1
3577 1
3609 1
3614 1
3620 1
3633 1
3634 1
3636 1
3641 2
3643 1
3646 2
3648 1
3652 1
3658 1
3662 1
3664 2
3670 1
3679 1
3686 1
3688 2
3697 2
3706 1
3741 1
3743 1
3745 1
3747 1
3749 1
3752 1
3759 1
3760 1
3764 1
3766 1
3769 1
3775 1
3778 1
3850 2
3854 1
3873 1
3881 1
3895 1
3896 1
3897 1
3901 1
3917 1
3918 1
3922 1
3923 1
3930 2
3934 1
3942 1
3946 1
3967 1
3983 1
3984 1
3986 1
3989 1
4006 1
4009 1
4010 1
4020 1
4022 1
4023 1
4025 1
4030 1
4035 1
4038 1
4054 1
4059 1
4060 1
4090 1
4094 1
4097 1
4123 1
4125 1
4132 1
4134 1
4136 1
4142 1
4172 1
4195 1
4196 1
4198 1
4202 1
4204 2
4205 2
4219 1
4222 1
4234 1
4241 1
4266 1
4277 1
4283 1
4318 1
4401 1
4404 1
4423 1
4428 1
4433 1
4444 1
4448 1
4495 1
4524 1
4534 1
4648 2
4815 1
4841 1
4847 1
4853 1
4864 1
4908 1
4917 1
4954 1
4955 1
4957 1
4959 1
4960 1
4962 2
4966 1
4971 1
5007 1
5036 1
5040 1
5061 1
5065 1
5080 1
5104 2
5174 1
5180 1
5184 1
5186 1
5187 1
5193 1
5196 1
5199 1
5202 1
5206 1
5226 1
5284 1
5304 1
5328 1
5409 1
5427 1
6140 1
6198 1
6219 1
6233 1
6245 1
6248 1
6342 1
6435 1
6445 1
6449 1
6452 1
6554 1
