1 4047037
2 1109033
3 765113
4 885790
5 976811
6 922583
7 751568
8 538040
9 344512
10 199758
11 110091
12 55187
13 26554
14 13558
15 7594
16 5189
17 3877
18 2985
19 2381
20 2176
21 2021
22 1771
23 1617
24 1284
25 1059
26 871
27 736
28 548
29 540
30 531
31 495
32 443
33 390
34 294
35 233
36 190
37 168
38 126
39 121
40 109
41 83
42 57
43 56
44 44
45 34
46 27
47 24
48 26
49 26
50 30
51 23
52 22
53 29
54 38
55 34
56 38
57 32
58 26
59 23
60 25
61 24
62 21
63 34
64 17
65 25
66 18
67 13
68 13
69 17
70 31
71 24
72 14
73 17
74 15
75 13
76 11
77 17
78 11
79 10
80 10
81 13
82 14
83 12
84 7
85 8
86 8
87 14
88 13
89 6
90 15
91 10
92 8
93 8
94 3
95 7
96 16
97 6
98 4
99 6
100 7
101 2
102 7
103 3
104 2
105 4
106 3
107 3
108 2
110 3
111 3
112 4
113 4
114 2
115 4
116 5
117 2
118 1
119 1
122 1
123 3
124 2
125 2
126 1
127 4
128 1
129 2
131 4
132 1
133 1
134 4
135 2
136 1
137 2
138 2
139 1
140 1
141 2
143 2
144 5
146 1
147 1
148 1
150 2
151 3
152 2
153 2
154 1
156 2
157 1
158 3
159 5
160 6
161 6
162 3
163 4
164 2
166 4
167 3
168 1
169 2
170 2
171 1
172 2
173 1
174 1
175 1
176 2
177 1
178 6
179 4
180 1
181 2
182 1
183 8
184 3
185 5
186 4
187 1
188 5
189 5
190 5
191 2
192 4
193 6
194 6
195 3
196 4
197 6
198 1
199 4
200 2
202 5
203 5
204 1
205 2
206 4
207 2
208 4
209 1
210 5
211 3
212 3
213 1
216 1
217 5
218 1
219 3
220 3
221 3
223 1
225 1
230 2
231 3
233 3
234 1
235 2
236 1
237 3
238 1
244 2
245 2
246 1
249 1
253 2
254 1
255 2
256 1
257 1
259 1
260 3
261 1
262 1
263 1
264 3
267 2
269 1
270 1
271 2
273 1
274 2
279 1
281 1
282 3
283 1
284 2
285 1
286 2
287 4
288 1
289 1
291 1
302 1
303 1
306 1
312 2
320 1
325 1
349 1
355 1
365 1
370 1
374 1
