1 65331
2 232173
3 554384
4 982983
5 1400036
6 1684738
7 1750851
8 1637138
9 1401496
10 1144075
11 931057
12 788292
13 726301
14 728746
15 779486
16 858054
17 940242
18 1013288
19 1066632
20 1104895
21 1104360
22 1078767
23 1023311
24 943701
25 847258
26 742128
27 637466
28 528918
29 433278
30 345150
31 268713
32 202268
33 152591
34 112416
35 82484
36 59113
37 42956
38 30381
39 22102
40 16141
41 12441
42 10024
43 8113
44 6846
45 5951
46 5815
47 5436
48 5084
49 4532
50 4197
51 3829
52 3402
53 3140
54 2785
55 2662
56 2362
57 2156
58 1886
59 1774
60 1505
61 1482
62 1462
63 1471
64 1222
65 1219
66 1177
67 1176
68 1093
69 1056
70 1131
71 1140
72 1150
73 1077
74 1038
75 984
76 894
77 906
78 848
79 829
80 771
81 758
82 747
83 766
84 708
85 768
86 904
87 896
88 944
89 877
90 864
91 814
92 798
93 748
94 708
95 672
96 658
97 714
98 661
99 648
100 638
101 596
102 530
103 494
104 477
105 429
106 429
107 444
108 379
109 315
110 299
111 267
112 237
113 274
114 223
115 282
116 225
117 303
118 253
119 267
120 218
121 192
122 197
123 188
124 155
125 145
126 136
127 133
128 126
129 103
130 118
131 116
132 100
133 103
134 113
135 115
136 107
137 106
138 111
139 107
140 105
141 125
142 104
143 108
144 103
145 115
146 115
147 97
148 94
149 98
150 82
151 77
152 86
153 95
154 81
155 58
156 53
157 59
158 59
159 68
160 77
161 71
162 79
163 72
164 69
165 61
166 77
167 74
168 60
169 60
170 46
171 71
172 63
173 64
174 59
175 71
176 56
177 70
178 71
179 57
180 84
181 72
182 58
183 68
184 67
185 65
186 71
187 72
188 73
189 79
190 46
191 64
192 70
193 44
194 64
195 63
196 62
197 71
198 45
199 62
200 41
201 45
202 35
203 39
204 44
205 41
206 48
207 37
208 46
209 39
210 58
211 40
212 44
213 50
214 64
215 54
216 51
217 56
218 48
219 44
220 47
221 53
222 46
223 52
224 51
225 50
226 35
227 37
228 33
229 33
230 38
231 48
232 43
233 42
234 35
235 38
236 35
237 43
238 43
239 31
240 27
241 24
242 23
243 22
244 15
245 6
246 5
247 16
248 10
249 5
250 5
251 8
252 12
253 18
254 17
255 15
256 8
257 12
258 8
259 5
260 10
261 5
262 8
263 1
264 5
265 3
266 2
267 8
268 3
269 5
270 5
271 7
272 9
273 4
274 6
275 9
276 4
277 10
278 5
279 6
280 2
281 1
282 1
283 5
284 6
285 15
286 5
287 8
288 7
289 8
290 5
291 6
292 7
293 2
294 5
295 5
296 5
297 6
298 5
299 4
300 2
301 7
302 9
303 3
304 4
305 3
306 4
307 7
308 4
309 4
310 1
311 3
312 5
313 2
315 4
316 1
318 1
319 2
320 1
321 1
322 4
323 5
324 3
325 2
326 2
328 11
329 3
330 2
331 3
332 1
333 2
334 2
336 2
337 2
338 1
341 1
343 1
344 3
345 2
346 2
347 1
349 1
350 1
354 1
356 2
357 2
358 3
359 2
360 5
361 4
362 3
363 5
364 3
365 1
366 2
367 3
368 1
369 1
370 3
371 1
372 2
373 1
374 1
376 2
377 5
378 2
379 1
380 5
383 2
384 1
385 4
386 2
387 1
388 1
390 1
391 1
392 2
393 2
395 3
396 1
397 1
398 3
399 2
400 8
401 3
402 8
403 6
404 4
405 2
406 3
407 5
409 2
410 4
411 3
412 2
413 2
414 4
415 2
416 1
417 4
419 2
421 2
422 3
423 1
424 1
425 2
426 6
427 5
428 3
429 4
430 5
431 5
432 3
433 6
434 2
435 1
436 1
437 2
439 3
440 1
441 1
446 1
447 2
448 2
449 1
452 4
454 1
456 1
457 2
458 1
460 3
462 1
463 1
470 4
471 1
476 1
477 1
478 2
479 1
480 1
482 1
483 2
484 1
487 2
488 2
495 2
499 1
501 2
502 1
503 1
504 1
505 1
507 1
508 1
509 1
512 1
513 1
514 3
515 2
516 1
517 3
524 1
525 1
526 1
528 3
529 1
531 1
532 1
533 2
534 2
535 4
536 3
537 3
538 3
539 1
540 1
541 1
543 1
544 1
545 1
546 1
548 1
549 3
551 2
553 1
554 2
556 1
559 1
560 2
561 1
566 1
568 1
569 1
572 1
573 1
574 2
575 1
578 1
580 1
589 3
592 1
593 4
595 1
596 1
597 2
598 1
599 1
600 1
601 1
602 1
607 2
608 2
610 1
611 2
612 6
614 2
615 2
616 1
617 1
618 1
619 1
620 1
621 1
622 1
623 1
625 4
626 3
627 1
628 1
629 1
632 1
633 1
635 1
640 2
643 2
645 2
646 1
648 1
649 1
650 1
651 1
653 1
655 1
659 3
661 1
662 3
664 2
665 2
666 1
667 1
672 2
673 1
674 2
676 4
677 2
682 1
684 1
689 2
690 1
692 2
693 1
695 1
697 2
698 4
699 1
702 1
703 2
707 1
710 2
711 2
712 1
713 4
714 1
717 1
720 2
725 1
728 1
729 1
734 1
746 1
748 1
751 2
755 1
757 2
763 1
766 1
770 1
771 1
772 1
774 1
775 1
778 1
780 1
781 1
782 1
794 2
797 1
805 1
812 1
814 1
815 1
824 1
830 1
831 3
832 1
835 2
838 2
839 1
841 1
842 1
843 1
845 2
846 1
850 1
851 1
853 1
854 1
857 1
859 1
860 1
863 1
867 1
872 1
892 1
894 1
896 1
899 1
903 1
904 1
905 2
906 1
924 1
931 1
1029 1
1034 1
1035 2
1037 2
1041 1
1044 1
1048 1
1052 1
1053 1
1054 1
1055 1
1058 1
1060 2
1061 1
1062 1
1064 3
1065 1
1067 1
1071 1
1086 1
1087 1
1093 1
1096 1
1114 1
2040 1
2043 1
2046 1
2047 1
2050 1
2053 1
2055 1
2056 1
2057 1
2059 1
