1 474
2 2677
3 10182
4 33117
5 85238
6 183658
7 331187
8 525166
9 746685
10 961330
11 1135924
12 1234464
13 1249095
14 1178022
15 1054036
16 898694
17 738933
18 593870
19 474708
20 386455
21 327485
22 295043
23 282476
24 286710
25 300090
26 323743
27 354717
28 393036
29 429796
30 473620
31 518901
32 560801
33 601028
34 636683
35 665770
36 688448
37 707014
38 714246
39 714855
40 707000
41 688167
42 662719
43 630858
44 592993
45 549343
46 503749
47 457171
48 408997
49 358722
50 312588
51 269660
52 230691
53 193039
54 160797
55 132345
56 108069
57 87103
58 69489
59 55978
60 45008
61 35418
62 27725
63 21407
64 17128
65 13663
66 10814
67 8727
68 7436
69 6038
70 5351
71 4669
72 4190
73 3843
74 3720
75 3387
76 3169
77 2936
78 3052
79 3004
80 2999
81 2917
82 2892
83 2832
84 2901
85 2707
86 2644
87 2556
88 2636
89 2465
90 2432
91 2338
92 2308
93 2156
94 1992
95 1845
96 1697
97 1679
98 1581
99 1575
100 1550
101 1409
102 1350
103 1250
104 1172
105 1109
106 1011
107 956
108 778
109 816
110 730
111 724
112 725
113 730
114 676
115 684
116 657
117 596
118 611
119 556
120 600
121 578
122 575
123 617
124 614
125 598
126 631
127 605
128 633
129 644
130 560
131 603
132 595
133 597
134 574
135 588
136 539
137 525
138 486
139 486
140 440
141 435
142 401
143 382
144 394
145 418
146 407
147 385
148 425
149 428
150 400
151 430
152 398
153 406
154 413
155 383
156 446
157 394
158 492
159 501
160 503
161 514
162 551
163 559
164 538
165 522
166 520
167 533
168 507
169 523
170 504
171 555
172 517
173 515
174 474
175 474
176 440
177 414
178 401
179 385
180 350
181 299
182 290
183 305
184 314
185 276
186 263
187 234
188 240
189 218
190 231
191 198
192 184
193 208
194 161
195 161
196 145
197 160
198 163
199 135
200 161
201 157
202 148
203 138
204 126
205 112
206 110
207 149
208 128
209 133
210 97
211 120
212 124
213 119
214 113
215 98
216 100
217 113
218 97
219 97
220 97
221 85
222 101
223 95
224 101
225 111
226 96
227 110
228 112
229 113
230 104
231 81
232 111
233 109
234 117
235 103
236 85
237 63
238 69
239 77
240 68
241 62
242 60
243 55
244 58
245 58
246 63
247 79
248 85
249 64
250 70
251 84
252 73
253 78
254 69
255 61
256 62
257 62
258 66
259 70
260 56
261 58
262 63
263 83
264 62
265 64
266 86
267 63
268 60
269 63
270 47
271 39
272 44
273 33
274 31
275 33
276 37
277 41
278 39
279 49
280 40
281 37
282 40
283 32
284 30
285 46
286 45
287 50
288 48
289 46
290 46
291 41
292 44
293 58
294 51
295 49
296 64
297 45
298 55
299 50
300 46
301 53
302 50
303 43
304 62
305 51
306 50
307 44
308 43
309 42
310 35
311 41
312 42
313 40
314 36
315 36
316 32
317 33
318 33
319 47
320 32
321 40
322 34
323 40
324 40
325 51
326 46
327 40
328 36
329 43
330 45
331 38
332 43
333 39
334 41
335 35
336 35
337 23
338 27
339 33
340 25
341 23
342 23
343 20
344 27
345 27
346 31
347 24
348 28
349 19
350 27
351 33
352 24
353 24
354 27
355 30
356 24
357 19
358 22
359 14
360 19
361 23
362 25
363 31
364 26
365 36
366 20
367 28
368 29
369 32
370 27
371 27
372 39
373 30
374 37
375 30
376 32
377 40
378 32
379 31
380 30
381 33
382 34
383 36
384 33
385 37
386 40
387 39
388 40
389 37
390 37
391 40
392 37
393 30
394 34
395 25
396 28
397 23
398 20
399 12
400 17
401 19
402 22
403 21
404 14
405 19
406 16
407 18
408 17
409 23
410 22
411 20
412 20
413 25
414 9
415 13
416 15
417 20
418 15
419 18
420 20
421 18
422 17
423 14
424 18
425 17
426 19
427 13
428 15
429 21
430 10
431 11
432 14
433 15
434 20
435 12
436 21
437 11
438 14
439 18
440 11
441 15
442 6
443 10
444 9
445 6
446 10
447 9
448 8
449 10
450 7
451 4
452 4
453 8
454 6
455 7
456 6
457 5
458 5
459 7
460 1
461 3
462 7
463 2
464 5
465 4
466 4
467 2
468 5
469 2
470 5
471 3
472 4
473 4
474 3
475 7
476 3
477 3
478 3
479 5
480 3
481 2
482 6
483 4
484 2
485 8
486 5
487 5
488 11
489 5
490 6
492 1
493 1
494 4
495 2
496 1
498 1
499 2
501 4
502 3
503 3
504 8
505 4
506 4
507 4
508 4
509 3
510 3
511 2
512 2
513 6
514 4
515 3
516 3
517 2
518 3
519 2
520 2
521 1
522 5
523 3
524 4
525 5
526 2
528 2
529 2
530 4
531 1
533 2
534 1
535 1
540 1
541 1
542 1
543 2
544 1
545 4
546 7
547 3
548 3
549 6
550 2
552 3
553 3
554 3
555 2
556 3
557 4
558 3
559 3
560 2
561 2
562 1
563 2
564 5
565 1
566 2
567 4
568 1
569 5
570 1
571 1
572 1
574 2
575 1
576 1
577 4
579 1
582 1
585 1
586 2
587 1
589 1
591 1
592 3
593 2
594 5
595 1
597 2
598 2
599 1
600 1
601 1
603 1
604 1
605 3
607 2
608 2
609 2
610 2
611 4
612 3
613 3
614 1
615 5
616 6
618 2
619 3
621 1
623 3
624 1
627 3
628 1
629 1
630 1
632 2
633 2
634 2
636 5
637 3
638 1
639 2
640 2
642 1
643 6
644 5
645 2
646 5
647 2
648 3
649 2
650 6
651 2
652 2
653 1
654 2
655 3
656 2
657 3
658 3
659 5
660 3
661 3
662 3
663 2
664 4
665 3
666 1
667 1
668 1
669 1
670 2
673 2
676 1
678 2
679 2
680 3
681 1
682 4
683 2
684 1
685 2
686 1
687 2
688 1
689 4
692 3
693 1
694 4
695 2
696 1
697 1
698 1
700 2
701 2
702 1
703 1
704 1
705 3
706 1
707 2
708 1
709 2
710 1
711 1
712 1
713 2
714 3
715 1
717 1
735 1
737 2
741 1
743 2
751 1
752 1
761 1
764 1
766 1
767 1
771 1
772 1
776 1
777 2
781 1
782 1
783 1
785 1
791 1
792 1
796 1
798 1
799 1
801 1
807 2
808 3
809 2
810 1
815 1
817 1
821 1
823 1
824 1
832 1
841 1
845 3
846 1
849 2
851 1
852 1
853 1
856 1
857 2
860 2
864 1
866 1
867 1
868 1
869 1
870 1
872 1
873 1
875 1
877 1
880 1
884 1
886 1
888 1
889 1
890 1
892 1
893 2
894 2
898 1
901 1
902 1
903 1
905 1
914 1
921 1
922 1
923 1
926 1
927 2
928 1
931 1
933 1
934 1
936 1
939 1
940 2
941 1
944 2
945 1
946 3
948 2
949 1
950 1
951 2
952 1
953 2
954 1
957 2
959 1
960 1
961 1
963 2
965 2
966 3
971 1
972 2
973 1
979 1
980 1
981 1
983 1
984 1
985 1
986 1
992 1
993 1
996 2
998 2
999 2
1000 1
1002 1
1004 1
1007 1
1008 1
1011 1
1012 1
1017 2
1018 1
1019 1
1020 1
1021 1
1022 3
1023 1
1025 2
1027 1
1030 1
1031 1
1032 5
1034 1
1037 1
1039 1
1040 1
1044 1
1053 1
1056 1
1058 2
1061 1
1067 2
1072 1
1073 2
1075 1
1083 1
1089 1
1103 1
1105 1
1141 1
1145 1
1146 1
1147 1
1149 1
1152 1
1153 2
1154 2
1156 1
1162 1
1164 1
1165 2
1166 1
1167 1
1172 1
1173 2
1175 1
1178 1
1180 1
1182 1
1186 3
1189 1
1190 1
1201 1
1203 1
1207 1
1209 1
1210 1
1212 2
1213 1
1214 2
1215 1
1216 2
1217 3
1218 1
1219 3
1220 2
1223 1
1224 1
1225 1
1230 1
1234 1
1236 1
1237 1
1238 1
1244 1
1248 1
1251 1
1253 1
1259 2
1262 1
1263 1
1264 1
1265 1
1267 2
1268 1
1280 1
1281 1
1286 1
1287 1
1292 1
1301 1
1305 1
1313 1
1315 1
1316 1
1324 1
1327 1
1328 2
1329 1
1330 3
1332 2
1333 1
1335 1
1336 3
1341 2
1342 1
1344 1
1345 1
1352 1
1354 1
1355 1
1359 1
1361 1
1369 1
1370 1
1372 1
1408 1
1409 2
1428 1
1433 1
1447 1
1492 1
1499 1
1502 2
1503 2
1505 1
1507 1
1509 1
1518 1
1525 1
1547 1
1550 1
1554 1
1557 1
1572 1
1574 1
1575 2
1577 1
1579 1
1580 1
1592 1
1595 1
1596 1
1606 1
1607 1
1611 2
1614 1
1615 1
1616 1
1617 1
1620 1
1631 1
1640 2
1641 1
1653 1
1666 1
1675 1
1679 1
1802 1
1808 1
1809 1
1812 1
1822 1
1843 1
1910 1
1911 1
1919 1
1923 1
1929 1
1935 1
1941 1
1950 2
1952 2
1956 1
1958 2
1965 1
1972 1
1974 1
1977 1
1978 1
1980 3
1989 1
3677 1
3679 3
3683 1
3684 1
3689 1
3695 1
3697 1
3700 1
