1 919289
2 1585933
3 1896476
4 1852337
5 1698213
6 1621426
7 1672947
8 1772312
9 1832846
10 1787725
11 1638225
12 1411391
13 1139910
14 872619
15 629412
16 435044
17 281674
18 177284
19 109955
20 66797
21 41848
22 26307
23 17277
24 12189
25 8718
26 7203
27 5654
28 5104
29 4680
30 4209
31 3742
32 3262
33 2971
34 2854
35 2623
36 2381
37 1930
38 1746
39 1614
40 1473
41 1355
42 1271
43 1161
44 1083
45 1008
46 1012
47 901
48 850
49 773
50 757
51 690
52 679
53 678
54 687
55 570
56 567
57 476
58 527
59 472
60 425
61 394
62 387
63 354
64 346
65 322
66 293
67 254
68 296
69 263
70 273
71 246
72 268
73 272
74 218
75 242
76 236
77 237
78 241
79 214
80 198
81 208
82 156
83 173
84 183
85 203
86 208
87 281
88 306
89 354
90 470
91 605
92 788
93 1069
94 1399
95 1785
96 2185
97 2976
98 3843
99 4915
100 6373
101 8144
102 10222
103 12476
104 15307
105 18904
106 22723
107 26937
108 32344
109 37865
110 43936
111 50917
112 58267
113 66585
114 75258
115 84126
116 93206
117 102251
118 112558
119 121413
120 129602
121 136867
122 144549
123 150124
124 156303
125 160124
126 162672
127 165133
128 165154
129 164159
130 163008
131 159543
132 156698
133 150322
134 143819
135 137157
136 129354
137 121274
138 113092
139 103750
140 96128
141 87359
142 79187
143 70541
144 63193
145 56303
146 49727
147 43253
148 37773
149 32982
150 28469
151 24285
152 20798
153 16878
154 14312
155 11542
156 9542
157 7934
158 6507
159 5317
160 4246
161 3464
162 2794
163 2152
164 1745
165 1375
166 1095
167 881
168 700
169 528
170 388
171 306
172 203
173 161
174 128
175 99
176 77
177 54
178 45
179 47
180 29
181 29
182 26
183 27
184 9
185 11
186 14
187 18
188 17
189 18
190 24
191 20
192 20
193 28
194 31
195 29
196 39
197 21
198 31
199 35
200 36
201 42
202 39
203 35
204 38
205 29
206 28
207 28
208 38
209 44
210 52
211 37
212 46
213 43
214 45
215 44
216 51
217 62
218 64
219 89
220 71
221 93
222 92
223 98
224 112
225 103
226 111
227 110
228 150
229 171
230 180
231 185
232 187
233 242
234 222
235 251
236 274
237 302
238 339
239 352
240 332
241 379
242 448
243 462
244 481
245 532
246 535
247 540
248 527
249 585
250 573
251 624
252 602
253 616
254 602
255 645
256 603
257 628
258 625
259 686
260 637
261 663
262 673
263 650
264 593
265 569
266 572
267 576
268 523
269 560
270 494
271 455
272 433
273 412
274 393
275 383
276 318
277 308
278 298
279 243
280 241
281 214
282 191
283 181
284 187
285 182
286 157
287 128
288 134
289 134
290 139
291 102
292 84
293 56
294 56
295 54
296 32
297 33
298 27
299 20
300 24
301 16
302 15
303 16
304 16
305 14
306 16
307 9
308 12
309 6
310 11
311 14
312 8
313 9
314 6
315 2
316 4
317 7
318 3
319 7
320 3
321 3
322 5
323 3
324 1
325 2
326 2
327 1
328 1
329 3
330 1
331 4
332 3
333 1
334 2
335 6
336 10
337 4
338 6
339 6
340 7
341 5
342 6
343 9
344 12
345 6
346 9
347 11
348 15
349 24
350 21
351 19
352 20
353 17
354 24
355 17
356 21
357 21
358 28
359 42
360 26
361 40
362 38
363 41
364 51
365 39
366 51
367 38
368 38
369 33
370 43
371 49
372 37
373 53
374 40
375 61
376 50
377 64
378 70
379 72
380 88
381 87
382 99
383 96
384 101
385 115
386 99
387 107
388 101
389 95
390 82
391 105
392 96
393 100
394 93
395 75
396 93
397 92
398 99
399 96
400 93
401 85
402 79
403 87
404 80
405 66
406 63
407 75
408 46
409 43
410 44
411 42
412 32
413 32
414 23
415 38
416 28
417 18
418 25
419 28
420 34
421 24
422 17
423 26
424 20
425 21
426 23
427 20
428 21
429 31
430 15
431 18
432 16
433 14
434 15
435 18
436 23
437 11
438 12
439 14
440 10
441 12
442 12
443 10
444 10
445 14
446 9
447 10
448 14
449 12
450 23
451 14
452 17
453 19
454 18
455 22
456 16
457 19
458 17
459 18
460 20
461 17
462 17
463 20
464 17
465 30
466 24
467 21
468 23
469 25
470 21
471 23
472 37
473 30
474 26
475 24
476 33
477 39
478 48
479 64
480 54
481 53
482 69
483 61
484 67
485 75
486 78
487 86
488 82
489 92
490 76
491 94
492 93
493 91
494 91
495 82
496 105
497 103
498 126
499 130
500 117
501 132
502 136
503 115
504 110
505 119
506 114
507 103
508 103
509 144
510 134
511 126
512 110
513 125
514 123
515 117
516 110
517 122
518 103
519 93
520 79
521 80
522 87
523 76
524 99
525 91
526 107
527 86
528 84
529 89
530 84
531 82
532 72
533 93
534 86
535 70
536 69
537 84
538 66
539 78
540 47
541 59
542 48
543 48
544 59
545 35
546 36
547 48
548 38
549 32
550 42
551 52
552 43
553 29
554 46
555 43
556 35
557 29
558 34
559 32
560 26
561 40
562 29
563 34
564 25
565 27
566 32
567 23
568 22
569 27
570 26
571 26
572 16
573 22
574 15
575 17
576 15
577 9
578 16
579 15
580 6
581 12
582 16
583 7
584 5
585 5
586 11
587 5
588 7
589 7
590 5
591 8
592 11
593 5
594 6
595 7
596 10
597 11
598 3
599 3
600 6
601 7
602 6
603 6
604 7
605 4
606 5
607 1
608 4
609 5
610 4
613 3
614 8
615 5
616 10
617 5
618 8
619 5
620 5
621 4
622 4
623 6
624 3
625 5
626 5
627 7
628 8
629 3
630 7
631 3
632 2
633 3
634 3
635 1
636 2
637 2
640 2
641 1
642 2
643 4
646 3
648 1
649 1
650 1
651 1
652 2
653 3
658 1
660 1
661 3
663 1
664 3
665 1
666 1
667 1
668 2
669 1
671 1
672 1
673 1
674 1
675 4
678 1
679 1
692 1
697 1
700 1
702 1
703 1
706 1
723 1
724 1
728 1
731 1
735 1
736 1
737 1
738 1
740 2
742 1
745 1
756 1
778 1
779 1
783 1
784 1
788 2
791 1
792 1
793 1
794 1
796 1
798 2
800 1
803 1
804 2
806 1
807 1
809 1
860 1
864 1
865 1
886 1
911 1
923 1
933 1
1007 1
1010 1
1017 1
1018 1
1021 2
1023 1
1028 1
1034 1
1044 1
1045 1
1047 1
1051 1
1055 1
1133 1
1137 1
1138 1
1140 1
1143 1
1150 1
1159 1
1180 1
1185 1
1187 1
1264 1
1389 1
1567 1
2303 1
2554 1
2559 2
2561 1
2699 1
2704 2
2705 1
2965 1
2974 1
3095 1
