1 6450067
2 3705023
3 1928656
4 1029823
5 626585
6 451746
7 337390
8 237979
9 155456
10 90599
11 49533
12 25830
13 13007
14 6715
15 4309
16 3270
17 4015
18 6412
19 10716
20 18022
21 29080
22 43633
23 63240
24 89678
25 122303
26 157319
27 198079
28 238783
29 281605
30 320020
31 346854
32 366758
33 379146
34 381412
35 371980
36 354493
37 329168
38 296220
39 263456
40 228485
41 192119
42 159945
43 130138
44 103986
45 80353
46 61514
47 45891
48 33309
49 24239
50 17498
51 12231
52 8419
53 5822
54 3972
55 2822
56 2064
57 1731
58 1582
59 1620
60 1596
61 1772
62 1776
63 1950
64 1945
65 2098
66 1994
67 2069
68 1923
69 1788
70 1834
71 1681
72 1433
73 1357
74 1185
75 1106
76 1083
77 917
78 809
79 713
80 617
81 616
82 513
83 517
84 502
85 456
86 473
87 451
88 409
89 426
90 421
91 400
92 387
93 391
94 397
95 470
96 515
97 536
98 528
99 568
100 624
101 597
102 593
103 631
104 606
105 578
106 653
107 607
108 619
109 603
110 607
111 512
112 537
113 446
114 434
115 406
116 391
117 367
118 333
119 373
120 325
121 331
122 281
123 274
124 248
125 265
126 265
127 271
128 264
129 273
130 289
131 282
132 260
133 267
134 279
135 250
136 238
137 187
138 209
139 200
140 211
141 181
142 199
143 155
144 144
145 141
146 109
147 111
148 123
149 127
150 137
151 145
152 155
153 142
154 124
155 135
156 136
157 142
158 126
159 114
160 140
161 158
162 174
163 177
164 185
165 155
166 159
167 145
168 143
169 151
170 139
171 107
172 124
173 124
174 142
175 127
176 116
177 123
178 115
179 99
180 115
181 100
182 112
183 97
184 116
185 69
186 68
187 61
188 60
189 64
190 71
191 73
192 63
193 83
194 71
195 54
196 34
197 44
198 45
199 33
200 29
201 32
202 28
203 19
204 20
205 20
206 22
207 15
208 18
209 19
210 16
211 24
212 10
213 12
214 20
215 18
216 23
217 8
218 13
219 8
220 9
221 13
222 18
223 11
224 13
225 18
226 16
227 14
228 16
229 15
230 12
231 13
232 14
233 17
234 23
235 15
236 13
237 4
238 5
239 5
240 7
241 13
242 12
243 11
244 12
245 11
246 14
247 16
248 11
249 6
250 7
251 9
252 6
253 9
254 3
255 3
256 10
257 5
258 6
259 6
260 7
261 13
262 4
263 6
264 8
265 6
266 9
267 6
268 10
269 6
270 9
271 6
272 10
273 1
274 4
275 11
276 6
277 9
278 6
279 7
280 6
282 4
283 6
284 7
285 6
286 8
287 9
288 7
289 6
290 8
291 10
292 9
293 10
294 5
295 2
296 3
297 4
298 12
299 8
300 8
301 5
302 9
303 8
304 6
305 6
306 8
307 6
308 4
309 12
310 6
311 3
312 12
313 6
314 9
315 6
316 3
317 3
318 3
319 2
320 2
321 4
322 6
323 5
324 4
325 6
326 10
327 5
328 1
329 13
330 5
331 2
332 6
333 2
334 4
335 3
336 5
337 2
338 3
339 4
340 5
341 4
342 4
343 3
344 5
345 9
346 6
347 4
348 4
349 3
350 7
351 7
353 3
354 9
355 3
356 5
357 4
358 5
359 4
360 3
361 4
362 4
363 2
364 3
365 2
366 8
367 7
368 3
369 2
370 1
371 7
372 1
373 2
374 1
375 2
376 2
378 3
379 3
380 1
381 1
382 1
383 2
384 4
385 4
386 2
387 1
389 2
390 6
391 1
392 1
393 3
394 1
395 2
396 2
397 3
398 1
400 1
401 1
402 1
403 1
404 3
407 3
408 5
409 8
410 9
411 4
412 3
413 1
414 2
415 2
416 2
417 2
418 2
419 2
420 4
421 2
422 1
423 4
424 1
425 4
426 3
427 5
428 3
429 4
430 3
431 5
432 2
433 3
434 5
435 4
436 7
437 3
438 1
439 1
440 5
441 6
442 4
443 2
444 1
445 2
446 1
447 1
448 3
449 2
451 3
452 4
453 2
454 2
455 2
456 4
457 6
458 3
459 2
460 3
461 1
462 3
463 2
464 2
465 2
466 1
467 1
468 1
469 4
470 1
472 1
473 3
474 4
475 1
476 2
477 3
478 5
479 3
480 1
481 1
482 1
483 3
485 1
487 1
488 1
491 1
492 1
495 2
497 2
499 1
500 1
502 4
503 3
504 3
505 2
506 1
507 2
508 1
509 1
510 2
512 1
513 2
514 1
515 2
516 3
517 3
518 3
519 1
520 3
521 3
522 2
523 1
524 3
525 2
526 2
528 1
529 1
530 2
534 1
535 1
536 3
537 3
538 1
539 3
540 2
541 2
542 4
543 4
544 1
545 3
546 2
547 1
548 4
549 3
550 1
551 1
553 2
554 2
555 2
556 4
557 2
558 1
559 1
561 1
563 1
565 1
568 1
570 1
572 2
573 1
575 1
576 1
577 1
578 2
584 1
585 1
586 3
588 2
593 1
596 1
597 3
598 1
599 2
600 2
602 1
611 1
613 1
617 1
618 1
619 1
620 1
629 1
631 1
632 2
633 2
634 1
635 1
636 1
637 1
638 2
640 2
641 3
643 3
656 2
658 1
664 1
672 1
693 1
696 1
697 1
698 1
701 1
705 1
707 1
710 1
723 1
731 1
742 1
743 1
744 1
749 1
752 1
759 2
760 2
762 1
763 1
765 2
773 1
774 1
777 1
782 1
787 2
789 1
790 1
793 1
797 1
798 1
799 1
800 1
801 1
803 2
805 1
806 2
811 1
816 2
819 1
821 1
822 2
824 1
826 1
827 1
828 2
835 1
838 1
840 1
841 1
842 1
846 1
848 1
850 1
851 1
859 1
865 1
868 1
874 1
875 1
878 1
891 2
892 1
893 1
894 1
896 1
900 1
902 1
903 1
910 1
924 1
927 1
928 1
929 3
931 1
932 3
933 1
934 1
937 1
938 1
939 1
941 1
942 1
945 2
947 2
948 2
949 2
951 1
952 2
953 1
956 1
958 2
960 2
965 1
968 1
969 3
971 1
977 1
978 2
980 1
981 1
982 2
986 2
990 1
991 1
992 1
998 1
1001 2
1002 1
1005 1
1006 1
1015 1
1016 1
1017 1
1018 1
1020 1
1023 1
1027 1
1028 2
1031 1
1032 1
1033 1
1035 2
1051 2
1054 1
1056 1
1058 1
1059 2
1062 1
1064 1
1065 1
1077 1
1080 1
1082 3
1084 1
1089 1
1091 1
1095 1
1097 1
1098 1
1108 1
1115 1
1118 1
1119 2
1122 1
1124 1
1127 2
1128 1
1130 1
1131 2
1132 1
1133 1
1134 1
1138 1
1142 1
1143 2
1144 2
1146 1
1149 2
1156 2
1164 2
1166 1
1170 2
1171 1
1172 1
1178 1
1183 1
1184 1
1188 1
1190 1
1191 1
1193 1
1194 1
1197 1
1199 1
1202 1
1216 1
1217 1
1221 1
1225 2
1226 1
1227 1
1231 1
1232 1
1233 1
1239 1
1244 1
1246 1
1247 1
1252 3
1253 1
1254 1
1255 1
1257 1
1258 1
1263 1
1264 1
1272 2
1275 1
1277 1
1278 2
1279 1
1295 1
1296 1
1297 1
1298 1
1299 1
1300 2
1305 1
1307 1
1311 1
1318 1
1324 1
1326 1
1330 1
1331 2
1333 2
1339 1
1342 1
1343 1
1350 1
1355 1
1358 2
1359 1
1361 2
1362 1
1363 1
1365 2
1375 1
1388 1
1391 2
1421 1
1469 1
1475 1
1477 2
1482 1
1486 1
1490 1
1503 1
1507 1
1511 1
1517 1
1518 1
1520 1
1526 1
1544 1
1546 1
1552 1
1556 1
1557 1
1563 1
1571 1
1575 1
1585 1
1586 1
1589 1
1590 1
1600 2
1604 1
1605 1
1607 1
1613 2
1615 1
1624 1
1626 1
1639 1
1658 1
1659 1
1664 1
1669 1
1672 1
1701 1
1901 1
1933 1
1936 1
1982 1
2006 1
2015 1
2022 1
2029 1
2034 1
2036 1
2039 1
2062 1
