1 2350695
2 3287189
3 3344477
4 2989825
5 2649681
6 2459500
7 2307422
8 2100621
9 1796145
10 1421866
11 1060554
12 731720
13 478906
14 296783
15 177368
16 99441
17 56973
18 32301
19 19447
20 12279
21 8656
22 6741
23 5178
24 4419
25 3846
26 3298
27 2923
28 2858
29 2512
30 2304
31 2278
32 2092
33 2057
34 1981
35 1891
36 1719
37 1526
38 1365
39 1224
40 1069
41 1009
42 850
43 725
44 682
45 496
46 409
47 350
48 395
49 338
50 300
51 322
52 299
53 251
54 254
55 232
56 255
57 231
58 239
59 239
60 228
61 234
62 199
63 176
64 203
65 194
66 222
67 173
68 159
69 151
70 181
71 152
72 160
73 148
74 158
75 154
76 112
77 135
78 89
79 105
80 72
81 86
82 82
83 72
84 81
85 67
86 52
87 80
88 62
89 57
90 50
91 41
92 46
93 44
94 47
95 52
96 49
97 23
98 35
99 29
100 22
101 22
102 16
103 17
104 9
105 13
106 20
107 12
108 20
109 21
110 17
111 5
112 13
113 9
114 8
115 7
116 7
117 3
118 11
119 5
120 6
121 13
122 12
123 5
124 9
125 7
126 5
127 8
128 8
129 11
130 4
131 3
132 1
133 2
134 4
135 4
136 6
137 6
138 9
139 6
140 8
141 8
142 4
143 5
144 8
145 6
146 9
147 9
148 10
149 5
150 9
151 6
152 9
153 4
154 4
155 5
156 3
157 3
158 3
159 4
160 1
161 3
162 1
163 5
164 3
165 7
166 3
167 13
168 4
169 2
170 2
172 1
173 1
175 1
176 1
178 1
179 2
180 6
181 1
182 6
183 4
184 7
185 6
186 5
187 3
188 3
189 1
190 4
191 1
193 1
194 4
195 1
196 3
197 1
198 3
199 2
200 4
201 1
202 5
203 5
204 4
205 2
206 2
207 3
208 4
209 3
210 2
211 1
212 2
213 5
214 6
215 7
216 2
217 1
218 3
219 2
220 1
221 1
222 2
223 2
224 1
225 5
226 6
227 8
228 4
229 9
230 3
231 3
232 5
233 1
234 4
235 4
236 3
237 2
238 3
240 1
242 3
245 2
246 4
249 4
250 1
251 1
253 1
254 2
255 2
257 1
258 1
259 1
261 2
263 1
264 1
265 1
266 1
269 1
270 3
271 1
272 3
273 2
275 2
276 1
277 3
278 2
280 1
281 2
283 1
284 1
285 4
286 1
287 4
288 1
291 1
292 3
293 1
295 1
297 1
300 1
302 2
304 1
306 1
309 1
310 1
311 2
317 1
319 1
320 1
327 1
329 1
330 1
331 1
332 2
337 2
340 1
342 1
343 2
344 1
346 3
347 1
348 3
350 4
352 1
369 1
380 1
381 1
386 1
387 2
391 3
392 1
395 2
699 1
704 1
705 1
708 1
709 1
712 1
714 1
715 2
717 1
