1 5137999
2 4136285
3 2921076
4 1938061
5 1205997
6 721588
7 451634
8 339625
9 310317
10 299751
11 284239
12 251077
13 209638
14 162668
15 118185
16 79679
17 51808
18 30577
19 18244
20 11022
21 6442
22 3691
23 2298
24 1576
25 1093
26 896
27 654
28 572
29 390
30 357
31 249
32 221
33 217
34 306
35 430
36 755
37 1195
38 1925
39 2951
40 4526
41 6649
42 9617
43 13660
44 18804
45 25843
46 33868
47 44505
48 57113
49 71718
50 88295
51 106510
52 126171
53 146609
54 168705
55 189221
56 208629
57 227305
58 243435
59 257100
60 266270
61 273608
62 274621
63 272358
64 267249
65 258570
66 246941
67 230859
68 214835
69 197784
70 180260
71 163133
72 143915
73 126292
74 109550
75 92666
76 78118
77 65510
78 54358
79 45034
80 36920
81 29712
82 23526
83 18689
84 14354
85 10978
86 8661
87 6670
88 4949
89 3729
90 2627
91 1972
92 1379
93 1026
94 783
95 578
96 463
97 311
98 293
99 254
100 229
101 232
102 262
103 271
104 307
105 361
106 430
107 516
108 615
109 648
110 714
111 820
112 923
113 910
114 1066
115 1157
116 1189
117 1190
118 1254
119 1289
120 1296
121 1342
122 1418
123 1349
124 1365
125 1278
126 1300
127 1273
128 1216
129 1193
130 1202
131 1058
132 978
133 950
134 835
135 802
136 816
137 716
138 604
139 536
140 513
141 460
142 412
143 339
144 291
145 242
146 249
147 202
148 168
149 165
150 160
151 124
152 94
153 107
154 110
155 107
156 125
157 119
158 134
159 119
160 144
161 147
162 138
163 133
164 161
165 158
166 172
167 226
168 211
169 222
170 250
171 285
172 266
173 300
174 317
175 343
176 367
177 406
178 386
179 387
180 416
181 439
182 416
183 354
184 362
185 357
186 365
187 362
188 364
189 352
190 386
191 397
192 387
193 392
194 357
195 348
196 317
197 331
198 304
199 270
200 289
201 283
202 276
203 279
204 259
205 245
206 223
207 243
208 258
209 241
210 244
211 231
212 226
213 201
214 203
215 209
216 182
217 171
218 184
219 145
220 160
221 138
222 146
223 152
224 126
225 151
226 121
227 106
228 123
229 127
230 129
231 128
232 134
233 138
234 124
235 151
236 178
237 172
238 156
239 144
240 146
241 171
242 184
243 169
244 142
245 174
246 169
247 183
248 167
249 164
250 165
251 151
252 152
253 169
254 164
255 131
256 126
257 123
258 97
259 90
260 86
261 76
262 90
263 82
264 78
265 74
266 69
267 66
268 49
269 49
270 44
271 43
272 63
273 45
274 51
275 57
276 41
277 50
278 39
279 36
280 42
281 34
282 40
283 51
284 47
285 50
286 57
287 57
288 71
289 66
290 77
291 81
292 88
293 74
294 97
295 106
296 108
297 105
298 106
299 108
300 126
301 106
302 132
303 119
304 114
305 125
306 112
307 116
308 91
309 96
310 81
311 82
312 107
313 90
314 97
315 96
316 117
317 84
318 112
319 106
320 105
321 87
322 94
323 83
324 61
325 71
326 69
327 55
328 45
329 47
330 53
331 46
332 45
333 37
334 25
335 25
336 25
337 22
338 13
339 17
340 16
341 11
342 15
343 18
344 19
345 17
346 15
347 26
348 16
349 19
350 23
351 25
352 30
353 33
354 23
355 21
356 17
357 15
358 11
359 13
360 12
361 11
362 12
363 9
364 19
365 7
366 12
367 15
368 15
369 10
370 16
371 15
372 9
373 15
374 6
375 7
376 6
377 10
378 12
379 17
380 14
381 15
382 10
383 25
384 10
385 12
386 23
387 9
388 15
389 12
390 11
391 8
392 9
393 8
394 5
395 7
396 15
397 8
398 9
399 4
400 8
401 10
402 7
403 11
404 12
405 5
406 3
407 5
408 3
409 9
410 1
411 5
412 6
413 7
414 4
415 10
416 8
417 7
418 11
419 7
420 11
421 17
422 12
423 9
424 6
425 12
426 13
427 6
428 11
429 8
430 8
431 8
432 13
433 9
434 14
435 6
436 12
437 5
438 5
439 9
440 5
441 4
442 9
443 3
444 4
445 3
446 1
447 8
448 6
449 3
450 6
451 8
452 4
453 2
454 1
455 4
456 4
457 3
458 3
459 4
460 5
461 4
462 1
463 3
464 4
465 3
466 2
467 2
468 3
469 2
470 4
471 4
472 4
473 2
474 5
475 6
476 5
477 6
478 11
479 7
480 4
481 1
482 4
483 6
484 3
485 8
486 7
487 3
488 6
489 1
490 5
491 3
492 3
493 8
494 6
495 7
496 10
497 6
498 2
499 9
500 5
501 2
502 4
503 1
504 4
505 2
506 4
507 8
508 2
509 2
510 4
511 5
512 3
513 3
514 6
515 5
516 5
517 5
518 6
519 1
520 4
521 2
522 2
523 2
524 3
525 1
527 2
528 1
529 1
530 1
532 1
534 3
535 3
536 1
537 2
538 2
539 2
540 3
541 3
542 5
543 1
544 4
545 4
546 4
547 5
548 4
549 1
550 7
551 7
552 7
553 8
554 6
555 3
556 3
557 4
558 3
559 5
560 3
561 2
562 5
563 2
565 2
567 2
568 1
569 3
570 5
571 1
572 1
573 2
574 1
576 1
577 1
578 2
579 4
580 3
581 1
582 1
583 3
584 2
586 3
587 4
588 3
589 1
590 2
592 1
593 2
594 2
596 3
597 4
598 5
599 2
600 6
601 5
602 3
603 2
604 3
606 4
607 6
608 2
609 3
610 4
611 1
612 5
613 3
614 6
615 4
616 8
617 5
618 6
619 8
620 6
621 3
622 6
623 5
624 3
625 2
626 2
627 2
628 4
629 1
630 3
632 3
633 2
634 2
635 2
636 3
637 1
638 1
639 1
640 2
641 2
642 2
643 1
644 1
645 1
646 2
647 4
648 2
649 7
650 1
651 2
652 2
654 1
655 2
656 1
657 3
658 1
659 4
661 2
662 1
663 1
664 4
665 2
667 1
668 2
669 3
670 5
671 2
672 2
673 1
674 2
675 3
676 5
677 3
678 3
679 4
680 1
681 1
682 1
684 1
686 2
687 1
689 3
690 2
691 1
692 3
693 3
694 1
695 1
696 1
699 1
702 3
703 1
705 2
707 2
709 1
710 1
713 1
716 1
718 1
719 1
722 1
726 1
731 2
734 2
735 1
736 3
738 3
740 4
741 1
742 2
743 1
744 7
745 5
746 1
747 2
748 3
753 1
754 2
755 2
756 1
757 1
758 1
759 2
760 1
761 1
762 1
764 1
765 1
766 3
767 2
768 2
769 4
770 1
772 2
773 1
774 2
775 1
776 2
777 1
779 4
780 5
782 4
784 1
785 2
786 1
787 1
789 1
790 1
791 2
792 2
793 3
794 1
796 4
797 1
798 2
800 2
801 1
802 2
803 2
804 3
805 2
807 1
808 3
809 2
810 3
811 1
812 2
813 1
814 2
815 1
816 1
817 1
818 1
819 2
820 2
821 1
822 1
823 3
825 1
828 1
830 2
831 1
832 1
835 2
836 1
837 3
841 4
842 2
843 2
845 2
846 1
847 1
848 1
849 1
850 1
852 1
853 2
856 2
857 3
858 1
860 1
861 2
862 3
863 4
864 6
866 3
867 1
868 4
869 1
870 1
871 1
872 3
873 1
874 1
875 2
876 1
877 2
878 1
879 1
880 1
892 1
894 2
897 5
898 3
899 4
900 1
902 1
905 1
909 1
910 1
911 1
912 1
914 3
916 1
917 2
919 1
923 1
924 1
925 1
926 1
930 1
931 1
935 1
937 1
940 1
941 3
943 1
944 3
947 1
953 1
956 1
960 1
961 1
963 4
964 3
965 1
966 1
967 2
968 1
969 2
971 1
973 2
975 1
976 3
979 1
981 2
982 2
983 1
984 1
985 4
988 1
990 2
993 1
994 2
995 1
998 1
1000 1
1001 1
1002 2
1005 2
1006 1
1007 1
1009 1
1012 1
1016 1
1024 1
1027 1
1029 1
1031 1
1033 3
1034 2
1035 2
1036 2
1040 1
1041 2
1042 1
1045 1
1046 1
1047 2
1048 1
1049 1
1050 1
1052 1
1054 2
1059 2
1060 1
1061 1
1065 2
1067 1
1068 1
1077 1
1081 4
1082 1
1085 1
1090 2
1092 2
1093 2
1094 1
1095 2
1097 1
1098 1
1099 1
1100 1
1102 1
1106 1
1118 1
1143 1
1147 1
1148 1
1149 2
1152 4
1153 2
1154 1
1155 2
1156 1
1157 1
1159 1
1169 2
1191 1
1203 2
1205 1
1219 1
1225 1
1229 1
1236 1
1240 1
1247 1
1248 1
1271 1
1290 1
1299 1
1319 1
1322 1
1327 1
1336 1
1343 2
1364 1
1367 1
1385 1
1388 1
1389 2
1392 1
1396 1
1404 1
1409 1
1413 2
1415 1
1417 1
1419 1
1428 1
1448 1
1455 1
1466 1
1474 1
1475 2
1478 1
1480 1
1482 1
1484 1
1486 1
1487 1
1490 1
1498 1
1504 1
1505 1
1537 1
1538 1
1539 1
1541 1
1542 1
1544 1
1545 1
1555 2
1561 1
1562 1
1564 2
1568 1
1569 1
1576 1
1578 1
1585 1
1600 1
1604 1
1607 1
1614 1
1620 2
1628 1
1633 1
1656 1
1657 1
1666 1
1668 1
1669 1
1674 1
1706 1
1714 1
1716 1
1718 1
1720 1
1730 1
1745 1
1762 1
1763 2
1765 2
1768 1
1771 2
1776 1
1784 1
1786 2
1787 1
1788 2
1789 1
1790 2
1792 1
1793 1
1796 1
1800 1
1801 2
1803 3
1805 1
1807 1
1809 3
1810 1
1811 1
1813 2
1814 1
1817 1
1819 1
1820 1
1822 1
1827 1
1830 1
1844 1
1855 1
1858 1
1862 1
1863 1
1870 1
1886 1
1887 2
1888 1
1894 1
1895 1
1903 1
1904 1
1906 1
1911 1
1913 1
1914 1
1917 2
1918 1
1922 2
1932 1
1937 1
1939 1
1959 1
1976 2
1977 1
1980 1
1984 1
1987 1
1990 2
1991 1
1997 1
1998 1
1999 1
2000 1
2003 1
2046 1
2057 1
2060 1
2070 1
2076 1
2079 2
2080 2
2084 1
2088 1
2095 1
2096 1
2107 1
2115 1
2121 1
2123 2
2124 1
2125 1
2126 1
2127 2
2128 1
2131 1
2133 1
2134 1
2135 1
2143 1
2144 1
2161 1
2165 1
2168 1
2171 1
2175 1
2178 2
2194 1
2195 1
2202 1
2203 2
2205 1
2206 1
2207 1
2211 1
2212 1
2214 1
2217 1
2219 1
2222 1
2224 1
2225 1
2227 1
2233 2
2235 1
2237 1
2238 2
2240 1
2249 2
2274 1
2284 1
2314 1
2316 1
2317 1
2318 1
2321 1
2328 1
2330 1
2335 1
2341 1
2342 1
2354 1
2360 1
2361 1
2363 1
2364 2
2380 2
2382 1
2384 1
2387 1
2390 1
2398 1
2400 1
2403 1
2411 2
2412 1
2419 1
2421 1
2429 1
2434 1
2437 1
2438 1
2440 1
2441 1
2442 1
2445 1
2447 2
2463 1
2469 1
2470 1
2482 1
2487 1
2488 2
2494 1
2499 1
2513 1
2547 1
2571 1
2574 1
2611 1
2698 1
2711 1
2719 1
2729 1
2730 1
2732 1
2737 1
2753 1
2754 1
2770 1
2775 1
2780 1
2781 1
2783 1
2786 1
2787 1
2800 1
2818 1
2843 1
2844 1
2854 1
2861 1
2887 1
2909 1
2915 2
2918 1
2921 1
2963 1
2969 1
2971 1
2973 2
2974 1
2977 1
2980 1
3007 1
3024 1
3072 1
3083 1
3087 1
3134 1
3519 1
3545 1
3547 1
3552 2
3553 1
3555 1
3567 1
3602 1
3659 1
3660 1
3717 1
