1 1882475
2 2502485
3 2540117
4 2438781
5 2409141
6 2389110
7 2260399
8 1966064
9 1561057
10 1143614
11 774212
12 493600
13 293469
14 168896
15 93853
16 51986
17 30466
18 18400
19 12424
20 9012
21 6979
22 5681
23 4599
24 3802
25 3460
26 3164
27 2811
28 2432
29 2100
30 1854
31 1610
32 1461
33 1268
34 1134
35 1071
36 1014
37 838
38 894
39 798
40 683
41 634
42 575
43 578
44 525
45 475
46 410
47 433
48 402
49 390
50 410
51 311
52 306
53 309
54 324
55 345
56 405
57 523
58 655
59 782
60 1023
61 1416
62 1972
63 2773
64 3727
65 5204
66 6724
67 9563
68 12384
69 16028
70 20327
71 25756
72 32010
73 39670
74 48544
75 58701
76 69518
77 80892
78 92502
79 105450
80 119580
81 132867
82 145677
83 157999
84 168621
85 177810
86 185299
87 191698
88 194929
89 196898
90 196382
91 194818
92 190783
93 184326
94 176708
95 167693
96 157050
97 145900
98 133581
99 120808
100 108682
101 97194
102 86014
103 74941
104 64911
105 55738
106 47124
107 39736
108 33162
109 27392
110 22351
111 18382
112 15047
113 11817
114 9244
115 7300
116 5553
117 4205
118 3147
119 2468
120 1854
121 1424
122 1001
123 821
124 600
125 405
126 326
127 258
128 181
129 115
130 80
131 45
132 46
133 39
134 43
135 32
136 36
137 43
138 58
139 65
140 55
141 59
142 65
143 76
144 91
145 87
146 113
147 109
148 106
149 118
150 145
151 141
152 143
153 134
154 191
155 217
156 249
157 271
158 281
159 253
160 292
161 291
162 363
163 383
164 401
165 422
166 468
167 459
168 535
169 574
170 603
171 652
172 660
173 666
174 675
175 723
176 746
177 728
178 730
179 752
180 773
181 844
182 838
183 843
184 778
185 718
186 682
187 642
188 658
189 607
190 640
191 555
192 542
193 537
194 489
195 441
196 361
197 323
198 283
199 248
200 240
201 223
202 216
203 205
204 188
205 150
206 116
207 100
208 92
209 77
210 55
211 47
212 45
213 39
214 42
215 20
216 21
217 19
218 22
219 21
220 26
221 14
222 8
223 6
224 8
225 9
226 12
227 14
228 6
229 13
230 3
231 8
232 5
233 2
234 7
235 7
236 6
237 9
238 7
239 11
240 8
241 6
242 6
243 12
244 11
245 13
246 11
247 23
248 21
249 30
250 43
251 34
252 45
253 48
254 42
255 59
256 60
257 77
258 77
259 98
260 99
261 91
262 112
263 114
264 117
265 116
266 109
267 125
268 123
269 99
270 117
271 98
272 120
273 117
274 71
275 96
276 110
277 121
278 109
279 117
280 104
281 79
282 68
283 87
284 83
285 91
286 80
287 69
288 70
289 74
290 70
291 67
292 78
293 77
294 45
295 49
296 53
297 42
298 44
299 31
300 35
301 32
302 35
303 33
304 25
305 21
306 20
307 18
308 18
309 30
310 22
311 21
312 33
313 46
314 30
315 31
316 31
317 35
318 43
319 34
320 43
321 40
322 40
323 41
324 48
325 41
326 31
327 37
328 27
329 36
330 31
331 55
332 46
333 65
334 61
335 78
336 79
337 105
338 104
339 113
340 109
341 113
342 107
343 125
344 129
345 114
346 107
347 141
348 101
349 120
350 106
351 135
352 156
353 144
354 159
355 147
356 156
357 142
358 175
359 154
360 154
361 178
362 148
363 178
364 121
365 143
366 131
367 133
368 138
369 128
370 105
371 98
372 107
373 92
374 114
375 104
376 127
377 110
378 117
379 85
380 98
381 83
382 83
383 55
384 66
385 48
386 63
387 58
388 47
389 37
390 46
391 35
392 33
393 35
394 29
395 36
396 30
397 26
398 25
399 22
400 25
401 23
402 29
403 30
404 23
405 25
406 24
407 30
408 27
409 23
410 21
411 31
412 20
413 19
414 24
415 29
416 24
417 27
418 25
419 17
420 25
421 18
422 11
423 11
424 4
425 4
426 5
427 5
428 8
429 11
430 2
431 5
432 11
433 5
434 4
435 2
436 7
437 2
438 3
439 5
440 6
441 4
442 5
443 1
444 4
445 4
446 2
447 2
448 3
449 3
450 1
451 6
452 3
453 2
454 4
455 5
456 5
457 3
458 7
460 1
461 4
462 3
464 1
465 3
466 3
467 1
468 1
473 1
474 1
475 2
476 1
477 1
478 1
479 2
480 2
482 1
483 1
488 1
491 2
493 1
494 2
497 2
499 1
507 1
508 1
509 1
510 2
511 3
514 1
531 1
534 1
535 1
537 2
539 1
540 1
541 1
543 2
547 2
548 1
549 1
551 1
554 2
555 2
563 1
578 2
585 1
603 2
631 1
638 1
641 1
703 1
711 2
712 1
716 1
717 1
723 1
728 1
729 1
731 1
733 2
734 1
735 1
737 1
789 2
814 1
815 1
816 2
818 1
819 1
831 1
845 1
887 1
1013 1
1086 1
1627 1
1898 1
1908 1
1910 1
1912 1
2072 1
2093 1
2103 1
2109 1
2110 1
2112 1
2168 1
