1 1489154
2 2155981
3 2274577
4 2168876
5 2102235
6 2132459
7 2154903
8 2062935
9 1838117
10 1512333
11 1147751
12 817057
13 545620
14 346950
15 210206
16 122571
17 71090
18 40616
19 24567
20 15295
21 10441
22 8248
23 6739
24 5741
25 4721
26 4316
27 3962
28 3526
29 2923
30 2627
31 2420
32 2101
33 1831
34 1804
35 1681
36 1438
37 1282
38 1126
39 1123
40 886
41 882
42 786
43 800
44 762
45 662
46 601
47 639
48 536
49 495
50 480
51 457
52 419
53 376
54 348
55 327
56 310
57 316
58 298
59 254
60 278
61 278
62 265
63 295
64 295
65 370
66 308
67 399
68 478
69 589
70 827
71 1034
72 1463
73 2018
74 2795
75 3607
76 4993
77 6529
78 8426
79 11043
80 14053
81 17441
82 21828
83 27065
84 33213
85 40184
86 47320
87 55422
88 65249
89 75436
90 85561
91 97556
92 108829
93 119881
94 131347
95 142851
96 152642
97 161876
98 169026
99 176053
100 181034
101 184528
102 185104
103 184039
104 181362
105 177973
106 172872
107 166912
108 159070
109 150422
110 140513
111 129713
112 119004
113 107780
114 97446
115 87336
116 77531
117 67805
118 58874
119 51086
120 43256
121 37220
122 31610
123 26222
124 21747
125 17755
126 14706
127 11964
128 9856
129 7787
130 6170
131 4985
132 3860
133 2871
134 2205
135 1705
136 1286
137 971
138 717
139 535
140 456
141 297
142 249
143 168
144 132
145 90
146 68
147 56
148 45
149 49
150 36
151 41
152 43
153 59
154 45
155 47
156 44
157 37
158 40
159 44
160 38
161 36
162 45
163 37
164 56
165 71
166 71
167 72
168 66
169 70
170 72
171 79
172 72
173 81
174 105
175 100
176 138
177 120
178 147
179 185
180 192
181 229
182 242
183 264
184 254
185 320
186 302
187 313
188 349
189 387
190 407
191 468
192 495
193 525
194 533
195 574
196 597
197 638
198 651
199 689
200 652
201 687
202 686
203 754
204 799
205 759
206 713
207 759
208 657
209 703
210 682
211 614
212 648
213 643
214 579
215 613
216 604
217 530
218 541
219 500
220 458
221 430
222 391
223 344
224 353
225 281
226 283
227 262
228 179
229 183
230 182
231 183
232 150
233 121
234 98
235 90
236 88
237 48
238 57
239 47
240 44
241 41
242 38
243 47
244 36
245 28
246 25
247 20
248 13
249 15
250 12
251 16
252 12
253 9
254 5
255 14
256 1
257 9
258 10
259 7
260 2
263 3
264 1
265 4
266 7
267 16
268 4
269 2
270 6
271 1
272 8
274 5
275 4
276 9
277 15
278 17
279 13
280 20
281 23
282 31
283 38
284 47
285 46
286 49
287 51
288 62
289 63
290 57
291 52
292 58
293 62
294 68
295 66
296 61
297 88
298 83
299 81
300 71
301 76
302 91
303 74
304 91
305 99
306 95
307 82
308 84
309 75
310 81
311 70
312 91
313 78
314 84
315 87
316 95
317 90
318 87
319 106
320 85
321 74
322 111
323 95
324 86
325 87
326 81
327 63
328 58
329 63
330 73
331 75
332 46
333 57
334 50
335 38
336 33
337 42
338 43
339 51
340 22
341 36
342 31
343 30
344 25
345 24
346 17
347 31
348 21
349 21
350 18
351 21
352 15
353 17
354 16
355 22
356 13
357 12
358 21
359 11
360 17
361 13
362 18
363 17
364 26
365 23
366 25
367 28
368 33
369 33
370 25
371 55
372 41
373 46
374 37
375 55
376 52
377 54
378 68
379 61
380 45
381 65
382 61
383 72
384 68
385 89
386 77
387 82
388 92
389 106
390 109
391 90
392 104
393 89
394 126
395 98
396 110
397 117
398 119
399 111
400 99
401 111
402 146
403 126
404 124
405 138
406 144
407 168
408 130
409 168
410 156
411 142
412 132
413 124
414 116
415 129
416 139
417 129
418 127
419 101
420 137
421 152
422 124
423 125
424 121
425 117
426 106
427 96
428 89
429 93
430 73
431 78
432 76
433 72
434 94
435 68
436 64
437 63
438 43
439 43
440 57
441 37
442 50
443 33
444 40
445 39
446 47
447 28
448 24
449 20
450 26
451 24
452 27
453 26
454 21
455 18
456 33
457 20
458 24
459 24
460 19
461 22
462 13
463 21
464 16
465 25
466 13
467 12
468 9
469 16
470 22
471 15
472 17
473 5
474 10
475 12
476 9
477 5
478 8
479 5
480 12
481 8
482 7
483 5
484 1
485 1
486 7
487 5
488 3
489 2
490 8
491 6
492 7
493 10
494 13
495 15
496 11
497 15
498 3
499 5
500 5
501 9
502 9
503 12
504 6
505 5
506 6
507 12
508 2
509 5
510 5
511 2
512 1
513 11
514 8
515 5
516 6
517 4
518 3
519 4
520 2
521 3
522 5
523 2
524 7
526 1
527 3
528 5
530 1
531 1
532 2
533 1
534 2
535 1
538 1
539 2
542 1
552 2
553 3
555 1
556 1
557 3
558 1
559 1
560 5
561 2
562 1
565 1
566 1
568 2
569 1
572 1
589 2
593 1
606 1
607 2
609 3
612 1
614 1
618 1
619 1
622 1
623 1
628 1
630 1
631 1
632 1
633 1
647 1
648 1
650 2
657 1
662 2
663 1
664 1
671 1
677 2
703 1
711 1
733 1
765 1
788 1
796 2
798 2
846 1
854 1
858 1
862 1
865 1
868 1
874 1
877 1
887 1
908 1
909 1
910 1
916 1
923 1
957 2
959 1
966 1
1023 1
1205 1
1230 1
1881 1
1972 1
1976 1
1982 1
1987 1
2161 1
2165 1
2183 1
2199 1
2345 1
2353 1
2464 1
