1 1678983
2 2302106
3 2409593
4 2282608
5 2253365
6 2285913
7 2231300
8 2034563
9 1717952
10 1343013
11 972937
12 647291
13 412195
14 246841
15 142756
16 81789
17 46480
18 26677
19 16664
20 11570
21 8430
22 6615
23 5308
24 4588
25 4262
26 3767
27 3412
28 2839
29 2472
30 2271
31 2029
32 1736
33 1580
34 1390
35 1275
36 1238
37 1152
38 985
39 861
40 845
41 810
42 687
43 665
44 705
45 571
46 583
47 478
48 421
49 407
50 377
51 358
52 379
53 370
54 328
55 320
56 332
57 272
58 273
59 343
60 354
61 396
62 405
63 513
64 675
65 856
66 1345
67 1816
68 2437
69 3380
70 4311
71 5917
72 7790
73 10065
74 13132
75 17081
76 21355
77 26381
78 32317
79 39673
80 47895
81 57039
82 67470
83 78053
84 90059
85 101856
86 113741
87 125294
88 137520
89 149138
90 159315
91 169393
92 177669
93 183805
94 187472
95 189962
96 190789
97 190203
98 186087
99 182055
100 175543
101 166392
102 158191
103 147471
104 137909
105 126833
106 115462
107 103942
108 92945
109 82147
110 71731
111 61805
112 53343
113 45366
114 38350
115 31960
116 26731
117 21834
118 17770
119 14572
120 11705
121 9368
122 7388
123 5679
124 4318
125 3360
126 2615
127 2066
128 1490
129 1152
130 813
131 614
132 461
133 331
134 262
135 174
136 135
137 104
138 87
139 65
140 41
141 63
142 66
143 38
144 52
145 40
146 33
147 32
148 37
149 20
150 48
151 33
152 40
153 52
154 43
155 65
156 59
157 53
158 43
159 81
160 59
161 69
162 91
163 93
164 120
165 129
166 136
167 167
168 188
169 194
170 199
171 185
172 216
173 274
174 253
175 338
176 364
177 412
178 507
179 472
180 550
181 587
182 626
183 671
184 648
185 724
186 676
187 751
188 707
189 740
190 805
191 831
192 830
193 782
194 802
195 750
196 765
197 748
198 743
199 769
200 711
201 630
202 633
203 573
204 572
205 526
206 446
207 410
208 388
209 342
210 341
211 299
212 284
213 255
214 256
215 244
216 192
217 159
218 164
219 141
220 130
221 91
222 76
223 65
224 42
225 33
226 43
227 36
228 41
229 28
230 25
231 32
232 26
233 22
234 28
235 17
236 15
237 15
238 9
239 10
240 12
241 6
242 7
243 5
244 10
245 6
246 4
247 9
248 10
249 5
250 8
251 4
252 12
253 18
254 7
255 7
256 17
257 15
258 15
259 17
260 25
261 31
262 40
263 26
264 42
265 33
266 56
267 44
268 26
269 38
270 39
271 49
272 38
273 47
274 60
275 60
276 69
277 92
278 74
279 95
280 69
281 75
282 81
283 83
284 76
285 85
286 81
287 72
288 79
289 73
290 78
291 59
292 70
293 76
294 75
295 87
296 86
297 88
298 84
299 91
300 80
301 107
302 105
303 108
304 95
305 101
306 108
307 79
308 95
309 89
310 83
311 61
312 55
313 58
314 54
315 63
316 50
317 39
318 37
319 27
320 29
321 24
322 30
323 26
324 21
325 29
326 23
327 28
328 15
329 18
330 28
331 10
332 18
333 22
334 12
335 15
336 9
337 20
338 21
339 12
340 11
341 15
342 19
343 27
344 25
345 29
346 34
347 47
348 41
349 43
350 54
351 66
352 65
353 60
354 67
355 77
356 89
357 99
358 88
359 95
360 99
361 97
362 93
363 92
364 94
365 84
366 106
367 89
368 109
369 106
370 120
371 104
372 138
373 122
374 125
375 143
376 162
377 152
378 151
379 183
380 159
381 153
382 152
383 128
384 126
385 138
386 121
387 138
388 154
389 141
390 138
391 141
392 124
393 138
394 134
395 135
396 135
397 118
398 101
399 97
400 87
401 76
402 87
403 86
404 102
405 90
406 69
407 82
408 74
409 80
410 71
411 59
412 64
413 51
414 44
415 42
416 39
417 42
418 48
419 39
420 30
421 27
422 27
423 29
424 26
425 31
426 37
427 30
428 30
429 25
430 28
431 21
432 28
433 21
434 27
435 16
436 15
437 19
438 10
439 11
440 10
441 14
442 11
443 13
444 14
445 5
446 11
447 9
448 7
449 7
450 3
451 5
452 3
453 7
454 12
455 4
456 5
457 9
458 8
459 7
460 10
461 12
462 7
463 6
464 13
465 9
466 2
467 5
468 11
469 8
470 5
471 5
472 8
473 5
474 7
475 1
476 3
477 4
478 5
479 4
480 6
481 10
482 5
483 6
484 2
485 2
486 3
487 4
488 5
489 1
490 3
491 4
493 1
494 1
495 5
496 1
498 3
499 1
500 1
501 1
504 1
508 1
510 1
511 1
513 1
518 1
519 1
520 4
521 1
523 1
524 1
529 1
551 1
552 3
553 1
554 1
556 2
558 2
559 3
560 3
561 1
566 1
568 1
569 1
572 1
576 1
577 1
579 1
580 1
581 1
582 1
585 1
587 1
588 1
589 1
597 1
599 1
600 1
602 1
611 1
615 1
652 2
653 1
682 1
685 1
689 1
704 1
724 1
737 1
739 1
740 1
741 1
745 2
754 1
761 1
787 1
801 1
806 1
812 1
816 2
858 1
866 1
885 1
894 1
895 1
899 1
902 1
917 1
925 1
950 1
1049 1
1145 1
1731 1
1854 1
1855 1
1863 1
1864 1
2046 1
2049 1
2056 1
2066 1
2239 1
2247 1
2341 1
