1 1312
2 7067
3 27147
4 79381
5 178850
6 344883
7 565516
8 816785
9 1057719
10 1240755
11 1319881
12 1312248
13 1211237
14 1052315
15 871225
16 701985
17 560269
18 456637
19 389366
20 349839
21 334357
22 340906
23 362524
24 394857
25 435044
26 481847
27 530678
28 577145
29 627354
30 676570
31 714794
32 744015
33 766626
34 772547
35 772806
36 762949
37 739753
38 706180
39 664795
40 622151
41 570551
42 514509
43 460457
44 405653
45 351418
46 302035
47 255029
48 212333
49 174247
50 141695
51 114205
52 91513
53 71883
54 56955
55 44457
56 34497
57 26756
58 20498
59 15844
60 12221
61 10013
62 8331
63 6872
64 5874
65 5187
66 4420
67 4115
68 3933
69 3833
70 3725
71 3438
72 3255
73 3224
74 3232
75 3178
76 3201
77 3081
78 2822
79 2751
80 2641
81 2658
82 2439
83 2386
84 2256
85 2237
86 2086
87 2034
88 1776
89 1652
90 1565
91 1468
92 1383
93 1232
94 1151
95 1108
96 969
97 982
98 966
99 915
100 869
101 903
102 840
103 779
104 746
105 814
106 783
107 761
108 770
109 728
110 727
111 755
112 680
113 687
114 645
115 641
116 634
117 623
118 604
119 572
120 540
121 529
122 502
123 540
124 530
125 569
126 521
127 504
128 407
129 412
130 451
131 414
132 427
133 446
134 464
135 433
136 442
137 435
138 426
139 467
140 444
141 477
142 511
143 520
144 538
145 531
146 510
147 525
148 543
149 562
150 548
151 576
152 554
153 539
154 567
155 542
156 497
157 523
158 504
159 525
160 502
161 480
162 467
163 491
164 458
165 403
166 376
167 389
168 357
169 326
170 295
171 272
172 217
173 198
174 218
175 213
176 208
177 166
178 172
179 145
180 166
181 151
182 176
183 177
184 164
185 179
186 174
187 153
188 150
189 128
190 129
191 112
192 120
193 99
194 140
195 119
196 111
197 133
198 118
199 133
200 112
201 114
202 93
203 80
204 84
205 74
206 82
207 88
208 85
209 99
210 98
211 87
212 93
213 109
214 82
215 82
216 72
217 66
218 72
219 77
220 85
221 73
222 68
223 83
224 70
225 77
226 74
227 67
228 76
229 77
230 90
231 81
232 72
233 74
234 60
235 63
236 59
237 57
238 63
239 57
240 66
241 64
242 56
243 48
244 51
245 40
246 45
247 59
248 52
249 45
250 65
251 55
252 50
253 50
254 46
255 36
256 36
257 45
258 42
259 38
260 30
261 23
262 30
263 49
264 26
265 46
266 36
267 38
268 33
269 46
270 45
271 44
272 53
273 46
274 54
275 42
276 43
277 50
278 60
279 43
280 44
281 57
282 45
283 48
284 48
285 33
286 51
287 55
288 48
289 44
290 32
291 44
292 39
293 44
294 45
295 42
296 45
297 42
298 41
299 44
300 52
301 40
302 40
303 39
304 39
305 34
306 46
307 35
308 45
309 29
310 40
311 45
312 42
313 47
314 43
315 31
316 31
317 34
318 35
319 29
320 38
321 31
322 29
323 27
324 27
325 31
326 33
327 33
328 32
329 26
330 32
331 33
332 28
333 28
334 16
335 30
336 26
337 23
338 24
339 21
340 32
341 32
342 29
343 41
344 28
345 23
346 24
347 23
348 27
349 23
350 34
351 28
352 26
353 32
354 29
355 26
356 23
357 31
358 23
359 33
360 36
361 28
362 31
363 23
364 27
365 34
366 28
367 36
368 29
369 24
370 24
371 24
372 22
373 33
374 37
375 35
376 31
377 22
378 30
379 24
380 23
381 23
382 14
383 8
384 20
385 19
386 16
387 18
388 11
389 24
390 14
391 19
392 18
393 9
394 5
395 16
396 3
397 10
398 7
399 6
400 9
401 8
402 7
403 4
404 7
405 8
406 6
407 9
408 3
409 7
410 6
411 7
412 5
413 6
414 11
415 6
416 13
417 5
418 10
419 10
420 6
421 10
422 9
423 12
424 4
425 12
426 4
427 5
428 7
429 9
430 3
431 7
432 3
433 6
434 7
435 2
436 6
437 3
438 3
439 6
440 9
441 3
442 7
443 9
444 6
445 3
446 8
447 7
448 2
449 4
450 3
451 2
452 2
453 3
454 3
455 2
456 2
457 1
458 1
459 6
460 3
461 1
462 4
463 2
464 2
466 3
467 1
469 2
470 1
471 9
472 4
473 1
474 3
475 1
476 2
477 5
478 2
479 5
480 4
481 1
482 2
484 3
486 1
488 3
489 1
490 2
492 5
493 1
494 5
495 5
496 3
497 5
498 7
499 3
500 3
501 5
502 8
503 5
504 7
505 6
506 3
507 1
508 6
509 3
510 3
511 4
512 2
513 3
514 1
515 1
516 5
517 3
518 3
519 6
521 2
522 3
524 2
525 1
526 2
527 2
528 1
529 1
530 1
531 2
532 2
533 4
535 2
536 2
540 3
541 3
543 1
545 1
547 1
548 1
550 1
552 1
554 1
555 1
556 2
559 2
560 1
561 1
563 2
564 1
571 3
572 2
573 3
574 5
575 2
576 2
577 1
578 1
579 2
580 1
581 3
582 5
584 2
585 1
586 1
587 1
588 4
589 1
590 2
591 4
592 3
593 1
594 2
595 4
597 1
599 2
600 1
605 3
606 3
607 2
608 4
609 2
610 2
611 3
612 4
613 3
615 4
616 5
617 2
618 2
619 3
620 3
621 2
622 2
623 2
624 2
625 2
626 3
627 3
628 2
630 3
631 2
633 1
634 2
635 4
636 3
637 2
638 2
639 2
640 1
641 4
642 3
643 3
644 2
645 2
646 2
647 1
648 1
652 3
653 2
654 1
655 1
657 3
658 1
660 1
664 1
666 1
667 1
668 2
672 1
676 1
677 1
682 1
685 1
687 1
690 1
692 1
693 2
697 1
698 3
700 1
702 1
703 2
704 1
705 1
706 2
707 1
710 1
711 1
712 2
713 1
715 1
716 1
719 2
722 1
725 1
728 1
732 1
734 1
735 1
740 1
748 1
751 1
752 1
764 1
766 1
767 1
769 1
771 2
772 1
773 1
775 1
778 1
779 1
781 1
791 1
792 1
800 1
801 1
806 1
808 2
812 1
815 1
823 1
824 1
834 1
835 1
837 3
839 1
840 3
841 1
842 2
843 1
844 2
845 1
847 4
848 1
849 2
850 2
851 2
852 5
853 1
855 1
858 2
866 1
869 1
870 1
872 1
873 1
874 1
876 2
877 2
883 1
886 2
887 1
889 1
895 2
897 1
899 1
900 1
902 1
903 1
906 3
907 3
909 2
911 1
912 1
916 1
917 1
919 1
924 3
929 1
932 2
935 1
937 1
940 1
941 1
943 1
944 1
950 1
951 1
952 1
953 1
956 1
958 2
960 1
963 1
965 1
966 1
969 1
974 3
975 1
976 3
978 2
979 3
980 1
982 1
983 1
984 1
985 2
986 1
987 2
988 1
989 4
990 1
991 1
992 1
1007 2
1011 1
1017 2
1018 2
1020 1
1021 1
1022 1
1026 1
1027 1
1028 1
1029 1
1031 1
1036 2
1037 2
1042 2
1044 1
1045 2
1046 2
1048 2
1049 1
1051 1
1053 2
1055 1
1057 1
1058 1
1062 1
1070 2
1071 1
1072 3
1074 1
1075 1
1077 1
1078 1
1081 1
1085 1
1087 2
1088 2
1089 2
1091 1
1093 1
1094 1
1096 2
1098 1
1099 1
1100 1
1101 1
1103 1
1104 1
1106 1
1109 1
1110 1
1122 1
1129 1
1132 1
1135 1
1142 1
1145 1
1147 1
1150 1
1154 1
1155 1
1156 1
1166 1
1170 1
1171 1
1174 1
1175 1
1187 1
1189 1
1192 2
1202 1
1227 1
1237 1
1238 1
1259 1
1265 1
1267 1
1270 1
1273 1
1277 2
1281 1
1287 1
1292 1
1297 1
1308 1
1315 1
1316 3
1321 1
1322 1
1334 1
1339 1
1343 1
1344 2
1346 1
1349 1
1353 1
1354 1
1355 1
1356 1
1359 1
1367 1
1372 1
1374 1
1378 1
1386 1
1390 1
1394 1
1396 1
1415 1
1419 1
1458 1
1473 1
1482 1
1485 1
1486 1
1503 1
1518 1
1526 1
1547 2
1670 1
1679 1
1680 1
1683 2
1684 2
1685 1
1687 2
1695 1
1704 1
1706 1
1709 1
1712 1
1714 2
1715 1
1717 2
1718 1
1725 1
1728 1
1786 1
1798 2
1808 1
1814 1
1841 1
3195 1
3209 1
3212 1
3213 1
3220 1
3221 1
3231 1
3232 1
3234 1
3237 1
