1 5504966
2 1737955
3 629889
4 284246
5 194868
6 230397
7 331468
8 459524
9 576073
10 654255
11 676720
12 649243
13 568873
14 463233
15 354733
16 254696
17 174580
18 113744
19 70300
20 42714
21 25314
22 15447
23 9334
24 5897
25 4599
26 3577
27 2683
28 2303
29 2303
30 2051
31 1858
32 1710
33 1546
34 1484
35 1494
36 1556
37 1405
38 1354
39 1239
40 1145
41 1033
42 981
43 1033
44 914
45 722
46 708
47 602
48 511
49 525
50 438
51 516
52 469
53 409
54 404
55 362
56 350
57 309
58 317
59 287
60 224
61 229
62 209
63 203
64 177
65 165
66 161
67 145
68 128
69 129
70 86
71 84
72 93
73 74
74 52
75 69
76 49
77 38
78 29
79 43
80 30
81 34
82 31
83 25
84 30
85 27
86 31
87 12
88 17
89 25
90 23
91 18
92 10
93 20
94 18
95 9
96 12
97 13
98 15
99 17
100 12
101 7
102 13
103 16
104 15
105 18
106 23
107 29
108 14
109 16
110 21
111 19
112 11
113 20
114 16
115 17
116 8
117 10
118 22
119 11
120 7
121 12
122 4
123 8
124 7
125 7
126 10
127 20
128 20
129 5
130 11
131 10
132 8
133 9
134 6
135 9
136 9
137 8
138 5
139 4
140 7
141 11
142 6
143 6
144 6
145 7
146 10
147 4
148 8
149 7
150 8
151 10
152 6
153 1
154 9
155 4
156 6
157 10
158 8
159 3
160 5
161 9
162 12
163 9
164 11
165 6
166 5
167 8
168 4
169 9
170 9
171 12
172 8
174 8
175 7
176 3
177 4
178 2
180 3
181 4
182 5
183 1
184 8
185 4
186 7
187 5
188 5
189 4
190 1
191 2
192 1
193 3
195 4
196 4
197 6
198 7
199 2
200 5
201 3
202 9
204 5
205 2
206 7
207 4
208 7
209 3
211 1
213 1
215 1
216 1
219 2
220 1
221 2
227 1
229 2
231 1
232 1
233 1
234 1
235 2
241 1
242 1
247 1
248 1
252 2
253 1
254 1
256 1
260 1
262 2
263 2
264 1
265 2
267 1
269 4
270 1
271 1
273 1
275 1
277 4
280 2
282 1
285 3
286 1
287 2
288 3
289 2
290 2
291 2
292 2
293 2
294 1
295 1
298 1
300 3
301 2
302 3
303 1
304 1
306 1
307 1
308 2
309 2
310 1
311 1
312 3
315 2
317 1
319 3
320 1
321 4
322 2
323 2
328 1
330 2
331 2
332 2
333 3
334 2
337 2
338 2
340 1
341 5
343 2
344 1
345 4
346 2
348 1
349 2
351 1
352 1
353 2
354 1
356 2
357 2
358 2
359 2
360 2
361 1
362 1
363 2
365 1
366 1
367 2
368 1
369 2
370 2
371 2
372 4
373 3
374 4
375 1
378 3
379 1
380 1
381 2
382 2
383 2
384 1
385 2
386 1
387 4
389 2
390 1
391 2
392 4
393 1
395 1
401 4
402 2
403 1
404 1
405 3
406 1
408 3
412 1
416 1
417 1
419 3
420 2
421 1
422 1
424 1
425 2
426 1
428 2
429 2
430 1
431 2
432 2
433 2
434 1
435 1
436 1
437 2
438 1
439 1
440 1
441 1
447 1
452 2
454 1
455 2
457 1
459 1
461 2
464 1
465 2
466 1
467 1
468 1
469 2
471 1
475 1
485 1
491 1
512 2
513 1
516 1
518 1
519 1
520 1
523 1
526 1
528 1
529 1
530 3
536 1
537 3
538 1
539 1
544 2
545 1
546 2
547 1
548 1
549 1
550 1
551 1
557 1
558 2
559 2
560 2
561 1
564 1
569 1
570 2
572 2
584 1
586 1
588 1
589 1
592 2
593 1
594 1
597 1
603 1
610 1
612 1
629 1
638 1
648 1
662 1
670 1
723 1
724 1
