1 2355394
2 3289392
3 3355184
4 2972012
5 2638054
6 2454670
7 2315918
8 2106267
9 1797843
10 1430275
11 1056415
12 731513
13 476358
14 295780
15 175759
16 101614
17 57365
18 32769
19 19655
20 12283
21 8681
22 6399
23 4970
24 4332
25 3654
26 3207
27 3005
28 2801
29 2742
30 2513
31 2371
32 2157
33 1949
34 1836
35 1723
36 1825
37 1612
38 1480
39 1237
40 1060
41 880
42 812
43 752
44 683
45 549
46 497
47 409
48 322
49 290
50 333
51 301
52 237
53 239
54 231
55 259
56 288
57 270
58 227
59 205
60 180
61 196
62 178
63 188
64 161
65 147
66 152
67 182
68 185
69 170
70 174
71 164
72 161
73 183
74 180
75 151
76 102
77 135
78 122
79 124
80 125
81 119
82 99
83 85
84 70
85 85
86 75
87 60
88 57
89 47
90 48
91 47
92 34
93 23
94 31
95 23
96 21
97 28
98 34
99 20
100 29
101 23
102 23
103 18
104 17
105 26
106 36
107 16
108 18
109 23
110 12
111 14
112 14
113 14
114 12
115 8
116 7
117 4
118 8
119 2
120 5
121 9
122 5
123 5
124 6
125 2
126 4
127 5
128 3
129 2
130 4
131 6
132 6
133 5
134 4
135 17
136 8
137 6
138 7
139 10
140 11
141 9
142 9
143 8
144 9
145 2
146 6
147 6
148 1
149 4
150 4
151 3
152 2
153 2
154 1
155 3
156 3
157 4
158 3
159 4
160 3
161 2
162 1
163 3
164 1
165 4
166 4
167 2
168 3
169 1
170 3
171 7
172 9
173 4
174 3
175 5
176 1
177 1
178 5
179 2
180 3
181 5
182 1
183 3
184 2
185 4
186 3
187 1
188 2
189 1
191 2
192 3
193 2
194 3
195 3
196 6
197 3
198 4
199 4
200 2
201 3
202 2
203 3
204 3
205 7
206 6
208 4
209 2
210 2
211 4
212 6
213 3
214 1
215 3
216 1
217 3
218 1
219 3
220 1
221 3
222 2
223 2
227 1
228 2
230 2
231 2
232 4
233 2
235 1
238 1
240 1
241 1
243 1
244 1
245 1
246 3
247 1
248 2
249 1
250 2
251 1
252 5
253 5
256 1
257 1
258 1
262 1
265 2
270 2
271 1
277 1
278 4
279 1
280 4
281 1
282 2
283 1
286 1
288 2
289 3
290 1
293 2
301 1
305 2
306 3
308 1
309 2
313 1
315 2
316 1
318 1
319 2
320 1
321 5
322 1
326 1
327 1
328 3
329 2
331 2
333 2
334 1
336 1
347 1
351 3
353 1
354 1
355 1
357 1
358 2
359 1
360 3
361 2
362 2
364 2
365 2
381 1
391 1
395 1
397 1
405 1
407 1
410 1
757 1
758 1
759 1
763 1
764 1
766 2
768 2
769 1
