1 3654889
2 3624135
3 2984922
4 2380680
5 1881740
6 1420444
7 998138
8 652654
9 401819
10 248111
11 180666
12 169273
13 182741
14 203246
15 220875
16 228926
17 223342
18 206584
19 184458
20 153570
21 122610
22 92580
23 67468
24 48700
25 32580
26 21113
27 12996
28 8364
29 5604
30 3683
31 2519
32 1714
33 1353
34 1201
35 1141
36 1150
37 953
38 734
39 672
40 515
41 400
42 333
43 353
44 212
45 204
46 146
47 116
48 89
49 59
50 62
51 46
52 50
53 38
54 44
55 30
56 37
57 57
58 96
59 129
60 197
61 302
62 488
63 660
64 923
65 1329
66 1958
67 2725
68 3657
69 4862
70 6366
71 8610
72 11505
73 15042
74 19277
75 24168
76 29281
77 35856
78 42840
79 51696
80 61478
81 71936
82 83567
83 96295
84 108983
85 121980
86 135942
87 147871
88 160511
89 171496
90 182443
91 191189
92 199694
93 207417
94 212066
95 214344
96 213660
97 212083
98 209939
99 204632
100 198546
101 192325
102 182951
103 173625
104 163705
105 152868
106 143643
107 131472
108 121322
109 110287
110 99613
111 89482
112 79773
113 70978
114 62178
115 54757
116 47199
117 40738
118 34921
119 29694
120 25298
121 20850
122 17494
123 13998
124 11684
125 9502
126 7777
127 6124
128 5030
129 3856
130 3107
131 2479
132 1911
133 1514
134 1191
135 922
136 675
137 526
138 396
139 282
140 196
141 138
142 104
143 81
144 57
145 54
146 42
147 26
148 14
149 12
150 17
151 20
152 34
153 48
154 50
155 45
156 63
157 70
158 103
159 82
160 126
161 159
162 159
163 188
164 199
165 231
166 272
167 309
168 348
169 392
170 412
171 467
172 497
173 551
174 631
175 602
176 626
177 706
178 740
179 776
180 878
181 849
182 974
183 1010
184 1087
185 1127
186 1129
187 1157
188 1188
189 1135
190 1109
191 1098
192 1115
193 1092
194 1010
195 1033
196 958
197 892
198 848
199 822
200 829
201 702
202 693
203 637
204 621
205 561
206 534
207 536
208 478
209 493
210 434
211 408
212 399
213 368
214 288
215 276
216 289
217 272
218 227
219 214
220 207
221 165
222 169
223 169
224 141
225 114
226 125
227 97
228 95
229 76
230 53
231 54
232 59
233 38
234 45
235 41
236 34
237 31
238 29
239 28
240 28
241 19
242 28
243 28
244 35
245 32
246 36
247 25
248 41
249 40
250 37
251 69
252 69
253 67
254 85
255 76
256 95
257 101
258 89
259 88
260 101
261 118
262 124
263 111
264 115
265 135
266 132
267 169
268 161
269 175
270 188
271 198
272 201
273 227
274 240
275 244
276 247
277 257
278 302
279 300
280 273
281 281
282 307
283 294
284 309
285 322
286 312
287 277
288 289
289 330
290 274
291 278
292 237
293 273
294 286
295 243
296 262
297 252
298 247
299 276
300 265
301 273
302 247
303 234
304 247
305 248
306 233
307 211
308 204
309 196
310 201
311 185
312 220
313 185
314 187
315 187
316 179
317 166
318 160
319 164
320 158
321 138
322 126
323 133
324 141
325 143
326 159
327 164
328 158
329 144
330 115
331 146
332 124
333 137
334 101
335 111
336 129
337 112
338 113
339 92
340 96
341 88
342 79
343 78
344 94
345 77
346 89
347 69
348 69
349 64
350 66
351 62
352 70
353 72
354 77
355 85
356 84
357 74
358 80
359 64
360 63
361 84
362 73
363 68
364 86
365 82
366 73
367 94
368 117
369 96
370 110
371 108
372 110
373 117
374 108
375 104
376 137
377 125
378 151
379 139
380 139
381 152
382 131
383 136
384 131
385 133
386 136
387 116
388 119
389 131
390 118
391 94
392 126
393 83
394 70
395 113
396 85
397 71
398 68
399 72
400 64
401 57
402 64
403 49
404 53
405 45
406 41
407 42
408 42
409 30
410 21
411 26
412 18
413 21
414 22
415 20
416 15
417 18
418 21
419 15
420 16
421 11
422 17
423 20
424 22
425 17
426 12
427 5
428 14
429 10
430 6
431 12
432 16
433 18
434 16
435 19
436 24
437 46
438 24
439 28
440 30
441 28
442 37
443 59
444 40
445 42
446 59
447 54
448 47
449 66
450 77
451 67
452 92
453 71
454 80
455 93
456 82
457 84
458 77
459 84
460 67
461 82
462 69
463 64
464 70
465 75
466 78
467 67
468 77
469 81
470 80
471 104
472 91
473 98
474 84
475 63
476 57
477 77
478 67
479 71
480 62
481 61
482 63
483 89
484 46
485 81
486 74
487 78
488 62
489 78
490 87
491 63
492 70
493 65
494 65
495 52
496 41
497 45
498 57
499 46
500 45
501 49
502 50
503 41
504 46
505 38
506 37
507 33
508 40
509 34
510 28
511 25
512 21
513 20
514 18
515 19
516 22
517 19
518 12
519 14
520 17
521 13
522 24
523 17
524 14
525 22
526 10
527 18
528 19
529 22
530 12
531 19
532 10
533 8
534 11
535 11
536 12
537 7
538 4
539 1
540 5
541 7
542 9
543 10
544 7
545 3
546 7
547 5
548 6
549 4
550 9
551 6
552 8
553 13
554 12
555 5
556 9
557 14
558 8
559 11
560 12
561 13
562 18
563 17
564 13
565 10
566 15
567 7
568 12
569 11
570 10
571 11
572 15
573 16
574 16
575 9
576 11
577 8
578 7
579 9
580 11
581 8
582 3
583 8
584 12
585 11
586 8
587 5
588 9
589 5
590 8
591 15
592 6
593 11
594 8
595 7
596 5
597 4
598 8
599 7
600 4
601 7
602 7
603 4
604 5
605 3
606 3
607 1
608 1
610 2
611 1
612 1
613 1
614 1
615 1
616 6
617 2
618 2
619 2
620 4
621 4
622 2
623 3
624 1
625 4
626 2
627 5
628 3
629 9
630 5
631 5
632 4
633 4
634 7
635 2
636 6
637 12
638 4
639 9
640 11
641 13
642 6
643 5
644 14
645 11
646 10
647 8
648 10
649 4
650 4
651 5
652 4
653 12
654 12
655 8
656 1
657 9
658 11
659 6
660 6
661 9
662 4
663 6
664 7
665 3
666 7
667 3
668 7
669 10
670 5
671 7
672 1
673 6
674 6
675 4
676 4
677 3
678 7
679 3
680 6
681 7
682 7
683 11
684 6
685 5
686 6
687 8
688 2
689 2
690 6
691 3
692 1
693 4
694 1
695 5
697 1
698 3
699 4
700 2
701 3
703 4
705 1
706 5
707 1
708 2
710 1
711 1
713 4
714 2
715 2
716 2
717 3
718 4
719 2
720 1
721 1
723 8
724 4
725 2
726 4
727 3
728 5
729 4
730 2
731 2
732 1
733 1
734 2
735 4
736 3
737 3
738 3
739 1
740 5
741 5
742 1
743 2
744 4
745 2
746 2
747 2
748 2
749 1
750 3
751 2
752 2
753 1
754 2
755 3
756 3
757 3
758 1
759 2
760 5
761 1
762 4
763 3
765 6
767 3
768 2
769 4
770 11
771 4
772 2
773 4
774 4
775 5
776 1
777 1
779 2
780 7
781 5
782 2
783 2
784 4
785 1
786 3
787 3
790 3
792 2
793 3
794 1
796 3
797 4
799 3
800 3
801 3
802 1
803 2
805 2
806 1
810 2
812 4
813 2
814 3
815 6
817 3
818 1
819 4
820 3
821 2
822 5
823 2
825 1
826 3
828 2
829 3
830 3
832 1
833 1
834 3
835 2
837 2
838 1
839 3
840 1
841 2
842 3
843 2
844 1
847 2
848 1
849 1
850 3
851 2
852 1
853 1
856 2
857 2
860 1
861 1
863 1
864 2
865 2
866 2
867 1
868 2
869 2
870 2
871 1
872 3
873 1
876 2
878 2
879 2
880 2
881 2
882 1
883 5
884 1
885 2
886 1
887 2
888 3
889 2
891 1
892 3
893 2
894 2
895 1
896 2
897 1
898 2
899 2
900 1
901 1
902 2
903 3
904 1
905 2
906 2
907 2
908 1
909 2
910 1
911 2
912 3
914 1
915 2
916 1
917 2
918 3
919 1
920 1
921 3
922 1
923 1
924 1
925 2
926 1
927 2
928 1
930 2
931 1
932 4
933 5
934 6
935 1
936 2
938 1
939 3
940 1
941 1
942 7
943 3
944 8
945 2
946 1
947 1
948 4
949 3
950 1
951 2
952 2
953 4
954 4
955 2
956 1
957 2
958 2
959 2
960 4
961 3
962 3
963 2
964 1
965 1
966 3
967 6
968 2
970 1
971 3
972 3
973 1
974 1
975 1
976 1
977 1
978 1
979 1
981 1
982 1
983 2
985 1
986 2
987 4
988 2
991 3
992 1
993 1
994 1
996 2
997 2
999 2
1002 1
1003 1
1005 2
1006 2
1009 1
1010 1
1011 1
1012 2
1013 4
1015 2
1017 3
1018 1
1019 3
1021 2
1022 1
1023 1
1024 2
1025 3
1026 2
1027 1
1028 1
1029 4
1031 1
1033 3
1034 1
1035 4
1036 1
1037 3
1038 1
1039 3
1040 2
1041 1
1043 1
1044 1
1047 4
1049 2
1051 5
1053 1
1054 1
1055 4
1056 2
1057 2
1059 2
1060 1
1061 2
1063 3
1064 2
1065 1
1066 4
1067 3
1068 4
1069 2
1072 2
1074 2
1075 2
1076 1
1078 1
1079 1
1080 1
1081 1
1082 1
1092 1
1093 1
1094 1
1097 1
1098 1
1100 1
1103 1
1104 1
1105 1
1106 1
1107 1
1108 2
1111 1
1113 1
1114 1
1115 1
1117 2
1118 2
1119 1
1121 3
1122 1
1132 1
1133 1
1136 1
1137 1
1138 1
1139 3
1140 2
1141 2
1144 2
1145 1
1149 1
1150 2
1152 1
1153 1
1154 1
1155 1
1156 2
1158 1
1160 1
1161 1
1162 2
1163 1
1165 1
1166 1
1167 1
1170 1
1171 2
1172 1
1173 1
1177 1
1178 1
1182 1
1183 2
1185 1
1186 1
1190 1
1191 2
1193 3
1194 1
1195 1
1197 3
1198 1
1199 1
1200 1
1206 1
1207 2
1209 1
1210 2
1212 1
1213 1
1214 2
1215 2
1216 1
1218 1
1221 1
1223 1
1225 2
1226 2
1227 1
1231 2
1235 3
1238 1
1240 1
1241 1
1243 2
1244 2
1245 1
1246 1
1247 1
1248 1
1249 1
1250 2
1252 1
1254 4
1259 1
1260 3
1261 2
1265 1
1268 3
1273 1
1274 1
1276 2
1277 1
1278 1
1282 2
1283 2
1284 1
1285 1
1286 1
1287 1
1288 2
1290 1
1291 3
1292 3
1293 2
1294 1
1296 1
1298 1
1299 1
1300 2
1303 1
1304 1
1305 2
1306 1
1307 6
1308 1
1309 5
1310 2
1311 4
1312 6
1314 4
1316 3
1318 3
1319 2
1320 2
1321 5
1324 2
1325 1
1328 1
1330 1
1332 1
1333 2
1334 1
1336 1
1337 1
1349 2
1350 2
1352 1
1355 1
1356 1
1358 1
1359 1
1362 2
1363 1
1366 2
1368 1
1370 1
1371 1
1372 2
1373 1
1381 1
1385 1
1388 1
1393 1
1394 1
1398 1
1399 2
1402 1
1404 1
1405 3
1406 1
1408 1
1413 1
1414 1
1423 1
1424 1
1431 1
1434 1
1435 1
1436 1
1437 1
1444 1
1447 1
1454 1
1455 1
1456 1
1476 1
1477 1
1478 1
1479 1
1484 1
1486 2
1487 1
1490 1
1491 2
1493 2
1494 2
1496 1
1498 2
1500 3
1502 1
1504 2
1506 1
1507 1
1508 2
1509 1
1510 1
1515 1
1516 2
1518 1
1520 2
1521 3
1526 1
1527 1
1530 2
1533 2
1534 2
1535 1
1536 1
1537 1
1538 1
1539 1
1540 1
1541 2
1542 2
1543 2
1545 2
1546 1
1547 1
1550 1
1554 1
1556 2
1560 1
1561 1
1564 1
1567 2
1569 1
1572 1
1601 1
1602 1
1608 1
1611 1
1614 2
1616 1
1619 1
1625 1
1629 1
1633 1
1634 2
1637 2
1643 1
1646 1
1647 1
1650 1
1651 1
1658 2
1661 1
1663 2
1666 1
1667 1
1669 3
1670 3
1672 3
1673 1
1675 1
1676 1
1678 2
1685 1
1689 1
1695 1
1696 1
1703 1
1705 1
1708 1
1713 1
1714 1
1716 1
1717 1
1720 2
1721 1
1723 2
1724 1
1725 1
1730 1
1732 1
1733 1
1735 1
1742 1
1753 1
1769 1
1771 1
1783 1
1827 1
1830 1
1834 1
1851 1
1892 1
1900 1
1901 1
1911 1
1917 1
1930 2
1931 1
1970 2
2027 1
2053 1
2058 1
2059 1
2065 1
2067 1
2083 1
2090 2
2093 1
2124 1
2143 1
2145 1
2149 2
2162 1
2182 1
2189 2
2194 1
2195 1
2198 1
2203 1
2233 2
2237 2
2239 1
2240 1
2242 1
2248 1
2249 1
2265 1
2269 1
2278 1
2279 1
2284 1
2291 1
2293 1
2295 1
2296 1
2301 1
2302 1
2303 1
2305 1
2307 1
2319 1
2326 1
2329 1
2333 1
2334 1
2336 1
2341 1
2347 2
2349 1
2377 1
2404 1
2439 1
2453 1
2478 1
2486 1
2492 1
2524 1
2526 1
2531 1
2545 1
2550 1
2579 1
2589 1
2591 1
2593 1
2606 1
2622 1
2627 1
2633 1
2636 1
2638 1
2639 1
2641 1
2649 1
2653 1
2672 1
2677 1
2679 2
2684 1
2687 1
2712 1
2714 1
2721 1
2722 1
2723 2
2725 2
2727 2
2729 1
2730 1
2734 2
2740 1
2745 2
2746 1
2750 1
2752 1
2764 1
2792 1
2796 1
2797 1
2806 1
2813 1
2814 1
2824 1
2839 1
2840 1
2844 1
2848 1
2851 1
2852 1
2853 1
2855 1
2873 1
2875 1
2877 1
2885 1
2887 1
2892 1
2897 1
2901 1
2906 1
2922 1
2923 1
2927 1
2932 1
2934 1
2938 1
2942 1
2944 1
2945 1
2946 1
2949 1
2954 1
2966 1
2976 1
2999 1
3005 1
3010 1
3011 1
3015 1
3016 1
3038 1
3043 1
3068 1
3071 1
3087 1
3097 1
3099 1
3132 1
3134 1
3150 1
3155 1
3156 1
3195 1
3196 1
3199 1
3203 1
3210 1
3232 1
3239 2
3247 1
3250 1
3272 1
3283 1
3286 2
3290 1
3293 1
3295 1
3296 1
3310 1
3318 1
3321 2
3322 1
3327 1
3338 1
3350 1
3352 1
3354 1
3358 2
3359 2
3362 1
3363 1
3364 1
3374 1
3377 2
3381 1
3388 1
3401 1
3425 1
3430 1
3432 1
3434 1
3436 1
3440 2
3441 1
3447 1
3448 1
3455 1
3460 2
3468 1
3470 1
3473 1
3476 1
3515 1
3519 1
3521 1
3522 1
3531 1
3538 1
3539 1
3560 1
3562 1
3573 1
3588 1
3589 1
3593 1
3595 1
3597 1
3622 1
3623 1
3624 1
3625 1
3632 1
3640 1
3641 1
3644 1
3648 1
3686 1
3696 1
3697 1
3707 1
3713 2
3717 1
3719 1
3721 1
3736 1
3737 1
3738 1
3740 1
3742 1
3746 1
3757 1
3791 1
3796 2
3803 1
3805 2
3814 1
3825 1
3891 1
3894 2
3900 1
3901 1
3903 1
3911 1
3912 1
3919 1
3994 1
3998 1
4054 1
4146 1
4155 1
4159 1
4178 1
4222 1
4223 1
4227 1
4241 1
4253 1
4256 1
4258 1
4264 1
4267 1
4270 1
4271 1
4346 1
4361 2
4399 1
4407 1
4408 1
4453 1
4465 1
4475 1
4503 1
4540 1
4547 1
4551 1
4556 1
4560 1
4599 1
4622 1
4643 1
4656 3
4659 1
4752 1
4758 1
4788 1
4861 1
5362 1
5454 1
5455 2
5457 1
5467 1
5612 1
5625 1
5628 1
5669 1
5672 1
5782 1
