1 911318
2 1815802
3 2436287
4 2542730
5 2284368
6 1943091
7 1721343
8 1647169
9 1666213
10 1708412
11 1689897
12 1608980
13 1451701
14 1239739
15 1012657
16 789596
17 589890
18 419866
19 290094
20 192541
21 126821
22 81217
23 50704
24 32466
25 21265
26 14841
27 11091
28 8176
29 6494
30 5239
31 4577
32 3869
33 3524
34 3098
35 2718
36 2521
37 2209
38 1957
39 1942
40 1918
41 1921
42 1868
43 1760
44 1691
45 1622
46 1526
47 1524
48 1534
49 1368
50 1300
51 1194
52 1110
53 1041
54 1098
55 1038
56 850
57 816
58 741
59 738
60 672
61 618
62 588
63 545
64 515
65 426
66 401
67 398
68 370
69 367
70 280
71 273
72 256
73 223
74 229
75 237
76 219
77 208
78 226
79 163
80 186
81 202
82 185
83 162
84 158
85 147
86 138
87 145
88 140
89 147
90 154
91 124
92 139
93 126
94 111
95 117
96 109
97 124
98 104
99 114
100 100
101 112
102 122
103 122
104 147
105 101
106 110
107 100
108 105
109 123
110 79
111 85
112 88
113 88
114 98
115 101
116 93
117 68
118 91
119 68
120 94
121 76
122 85
123 77
124 72
125 58
126 50
127 37
128 37
129 30
130 26
131 25
132 38
133 30
134 42
135 26
136 26
137 24
138 28
139 36
140 17
141 19
142 21
143 18
144 28
145 22
146 27
147 24
148 13
149 13
150 9
151 6
152 2
153 4
154 8
155 11
156 10
157 8
158 15
159 9
160 9
161 9
162 8
163 1
164 8
165 6
166 4
167 5
168 4
169 6
170 11
171 13
172 9
173 6
174 4
175 13
176 12
177 4
178 4
179 8
180 5
181 5
182 9
183 5
184 11
185 2
186 6
187 4
188 4
189 5
190 2
191 2
192 3
193 2
194 5
195 1
196 2
197 7
198 2
200 1
201 2
202 2
204 2
205 4
206 2
207 2
210 2
211 4
213 2
214 3
215 2
216 4
218 2
219 4
220 1
221 9
222 4
223 4
224 3
225 4
226 2
227 8
228 5
229 3
230 6
231 9
232 2
233 11
234 14
235 5
236 4
237 2
238 4
239 1
240 3
241 3
242 3
243 2
244 3
245 4
246 2
247 1
248 2
249 4
250 2
252 2
253 3
254 1
255 4
257 1
259 3
260 3
261 2
263 1
264 1
266 1
267 3
268 6
269 3
270 3
271 2
272 4
274 4
275 2
276 2
277 1
280 1
281 2
283 3
284 1
286 1
287 2
288 5
289 3
290 5
291 2
292 1
293 3
294 3
295 1
296 4
297 2
298 2
299 3
300 2
301 5
302 2
303 5
304 1
305 3
306 3
307 1
308 2
310 2
311 1
312 3
314 1
317 1
320 1
321 1
322 1
328 2
329 2
330 2
331 2
332 1
333 2
334 2
335 1
336 1
337 1
338 2
339 1
340 2
343 1
345 3
347 1
348 1
350 4
352 3
353 2
354 2
355 2
356 2
357 2
358 2
359 1
360 4
361 2
362 1
363 1
366 2
367 2
368 2
369 1
370 2
371 4
372 6
373 1
374 3
375 2
376 5
377 1
378 3
379 2
380 2
381 1
382 3
383 1
384 2
386 1
387 1
388 1
392 1
393 1
394 2
395 3
396 2
397 2
399 2
400 3
402 5
403 2
404 2
405 2
406 3
408 1
411 1
416 1
417 1
431 1
433 1
435 1
436 1
437 1
438 2
439 1
442 1
443 2
449 1
455 1
456 1
457 1
459 1
460 1
462 2
464 1
468 2
473 1
474 2
475 2
478 1
479 1
480 1
483 1
484 1
488 1
489 1
495 1
497 1
498 1
499 2
501 2
503 1
539 1
545 1
546 3
547 2
548 1
551 2
553 2
560 1
565 1
572 3
573 1
575 1
576 1
577 1
578 1
579 3
581 1
582 1
583 1
588 1
591 1
592 1
1149 1
1151 1
1153 3
1154 2
1156 2
1161 1
