1 6233498
2 2434170
3 1018335
4 496951
5 251889
6 124818
7 69804
8 61159
9 85340
10 133235
11 200853
12 286973
13 373221
14 448949
15 508086
16 542411
17 545772
18 520276
19 469809
20 404521
21 333099
22 261915
23 194377
24 141574
25 100234
26 68793
27 45503
28 29150
29 18808
30 11826
31 7826
32 5844
33 4412
34 3385
35 3025
36 2740
37 2430
38 2118
39 1947
40 1883
41 1548
42 1333
43 1122
44 1049
45 1048
46 1106
47 1116
48 1066
49 1015
50 933
51 960
52 1024
53 934
54 947
55 962
56 961
57 960
58 890
59 847
60 733
61 724
62 684
63 604
64 540
65 586
66 532
67 531
68 526
69 436
70 384
71 324
72 330
73 339
74 352
75 327
76 341
77 291
78 334
79 326
80 276
81 230
82 228
83 240
84 231
85 227
86 245
87 240
88 220
89 212
90 176
91 189
92 192
93 189
94 160
95 142
96 122
97 97
98 82
99 64
100 64
101 52
102 41
103 39
104 50
105 29
106 27
107 33
108 23
109 18
110 37
111 34
112 29
113 34
114 25
115 28
116 32
117 31
118 29
119 25
120 26
121 15
122 29
123 23
124 23
125 21
126 20
127 17
128 14
129 14
130 15
131 14
132 10
133 15
134 13
135 15
136 19
137 8
138 13
139 14
140 23
141 5
142 9
143 10
144 10
145 8
146 2
147 10
148 10
149 13
150 16
151 7
152 6
153 12
154 7
155 10
156 16
157 12
158 9
159 10
160 11
161 10
162 10
163 9
164 15
165 14
166 18
167 19
168 10
169 9
170 12
171 9
172 7
173 3
174 3
175 4
176 6
177 3
178 6
179 8
180 8
181 6
182 10
183 6
184 6
185 7
186 9
187 4
188 4
189 5
190 4
191 5
192 10
193 13
194 4
195 6
196 8
197 6
198 12
199 7
200 4
201 5
202 1
203 7
204 8
205 6
206 13
207 6
208 8
209 11
210 9
211 4
212 8
213 5
214 6
215 8
216 8
217 7
218 6
219 6
220 7
221 2
222 5
223 6
224 6
225 4
226 6
227 4
228 3
229 2
230 5
231 4
232 5
234 3
235 2
236 4
237 4
238 6
239 1
240 4
241 4
242 7
243 5
244 5
245 4
246 4
247 3
248 3
249 7
250 4
251 3
252 4
253 4
254 6
255 2
256 3
257 2
258 2
259 3
260 2
261 3
262 1
263 1
264 3
265 4
266 2
267 4
268 2
269 2
270 1
271 3
272 3
273 2
274 3
275 4
276 2
277 5
278 4
279 7
280 7
281 6
282 7
283 2
284 3
285 2
287 1
288 3
289 1
291 2
293 1
294 1
301 1
302 2
305 2
306 2
307 6
308 2
309 2
310 1
311 2
313 1
314 2
316 1
317 1
318 2
320 1
324 1
329 3
334 2
336 1
338 2
340 2
341 1
343 1
344 2
346 2
347 1
351 1
354 2
361 1
362 2
364 1
370 1
371 2
376 1
380 1
384 2
385 1
390 4
391 1
392 1
393 1
394 2
395 2
396 1
397 1
398 2
399 1
400 1
401 1
402 1
403 3
404 1
405 2
406 1
407 1
409 3
410 1
411 1
413 1
416 1
417 1
422 1
423 1
424 4
425 1
428 1
433 1
435 2
437 1
438 1
441 1
449 1
451 1
453 1
455 2
456 2
457 1
459 1
460 1
461 1
462 1
463 1
464 1
467 1
468 2
469 2
470 4
472 2
474 2
476 1
477 2
479 1
480 2
485 1
486 1
487 2
489 1
491 1
493 1
494 1
495 2
496 1
498 1
502 2
506 1
507 2
508 1
509 2
510 1
511 1
512 3
513 1
515 2
519 1
520 1
521 2
523 2
525 5
526 1
527 3
529 1
531 2
532 1
534 2
535 1
536 1
537 1
538 1
539 1
541 1
542 2
543 1
545 2
546 1
548 3
551 1
558 2
561 1
564 1
565 1
566 1
568 2
569 1
571 3
574 1
575 2
581 2
585 2
586 4
587 1
588 2
589 5
590 2
592 1
593 3
594 2
596 3
597 1
598 3
599 1
601 2
602 1
606 2
607 1
608 1
610 1
613 1
616 1
618 1
619 1
622 1
624 2
628 3
631 1
632 2
633 2
634 2
636 1
637 2
638 2
639 2
640 1
642 1
644 2
647 2
649 1
652 1
653 1
658 1
659 1
660 1
662 2
663 1
664 2
666 1
667 1
669 1
670 3
674 1
675 2
679 1
680 1
682 1
684 2
709 1
721 1
741 1
747 1
750 1
753 1
754 2
756 1
758 1
761 1
765 1
768 1
772 1
776 1
777 1
781 2
783 1
784 4
785 1
786 1
787 1
788 1
789 1
790 1
793 1
795 1
796 1
800 1
802 1
805 1
808 1
810 1
817 1
818 2
824 1
833 1
835 1
849 1
857 1
913 1
914 1
917 1
920 1
924 1
981 1
1010 1
1015 1
1019 1
1024 1
1044 1
1049 1
