1 7481773
2 5995481
3 4115664
4 2519031
5 1362171
6 653645
7 282171
8 112920
9 42701
10 18233
11 9564
12 6112
13 4299
14 3137
15 2439
16 2033
17 1598
18 1321
19 1183
20 895
21 785
22 640
23 536
24 497
25 423
26 295
27 290
28 243
29 237
30 269
31 192
32 164
33 155
34 191
35 150
36 98
37 93
38 76
39 40
40 29
41 27
42 32
43 22
44 15
45 7
46 14
47 14
48 9
49 6
50 8
51 6
52 9
53 5
54 3
55 5
56 13
57 10
58 15
59 16
60 14
61 17
62 13
63 7
64 7
65 6
66 6
67 14
68 10
69 21
70 14
71 9
72 9
73 10
74 9
75 5
76 7
77 4
78 6
79 4
80 7
82 6
83 7
84 4
85 8
86 4
87 5
88 6
89 4
90 4
91 3
92 6
93 4
94 1
95 1
96 3
97 2
98 2
99 4
100 2
101 1
102 1
103 4
104 4
105 1
106 2
107 1
108 1
110 1
111 3
112 3
113 2
115 1
116 4
117 4
118 5
119 7
120 3
121 3
123 2
124 2
125 3
126 5
127 6
128 3
129 2
130 1
134 1
137 1
139 2
141 1
143 1
144 1
254 1
255 1
256 1
257 1
258 1
260 3
262 2
