1 1681361
2 2310150
3 2397846
4 2285247
5 2253569
6 2275514
7 2225337
8 2046553
9 1723887
10 1341825
11 972916
12 656146
13 413115
14 248179
15 140942
16 78633
17 43359
18 24884
19 15787
20 11261
21 8283
22 6277
23 5204
24 4830
25 4233
26 3717
27 3374
28 2947
29 2670
30 2506
31 2034
32 1963
33 1739
34 1686
35 1523
36 1298
37 1141
38 1163
39 1047
40 854
41 675
42 549
43 533
44 489
45 488
46 481
47 472
48 481
49 409
50 431
51 411
52 333
53 338
54 368
55 369
56 321
57 264
58 258
59 260
60 284
61 304
62 382
63 500
64 618
65 884
66 1157
67 1572
68 2325
69 3208
70 4383
71 5573
72 7657
73 10173
74 13173
75 17151
76 21786
77 26701
78 32738
79 40357
80 48172
81 56685
82 66995
83 77827
84 90052
85 101846
86 113749
87 126189
88 138304
89 150393
90 160115
91 170563
92 177608
93 183506
94 187977
95 189814
96 189668
97 189332
98 186227
99 181344
100 175609
101 167269
102 158225
103 148615
104 136796
105 125428
106 114422
107 102757
108 91783
109 81668
110 71735
111 61872
112 53170
113 45221
114 38005
115 31922
116 26983
117 22230
118 17927
119 14762
120 11618
121 9847
122 7589
123 5918
124 4599
125 3715
126 2716
127 1975
128 1522
129 1162
130 912
131 704
132 506
133 362
134 250
135 219
136 175
137 123
138 105
139 81
140 62
141 57
142 78
143 64
144 39
145 40
146 50
147 46
148 40
149 40
150 27
151 29
152 42
153 27
154 43
155 40
156 35
157 40
158 66
159 58
160 55
161 50
162 70
163 72
164 73
165 125
166 138
167 158
168 171
169 216
170 235
171 249
172 284
173 301
174 355
175 408
176 420
177 429
178 423
179 501
180 518
181 543
182 571
183 607
184 649
185 702
186 650
187 650
188 716
189 689
190 721
191 719
192 749
193 764
194 744
195 702
196 704
197 695
198 626
199 658
200 608
201 622
202 593
203 565
204 560
205 519
206 455
207 465
208 443
209 413
210 418
211 384
212 370
213 340
214 267
215 251
216 208
217 201
218 164
219 163
220 124
221 101
222 109
223 95
224 78
225 43
226 60
227 49
228 41
229 43
230 27
231 32
232 20
233 22
234 15
235 13
236 14
237 4
238 5
239 4
240 5
241 6
242 6
243 1
244 3
245 8
246 9
247 7
248 8
249 11
250 4
251 9
252 5
253 4
254 6
255 4
256 7
257 1
258 11
259 4
260 12
261 13
262 23
263 15
264 22
265 31
266 32
267 30
268 30
269 30
270 31
271 30
272 49
273 46
274 64
275 69
276 95
277 109
278 102
279 115
280 94
281 118
282 115
283 103
284 121
285 109
286 100
287 100
288 106
289 93
290 113
291 106
292 95
293 77
294 89
295 103
296 88
297 83
298 75
299 76
300 66
301 80
302 62
303 60
304 86
305 73
306 83
307 71
308 78
309 79
310 68
311 54
312 53
313 62
314 56
315 34
316 55
317 51
318 32
319 44
320 38
321 37
322 33
323 33
324 33
325 27
326 37
327 28
328 33
329 29
330 30
331 31
332 18
333 29
334 21
335 22
336 25
337 25
338 27
339 23
340 22
341 31
342 30
343 31
344 27
345 43
346 22
347 34
348 37
349 34
350 34
351 40
352 34
353 61
354 42
355 50
356 38
357 48
358 50
359 49
360 52
361 65
362 60
363 60
364 82
365 70
366 90
367 65
368 83
369 110
370 103
371 113
372 123
373 112
374 151
375 116
376 136
377 129
378 151
379 157
380 156
381 111
382 135
383 128
384 141
385 129
386 126
387 136
388 146
389 115
390 127
391 132
392 118
393 115
394 119
395 126
396 142
397 112
398 146
399 98
400 117
401 110
402 109
403 108
404 105
405 97
406 98
407 95
408 74
409 75
410 69
411 70
412 80
413 83
414 53
415 67
416 56
417 70
418 63
419 49
420 49
421 48
422 67
423 56
424 46
425 54
426 34
427 44
428 30
429 31
430 29
431 29
432 15
433 30
434 27
435 26
436 19
437 21
438 27
439 22
440 22
441 28
442 21
443 25
444 24
445 27
446 15
447 18
448 18
449 15
450 11
451 12
452 12
453 10
454 8
455 15
456 11
457 12
458 14
459 6
460 6
461 5
462 8
463 6
464 4
465 3
466 4
467 3
468 5
469 7
470 1
471 4
472 2
473 1
475 4
476 1
479 2
480 1
481 1
483 3
484 1
485 1
486 2
487 2
488 3
489 2
490 1
491 2
493 1
494 2
497 2
498 1
500 1
504 1
517 2
519 1
521 2
522 1
525 1
532 1
533 2
535 4
536 1
537 1
541 1
544 1
546 1
550 1
559 3
563 1
564 1
566 1
567 2
569 1
571 2
572 2
573 1
574 1
575 3
576 3
579 1
587 1
589 1
593 2
607 1
620 1
621 2
622 1
623 1
626 1
627 1
629 1
640 1
647 1
659 1
675 1
699 2
708 1
738 1
742 1
747 1
748 1
755 1
759 1
764 1
784 1
788 1
794 2
797 1
811 1
816 1
817 1
825 1
830 1
831 1
833 1
848 1
870 1
912 1
923 1
1106 1
1141 1
1639 1
1646 2
1647 1
1696 1
1992 1
1994 1
1998 1
2003 1
2180 1
2187 1
2263 1
