1 5312506
2 4936779
3 3914613
4 2723297
5 1649900
6 871525
7 410934
8 175449
9 71321
10 29596
11 14130
12 8041
13 5264
14 3999
15 3134
16 2527
17 2227
18 2202
19 2235
20 2934
21 4183
22 6229
23 10323
24 16184
25 24527
26 36518
27 52119
28 72556
29 96622
30 123296
31 154836
32 185415
33 215566
34 242517
35 268068
36 286782
37 297413
38 301868
39 299233
40 288733
41 273153
42 251323
43 225072
44 195878
45 167393
46 139496
47 114574
48 91360
49 71879
50 55722
51 42088
52 31847
53 22830
54 16823
55 11887
56 8038
57 5363
58 3811
59 2585
60 1696
61 1291
62 882
63 723
64 679
65 605
66 599
67 708
68 821
69 973
70 1035
71 1087
72 1089
73 1112
74 1297
75 1268
76 1237
77 1246
78 1269
79 1161
80 1147
81 1087
82 1021
83 944
84 855
85 782
86 669
87 629
88 547
89 500
90 427
91 407
92 318
93 284
94 200
95 170
96 172
97 132
98 146
99 120
100 98
101 119
102 86
103 108
104 111
105 104
106 111
107 151
108 144
109 174
110 197
111 167
112 177
113 171
114 168
115 170
116 178
117 155
118 167
119 150
120 155
121 146
122 149
123 116
124 117
125 138
126 124
127 111
128 104
129 123
130 119
131 100
132 116
133 117
134 161
135 159
136 121
137 113
138 123
139 115
140 149
141 155
142 148
143 172
144 218
145 242
146 235
147 227
148 274
149 246
150 268
151 257
152 252
153 253
154 257
155 244
156 224
157 227
158 240
159 188
160 196
161 170
162 199
163 209
164 187
165 155
166 126
167 138
168 93
169 111
170 78
171 81
172 102
173 98
174 104
175 97
176 68
177 71
178 72
179 62
180 63
181 51
182 40
183 54
184 42
185 18
186 32
187 33
188 25
189 15
190 19
191 11
192 8
193 14
194 11
195 7
196 9
197 7
198 6
199 6
200 8
201 9
202 3
203 2
204 4
205 1
206 1
208 1
209 4
210 4
212 1
213 1
214 4
215 1
216 1
219 3
222 1
223 1
225 1
228 3
230 1
231 5
232 4
237 2
240 2
247 1
250 1
254 1
257 1
260 1
263 1
292 2
294 1
308 1
310 1
311 2
316 2
326 1
328 1
331 1
332 1
333 1
336 1
339 2
340 1
341 1
342 1
343 1
356 1
370 1
374 1
409 1
452 1
500 1
729 1
732 2
733 2
841 1
842 1
843 1
845 1
900 1
904 1
968 1
