1 6268941
2 3940312
3 2197891
4 1193361
5 698569
6 490071
7 388600
8 311730
9 234511
10 161607
11 100459
12 57822
13 31672
14 17245
15 9200
16 4486
17 2275
18 1509
19 1371
20 1868
21 2680
22 4787
23 8383
24 13778
25 21348
26 31956
27 46137
28 64960
29 87800
30 113318
31 144824
32 179071
33 212850
34 247941
35 280684
36 305985
37 329741
38 344307
39 352275
40 351158
41 343907
42 325404
43 301282
44 275464
45 247484
46 217943
47 186579
48 157554
49 130918
50 106189
51 84980
52 66267
53 51614
54 39171
55 28943
56 21974
57 16103
58 11724
59 8303
60 5746
61 4032
62 3090
63 2356
64 1825
65 1523
66 1230
67 1290
68 1202
69 1354
70 1354
71 1370
72 1501
73 1549
74 1594
75 1596
76 1593
77 1675
78 1600
79 1758
80 1592
81 1576
82 1566
83 1432
84 1378
85 1403
86 1330
87 1261
88 1106
89 982
90 855
91 723
92 649
93 554
94 440
95 370
96 353
97 345
98 313
99 296
100 274
101 223
102 251
103 246
104 272
105 252
106 295
107 289
108 302
109 322
110 358
111 380
112 456
113 483
114 508
115 502
116 560
117 560
118 570
119 574
120 593
121 577
122 605
123 620
124 573
125 551
126 531
127 546
128 530
129 479
130 438
131 439
132 399
133 388
134 363
135 324
136 347
137 279
138 278
139 294
140 323
141 262
142 268
143 273
144 288
145 237
146 302
147 242
148 270
149 249
150 259
151 259
152 233
153 213
154 180
155 182
156 199
157 183
158 185
159 183
160 164
161 132
162 148
163 135
164 136
165 155
166 110
167 138
168 131
169 114
170 109
171 125
172 102
173 117
174 105
175 112
176 102
177 126
178 126
179 111
180 113
181 129
182 111
183 113
184 117
185 119
186 97
187 104
188 116
189 104
190 123
191 129
192 133
193 135
194 116
195 126
196 158
197 170
198 153
199 153
200 128
201 132
202 145
203 125
204 140
205 115
206 120
207 86
208 90
209 88
210 63
211 82
212 76
213 94
214 86
215 68
216 66
217 71
218 49
219 42
220 40
221 49
222 43
223 37
224 44
225 36
226 40
227 47
228 36
229 40
230 35
231 30
232 28
233 23
234 36
235 30
236 27
237 35
238 32
239 27
240 21
241 20
242 18
243 16
244 9
245 10
246 14
247 13
248 12
249 11
250 16
251 11
252 11
253 7
254 15
255 12
256 14
257 16
258 12
259 15
260 22
261 16
262 19
263 8
264 10
265 5
266 17
267 9
268 19
269 19
270 24
271 15
272 11
273 22
274 17
275 19
276 13
277 14
278 11
279 15
280 6
281 9
282 5
283 4
284 5
285 9
286 3
287 9
288 6
289 1
290 2
291 10
292 12
293 3
294 4
295 13
296 13
297 4
298 10
299 4
300 17
301 9
302 9
303 4
304 8
305 9
306 8
307 7
308 7
309 6
310 7
311 7
312 11
313 4
314 6
315 6
316 4
317 3
318 3
319 5
320 3
321 7
322 9
323 10
324 5
325 7
326 3
327 2
328 4
329 3
330 4
331 1
332 1
333 5
334 3
335 5
336 3
337 6
338 3
339 5
340 5
341 10
342 2
343 2
344 7
345 5
346 8
347 3
348 4
349 6
350 9
351 5
352 6
353 5
354 12
355 8
356 3
357 8
358 6
359 3
360 6
361 6
362 3
363 5
365 1
366 4
367 3
368 2
369 4
370 5
371 5
373 3
374 1
375 3
376 6
377 3
378 7
379 6
380 2
381 4
382 8
383 5
384 7
385 7
386 6
387 4
388 7
389 10
390 5
391 4
392 5
393 7
394 4
395 5
396 5
397 3
398 6
399 4
400 4
401 8
402 4
403 3
404 6
405 4
406 8
407 8
408 2
409 2
410 2
411 5
412 2
414 3
415 3
416 1
418 2
419 1
421 1
422 1
423 4
424 4
425 6
426 2
427 7
428 6
429 6
430 2
431 7
432 6
433 4
434 5
435 5
436 1
438 2
439 2
440 2
441 3
442 2
443 2
444 4
445 5
446 2
448 1
450 2
451 1
452 1
453 1
455 3
456 2
457 1
460 3
462 3
463 3
465 1
466 2
467 2
468 3
469 1
470 4
471 2
472 3
473 2
474 4
475 4
476 2
477 3
478 2
479 2
480 2
481 1
482 6
483 3
484 3
485 2
486 3
487 2
488 2
489 3
490 5
491 2
493 2
494 3
495 2
496 1
498 4
499 5
500 5
502 2
503 6
504 1
505 1
506 2
508 4
509 3
510 1
511 3
512 1
514 5
515 3
516 3
517 1
518 4
519 1
520 1
521 1
522 2
523 1
525 3
526 4
527 2
528 8
530 4
531 1
532 4
533 3
534 6
535 3
537 7
539 2
540 3
541 1
542 2
543 1
544 3
545 2
546 3
547 2
548 1
549 3
550 2
552 1
554 1
555 1
556 1
557 1
559 5
561 1
562 1
563 3
565 1
571 1
573 1
575 1
576 1
577 1
578 1
579 1
582 1
583 4
584 3
585 3
586 3
587 3
589 1
590 1
591 1
592 1
594 1
596 1
598 1
600 1
601 1
602 2
604 2
607 1
609 1
610 1
614 4
615 2
617 3
618 3
619 2
620 1
621 2
622 1
624 3
625 1
626 4
627 1
630 3
631 1
632 1
633 3
634 2
635 1
636 1
637 2
638 1
639 2
640 2
643 5
646 2
647 3
649 1
650 1
653 2
654 1
659 1
665 1
666 1
667 1
668 1
669 1
671 3
673 1
679 2
683 2
684 1
686 1
688 2
689 1
691 1
693 1
696 2
697 2
699 1
700 1
701 3
702 3
703 2
704 3
706 1
707 1
708 3
710 2
711 3
712 2
713 2
715 1
716 2
719 2
720 1
721 1
722 1
728 1
750 1
758 1
762 1
765 2
767 1
770 1
772 1
779 1
790 2
792 1
794 1
802 1
803 2
804 1
806 1
809 1
829 1
831 1
832 1
842 2
843 1
859 1
860 1
871 1
872 1
873 1
880 1
898 1
902 1
905 3
911 1
912 2
913 1
914 1
915 2
918 1
923 1
932 1
935 2
938 1
939 1
942 1
944 1
950 1
951 1
952 1
954 1
956 1
959 1
972 1
979 1
982 1
986 1
988 1
989 1
990 1
991 1
993 1
994 1
995 1
996 1
1001 2
1002 1
1003 1
1004 1
1011 1
1017 1
1024 1
1026 1
1027 1
1028 1
1029 1
1030 1
1032 1
1034 1
1035 1
1036 1
1045 1
1049 1
1050 1
1052 1
1053 1
1054 1
1058 2
1061 1
1064 1
1070 1
1076 1
1086 2
1087 1
1089 1
1092 1
1094 1
1095 1
1106 2
1121 1
1122 1
1124 1
1125 1
1126 1
1127 1
1128 1
1129 1
1130 1
1132 1
1133 1
1134 1
1137 2
1139 2
1141 1
1142 1
1144 1
1155 2
1157 2
1160 1
1162 3
1163 1
1170 2
1172 2
1173 2
1174 2
1175 2
1178 4
1179 1
1180 1
1181 1
1185 1
1189 1
1190 1
1196 1
1198 1
1201 1
1203 1
1204 1
1209 1
1211 1
1213 1
1214 2
1230 1
1238 1
1239 1
1241 1
1242 1
1256 1
1274 1
1278 1
1285 1
1290 1
1293 1
1303 1
1310 1
1312 1
1314 1
1317 1
1329 1
1337 1
1344 1
1345 1
1347 3
1348 1
1349 1
1353 1
1354 1
1355 1
1357 1
1368 1
1372 1
1375 1
1377 2
1378 1
1381 2
1382 1
1384 1
1391 3
1393 1
1394 1
1395 1
1396 1
1397 1
1400 1
1401 2
1404 1
1405 1
1406 1
1407 1
1408 2
1411 2
1412 1
1413 1
1415 1
1416 2
1417 1
1425 1
1432 1
1433 2
1434 1
1437 1
1438 1
1439 2
1440 3
1441 1
1442 1
1445 1
1447 1
1448 1
1453 1
1455 2
1458 1
1464 1
1469 1
1496 1
1498 1
1500 1
1502 1
1504 1
1507 1
1510 1
1512 1
1513 2
1514 1
1515 1
1516 1
1519 1
1522 2
1523 2
1524 1
1525 1
1529 1
1530 1
1534 1
1542 1
1548 2
1551 1
1554 1
1555 1
1556 1
1558 1
1567 2
1569 1
1571 1
1576 1
1581 1
1584 1
1585 1
1591 2
1612 1
1626 2
1684 1
1710 1
1718 1
1735 1
1742 1
1743 1
1750 1
1755 1
1756 1
1764 1
1792 1
1793 2
1795 1
1796 1
1802 1
1803 1
1812 1
1813 1
1819 1
1822 1
1827 1
1836 1
1841 1
1848 2
1849 1
1853 1
1854 1
1859 1
1862 1
1879 2
1880 1
1893 1
1901 1
1937 1
1941 1
1954 1
1990 1
2227 1
2241 1
2248 1
2253 1
2258 1
2281 1
2290 1
2352 1
2417 1
2461 1
2466 1
2498 1
