1 2683820
2 3177876
3 3141245
4 2989698
5 2798785
6 2429174
7 1895570
8 1352340
9 882118
10 529002
11 295469
12 154929
13 79099
14 39690
15 21980
16 12996
17 9011
18 6439
19 5041
20 4140
21 3733
22 3048
23 2700
24 2305
25 2089
26 1798
27 1530
28 1399
29 1279
30 963
31 851
32 887
33 764
34 804
35 718
36 738
37 547
38 489
39 488
40 502
41 581
42 698
43 865
44 1215
45 1638
46 2272
47 3238
48 4684
49 6733
50 9385
51 13066
52 17542
53 23438
54 30499
55 38456
56 48475
57 60591
58 72766
59 87396
60 103325
61 119488
62 136722
63 153796
64 169336
65 185451
66 197421
67 208321
68 217210
69 223051
70 225151
71 223550
72 218547
73 212179
74 202900
75 189725
76 177024
77 161708
78 147060
79 130624
80 116285
81 102265
82 87143
83 73928
84 62443
85 52036
86 42153
87 34544
88 27659
89 22166
90 17564
91 13697
92 10546
93 8140
94 6001
95 4524
96 3266
97 2432
98 1764
99 1294
100 865
101 660
102 514
103 387
104 294
105 220
106 168
107 130
108 93
109 69
110 97
111 91
112 74
113 77
114 93
115 114
116 135
117 177
118 164
119 184
120 215
121 260
122 287
123 300
124 323
125 360
126 430
127 475
128 542
129 622
130 621
131 656
132 723
133 766
134 768
135 777
136 759
137 794
138 807
139 865
140 837
141 825
142 878
143 791
144 813
145 837
146 774
147 792
148 797
149 731
150 673
151 652
152 572
153 553
154 520
155 456
156 439
157 398
158 354
159 336
160 318
161 286
162 256
163 226
164 213
165 209
166 160
167 126
168 119
169 91
170 63
171 52
172 34
173 40
174 27
175 18
176 12
177 17
178 13
179 12
180 20
181 9
182 17
183 11
184 17
185 31
186 27
187 22
188 42
189 48
190 34
191 47
192 56
193 57
194 69
195 59
196 54
197 77
198 73
199 82
200 70
201 82
202 108
203 107
204 105
205 121
206 133
207 120
208 121
209 161
210 161
211 130
212 157
213 105
214 139
215 131
216 118
217 100
218 104
219 99
220 102
221 108
222 77
223 87
224 88
225 81
226 68
227 60
228 56
229 71
230 51
231 53
232 32
233 44
234 45
235 49
236 43
237 47
238 47
239 36
240 58
241 43
242 56
243 34
244 37
245 54
246 37
247 51
248 75
249 57
250 78
251 68
252 58
253 56
254 77
255 76
256 80
257 86
258 80
259 102
260 78
261 105
262 95
263 108
264 111
265 101
266 117
267 135
268 146
269 143
270 128
271 140
272 154
273 157
274 175
275 155
276 147
277 152
278 151
279 145
280 141
281 156
282 160
283 167
284 161
285 164
286 139
287 149
288 144
289 146
290 103
291 152
292 132
293 138
294 146
295 125
296 111
297 97
298 99
299 107
300 102
301 105
302 87
303 84
304 84
305 91
306 76
307 58
308 56
309 65
310 50
311 50
312 42
313 65
314 42
315 46
316 48
317 36
318 35
319 39
320 39
321 32
322 22
323 27
324 37
325 28
326 28
327 30
328 15
329 26
330 17
331 13
332 10
333 12
334 5
335 14
336 14
337 10
338 6
339 8
340 13
341 12
342 9
343 11
344 12
345 9
346 12
347 5
348 9
349 10
350 8
351 5
352 7
353 6
354 4
355 4
356 3
358 2
359 1
360 2
361 2
362 4
363 1
364 2
365 1
366 3
367 2
368 1
369 2
374 2
375 1
376 1
378 1
386 1
389 1
391 2
392 1
393 1
396 1
401 1
403 1
405 1
406 1
407 1
409 2
411 2
412 2
413 1
414 3
415 1
418 1
420 1
422 1
424 1
426 2
439 1
440 1
443 2
444 1
461 1
477 1
504 1
506 1
509 1
510 1
512 1
521 1
524 1
525 2
526 1
546 1
567 1
571 1
579 2
580 1
581 1
583 1
587 1
591 1
617 1
643 1
649 1
652 1
656 1
658 2
659 1
661 1
711 1
745 1
801 1
1201 1
1206 1
1219 2
1251 1
1479 1
1485 1
1487 1
1508 1
1637 1
1642 1
1696 1
