1 4318113
2 3915344
3 3052627
4 2280381
5 1626723
6 1087904
7 672383
8 415131
9 279212
10 235344
11 235879
12 249147
13 251842
14 243795
15 225348
16 194879
17 160217
18 122497
19 89798
20 61782
21 41210
22 26085
23 16040
24 9480
25 5889
26 4006
27 2808
28 2019
29 1515
30 1295
31 1067
32 785
33 657
34 498
35 394
36 330
37 216
38 133
39 94
40 91
41 111
42 87
43 45
44 65
45 84
46 136
47 218
48 355
49 520
50 841
51 1273
52 1887
53 2850
54 4093
55 5851
56 8302
57 10958
58 14792
59 19547
60 25202
61 31794
62 40044
63 49798
64 60860
65 73502
66 86623
67 102052
68 117222
69 133664
70 150314
71 166571
72 180634
73 196030
74 208837
75 220257
76 227185
77 233654
78 237694
79 239181
80 238059
81 233103
82 227421
83 220111
84 209756
85 198643
86 186623
87 173652
88 158825
89 144512
90 131517
91 118082
92 105241
93 93194
94 80557
95 69979
96 59195
97 50650
98 43030
99 36213
100 30060
101 24968
102 20525
103 16747
104 13376
105 10846
106 8715
107 6951
108 5374
109 3972
110 3119
111 2342
112 1810
113 1400
114 917
115 718
116 520
117 390
118 301
119 251
120 186
121 155
122 117
123 119
124 109
125 112
126 122
127 118
128 117
129 139
130 168
131 191
132 222
133 227
134 310
135 337
136 396
137 426
138 448
139 528
140 598
141 638
142 704
143 772
144 820
145 834
146 957
147 960
148 1019
149 1056
150 1142
151 1200
152 1182
153 1140
154 1237
155 1149
156 1145
157 1194
158 1167
159 1129
160 1079
161 1063
162 1039
163 1046
164 1048
165 951
166 859
167 832
168 761
169 732
170 731
171 627
172 552
173 521
174 441
175 411
176 385
177 347
178 339
179 322
180 258
181 220
182 199
183 198
184 196
185 166
186 172
187 131
188 109
189 90
190 72
191 67
192 61
193 64
194 44
195 40
196 36
197 63
198 45
199 59
200 70
201 71
202 58
203 87
204 88
205 86
206 93
207 86
208 107
209 99
210 95
211 107
212 126
213 130
214 128
215 118
216 160
217 162
218 178
219 187
220 218
221 254
222 258
223 289
224 294
225 288
226 309
227 293
228 310
229 297
230 327
231 310
232 380
233 332
234 345
235 399
236 387
237 369
238 374
239 374
240 349
241 318
242 344
243 305
244 292
245 306
246 301
247 301
248 303
249 300
250 285
251 289
252 263
253 288
254 285
255 262
256 255
257 274
258 252
259 236
260 216
261 201
262 213
263 225
264 202
265 213
266 200
267 174
268 196
269 149
270 161
271 147
272 116
273 101
274 103
275 104
276 98
277 86
278 93
279 91
280 74
281 89
282 89
283 92
284 84
285 113
286 98
287 113
288 92
289 95
290 90
291 98
292 86
293 83
294 108
295 108
296 115
297 115
298 115
299 114
300 138
301 138
302 122
303 138
304 114
305 113
306 118
307 113
308 91
309 102
310 117
311 122
312 98
313 106
314 115
315 88
316 93
317 94
318 108
319 113
320 97
321 89
322 94
323 116
324 127
325 124
326 118
327 101
328 102
329 89
330 56
331 76
332 71
333 68
334 77
335 50
336 59
337 65
338 63
339 69
340 52
341 57
342 49
343 44
344 60
345 54
346 53
347 50
348 43
349 56
350 42
351 32
352 36
353 36
354 41
355 40
356 41
357 27
358 31
359 33
360 33
361 37
362 43
363 37
364 29
365 31
366 37
367 38
368 39
369 47
370 56
371 51
372 41
373 52
374 69
375 60
376 80
377 60
378 78
379 72
380 64
381 85
382 91
383 101
384 84
385 99
386 115
387 99
388 103
389 100
390 102
391 108
392 108
393 93
394 95
395 104
396 99
397 104
398 101
399 115
400 93
401 79
402 93
403 90
404 76
405 75
406 69
407 67
408 59
409 54
410 64
411 51
412 53
413 50
414 49
415 47
416 44
417 35
418 40
419 45
420 36
421 29
422 24
423 34
424 27
425 29
426 35
427 13
428 17
429 27
430 20
431 19
432 21
433 19
434 10
435 14
436 14
437 13
438 17
439 12
440 10
441 10
442 15
443 11
444 14
445 13
446 14
447 8
448 12
449 4
450 11
451 16
452 18
453 13
454 13
455 8
456 11
457 9
458 3
459 17
460 14
461 17
462 18
463 13
464 10
465 14
466 11
467 12
468 23
469 15
470 10
471 12
472 15
473 13
474 14
475 18
476 12
477 10
478 19
479 13
480 8
481 13
482 13
483 12
484 15
485 10
486 12
487 9
488 8
489 7
490 6
491 10
492 9
493 14
494 7
495 3
496 5
497 3
498 3
499 3
500 5
501 3
502 2
503 4
504 6
505 3
506 4
507 3
508 5
509 4
510 7
511 4
512 6
513 11
514 5
515 7
516 11
517 10
518 8
519 9
520 5
521 8
522 4
523 13
524 12
525 10
526 8
527 7
528 5
529 6
530 7
531 3
532 5
533 5
534 7
535 5
536 6
537 5
538 2
539 7
540 10
541 7
542 4
543 4
544 7
545 6
546 5
547 9
548 12
549 4
550 11
551 7
552 13
553 9
554 7
555 5
556 9
557 11
558 4
559 4
560 2
561 3
562 11
563 4
564 3
565 3
566 1
567 6
568 3
569 1
570 2
571 5
572 1
573 2
574 2
575 1
576 3
577 2
579 2
581 1
582 1
584 1
585 4
586 1
587 4
588 8
590 4
591 1
592 5
593 3
594 1
595 1
596 2
598 1
600 1
602 3
603 3
604 3
606 3
607 2
608 7
609 6
610 7
611 5
612 6
613 9
614 4
615 6
616 4
617 2
618 4
619 3
620 5
621 6
622 5
623 7
624 4
625 2
626 4
627 4
628 5
629 5
630 6
631 3
632 1
633 5
634 8
635 5
636 5
638 5
639 1
640 3
641 1
643 2
645 1
646 2
647 3
648 2
649 1
650 1
652 4
653 3
654 2
655 1
656 2
658 2
659 1
661 2
662 3
663 3
664 3
665 1
666 6
667 3
668 3
669 1
670 3
671 3
672 5
673 3
675 4
676 3
677 5
678 1
680 1
681 3
682 3
683 3
684 1
685 6
686 2
687 3
688 3
689 4
690 2
691 2
692 1
693 1
694 3
695 1
696 3
697 6
698 2
699 3
700 4
701 4
702 6
703 6
704 4
705 7
706 4
707 4
708 4
709 6
710 3
711 4
712 5
713 2
714 4
715 1
716 2
717 1
718 1
721 3
722 1
725 2
727 2
728 2
731 3
732 2
734 1
735 1
736 3
737 1
738 2
739 1
740 3
741 4
742 2
743 1
744 4
745 2
747 5
748 3
750 2
752 5
753 2
754 6
755 2
756 4
757 4
758 2
759 2
760 4
761 2
762 3
763 2
764 2
765 4
766 2
767 3
768 4
769 3
770 2
771 1
773 3
774 2
775 4
776 3
777 5
778 4
779 4
780 3
781 3
782 4
783 2
784 5
785 3
786 2
787 4
790 4
791 1
792 1
793 2
795 1
796 3
797 2
798 1
800 1
801 2
802 2
803 1
806 1
807 1
812 2
813 2
815 3
816 1
818 1
820 1
824 1
825 1
826 1
830 1
832 1
838 1
841 2
842 1
843 4
844 1
845 3
846 4
847 3
848 1
849 1
850 2
851 3
852 5
853 2
854 7
856 2
857 1
858 4
860 2
861 3
864 1
865 1
867 1
868 1
869 2
870 5
871 2
872 4
873 1
875 3
876 4
877 2
878 1
879 3
880 2
881 1
882 3
883 5
884 1
885 2
886 3
887 3
888 2
889 1
891 1
892 1
893 3
894 1
897 3
899 1
901 1
903 2
905 1
906 1
907 1
908 1
909 2
912 1
913 1
915 2
916 3
917 4
918 2
920 5
921 1
922 1
923 2
925 2
926 2
927 1
929 1
931 1
933 2
934 1
938 1
940 1
941 2
942 1
943 2
945 2
947 4
949 1
950 2
953 1
956 3
960 1
961 1
962 1
963 2
965 1
967 1
968 1
969 2
974 1
975 1
976 1
978 2
980 1
981 2
982 2
983 3
984 1
987 1
988 2
992 2
993 1
994 1
996 4
999 3
1000 1
1001 1
1002 1
1003 1
1005 1
1006 1
1007 1
1009 1
1010 1
1011 2
1012 1
1013 1
1014 1
1015 5
1017 1
1018 1
1019 1
1021 1
1024 2
1026 1
1028 2
1030 1
1031 1
1032 3
1034 1
1037 2
1038 1
1039 1
1042 1
1043 1
1045 2
1046 1
1047 1
1049 2
1051 1
1055 1
1056 1
1061 1
1062 1
1067 1
1069 2
1070 3
1072 4
1073 3
1074 2
1076 1
1077 1
1078 3
1079 1
1080 1
1081 1
1082 1
1083 5
1084 3
1085 2
1086 1
1087 4
1088 5
1090 4
1091 2
1092 1
1093 1
1094 4
1095 1
1096 4
1097 3
1098 1
1099 1
1100 1
1105 3
1106 2
1108 2
1109 1
1111 1
1112 1
1117 2
1118 1
1119 1
1120 2
1121 1
1123 1
1126 1
1128 1
1130 1
1131 1
1132 1
1135 2
1137 2
1139 2
1147 1
1151 1
1155 1
1157 1
1158 1
1162 1
1164 1
1167 1
1171 2
1173 1
1175 1
1187 1
1188 1
1192 1
1201 2
1206 2
1207 1
1209 3
1210 1
1211 2
1214 2
1216 2
1219 1
1221 2
1224 1
1225 1
1226 2
1228 1
1229 1
1230 1
1231 1
1233 1
1234 2
1235 2
1237 1
1238 1
1239 1
1240 2
1241 1
1243 2
1246 4
1248 1
1250 2
1251 2
1252 1
1253 2
1254 4
1255 1
1256 3
1257 1
1258 1
1259 1
1262 1
1264 2
1265 1
1271 1
1276 1
1280 1
1281 2
1288 1
1291 1
1292 1
1293 1
1295 1
1296 1
1301 1
1306 1
1309 1
1311 2
1313 1
1315 1
1317 2
1322 1
1327 1
1329 1
1336 1
1337 1
1341 2
1343 1
1346 1
1350 1
1354 1
1356 2
1358 1
1359 1
1360 2
1364 1
1366 2
1371 1
1372 2
1373 1
1374 1
1376 2
1380 2
1382 1
1383 1
1384 1
1386 1
1387 1
1391 1
1392 1
1397 2
1399 1
1401 1
1402 1
1418 1
1421 2
1439 1
1445 1
1454 1
1460 1
1480 1
1481 2
1491 2
1492 1
1494 1
1496 1
1498 2
1499 1
1501 1
1502 1
1503 1
1505 1
1506 1
1507 1
1508 1
1510 1
1550 1
1558 1
1563 1
1570 1
1571 1
1601 1
1602 1
1604 1
1609 1
1615 1
1665 1
1667 1
1684 1
1702 1
1717 1
1734 1
1738 1
1758 1
1763 1
1769 1
1776 1
1795 1
1813 1
1816 1
1818 1
1827 1
1830 1
1834 1
1835 1
1836 1
1837 1
1844 1
1853 1
1854 1
1856 2
1858 1
1859 1
1860 1
1864 1
1867 1
1874 1
1888 1
1889 1
1891 1
1900 1
1908 1
1926 1
1929 1
1933 1
1943 1
1947 2
1977 1
1990 1
1991 1
1995 1
1997 1
2003 1
2017 1
2018 1
2056 1
2057 2
2058 1
2060 1
2062 1
2064 1
2066 1
2068 1
2077 1
2079 1
2083 1
2089 1
2092 1
2096 1
2111 1
2124 2
2135 1
2140 1
2155 1
2170 1
2172 1
2173 1
2178 2
2179 1
2181 1
2184 1
2186 1
2207 2
2213 3
2217 1
2218 2
2219 2
2222 1
2226 1
2229 1
2232 1
2237 1
2249 1
2256 1
2257 1
2260 1
2261 1
2265 2
2270 1
2271 1
2277 1
2280 1
2289 1
2306 1
2315 1
2317 1
2320 1
2321 1
2324 1
2326 1
2327 1
2329 1
2330 2
2332 1
2334 1
2337 1
2341 1
2365 1
2370 1
2375 1
2400 1
2404 1
2406 2
2413 1
2415 2
2426 1
2429 1
2433 1
2439 1
2446 1
2448 1
2449 1
2453 2
2456 1
2466 2
2467 1
2468 1
2471 1
2473 2
2475 2
2477 1
2482 1
2484 1
2510 1
2512 1
2516 1
2530 1
2535 1
2570 1
2583 1
2585 1
2588 1
2590 1
2611 1
2618 1
2625 1
2629 1
2639 1
2640 1
2643 1
2659 1
2666 1
2667 1
2674 1
2677 1
2678 1
2679 1
2682 1
2686 1
2699 1
2709 1
2710 1
2714 1
2717 1
2720 1
2730 1
2733 1
2735 1
2739 1
2742 1
2747 2
2750 1
2751 1
2760 1
2762 2
2769 1
2770 1
2771 1
2779 1
2797 1
2808 1
2816 1
2820 1
2822 1
2824 2
2828 1
2834 1
2839 1
2847 1
2855 2
2858 1
2861 1
2862 1
2870 1
2883 1
2894 1
2902 1
2913 1
2942 2
2945 1
2946 1
2947 1
2957 1
2958 1
2975 1
2980 1
2984 1
2988 1
3018 2
3019 1
3020 1
3023 1
3024 1
3025 1
3026 1
3027 1
3029 1
3032 2
3041 1
3058 1
3065 1
3067 1
3069 1
3094 1
3102 1
3119 1
3126 1
3130 2
3134 1
3143 1
3153 1
3165 1
3182 1
3194 1
3195 1
3201 1
3204 1
3209 1
3217 1
3220 1
3223 2
3246 1
3248 1
3255 1
3257 1
3259 1
3262 1
3273 1
3325 1
3328 1
3334 1
3392 1
3503 1
3507 1
3512 1
3514 1
3515 1
3530 1
3582 1
3587 1
3589 1
3593 1
3597 1
3602 1
3612 1
3684 1
3691 1
3695 1
3705 1
3709 1
3713 1
3716 1
3727 1
3752 1
3755 1
3760 1
3803 1
3813 1
3835 1
3839 1
3849 1
3851 3
3855 1
3867 1
3884 1
3887 1
3888 1
3891 1
3934 1
3980 1
3981 1
3991 1
4565 1
4568 1
4575 1
4577 2
4579 1
4585 1
4590 1
4686 1
4755 1
4764 1
4838 1
