1 5989627
2 4072488
3 2462317
4 1378744
5 788983
6 521502
7 409031
8 351654
9 289684
10 226676
11 162869
12 107185
13 65038
14 38530
15 20903
16 10677
17 5906
18 3278
19 1862
20 1215
21 907
22 862
23 977
24 1515
25 2463
26 4046
27 6335
28 10138
29 15227
30 22621
31 32747
32 46339
33 63301
34 83482
35 108374
36 135236
37 162828
38 193066
39 221574
40 251777
41 275554
42 297366
43 313908
44 322474
45 327941
46 324841
47 316588
48 300439
49 279661
50 256611
51 231666
52 205931
53 179788
54 155289
55 131564
56 108873
57 89112
58 71979
59 57657
60 44545
61 34663
62 26308
63 19895
64 14993
65 10871
66 8098
67 5661
68 4006
69 2782
70 1926
71 1353
72 1072
73 894
74 747
75 766
76 714
77 769
78 753
79 932
80 980
81 1183
82 1181
83 1329
84 1463
85 1507
86 1489
87 1651
88 1704
89 1713
90 1735
91 1674
92 1688
93 1540
94 1518
95 1422
96 1339
97 1196
98 1081
99 1034
100 887
101 782
102 718
103 653
104 575
105 482
106 379
107 361
108 299
109 268
110 227
111 192
112 247
113 223
114 196
115 215
116 247
117 223
118 241
119 239
120 290
121 284
122 318
123 309
124 402
125 383
126 425
127 451
128 467
129 470
130 453
131 473
132 498
133 442
134 496
135 537
136 493
137 457
138 481
139 478
140 546
141 492
142 464
143 505
144 444
145 406
146 409
147 402
148 401
149 395
150 384
151 345
152 300
153 271
154 289
155 286
156 245
157 276
158 256
159 257
160 215
161 194
162 202
163 196
164 171
165 192
166 169
167 194
168 209
169 204
170 178
171 209
172 230
173 219
174 228
175 217
176 186
177 223
178 210
179 195
180 196
181 192
182 172
183 161
184 128
185 172
186 146
187 113
188 133
189 116
190 116
191 110
192 90
193 97
194 99
195 86
196 93
197 89
198 101
199 101
200 87
201 82
202 90
203 79
204 75
205 70
206 69
207 51
208 86
209 90
210 95
211 105
212 104
213 88
214 116
215 138
216 131
217 136
218 139
219 149
220 122
221 147
222 169
223 150
224 155
225 132
226 135
227 142
228 153
229 134
230 113
231 129
232 132
233 134
234 123
235 123
236 121
237 100
238 100
239 85
240 99
241 69
242 67
243 71
244 57
245 41
246 41
247 50
248 31
249 42
250 33
251 33
252 29
253 13
254 25
255 19
256 24
257 16
258 21
259 10
260 18
261 17
262 21
263 24
264 22
265 20
266 17
267 20
268 19
269 18
270 17
271 13
272 17
273 16
274 22
275 18
276 18
277 25
278 14
279 14
280 16
281 21
282 14
283 18
284 16
285 13
286 14
287 7
288 7
289 11
290 6
291 7
292 14
293 13
294 12
295 18
296 18
297 12
298 16
299 18
300 14
301 18
302 17
303 13
304 13
305 14
306 12
307 11
308 10
309 4
310 12
311 7
312 11
313 12
314 14
315 9
316 11
317 10
318 2
319 5
320 3
321 7
322 2
323 5
324 2
325 5
326 7
327 3
328 8
329 5
330 6
331 3
332 6
333 4
334 5
335 1
336 2
337 9
338 6
339 3
340 2
341 2
342 5
343 5
344 9
345 3
346 4
347 4
348 10
349 4
350 5
351 6
352 7
353 9
354 7
355 11
356 7
357 8
358 7
359 6
360 9
361 8
362 2
363 7
364 6
365 8
366 5
367 7
368 12
369 7
370 8
371 5
372 6
373 4
374 2
375 6
376 2
377 2
378 2
379 2
380 4
381 3
383 3
384 5
385 2
386 7
387 4
388 5
389 6
390 1
391 2
392 1
393 4
394 5
395 5
396 5
397 6
398 3
399 3
400 3
401 2
402 3
403 2
404 2
405 5
406 6
407 3
408 6
409 9
410 3
411 3
412 4
413 10
414 7
415 5
416 3
417 2
418 3
419 6
420 1
421 4
422 3
423 1
424 3
425 2
426 2
427 4
428 2
429 1
430 6
431 2
432 2
433 2
434 2
435 8
436 6
437 10
438 3
439 9
440 3
441 2
442 8
443 1
444 5
445 5
446 3
447 5
448 2
449 8
450 2
451 5
452 3
453 1
454 2
455 2
457 5
458 11
459 5
460 6
461 4
462 6
463 1
464 3
465 1
466 4
467 2
468 3
469 1
470 3
472 5
473 3
474 2
475 4
476 9
477 4
478 1
479 3
481 3
483 1
484 2
485 3
486 4
487 2
488 4
489 2
490 8
491 6
492 9
493 4
494 6
495 2
496 6
497 4
498 2
499 1
500 3
501 1
502 1
504 1
505 2
506 3
508 1
510 2
511 2
513 3
514 3
515 1
516 1
517 4
518 3
519 4
520 2
521 2
522 5
523 4
524 2
525 4
526 6
527 2
528 2
529 2
530 2
531 1
532 3
533 2
534 3
535 3
536 1
537 1
538 3
539 2
540 1
541 2
542 3
544 3
545 1
546 1
547 1
548 1
549 1
551 1
553 1
558 2
559 1
561 1
562 1
563 2
564 4
565 3
566 1
567 2
568 1
569 2
570 3
571 5
572 3
573 5
574 1
575 1
576 1
577 5
580 4
581 2
582 4
583 1
584 2
585 3
587 1
588 4
589 2
590 1
591 1
592 2
593 1
597 2
598 2
601 1
602 1
603 4
604 1
605 2
606 2
608 2
610 3
611 5
612 3
613 3
614 2
615 5
616 2
617 3
618 2
619 1
620 5
621 5
622 2
623 1
624 2
625 2
628 1
632 1
637 1
638 1
639 2
642 2
643 1
644 1
648 3
650 1
651 5
652 2
654 5
655 3
656 1
657 1
658 1
659 1
660 1
661 2
664 1
666 3
667 2
675 1
676 1
677 1
681 2
687 2
688 1
689 1
690 1
691 1
692 1
695 2
700 3
701 1
703 2
707 6
709 2
710 1
712 3
713 4
714 1
716 2
717 1
718 1
720 2
722 4
724 2
725 1
726 2
727 2
729 2
730 2
731 1
732 1
734 2
736 1
740 1
741 1
743 1
750 1
754 1
755 1
756 1
757 3
761 1
765 1
768 2
769 1
771 2
773 1
775 2
787 1
790 2
792 1
793 1
796 3
797 1
798 2
802 2
804 1
806 2
807 1
808 1
811 1
812 2
813 2
816 1
817 1
818 1
820 1
821 3
822 3
823 1
825 3
826 1
827 2
828 1
830 2
831 4
832 2
833 1
834 3
836 1
837 1
838 1
839 1
840 1
842 2
846 1
865 1
867 1
875 1
881 1
891 1
892 1
897 1
905 1
906 1
907 1
908 1
909 2
921 1
934 1
955 1
957 1
959 1
960 2
967 1
979 1
997 1
1006 2
1008 1
1010 1
1011 2
1012 2
1016 1
1018 1
1019 1
1021 1
1027 1
1034 1
1040 1
1047 1
1054 1
1056 1
1061 2
1066 1
1073 1
1080 1
1085 1
1086 2
1087 2
1091 1
1093 1
1100 1
1101 3
1102 2
1103 1
1106 1
1108 1
1113 1
1127 1
1133 1
1137 1
1151 1
1153 1
1156 1
1157 1
1160 1
1168 1
1170 1
1175 1
1178 1
1179 1
1181 1
1182 1
1186 1
1187 1
1188 1
1189 1
1194 1
1198 1
1205 1
1209 1
1215 1
1216 1
1217 2
1220 1
1221 1
1223 1
1224 3
1225 1
1250 1
1252 1
1258 1
1261 1
1263 1
1268 1
1280 1
1282 2
1283 1
1285 1
1286 2
1288 2
1289 1
1290 1
1291 1
1292 1
1293 2
1294 3
1295 1
1297 1
1298 2
1299 1
1303 1
1307 1
1309 2
1311 1
1314 1
1316 1
1319 1
1325 1
1335 1
1342 1
1346 1
1347 1
1348 2
1349 1
1353 1
1354 1
1356 1
1357 1
1359 1
1362 1
1365 1
1367 1
1368 1
1369 2
1370 2
1371 1
1375 1
1380 1
1383 1
1390 1
1397 1
1402 2
1403 3
1409 1
1415 1
1425 1
1428 1
1430 1
1442 1
1453 1
1463 1
1465 1
1467 2
1468 1
1477 2
1497 1
1511 1
1518 1
1522 1
1523 1
1524 1
1542 1
1548 1
1551 2
1552 2
1553 1
1554 3
1556 1
1559 1
1561 1
1566 2
1568 2
1569 1
1572 1
1574 1
1578 2
1579 2
1580 1
1581 1
1583 1
1584 2
1585 1
1588 2
1589 1
1590 1
1596 1
1599 1
1600 2
1602 1
1604 1
1610 1
1614 2
1619 1
1621 2
1623 1
1626 1
1628 1
1629 1
1632 1
1635 1
1636 1
1638 1
1643 1
1655 1
1658 1
1665 1
1671 2
1672 1
1679 1
1681 1
1684 1
1695 1
1696 1
1697 1
1699 2
1701 1
1703 1
1705 1
1710 1
1722 1
1726 1
1740 1
1741 1
1745 1
1746 1
1747 1
1748 1
1749 2
1752 1
1753 1
1755 2
1758 1
1765 1
1767 1
1769 2
1771 1
1776 1
1777 1
1779 1
1781 1
1782 1
1790 1
1797 1
1803 3
1806 1
1809 2
1814 1
1816 1
1817 1
1838 1
1894 1
1935 1
1937 2
1942 1
1943 2
1947 1
1949 1
1953 1
1957 1
1968 1
1983 1
1989 1
1990 1
2011 1
2018 1
2027 1
2034 1
2054 1
2069 1
2070 1
2072 1
2080 1
2081 1
2083 1
2086 1
2091 1
2097 1
2101 1
2103 1
2131 1
2136 1
2138 1
2144 1
2147 2
2150 1
2154 1
2184 1
2186 1
2205 1
2532 1
2534 1
2535 2
2538 1
2567 1
2568 1
2579 1
2662 1
2699 1
2702 1
2762 1
