1 4859993
2 4083365
3 2996646
4 2081287
5 1358226
6 833837
7 506444
8 343958
9 290960
10 280612
11 278366
12 267739
13 240282
14 204430
15 161237
16 119444
17 83180
18 54957
19 35620
20 21358
21 13096
22 8121
23 4966
24 3015
25 1999
26 1491
27 1099
28 896
29 640
30 412
31 307
32 245
33 243
34 170
35 167
36 184
37 176
38 259
39 384
40 684
41 952
42 1434
43 2157
44 3270
45 4873
46 7038
47 10054
48 14217
49 19199
50 25613
51 33649
52 43024
53 54813
54 67581
55 82783
56 99204
57 117287
58 135958
59 155650
60 174482
61 193520
62 209307
63 225803
64 238821
65 248765
66 255669
67 262367
68 262654
69 259409
70 253054
71 244411
72 232981
73 219211
74 205856
75 188486
76 171730
77 155208
78 138747
79 123148
80 107049
81 92612
82 79143
83 68048
84 56757
85 47831
86 39494
87 32293
88 25786
89 21204
90 16599
91 12879
92 9915
93 7909
94 6064
95 4751
96 3385
97 2635
98 1836
99 1420
100 1106
101 822
102 520
103 437
104 328
105 258
106 213
107 177
108 128
109 131
110 164
111 196
112 243
113 273
114 320
115 318
116 377
117 403
118 478
119 584
120 638
121 740
122 818
123 851
124 993
125 1041
126 1130
127 1149
128 1273
129 1299
130 1328
131 1338
132 1392
133 1433
134 1409
135 1401
136 1404
137 1387
138 1421
139 1300
140 1176
141 1096
142 1020
143 891
144 844
145 726
146 684
147 642
148 610
149 504
150 541
151 481
152 423
153 370
154 319
155 349
156 275
157 237
158 171
159 181
160 177
161 179
162 152
163 146
164 129
165 121
166 79
167 85
168 85
169 77
170 67
171 71
172 82
173 103
174 86
175 83
176 93
177 100
178 114
179 123
180 117
181 164
182 164
183 165
184 193
185 242
186 264
187 263
188 274
189 317
190 317
191 347
192 335
193 318
194 360
195 363
196 326
197 368
198 345
199 363
200 410
201 404
202 387
203 424
204 365
205 342
206 383
207 372
208 350
209 368
210 362
211 344
212 384
213 325
214 327
215 323
216 313
217 333
218 268
219 284
220 262
221 236
222 224
223 209
224 224
225 214
226 182
227 171
228 156
229 178
230 166
231 187
232 185
233 164
234 154
235 138
236 145
237 106
238 117
239 115
240 132
241 123
242 124
243 113
244 137
245 149
246 124
247 123
248 116
249 134
250 134
251 150
252 139
253 142
254 137
255 160
256 158
257 150
258 140
259 154
260 183
261 156
262 170
263 150
264 171
265 151
266 157
267 159
268 168
269 143
270 149
271 149
272 115
273 103
274 124
275 104
276 120
277 89
278 109
279 107
280 87
281 90
282 92
283 96
284 89
285 78
286 82
287 85
288 82
289 77
290 59
291 62
292 65
293 48
294 51
295 66
296 41
297 38
298 42
299 43
300 36
301 31
302 36
303 44
304 41
305 32
306 43
307 52
308 48
309 30
310 54
311 50
312 47
313 58
314 54
315 63
316 61
317 73
318 102
319 87
320 92
321 90
322 102
323 100
324 111
325 107
326 81
327 91
328 89
329 92
330 79
331 91
332 81
333 72
334 88
335 95
336 98
337 103
338 96
339 91
340 95
341 80
342 112
343 93
344 89
345 84
346 90
347 81
348 77
349 73
350 95
351 62
352 72
353 58
354 54
355 43
356 81
357 49
358 57
359 50
360 55
361 51
362 36
363 31
364 38
365 37
366 35
367 24
368 33
369 28
370 27
371 37
372 36
373 31
374 24
375 15
376 24
377 35
378 28
379 29
380 25
381 20
382 25
383 14
384 24
385 16
386 24
387 18
388 11
389 14
390 18
391 19
392 10
393 10
394 9
395 13
396 17
397 12
398 13
399 24
400 15
401 17
402 10
403 9
404 7
405 12
406 6
407 7
408 9
409 8
410 7
411 5
412 7
413 6
414 8
415 11
416 7
417 12
418 8
419 11
420 8
421 5
422 7
423 6
424 3
425 7
426 6
427 7
428 12
429 7
430 7
431 11
432 6
433 10
434 5
435 8
436 6
437 6
438 6
439 5
440 11
441 12
442 8
443 12
444 17
445 11
446 14
447 11
448 15
449 13
450 16
451 9
452 11
453 5
454 5
455 10
456 5
457 8
458 3
459 6
460 7
461 8
462 9
463 13
464 8
465 5
466 9
467 4
468 6
469 5
470 14
471 5
472 6
473 5
474 9
475 8
476 8
477 7
478 7
479 7
480 13
481 6
482 4
483 3
484 2
485 2
486 1
487 1
488 4
489 5
490 5
491 4
492 9
493 6
494 3
495 5
496 6
497 2
498 5
499 3
500 3
501 2
502 7
503 3
504 4
505 3
506 3
507 2
508 3
509 2
510 1
511 3
512 3
513 4
514 5
515 2
516 4
517 5
518 7
519 2
520 4
521 5
522 2
523 5
524 5
525 1
526 4
527 2
528 1
529 7
530 5
531 9
532 9
533 4
534 4
535 1
536 5
537 6
538 7
539 9
540 4
541 10
542 6
543 8
544 4
545 3
546 4
548 3
549 4
550 3
551 4
552 2
553 2
555 6
556 5
558 5
560 7
561 2
562 3
563 3
564 8
565 3
566 2
567 3
568 1
569 3
570 5
571 1
572 6
573 2
574 4
575 6
576 1
577 2
578 3
579 1
580 1
581 5
582 2
583 1
585 3
586 2
587 2
588 2
590 2
594 3
595 2
596 3
597 2
598 4
599 2
600 2
601 3
602 3
603 1
604 7
605 3
606 5
607 1
608 1
609 6
610 3
611 1
612 2
613 3
614 4
615 5
616 4
617 1
618 3
619 3
620 2
621 2
622 3
623 1
625 3
626 3
627 5
628 1
629 7
630 2
631 5
632 4
633 2
634 3
635 5
636 1
637 2
638 4
639 6
640 1
641 5
642 2
643 4
644 1
645 6
646 3
647 5
648 3
649 1
650 4
651 2
652 1
653 1
654 5
656 4
657 3
658 1
659 2
661 3
662 2
663 2
664 2
665 2
667 7
668 3
669 5
670 2
671 5
672 2
674 5
675 4
676 2
677 3
678 7
679 2
680 4
681 1
682 1
683 2
684 2
687 1
688 1
689 2
693 1
694 1
695 3
696 1
697 3
699 2
700 1
701 1
702 2
703 1
704 3
705 2
706 2
707 2
708 2
710 2
711 4
713 2
714 3
715 3
716 4
717 4
718 5
719 2
720 1
721 5
722 4
724 3
725 5
726 2
727 3
728 3
729 4
730 1
731 1
732 2
734 1
735 2
737 4
738 1
739 4
740 1
741 1
742 4
743 3
745 5
746 1
748 1
749 3
750 2
751 2
752 4
753 2
754 1
755 3
756 2
757 1
758 1
762 2
765 2
767 2
771 3
772 2
773 3
774 4
775 4
776 1
778 2
779 2
780 2
781 2
782 1
783 4
784 1
785 1
786 1
787 1
788 1
789 1
790 1
791 2
792 1
795 2
796 2
797 1
798 1
799 1
800 1
802 3
806 1
808 1
813 1
814 1
820 1
824 1
827 3
828 2
829 1
831 1
832 1
833 1
834 1
835 1
836 1
837 1
838 2
839 1
841 2
842 1
843 1
844 1
845 1
846 1
847 2
848 2
849 1
850 1
851 1
852 1
853 1
854 2
855 2
856 2
857 1
858 1
859 1
860 1
861 2
866 2
867 1
869 3
870 2
872 3
875 1
876 2
877 2
878 1
879 2
880 1
881 1
882 4
883 3
884 5
885 1
886 4
887 1
888 2
889 2
890 5
891 1
892 1
895 2
898 2
899 2
900 3
902 2
903 3
904 4
905 2
907 2
908 1
909 2
910 2
911 2
912 2
913 2
915 2
916 1
917 1
918 2
919 1
921 1
922 2
923 4
924 1
925 2
927 1
930 3
934 1
937 3
939 1
941 1
942 1
945 1
947 1
948 1
950 3
951 1
952 1
953 3
954 2
955 1
956 3
959 1
960 1
962 2
963 2
964 2
965 1
966 1
970 2
971 1
974 2
975 1
977 2
979 1
981 2
982 1
984 1
986 1
987 1
988 3
989 1
990 1
992 1
993 1
994 2
995 1
997 2
1000 1
1001 1
1004 1
1006 1
1008 2
1009 1
1010 2
1012 2
1016 1
1018 1
1021 1
1030 1
1032 1
1039 1
1043 2
1044 1
1045 3
1046 1
1047 2
1048 1
1049 1
1050 1
1051 1
1052 2
1053 1
1056 1
1058 3
1059 1
1060 1
1061 1
1062 1
1063 1
1067 1
1068 1
1072 1
1075 1
1080 1
1087 2
1088 1
1089 1
1090 1
1091 4
1092 1
1093 2
1095 2
1096 2
1100 1
1103 2
1104 1
1105 1
1110 1
1113 2
1114 1
1117 1
1118 1
1119 1
1121 1
1125 1
1127 1
1130 1
1134 3
1147 1
1150 2
1153 1
1154 1
1171 1
1173 2
1174 1
1178 1
1179 1
1181 1
1182 1
1191 1
1193 2
1194 3
1196 2
1197 1
1202 2
1208 1
1211 1
1219 1
1220 1
1239 1
1251 1
1255 1
1256 1
1261 1
1270 1
1271 1
1272 1
1274 1
1275 1
1278 1
1283 1
1284 2
1286 2
1287 1
1288 1
1290 1
1292 2
1293 1
1295 2
1296 1
1298 1
1300 2
1303 2
1304 1
1305 1
1308 1
1310 1
1313 2
1314 1
1315 1
1319 1
1325 1
1360 1
1398 1
1410 1
1429 1
1430 2
1440 1
1446 1
1454 1
1469 2
1481 1
1482 1
1490 1
1493 1
1502 1
1504 1
1510 1
1514 1
1515 1
1523 1
1528 1
1531 1
1550 1
1566 1
1568 1
1572 1
1575 1
1579 1
1590 1
1593 1
1604 1
1610 1
1625 1
1626 2
1630 1
1635 1
1636 1
1638 1
1647 1
1675 2
1682 1
1683 2
1686 1
1687 1
1691 1
1692 2
1697 1
1700 1
1715 1
1716 1
1719 1
1733 1
1751 1
1754 1
1755 1
1761 1
1763 1
1772 1
1778 2
1779 1
1809 1
1812 1
1823 1
1825 1
1827 2
1829 1
1830 1
1832 2
1833 2
1843 1
1876 1
1882 1
1891 1
1898 1
1899 1
1908 1
1909 1
1923 1
1926 1
1927 1
1930 1
1931 2
1932 1
1934 3
1936 1
1940 1
1944 1
1947 1
1948 1
1951 1
1959 1
1964 1
1981 1
1995 1
2001 1
2004 1
2006 1
2008 1
2009 1
2010 2
2013 1
2014 2
2016 1
2020 1
2026 1
2027 1
2033 1
2035 1
2037 1
2040 1
2041 1
2043 2
2045 1
2052 1
2058 1
2067 1
2081 2
2085 1
2088 1
2089 1
2093 1
2096 1
2097 1
2100 1
2101 1
2106 1
2109 1
2110 1
2118 1
2139 1
2140 1
2143 1
2151 1
2152 1
2160 1
2174 1
2176 1
2188 2
2191 1
2192 1
2193 1
2198 2
2208 1
2212 2
2213 1
2215 1
2217 1
2221 1
2226 1
2229 1
2232 1
2234 1
2238 1
2285 1
2286 1
2296 1
2298 1
2300 1
2314 1
2325 1
2344 1
2346 1
2347 1
2348 1
2349 1
2351 1
2363 2
2410 1
2416 1
2418 1
2420 3
2421 1
2422 3
2424 2
2425 1
2426 1
2429 2
2433 2
2436 3
2446 1
2453 1
2454 1
2457 1
2464 1
2466 1
2475 1
2480 1
2483 2
2496 1
2499 1
2503 1
2504 2
2505 2
2506 1
2511 1
2514 1
2519 1
2523 1
2529 1
2530 1
2531 1
2534 1
2537 1
2556 1
2565 2
2572 1
2574 1
2598 1
2604 1
2612 2
2615 1
2617 1
2618 1
2619 1
2623 1
2625 2
2628 1
2629 1
2636 1
2639 1
2640 1
2649 1
2653 1
2656 1
2657 1
2659 1
2662 1
2664 1
2668 1
2675 1
2676 1
2683 1
2692 1
2702 1
2706 1
2708 1
2710 1
2713 1
2714 1
2717 1
2733 1
2737 1
2747 1
2748 1
2760 1
2765 1
2770 1
2774 1
2775 1
2796 1
2852 1
2921 1
3031 1
3036 1
3051 1
3058 1
3061 1
3072 1
3079 2
3082 1
3083 1
3085 1
3090 1
3106 1
3107 1
3110 1
3114 1
3135 1
3143 1
3144 1
3145 1
3152 1
3160 1
3166 1
3172 1
3214 1
3221 1
3229 1
3237 1
3241 1
3242 1
3243 1
3293 1
3302 1
3303 2
3310 1
3347 1
3371 1
3385 1
3428 1
3432 1
3467 1
3770 1
3774 1
3777 1
3779 1
3780 1
3855 1
3969 1
3974 2
4034 1
4041 1
4089 1
