1 5733100
2 4155095
3 2641990
4 1570694
5 912439
6 561732
7 415264
8 356228
9 320401
10 275833
11 221055
12 163698
13 113514
14 72410
15 42996
16 24307
17 13227
18 7262
19 4151
20 2594
21 1692
22 1103
23 729
24 699
25 678
26 671
27 771
28 1108
29 1879
30 2998
31 4739
32 7387
33 11484
34 16735
35 24108
36 33618
37 45750
38 61479
39 79424
40 99812
41 122637
42 147186
43 173687
44 201323
45 228423
46 252968
47 273840
48 287981
49 299625
50 306260
51 307242
52 304430
53 293675
54 279274
55 263148
56 241820
57 221027
58 196733
59 172905
60 150972
61 128958
62 108698
63 90792
64 74341
65 60516
66 48452
67 38088
68 29554
69 22778
70 17309
71 13185
72 10000
73 7317
74 5476
75 3795
76 2966
77 2081
78 1594
79 1151
80 880
81 628
82 604
83 509
84 582
85 590
86 626
87 767
88 819
89 820
90 1033
91 1072
92 1126
93 1162
94 1207
95 1232
96 1321
97 1426
98 1399
99 1441
100 1453
101 1428
102 1509
103 1425
104 1496
105 1496
106 1331
107 1292
108 1181
109 1220
110 1140
111 943
112 930
113 778
114 674
115 619
116 507
117 454
118 371
119 345
120 293
121 259
122 242
123 237
124 181
125 169
126 150
127 160
128 147
129 149
130 142
131 141
132 150
133 168
134 207
135 214
136 247
137 285
138 314
139 327
140 359
141 398
142 390
143 439
144 432
145 453
146 476
147 447
148 446
149 431
150 460
151 442
152 393
153 411
154 382
155 371
156 399
157 391
158 378
159 411
160 404
161 410
162 408
163 392
164 373
165 416
166 423
167 392
168 338
169 294
170 290
171 292
172 276
173 267
174 285
175 282
176 273
177 268
178 253
179 277
180 220
181 235
182 225
183 210
184 216
185 237
186 215
187 200
188 168
189 176
190 208
191 174
192 208
193 181
194 199
195 187
196 180
197 191
198 179
199 164
200 172
201 144
202 126
203 140
204 125
205 147
206 125
207 140
208 135
209 127
210 96
211 114
212 110
213 120
214 81
215 96
216 90
217 84
218 93
219 101
220 80
221 71
222 67
223 64
224 56
225 53
226 66
227 72
228 66
229 71
230 63
231 60
232 99
233 93
234 83
235 74
236 82
237 79
238 88
239 97
240 106
241 96
242 102
243 135
244 129
245 120
246 129
247 114
248 128
249 128
250 135
251 131
252 117
253 143
254 140
255 133
256 143
257 122
258 124
259 104
260 99
261 100
262 100
263 85
264 73
265 92
266 76
267 81
268 90
269 79
270 70
271 80
272 71
273 64
274 61
275 51
276 47
277 41
278 33
279 25
280 35
281 30
282 31
283 36
284 33
285 32
286 30
287 23
288 22
289 23
290 18
291 20
292 20
293 15
294 20
295 19
296 16
297 16
298 30
299 22
300 26
301 22
302 22
303 26
304 15
305 15
306 13
307 14
308 10
309 6
310 11
311 11
312 5
313 13
314 13
315 5
316 10
317 9
318 11
319 11
320 9
321 7
322 8
323 8
324 14
325 13
326 16
327 8
328 8
329 6
330 9
331 7
332 8
333 9
334 19
335 17
336 12
337 11
338 12
339 11
340 9
341 11
342 8
343 10
344 9
345 11
346 11
347 6
348 6
349 5
350 6
351 13
352 8
353 6
354 6
355 6
356 12
357 10
358 16
359 8
360 11
361 7
362 5
363 5
364 5
365 6
366 5
367 3
368 6
369 2
370 5
371 5
372 7
373 14
374 6
375 7
376 5
377 7
378 10
379 13
380 8
381 7
382 10
383 5
384 5
385 8
386 5
387 7
388 7
389 8
390 5
391 8
392 9
393 7
394 12
395 13
396 13
397 8
398 4
399 7
400 12
401 4
402 10
403 5
404 3
405 3
406 4
407 5
408 2
409 7
410 1
411 2
412 2
413 4
414 2
415 2
416 5
417 4
418 8
419 7
420 6
421 2
422 5
423 3
424 1
425 4
426 6
427 5
428 4
429 2
430 6
431 3
432 8
433 3
434 4
435 3
436 5
437 1
438 2
439 5
440 6
441 3
442 8
443 9
444 12
445 4
446 7
447 2
448 4
449 3
450 1
451 5
452 4
453 4
454 1
456 5
457 1
459 2
460 6
461 3
462 3
463 2
464 1
465 1
466 1
467 1
468 5
469 2
470 2
471 4
472 1
473 3
474 3
475 3
476 2
477 1
478 2
480 1
481 1
482 1
483 1
484 2
485 2
486 1
487 4
488 5
489 7
490 7
491 8
492 4
493 5
494 2
495 6
496 2
497 3
498 2
499 3
500 5
501 4
502 1
503 1
505 2
506 1
507 4
508 5
509 4
510 1
511 2
512 3
513 7
514 5
515 1
516 5
517 4
518 3
519 3
521 2
522 1
523 1
524 4
525 4
526 5
528 1
529 3
531 2
532 1
533 2
534 5
535 2
536 3
538 2
539 1
540 1
541 1
542 3
543 5
544 1
545 2
546 2
547 2
548 4
549 4
551 1
552 3
553 1
554 3
555 1
556 4
557 2
558 4
559 3
560 4
561 2
563 3
564 2
565 6
566 1
567 3
568 2
569 2
570 2
572 1
573 3
574 1
575 3
577 1
578 3
579 1
580 1
581 3
582 3
583 2
584 2
585 5
586 5
587 3
588 2
589 3
590 1
591 3
592 2
593 1
595 1
596 1
598 1
599 1
602 1
605 1
607 1
608 3
609 3
610 2
611 4
613 3
614 2
616 1
617 1
618 3
619 1
623 2
624 4
625 4
626 3
627 1
628 3
630 5
631 3
632 1
633 5
634 1
637 1
640 1
642 1
643 1
644 1
646 1
648 4
649 2
650 1
651 1
652 3
653 2
655 3
656 2
657 4
658 4
659 2
660 5
661 2
662 2
663 2
665 2
666 4
668 1
669 4
672 4
673 3
674 2
675 1
676 1
678 1
679 2
680 1
681 1
682 1
683 1
684 2
685 2
686 2
687 1
688 2
690 1
691 1
692 1
696 2
698 1
703 1
704 2
705 2
708 2
710 1
712 1
714 2
715 1
717 1
718 1
719 2
720 3
721 2
722 1
723 9
724 1
726 2
727 1
728 3
731 2
732 1
734 3
735 3
736 1
738 1
740 2
741 2
742 8
743 4
744 3
745 1
746 1
747 5
748 1
750 1
752 1
753 2
756 1
757 2
759 1
760 1
761 1
762 1
765 2
766 1
768 1
770 3
771 1
772 2
776 1
777 3
778 1
779 1
780 1
781 3
782 2
783 3
786 2
787 2
788 4
789 2
790 1
792 1
794 1
795 1
800 1
801 1
805 6
806 3
807 2
809 1
810 2
811 1
812 2
814 1
817 1
818 1
820 1
822 1
824 1
826 1
829 3
830 1
831 1
836 1
840 1
841 1
842 1
844 1
847 1
849 3
852 2
854 3
855 2
856 1
857 1
858 1
860 2
862 3
863 2
864 2
865 1
866 2
867 2
868 1
870 1
871 1
872 1
885 1
901 1
903 1
904 1
905 1
907 1
908 1
909 1
910 1
911 1
912 1
913 1
914 2
916 1
917 2
919 2
920 1
921 1
924 1
925 1
931 2
933 1
934 1
936 1
937 1
938 1
940 1
941 1
942 1
943 1
946 1
950 1
956 1
959 1
968 1
969 1
974 2
1002 1
1005 1
1016 1
1040 1
1050 2
1055 1
1061 1
1062 1
1064 1
1083 1
1084 1
1085 1
1086 1
1089 1
1097 1
1101 1
1106 1
1113 1
1114 1
1116 1
1117 1
1123 1
1125 2
1126 1
1127 1
1128 1
1135 1
1157 1
1161 1
1162 1
1171 1
1172 1
1175 1
1181 1
1184 1
1186 1
1189 1
1192 3
1198 1
1199 1
1202 2
1203 1
1204 1
1205 1
1206 1
1208 1
1209 1
1210 3
1217 1
1249 2
1257 1
1259 1
1263 1
1272 4
1283 1
1304 1
1305 1
1307 1
1313 1
1315 1
1317 1
1348 1
1350 1
1358 1
1363 1
1382 1
1387 1
1388 1
1391 1
1393 1
1404 1
1405 1
1406 2
1410 2
1411 1
1413 1
1414 1
1424 1
1428 1
1431 1
1440 1
1442 2
1445 1
1449 1
1450 2
1452 1
1453 2
1455 1
1459 1
1460 4
1463 2
1469 2
1470 2
1475 1
1476 1
1477 1
1480 1
1481 1
1484 1
1485 1
1486 1
1487 2
1490 1
1491 1
1493 2
1503 1
1510 1
1524 1
1525 1
1526 1
1527 2
1528 1
1529 1
1531 2
1533 1
1534 2
1536 1
1554 1
1556 1
1559 1
1567 1
1570 1
1576 1
1579 1
1581 1
1588 1
1593 1
1596 1
1602 1
1603 1
1604 1
1606 1
1609 1
1613 2
1614 1
1615 1
1616 1
1617 2
1618 2
1621 1
1623 1
1635 1
1636 1
1652 1
1655 1
1661 1
1664 1
1665 1
1669 1
1673 1
1674 1
1677 1
1678 1
1681 4
1682 1
1699 1
1703 1
1704 1
1705 1
1708 1
1709 1
1711 1
1712 2
1713 1
1715 1
1716 2
1717 3
1718 1
1729 1
1732 1
1733 1
1737 2
1739 1
1741 1
1742 1
1746 1
1761 1
1781 1
1783 1
1786 1
1787 1
1788 1
1799 1
1800 1
1806 1
1815 1
1819 1
1821 1
1826 1
1827 2
1828 1
1829 1
1839 1
1847 2
1849 1
1856 1
1860 1
1861 1
1863 1
1864 1
1869 1
1871 1
1872 1
1875 1
1878 1
1884 1
1890 1
1893 1
1902 1
1909 1
1913 1
1920 3
1924 1
1926 1
1929 1
1953 1
1954 1
1958 1
1963 1
1965 1
1967 1
1970 1
1971 1
1974 1
1975 1
1983 1
1984 2
1996 1
2018 1
2020 1
2021 1
2026 1
2028 1
2032 1
2041 1
2062 1
2063 1
2090 1
2100 1
2141 1
2147 1
2149 1
2152 1
2156 1
2164 1
2203 2
2204 1
2258 1
2263 1
2266 1
2268 2
2270 1
2276 1
2292 1
2293 1
2295 1
2299 1
2300 1
2302 1
2309 1
2313 1
2321 1
2323 1
2324 1
2340 1
2343 1
2364 1
2366 1
2375 1
2378 1
2385 1
2403 1
2405 1
2412 1
2417 1
2429 4
2434 1
2445 1
2449 1
2477 1
2482 1
2484 1
2535 1
2539 1
2752 1
2753 1
2761 1
2765 1
2767 1
2935 1
2995 1
2996 1
3045 1
3101 1
3106 1
3144 1
