1 755
2 4408
3 17375
4 53134
5 124812
6 249334
7 433215
8 662185
9 897103
10 1105221
11 1246786
12 1288226
13 1241060
14 1127249
15 973400
16 803464
17 648897
18 519172
19 421432
20 356521
21 322557
22 308689
23 309768
24 323100
25 352265
26 387421
27 429690
28 478819
29 527519
30 574725
31 621047
32 657815
33 691470
34 716968
35 732602
36 740983
37 741551
38 730649
39 711010
40 685762
41 649735
42 607083
43 561481
44 512402
45 458696
46 406666
47 356014
48 307912
49 261227
50 219460
51 183833
52 151439
53 123179
54 99174
55 80068
56 63518
57 49921
58 39130
59 30860
60 23650
61 18765
62 14882
63 11808
64 9478
65 7649
66 6480
67 5654
68 4968
69 4551
70 4022
71 3743
72 3609
73 3417
74 3348
75 3272
76 3234
77 3194
78 3029
79 3081
80 2844
81 2781
82 2705
83 2697
84 2664
85 2560
86 2491
87 2354
88 2276
89 2096
90 2016
91 1870
92 1813
93 1725
94 1689
95 1572
96 1461
97 1413
98 1325
99 1255
100 1065
101 980
102 924
103 948
104 832
105 808
106 780
107 667
108 672
109 658
110 614
111 639
112 592
113 595
114 620
115 589
116 609
117 653
118 640
119 631
120 639
121 639
122 677
123 707
124 597
125 595
126 605
127 538
128 512
129 562
130 560
131 531
132 504
133 508
134 510
135 461
136 417
137 426
138 375
139 387
140 420
141 375
142 394
143 386
144 411
145 401
146 397
147 442
148 529
149 482
150 508
151 530
152 512
153 569
154 539
155 521
156 546
157 543
158 537
159 489
160 563
161 531
162 487
163 482
164 466
165 504
166 410
167 456
168 429
169 422
170 399
171 369
172 392
173 381
174 344
175 361
176 328
177 318
178 344
179 329
180 286
181 258
182 259
183 208
184 204
185 180
186 162
187 183
188 170
189 166
190 157
191 157
192 149
193 139
194 131
195 111
196 99
197 110
198 119
199 110
200 123
201 102
202 118
203 127
204 105
205 119
206 99
207 109
208 105
209 119
210 112
211 101
212 106
213 120
214 109
215 95
216 116
217 103
218 76
219 88
220 98
221 64
222 76
223 67
224 70
225 77
226 84
227 72
228 89
229 78
230 74
231 71
232 64
233 82
234 63
235 103
236 72
237 69
238 86
239 78
240 68
241 80
242 87
243 80
244 71
245 70
246 55
247 71
248 54
249 61
250 56
251 68
252 67
253 52
254 66
255 51
256 47
257 65
258 72
259 59
260 59
261 63
262 66
263 66
264 68
265 52
266 44
267 73
268 64
269 51
270 43
271 46
272 41
273 29
274 32
275 27
276 32
277 34
278 36
279 32
280 36
281 37
282 31
283 37
284 36
285 30
286 40
287 30
288 20
289 31
290 27
291 43
292 40
293 41
294 44
295 52
296 39
297 33
298 44
299 37
300 36
301 51
302 47
303 38
304 42
305 49
306 63
307 60
308 50
309 43
310 56
311 58
312 47
313 43
314 37
315 43
316 45
317 45
318 30
319 30
320 35
321 38
322 33
323 21
324 21
325 28
326 41
327 32
328 37
329 30
330 36
331 35
332 31
333 20
334 27
335 23
336 12
337 29
338 22
339 21
340 21
341 22
342 24
343 25
344 27
345 21
346 29
347 27
348 41
349 23
350 36
351 32
352 24
353 24
354 30
355 26
356 16
357 28
358 38
359 27
360 23
361 27
362 29
363 33
364 29
365 39
366 36
367 35
368 26
369 24
370 31
371 23
372 34
373 42
374 39
375 43
376 33
377 54
378 40
379 42
380 40
381 32
382 41
383 39
384 30
385 41
386 36
387 37
388 41
389 31
390 35
391 35
392 20
393 22
394 33
395 13
396 21
397 19
398 18
399 17
400 6
401 15
402 12
403 15
404 3
405 12
406 4
407 3
408 8
409 6
410 4
411 7
412 8
413 12
414 11
415 13
416 10
417 8
418 7
419 8
420 11
421 8
422 6
423 5
424 4
425 7
426 3
427 8
428 4
429 3
430 3
431 4
432 14
433 6
434 6
435 6
436 6
437 2
438 3
439 2
440 5
441 4
442 4
443 6
444 2
445 2
446 5
447 1
448 5
449 2
450 4
451 7
452 8
453 4
454 4
455 3
456 4
457 2
458 2
459 6
460 3
461 2
462 3
463 5
464 4
465 5
466 4
467 6
468 3
469 3
470 9
471 4
472 5
473 6
474 5
475 3
476 6
477 9
478 6
479 3
480 4
481 3
482 3
483 1
484 5
485 2
486 3
487 3
488 4
489 2
490 2
491 3
492 1
493 4
494 4
495 5
496 7
497 5
498 1
499 3
500 6
501 5
502 1
503 1
504 5
505 4
506 3
507 3
508 6
509 3
510 5
511 2
512 2
513 3
514 2
515 1
517 1
518 1
519 2
520 1
521 4
522 8
523 3
525 4
526 2
527 2
528 2
529 3
530 2
532 1
534 2
535 1
536 1
537 3
538 2
539 4
540 3
541 3
542 6
543 4
544 4
545 3
546 2
547 9
548 3
549 2
550 1
551 2
552 1
553 1
554 1
555 2
556 1
557 1
558 1
559 2
562 2
563 1
564 3
565 1
567 1
568 1
569 2
571 1
574 2
576 3
578 1
579 1
580 2
581 1
582 2
583 2
584 1
585 3
586 1
587 2
588 4
589 2
590 1
591 2
592 2
593 4
594 1
595 3
596 2
597 2
600 1
601 2
602 2
603 2
605 1
607 1
608 2
609 1
611 1
616 1
619 2
620 1
621 1
622 2
623 1
624 4
627 3
628 3
629 2
630 2
631 1
632 3
633 4
634 3
635 5
636 2
637 4
638 6
639 2
640 2
642 1
643 2
644 1
645 1
646 5
647 1
648 4
649 3
650 4
651 4
652 1
653 4
654 1
655 3
656 7
657 3
658 4
659 1
660 2
661 2
662 3
664 2
665 3
666 1
667 1
668 3
669 2
670 2
671 2
672 2
673 2
674 1
675 2
676 3
677 2
678 1
680 2
682 4
683 1
684 1
685 3
687 1
688 2
689 2
690 2
691 2
692 1
694 1
695 1
696 2
697 2
699 1
701 1
702 1
706 1
708 1
713 1
719 1
720 2
721 1
723 2
724 1
726 1
727 1
730 1
736 1
737 1
739 1
742 1
749 1
750 1
756 1
760 1
761 1
763 1
764 1
765 2
766 2
767 1
771 1
772 1
773 2
779 1
780 2
781 1
782 1
783 1
790 1
793 1
794 1
796 1
797 2
800 1
801 2
802 1
804 1
817 1
818 1
819 1
821 1
822 1
825 1
826 2
828 1
830 2
831 2
835 2
838 1
839 1
843 1
862 1
865 1
867 1
868 3
870 2
871 2
875 2
877 1
881 1
882 2
884 1
886 1
887 1
889 1
890 2
891 1
893 1
894 1
895 3
903 2
906 2
908 1
909 3
911 1
912 1
913 2
918 2
919 2
921 1
922 1
929 1
939 1
942 1
944 1
945 2
947 2
952 1
953 1
960 1
961 2
962 1
964 1
965 1
966 1
967 2
974 1
979 1
984 2
988 1
993 1
994 2
995 1
996 1
997 1
998 1
1003 2
1004 1
1006 2
1007 1
1008 1
1009 2
1011 1
1014 1
1015 1
1016 1
1018 1
1020 1
1021 2
1030 1
1031 1
1037 2
1049 1
1058 2
1059 1
1064 1
1065 1
1066 1
1067 1
1068 2
1070 1
1071 2
1072 1
1073 1
1074 1
1075 2
1077 1
1078 1
1081 1
1082 1
1083 1
1084 2
1085 1
1086 1
1088 1
1090 1
1091 1
1093 3
1095 2
1096 2
1099 1
1102 1
1105 1
1106 1
1107 1
1112 3
1113 1
1114 1
1115 1
1116 1
1120 3
1123 4
1124 2
1132 1
1135 1
1136 1
1141 1
1143 2
1145 1
1148 1
1152 1
1158 1
1159 1
1161 1
1164 1
1165 2
1166 1
1170 1
1175 1
1176 3
1178 1
1181 1
1182 2
1183 1
1184 1
1187 1
1188 3
1189 1
1191 1
1192 1
1196 1
1197 1
1205 2
1206 1
1209 1
1210 1
1212 1
1216 1
1217 1
1222 1
1223 2
1225 2
1234 1
1243 1
1247 1
1248 1
1253 1
1254 1
1255 1
1272 1
1273 1
1274 1
1279 1
1304 1
1315 1
1323 1
1338 1
1345 1
1348 2
1349 1
1354 1
1359 1
1370 1
1377 1
1381 1
1397 1
1399 1
1414 1
1417 1
1424 1
1426 1
1427 1
1430 1
1436 1
1439 1
1454 1
1458 1
1460 2
1461 2
1462 2
1471 1
1472 1
1480 1
1482 1
1484 1
1485 1
1486 1
1487 1
1488 1
1489 1
1490 1
1491 1
1495 1
1504 1
1506 1
1527 1
1544 1
1567 1
1574 1
1583 1
1588 1
1589 1
1593 1
1618 1
1623 1
1813 1
1843 1
1844 2
1846 3
1847 1
1850 2
1852 1
1858 1
1860 1
1862 1
1863 1
1870 1
1875 1
1876 1
1880 1
1883 1
1884 1
1885 1
1889 1
1893 1
1912 1
1917 1
1918 1
1925 1
1950 1
3499 2
3516 1
3532 1
3537 1
3539 1
3546 1
3550 1
3554 1
3556 1
