1 514
2 2554
3 11436
4 35743
5 86425
6 179708
7 327064
8 521560
9 743760
10 959602
11 1131528
12 1235479
13 1255560
14 1184580
15 1059553
16 904251
17 737980
18 592287
19 472448
20 385536
21 327998
22 296399
23 283280
24 284178
25 297711
26 321106
27 350655
28 387310
29 431863
30 474653
31 519887
32 561888
33 600304
34 637782
35 667840
36 693167
37 707377
38 714341
39 715796
40 706009
41 687006
42 665017
43 632242
44 593373
45 550536
46 504034
47 455246
48 406975
49 358917
50 311746
51 269095
52 229040
53 193527
54 160983
55 131882
56 107435
57 88343
58 70507
59 55740
60 44497
61 34738
62 27893
63 21687
64 17125
65 13416
66 10571
67 8645
68 7181
69 6112
70 5285
71 4761
72 4349
73 4059
74 3621
75 3468
76 3249
77 3206
78 3233
79 3143
80 3041
81 2943
82 2765
83 2670
84 2668
85 2655
86 2540
87 2601
88 2473
89 2493
90 2392
91 2263
92 2272
93 2149
94 1997
95 1967
96 1900
97 1806
98 1728
99 1548
100 1502
101 1439
102 1403
103 1303
104 1215
105 1222
106 1165
107 1081
108 977
109 879
110 864
111 839
112 788
113 734
114 690
115 574
116 543
117 531
118 528
119 516
120 511
121 509
122 517
123 560
124 575
125 609
126 602
127 591
128 579
129 630
130 552
131 559
132 551
133 586
134 572
135 591
136 577
137 473
138 445
139 407
140 401
141 423
142 359
143 409
144 373
145 378
146 350
147 389
148 358
149 382
150 406
151 406
152 429
153 391
154 395
155 403
156 348
157 397
158 400
159 407
160 447
161 516
162 506
163 542
164 564
165 550
166 608
167 587
168 548
169 493
170 523
171 516
172 533
173 525
174 523
175 543
176 514
177 503
178 451
179 470
180 444
181 421
182 371
183 364
184 330
185 302
186 263
187 251
188 218
189 194
190 181
191 177
192 145
193 176
194 163
195 146
196 153
197 153
198 136
199 127
200 123
201 134
202 123
203 104
204 117
205 133
206 116
207 99
208 108
209 107
210 107
211 112
212 120
213 94
214 105
215 102
216 108
217 127
218 112
219 106
220 122
221 79
222 95
223 99
224 68
225 76
226 66
227 88
228 97
229 104
230 95
231 82
232 82
233 87
234 82
235 79
236 105
237 88
238 84
239 99
240 93
241 79
242 95
243 78
244 68
245 63
246 66
247 54
248 71
249 70
250 84
251 82
252 66
253 54
254 59
255 56
256 54
257 66
258 82
259 74
260 66
261 64
262 79
263 80
264 75
265 72
266 61
267 74
268 63
269 49
270 67
271 57
272 50
273 53
274 50
275 44
276 43
277 41
278 29
279 33
280 32
281 29
282 41
283 35
284 31
285 31
286 45
287 36
288 32
289 32
290 23
291 33
292 36
293 28
294 29
295 43
296 28
297 38
298 39
299 33
300 26
301 30
302 47
303 21
304 41
305 43
306 44
307 38
308 33
309 43
310 66
311 45
312 54
313 50
314 49
315 44
316 44
317 49
318 47
319 46
320 55
321 52
322 51
323 48
324 48
325 68
326 55
327 47
328 61
329 47
330 41
331 57
332 51
333 38
334 46
335 55
336 33
337 20
338 32
339 37
340 31
341 33
342 32
343 32
344 27
345 21
346 24
347 27
348 29
349 30
350 25
351 25
352 20
353 29
354 30
355 27
356 16
357 26
358 15
359 26
360 24
361 13
362 13
363 29
364 15
365 23
366 19
367 15
368 15
369 19
370 18
371 10
372 14
373 14
374 21
375 18
376 28
377 25
378 25
379 20
380 28
381 24
382 20
383 11
384 20
385 21
386 21
387 25
388 24
389 15
390 31
391 32
392 31
393 27
394 28
395 24
396 23
397 24
398 18
399 25
400 21
401 20
402 26
403 26
404 27
405 31
406 20
407 25
408 21
409 31
410 29
411 25
412 20
413 38
414 30
415 34
416 29
417 26
418 34
419 27
420 27
421 13
422 26
423 33
424 30
425 19
426 20
427 28
428 18
429 15
430 11
431 21
432 12
433 20
434 12
435 19
436 17
437 7
438 13
439 12
440 8
441 16
442 7
443 11
444 10
445 14
446 19
447 18
448 12
449 7
450 5
451 7
452 5
453 3
454 5
455 5
456 8
457 6
458 4
459 6
460 8
461 4
462 1
463 6
464 1
465 9
467 1
468 3
469 5
470 8
471 8
472 7
473 7
474 7
475 9
476 3
477 5
478 4
479 3
480 4
481 2
482 3
483 6
484 4
485 3
486 7
487 3
488 6
489 3
490 7
491 1
492 2
493 2
494 5
495 6
496 9
497 4
498 5
499 8
500 4
501 4
502 5
503 4
504 3
505 2
506 5
507 1
508 3
509 1
510 1
511 3
512 1
513 2
514 2
515 3
517 3
518 1
519 1
520 1
521 4
522 3
523 1
524 1
525 2
526 3
527 3
528 3
530 3
532 3
533 6
534 2
535 3
536 3
537 2
538 4
539 1
540 4
541 2
542 4
543 2
544 5
545 3
547 3
549 2
550 3
551 2
552 2
553 1
554 2
555 2
556 3
560 1
563 1
564 2
565 1
567 1
568 2
570 1
574 2
575 1
576 2
578 3
579 4
580 7
581 3
582 3
583 5
584 3
585 4
586 2
587 3
590 1
592 1
597 1
598 1
599 2
600 1
601 3
602 1
604 4
605 2
606 3
609 1
611 1
618 2
620 1
622 2
623 1
625 1
627 1
628 1
629 1
635 1
636 1
638 1
639 1
640 1
641 2
642 3
643 2
644 2
645 1
646 1
648 1
649 1
651 2
652 2
653 5
654 1
656 2
658 1
659 5
660 1
661 3
663 1
664 5
665 2
666 1
667 5
668 2
670 1
671 4
672 1
673 2
674 4
675 2
676 1
677 1
678 1
679 1
680 1
681 4
682 3
683 1
684 2
685 5
686 1
687 1
688 7
689 4
690 3
691 2
692 3
694 2
695 1
697 1
698 2
699 1
700 1
701 2
702 1
703 1
704 1
705 2
707 7
708 1
709 5
711 4
713 3
717 1
718 3
719 1
720 2
721 2
722 2
723 2
724 1
728 1
729 1
730 1
732 2
734 1
735 1
739 2
744 1
745 1
750 1
752 1
755 4
757 2
759 2
761 1
763 3
764 1
765 1
768 3
771 2
772 2
774 1
775 1
776 2
779 1
784 2
785 1
786 1
787 1
790 2
792 1
793 2
800 1
801 1
803 2
804 1
807 1
809 1
811 1
817 1
818 3
820 4
821 1
822 1
830 1
833 1
834 1
835 1
836 1
837 1
838 2
851 3
855 1
856 1
858 2
859 2
860 1
862 1
872 1
875 1
877 1
879 2
883 1
885 1
888 1
889 1
890 2
893 1
896 1
907 1
908 1
909 1
910 2
911 2
913 2
915 1
918 1
921 1
922 1
927 2
928 1
929 1
930 1
931 2
933 2
935 2
940 1
941 2
942 1
947 1
953 1
954 1
956 1
958 1
959 1
961 1
962 1
963 2
965 1
966 1
969 1
970 3
975 1
978 1
980 1
984 1
988 2
992 1
999 3
1000 2
1002 1
1004 1
1009 1
1014 1
1015 2
1018 1
1020 1
1022 1
1024 1
1025 2
1027 2
1028 1
1031 1
1033 1
1038 1
1043 1
1045 1
1046 1
1050 2
1052 1
1057 2
1059 1
1064 3
1065 2
1066 1
1067 1
1069 1
1071 1
1072 1
1073 2
1074 1
1076 1
1077 1
1078 2
1081 1
1083 1
1086 1
1096 1
1097 1
1098 1
1099 1
1103 2
1105 3
1107 2
1108 2
1111 1
1119 1
1120 1
1121 1
1122 2
1127 1
1129 1
1131 1
1132 1
1133 2
1135 1
1138 1
1141 1
1143 1
1145 1
1146 1
1151 1
1153 1
1158 1
1159 1
1160 1
1161 1
1162 1
1163 1
1164 3
1171 2
1176 1
1178 1
1185 1
1189 1
1190 1
1191 2
1195 1
1196 1
1198 1
1200 1
1206 1
1214 1
1220 2
1222 1
1223 1
1224 1
1225 1
1228 1
1231 1
1234 1
1238 1
1241 2
1246 1
1248 1
1250 2
1251 1
1254 1
1255 2
1257 1
1259 1
1262 1
1264 1
1265 1
1266 1
1267 1
1274 1
1275 1
1285 1
1286 1
1288 1
1290 1
1292 1
1295 1
1296 1
1300 1
1303 1
1304 1
1308 1
1312 1
1314 1
1315 1
1319 1
1322 1
1329 1
1334 1
1338 1
1342 1
1351 1
1355 1
1357 1
1362 2
1366 1
1373 1
1378 1
1393 1
1404 1
1405 2
1406 2
1407 1
1410 1
1427 1
1438 1
1448 1
1465 1
1479 1
1480 1
1487 2
1513 1
1522 1
1527 1
1534 1
1535 2
1536 2
1537 1
1540 1
1541 1
1543 1
1556 1
1563 1
1567 1
1572 2
1574 1
1580 1
1589 1
1603 1
1608 1
1611 1
1628 1
1635 2
1640 1
1647 1
1648 1
1655 1
1658 1
1662 1
1664 1
1684 1
1690 1
1703 1
1717 1
1723 1
1828 1
1830 1
1832 1
1836 1
1837 1
1843 1
1844 1
1845 1
1848 1
1849 1
1850 1
1862 1
1863 1
1871 2
1873 1
1875 1
1876 2
1883 1
1889 1
1892 1
1956 1
1998 1
2001 1
2038 1
2062 1
2067 1
2099 1
3660 1
3663 1
3676 1
3690 1
3693 2
3694 1
3696 1
3702 1
3714 1
