1 833
2 4736
3 17065
4 51213
5 123065
6 251958
7 438265
8 662602
9 902733
10 1108736
11 1235339
12 1284932
13 1245993
14 1132540
15 971091
16 802026
17 643386
18 516183
19 419422
20 357750
21 323499
22 308493
23 310256
24 326011
25 354911
26 393802
27 433996
28 480075
29 526655
30 570886
31 613700
32 654827
33 689517
34 713757
35 731269
36 739675
37 738562
38 729640
39 713094
40 686129
41 651028
42 607450
43 562235
44 509948
45 460072
46 408156
47 358338
48 308861
49 263385
50 220238
51 184809
52 151822
53 123871
54 99750
55 79696
56 62887
57 49908
58 39016
59 30595
60 23900
61 18675
62 14612
63 11787
64 9297
65 7675
66 6496
67 5454
68 4752
69 4343
70 4071
71 3791
72 3647
73 3441
74 3259
75 3128
76 3114
77 3039
78 3111
79 3091
80 2993
81 2810
82 2670
83 2601
84 2532
85 2479
86 2453
87 2302
88 2163
89 2086
90 1895
91 1887
92 1836
93 1670
94 1588
95 1497
96 1339
97 1314
98 1329
99 1251
100 1168
101 1114
102 1077
103 1085
104 1001
105 920
106 878
107 819
108 849
109 849
110 843
111 776
112 716
113 679
114 696
115 676
116 702
117 682
118 632
119 678
120 656
121 647
122 551
123 589
124 552
125 509
126 514
127 524
128 500
129 487
130 480
131 432
132 381
133 390
134 397
135 383
136 351
137 330
138 378
139 367
140 336
141 366
142 344
143 381
144 431
145 403
146 486
147 466
148 555
149 537
150 543
151 553
152 587
153 581
154 560
155 601
156 566
157 564
158 576
159 585
160 586
161 565
162 602
163 520
164 478
165 486
166 538
167 470
168 434
169 421
170 396
171 407
172 382
173 398
174 372
175 325
176 274
177 234
178 236
179 225
180 222
181 231
182 227
183 200
184 187
185 165
186 154
187 174
188 156
189 147
190 139
191 138
192 174
193 152
194 126
195 166
196 143
197 157
198 136
199 115
200 129
201 114
202 138
203 123
204 95
205 106
206 85
207 111
208 99
209 111
210 101
211 120
212 127
213 108
214 105
215 96
216 96
217 103
218 106
219 84
220 77
221 82
222 81
223 105
224 88
225 68
226 66
227 70
228 64
229 56
230 66
231 75
232 74
233 73
234 55
235 59
236 72
237 62
238 53
239 64
240 60
241 64
242 76
243 64
244 79
245 66
246 62
247 73
248 81
249 60
250 72
251 61
252 81
253 82
254 58
255 55
256 74
257 52
258 51
259 51
260 40
261 37
262 64
263 49
264 65
265 55
266 48
267 47
268 46
269 41
270 48
271 42
272 39
273 47
274 35
275 45
276 48
277 41
278 43
279 40
280 44
281 42
282 31
283 42
284 31
285 40
286 25
287 25
288 28
289 31
290 37
291 33
292 39
293 38
294 33
295 54
296 53
297 60
298 42
299 38
300 56
301 48
302 41
303 44
304 42
305 37
306 36
307 32
308 37
309 30
310 40
311 43
312 40
313 41
314 32
315 35
316 46
317 32
318 27
319 29
320 43
321 54
322 50
323 39
324 48
325 40
326 50
327 53
328 54
329 34
330 48
331 32
332 33
333 31
334 34
335 34
336 24
337 23
338 23
339 26
340 26
341 27
342 18
343 25
344 20
345 21
346 17
347 18
348 23
349 21
350 18
351 16
352 11
353 26
354 19
355 18
356 17
357 13
358 21
359 11
360 13
361 22
362 16
363 29
364 24
365 33
366 35
367 31
368 24
369 28
370 33
371 32
372 18
373 27
374 34
375 32
376 29
377 28
378 34
379 31
380 18
381 27
382 22
383 28
384 30
385 37
386 30
387 42
388 30
389 35
390 28
391 30
392 35
393 35
394 30
395 25
396 30
397 42
398 36
399 32
400 47
401 33
402 40
403 28
404 35
405 34
406 28
407 20
408 13
409 16
410 13
411 11
412 15
413 16
414 19
415 14
416 10
417 10
418 9
419 5
420 7
421 6
422 8
423 6
424 3
425 13
426 7
427 13
428 11
429 11
430 11
431 10
432 8
433 11
434 4
435 5
436 5
437 1
438 5
439 8
440 7
441 2
442 5
443 6
444 1
445 1
446 3
447 4
448 2
449 3
450 2
451 7
452 4
453 5
454 1
455 3
456 5
457 4
458 4
459 4
460 2
461 4
462 5
463 2
464 1
465 5
466 3
467 2
468 2
469 1
470 4
471 1
472 2
473 3
474 1
476 2
477 4
478 4
479 3
480 6
481 2
482 5
483 1
484 1
485 1
486 2
487 3
488 5
489 2
490 1
491 3
492 3
493 3
494 4
495 5
496 1
497 7
498 6
499 1
500 5
502 7
503 6
504 6
505 3
507 1
508 2
509 3
510 3
511 3
513 5
514 4
515 2
516 4
517 3
518 1
519 5
520 7
521 3
522 1
524 1
525 1
526 4
527 2
528 1
529 2
530 2
531 2
532 2
533 1
534 1
535 1
537 1
541 1
544 1
547 1
551 1
552 1
554 1
557 1
558 3
559 1
560 3
561 2
562 6
563 4
564 4
565 3
566 5
567 2
568 3
570 3
571 1
572 1
573 1
574 1
576 1
579 1
580 2
582 1
584 1
585 1
587 2
589 3
590 1
591 1
592 1
593 1
597 2
599 2
600 1
602 1
603 2
604 1
607 1
608 1
612 1
615 1
620 1
622 1
623 2
625 1
627 1
635 1
636 2
637 3
638 1
639 2
640 3
641 2
643 5
644 5
645 2
646 1
647 3
648 3
649 2
650 1
651 1
652 4
653 2
654 6
655 3
656 6
657 6
658 8
659 3
660 6
661 1
662 7
663 2
664 2
665 4
666 7
667 3
668 1
669 1
670 3
671 4
672 1
673 2
674 1
676 1
679 3
680 3
681 2
683 3
684 3
685 3
686 3
687 3
688 1
689 3
690 2
694 1
695 1
696 1
697 1
698 1
701 1
703 1
704 2
705 2
706 1
708 1
715 1
717 1
718 1
723 1
724 1
728 1
729 1
731 1
734 2
736 1
738 1
739 3
741 1
744 2
745 1
749 1
750 1
751 1
752 1
754 1
757 3
762 1
768 2
769 1
771 1
777 1
778 2
780 1
781 1
782 1
783 1
784 1
786 1
791 1
792 2
805 1
807 1
811 1
812 1
815 1
818 1
819 2
821 1
822 2
824 1
834 1
836 2
838 2
840 4
841 1
843 2
845 1
847 1
849 1
850 1
856 1
859 1
862 2
865 3
866 3
869 1
872 1
876 1
879 1
880 2
882 2
897 1
899 1
901 1
902 2
903 2
904 3
905 5
906 4
908 4
910 1
911 3
912 2
915 1
916 1
917 1
919 2
920 1
925 1
926 1
927 1
928 1
932 1
935 1
936 1
937 1
939 1
946 2
949 1
950 1
952 1
954 1
958 1
961 2
964 1
966 1
967 1
968 2
970 2
971 1
972 1
974 2
976 1
977 1
978 1
980 1
982 1
986 1
995 1
997 1
999 2
1000 1
1008 1
1010 1
1011 1
1013 2
1014 1
1021 1
1029 1
1032 1
1036 1
1040 1
1044 2
1046 1
1047 2
1048 1
1050 1
1055 1
1056 1
1057 1
1059 1
1060 2
1062 1
1063 3
1065 1
1067 1
1068 3
1070 1
1071 1
1074 1
1075 1
1077 2
1079 1
1080 1
1082 1
1083 2
1084 2
1091 2
1094 2
1095 1
1096 1
1103 2
1105 1
1108 1
1124 1
1129 1
1131 1
1132 1
1133 1
1135 1
1136 1
1137 1
1138 2
1139 1
1140 1
1141 1
1142 1
1143 1
1144 1
1145 2
1146 1
1149 1
1158 2
1159 1
1160 1
1167 1
1173 1
1177 1
1183 1
1184 1
1186 4
1187 2
1189 1
1191 1
1196 2
1203 1
1204 2
1206 1
1207 2
1210 1
1214 1
1215 1
1230 1
1235 1
1240 1
1241 1
1246 1
1249 1
1251 1
1252 1
1255 1
1257 1
1260 2
1265 1
1272 1
1282 1
1287 2
1288 1
1290 1
1291 1
1292 1
1317 1
1321 1
1332 1
1354 1
1355 1
1359 1
1363 1
1366 1
1367 1
1373 1
1379 1
1390 1
1396 1
1403 2
1410 1
1415 1
1422 1
1425 1
1427 1
1430 1
1431 1
1433 1
1434 1
1436 2
1438 1
1443 1
1456 1
1458 1
1461 1
1465 1
1470 2
1472 1
1477 2
1480 1
1481 1
1489 1
1491 1
1518 1
1522 1
1528 2
1548 1
1551 1
1750 1
1751 1
1753 1
1766 1
1768 1
1774 1
1795 1
1796 1
1798 1
1799 2
1800 1
1804 1
1827 1
1829 1
1836 2
1837 1
1838 1
1839 2
1840 1
1841 1
1843 1
1845 1
1849 1
1860 2
1861 1
3504 1
3506 1
3509 2
3510 2
3513 1
3518 1
3532 1
3541 1
