1 3489741
2 3804172
3 3619772
4 3258687
5 2696266
6 2006369
7 1338680
8 803955
9 439567
10 221002
11 106675
12 51335
13 25673
14 14392
15 9233
16 6765
17 5356
18 4361
19 3411
20 2965
21 2439
22 1986
23 1852
24 1494
25 1237
26 1091
27 965
28 884
29 721
30 719
31 716
32 896
33 1049
34 1475
35 2092
36 3113
37 4624
38 6790
39 9864
40 14124
41 19547
42 27358
43 36797
44 47683
45 61034
46 76183
47 92889
48 111834
49 131750
50 152687
51 171944
52 191189
53 208083
54 222968
55 234630
56 243299
57 246863
58 245303
59 241026
60 233049
61 221944
62 207219
63 188901
64 170988
65 151765
66 132902
67 115019
68 97274
69 81510
70 67194
71 54576
72 44248
73 35286
74 27382
75 21139
76 16522
77 12409
78 9153
79 6740
80 4942
81 3714
82 2584
83 1820
84 1304
85 930
86 711
87 479
88 330
89 230
90 184
91 189
92 203
93 202
94 203
95 245
96 247
97 255
98 271
99 351
100 376
101 456
102 478
103 534
104 586
105 618
106 739
107 797
108 907
109 915
110 957
111 958
112 1006
113 991
114 1039
115 1024
116 994
117 1012
118 988
119 975
120 903
121 886
122 828
123 777
124 708
125 588
126 545
127 477
128 448
129 421
130 375
131 321
132 248
133 238
134 176
135 172
136 174
137 157
138 136
139 127
140 125
141 90
142 84
143 71
144 64
145 70
146 57
147 36
148 54
149 53
150 47
151 44
152 53
153 51
154 55
155 50
156 54
157 66
158 56
159 57
160 86
161 77
162 90
163 93
164 131
165 124
166 125
167 131
168 116
169 109
170 112
171 121
172 131
173 123
174 105
175 102
176 112
177 97
178 120
179 116
180 138
181 122
182 128
183 108
184 111
185 129
186 125
187 107
188 100
189 93
190 91
191 93
192 89
193 86
194 89
195 86
196 79
197 89
198 84
199 63
200 52
201 64
202 88
203 75
204 87
205 92
206 78
207 78
208 96
209 101
210 118
211 114
212 105
213 119
214 100
215 129
216 118
217 139
218 146
219 124
220 149
221 173
222 146
223 164
224 181
225 159
226 151
227 176
228 191
229 184
230 183
231 203
232 187
233 184
234 163
235 187
236 186
237 153
238 155
239 177
240 139
241 174
242 150
243 153
244 142
245 138
246 130
247 125
248 94
249 113
250 86
251 79
252 71
253 61
254 77
255 80
256 62
257 55
258 61
259 68
260 38
261 54
262 35
263 37
264 42
265 31
266 18
267 16
268 26
269 23
270 19
271 17
272 10
273 9
274 6
275 3
276 7
277 5
278 9
279 9
280 10
281 6
282 11
283 7
284 5
285 13
286 8
287 12
288 6
289 4
290 2
291 6
292 3
293 7
294 2
295 1
296 3
299 1
301 1
302 2
303 3
305 2
306 2
307 1
308 1
310 4
311 2
313 1
320 2
324 1
325 1
327 1
328 1
329 1
331 1
332 1
337 1
340 1
341 1
346 1
347 1
348 1
350 2
351 1
352 1
353 3
354 6
355 1
356 2
374 2
384 1
387 2
388 1
389 1
411 1
433 1
441 2
442 1
454 2
458 1
462 1
463 1
464 1
465 1
470 2
481 1
492 1
497 1
508 1
512 1
518 1
538 1
542 1
543 1
544 1
558 1
589 1
600 1
721 1
1071 1
1078 1
1079 1
1085 1
1102 1
1249 1
1250 1
1260 1
1261 1
1361 1
1366 1
1420 1
