1 3490613
2 3797975
3 3617302
4 3253991
5 2704657
6 2022074
7 1336887
8 799200
9 435568
10 218325
11 106864
12 50833
13 25705
14 14267
15 8819
16 6397
17 4966
18 4230
19 3430
20 2896
21 2556
22 2154
23 1867
24 1463
25 1335
26 1203
27 1066
28 972
29 767
30 739
31 812
32 958
33 1204
34 1632
35 2287
36 3361
37 4823
38 7222
39 10169
40 14360
41 19738
42 26770
43 35410
44 46652
45 60002
46 75109
47 93472
48 112053
49 132632
50 152529
51 172674
52 193067
53 210160
54 225427
55 236037
56 243596
57 245450
58 245820
59 239464
60 232336
61 218588
62 205336
63 189818
64 170604
65 151211
66 132834
67 114531
68 97952
69 82065
70 67238
71 54706
72 44171
73 35057
74 27589
75 21606
76 16446
77 12503
78 9366
79 6980
80 4920
81 3640
82 2535
83 1953
84 1241
85 885
86 667
87 483
88 383
89 291
90 237
91 226
92 176
93 173
94 200
95 217
96 247
97 235
98 317
99 339
100 375
101 452
102 497
103 550
104 632
105 603
106 717
107 715
108 779
109 833
110 862
111 854
112 843
113 893
114 889
115 942
116 955
117 923
118 972
119 929
120 902
121 887
122 817
123 805
124 711
125 643
126 639
127 582
128 563
129 475
130 392
131 400
132 335
133 304
134 307
135 239
136 210
137 174
138 132
139 120
140 102
141 89
142 80
143 75
144 59
145 47
146 32
147 26
148 30
149 37
150 29
151 38
152 48
153 47
154 74
155 78
156 63
157 72
158 63
159 61
160 84
161 64
162 85
163 101
164 126
165 99
166 133
167 110
168 118
169 112
170 132
171 129
172 137
173 146
174 147
175 105
176 168
177 131
178 142
179 128
180 163
181 160
182 120
183 110
184 111
185 66
186 84
187 80
188 67
189 65
190 66
191 68
192 61
193 74
194 77
195 58
196 53
197 53
198 53
199 68
200 74
201 59
202 60
203 88
204 70
205 68
206 73
207 63
208 58
209 64
210 68
211 78
212 80
213 91
214 89
215 82
216 93
217 102
218 88
219 90
220 111
221 129
222 104
223 124
224 128
225 140
226 124
227 152
228 154
229 150
230 151
231 161
232 156
233 174
234 165
235 150
236 169
237 156
238 181
239 170
240 163
241 195
242 182
243 188
244 187
245 185
246 158
247 183
248 190
249 181
250 162
251 143
252 159
253 138
254 111
255 118
256 120
257 97
258 77
259 71
260 44
261 44
262 39
263 54
264 42
265 31
266 31
267 27
268 15
269 22
270 19
271 14
272 18
273 12
274 16
275 9
276 15
277 11
278 6
279 8
280 9
281 10
282 11
283 11
284 7
285 7
286 9
287 7
288 15
289 4
290 6
291 8
292 6
293 15
294 10
295 9
296 13
297 8
298 5
299 2
300 2
301 2
302 1
303 2
304 2
305 1
307 1
308 2
312 1
314 3
316 1
318 2
319 4
320 1
321 2
322 6
323 1
324 3
325 1
326 1
328 1
331 2
332 2
333 1
337 1
339 1
340 2
341 1
344 1
345 1
349 1
352 1
357 1
364 1
370 1
378 1
379 1
381 2
383 1
384 1
385 2
389 1
391 1
394 1
401 1
404 1
407 1
409 1
412 1
440 1
448 1
449 1
450 2
453 1
454 2
455 1
471 1
488 1
491 2
496 1
497 2
502 1
503 1
506 1
513 1
517 1
520 2
522 1
578 1
579 1
650 1
657 1
1002 1
1194 1
1196 1
1206 1
1207 1
1313 1
1314 1
1332 1
1343 3
1365 1
