1 5129872
2 4129359
3 2926193
4 1950525
5 1201569
6 716295
7 449696
8 342126
9 311447
10 300868
11 284252
12 251123
13 208174
14 161187
15 116511
16 79322
17 51691
18 31758
19 18610
20 10524
21 6042
22 4106
23 2656
24 1818
25 1409
26 1091
27 817
28 669
29 469
30 341
31 304
32 220
33 210
34 323
35 483
36 705
37 1271
38 2040
39 3095
40 4567
41 6483
42 9469
43 13515
44 18761
45 25212
46 33824
47 44231
48 56899
49 70921
50 87719
51 106499
52 126639
53 147204
54 168607
55 188614
56 210179
57 228696
58 245344
59 257867
60 268389
61 273159
62 274269
63 271722
64 266247
65 257099
66 244832
67 232276
68 215468
69 198563
70 180500
71 161402
72 143122
73 125521
74 108674
75 93338
76 78982
77 65589
78 55158
79 44880
80 36285
81 29123
82 23531
83 18637
84 14581
85 11278
86 8662
87 6573
88 4705
89 3560
90 2632
91 2086
92 1653
93 1130
94 876
95 680
96 450
97 338
98 330
99 272
100 282
101 285
102 323
103 274
104 341
105 341
106 404
107 523
108 571
109 629
110 683
111 759
112 841
113 926
114 1042
115 1089
116 1162
117 1202
118 1199
119 1303
120 1348
121 1322
122 1372
123 1418
124 1356
125 1398
126 1333
127 1250
128 1222
129 1195
130 1108
131 948
132 982
133 889
134 843
135 795
136 734
137 709
138 687
139 604
140 521
141 473
142 448
143 383
144 329
145 268
146 215
147 233
148 185
149 172
150 175
151 140
152 135
153 122
154 132
155 128
156 137
157 109
158 114
159 117
160 127
161 138
162 119
163 129
164 145
165 158
166 184
167 182
168 215
169 235
170 248
171 258
172 283
173 285
174 310
175 268
176 301
177 332
178 379
179 330
180 345
181 404
182 410
183 433
184 401
185 406
186 434
187 457
188 446
189 420
190 378
191 380
192 351
193 395
194 390
195 363
196 407
197 392
198 367
199 367
200 347
201 338
202 316
203 320
204 267
205 249
206 230
207 262
208 241
209 219
210 197
211 188
212 172
213 200
214 164
215 166
216 170
217 140
218 157
219 164
220 134
221 140
222 164
223 161
224 146
225 135
226 121
227 125
228 144
229 126
230 123
231 141
232 136
233 151
234 139
235 138
236 113
237 165
238 130
239 148
240 129
241 127
242 115
243 110
244 142
245 135
246 143
247 144
248 105
249 114
250 113
251 110
252 117
253 113
254 111
255 108
256 105
257 110
258 107
259 87
260 81
261 96
262 79
263 82
264 74
265 99
266 75
267 91
268 93
269 97
270 83
271 84
272 93
273 74
274 87
275 80
276 67
277 73
278 74
279 61
280 49
281 58
282 52
283 49
284 52
285 61
286 50
287 70
288 70
289 72
290 66
291 88
292 82
293 79
294 84
295 81
296 87
297 79
298 83
299 103
300 112
301 87
302 100
303 117
304 99
305 113
306 107
307 93
308 115
309 99
310 93
311 93
312 71
313 98
314 94
315 88
316 77
317 82
318 61
319 79
320 85
321 64
322 79
323 76
324 74
325 70
326 81
327 74
328 62
329 78
330 54
331 61
332 61
333 62
334 43
335 43
336 43
337 34
338 36
339 28
340 18
341 21
342 21
343 19
344 10
345 18
346 11
347 23
348 18
349 11
350 24
351 28
352 25
353 20
354 11
355 15
356 13
357 11
358 10
359 13
360 10
361 11
362 16
363 13
364 15
365 14
366 7
367 15
368 11
369 10
370 17
371 7
372 6
373 10
374 14
375 11
376 15
377 18
378 9
379 18
380 18
381 12
382 14
383 9
384 12
385 16
386 5
387 9
388 10
389 6
390 9
391 6
392 6
393 12
394 11
395 7
396 5
397 6
398 8
399 6
400 12
401 9
402 14
403 10
404 18
405 10
406 10
407 20
408 17
409 15
410 16
411 10
412 10
413 14
414 7
415 5
416 6
417 8
418 11
419 9
420 8
421 7
422 5
423 6
424 6
425 12
426 16
427 8
428 8
429 11
430 14
431 6
432 11
433 9
434 7
435 5
436 8
437 4
438 7
439 7
440 12
441 7
442 1
443 6
444 2
445 5
446 6
447 9
448 3
449 11
450 3
451 3
452 4
453 5
454 2
455 9
456 4
457 8
458 3
459 5
460 4
461 7
462 3
463 5
464 2
465 1
466 5
467 4
468 8
469 3
470 4
471 3
472 6
473 6
474 2
475 1
476 1
477 6
478 5
479 4
481 5
482 2
484 1
485 2
486 5
488 5
489 2
490 2
491 5
492 7
493 3
494 4
495 3
496 1
497 5
498 4
499 4
500 2
501 1
502 2
503 5
504 4
505 4
506 6
507 3
508 3
509 2
510 4
511 3
512 5
513 7
514 3
515 3
516 4
517 7
518 3
519 8
520 2
521 2
522 2
523 5
524 3
525 5
526 5
527 5
528 2
529 7
530 7
531 2
532 2
534 5
535 4
536 7
537 2
538 3
539 4
540 4
541 2
542 3
543 3
544 7
545 2
546 2
547 2
548 2
549 3
550 3
551 2
552 2
553 4
554 2
555 3
556 5
557 6
558 3
559 1
560 4
561 6
562 4
563 2
564 6
565 2
566 5
567 3
568 4
569 3
570 3
571 3
573 1
574 1
576 3
577 1
578 4
579 2
580 3
581 2
582 1
583 6
584 2
585 5
586 1
587 2
588 2
589 2
590 2
591 3
592 2
593 1
594 1
595 3
596 2
597 4
598 6
599 4
600 1
601 2
602 5
603 3
604 4
605 4
606 1
607 3
608 2
609 2
610 3
611 3
613 5
614 2
615 2
616 2
617 2
618 2
619 4
621 3
622 4
623 2
624 4
625 3
626 2
628 4
629 5
630 5
631 4
632 3
633 3
634 5
635 4
636 1
637 4
638 3
639 4
641 4
642 3
643 2
644 1
645 1
646 1
649 4
650 1
651 2
652 5
653 5
654 1
655 1
656 4
657 4
659 1
660 2
661 4
663 4
664 3
666 2
667 1
668 5
669 3
670 3
671 3
672 2
673 4
674 2
675 5
676 3
677 2
679 3
680 1
681 2
682 1
683 1
684 1
686 5
687 2
688 1
690 2
691 2
692 1
694 2
695 2
696 2
697 3
698 3
699 2
700 2
701 3
702 7
703 2
704 1
705 1
706 1
708 1
711 2
712 2
713 1
714 1
716 4
718 2
719 1
721 6
722 1
723 1
725 2
726 3
728 1
733 2
734 1
736 2
737 1
738 1
739 1
741 2
744 3
745 2
746 3
747 2
749 1
750 1
752 4
753 1
761 2
762 1
763 1
764 1
766 1
768 1
770 1
771 2
772 3
773 1
774 3
775 2
778 2
779 4
780 2
781 1
782 1
783 2
784 3
785 1
786 3
789 2
796 1
797 1
800 3
801 2
802 4
803 1
804 2
806 1
807 1
808 1
809 5
810 3
811 2
812 4
813 4
814 2
815 3
816 2
817 4
818 2
819 2
821 1
822 2
823 1
824 2
825 1
826 2
827 4
829 1
830 1
831 1
833 2
835 1
837 1
838 1
839 2
840 3
842 1
848 2
849 2
851 1
854 3
855 5
856 2
857 1
858 2
859 3
862 1
863 1
864 3
865 1
866 2
867 3
868 2
870 1
871 3
872 1
873 3
874 1
875 2
876 1
877 3
878 5
881 1
882 1
883 1
884 1
885 1
886 2
887 2
888 1
889 1
890 3
892 1
894 1
895 1
896 1
898 1
899 1
903 1
907 1
908 2
909 1
912 2
914 1
916 1
919 1
920 2
921 2
924 3
925 1
929 1
930 3
931 1
932 1
933 4
934 2
935 2
940 2
941 1
942 1
944 1
945 4
946 2
947 1
948 2
949 2
951 1
952 2
954 1
955 1
957 1
960 3
961 2
962 1
963 1
965 2
970 1
971 2
973 1
976 1
977 5
978 1
979 1
981 1
985 3
988 1
993 1
994 2
996 1
1000 3
1001 1
1002 1
1003 2
1005 1
1006 1
1009 1
1010 1
1011 1
1012 1
1014 1
1016 1
1019 1
1021 1
1025 1
1030 1
1031 1
1043 1
1044 1
1045 1
1051 1
1056 1
1071 1
1074 1
1080 1
1081 1
1083 5
1084 1
1085 2
1086 1
1087 1
1088 2
1092 2
1093 1
1094 1
1095 2
1096 1
1097 1
1101 2
1102 1
1103 1
1105 1
1107 2
1108 3
1110 3
1113 1
1139 1
1151 1
1153 1
1154 2
1155 3
1156 2
1157 1
1159 3
1160 1
1162 1
1163 1
1164 1
1166 1
1169 1
1176 1
1192 1
1193 1
1204 1
1212 1
1216 1
1218 1
1245 2
1247 1
1291 1
1300 1
1301 1
1303 1
1314 1
1341 1
1346 1
1360 1
1363 1
1371 1
1377 1
1381 1
1383 1
1386 1
1389 1
1393 1
1406 1
1412 1
1415 1
1424 1
1435 1
1437 2
1441 1
1446 2
1449 1
1451 1
1452 1
1454 1
1465 1
1473 2
1478 1
1497 1
1498 1
1503 1
1504 1
1507 2
1508 2
1511 2
1512 1
1513 1
1539 1
1542 1
1543 1
1561 1
1562 1
1570 1
1577 1
1579 1
1580 1
1581 2
1582 2
1585 1
1586 1
1587 1
1590 1
1625 1
1629 1
1645 2
1674 1
1675 1
1685 2
1687 1
1688 1
1695 1
1699 1
1700 1
1704 2
1705 1
1706 1
1710 1
1711 1
1713 1
1725 1
1732 1
1736 1
1743 1
1747 1
1752 1
1755 1
1762 1
1764 2
1767 1
1768 1
1769 1
1771 1
1775 1
1778 1
1779 1
1781 3
1782 4
1783 1
1786 1
1787 1
1788 1
1805 1
1812 1
1815 2
1816 1
1820 1
1824 1
1827 1
1831 1
1834 1
1842 1
1843 1
1845 1
1851 1
1853 1
1854 1
1873 1
1874 1
1875 1
1877 1
1879 1
1881 1
1883 1
1886 2
1890 1
1891 1
1897 2
1898 1
1900 2
1904 1
1905 1
1906 1
1930 1
1946 1
1950 2
1952 1
1957 1
1958 2
1959 2
1961 1
1966 1
1973 1
1974 1
1978 1
1979 1
1994 1
2015 1
2017 1
2021 1
2038 1
2067 1
2077 1
2079 1
2080 1
2082 1
2083 1
2084 2
2092 1
2098 2
2105 1
2123 1
2124 1
2126 1
2127 1
2128 1
2131 1
2133 1
2134 1
2144 1
2146 1
2148 2
2149 1
2156 2
2157 1
2160 1
2162 3
2167 1
2188 1
2194 1
2204 1
2206 1
2208 1
2209 1
2212 1
2214 1
2215 2
2217 1
2218 1
2224 1
2234 1
2237 1
2259 1
2260 1
2261 1
2266 1
2271 2
2272 2
2280 1
2281 1
2283 1
2284 1
2285 1
2286 1
2287 1
2331 1
2335 2
2343 1
2344 2
2345 1
2349 3
2357 1
2358 2
2368 1
2389 1
2397 1
2401 1
2408 2
2410 2
2413 1
2414 1
2422 2
2438 1
2444 1
2446 1
2451 1
2457 1
2459 1
2460 1
2461 1
2462 1
2464 1
2466 2
2468 1
2469 1
2477 1
2495 1
2516 1
2517 1
2529 1
2532 1
2539 1
2548 1
2549 1
2550 1
2551 1
2570 1
2607 1
2619 1
2625 1
2715 1
2718 1
2743 1
2803 1
2806 1
2809 1
2810 1
2812 1
2821 1
2823 1
2827 1
2831 1
2834 1
2849 1
2859 1
2861 1
2869 1
2880 1
2890 1
2903 1
2904 1
2931 1
2941 1
2957 2
2959 1
2983 1
2994 1
2997 1
3001 1
3002 1
3003 1
3004 1
3007 1
3011 1
3023 1
3060 1
3068 1
3085 1
3129 1
3145 1
3159 1
3565 1
3662 1
3665 1
3666 1
3668 1
3670 1
3675 1
3677 1
3688 1
3758 1
3764 1
3818 1
