1 3978235
2 4170974
3 3837185
4 3255291
5 2489843
6 1675083
7 995590
8 539655
9 265444
10 123098
11 55893
12 27260
13 15027
14 9584
15 6694
16 5112
17 4167
18 3180
19 2595
20 2207
21 1850
22 1627
23 1473
24 1444
25 1153
26 991
27 1015
28 1229
29 1694
30 2547
31 3609
32 5516
33 8053
34 11846
35 16756
36 24300
37 33640
38 44924
39 59326
40 76620
41 95659
42 116793
43 138473
44 160820
45 183248
46 206135
47 224832
48 240704
49 251696
50 258597
51 260201
52 258588
53 251496
54 240946
55 225911
56 207371
57 185541
58 165250
59 143372
60 122160
61 102730
62 85795
63 70079
64 56102
65 44163
66 35328
67 26382
68 19908
69 14973
70 10882
71 7856
72 5552
73 3958
74 2799
75 2044
76 1274
77 934
78 626
79 448
80 354
81 307
82 306
83 283
84 319
85 311
86 416
87 426
88 493
89 533
90 537
91 575
92 609
93 684
94 690
95 821
96 840
97 815
98 918
99 941
100 978
101 988
102 1080
103 1067
104 1118
105 1039
106 979
107 1021
108 921
109 868
110 789
111 804
112 693
113 628
114 505
115 490
116 408
117 380
118 313
119 245
120 229
121 198
122 182
123 143
124 147
125 108
126 110
127 116
128 102
129 81
130 87
131 69
132 81
133 53
134 58
135 60
136 51
137 42
138 45
139 51
140 47
141 59
142 61
143 84
144 104
145 114
146 109
147 120
148 136
149 133
150 144
151 133
152 144
153 150
154 150
155 172
156 187
157 167
158 171
159 154
160 153
161 158
162 137
163 127
164 114
165 107
166 101
167 88
168 68
169 82
170 82
171 81
172 69
173 58
174 54
175 66
176 76
177 83
178 101
179 86
180 97
181 86
182 85
183 111
184 88
185 113
186 114
187 131
188 131
189 156
190 168
191 179
192 183
193 186
194 190
195 216
196 217
197 221
198 200
199 189
200 179
201 190
202 191
203 197
204 170
205 183
206 169
207 153
208 136
209 168
210 163
211 146
212 154
213 148
214 198
215 149
216 156
217 155
218 160
219 152
220 114
221 109
222 101
223 86
224 83
225 81
226 82
227 70
228 64
229 84
230 64
231 59
232 50
233 59
234 42
235 49
236 34
237 29
238 33
239 24
240 31
241 28
242 29
243 19
244 29
245 24
246 31
247 21
248 20
249 15
250 14
251 9
252 16
253 5
254 6
255 8
256 12
257 8
258 4
259 4
260 4
261 6
262 6
263 2
264 9
265 8
266 2
267 5
268 2
269 2
270 3
271 6
272 4
273 5
274 3
275 2
276 2
277 3
278 1
279 3
280 1
281 1
282 1
283 2
284 4
285 1
288 2
292 1
293 1
295 1
296 2
301 2
305 1
307 2
308 2
309 1
310 2
312 1
313 2
315 1
316 1
322 1
327 2
329 1
333 1
334 1
341 1
354 1
357 3
361 1
367 1
392 1
393 2
398 1
408 2
411 1
412 2
414 1
417 2
419 1
420 1
422 1
446 1
449 1
450 1
453 1
454 1
455 1
456 1
474 1
475 1
479 1
517 1
586 1
628 1
961 1
1076 2
1080 1
1083 1
1085 1
1087 1
1088 1
1090 1
1172 1
1174 1
1223 1
