1 11943
2 54925
3 164239
4 367378
5 660000
6 1009051
7 1307178
8 1492533
9 1527478
10 1430479
11 1242719
12 1021932
13 821063
14 664655
15 560289
16 504500
17 495202
18 522581
19 569085
20 629402
21 701113
22 766952
23 824858
24 874680
25 911776
26 928719
27 927375
28 911227
29 875272
30 827166
31 763016
32 690649
33 615875
34 536745
35 459503
36 384253
37 318120
38 258047
39 206266
40 161603
41 124582
42 95543
43 72529
44 53824
45 40480
46 29276
47 21686
48 16185
49 12549
50 9716
51 7942
52 6582
53 5736
54 5338
55 4974
56 4411
57 4229
58 3986
59 3931
60 3668
61 3455
62 3481
63 3062
64 3149
65 2927
66 2879
67 2769
68 2453
69 2304
70 2218
71 2070
72 2047
73 1840
74 1647
75 1471
76 1276
77 1198
78 1096
79 979
80 986
81 979
82 929
83 996
84 986
85 937
86 897
87 865
88 840
89 800
90 782
91 793
92 770
93 696
94 720
95 639
96 651
97 619
98 568
99 513
100 550
101 517
102 537
103 502
104 537
105 568
106 570
107 538
108 584
109 648
110 712
111 667
112 665
113 667
114 737
115 650
116 650
117 618
118 692
119 642
120 660
121 691
122 629
123 627
124 551
125 535
126 576
127 576
128 550
129 583
130 526
131 476
132 408
133 393
134 346
135 320
136 305
137 306
138 264
139 250
140 208
141 210
142 193
143 177
144 169
145 197
146 186
147 150
148 144
149 146
150 147
151 166
152 180
153 163
154 176
155 185
156 140
157 149
158 140
159 138
160 114
161 124
162 131
163 128
164 128
165 121
166 119
167 124
168 124
169 101
170 122
171 100
172 91
173 108
174 78
175 90
176 82
177 80
178 84
179 90
180 103
181 98
182 98
183 88
184 94
185 80
186 73
187 69
188 82
189 78
190 67
191 59
192 53
193 63
194 53
195 43
196 42
197 56
198 74
199 77
200 63
201 80
202 51
203 60
204 61
205 61
206 44
207 39
208 52
209 41
210 56
211 57
212 64
213 75
214 41
215 64
216 61
217 62
218 61
219 57
220 51
221 58
222 55
223 71
224 48
225 72
226 48
227 60
228 60
229 55
230 59
231 62
232 61
233 59
234 63
235 67
236 59
237 73
238 72
239 52
240 45
241 38
242 51
243 43
244 31
245 36
246 34
247 37
248 45
249 35
250 35
251 26
252 27
253 22
254 23
255 39
256 28
257 30
258 24
259 26
260 26
261 26
262 34
263 36
264 24
265 25
266 29
267 29
268 29
269 32
270 38
271 27
272 48
273 45
274 43
275 54
276 46
277 66
278 38
279 50
280 43
281 55
282 57
283 39
284 46
285 42
286 41
287 26
288 32
289 21
290 25
291 29
292 29
293 36
294 40
295 41
296 39
297 26
298 28
299 38
300 28
301 21
302 23
303 22
304 19
305 12
306 17
307 11
308 12
309 17
310 15
311 14
312 10
313 11
314 11
315 10
316 12
317 13
318 8
319 11
320 8
321 13
322 13
323 10
324 8
325 8
326 6
327 10
328 7
329 7
330 3
331 4
332 8
333 6
334 4
335 7
336 4
337 7
338 4
339 4
340 8
341 4
342 2
343 4
344 3
345 3
346 2
347 1
348 5
349 5
350 5
351 3
352 2
353 2
354 1
355 3
357 3
358 3
359 1
360 5
361 4
362 6
363 3
364 3
365 4
366 6
367 6
368 5
369 8
370 7
371 5
372 6
373 5
374 6
375 4
376 4
377 4
378 3
379 1
380 7
381 2
382 2
383 1
384 1
385 5
386 2
387 2
388 2
389 2
390 3
391 3
392 2
393 2
394 1
395 3
396 1
397 2
398 6
399 3
400 4
403 6
404 5
405 4
406 4
407 5
408 1
411 3
412 1
413 1
414 2
416 4
417 2
418 7
419 5
420 2
421 2
422 5
423 5
424 3
425 3
426 2
427 3
428 1
430 5
431 4
432 1
433 1
434 1
437 2
438 4
439 1
440 3
442 2
443 3
444 2
445 1
446 4
447 1
448 1
449 2
453 4
455 1
456 2
457 2
458 3
459 4
460 1
461 1
462 2
463 1
465 1
467 1
468 1
469 3
470 1
471 5
472 3
473 3
475 2
476 2
477 2
478 3
479 3
480 1
481 7
482 3
483 1
484 4
485 5
486 2
487 4
488 1
489 2
490 1
492 1
493 1
494 1
495 2
497 2
498 1
499 2
500 3
501 2
503 2
504 1
505 2
507 3
512 1
513 2
514 2
517 4
518 3
519 3
520 4
521 1
522 2
523 2
524 3
525 2
526 1
528 2
530 2
531 1
534 1
537 1
538 2
539 2
540 2
542 1
546 1
548 1
549 1
550 2
552 2
553 1
554 1
555 1
556 1
557 4
558 1
559 1
561 1
562 2
563 3
564 1
565 1
566 2
567 2
568 1
569 1
570 1
572 1
573 1
575 1
578 2
579 1
581 1
582 1
583 1
588 1
592 1
596 1
597 2
598 1
607 1
608 2
609 2
613 1
615 1
617 1
620 4
621 1
622 1
623 1
625 1
628 1
629 1
630 1
631 2
632 3
634 1
646 1
647 1
655 1
656 1
657 1
658 1
659 4
660 1
661 1
662 1
663 3
664 1
665 2
666 2
667 1
668 4
669 2
670 1
673 1
674 3
675 1
676 1
677 1
678 1
679 1
681 1
684 1
686 3
687 2
688 1
691 1
694 1
695 2
696 1
697 1
706 4
709 1
710 1
716 2
718 1
719 1
721 2
722 1
725 3
726 1
727 2
728 3
730 3
731 1
732 1
733 2
734 1
735 1
736 1
737 2
748 1
751 1
753 1
755 2
762 1
763 2
765 1
768 1
769 1
772 2
777 1
779 1
780 1
781 1
782 1
786 1
787 3
788 1
789 1
792 1
795 1
799 2
805 2
809 2
810 1
812 1
813 1
814 1
815 1
816 1
817 1
818 2
821 1
823 2
827 1
828 2
829 3
830 1
831 1
833 1
834 2
835 2
836 1
837 1
838 1
839 1
842 1
843 3
844 1
845 4
846 2
847 1
848 1
850 1
852 3
853 1
856 1
857 2
860 1
862 3
863 1
864 2
867 1
870 3
871 1
886 1
887 1
888 1
891 1
894 1
895 1
896 1
897 1
900 1
906 1
909 1
911 1
918 3
919 1
920 2
926 2
930 1
934 1
936 2
938 1
940 2
946 2
947 1
948 3
949 2
952 1
953 2
955 3
973 1
980 1
1005 1
1014 1
1015 1
1024 1
1025 1
1026 1
1028 1
1031 1
1032 1
1034 1
1035 1
1036 1
1040 1
1042 1
1043 1
1045 1
1059 1
1060 1
1062 1
1063 2
1066 1
1073 1
1075 1
1076 1
1077 1
1080 1
1086 1
1093 1
1099 1
1101 1
1102 1
1103 1
1105 1
1108 1
1110 2
1113 1
1125 1
1139 1
1145 1
1146 1
1217 1
1232 1
1270 1
1279 1
1280 1
1283 1
1284 1
1289 1
1292 1
1293 1
1294 1
1295 1
1299 1
1307 2
1313 1
1314 1
1318 3
1319 3
1320 2
1370 1
1371 1
1373 1
1393 1
1405 1
1429 1
2674 1
2678 1
2679 1
2680 1
2684 2
2686 1
2687 2
2690 1
