1 39534
2 145857
3 377218
4 724039
5 1119456
6 1460556
7 1657652
8 1656816
9 1496785
10 1264461
11 1018804
12 820632
13 689194
14 632413
15 635663
16 677735
17 746492
18 822143
19 899431
20 965533
21 1014942
22 1038466
23 1036865
24 1014093
25 964585
26 900622
27 819600
28 726927
29 630031
30 535819
31 444791
32 359177
33 287155
34 223271
35 170912
36 128541
37 96046
38 70653
39 51720
40 37191
41 26941
42 20225
43 15530
44 11677
45 9399
46 7837
47 6385
48 5558
49 5220
50 4765
51 4494
52 4332
53 4030
54 3876
55 3788
56 3372
57 3172
58 2876
59 2669
60 2426
61 2181
62 2126
63 1938
64 1888
65 1825
66 1715
67 1620
68 1499
69 1472
70 1359
71 1190
72 1082
73 1056
74 905
75 885
76 849
77 857
78 834
79 846
80 892
81 894
82 871
83 808
84 756
85 776
86 743
87 719
88 701
89 744
90 759
91 751
92 699
93 653
94 662
95 742
96 782
97 768
98 838
99 842
100 835
101 799
102 727
103 759
104 681
105 695
106 681
107 622
108 592
109 561
110 554
111 555
112 510
113 524
114 440
115 407
116 410
117 383
118 390
119 319
120 292
121 263
122 237
123 204
124 190
125 197
126 206
127 165
128 173
129 164
130 173
131 166
132 170
133 187
134 144
135 184
136 163
137 134
138 137
139 103
140 132
141 160
142 165
143 127
144 127
145 145
146 128
147 125
148 116
149 88
150 109
151 113
152 113
153 117
154 99
155 101
156 95
157 99
158 103
159 71
160 75
161 75
162 81
163 76
164 88
165 90
166 66
167 73
168 62
169 78
170 81
171 70
172 59
173 75
174 69
175 74
176 79
177 62
178 68
179 95
180 82
181 72
182 76
183 76
184 90
185 76
186 66
187 80
188 85
189 63
190 67
191 64
192 71
193 47
194 56
195 48
196 70
197 56
198 56
199 60
200 62
201 58
202 43
203 36
204 48
205 53
206 41
207 37
208 27
209 35
210 37
211 34
212 28
213 26
214 31
215 23
216 30
217 23
218 22
219 15
220 32
221 27
222 36
223 37
224 38
225 49
226 37
227 49
228 52
229 47
230 51
231 57
232 56
233 49
234 46
235 47
236 46
237 37
238 34
239 44
240 42
241 40
242 49
243 52
244 55
245 64
246 53
247 50
248 69
249 48
250 60
251 30
252 41
253 42
254 37
255 31
256 47
257 35
258 33
259 27
260 27
261 21
262 18
263 27
264 10
265 16
266 15
267 12
268 8
269 17
270 21
271 5
272 8
273 17
274 11
275 15
276 19
277 14
278 5
279 8
280 6
281 9
282 6
283 11
284 7
285 12
286 8
287 17
288 10
289 5
290 5
291 2
292 6
293 3
294 3
295 6
296 7
297 2
298 6
299 8
300 8
301 8
302 9
303 6
304 4
305 4
306 2
307 4
308 4
309 9
310 6
311 3
312 3
313 5
314 2
315 5
316 8
317 7
318 3
319 4
320 5
321 1
322 3
323 3
324 1
325 2
328 1
329 1
330 5
331 4
332 5
333 4
334 2
335 4
336 5
339 3
340 1
341 3
342 2
343 1
344 2
345 3
346 3
347 4
348 3
349 6
350 2
351 1
352 4
353 5
354 7
355 10
356 4
357 2
358 3
359 2
360 1
361 1
362 3
363 5
364 8
365 3
366 5
367 5
368 5
369 4
370 4
371 3
372 2
373 1
374 3
376 1
377 2
378 5
379 1
380 2
381 2
382 4
383 3
384 1
385 4
386 5
387 6
388 5
389 2
390 2
391 1
392 2
393 5
394 6
395 4
396 4
397 2
399 1
400 2
401 2
402 2
403 4
404 4
405 4
406 8
407 4
408 4
410 3
411 5
412 1
413 1
414 2
416 4
417 1
418 1
419 5
420 2
421 5
422 2
423 2
424 5
425 3
426 2
427 3
429 1
431 1
432 1
435 1
437 1
438 1
440 1
441 1
444 1
445 3
446 1
447 1
448 2
449 2
450 1
452 1
453 1
455 1
456 1
458 1
460 1
461 1
462 2
464 1
465 1
466 1
468 1
473 1
474 1
475 3
476 1
478 1
480 1
481 1
482 3
484 1
488 2
489 1
490 1
491 1
493 3
494 2
496 1
498 3
499 2
501 4
502 1
504 1
506 3
507 2
508 2
512 1
525 4
526 2
527 1
532 1
533 1
534 1
535 1
536 1
537 1
539 1
542 2
543 1
544 1
545 1
546 1
548 1
551 1
556 1
557 2
559 2
561 1
563 5
564 1
565 6
566 1
567 3
569 1
571 1
575 1
577 4
581 1
582 2
583 2
585 1
587 1
590 3
593 5
594 1
595 3
596 1
600 1
604 1
605 2
606 2
611 2
612 1
614 1
616 1
618 2
619 1
620 1
621 2
622 2
623 1
626 1
628 1
629 1
631 2
632 2
634 2
638 2
639 1
640 1
641 1
642 1
644 1
647 1
652 1
653 3
655 2
656 1
660 3
662 1
663 1
664 1
666 1
669 2
671 3
673 2
674 2
675 2
676 2
677 1
679 2
680 2
683 1
689 1
691 1
696 1
699 2
701 1
705 2
707 2
710 3
712 2
717 1
718 2
720 3
721 1
727 1
731 1
734 1
737 3
738 4
739 1
742 1
745 2
747 1
748 1
749 2
750 1
753 1
756 1
757 1
760 1
761 1
762 1
763 2
764 2
765 3
766 1
767 2
768 1
769 2
772 1
773 1
774 1
778 1
780 1
782 2
783 1
784 3
786 1
787 1
791 1
792 1
793 2
795 2
796 1
798 1
805 1
806 1
813 1
814 1
830 2
833 2
835 3
837 1
841 1
854 2
857 1
861 2
875 1
879 1
886 1
901 1
925 1
940 1
942 1
944 1
946 1
950 1
961 3
962 2
963 1
966 1
969 1
976 1
977 1
978 1
980 1
982 1
983 1
987 1
989 1
990 1
991 1
992 1
993 1
994 1
995 1
996 1
997 1
1000 1
1010 1
1023 1
1057 1
1063 1
1064 1
1067 1
1076 1
1084 1
1087 1
1088 1
1090 2
1097 1
1101 1
1103 1
1130 1
1140 1
1142 1
1144 1
1148 1
1149 2
1150 2
1161 1
1164 1
1165 1
1166 1
1168 1
1170 1
1175 1
1176 1
1184 2
1191 1
1207 1
1263 1
1269 1
2171 1
2174 1
2194 1
2205 1
2222 1
2227 1
2228 1
2230 1
2239 1
2250 1
