1 6106264
2 5190210
3 3651756
4 2192303
5 1122986
6 501012
7 201766
8 79446
9 30043
10 13438
11 7370
12 5269
13 3804
14 3303
15 3612
16 4923
17 7547
18 12038
19 19506
20 30790
21 46628
22 66314
23 94114
24 125441
25 161092
26 197092
27 233731
28 267159
29 296351
30 317766
31 330246
32 331666
33 321750
34 303590
35 280318
36 249109
37 217230
38 183681
39 151789
40 121993
41 95143
42 73087
43 54800
44 39919
45 28283
46 19740
47 13522
48 9382
49 6234
50 3997
51 2665
52 1899
53 1404
54 1137
55 1137
56 1036
57 1043
58 1131
59 1207
60 1217
61 1215
62 1344
63 1376
64 1348
65 1279
66 1154
67 1182
68 1214
69 1088
70 1033
71 962
72 864
73 834
74 683
75 596
76 483
77 372
78 328
79 302
80 266
81 174
82 183
83 146
84 148
85 143
86 146
87 157
88 135
89 131
90 160
91 142
92 177
93 142
94 197
95 198
96 179
97 164
98 183
99 184
100 195
101 178
102 229
103 204
104 191
105 181
106 187
107 188
108 204
109 198
110 224
111 193
112 202
113 194
114 198
115 224
116 212
117 198
118 186
119 216
120 207
121 211
122 219
123 210
124 188
125 252
126 249
127 259
128 277
129 243
130 252
131 245
132 249
133 235
134 253
135 240
136 217
137 169
138 201
139 166
140 154
141 153
142 132
143 124
144 122
145 87
146 90
147 76
148 83
149 88
150 75
151 63
152 64
153 58
154 45
155 28
156 32
157 29
158 26
159 24
160 31
161 27
162 29
163 26
164 15
165 13
166 15
167 13
168 22
169 19
170 15
171 9
172 5
173 9
174 3
175 2
176 4
177 5
178 4
179 8
180 4
181 1
182 1
183 1
185 1
187 1
188 1
189 1
190 3
191 3
192 4
193 4
194 2
196 2
197 1
200 3
201 2
202 2
203 1
206 1
207 1
208 1
211 2
219 2
221 1
228 2
229 2
240 1
242 1
243 2
247 1
248 1
249 2
251 1
254 2
255 1
260 1
262 1
273 2
276 1
277 2
281 1
282 2
283 1
284 1
294 1
300 1
366 1
374 1
558 1
639 1
640 1
642 2
656 1
660 1
662 1
663 1
711 1
713 1
745 1
