1 6242293
2 3953626
3 2200404
4 1188077
5 697403
6 491599
7 393109
8 314764
9 232503
10 162062
11 100135
12 57751
13 31420
14 15727
15 8161
16 4161
17 2427
18 1560
19 1539
20 2022
21 3233
22 5095
23 8729
24 14115
25 21761
26 32656
27 47157
28 65512
29 88359
30 115316
31 143477
32 177124
33 210464
34 245760
35 277611
36 306076
37 332041
38 346814
39 351751
40 349178
41 340125
42 323693
43 302094
44 276946
45 249373
46 217950
47 186785
48 158088
49 130793
50 107594
51 85461
52 67170
53 51858
54 39807
55 30039
56 21802
57 16169
58 11398
59 8030
60 5580
61 4018
62 2959
63 2092
64 1774
65 1458
66 1319
67 1265
68 1222
69 1282
70 1344
71 1318
72 1513
73 1542
74 1618
75 1567
76 1581
77 1630
78 1630
79 1768
80 1637
81 1647
82 1675
83 1418
84 1348
85 1289
86 1208
87 1138
88 1082
89 936
90 756
91 752
92 650
93 479
94 436
95 385
96 373
97 301
98 281
99 283
100 306
101 268
102 250
103 295
104 296
105 305
106 391
107 352
108 391
109 416
110 455
111 430
112 496
113 474
114 507
115 512
116 557
117 580
118 617
119 553
120 561
121 507
122 551
123 520
124 540
125 506
126 525
127 471
128 512
129 445
130 431
131 428
132 440
133 403
134 406
135 369
136 280
137 279
138 262
139 237
140 243
141 214
142 222
143 205
144 200
145 220
146 197
147 195
148 205
149 221
150 214
151 224
152 198
153 171
154 182
155 178
156 171
157 144
158 171
159 201
160 188
161 173
162 150
163 166
164 162
165 175
166 185
167 183
168 190
169 184
170 171
171 177
172 152
173 155
174 150
175 141
176 148
177 94
178 124
179 113
180 100
181 101
182 107
183 109
184 134
185 138
186 123
187 116
188 106
189 130
190 133
191 133
192 116
193 107
194 119
195 134
196 117
197 148
198 138
199 135
200 124
201 120
202 119
203 154
204 124
205 141
206 134
207 127
208 129
209 104
210 92
211 93
212 87
213 90
214 84
215 61
216 71
217 49
218 52
219 51
220 52
221 53
222 43
223 29
224 32
225 34
226 31
227 25
228 25
229 24
230 23
231 19
232 16
233 15
234 21
235 29
236 20
237 21
238 27
239 20
240 24
241 38
242 26
243 28
244 29
245 29
246 27
247 26
248 20
249 27
250 18
251 10
252 11
253 15
254 5
255 10
256 7
257 7
258 14
259 8
260 5
261 9
262 6
263 9
264 14
265 8
266 6
267 9
268 7
269 12
270 6
271 12
272 5
273 4
274 11
275 8
276 4
277 6
278 5
279 7
280 6
281 10
282 4
283 8
284 8
285 5
286 7
287 5
288 8
289 5
290 7
291 6
292 12
293 7
294 6
295 9
296 8
297 9
298 6
299 9
300 5
301 4
302 6
303 4
304 8
305 9
306 2
307 6
308 9
309 1
310 6
311 5
312 2
313 10
314 11
315 9
316 4
317 6
318 6
319 5
320 10
321 7
322 9
323 4
324 3
325 2
326 6
327 4
328 4
329 8
330 6
331 8
332 3
333 5
334 4
335 8
336 8
337 7
338 3
339 6
340 7
341 5
342 4
343 4
344 4
345 1
346 3
347 8
348 4
349 8
350 5
351 5
352 2
353 2
354 7
355 7
356 5
357 3
358 8
359 6
360 1
361 1
362 3
363 5
364 2
365 4
366 4
367 4
368 3
369 5
370 1
371 3
372 5
373 5
374 5
375 4
376 2
377 4
378 9
379 3
380 4
381 6
382 4
383 3
384 3
385 6
386 4
387 3
388 4
389 3
390 3
391 5
392 4
393 9
394 6
395 6
396 5
397 5
398 7
399 2
400 6
401 2
402 10
403 3
404 3
405 5
406 7
407 2
408 4
409 3
410 2
411 1
412 3
413 6
414 6
415 2
416 3
417 8
418 4
419 7
420 2
421 2
423 2
424 2
425 4
426 3
427 1
428 1
429 2
430 2
431 1
432 2
433 1
434 3
435 3
436 2
437 7
438 2
439 2
440 3
441 2
442 3
444 1
445 6
446 3
447 4
448 6
449 6
450 3
451 5
452 7
454 2
455 2
456 3
457 1
458 1
460 1
461 1
462 3
463 1
464 2
465 2
466 1
467 1
468 3
469 1
470 1
471 2
472 1
474 5
476 1
477 3
478 1
481 2
483 2
486 4
487 2
488 2
489 3
490 4
491 1
492 4
493 1
494 3
495 3
496 2
497 6
498 2
499 1
500 6
501 1
503 1
504 2
505 2
506 3
507 3
508 6
509 6
510 2
511 6
512 2
513 6
514 5
515 2
516 1
517 7
518 1
519 1
520 2
521 3
522 2
523 3
525 2
527 3
530 1
531 1
532 2
533 1
534 2
536 3
537 3
538 1
540 2
541 4
543 2
545 2
548 2
549 3
550 3
551 2
552 2
553 4
554 3
555 2
556 6
557 2
558 3
559 7
560 4
561 5
562 5
563 1
564 3
565 2
567 1
568 1
569 4
571 1
572 2
573 1
574 1
575 4
576 2
577 1
578 5
579 2
580 3
583 1
584 1
585 3
588 2
589 3
591 4
592 1
594 1
597 2
601 1
602 2
603 2
604 1
605 3
607 2
608 2
610 2
611 3
613 2
614 1
615 1
616 1
617 3
618 1
620 1
621 3
622 2
623 2
624 2
627 2
628 4
631 1
632 2
633 2
635 1
636 1
637 1
639 1
640 1
648 1
649 1
652 2
653 1
654 2
657 2
658 2
659 2
662 1
664 1
669 1
671 2
672 1
675 1
682 2
685 1
687 2
688 1
691 1
692 2
693 2
694 1
695 1
698 1
700 1
701 1
704 1
706 1
707 3
710 1
718 2
722 1
723 1
725 2
728 3
730 2
731 2
732 1
733 4
738 1
742 1
750 1
754 1
757 1
759 1
763 1
778 1
783 1
784 1
795 1
798 1
801 1
802 1
803 1
807 1
810 1
812 1
813 1
814 1
817 2
818 2
819 1
820 1
821 1
822 2
823 1
826 1
827 1
829 1
843 1
849 1
858 1
859 1
861 1
865 1
866 2
871 1
879 1
885 1
894 1
895 1
898 1
901 1
902 3
903 4
905 1
912 2
919 1
930 1
934 1
939 1
946 1
952 1
957 1
977 1
978 1
979 1
986 1
987 1
990 1
991 1
992 1
994 1
995 1
997 2
998 1
1000 1
1007 1
1008 1
1011 2
1016 1
1019 1
1022 1
1027 1
1032 1
1035 1
1041 1
1046 1
1052 1
1054 1
1057 1
1061 1
1063 1
1067 1
1068 1
1070 1
1073 1
1074 1
1078 1
1080 1
1082 1
1085 2
1087 1
1092 1
1098 1
1099 2
1102 1
1103 1
1109 2
1111 2
1112 1
1115 1
1116 1
1121 1
1122 2
1134 1
1136 2
1139 2
1142 1
1144 3
1148 2
1149 1
1151 2
1152 2
1155 1
1158 1
1159 1
1162 1
1165 2
1166 1
1167 1
1178 1
1180 1
1181 1
1182 1
1183 1
1189 1
1191 3
1195 1
1196 1
1200 1
1205 1
1206 1
1208 4
1210 1
1211 1
1213 1
1216 2
1217 1
1220 1
1221 1
1224 1
1231 1
1232 2
1233 1
1235 2
1248 1
1251 1
1252 1
1257 1
1259 2
1260 1
1264 1
1268 1
1269 1
1271 1
1272 1
1276 2
1284 1
1292 1
1294 1
1300 1
1301 1
1304 1
1305 1
1308 1
1314 1
1318 1
1323 1
1324 1
1326 1
1327 1
1329 1
1341 1
1347 1
1349 1
1351 1
1352 1
1353 1
1355 2
1364 1
1367 1
1371 1
1373 1
1374 2
1376 2
1380 1
1381 1
1396 1
1399 1
1406 1
1407 1
1408 1
1409 1
1412 1
1413 1
1414 1
1416 2
1418 1
1422 1
1436 1
1437 1
1438 1
1444 2
1448 1
1451 1
1453 1
1454 1
1455 2
1458 1
1459 1
1460 1
1463 2
1464 1
1465 1
1466 1
1469 1
1473 1
1477 3
1478 1
1479 1
1480 1
1483 1
1498 1
1502 1
1507 1
1516 1
1517 2
1520 1
1523 2
1524 2
1525 1
1528 1
1536 2
1540 1
1541 1
1547 1
1549 1
1552 1
1555 1
1556 1
1579 1
1580 1
1583 1
1585 1
1586 1
1589 1
1590 1
1594 1
1595 1
1596 1
1598 1
1599 1
1600 1
1601 1
1603 1
1605 1
1620 1
1639 1
1645 1
1663 1
1677 1
1681 1
1696 1
1752 1
1757 1
1760 2
1763 1
1797 1
1798 1
1800 1
1801 1
1804 1
1807 1
1813 1
1837 1
1838 2
1839 1
1840 1
1841 1
1843 3
1845 1
1849 1
1861 1
1862 1
1867 1
1870 1
1872 2
1873 1
1879 1
1885 1
1910 1
1914 1
1919 1
1929 1
1955 1
1959 1
1998 1
2039 1
2214 1
2229 1
2230 2
2244 1
2318 1
2347 1
2349 1
2356 1
2412 1
2449 1
2468 1
