1 6565338
2 3403839
3 1629577
4 871211
5 550118
6 367995
7 244484
8 148461
9 83047
10 40888
11 20338
12 10402
13 7196
14 8964
15 14880
16 24380
17 39826
18 61112
19 90515
20 127981
21 172197
22 219845
23 270351
24 318917
25 362028
26 396291
27 415350
28 422215
29 415770
30 395110
31 363063
32 324810
33 283665
34 240100
35 197712
36 158842
37 125021
38 95893
39 71680
40 52589
41 37582
42 26628
43 18312
44 12683
45 8498
46 6045
47 4304
48 3306
49 2824
50 2469
51 2330
52 2172
53 2054
54 1993
55 2008
56 2040
57 1934
58 1855
59 1734
60 1652
61 1550
62 1442
63 1340
64 1247
65 1059
66 913
67 844
68 717
69 647
70 527
71 466
72 478
73 530
74 512
75 513
76 476
77 510
78 619
79 678
80 697
81 672
82 635
83 674
84 702
85 763
86 746
87 742
88 667
89 669
90 643
91 613
92 551
93 490
94 536
95 564
96 527
97 491
98 503
99 454
100 390
101 361
102 417
103 421
104 368
105 333
106 359
107 277
108 320
109 307
110 331
111 336
112 254
113 285
114 241
115 249
116 218
117 275
118 203
119 243
120 243
121 220
122 172
123 220
124 201
125 200
126 184
127 163
128 153
129 135
130 148
131 152
132 159
133 162
134 176
135 177
136 181
137 187
138 200
139 198
140 181
141 215
142 181
143 177
144 181
145 211
146 151
147 154
148 142
149 136
150 138
151 132
152 111
153 97
154 69
155 60
156 50
157 46
158 49
159 40
160 32
161 33
162 40
163 32
164 30
165 28
166 32
167 32
168 27
169 19
170 25
171 18
172 25
173 31
174 25
175 23
176 29
177 19
178 17
179 25
180 16
181 15
182 23
183 19
184 12
185 15
186 13
187 18
188 17
189 13
190 18
191 18
192 17
193 25
194 18
195 24
196 18
197 20
198 16
199 18
200 12
201 20
202 18
203 16
204 12
205 17
206 16
207 13
208 12
209 11
210 11
211 8
212 11
213 5
214 7
215 6
216 5
217 9
218 7
219 12
220 13
221 16
222 17
223 12
224 15
225 7
226 11
227 7
228 10
229 6
230 11
231 9
232 3
233 8
234 6
235 6
236 9
237 6
238 6
239 8
240 7
241 4
242 9
243 7
244 6
245 10
246 3
247 4
248 13
249 12
250 18
251 11
252 11
253 12
254 7
255 7
256 17
257 9
258 8
259 6
260 7
261 10
262 5
263 10
264 6
265 5
266 9
267 5
268 5
269 5
270 3
271 5
272 4
273 9
274 4
275 6
276 4
277 2
278 3
279 5
280 6
281 6
282 3
283 2
284 6
285 5
286 6
287 7
288 5
289 4
290 5
291 6
292 3
293 6
294 7
295 4
296 6
297 4
298 5
299 2
300 4
301 4
302 6
303 5
304 6
305 3
306 3
307 3
308 1
309 5
310 6
311 2
312 3
313 5
314 2
315 1
316 3
317 6
318 7
319 5
320 2
321 3
322 5
323 8
324 4
326 3
327 1
328 2
329 2
330 2
331 4
332 2
333 1
334 2
335 5
336 4
337 4
338 2
339 2
340 5
341 3
342 4
343 5
344 6
345 3
346 8
347 3
350 2
351 7
352 1
353 1
354 2
355 2
356 3
357 2
358 2
359 4
360 2
361 3
362 3
363 3
364 3
365 2
366 1
367 3
368 2
370 3
371 2
372 5
373 3
374 4
375 3
376 2
377 3
378 4
379 1
380 3
381 3
384 4
385 1
386 2
387 4
388 1
389 1
390 5
391 1
392 2
393 2
394 2
395 1
396 3
397 2
398 1
399 3
400 9
401 3
402 5
403 3
404 7
405 5
406 3
408 1
409 6
412 1
413 1
415 1
416 1
418 1
419 2
421 1
422 2
423 5
424 4
425 2
426 1
427 4
429 3
430 4
432 2
434 2
435 5
436 2
438 5
439 1
440 4
441 1
442 3
443 2
444 1
445 1
446 4
448 2
449 1
450 2
451 2
452 1
453 1
455 4
457 2
458 2
460 2
461 2
462 1
463 1
464 1
465 4
466 2
467 4
468 2
469 3
470 1
471 1
472 1
473 1
474 3
475 2
476 1
477 2
481 1
482 1
488 2
490 1
491 2
492 1
493 3
494 1
495 2
496 6
497 3
498 3
499 3
500 3
501 2
502 1
504 1
505 1
507 2
508 1
509 2
510 1
511 2
512 4
514 3
515 1
518 2
528 2
530 1
531 1
539 1
542 1
543 1
559 1
563 2
564 2
565 1
576 1
584 1
589 2
590 1
592 1
594 1
596 2
601 1
602 1
618 1
620 2
622 2
633 1
636 1
644 1
645 1
647 1
648 1
653 2
660 1
662 1
665 1
668 3
669 1
670 1
671 2
674 1
676 2
680 1
684 1
687 2
689 2
690 1
691 1
692 2
694 1
695 1
698 3
701 1
703 1
704 3
707 1
709 1
712 1
713 1
715 1
719 1
722 1
726 1
727 2
731 1
741 1
748 1
750 1
751 1
754 2
756 1
762 2
766 2
768 1
769 1
771 2
773 1
777 1
779 1
780 1
788 1
790 1
792 1
793 2
794 2
795 1
796 1
799 1
801 2
804 1
805 2
807 1
808 2
809 1
811 2
812 1
813 2
815 1
816 1
817 3
820 2
821 2
827 1
829 1
830 1
831 2
833 1
843 1
844 2
848 1
851 1
852 1
857 2
858 1
859 2
860 1
862 2
865 1
868 1
870 1
872 1
876 2
880 1
884 1
893 1
894 3
895 2
896 3
897 1
901 1
904 2
908 2
909 1
911 1
912 1
936 1
937 1
940 1
944 2
949 3
950 1
956 1
957 1
958 1
960 1
965 3
966 1
969 1
972 1
974 1
975 1
976 1
977 2
978 3
979 1
982 2
986 2
989 1
990 1
991 2
992 1
993 1
994 2
999 3
1000 1
1001 1
1004 2
1005 2
1008 1
1010 1
1015 1
1019 1
1020 1
1023 1
1025 2
1033 1
1036 2
1037 1
1042 1
1043 1
1044 1
1047 1
1048 1
1049 1
1050 1
1051 1
1052 1
1058 1
1068 1
1074 1
1078 2
1084 1
1085 1
1086 1
1088 1
1089 1
1090 1
1091 3
1092 1
1095 1
1096 1
1097 1
1104 2
1109 2
1112 1
1114 1
1115 1
1116 1
1117 1
1119 1
1121 1
1122 1
1123 1
1128 1
1136 1
1140 1
1141 1
1144 1
1147 1
1148 1
1150 1
1153 1
1155 1
1161 1
1164 1
1165 1
1166 1
1167 1
1169 1
1173 1
1177 1
1178 1
1192 1
1246 1
1251 1
1254 2
1256 2
1257 2
1258 1
1274 2
1275 1
1278 1
1279 1
1283 1
1294 1
1301 1
1302 1
1303 2
1314 1
1325 1
1334 1
1337 2
1339 1
1342 1
1353 1
1355 1
1356 2
1361 1
1365 2
1370 1
1373 1
1377 1
1382 1
1388 1
1389 1
1436 1
1471 1
1606 1
1614 1
1653 1
1654 2
1656 2
1661 1
1715 1
1730 1
1745 1
1759 1
