1 2700138
2 3167383
3 3129930
4 3006344
5 2793952
6 2421293
7 1902736
8 1359818
9 877165
10 524327
11 292912
12 156271
13 79525
14 41353
15 21465
16 13713
17 9289
18 6784
19 5530
20 4136
21 3482
22 2995
23 2773
24 2331
25 2178
26 1926
27 1631
28 1416
29 1243
30 1086
31 1023
32 891
33 787
34 783
35 741
36 698
37 661
38 639
39 545
40 509
41 610
42 756
43 940
44 1300
45 1732
46 2422
47 3343
48 4717
49 6760
50 9485
51 12874
52 17228
53 23377
54 30640
55 39066
56 49707
57 60674
58 73477
59 88468
60 103491
61 119157
62 136685
63 152199
64 169695
65 184476
66 196649
67 207764
68 216535
69 221836
70 224407
71 221974
72 217790
73 212540
74 202894
75 190735
76 177384
77 162355
78 147242
79 131494
80 116231
81 101649
82 87080
83 74154
84 61905
85 52131
86 42972
87 34756
88 28015
89 22465
90 17563
91 13799
92 10538
93 7759
94 5969
95 4516
96 3304
97 2413
98 1843
99 1277
100 881
101 637
102 479
103 366
104 274
105 241
106 211
107 143
108 124
109 105
110 86
111 87
112 81
113 96
114 101
115 120
116 135
117 157
118 170
119 208
120 234
121 282
122 336
123 335
124 347
125 401
126 446
127 508
128 528
129 494
130 547
131 600
132 670
133 701
134 778
135 796
136 812
137 864
138 893
139 919
140 922
141 923
142 878
143 846
144 877
145 804
146 834
147 787
148 752
149 674
150 672
151 614
152 562
153 544
154 516
155 469
156 408
157 380
158 334
159 312
160 265
161 240
162 222
163 162
164 174
165 116
166 97
167 86
168 97
169 73
170 55
171 58
172 59
173 54
174 40
175 38
176 29
177 27
178 17
179 19
180 13
181 12
182 15
183 18
184 17
185 18
186 20
187 23
188 23
189 17
190 21
191 34
192 22
193 30
194 31
195 32
196 35
197 35
198 34
199 56
200 56
201 64
202 73
203 97
204 106
205 131
206 128
207 121
208 112
209 136
210 109
211 118
212 124
213 143
214 148
215 154
216 151
217 156
218 155
219 136
220 146
221 109
222 102
223 108
224 107
225 100
226 98
227 85
228 75
229 73
230 82
231 68
232 82
233 68
234 54
235 56
236 48
237 39
238 30
239 23
240 39
241 24
242 38
243 34
244 47
245 42
246 42
247 55
248 64
249 60
250 58
251 76
252 60
253 83
254 66
255 73
256 74
257 76
258 83
259 80
260 87
261 84
262 79
263 86
264 85
265 100
266 113
267 95
268 102
269 119
270 90
271 121
272 94
273 119
274 127
275 128
276 114
277 121
278 107
279 151
280 155
281 160
282 152
283 160
284 176
285 176
286 177
287 178
288 179
289 148
290 160
291 162
292 153
293 148
294 156
295 181
296 158
297 152
298 134
299 138
300 122
301 132
302 103
303 105
304 92
305 78
306 86
307 62
308 73
309 62
310 59
311 54
312 45
313 40
314 41
315 42
316 49
317 39
318 32
319 40
320 26
321 23
322 25
323 33
324 27
325 24
326 30
327 18
328 28
329 23
330 18
331 12
332 15
333 11
334 16
335 15
336 22
337 10
338 17
339 18
340 14
341 16
342 20
343 19
344 15
345 8
346 13
347 7
348 8
349 11
350 7
351 5
352 2
353 3
354 1
355 1
356 1
358 3
359 4
360 5
361 5
362 1
363 1
364 3
365 2
366 5
367 2
372 2
375 2
376 2
377 1
378 1
380 2
381 1
382 1
384 1
385 3
387 2
388 3
390 3
391 3
394 1
396 1
397 1
398 2
399 1
403 1
406 1
409 1
415 2
417 2
418 1
421 2
423 1
424 1
425 1
426 1
428 1
429 2
431 2
434 1
439 1
443 1
444 1
447 1
449 1
451 1
454 1
462 1
463 2
506 1
508 1
512 1
513 1
516 1
517 1
554 2
555 1
556 1
557 1
572 2
575 2
577 2
578 1
579 1
581 2
591 1
631 1
638 1
643 1
654 1
664 1
711 1
748 1
867 1
1221 1
1225 1
1227 2
1315 1
1487 1
1500 1
1502 1
1511 1
1642 1
1645 1
1703 1
