1 3977034
2 4193711
3 3841073
4 3252666
5 2479452
6 1662980
7 1003165
8 538939
9 265893
10 124913
11 59272
12 28187
13 14531
14 9379
15 6416
16 4986
17 3766
18 3064
19 2628
20 2070
21 1812
22 1471
23 1265
24 1157
25 1040
26 893
27 1014
28 1319
29 1609
30 2502
31 3748
32 5499
33 8150
34 12370
35 17415
36 24453
37 33052
38 45178
39 58541
40 75553
41 94553
42 115070
43 137625
44 160855
45 183451
46 206445
47 224581
48 242961
49 252909
50 261236
51 263015
52 259807
53 252041
54 238582
55 223494
56 205885
57 185936
58 165042
59 144607
60 122495
61 103029
62 85258
63 69570
64 55460
65 44206
66 34164
67 26396
68 20105
69 15182
70 11000
71 8005
72 5823
73 4023
74 2802
75 1796
76 1302
77 823
78 587
79 426
80 301
81 197
82 191
83 173
84 178
85 236
86 262
87 347
88 417
89 512
90 556
91 653
92 673
93 758
94 805
95 814
96 896
97 937
98 922
99 1074
100 1044
101 1030
102 1056
103 1149
104 1031
105 1045
106 942
107 946
108 896
109 834
110 735
111 676
112 651
113 614
114 522
115 496
116 414
117 441
118 380
119 313
120 288
121 254
122 202
123 190
124 162
125 148
126 128
127 133
128 97
129 88
130 80
131 71
132 53
133 72
134 66
135 37
136 55
137 55
138 60
139 70
140 68
141 82
142 80
143 102
144 97
145 104
146 108
147 121
148 128
149 124
150 122
151 157
152 191
153 158
154 158
155 141
156 145
157 149
158 159
159 144
160 114
161 140
162 131
163 123
164 119
165 120
166 123
167 92
168 106
169 109
170 88
171 83
172 74
173 79
174 97
175 74
176 73
177 72
178 65
179 77
180 62
181 69
182 66
183 78
184 99
185 79
186 77
187 80
188 109
189 97
190 135
191 137
192 145
193 159
194 143
195 167
196 182
197 164
198 168
199 183
200 203
201 238
202 239
203 229
204 214
205 215
206 228
207 193
208 229
209 184
210 202
211 181
212 154
213 144
214 156
215 169
216 161
217 138
218 153
219 140
220 114
221 107
222 135
223 124
224 113
225 84
226 59
227 69
228 54
229 46
230 50
231 55
232 38
233 50
234 45
235 41
236 38
237 47
238 53
239 45
240 48
241 35
242 33
243 22
244 18
245 21
246 16
247 17
248 13
249 11
250 10
251 11
252 12
253 6
254 6
255 7
256 7
257 5
258 18
259 10
260 13
261 10
262 10
263 7
264 9
265 6
266 7
267 8
268 8
269 5
270 2
271 3
272 2
273 4
274 4
275 4
276 3
277 1
278 1
279 3
280 2
283 1
288 1
290 1
291 2
292 1
294 5
295 1
297 3
298 3
300 1
301 1
303 1
304 1
305 1
310 1
316 1
318 1
320 1
321 1
322 1
323 2
329 2
337 2
338 1
339 2
350 1
351 1
352 3
354 1
357 2
358 1
360 1
375 1
381 1
392 1
393 1
413 1
415 1
416 1
418 2
419 1
420 1
421 3
422 1
425 1
435 1
447 1
467 1
469 1
476 1
480 1
484 1
487 1
490 1
491 1
492 1
494 1
544 1
589 1
639 1
774 1
779 1
785 2
954 1
1111 1
1113 1
1120 1
1128 1
1235 2
1284 1
