1 929616
2 1583701
3 1883405
4 1848355
5 1688826
6 1623839
7 1672905
8 1786085
9 1839922
10 1792109
11 1649299
12 1417606
13 1142472
14 862658
15 621361
16 426717
17 280420
18 176296
19 110268
20 66672
21 40778
22 25985
23 17157
24 12121
25 9323
26 7357
27 6124
28 5376
29 4834
30 4290
31 3858
32 3260
33 2844
34 2702
35 2528
36 2281
37 2039
38 1961
39 1859
40 1741
41 1541
42 1399
43 1262
44 1167
45 1031
46 886
47 878
48 895
49 833
50 891
51 776
52 668
53 588
54 612
55 541
56 516
57 515
58 444
59 445
60 390
61 390
62 428
63 392
64 374
65 314
66 342
67 296
68 255
69 262
70 274
71 246
72 215
73 237
74 157
75 158
76 153
77 152
78 188
79 146
80 170
81 159
82 180
83 189
84 202
85 208
86 211
87 260
88 321
89 395
90 461
91 570
92 748
93 1011
94 1292
95 1747
96 2309
97 2912
98 3807
99 4964
100 6251
101 7806
102 9910
103 12481
104 15171
105 18793
106 22688
107 26848
108 31949
109 37727
110 43850
111 51022
112 58564
113 66489
114 75663
115 84484
116 93298
117 102530
118 111614
119 120843
120 128822
121 136966
122 143556
123 151318
124 156688
125 160327
126 163324
127 165723
128 166851
129 165378
130 163184
131 159739
132 155875
133 149476
134 143676
135 136955
136 129764
137 121505
138 112854
139 104991
140 96261
141 87770
142 78970
143 71440
144 62998
145 55539
146 49547
147 43115
148 37582
149 33032
150 27775
151 23878
152 19899
153 17019
154 13981
155 11817
156 9936
157 7984
158 6544
159 5366
160 4309
161 3404
162 2635
163 2137
164 1613
165 1330
166 1038
167 774
168 633
169 480
170 449
171 326
172 271
173 185
174 108
175 93
176 83
177 65
178 50
179 42
180 36
181 42
182 34
183 21
184 20
185 20
186 33
187 37
188 40
189 40
190 31
191 24
192 30
193 39
194 36
195 39
196 46
197 49
198 43
199 31
200 32
201 42
202 26
203 23
204 33
205 29
206 31
207 41
208 48
209 40
210 58
211 47
212 47
213 47
214 39
215 42
216 50
217 58
218 54
219 57
220 80
221 74
222 89
223 100
224 96
225 115
226 119
227 110
228 124
229 141
230 163
231 150
232 176
233 212
234 217
235 252
236 264
237 325
238 326
239 352
240 378
241 414
242 476
243 470
244 480
245 545
246 544
247 552
248 549
249 595
250 642
251 661
252 644
253 678
254 633
255 680
256 659
257 679
258 685
259 700
260 672
261 730
262 694
263 683
264 636
265 610
266 634
267 571
268 515
269 508
270 491
271 415
272 414
273 366
274 330
275 346
276 325
277 263
278 239
279 258
280 207
281 187
282 157
283 165
284 142
285 142
286 114
287 117
288 120
289 111
290 74
291 87
292 74
293 55
294 42
295 27
296 27
297 30
298 23
299 20
300 18
301 14
302 8
303 11
304 7
305 18
306 15
307 7
308 7
309 8
310 7
311 4
312 8
313 7
314 4
315 1
316 5
317 3
318 1
319 5
320 3
321 4
322 2
324 2
325 2
327 1
329 2
330 2
331 3
332 4
333 6
334 7
336 3
337 8
338 3
339 6
340 4
341 7
342 10
343 4
344 8
345 9
346 7
347 7
348 8
349 9
350 9
351 8
352 15
353 17
354 28
355 22
356 19
357 33
358 43
359 43
360 50
361 45
362 49
363 53
364 63
365 63
366 54
367 71
368 70
369 65
370 62
371 59
372 71
373 70
374 82
375 73
376 78
377 68
378 72
379 76
380 72
381 61
382 87
383 92
384 77
385 76
386 77
387 81
388 81
389 81
390 98
391 73
392 72
393 67
394 86
395 71
396 80
397 80
398 85
399 67
400 70
401 61
402 55
403 59
404 43
405 49
406 50
407 41
408 51
409 45
410 45
411 45
412 39
413 45
414 30
415 32
416 27
417 45
418 42
419 34
420 46
421 46
422 25
423 31
424 27
425 28
426 16
427 24
428 19
429 22
430 20
431 18
432 29
433 17
434 19
435 12
436 9
437 17
438 15
439 7
440 10
441 16
442 11
443 19
444 14
445 14
446 18
447 11
448 26
449 18
450 31
451 22
452 17
453 21
454 21
455 11
456 17
457 15
458 12
459 19
460 8
461 18
462 18
463 14
464 28
465 25
466 36
467 25
468 46
469 26
470 33
471 29
472 37
473 28
474 33
475 52
476 49
477 49
478 51
479 59
480 48
481 54
482 49
483 62
484 57
485 46
486 56
487 54
488 63
489 45
490 81
491 90
492 68
493 85
494 93
495 95
496 83
497 93
498 98
499 98
500 91
501 102
502 84
503 96
504 101
505 94
506 95
507 102
508 111
509 103
510 108
511 98
512 115
513 97
514 121
515 118
516 95
517 106
518 113
519 119
520 129
521 114
522 110
523 113
524 118
525 123
526 121
527 124
528 95
529 108
530 89
531 114
532 100
533 85
534 99
535 96
536 87
537 88
538 73
539 69
540 61
541 64
542 58
543 50
544 57
545 60
546 48
547 43
548 46
549 54
550 33
551 34
552 36
553 36
554 37
555 22
556 33
557 21
558 36
559 45
560 24
561 38
562 33
563 31
564 25
565 29
566 21
567 19
568 28
569 27
570 22
571 20
572 17
573 24
574 18
575 22
576 16
577 15
578 13
579 20
580 13
581 12
582 18
583 10
584 9
585 10
586 7
587 9
588 5
589 5
590 7
591 10
592 12
593 11
594 5
595 3
596 4
597 4
598 6
599 5
600 2
601 2
602 7
603 4
604 2
605 9
606 7
607 4
608 3
609 3
610 2
611 4
612 3
613 1
615 5
616 9
617 3
618 5
619 3
620 4
621 5
622 7
623 3
624 2
625 3
626 7
627 5
628 7
629 5
630 7
631 8
632 2
633 10
634 4
635 6
636 4
637 3
638 4
639 4
640 3
641 6
642 5
643 10
644 4
645 3
646 4
647 2
648 3
649 2
650 1
651 2
652 4
653 3
654 4
655 1
657 5
658 2
659 4
660 2
661 3
662 10
663 4
664 2
665 4
666 2
667 1
668 6
669 2
671 1
672 2
674 2
675 2
676 1
677 1
679 1
682 1
686 1
694 1
698 1
699 1
704 1
708 1
749 1
756 1
763 2
768 1
770 4
775 1
776 1
778 1
781 3
783 1
785 1
786 2
799 1
800 2
804 1
811 1
812 1
813 2
814 2
819 2
883 1
885 1
925 1
927 1
928 1
929 1
957 1
1016 1
1023 1
1024 1
1027 1
1039 1
1040 1
1041 1
1042 1
1043 1
1046 1
1049 1
1051 1
1053 1
1075 1
1131 1
1133 1
1138 1
1153 1
1155 1
1161 1
1162 1
1165 1
1173 1
1218 1
1260 1
1452 1
1525 1
2270 1
2332 1
2341 1
2358 1
2366 1
2659 1
2661 1
2663 1
2666 1
2925 1
2931 1
3051 1
