1 18970618
2 6436662
3 3111092
4 2117428
5 1825247
6 1809534
7 1843286
8 1835128
9 1784458
10 1663655
11 1508068
12 1340671
13 1174121
14 1013544
15 859101
16 733034
17 628027
18 548848
19 493465
20 456907
21 435133
22 425008
23 421924
24 425113
25 424556
26 426091
27 425616
28 421736
29 418336
30 414906
31 405259
32 392068
33 376883
34 357588
35 337710
36 312337
37 282203
38 253234
39 221807
40 190202
41 160511
42 133422
43 107605
44 85728
45 67527
46 52391
47 39424
48 28897
49 21853
50 15933
51 11541
52 8425
53 6263
54 4705
55 3640
56 3083
57 2637
58 2298
59 2054
60 1807
61 1672
62 1664
63 1560
64 1439
65 1340
66 1230
67 1227
68 1227
69 1212
70 1259
71 1194
72 1225
73 1046
74 1009
75 1000
76 996
77 973
78 918
79 828
80 794
81 761
82 731
83 763
84 685
85 700
86 669
87 650
88 567
89 544
90 532
91 509
92 468
93 476
94 513
95 526
96 487
97 436
98 421
99 464
100 433
101 450
102 441
103 461
104 463
105 459
106 443
107 474
108 405
109 421
110 427
111 462
112 423
113 386
114 391
115 391
116 351
117 350
118 367
119 344
120 298
121 276
122 261
123 230
124 206
125 221
126 199
127 215
128 205
129 176
130 195
131 164
132 175
133 180
134 153
135 185
136 177
137 168
138 150
139 194
140 198
141 242
142 277
143 337
144 388
145 426
146 529
147 595
148 753
149 926
150 1207
151 1456
152 1847
153 2303
154 2579
155 3202
156 3812
157 4660
158 5573
159 6591
160 7901
161 9159
162 10719
163 12557
164 14565
165 16846
166 19272
167 21572
168 24597
169 27889
170 30884
171 34880
172 38491
173 42193
174 46198
175 50771
176 54893
177 60006
178 64432
179 69808
180 74472
181 79758
182 85074
183 90071
184 95305
185 99842
186 105015
187 109415
188 113814
189 117731
190 121740
191 124666
192 128344
193 131232
194 133163
195 135879
196 137966
197 139366
198 139589
199 139774
200 138562
201 138541
202 137413
203 135229
204 132116
205 130338
206 127873
207 124285
208 120060
209 116181
210 111526
211 107217
212 102833
213 97374
214 92462
215 87277
216 81388
217 76600
218 70892
219 66241
220 61338
221 56522
222 51309
223 47115
224 43071
225 38650
226 35413
227 31213
228 27991
229 25307
230 22049
231 19695
232 17360
233 15248
234 13182
235 11559
236 9918
237 8545
238 7394
239 6294
240 5463
241 4510
242 3787
243 3377
244 2785
245 2297
246 2048
247 1678
248 1420
249 1281
250 1070
251 824
252 662
253 572
254 496
255 428
256 385
257 298
258 251
259 205
260 173
261 159
262 141
263 134
264 124
265 110
266 95
267 79
268 84
269 76
270 79
271 68
272 52
273 62
274 44
275 36
276 41
277 37
278 49
279 51
280 50
281 56
282 45
283 50
284 56
285 54
286 42
287 36
288 54
289 45
290 47
291 50
292 53
293 52
294 52
295 40
296 38
297 36
298 45
299 36
300 55
301 51
302 41
303 37
304 53
305 45
306 36
307 40
308 31
309 21
310 28
311 23
312 24
313 17
314 10
315 13
316 11
317 12
318 13
319 14
320 12
321 28
322 30
323 22
324 32
325 32
326 35
327 30
328 39
329 34
330 34
331 56
332 60
333 50
334 48
335 59
336 46
337 60
338 53
339 66
340 65
341 75
342 98
343 86
344 71
345 90
346 112
347 105
348 116
349 109
350 109
351 138
352 167
353 179
354 172
355 219
356 217
357 220
358 218
359 235
360 231
361 250
362 262
363 254
364 296
365 305
366 292
367 332
368 318
369 274
370 302
371 353
372 339
373 366
374 394
375 392
376 431
377 404
378 406
379 392
380 409
381 419
382 412
383 387
384 387
385 410
386 419
387 406
388 426
389 401
390 452
391 434
392 438
393 422
394 444
395 495
396 482
397 449
398 453
399 466
400 473
401 490
402 482
403 493
404 435
405 452
406 484
407 465
408 425
409 494
410 420
411 431
412 407
413 364
414 375
415 432
416 405
417 354
418 362
419 386
420 366
421 360
422 327
423 353
424 292
425 307
426 276
427 299
428 244
429 251
430 209
431 225
432 226
433 187
434 186
435 176
436 156
437 153
438 155
439 166
440 129
441 132
442 123
443 101
444 104
445 92
446 84
447 101
448 86
449 74
450 64
451 73
452 52
453 63
454 54
455 40
456 47
457 34
458 43
459 44
460 41
461 31
462 35
463 36
464 26
465 25
466 19
467 21
468 15
469 20
470 23
471 21
472 9
473 9
474 12
475 14
476 13
477 10
478 24
479 28
480 27
481 25
482 21
483 32
484 20
485 19
486 25
487 18
488 20
489 19
490 19
491 17
492 16
493 18
494 15
495 18
496 15
497 23
498 18
499 17
500 14
501 17
502 10
503 17
504 17
505 20
506 32
507 36
508 32
509 26
510 33
511 23
512 47
513 34
514 41
515 37
516 39
517 44
518 44
519 45
520 37
521 27
522 42
523 44
524 39
525 30
526 44
527 69
528 57
529 55
530 58
531 58
532 57
533 78
534 68
535 60
536 78
537 105
538 109
539 94
540 132
541 130
542 126
543 133
544 130
545 132
546 156
547 157
548 170
549 165
550 182
551 179
552 173
553 205
554 199
555 198
556 192
557 200
558 188
559 172
560 211
561 170
562 173
563 174
564 151
565 182
566 189
567 161
568 172
569 201
570 162
571 195
572 196
573 186
574 192
575 182
576 163
577 170
578 166
579 161
580 192
581 165
582 137
583 135
584 132
585 146
586 135
587 109
588 92
589 111
590 94
591 110
592 91
593 83
594 101
595 89
596 96
597 95
598 108
599 76
600 79
601 77
602 70
603 61
604 60
605 47
606 62
607 62
608 50
609 38
610 41
611 45
612 52
613 40
614 47
615 33
616 38
617 36
618 32
619 28
620 31
621 21
622 38
623 47
624 46
625 36
626 34
627 49
628 32
629 33
630 27
631 31
632 29
633 29
634 24
635 22
636 26
637 22
638 24
639 23
640 39
641 22
642 22
643 32
644 23
645 17
646 28
647 19
648 22
649 26
650 18
651 21
652 20
653 26
654 19
655 23
656 27
657 21
658 19
659 25
660 27
661 23
662 21
663 19
664 18
665 23
666 17
667 24
668 18
669 17
670 21
671 18
672 16
673 12
674 17
675 10
676 19
677 10
678 9
679 7
680 6
681 6
682 7
683 7
684 12
685 8
686 7
687 7
688 10
689 4
690 4
691 7
692 5
693 8
694 5
695 4
696 9
697 16
698 5
699 4
700 13
701 17
702 17
703 25
704 15
705 13
706 19
707 23
708 17
709 16
710 21
711 19
712 25
713 15
714 20
715 26
716 23
717 22
718 26
719 20
720 29
721 16
722 29
723 31
724 20
725 30
726 29
727 30
728 26
729 29
730 23
731 25
732 30
733 31
734 22
735 33
736 30
737 33
738 40
739 29
740 47
741 43
742 44
743 59
744 47
745 46
746 43
747 44
748 37
749 46
750 55
751 51
752 55
753 48
754 51
755 53
756 64
757 61
758 63
759 70
760 84
761 79
762 69
763 72
764 76
765 80
766 58
767 74
768 58
769 63
770 53
771 64
772 46
773 51
774 53
775 51
776 60
777 58
778 42
779 53
780 43
781 37
782 43
783 38
784 38
785 37
786 41
787 48
788 38
789 51
790 31
791 35
792 48
793 51
794 42
795 52
796 42
797 46
798 37
799 39
800 35
801 42
802 37
803 37
804 44
805 44
806 38
807 31
808 43
809 49
810 47
811 42
812 26
813 36
814 32
815 43
816 41
817 44
818 40
819 29
820 42
821 38
822 32
823 34
824 39
825 36
826 35
827 35
828 29
829 38
830 35
831 31
832 34
833 31
834 26
835 26
836 30
837 38
838 28
839 30
840 29
841 32
842 28
843 35
844 35
845 27
846 37
847 36
848 26
849 33
850 31
851 20
852 34
853 41
854 27
855 26
856 35
857 33
858 27
859 24
860 19
861 19
862 16
863 13
864 16
865 14
866 19
867 14
868 18
869 13
870 9
871 15
872 16
873 19
874 13
875 16
876 8
877 16
878 9
879 6
880 12
881 8
882 17
883 17
884 12
885 13
886 8
887 21
888 12
889 14
890 21
891 15
892 14
893 6
894 5
895 10
896 8
897 9
898 10
899 13
900 12
901 12
902 13
903 17
904 14
905 13
906 16
907 13
908 19
909 16
910 15
911 15
912 15
913 15
914 22
915 12
916 17
917 14
918 20
919 12
920 22
921 10
922 13
923 7
924 17
925 21
926 22
927 17
928 25
929 28
930 22
931 26
932 41
933 30
934 37
935 38
936 42
937 40
938 31
939 33
940 42
941 25
942 33
943 26
944 38
945 35
946 33
947 29
948 21
949 33
950 17
951 22
952 26
953 25
954 24
955 25
956 26
957 33
958 26
959 19
960 25
961 24
962 17
963 14
964 26
965 19
966 19
967 19
968 31
969 23
970 17
971 22
972 30
973 28
974 28
975 27
976 34
977 23
978 20
979 25
980 21
981 24
982 35
983 18
984 20
985 24
986 25
987 24
988 23
989 21
990 13
991 19
992 19
993 20
994 20
995 19
996 24
997 28
998 24
999 20
1000 22
1001 25
1002 25
1003 20
1004 17
1005 13
1006 23
1007 15
1008 15
1009 27
1010 14
1011 23
1012 15
1013 13
1014 28
1015 19
1016 24
1017 13
1018 16
1019 25
1020 11
1021 19
1022 12
1023 17
1024 23
1025 14
1026 13
1027 13
1028 11
1029 12
1030 13
1031 9
1032 13
1033 15
1034 14
1035 10
1036 13
1037 18
1038 12
1039 13
1040 9
1041 17
1042 10
1043 15
1044 18
1045 19
1046 20
1047 16
1048 12
1049 17
1050 16
1051 14
1052 22
1053 18
1054 15
1055 13
1056 18
1057 16
1058 16
1059 18
1060 16
1061 12
1062 18
1063 15
1064 9
1065 17
1066 11
1067 9
1068 14
1069 9
1070 9
1071 12
1072 9
1073 22
1074 23
1075 7
1076 19
1077 19
1078 18
1079 22
1080 8
1081 17
1082 23
1083 13
1084 18
1085 15
1086 24
1087 12
1088 18
1089 16
1090 14
1091 21
1092 14
1093 22
1094 16
1095 23
1096 14
1097 15
1098 15
1099 10
1100 18
1101 17
1102 23
1103 22
1104 29
1105 27
1106 17
1107 23
1108 21
1109 33
1110 33
1111 27
1112 29
1113 23
1114 27
1115 27
1116 45
1117 24
1118 32
1119 26
1120 24
1121 23
1122 36
1123 26
1124 24
1125 21
1126 23
1127 26
1128 26
1129 27
1130 31
1131 21
1132 33
1133 24
1134 35
1135 24
1136 27
1137 33
1138 25
1139 23
1140 30
1141 21
1142 15
1143 19
1144 22
1145 21
1146 20
1147 18
1148 14
1149 20
1150 18
1151 13
1152 16
1153 11
1154 17
1155 11
1156 15
1157 17
1158 12
1159 16
1160 16
1161 16
1162 17
1163 8
1164 15
1165 10
1166 9
1167 12
1168 17
1169 12
1170 12
1171 16
1172 7
1173 8
1174 9
1175 10
1176 10
1177 6
1178 9
1179 8
1180 5
1181 6
1182 8
1183 15
1184 6
1185 6
1186 5
1187 8
1188 7
1189 3
1190 2
1191 6
1192 6
1193 6
1194 4
1195 3
1196 9
1197 6
1198 7
1199 6
1200 4
1201 4
1202 5
1203 3
1204 7
1205 2
1206 9
1207 3
1208 3
1209 4
1210 2
1211 3
1212 2
1213 7
1214 3
1215 7
1216 2
1217 3
1218 2
1219 2
1220 5
1221 7
1222 3
1223 5
1224 5
1225 3
1226 6
1227 6
1228 4
1229 6
1230 6
1231 5
1232 4
1233 5
1234 5
1235 5
1236 6
1237 5
1238 9
1239 7
1240 4
1241 4
1243 8
1244 7
1245 6
1246 6
1247 5
1248 2
1249 6
1250 8
1251 2
1252 3
1254 6
1255 7
1256 4
1257 5
1258 5
1259 3
1260 4
1261 8
1262 4
1263 8
1264 1
1265 9
1266 7
1267 4
1268 3
1269 11
1270 2
1271 8
1272 5
1273 2
1274 4
1275 5
1276 1
1277 5
1278 3
1279 6
1280 2
1281 2
1282 7
1283 3
1284 4
1285 5
1286 8
1287 6
1288 2
1289 7
1290 2
1291 2
1292 4
1293 3
1294 5
1295 4
1296 6
1297 3
1298 2
1299 4
1300 6
1301 5
1304 3
1305 6
1306 4
1307 6
1308 3
1309 3
1310 2
1312 4
1313 1
1314 1
1316 3
1317 4
1318 5
1319 3
1320 1
1321 4
1322 2
1323 1
1324 4
1326 2
1327 3
1329 1
1330 4
1332 3
1333 3
1334 4
1336 1
1337 1
1338 1
1339 2
1340 1
1341 2
1343 1
1344 1
1345 2
1346 1
1348 1
1349 2
1350 1
1351 1
1353 1
1354 1
1356 4
1357 3
1358 2
1359 1
1360 3
1361 2
1362 2
1363 1
1364 1
1366 1
1368 1
1369 1
1371 1
1372 3
1373 1
1374 3
1375 1
1376 1
1377 2
1378 4
1379 2
1380 6
1381 5
1382 2
1383 7
1384 2
1386 2
1387 1
1388 1
1396 1
1406 1
1410 1
1420 1
1425 1
1429 1
1431 1
1436 1
1438 1
1444 1
1451 1
1454 1
1466 1
1468 1
1470 1
1471 1
1472 2
1473 3
1475 1
1476 2
1477 3
1478 3
1479 4
1480 1
1481 3
1482 2
1483 5
1484 3
1485 1
1486 3
1487 3
1488 1
1489 5
1490 3
1491 4
1492 6
1493 4
1494 3
1495 3
1496 2
1497 4
1498 3
1499 3
1500 3
1501 1
1502 4
1503 4
1504 1
1505 5
1506 2
1507 2
1508 7
1509 3
1510 5
1511 1
1512 1
1513 4
1514 3
1515 2
1517 5
1518 6
1519 4
1520 2
1521 3
1522 2
1523 6
1524 2
1525 3
1526 1
1528 1
1529 3
1530 4
1532 2
1533 3
1536 3
1537 1
1538 2
1539 2
1540 2
1541 5
1542 2
1543 3
1544 6
1546 2
1547 1
1548 4
1549 3
1550 1
1551 3
1552 1
1553 1
1554 1
1555 2
1556 4
1557 1
1558 1
1559 1
1561 2
1563 1
1565 1
1570 1
1573 1
1575 1
1576 1
1582 1
1583 1
1584 2
1587 2
1588 3
1589 1
1591 2
1594 3
1595 1
1596 1
1597 2
1598 1
1599 2
1600 2
1601 1
1603 2
1604 1
1605 1
1606 2
1610 1
1611 3
1614 2
1616 2
1618 2
1619 1
1621 1
1624 2
1625 1
1626 2
1629 2
1631 3
1632 4
1633 1
1634 3
1637 3
1638 1
1639 2
1640 4
1641 1
1642 2
1643 1
1644 1
1646 1
1647 2
1648 1
1649 1
1650 1
1653 1
1654 1
1655 2
1656 4
1657 2
1658 1
1659 2
1660 2
1661 2
1662 3
1663 1
1664 3
1665 1
1666 2
1667 1
1668 4
1669 2
1670 4
1671 5
1672 4
1673 3
1674 4
1675 2
1676 2
1677 3
1678 1
1680 4
1681 3
1683 2
1684 3
1685 3
1686 1
1687 2
1688 2
1689 1
1691 1
1692 3
1693 1
1694 3
1695 1
1696 5
1697 1
1699 1
1704 1
1706 1
1707 1
1713 1
1714 1
1715 1
1716 1
1717 3
1718 1
1720 1
1721 1
1722 1
1723 2
1724 2
1725 3
1726 1
1729 3
1732 1
1743 2
1744 1
1745 1
1746 1
1756 1
1761 2
1764 2
1765 2
1770 1
1772 1
1775 1
1798 1
1806 2
1807 1
1809 2
1811 1
1813 1
1815 2
1817 1
1818 2
1820 1
1822 3
1823 3
1824 4
1825 2
1826 3
1827 5
1828 1
1829 1
1830 1
1831 3
1832 4
1834 2
1835 5
1836 4
1837 6
1838 6
1840 5
1841 3
1842 3
1843 3
1844 2
1845 3
1846 2
1847 2
1849 3
1850 3
1851 4
1852 2
1853 5
1854 6
1855 2
1856 1
1857 3
1858 2
1859 3
1861 3
1862 1
1863 3
1864 5
1865 4
1866 4
1867 5
1868 5
1869 2
1870 2
1871 4
1872 2
1873 3
1874 1
1875 1
1876 1
1877 3
1878 2
1879 2
1880 2
1883 1
1885 2
1886 1
1887 2
1888 1
1889 2
1890 2
1891 2
1892 6
1893 4
1894 1
1895 2
1896 4
1897 3
1898 4
1899 4
1900 2
1901 1
1902 2
1903 2
1904 2
1905 6
1906 4
1907 4
1908 5
1909 4
1910 2
1911 2
1912 3
1913 2
1914 2
1915 1
1918 1
1919 2
1921 1
1924 1
1926 1
1927 1
1930 1
1931 2
1932 1
1934 1
1936 2
1937 2
1939 1
1940 2
1941 1
1943 1
1945 1
1946 2
1947 1
1948 1
1949 2
1950 4
1951 2
1952 2
1953 1
1954 1
1955 1
1956 1
1957 4
1958 2
1959 1
1960 1
1961 2
1963 1
1964 1
1969 1
1970 1
1971 1
1972 2
1976 1
1977 2
1978 1
1979 2
1980 2
1982 2
1984 1
1986 1
1987 1
1988 1
1990 1
1991 2
1997 1
2000 1
2001 2
2002 2
2003 1
2004 3
2005 1
2006 3
2007 2
2008 2
2009 1
2010 3
2011 4
2012 9
2013 7
2014 4
2015 3
2016 6
2017 6
2018 6
2019 3
2020 8
2021 6
2022 4
2023 9
2024 3
2025 3
2026 4
2027 1
2028 6
2029 6
2030 3
2031 4
2032 2
2033 4
2034 1
2035 8
2036 2
2037 3
2038 4
2039 7
2040 3
2041 4
2042 6
2043 1
2044 1
2045 6
2046 4
2047 2
2048 3
2049 5
2050 4
2051 2
2052 3
2053 4
2054 5
2056 6
2057 3
2058 4
2060 3
2063 1
2064 3
2065 4
2066 4
2067 1
2068 3
2069 2
2070 7
2071 2
2072 4
2073 5
2074 2
2075 2
2076 4
2077 1
2078 3
2079 3
2080 2
2081 4
2082 4
2083 7
2084 6
2085 5
2086 4
2087 1
2088 5
2089 6
2090 4
2091 4
2092 4
2093 7
2094 9
2095 5
2096 5
2097 7
2098 5
2099 2
2100 1
2101 1
2102 4
2103 7
2104 4
2105 1
2106 4
2107 2
2108 3
2110 1
2111 2
2112 3
2113 2
2114 2
2115 1
2117 2
2119 1
2120 2
2122 3
2124 3
2125 5
2126 2
2127 3
2128 1
2129 1
2130 4
2131 1
2132 2
2133 2
2134 1
2135 1
2136 1
2137 3
2138 1
2139 4
2140 2
2143 2
2144 2
2145 3
2146 2
2147 2
2148 1
2149 1
2150 3
2151 1
2152 1
2153 2
2155 2
2158 2
2159 1
2162 1
2166 1
2170 2
2174 1
2175 1
2179 3
2180 1
2181 1
2183 2
2184 1
2185 1
2187 1
2188 1
2189 1
2190 2
2191 1
2192 1
2193 3
2194 1
2196 2
2199 3
2200 4
2202 2
2203 4
2204 3
2207 2
2208 1
2210 2
2211 1
2212 1
2213 2
2214 2
2216 4
2217 2
2218 2
2219 1
2220 2
2221 1
2225 4
2226 2
2227 6
2228 1
2229 4
2230 3
2231 3
2233 2
2234 3
2235 3
2236 4
2237 2
2239 2
2240 3
2241 3
2242 3
2243 1
2244 3
2245 1
2246 2
2247 3
2248 6
2249 3
2250 3
2252 1
2253 2
2254 3
2255 7
2256 2
2257 5
2258 2
2259 3
2260 3
2261 1
2262 3
2263 4
2265 3
2266 4
2267 2
2268 1
2269 6
2270 3
2273 2
2274 2
2275 1
2276 2
2278 1
2279 3
2280 3
2281 2
2282 2
2283 1
2284 1
2285 3
2286 2
2287 4
2288 2
2289 3
2290 2
2291 2
2292 3
2293 1
2294 1
2295 1
2296 1
2297 1
2298 1
2299 2
2300 2
2301 1
2302 1
2304 1
2305 1
2306 1
2311 1
2315 1
2316 1
2317 1
2318 1
2319 1
2337 1
2338 2
2340 1
2342 1
2345 1
2346 3
2350 1
2351 1
2352 1
2353 1
2354 2
2355 1
2356 1
2358 2
2362 1
2363 1
2364 1
2365 1
2367 1
2368 1
2372 2
2376 2
2378 2
2380 4
2382 3
2384 2
2385 1
2386 1
2387 2
2388 4
2389 4
2391 1
2392 3
2393 1
2395 1
2396 1
2399 2
2401 1
2402 1
2405 2
2406 2
2407 1
2408 2
2409 5
2410 1
2411 4
2412 3
2413 2
2414 2
2415 1
2417 3
2418 3
2419 2
2420 2
2422 2
2424 1
2425 2
2426 1
2427 2
2429 2
2430 5
2431 5
2432 3
2433 2
2434 4
2435 1
2436 2
2438 1
2439 2
2440 2
2441 4
2442 3
2443 2
2444 3
2445 1
2446 2
2449 2
2450 3
2451 3
2452 1
2453 1
2454 2
2455 2
2456 1
2457 1
2458 1
2459 2
2460 3
2461 2
2462 2
2463 2
2464 3
2466 3
2467 1
2468 1
2471 2
2472 1
2474 3
2475 4
2476 2
2478 1
2479 1
2480 2
2483 1
2484 3
2485 3
2486 2
2487 3
2488 1
2489 2
2490 4
2491 4
2492 3
2493 3
2494 3
2495 3
2496 5
2497 2
2498 3
2499 4
2500 4
2501 5
2503 3
2504 3
2505 2
2506 3
2507 5
2508 4
2509 3
2510 5
2511 1
2512 5
2513 4
2514 2
2515 1
2516 2
2518 2
2520 2
2521 1
2522 3
2523 3
2524 4
2525 1
2526 1
2527 2
2528 2
2529 1
2531 4
2532 3
2534 3
2535 1
2537 2
2538 1
2540 1
2542 1
2543 2
2545 2
2547 1
2550 1
2552 3
2553 1
2554 1
2556 1
2557 1
2558 4
2559 4
2560 3
2561 1
2564 1
2567 1
2568 5
2569 1
2571 4
2572 2
2573 1
2574 2
2575 3
2576 1
2578 1
2579 1
2580 1
2581 3
2582 1
2584 1
2585 1
2586 1
2587 1
2590 5
2591 3
2592 1
2594 3
2595 3
2597 2
2598 1
2599 2
2600 2
2602 4
2604 2
2605 1
2606 1
2607 1
2609 2
2610 1
2611 2
2613 1
2614 1
2615 2
2617 2
2618 2
2619 1
2620 2
2622 2
2623 1
2624 4
2625 2
2627 1
2628 4
2629 2
2630 1
2631 4
2632 2
2633 1
2634 1
2635 2
2636 1
2639 3
2640 4
2642 1
2643 1
2646 2
2647 1
2648 1
2649 2
2650 2
2652 1
2653 2
2654 1
2655 3
2656 3
2657 1
2658 3
2660 1
2661 1
2662 1
2663 3
2665 2
2666 1
2668 1
2672 1
2674 1
2676 1
2678 1
2679 1
2680 2
2681 1
2682 1
2686 2
2687 2
2688 2
2689 1
2690 2
2691 1
2693 1
2694 2
2695 1
2696 2
2697 2
2699 1
2703 1
2706 1
2707 1
2709 1
2711 1
2714 2
2715 1
2716 1
2717 2
2718 1
2719 1
2720 2
2721 1
2722 1
2723 1
2724 1
2728 1
2731 2
2734 1
2738 2
2739 1
2741 1
2744 1
2745 1
2746 1
2747 1
2748 2
2750 1
2751 2
2753 1
2754 2
2755 1
2758 1
2762 1
2766 1
2767 2
2780 2
2781 1
2784 1
2785 1
2786 1
2790 1
2791 2
2793 2
2794 2
2796 3
2799 1
2800 2
2801 1
2803 3
2804 2
2805 4
2806 4
2808 1
2809 1
2810 2
2811 1
2812 6
2814 3
2815 3
2816 3
2817 2
2818 2
2819 1
2820 2
2821 2
2822 1
2823 3
2824 1
2825 1
2827 1
2828 1
2829 1
2830 4
2831 1
2832 1
2833 2
2834 3
2835 5
2836 3
2837 2
2838 7
2840 5
2841 1
2842 2
2843 1
2844 3
2845 5
2846 7
2847 2
2848 2
2849 5
2850 4
2851 5
2852 3
2853 3
2854 9
2855 1
2856 6
2857 2
2858 1
2859 7
2860 6
2861 3
2862 3
2863 6
2864 10
2865 5
2866 2
2867 4
2868 4
2869 5
2870 5
2871 2
2873 5
2874 2
2875 4
2876 4
2877 4
2878 3
2880 2
2881 4
2882 2
2883 3
2884 1
2885 6
2886 7
2887 1
2888 3
2889 1
2890 3
2891 4
2892 1
2893 1
2894 6
2895 4
2896 2
2897 4
2899 3
2900 2
2901 2
2902 1
2903 1
2906 4
2907 2
2908 6
2909 1
2911 1
2912 2
2913 3
2914 2
2916 1
2917 2
2919 1
2920 3
2921 4
2923 2
2924 2
2925 1
2926 2
2927 1
2928 1
2929 3
2930 1
2931 2
2932 1
2933 2
2934 2
2935 3
2936 1
2938 4
2939 1
2942 1
2943 1
2944 3
2945 2
2946 1
2947 2
2948 1
2949 1
2950 2
2951 1
2953 2
2955 3
2956 1
2957 1
2958 2
2959 2
2960 1
2962 5
2964 2
2965 1
2966 1
2970 1
2971 1
2972 2
2974 1
2977 2
3005 1
3008 1
3011 2
3012 1
3013 1
3014 1
3018 1
3019 1
3020 1
3032 1
3035 2
3037 1
3040 2
3041 2
3045 1
3046 1
3047 1
3048 2
3049 1
3052 1
3053 2
3054 2
3055 1
3058 1
3059 1
3062 1
3064 2
3065 2
3066 3
3067 1
3069 1
3070 4
3072 2
3075 2
3076 2
3077 1
3078 1
3080 1
3081 3
3082 2
3085 1
3086 2
3087 3
3088 2
3089 3
3090 4
3092 4
3093 3
3095 1
3096 1
3097 2
3099 3
3100 1
3102 3
3103 1
3104 3
3105 2
3106 1
3107 1
3108 1
3109 1
3110 1
3112 1
3114 1
3115 1
3116 1
3118 1
3122 1
3123 2
3126 1
3127 2
3128 1
3129 3
3130 1
3131 3
3132 1
3133 2
3134 2
3135 1
3136 1
3137 1
3138 4
3139 1
3140 2
3141 2
3142 1
3143 2
3145 5
3146 3
3147 4
3148 1
3149 3
3150 5
3151 2
3152 2
3153 2
3154 3
3155 1
3156 2
3157 2
3158 2
3159 1
3160 3
3162 3
3163 1
3166 2
3168 1
3169 1
3170 1
3171 2
3172 1
3173 2
3175 1
3176 3
3177 3
3178 2
3179 3
3181 2
3182 1
3183 2
3185 1
3186 2
3187 1
3189 1
3190 2
3191 2
3192 2
3194 1
3195 1
3196 1
3199 1
3202 1
3203 3
3205 3
3206 2
3207 4
3209 1
3210 4
3211 1
3213 2
3214 1
3215 3
3218 1
3220 1
3221 3
3222 3
3223 1
3224 2
3225 1
3227 2
3233 1
3234 1
3235 1
3237 3
3238 2
3239 1
3241 1
3242 1
3244 1
3245 1
3246 3
3249 2
3251 1
3255 1
3256 1
3258 1
3259 1
3261 2
3262 2
3265 1
3270 2
3273 1
3274 1
3275 2
3278 1
3281 2
3283 2
3364 1
3374 1
3375 1
3376 1
3377 1
3379 1
3380 2
3381 1
3382 1
3384 1
3386 3
3387 1
3391 2
3392 2
3393 2
3395 5
3396 2
3397 4
3399 1
3400 2
3401 2
3403 3
3405 2
3406 2
3407 4
3408 3
3409 4
3410 1
3411 3
3413 1
3414 4
3415 4
3416 2
3417 1
3419 1
3420 4
3421 1
3423 1
3424 1
3425 1
3428 1
3429 1
3430 2
3431 3
3432 1
3433 3
3435 2
3436 2
3437 1
3440 2
3442 2
3443 1
3445 2
3446 1
3447 3
3450 3
3451 1
3452 1
3453 1
3454 1
3458 1
3462 1
3463 1
3468 2
3471 1
3492 1
3496 1
3500 1
3504 1
3525 2
3793 1
3811 1
3909 1
3978 1
3980 1
4075 1
4294 1
4344 1
4351 1
4521 3
4526 1
4527 1
4528 1
4532 1
4540 1
4542 1
4545 1
4550 1
4555 1
4556 1
4576 1
4582 1
4600 1
4651 1
4722 1
4727 2
4735 1
4739 1
4745 1
4869 1
4968 1
4969 1
4972 1
4978 1
4980 1
4983 1
4986 1
4987 1
4990 1
5111 1
5243 1
5259 1
5283 1
5432 1
5448 1
5604 1
5732 1
5862 1
6391 1
6472 1
6475 1
6483 1
6657 1
6671 2
6710 1
6712 1
6718 1
6719 1
6872 1
6876 1
6879 1
7052 1
7061 1
7065 1
7071 2
7079 1
7087 1
7185 1
7440 1
7481 1
7533 1
7540 2
8031 1
8032 1
8036 1
8045 1
8059 1
8069 1
8197 1
8227 1
8382 1
8825 1
