1 24331757
2 12656884
3 7237021
4 4403059
5 2839851
6 2003853
7 1606066
8 1476632
9 1486170
10 1547142
11 1590389
12 1585250
13 1545785
14 1472157
15 1362273
16 1239951
17 1113903
18 993682
19 884817
20 796740
21 721949
22 666389
23 634114
24 634070
25 657845
26 701127
27 757798
28 827108
29 896701
30 961372
31 1014914
32 1051505
33 1065747
34 1060793
35 1034808
36 991144
37 929205
38 853070
39 769648
40 681581
41 596528
42 512099
43 433743
44 361008
45 298101
46 242301
47 193995
48 154651
49 122573
50 97434
51 77068
52 60317
53 48485
54 39037
55 31327
56 25351
57 21260
58 17857
59 15286
60 13428
61 11998
62 10474
63 9594
64 9050
65 8033
66 7193
67 6982
68 6742
69 6186
70 5845
71 5480
72 4905
73 4483
74 4235
75 4004
76 3607
77 3465
78 3089
79 2796
80 2570
81 2339
82 2209
83 1944
84 1846
85 1758
86 1603
87 1519
88 1397
89 1270
90 1168
91 1073
92 961
93 910
94 882
95 811
96 825
97 805
98 782
99 778
100 747
101 783
102 793
103 791
104 792
105 875
106 820
107 806
108 770
109 782
110 806
111 720
112 831
113 809
114 746
115 718
116 720
117 730
118 670
119 683
120 680
121 710
122 630
123 586
124 590
125 570
126 560
127 530
128 565
129 511
130 464
131 435
132 422
133 474
134 446
135 394
136 391
137 380
138 355
139 379
140 345
141 328
142 327
143 293
144 262
145 268
146 262
147 255
148 279
149 267
150 276
151 238
152 268
153 241
154 257
155 256
156 250
157 242
158 229
159 235
160 253
161 319
162 314
163 300
164 307
165 273
166 271
167 285
168 270
169 253
170 219
171 238
172 224
173 236
174 216
175 208
176 216
177 213
178 186
179 174
180 178
181 144
182 161
183 158
184 161
185 147
186 143
187 131
188 142
189 133
190 131
191 118
192 114
193 115
194 113
195 93
196 97
197 100
198 103
199 94
200 72
201 108
202 94
203 82
204 75
205 79
206 56
207 61
208 64
209 61
210 64
211 65
212 66
213 67
214 62
215 65
216 68
217 54
218 48
219 45
220 53
221 61
222 43
223 44
224 55
225 55
226 64
227 65
228 68
229 65
230 66
231 85
232 73
233 72
234 69
235 69
236 73
237 68
238 71
239 65
240 62
241 42
242 47
243 29
244 40
245 38
246 29
247 25
248 28
249 27
250 42
251 49
252 29
253 36
254 43
255 56
256 38
257 32
258 40
259 41
260 56
261 43
262 39
263 61
264 46
265 55
266 41
267 50
268 42
269 51
270 37
271 38
272 37
273 35
274 42
275 35
276 34
277 48
278 42
279 34
280 31
281 41
282 32
283 32
284 24
285 25
286 22
287 25
288 27
289 34
290 35
291 25
292 13
293 18
294 11
295 10
296 13
297 13
298 10
299 16
300 16
301 7
302 6
303 7
304 7
305 10
306 6
307 10
308 6
309 6
310 9
311 11
312 13
313 6
314 5
315 5
316 2
317 3
318 4
319 7
320 7
321 14
322 14
323 13
324 16
325 8
326 8
327 10
328 5
329 6
330 12
331 7
332 21
333 10
334 11
335 13
336 17
337 20
338 12
339 19
340 14
341 18
342 12
343 13
344 29
345 14
346 18
347 10
348 16
349 14
350 19
351 20
352 23
353 13
354 19
355 13
356 15
357 18
358 9
359 11
360 20
361 8
362 11
363 15
364 15
365 14
366 16
367 22
368 16
369 10
370 28
371 5
372 9
373 11
374 8
375 20
376 16
377 8
378 19
379 18
380 15
381 10
382 15
383 10
384 7
385 16
386 10
387 13
388 14
389 9
390 12
391 12
392 7
393 13
394 14
395 10
396 7
397 13
398 16
399 11
400 13
401 9
402 6
403 5
404 12
405 5
406 9
407 12
408 12
409 9
410 18
411 12
412 14
413 16
414 14
415 13
416 8
417 14
418 10
419 14
420 11
421 7
422 13
423 7
424 13
425 6
426 12
427 12
428 13
429 8
430 12
431 9
432 9
433 15
434 13
435 18
436 21
437 19
438 13
439 22
440 8
441 16
442 18
443 10
444 15
445 24
446 9
447 20
448 17
449 18
450 24
451 20
452 19
453 23
454 19
455 23
456 10
457 24
458 19
459 13
460 26
461 18
462 12
463 12
464 9
465 9
466 14
467 13
468 6
469 9
470 5
471 19
472 10
473 12
474 10
475 15
476 9
477 8
478 11
479 25
480 10
481 22
482 17
483 7
484 11
485 8
486 5
487 9
488 5
489 8
490 4
491 4
492 1
493 4
494 4
495 4
496 1
497 3
498 2
499 3
500 4
501 2
502 4
503 4
504 3
505 7
506 8
507 6
508 6
509 8
510 3
511 4
512 2
513 7
514 4
515 3
516 4
517 8
518 5
519 9
520 6
521 7
522 9
523 9
524 9
525 4
526 11
527 6
528 5
529 6
530 4
531 6
532 4
533 7
534 5
535 3
536 5
537 3
538 3
539 4
540 1
542 2
543 3
544 2
545 2
546 1
548 3
550 1
551 3
552 1
553 1
554 3
556 7
557 3
559 3
560 3
561 7
562 3
563 1
564 1
565 4
568 5
570 1
571 3
572 2
573 1
574 3
575 1
576 2
578 2
579 6
580 2
581 3
582 1
583 2
586 1
587 1
588 1
589 1
591 1
594 2
595 1
596 2
598 2
599 1
602 2
603 2
606 2
607 3
609 1
610 1
613 3
614 3
616 2
618 2
619 2
620 3
621 2
622 1
623 5
624 3
625 6
626 2
627 2
628 4
629 3
631 1
633 1
634 1
635 1
637 2
639 2
650 1
651 1
659 1
665 1
667 1
670 1
672 1
674 1
677 1
678 1
680 1
681 2
683 1
685 2
686 1
692 1
695 2
696 2
699 2
702 1
704 2
705 1
708 1
709 1
710 2
711 1
713 2
715 2
716 1
719 1
722 2
723 1
728 2
731 1
738 1
749 1
751 1
752 1
767 1
770 1
791 1
797 1
800 1
802 1
803 3
804 1
805 2
809 1
810 1
814 1
816 1
818 1
820 1
823 1
826 1
833 1
848 2
849 1
851 1
852 3
853 1
861 1
900 1
904 1
908 1
910 1
922 1
936 1
938 2
941 1
953 1
961 1
964 1
966 1
974 1
976 2
978 1
979 1
980 1
983 1
984 2
987 1
991 1
992 2
997 1
1009 1
1010 2
1019 1
1023 1
1024 1
1027 1
1029 2
1032 2
1033 2
1034 2
1035 1
1039 1
1040 1
1041 1
1042 1
1043 1
1044 1
1046 1
1047 1
1051 1
1052 1
1054 1
1057 1
1061 2
1062 1
1063 1
1064 1
1065 2
1066 1
1067 3
1068 2
1070 2
1071 2
1074 3
1076 1
1078 1
1089 1
1100 1
1105 1
1106 1
1108 1
1111 1
1117 1
1124 2
1134 1
1140 1
1145 1
1150 1
1151 1
1154 1
1160 1
1161 1
1255 1
1302 1
1340 1
1346 1
1347 1
1354 1
1368 1
1370 1
1372 1
1389 1
1391 2
1393 2
1395 1
1396 1
1398 1
1402 1
1403 1
1420 1
1437 1
1440 1
1462 1
1467 1
1514 1
1515 2
1517 2
1525 1
1566 1
1593 1
1599 1
1602 1
1605 1
1606 1
1610 1
1612 1
1615 1
1616 1
1617 2
1674 1
2282 1
2312 1
2391 1
2565 1
2569 1
2719 1
3398 1
3425 1
3430 1
3439 1
3449 1
3450 1
3459 2
3464 1
3468 1
3473 1
