1 21950434
2 9305727
3 4472022
4 2495530
5 1711244
6 1299173
7 1040155
8 882493
9 823219
10 846606
11 912963
12 999778
13 1069241
14 1105510
15 1112591
16 1092166
17 1050621
18 999924
19 941260
20 892215
21 843336
22 794214
23 736987
24 683344
25 622538
26 562501
27 501877
28 443817
29 389086
30 341007
31 300730
32 271210
33 250269
34 235095
35 225166
36 219796
37 216517
38 214439
39 214590
40 214325
41 215403
42 216653
43 220782
44 222385
45 227670
46 230664
47 234727
48 237894
49 239368
50 239888
51 240342
52 238340
53 236411
54 234743
55 232526
56 230581
57 229938
58 228099
59 227268
60 227314
61 225201
62 223915
63 220276
64 216728
65 210355
66 202929
67 194198
68 183735
69 171959
70 159593
71 145357
72 131846
73 117621
74 103858
75 89733
76 77436
77 66069
78 55234
79 46289
80 37959
81 30574
82 24971
83 19880
84 15904
85 12510
86 9675
87 7579
88 6049
89 4649
90 3489
91 2981
92 2537
93 2363
94 1985
95 1823
96 1653
97 1683
98 1493
99 1421
100 1381
101 1333
102 1295
103 1273
104 1326
105 1229
106 1248
107 1125
108 1059
109 994
110 905
111 877
112 880
113 881
114 828
115 813
116 837
117 750
118 716
119 742
120 686
121 694
122 759
123 783
124 692
125 775
126 768
127 785
128 799
129 773
130 721
131 781
132 769
133 734
134 729
135 716
136 672
137 619
138 599
139 578
140 562
141 535
142 504
143 494
144 534
145 455
146 422
147 443
148 424
149 413
150 410
151 373
152 356
153 341
154 332
155 300
156 286
157 284
158 253
159 271
160 263
161 274
162 240
163 259
164 245
165 248
166 261
167 237
168 211
169 231
170 255
171 233
172 252
173 238
174 225
175 246
176 236
177 212
178 225
179 210
180 254
181 229
182 259
183 248
184 261
185 283
186 271
187 317
188 337
189 362
190 349
191 327
192 298
193 320
194 306
195 285
196 322
197 282
198 316
199 236
200 227
201 242
202 210
203 192
204 201
205 202
206 189
207 207
208 199
209 188
210 216
211 212
212 208
213 203
214 194
215 210
216 187
217 180
218 186
219 161
220 162
221 136
222 124
223 125
224 129
225 110
226 117
227 119
228 121
229 117
230 126
231 99
232 117
233 80
234 99
235 78
236 97
237 85
238 76
239 91
240 75
241 88
242 99
243 90
244 91
245 84
246 81
247 56
248 51
249 53
250 64
251 55
252 49
253 55
254 47
255 58
256 58
257 61
258 64
259 59
260 65
261 69
262 73
263 77
264 69
265 78
266 66
267 72
268 66
269 51
270 55
271 53
272 36
273 56
274 40
275 50
276 66
277 59
278 46
279 69
280 65
281 80
282 64
283 79
284 104
285 111
286 122
287 144
288 181
289 206
290 247
291 282
292 369
293 373
294 447
295 548
296 640
297 810
298 883
299 1031
300 1189
301 1493
302 1617
303 1874
304 2246
305 2471
306 2919
307 3352
308 3812
309 4487
310 5014
311 5547
312 6190
313 6986
314 7664
315 8450
316 9505
317 10566
318 11602
319 12671
320 13931
321 15106
322 16152
323 17697
324 19051
325 20849
326 22309
327 24209
328 25547
329 27263
330 29373
331 31159
332 32984
333 34960
334 36856
335 38991
336 41149
337 43144
338 45301
339 47266
340 49061
341 51105
342 52344
343 54730
344 56823
345 58517
346 60489
347 61894
348 64051
349 66222
350 67650
351 69215
352 70237
353 72469
354 73572
355 74851
356 76245
357 77444
358 79168
359 80774
360 81574
361 82988
362 84202
363 85218
364 86293
365 86798
366 88448
367 88335
368 89113
369 89389
370 90386
371 90106
372 90483
373 89849
374 89839
375 89953
376 89573
377 88616
378 88312
379 87367
380 86431
381 85740
382 84489
383 82378
384 81306
385 79626
386 77794
387 76056
388 74028
389 71673
390 70350
391 67215
392 65265
393 62643
394 60679
395 57959
396 55855
397 53452
398 50308
399 48072
400 45677
401 43068
402 40552
403 38201
404 36224
405 33629
406 31800
407 29461
408 27235
409 25473
410 23634
411 21983
412 20025
413 18674
414 17100
415 15589
416 14409
417 13290
418 12059
419 11107
420 9952
421 9038
422 7972
423 7242
424 6498
425 5784
426 5257
427 4668
428 4038
429 3649
430 3155
431 2852
432 2612
433 2215
434 1903
435 1645
436 1487
437 1245
438 1155
439 957
440 819
441 768
442 625
443 567
444 515
445 427
446 370
447 326
448 289
449 216
450 215
451 186
452 156
453 123
454 133
455 111
456 136
457 109
458 110
459 106
460 76
461 72
462 62
463 57
464 66
465 59
466 53
467 49
468 54
469 56
470 46
471 46
472 54
473 48
474 49
475 61
476 47
477 47
478 48
479 42
480 54
481 49
482 43
483 40
484 35
485 32
486 45
487 35
488 31
489 35
490 32
491 31
492 35
493 43
494 29
495 25
496 25
497 36
498 31
499 27
500 32
501 30
502 32
503 29
504 20
505 35
506 26
507 33
508 25
509 32
510 39
511 36
512 28
513 31
514 44
515 34
516 40
517 48
518 45
519 47
520 28
521 38
522 31
523 41
524 42
525 37
526 51
527 28
528 28
529 38
530 25
531 29
532 25
533 31
534 22
535 22
536 18
537 18
538 17
539 19
540 26
541 33
542 22
543 13
544 23
545 16
546 24
547 18
548 12
549 30
550 18
551 18
552 14
553 14
554 17
555 17
556 24
557 23
558 12
559 18
560 13
561 20
562 23
563 20
564 22
565 21
566 20
567 15
568 22
569 14
570 16
571 10
572 12
573 8
574 13
575 19
576 15
577 15
578 13
579 9
580 10
581 12
582 10
583 9
584 7
585 10
586 5
587 7
588 6
589 12
590 10
591 8
592 6
593 10
594 9
595 13
596 14
597 14
598 16
599 10
600 12
601 12
602 13
603 8
604 14
605 12
606 10
607 4
608 7
609 5
610 4
611 1
612 5
613 4
614 3
615 6
616 5
617 4
618 4
619 6
620 6
621 6
622 12
623 4
624 5
625 7
626 4
627 2
628 6
629 3
630 5
631 2
632 6
633 8
634 9
635 9
636 9
637 12
638 8
639 11
640 15
641 11
642 16
643 17
644 26
645 25
646 29
647 33
648 35
649 44
650 51
651 50
652 46
653 61
654 60
655 46
656 72
657 60
658 57
659 58
660 74
661 57
662 84
663 100
664 82
665 95
666 76
667 103
668 102
669 112
670 112
671 109
672 103
673 129
674 148
675 121
676 164
677 158
678 168
679 178
680 186
681 192
682 216
683 202
684 232
685 226
686 248
687 238
688 253
689 242
690 209
691 245
692 275
693 224
694 256
695 252
696 238
697 301
698 258
699 275
700 293
701 299
702 266
703 287
704 289
705 277
706 289
707 305
708 306
709 284
710 293
711 251
712 285
713 256
714 308
715 259
716 248
717 246
718 251
719 237
720 287
721 267
722 242
723 253
724 254
725 255
726 249
727 248
728 267
729 298
730 257
731 285
732 266
733 265
734 277
735 277
736 275
737 246
738 297
739 255
740 289
741 280
742 258
743 279
744 247
745 270
746 256
747 290
748 279
749 297
750 282
751 263
752 295
753 269
754 262
755 271
756 271
757 266
758 301
759 277
760 271
761 272
762 301
763 296
764 270
765 297
766 271
767 271
768 246
769 233
770 252
771 256
772 254
773 241
774 243
775 232
776 231
777 234
778 209
779 204
780 205
781 166
782 156
783 178
784 168
785 173
786 149
787 170
788 139
789 146
790 120
791 110
792 99
793 122
794 102
795 109
796 108
797 97
798 92
799 87
800 72
801 74
802 77
803 63
804 56
805 62
806 71
807 43
808 47
809 40
810 35
811 49
812 39
813 31
814 45
815 38
816 26
817 40
818 27
819 27
820 39
821 24
822 20
823 24
824 23
825 22
826 26
827 26
828 33
829 33
830 31
831 26
832 20
833 30
834 26
835 24
836 17
837 17
838 22
839 14
840 14
841 14
842 11
843 8
844 11
845 17
846 16
847 6
848 15
849 7
850 11
851 9
852 7
853 5
854 14
855 15
856 9
857 14
858 6
859 13
860 13
861 13
862 13
863 23
864 16
865 11
866 19
867 15
868 13
869 14
870 9
871 12
872 16
873 11
874 5
875 14
876 12
877 9
878 10
879 5
880 6
881 4
882 3
883 8
884 8
885 5
886 4
887 13
888 12
889 9
890 12
891 11
892 9
893 13
894 13
895 9
896 14
897 5
898 7
899 8
900 15
901 7
902 10
903 12
904 9
905 16
906 7
907 13
908 9
909 14
910 10
911 10
912 17
913 13
914 10
915 10
916 13
917 9
918 9
919 7
920 14
921 13
922 17
923 6
924 9
925 11
926 10
927 9
928 4
929 7
930 5
931 2
932 4
933 4
934 6
935 5
936 2
937 9
938 1
939 11
940 5
941 6
942 9
943 7
944 3
945 5
946 4
947 3
948 7
949 1
950 6
951 4
952 3
953 4
954 6
955 5
956 8
957 7
958 5
959 2
960 8
961 9
962 6
963 8
964 7
965 5
966 9
967 9
968 9
969 5
970 13
971 13
972 8
973 11
974 10
975 6
976 7
977 14
978 12
979 13
980 15
981 10
982 15
983 17
984 22
985 24
986 19
987 30
988 24
989 35
990 27
991 32
992 33
993 26
994 44
995 41
996 36
997 43
998 46
999 32
1000 52
1001 38
1002 46
1003 48
1004 54
1005 47
1006 49
1007 59
1008 65
1009 72
1010 79
1011 86
1012 78
1013 66
1014 64
1015 82
1016 73
1017 75
1018 70
1019 92
1020 96
1021 87
1022 74
1023 98
1024 94
1025 100
1026 90
1027 97
1028 93
1029 116
1030 111
1031 117
1032 125
1033 123
1034 129
1035 130
1036 117
1037 136
1038 135
1039 134
1040 154
1041 141
1042 128
1043 131
1044 123
1045 138
1046 141
1047 112
1048 125
1049 148
1050 141
1051 127
1052 139
1053 137
1054 115
1055 138
1056 149
1057 142
1058 122
1059 113
1060 109
1061 111
1062 103
1063 87
1064 91
1065 99
1066 84
1067 85
1068 93
1069 83
1070 98
1071 81
1072 98
1073 89
1074 99
1075 93
1076 95
1077 109
1078 91
1079 81
1080 90
1081 83
1082 84
1083 76
1084 80
1085 57
1086 60
1087 60
1088 58
1089 62
1090 57
1091 64
1092 76
1093 85
1094 61
1095 61
1096 63
1097 66
1098 67
1099 61
1100 79
1101 75
1102 60
1103 76
1104 49
1105 65
1106 50
1107 58
1108 53
1109 64
1110 41
1111 41
1112 52
1113 32
1114 36
1115 41
1116 45
1117 36
1118 32
1119 41
1120 21
1121 20
1122 28
1123 39
1124 27
1125 26
1126 26
1127 22
1128 22
1129 24
1130 35
1131 31
1132 26
1133 19
1134 18
1135 18
1136 26
1137 20
1138 19
1139 19
1140 18
1141 12
1142 22
1143 29
1144 16
1145 21
1146 20
1147 20
1148 26
1149 25
1150 23
1151 15
1152 19
1153 21
1154 17
1155 21
1156 21
1157 17
1158 21
1159 16
1160 25
1161 19
1162 26
1163 16
1164 24
1165 21
1166 14
1167 20
1168 21
1169 27
1170 18
1171 23
1172 14
1173 24
1174 20
1175 16
1176 11
1177 21
1178 22
1179 20
1180 17
1181 11
1182 25
1183 24
1184 24
1185 16
1186 17
1187 29
1188 19
1189 22
1190 20
1191 19
1192 23
1193 22
1194 17
1195 22
1196 26
1197 12
1198 17
1199 12
1200 13
1201 13
1202 13
1203 19
1204 17
1205 13
1206 17
1207 11
1208 13
1209 11
1210 12
1211 13
1212 16
1213 12
1214 16
1215 12
1216 14
1217 13
1218 11
1219 8
1220 5
1221 8
1222 10
1223 8
1224 8
1225 11
1226 13
1227 6
1228 7
1229 3
1230 7
1231 6
1232 11
1233 3
1234 9
1235 8
1236 4
1237 3
1238 4
1239 2
1240 4
1241 8
1242 5
1244 4
1245 2
1246 4
1247 2
1248 1
1249 1
1250 3
1251 1
1252 4
1253 3
1254 1
1255 4
1256 1
1257 4
1258 2
1259 1
1260 1
1261 2
1264 5
1265 2
1266 2
1267 4
1268 1
1269 3
1270 3
1271 2
1272 3
1273 4
1274 5
1275 3
1276 2
1277 2
1278 3
1279 3
1280 2
1281 4
1282 1
1283 8
1284 6
1285 2
1286 1
1288 3
1289 2
1290 2
1291 5
1292 2
1293 2
1294 6
1296 5
1297 2
1298 1
1299 4
1300 7
1301 1
1302 3
1303 4
1304 6
1305 4
1306 4
1307 4
1308 1
1309 1
1310 3
1311 5
1312 3
1314 8
1315 4
1317 4
1318 5
1319 2
1320 6
1321 5
1322 3
1323 2
1324 6
1325 6
1326 4
1327 5
1328 4
1329 2
1330 4
1331 9
1332 9
1333 3
1334 4
1335 7
1336 4
1337 6
1338 4
1339 14
1340 7
1341 10
1342 10
1343 8
1344 13
1345 7
1346 10
1347 7
1348 4
1349 14
1350 13
1351 14
1352 11
1353 10
1354 8
1355 15
1356 13
1357 11
1358 15
1359 12
1360 18
1361 8
1362 9
1363 13
1364 19
1365 24
1366 17
1367 14
1368 15
1369 28
1370 24
1371 15
1372 20
1373 22
1374 19
1375 22
1376 20
1377 25
1378 33
1379 37
1380 40
1381 36
1382 31
1383 45
1384 47
1385 50
1386 39
1387 59
1388 35
1389 42
1390 46
1391 41
1392 39
1393 41
1394 45
1395 36
1396 40
1397 37
1398 34
1399 39
1400 40
1401 45
1402 41
1403 45
1404 38
1405 40
1406 31
1407 50
1408 41
1409 48
1410 42
1411 39
1412 40
1413 45
1414 46
1415 34
1416 36
1417 46
1418 46
1419 44
1420 32
1421 29
1422 46
1423 30
1424 31
1425 29
1426 33
1427 24
1428 29
1429 19
1430 30
1431 34
1432 10
1433 23
1434 25
1435 13
1436 20
1437 18
1438 22
1439 20
1440 18
1441 13
1442 19
1443 22
1444 14
1445 17
1446 12
1447 20
1448 17
1449 11
1450 10
1451 13
1452 17
1453 14
1454 15
1455 12
1456 11
1457 15
1458 14
1459 10
1460 19
1461 8
1462 16
1463 9
1464 9
1465 8
1466 13
1467 10
1468 9
1469 10
1470 14
1471 12
1472 8
1473 11
1474 6
1475 12
1476 11
1477 9
1478 19
1479 8
1480 7
1481 21
1482 17
1483 24
1484 15
1485 20
1486 24
1487 16
1488 10
1489 16
1490 24
1491 32
1492 15
1493 27
1494 19
1495 34
1496 37
1497 29
1498 26
1499 21
1500 29
1501 37
1502 27
1503 30
1504 39
1505 40
1506 19
1507 23
1508 28
1509 26
1510 23
1511 23
1512 23
1513 20
1514 23
1515 22
1516 18
1517 23
1518 19
1519 17
1520 22
1521 20
1522 32
1523 26
1524 31
1525 20
1526 22
1527 26
1528 30
1529 28
1530 22
1531 21
1532 38
1533 27
1534 30
1535 22
1536 26
1537 24
1538 20
1539 30
1540 22
1541 34
1542 37
1543 29
1544 43
1545 36
1546 35
1547 38
1548 25
1549 31
1550 28
1551 39
1552 31
1553 26
1554 25
1555 34
1556 22
1557 28
1558 26
1559 23
1560 26
1561 35
1562 32
1563 31
1564 24
1565 28
1566 30
1567 15
1568 27
1569 22
1570 17
1571 18
1572 18
1573 19
1574 15
1575 14
1576 14
1577 10
1578 11
1579 15
1580 21
1581 15
1582 11
1583 20
1584 11
1585 20
1586 10
1587 8
1588 12
1589 9
1590 11
1591 13
1592 10
1593 15
1594 13
1595 6
1596 10
1597 7
1598 12
1599 9
1600 9
1601 6
1602 6
1603 8
1604 6
1605 7
1606 13
1607 6
1608 6
1609 9
1610 7
1611 7
1612 5
1613 6
1614 2
1615 5
1616 5
1617 7
1619 2
1620 2
1621 5
1622 1
1623 8
1624 2
1625 3
1626 2
1627 3
1628 2
1630 4
1631 2
1632 2
1633 1
1634 3
1635 5
1636 2
1637 3
1638 5
1639 2
1640 3
1641 2
1642 1
1643 3
1644 1
1645 1
1647 1
1648 4
1649 1
1650 2
1651 6
1652 2
1653 3
1654 4
1655 1
1656 7
1657 5
1658 5
1659 4
1660 3
1661 5
1662 6
1663 4
1664 7
1665 4
1666 5
1667 5
1668 3
1669 5
1670 9
1671 4
1672 8
1673 12
1674 7
1675 8
1676 6
1677 7
1678 10
1679 9
1680 4
1681 10
1682 9
1683 3
1684 8
1685 8
1686 2
1687 5
1688 5
1689 6
1690 11
1691 8
1692 7
1693 4
1694 9
1695 4
1696 8
1697 12
1698 6
1699 4
1700 6
1701 7
1702 16
1703 14
1704 13
1705 13
1706 10
1707 19
1708 12
1709 11
1710 10
1711 10
1712 17
1713 9
1714 17
1715 16
1716 9
1717 13
1718 8
1719 14
1720 12
1721 11
1722 10
1723 17
1724 15
1725 13
1726 6
1727 18
1728 22
1729 18
1730 17
1731 27
1732 16
1733 24
1734 21
1735 23
1736 21
1737 20
1738 22
1739 20
1740 20
1741 18
1742 15
1743 16
1744 15
1745 19
1746 15
1747 28
1748 14
1749 13
1750 19
1751 11
1752 16
1753 16
1754 11
1755 14
1756 17
1757 16
1758 19
1759 16
1760 21
1761 26
1762 25
1763 20
1764 16
1765 17
1766 18
1767 24
1768 16
1769 16
1770 25
1771 17
1772 24
1773 17
1774 16
1775 20
1776 17
1777 23
1778 20
1779 15
1780 12
1781 18
1782 14
1783 20
1784 18
1785 17
1786 14
1787 12
1788 10
1789 16
1790 6
1791 11
1792 11
1793 10
1794 11
1795 7
1796 7
1797 12
1798 12
1799 20
1800 9
1801 9
1802 12
1803 4
1804 12
1805 10
1806 6
1807 11
1808 11
1809 8
1810 3
1811 7
1812 5
1813 11
1814 9
1815 7
1816 5
1817 7
1818 6
1819 6
1820 4
1821 6
1822 5
1823 6
1824 2
1825 6
1826 5
1827 11
1828 9
1829 10
1830 7
1831 8
1832 13
1833 7
1834 7
1835 6
1836 8
1837 9
1838 8
1839 10
1840 10
1841 13
1842 6
1843 5
1844 4
1845 6
1846 10
1847 7
1848 10
1849 7
1850 6
1851 18
1852 13
1853 14
1854 17
1855 15
1856 11
1857 5
1858 7
1859 14
1860 16
1861 15
1862 12
1863 10
1864 14
1865 12
1866 12
1867 8
1868 14
1869 5
1870 9
1871 14
1872 8
1873 10
1874 10
1875 9
1876 12
1877 10
1878 14
1879 17
1880 15
1881 14
1882 11
1883 12
1884 11
1885 13
1886 15
1887 7
1888 13
1889 20
1890 11
1891 6
1892 10
1893 11
1894 17
1895 12
1896 14
1897 18
1898 12
1899 12
1900 19
1901 13
1902 15
1903 15
1904 9
1905 15
1906 19
1907 17
1908 17
1909 13
1910 10
1911 9
1912 11
1913 14
1914 19
1915 16
1916 14
1917 6
1918 10
1919 9
1920 21
1921 13
1922 12
1923 10
1924 9
1925 10
1926 7
1927 10
1928 10
1929 5
1930 11
1931 13
1932 9
1933 4
1934 11
1935 15
1936 11
1937 11
1938 11
1939 5
1940 9
1941 12
1942 9
1943 13
1944 9
1945 13
1946 9
1947 11
1948 7
1949 7
1950 6
1951 6
1952 9
1953 5
1954 2
1955 5
1956 11
1957 6
1958 7
1959 4
1960 6
1961 5
1962 7
1963 3
1964 1
1965 7
1966 5
1967 6
1968 4
1969 3
1970 7
1971 3
1972 3
1974 5
1975 3
1976 2
1977 4
1978 6
1979 5
1980 4
1981 2
1982 1
1983 3
1984 3
1985 2
1986 4
1987 1
1988 2
1989 1
1990 1
1991 2
1992 1
1993 2
1994 4
1995 1
1996 3
1997 1
1998 4
1999 1
2000 2
2001 2
2002 4
2003 4
2004 1
2005 3
2006 7
2007 1
2008 4
2009 3
2010 2
2011 1
2012 2
2013 2
2014 2
2015 3
2016 1
2017 3
2018 11
2019 4
2020 7
2021 2
2022 2
2023 4
2024 5
2025 4
2026 2
2027 8
2028 7
2029 3
2030 4
2031 6
2032 1
2033 5
2034 3
2035 4
2036 2
2037 4
2038 3
2039 5
2040 6
2041 9
2042 14
2043 8
2044 4
2045 9
2046 9
2047 10
2048 11
2049 7
2050 11
2051 10
2052 10
2053 12
2054 12
2055 8
2056 14
2057 6
2058 13
2059 14
2060 13
2061 11
2062 20
2063 16
2064 15
2065 9
2066 13
2067 17
2068 16
2069 14
2070 15
2071 19
2072 22
2073 15
2074 23
2075 22
2076 31
2077 23
2078 20
2079 19
2080 26
2081 17
2082 18
2083 16
2084 24
2085 22
2086 30
2087 17
2088 28
2089 23
2090 27
2091 20
2092 24
2093 20
2094 23
2095 20
2096 25
2097 26
2098 33
2099 23
2100 26
2101 27
2102 17
2103 29
2104 24
2105 33
2106 22
2107 24
2108 22
2109 17
2110 16
2111 12
2112 19
2113 22
2114 20
2115 20
2116 23
2117 18
2118 19
2119 20
2120 18
2121 23
2122 22
2123 17
2124 18
2125 20
2126 21
2127 11
2128 12
2129 16
2130 10
2131 12
2132 12
2133 12
2134 18
2135 10
2136 15
2137 12
2138 13
2139 11
2140 8
2141 10
2142 10
2143 10
2144 9
2145 9
2146 14
2147 10
2148 9
2149 12
2150 13
2151 3
2152 11
2153 8
2154 5
2155 5
2156 10
2157 8
2158 14
2159 7
2160 11
2161 9
2162 3
2163 8
2164 6
2165 6
2166 6
2167 6
2168 6
2169 7
2170 6
2171 3
2172 11
2173 5
2174 4
2176 3
2177 2
2178 8
2179 3
2180 5
2181 2
2182 1
2183 3
2184 4
2185 3
2187 4
2188 2
2189 4
2190 2
2191 4
2192 1
2193 2
2194 4
2195 2
2197 1
2198 3
2199 2
2200 2
2201 1
2202 1
2203 2
2204 4
2205 2
2206 2
2207 4
2208 1
2210 2
2211 1
2212 2
2213 2
2214 3
2215 1
2217 1
2218 2
2219 1
2220 7
2221 2
2222 3
2223 2
2224 4
2225 2
2227 4
2228 2
2229 2
2230 2
2231 2
2232 3
2234 2
2236 1
2237 2
2238 3
2239 1
2240 1
2241 3
2242 2
2243 3
2244 4
2245 3
2246 2
2247 2
2248 2
2249 1
2250 2
2251 3
2252 4
2253 4
2254 3
2255 2
2256 4
2257 3
2258 1
2259 4
2260 4
2261 2
2262 5
2263 3
2264 3
2265 1
2266 1
2268 4
2269 4
2271 2
2272 2
2273 3
2274 3
2275 1
2277 3
2278 2
2279 2
2280 3
2281 2
2282 3
2283 3
2284 3
2285 6
2286 4
2287 4
2288 3
2289 1
2290 3
2291 3
2292 4
2293 1
2294 2
2295 1
2296 1
2297 3
2298 1
2299 1
2300 3
2301 1
2302 1
2303 3
2304 2
2305 2
2306 4
2307 1
2308 3
2309 1
2310 4
2311 2
2312 2
2313 1
2314 2
2315 2
2316 1
2317 3
2318 2
2319 5
2320 2
2321 2
2322 2
2324 7
2325 2
2326 2
2327 2
2329 3
2330 3
2331 5
2332 1
2334 4
2335 1
2336 2
2337 3
2338 3
2339 3
2340 3
2341 3
2342 2
2343 1
2346 2
2348 2
2349 1
2351 1
2352 1
2354 1
2356 1
2359 1
2360 2
2365 2
2367 2
2368 3
2369 1
2370 1
2371 1
2377 1
2378 1
2379 1
2381 1
2382 3
2384 1
2385 1
2386 1
2387 1
2399 1
2400 1
2401 1
2402 1
2404 2
2405 2
2406 1
2407 1
2409 1
2410 3
2411 3
2412 1
2413 1
2414 2
2415 3
2416 1
2417 2
2418 1
2419 4
2420 2
2421 1
2422 2
2423 2
2424 3
2425 2
2427 2
2428 2
2429 2
2430 1
2431 2
2434 3
2435 3
2436 3
2437 1
2438 5
2440 3
2441 2
2442 2
2443 1
2444 3
2445 2
2446 1
2447 2
2448 2
2449 1
2450 2
2451 4
2452 3
2453 2
2454 3
2455 3
2456 3
2457 1
2458 3
2459 2
2460 4
2461 1
2463 5
2464 2
2465 1
2466 3
2467 3
2469 5
2470 2
2472 2
2473 3
2474 1
2475 2
2476 3
2477 3
2478 2
2479 3
2480 3
2481 5
2482 3
2483 6
2484 2
2485 2
2486 5
2487 5
2488 8
2489 1
2490 3
2492 2
2493 2
2494 3
2496 2
2497 4
2498 3
2499 2
2500 2
2501 2
2503 2
2504 1
2505 4
2506 1
2507 1
2508 2
2511 1
2512 1
2514 1
2518 1
2519 1
2520 3
2522 1
2523 1
2525 2
2527 1
2528 3
2529 1
2530 1
2531 3
2532 2
2533 1
2538 1
2539 2
2540 1
2541 1
2543 1
2544 1
2545 3
2546 1
2547 1
2549 1
2550 1
2551 1
2553 1
2556 1
2559 1
2561 1
2565 1
2567 2
2569 1
2570 1
2572 1
2573 1
2577 1
2599 1
2606 1
2624 1
2644 1
2650 1
2654 1
2660 1
2662 1
2665 1
2669 1
2670 2
2676 1
2683 1
2685 1
2688 1
2690 1
2691 2
2692 1
2695 1
2698 2
2700 1
2703 1
2706 3
2708 1
2709 1
2710 2
2712 2
2713 1
2715 4
2717 2
2718 4
2719 1
2720 2
2721 1
2722 1
2723 1
2726 3
2728 2
2729 1
2730 1
2733 1
2734 1
2740 1
2741 1
2743 3
2745 4
2746 1
2747 1
2751 2
2752 3
2753 1
2754 1
2756 3
2758 2
2759 5
2760 2
2761 4
2763 1
2764 3
2765 4
2766 3
2767 3
2768 3
2769 3
2770 2
2771 2
2772 2
2773 3
2774 5
2775 2
2776 2
2777 3
2778 2
2779 4
2780 2
2781 4
2782 3
2783 4
2785 5
2786 1
2788 3
2789 1
2790 2
2791 2
2792 1
2794 1
2795 1
2796 1
2797 1
2798 1
2799 2
2800 3
2802 2
2803 2
2804 2
2805 1
2806 1
2809 2
2810 2
2811 2
2812 3
2813 1
2814 2
2816 1
2817 1
2818 3
2821 1
2823 1
2824 1
2826 1
2827 1
2829 1
2830 1
2831 2
2832 1
2834 2
2835 2
2837 1
2839 1
2842 1
2843 1
2845 3
2846 1
2847 1
2848 1
2849 2
2851 1
2852 1
2853 2
2854 1
2855 1
2857 1
2858 2
2860 1
2862 3
2863 1
2864 1
2866 2
2868 1
2869 1
2870 2
2879 2
2882 1
2883 1
2891 1
2896 1
2897 1
2899 1
2902 2
2905 1
2906 1
2909 1
2914 2
2921 1
2927 1
2929 1
2950 1
2964 1
3005 1
3019 1
3030 2
3031 1
3033 1
3034 1
3037 1
3039 1
3046 1
3048 2
3049 1
3051 1
3052 2
3055 3
3056 1
3057 3
3058 1
3059 1
3062 2
3063 3
3064 1
3065 2
3068 2
3069 3
3070 1
3072 1
3074 1
3075 1
3076 1
3080 1
3082 1
3083 1
3084 3
3086 2
3087 3
3088 1
3089 1
3090 2
3092 1
3096 1
3097 1
3099 4
3100 1
3101 1
3104 2
3105 1
3106 1
3107 1
3108 2
3109 3
3110 1
3111 2
3113 2
3114 3
3115 2
3117 2
3118 2
3119 2
3120 1
3122 3
3123 4
3124 2
3125 2
3126 1
3127 1
3128 3
3129 3
3130 1
3131 2
3132 2
3133 2
3135 3
3136 5
3137 1
3138 3
3139 3
3140 1
3141 6
3142 3
3143 7
3144 4
3145 1
3146 5
3148 1
3149 1
3150 2
3151 1
3153 1
3154 2
3155 3
3159 1
3160 1
3165 1
3167 1
3170 3
3172 2
3175 1
3176 1
3177 1
3183 1
3189 1
3219 1
3228 1
3230 1
3232 2
3233 1
3234 1
3236 1
3238 1
3243 2
3245 1
3248 1
3254 1
3270 1
3272 1
3274 1
3304 1
3327 1
3328 1
3355 1
3374 2
3377 1
3379 2
3381 2
3386 1
3387 1
3389 1
3390 1
3392 2
3397 4
3398 3
3399 4
3400 1
3402 7
3403 1
3404 1
3405 3
3406 2
3408 4
3409 1
3410 2
3411 2
3412 2
3413 4
3414 4
3415 1
3417 1
3418 3
3419 3
3421 4
3422 3
3423 4
3424 3
3425 4
3427 3
3428 2
3429 2
3431 5
3435 1
3436 1
3437 1
3438 1
3440 5
3441 1
3443 2
3445 1
3446 3
3448 3
3449 2
3450 1
3451 4
3452 1
3453 1
3454 1
3455 3
3456 2
3457 1
3458 2
3459 1
3460 3
3461 2
3462 2
3463 1
3464 2
3465 1
3466 2
3467 1
3468 1
3469 2
3470 1
3472 2
3473 1
3474 1
3475 1
3476 2
3477 1
3478 1
3479 2
3480 2
3481 1
3482 1
3485 4
3486 2
3488 1
3490 3
3492 1
3494 3
3495 2
3496 3
3497 1
3498 2
3499 2
3501 3
3502 2
3503 1
3504 1
3505 2
3506 1
3508 3
3509 2
3512 3
3513 2
3514 1
3516 1
3517 2
3518 1
3519 3
3520 2
3521 1
3522 2
3523 2
3524 2
3525 3
3526 2
3527 1
3528 2
3529 3
3530 3
3531 1
3532 4
3534 1
3539 1
3540 1
3541 1
3542 4
3543 1
3544 1
3545 3
3546 1
3547 1
3549 2
3550 1
3553 2
3556 2
3557 2
3560 1
3564 1
3565 2
3568 1
3569 1
3575 1
3577 1
3586 1
3589 1
3592 1
3593 1
3594 1
3595 1
3599 1
3600 1
3603 2
3604 1
3608 1
3610 2
3615 1
3617 1
3624 1
3626 1
3652 1
3656 1
3714 1
3715 1
3717 2
3719 1
3722 1
3723 2
3724 2
3726 1
3727 3
3728 5
3729 2
3730 4
3731 3
3732 3
3733 5
3734 3
3735 2
3736 5
3738 3
3739 2
3740 3
3741 4
3742 4
3744 3
3745 4
3746 3
3747 1
3748 1
3749 3
3750 1
3751 1
3753 1
3755 2
3757 4
3758 1
3759 1
3761 1
3762 3
3763 1
3765 1
3766 1
3767 3
3769 1
3771 5
3772 2
3775 1
3776 2
3777 3
3778 6
3779 1
3780 3
3781 2
3782 2
3783 2
3784 3
3785 2
3789 1
3790 2
3791 2
3792 3
3793 3
3794 3
3795 1
3796 2
3797 1
3798 2
3799 1
3800 2
3801 3
3802 3
3803 2
3805 1
3806 1
3808 1
3809 2
3810 2
3812 2
3813 2
3816 3
3817 1
3818 3
3819 1
3820 2
3821 1
3822 3
3824 1
3827 1
3829 3
3830 1
3831 3
3832 2
3833 4
3834 1
3835 3
3836 5
3837 2
3838 1
3839 5
3840 3
3841 3
3842 2
3843 3
3844 3
3845 7
3846 6
3847 4
3848 3
3849 5
3850 2
3851 6
3852 5
3853 4
3854 4
3855 3
3856 9
3857 1
3858 3
3859 5
3860 4
3861 4
3862 3
3863 3
3864 4
3865 6
3866 3
3867 9
3868 5
3869 7
3870 6
3871 4
3872 7
3873 4
3874 4
3875 4
3876 4
3877 3
3878 5
3879 4
3880 2
3881 1
3882 2
3883 2
3884 4
3885 4
3886 4
3887 2
3888 3
3889 5
3890 3
3892 4
3893 3
3894 7
3895 3
3896 4
3897 1
3898 5
3899 1
3902 4
3903 2
3904 2
3905 2
3906 2
3907 4
3908 3
3909 10
3910 2
3911 2
3912 1
3913 2
3914 2
3915 2
3917 2
3918 1
3919 1
3920 1
3922 2
3924 1
3926 1
3927 2
3934 1
3935 1
3939 1
3943 1
3944 1
3946 1
3956 1
3957 1
3958 1
3959 1
3960 1
3970 1
3974 2
3979 1
3980 1
4011 1
4037 1
4063 1
4078 1
4079 1
4082 1
4083 1
4087 1
4089 1
4091 1
4094 1
4095 2
4096 1
4099 1
4101 2
4103 1
4104 1
4109 1
4111 1
4113 1
4114 1
4115 1
4118 1
4120 1
4123 1
4124 1
4125 1
4130 1
4131 1
4133 1
4137 1
4139 2
4141 1
4142 2
4145 1
4147 4
4149 3
4150 3
4151 3
4152 5
4153 3
4154 1
4155 2
4156 2
4157 2
4158 2
4160 1
4161 1
4162 3
4163 2
4164 1
4165 3
4166 3
4167 3
4169 4
4170 1
4171 7
4172 5
4173 1
4174 4
4175 6
4176 4
4177 2
4178 1
4179 5
4180 1
4181 5
4182 4
4183 6
4184 6
4185 6
4186 1
4187 3
4188 7
4189 5
4190 3
4191 3
4192 5
4193 2
4195 5
4196 2
4197 4
4198 2
4199 1
4200 1
4201 2
4202 2
4204 2
4205 1
4206 2
4208 1
4209 2
4210 2
4211 1
4212 2
4213 3
4214 2
4215 1
4216 4
4217 1
4222 1
4223 1
4224 2
4226 2
4228 2
4229 1
4231 1
4232 2
4233 2
4235 1
4237 2
4239 1
4241 1
4243 1
4247 1
4250 1
4254 1
4255 1
4258 1
4260 1
4261 1
4265 1
4266 1
4289 1
4302 1
4308 2
4348 1
4352 1
4392 1
4397 1
4405 1
4432 1
4438 1
4446 1
4449 1
4453 1
4455 1
4458 1
4459 1
4468 1
4470 1
4471 1
4475 1
4476 3
4477 3
4480 3
4481 1
4483 2
4485 1
4488 1
4489 1
4490 2
4492 3
4494 3
4495 3
4499 3
4500 1
4501 3
4502 4
4503 2
4504 4
4505 3
4506 3
4507 1
4508 1
4509 5
4510 4
4511 2
4512 5
4513 5
4514 4
4515 3
4516 3
4517 9
4518 3
4519 1
4520 3
4521 6
4522 7
4523 5
4524 3
4525 3
4526 4
4527 3
4528 3
4529 4
4530 1
4531 3
4532 3
4533 3
4534 2
4535 9
4536 4
4537 2
4538 3
4539 3
4540 5
4541 3
4542 4
4543 3
4544 4
4545 4
4546 4
4547 5
4548 2
4549 4
4550 5
4551 5
4552 2
4553 3
4554 3
4555 4
4556 6
4557 1
4558 3
4559 5
4560 4
4561 5
4562 3
4564 5
4565 3
4566 3
4567 1
4568 3
4569 1
4570 4
4571 4
4572 1
4573 5
4574 5
4575 1
4576 3
4578 2
4579 2
4580 1
4588 2
4589 1
4595 2
4597 1
4600 1
4602 1
4621 1
4622 1
4623 2
4628 1
4633 1
4642 1
4649 1
4658 2
4668 1
4669 1
4677 1
4680 2
4681 1
4683 1
4685 1
4697 1
4702 1
4703 1
4704 1
4706 1
4707 1
4708 1
4714 1
4719 1
4720 1
4725 1
4730 1
4732 2
4733 1
4734 1
4735 1
4738 2
4739 1
4740 1
4742 1
4746 1
4749 1
4750 1
4752 1
4753 1
4754 1
4755 1
4764 1
4768 2
4769 1
4771 1
4772 2
4773 4
4775 1
4776 1
4777 1
4779 1
4780 1
4783 1
4784 2
4785 1
4786 1
4787 1
4788 1
4790 2
4792 2
4793 1
4794 1
4796 1
4797 1
4799 1
4802 1
4804 1
4806 4
4807 1
4820 1
4821 1
4831 1
4832 2
4836 1
4845 1
4847 1
4849 1
4851 1
4853 1
4855 1
4860 3
4861 2
4863 2
4866 1
4867 1
4871 2
4872 1
4873 1
4874 2
4875 1
4876 2
4877 1
4880 1
4883 2
4884 2
4885 1
4886 2
4887 2
4889 3
4890 1
4891 1
4892 3
4893 2
4894 1
4895 2
4896 2
4897 3
4898 2
4899 2
4900 1
4901 3
4902 1
4903 4
4906 1
4907 2
4908 2
4909 1
4910 4
4911 2
4913 4
4914 1
4915 1
4916 3
4917 3
4918 1
4919 2
4922 1
4924 2
4926 1
4927 3
4928 1
4929 1
4931 2
4934 2
4937 1
4939 2
4945 2
4949 1
4950 1
4952 1
4953 1
4955 1
4957 1
4958 1
4959 2
4960 1
4963 1
4964 1
4965 1
4967 1
4971 2
4975 1
4980 1
4981 1
4985 1
4987 2
4990 1
4998 1
5011 1
5015 1
5016 1
5111 1
5113 1
5114 1
5115 2
5119 2
5120 1
5121 1
5122 1
5132 1
5133 1
5140 1
5145 1
5146 1
5148 1
5151 2
5153 2
5157 1
5158 2
5160 1
5162 1
5164 1
5166 1
5168 2
5170 3
5171 1
5175 1
5176 2
5177 1
5178 1
5179 1
5180 3
5181 2
5184 1
5186 2
5187 1
5188 1
5189 1
5191 1
5192 2
5193 1
5195 1
5199 3
5201 1
5202 1
5203 3
5207 1
5208 4
5210 1
5211 3
5212 2
5213 2
5214 4
5215 1
5216 3
5217 1
5218 2
5219 4
5220 1
5221 1
5224 4
5225 3
5226 1
5227 2
5228 2
5229 1
5230 1
5231 4
5232 1
5233 2
5234 4
5235 2
5236 3
5237 4
5238 1
5239 2
5240 3
5241 3
5242 7
5243 2
5244 2
5245 5
5246 4
5247 2
5248 7
5249 4
5250 4
5251 8
5252 4
5253 4
5254 4
5255 9
5256 3
5257 2
5258 5
5259 2
5260 3
5261 4
5262 1
5263 5
5264 8
5265 7
5266 4
5267 2
5268 1
5270 1
5271 1
5272 6
5273 6
5274 5
5275 2
5276 1
5277 3
5279 1
5280 4
5281 1
5282 5
5284 5
5285 3
5286 1
5287 1
5288 1
5289 3
5290 3
5292 3
5293 3
5294 2
5295 2
5296 1
5297 5
5298 4
5299 2
5300 2
5301 1
5302 6
5303 4
5305 2
5306 1
5307 2
5308 3
5310 7
5311 1
5312 2
5313 2
5314 5
5315 3
5317 2
5318 3
5319 1
5320 2
5321 1
5322 3
5323 3
5324 5
5325 3
5327 1
5331 1
5333 1
5335 1
5337 1
5340 1
5351 2
5352 1
5358 2
5360 1
5365 1
5367 1
5500 2
5501 1
5502 2
5504 1
5508 1
5512 1
5514 1
5517 3
5523 1
5524 2
5533 1
5537 1
5539 1
5551 1
5557 1
5558 1
5562 1
5564 1
5568 1
5574 1
5575 2
5577 1
5578 1
5579 1
5580 2
5582 1
5583 1
5584 1
5587 2
5591 1
5592 1
5593 1
5594 2
5598 2
5602 1
5603 2
5604 1
5605 1
5606 1
5610 1
5612 2
5613 2
5615 1
5616 1
5617 1
5618 2
5621 2
5623 1
5625 1
5628 1
5631 1
5632 1
5633 2
5636 1
5640 1
5642 1
5644 1
5646 2
5648 1
5649 1
5650 1
5651 1
5652 1
5655 1
5679 1
5680 1
5682 1
5684 1
5685 1
5686 2
5688 2
5689 1
5690 1
5692 2
5695 3
5698 1
5700 1
5702 1
5703 1
5704 1
5705 2
5707 2
5709 2
5711 1
5714 2
5715 1
5717 1
5719 1
5720 1
5726 1
5728 2
5729 1
5731 1
5732 1
5739 1
5742 1
5746 1
5749 1
5750 1
5759 1
5811 1
5880 1
5920 1
5922 2
5926 1
5929 1
5930 1
5931 2
5933 2
5940 1
5941 1
5942 1
5947 1
5948 1
5949 1
5950 3
5952 2
5953 4
5954 2
5957 2
5958 3
5960 4
5962 2
5963 1
5964 2
5965 1
5966 1
5968 1
5969 4
5970 5
5971 5
5972 5
5973 1
5974 3
5975 3
5976 1
5977 1
5978 1
5979 1
5981 1
5982 1
5983 4
5984 3
5985 1
5987 3
5988 2
5990 2
5992 1
5994 2
5996 1
6002 1
6006 2
6008 2
6011 1
6013 2
6017 1
6019 1
6021 1
6023 1
6024 2
6025 3
6026 3
6027 1
6028 3
6029 1
6031 3
6032 1
6033 4
6034 3
6035 1
6037 1
6038 2
6040 2
6041 2
6042 4
6043 1
6044 1
6047 1
6050 2
6052 1
6056 1
6061 2
6062 3
6063 1
6065 1
6066 1
6067 1
6068 1
6070 1
6072 1
6074 1
6075 1
6079 2
6080 1
6081 1
6082 4
6085 1
6086 2
6087 3
6088 1
6089 3
6090 3
6092 1
6093 1
6094 1
6096 2
6097 1
6098 2
6099 2
6100 3
6101 3
6102 3
6103 2
6104 1
6106 2
6107 4
6109 1
6116 1
6117 1
6119 1
6121 2
6210 1
6214 1
6227 1
6232 1
6234 1
6238 1
6239 2
6245 2
6250 1
6251 1
6257 2
6258 1
6260 1
6264 1
6269 1
6278 1
6279 1
6307 1
6313 2
6317 1
6325 2
6328 1
6329 1
6334 2
6335 1
6336 1
6338 2
6342 1
6344 2
6347 1
6349 2
6350 2
6351 1
6352 1
6353 1
6355 3
6356 2
6357 1
6359 2
6362 1
6363 1
6365 1
6368 1
6369 1
6370 1
6373 1
6376 1
6377 1
6381 1
6382 1
6384 1
6388 1
6390 1
6392 2
6393 1
6394 1
6398 1
6399 1
6401 1
6404 1
6408 2
6412 1
6413 1
6414 1
6415 2
6416 1
6419 2
6421 1
6423 1
6425 1
6430 2
6434 1
6435 1
6448 1
6450 1
6454 1
6455 1
6459 1
6460 1
6462 3
6463 1
6464 1
6465 1
6466 1
6468 1
6473 3
6474 2
6475 2
6476 1
6477 2
6481 2
6484 1
6491 1
6492 1
6574 1
6581 1
6591 1
6619 1
6628 1
6933 1
6934 1
7259 1
7276 1
7286 1
7644 1
7968 1
8006 1
8103 1
8291 1
8296 1
8303 1
8310 1
8311 1
8315 1
8332 1
8334 1
8337 1
8347 1
8373 1
8381 1
8385 1
8702 1
8706 1
8714 1
8717 2
8719 1
8735 1
8829 1
8831 1
8842 1
9148 1
9386 1
9452 1
9459 1
9468 1
9473 1
9474 1
9475 1
9494 1
9522 1
9527 1
9698 1
9804 1
9816 1
10001 42
