1 17225297
2 12835715
3 9220433
4 7049501
5 5763742
6 4909603
7 4181358
8 3503236
9 2880303
10 2353015
11 1928945
12 1633228
13 1431755
14 1287223
15 1169087
16 1066962
17 951603
18 834924
19 705902
20 584060
21 476347
22 383642
23 311719
24 257674
25 227877
26 210392
27 204478
28 208787
29 220139
30 238294
31 257358
32 279578
33 302723
34 325766
35 348971
36 371343
37 390467
38 409379
39 427308
40 440326
41 454078
42 461621
43 468510
44 474258
45 477269
46 483026
47 485923
48 490088
49 491704
50 493589
51 492208
52 492066
53 487706
54 479203
55 467021
56 453966
57 437374
58 418550
59 395726
60 373156
61 350001
62 328826
63 307978
64 287425
65 270437
66 257308
67 250427
68 243214
69 239737
70 238531
71 239302
72 241230
73 243320
74 245985
75 246552
76 244526
77 242631
78 237756
79 230286
80 222420
81 210150
82 198908
83 184768
84 170018
85 154988
86 139585
87 124544
88 108990
89 96382
90 84125
91 73499
92 65058
93 57037
94 51228
95 46515
96 43279
97 41973
98 42272
99 44544
100 48011
101 53191
102 59602
103 67361
104 75999
105 86337
106 98737
107 111145
108 125203
109 140722
110 156556
111 173717
112 189972
113 208124
114 224919
115 243857
116 261859
117 279276
118 296779
119 311387
120 326195
121 340303
122 352539
123 364854
124 375938
125 385832
126 393417
127 399447
128 404031
129 407170
130 408278
131 408719
132 407887
133 405681
134 402166
135 398360
136 390609
137 384266
138 378819
139 369868
140 362383
141 352772
142 342683
143 331958
144 321472
145 309483
146 298802
147 286727
148 274596
149 264163
150 251502
151 241507
152 229905
153 218895
154 206575
155 194635
156 185093
157 172522
158 162553
159 151566
160 141161
161 130040
162 120666
163 110139
164 99759
165 91678
166 83721
167 75617
168 68899
169 62281
170 55121
171 49456
172 44353
173 39806
174 35784
175 32221
176 28915
177 25908
178 23092
179 21194
180 18931
181 17478
182 16229
183 14950
184 14317
185 13528
186 12704
187 12174
188 11487
189 11083
190 10731
191 10675
192 10078
193 9987
194 9748
195 9326
196 9187
197 8858
198 8455
199 8052
200 7915
201 7598
202 7345
203 7033
204 6744
205 6423
206 5868
207 5564
208 5167
209 4897
210 4508
211 4287
212 4004
213 3705
214 3542
215 3339
216 3164
217 3045
218 2881
219 2797
220 2754
221 2761
222 2629
223 2556
224 2614
225 2598
226 2552
227 2493
228 2485
229 2574
230 2476
231 2599
232 2640
233 2723
234 2593
235 2593
236 2608
237 2588
238 2547
239 2676
240 2519
241 2548
242 2540
243 2468
244 2470
245 2477
246 2402
247 2301
248 2267
249 2198
250 2183
251 2203
252 2160
253 2100
254 2065
255 1966
256 2032
257 1883
258 1876
259 1906
260 1838
261 1809
262 1793
263 1653
264 1569
265 1540
266 1504
267 1527
268 1504
269 1502
270 1428
271 1392
272 1453
273 1277
274 1359
275 1306
276 1354
277 1333
278 1354
279 1280
280 1276
281 1269
282 1256
283 1330
284 1291
285 1242
286 1288
287 1282
288 1194
289 1115
290 1095
291 1053
292 1101
293 1017
294 1003
295 928
296 891
297 860
298 856
299 899
300 883
301 833
302 788
303 808
304 789
305 785
306 737
307 642
308 663
309 620
310 601
311 601
312 575
313 658
314 576
315 532
316 484
317 473
318 487
319 435
320 460
321 416
322 433
323 407
324 364
325 335
326 364
327 299
328 300
329 244
330 247
331 273
332 246
333 242
334 252
335 184
336 208
337 200
338 196
339 180
340 178
341 178
342 182
343 179
344 198
345 156
346 170
347 159
348 158
349 167
350 175
351 168
352 177
353 161
354 141
355 163
356 149
357 181
358 161
359 142
360 158
361 166
362 163
363 171
364 185
365 143
366 183
367 173
368 169
369 188
370 180
371 191
372 173
373 189
374 220
375 180
376 202
377 203
378 165
379 217
380 223
381 201
382 194
383 199
384 216
385 214
386 221
387 190
388 199
389 199
390 235
391 188
392 194
393 195
394 198
395 192
396 196
397 228
398 202
399 205
400 196
401 223
402 231
403 265
404 210
405 215
406 199
407 239
408 204
409 190
410 223
411 207
412 198
413 246
414 229
415 225
416 236
417 230
418 207
419 205
420 220
421 190
422 192
423 197
424 241
425 165
426 221
427 187
428 233
429 196
430 229
431 201
432 173
433 206
434 194
435 204
436 208
437 215
438 191
439 184
440 178
441 207
442 180
443 198
444 206
445 186
446 197
447 217
448 213
449 188
450 224
451 202
452 187
453 197
454 183
455 155
456 190
457 177
458 175
459 188
460 213
461 211
462 184
463 209
464 194
465 178
466 188
467 159
468 197
469 185
470 169
471 196
472 187
473 204
474 188
475 186
476 189
477 181
478 152
479 168
480 159
481 172
482 134
483 168
484 155
485 158
486 162
487 162
488 176
489 138
490 148
491 160
492 138
493 151
494 151
495 154
496 139
497 127
498 115
499 116
500 131
501 107
502 109
503 100
504 118
505 108
506 89
507 113
508 123
509 115
510 122
511 130
512 143
513 143
514 129
515 145
516 149
517 132
518 142
519 141
520 143
521 117
522 141
523 147
524 112
525 126
526 113
527 108
528 93
529 114
530 91
531 94
532 97
533 87
534 108
535 95
536 89
537 102
538 93
539 83
540 85
541 107
542 89
543 79
544 82
545 72
546 61
547 85
548 85
549 68
550 70
551 66
552 74
553 57
554 63
555 54
556 48
557 53
558 51
559 39
560 47
561 57
562 48
563 39
564 41
565 38
566 41
567 49
568 32
569 45
570 32
571 33
572 38
573 36
574 46
575 27
576 32
577 51
578 32
579 30
580 43
581 39
582 36
583 27
584 43
585 51
586 42
587 33
588 29
589 37
590 33
591 37
592 45
593 46
594 41
595 51
596 50
597 43
598 51
599 54
600 59
601 55
602 52
603 48
604 47
605 48
606 56
607 66
608 83
609 60
610 62
611 72
612 64
613 90
614 93
615 76
616 78
617 83
618 97
619 79
620 91
621 84
622 76
623 79
624 70
625 100
626 91
627 98
628 86
629 83
630 83
631 84
632 82
633 89
634 84
635 93
636 80
637 80
638 78
639 79
640 73
641 61
642 79
643 87
644 77
645 75
646 74
647 72
648 73
649 79
650 79
651 79
652 90
653 88
654 81
655 86
656 108
657 74
658 71
659 74
660 72
661 76
662 82
663 93
664 89
665 72
666 97
667 83
668 79
669 93
670 67
671 84
672 102
673 79
674 75
675 85
676 84
677 68
678 81
679 86
680 80
681 73
682 87
683 58
684 57
685 73
686 70
687 69
688 72
689 61
690 45
691 65
692 63
693 57
694 44
695 68
696 54
697 34
698 46
699 29
700 41
701 49
702 40
703 40
704 46
705 28
706 52
707 38
708 35
709 34
710 33
711 41
712 49
713 34
714 43
715 42
716 40
717 50
718 49
719 41
720 45
721 39
722 28
723 44
724 38
725 37
726 41
727 43
728 42
729 32
730 37
731 33
732 44
733 34
734 33
735 31
736 25
737 28
738 28
739 35
740 32
741 26
742 30
743 23
744 31
745 24
746 25
747 22
748 26
749 38
750 29
751 32
752 20
753 36
754 27
755 23
756 24
757 31
758 32
759 32
760 21
761 32
762 17
763 26
764 20
765 19
766 16
767 21
768 26
769 27
770 18
771 23
772 23
773 17
774 18
775 16
776 24
777 19
778 18
779 16
780 23
781 26
782 22
783 21
784 17
785 20
786 21
787 25
788 26
789 29
790 24
791 28
792 13
793 36
794 19
795 27
796 24
797 14
798 26
799 14
800 18
801 13
802 15
803 13
804 15
805 15
806 26
807 16
808 17
809 19
810 12
811 13
812 12
813 20
814 15
815 11
816 16
817 16
818 15
819 18
820 17
821 22
822 17
823 16
824 14
825 12
826 17
827 12
828 22
829 18
830 23
831 19
832 27
833 16
834 15
835 21
836 18
837 31
838 19
839 20
840 17
841 18
842 20
843 21
844 19
845 17
846 17
847 24
848 10
849 14
850 23
851 22
852 18
853 21
854 15
855 23
856 8
857 15
858 21
859 19
860 14
861 20
862 20
863 16
864 18
865 19
866 11
867 14
868 12
869 20
870 13
871 19
872 14
873 12
874 23
875 15
876 14
877 10
878 20
879 8
880 17
881 18
882 12
883 10
884 19
885 15
886 14
887 17
888 18
889 21
890 25
891 23
892 15
893 18
894 19
895 24
896 17
897 15
898 12
899 12
900 17
901 11
902 15
903 10
904 16
905 16
906 7
907 11
908 16
909 14
910 21
911 20
912 17
913 19
914 13
915 22
916 18
917 26
918 11
919 15
920 16
921 16
922 17
923 23
924 10
925 6
926 10
927 12
928 14
929 15
930 12
931 12
932 15
933 20
934 18
935 15
936 13
937 14
938 16
939 13
940 15
941 13
942 16
943 13
944 13
945 11
946 10
947 6
948 16
949 13
950 13
951 16
952 21
953 24
954 15
955 9
956 11
957 16
958 17
959 23
960 17
961 16
962 19
963 21
964 18
965 13
966 29
967 29
968 24
969 24
970 23
971 17
972 20
973 13
974 10
975 4
976 9
977 10
978 10
979 9
980 15
981 13
982 13
983 10
984 15
985 8
986 19
987 13
988 21
989 12
990 14
991 12
992 12
993 16
994 11
995 13
996 8
997 14
998 9
999 12
1000 14
1001 14
1002 9
1003 12
1004 10
1005 10
1006 10
1007 12
1008 7
1009 7
1010 12
1011 11
1012 3
1013 5
1014 12
1015 7
1016 3
1017 5
1018 9
1019 5
1020 8
1021 10
1022 8
1023 6
1024 8
1025 20
1026 11
1027 10
1028 12
1029 15
1030 19
1031 13
1032 15
1033 19
1034 13
1035 14
1036 18
1037 14
1038 15
1039 7
1040 10
1041 12
1042 9
1043 8
1044 9
1045 8
1046 8
1047 7
1048 9
1049 7
1050 11
1051 11
1052 10
1053 11
1054 12
1055 17
1056 10
1057 6
1058 8
1059 11
1060 8
1061 9
1062 6
1063 4
1064 2
1065 7
1066 6
1067 8
1068 5
1069 6
1070 4
1071 6
1072 8
1073 2
1074 6
1075 4
1076 3
1077 2
1078 9
1079 9
1080 5
1081 5
1082 4
1083 4
1084 9
1085 6
1086 7
1087 6
1088 8
1089 4
1090 11
1091 5
1092 5
1093 11
1094 2
1095 5
1096 4
1097 3
1098 2
1099 5
1100 6
1101 5
1102 6
1103 5
1104 4
1105 4
1106 3
1107 6
1108 4
1109 10
1110 4
1111 4
1112 4
1113 2
1114 4
1115 3
1116 3
1117 5
1119 5
1120 4
1121 4
1122 5
1123 3
1124 5
1125 4
1126 2
1127 3
1128 3
1129 6
1130 7
1131 5
1132 3
1133 5
1134 3
1135 2
1136 1
1137 3
1138 3
1139 8
1140 8
1141 4
1142 3
1143 5
1144 3
1145 7
1146 4
1147 5
1148 2
1149 5
1150 4
1151 4
1152 6
1153 6
1154 2
1155 6
1156 2
1157 3
1158 7
1159 4
1160 1
1161 5
1162 5
1163 4
1164 4
1165 2
1166 2
1167 2
1168 4
1169 1
1170 3
1171 1
1172 2
1173 5
1174 4
1175 3
1176 3
1177 3
1178 4
1179 1
1180 4
1181 6
1182 3
1183 3
1184 2
1185 2
1186 2
1187 6
1188 3
1189 1
1190 3
1191 3
1192 2
1193 3
1194 1
1195 2
1196 7
1197 3
1198 4
1199 9
1200 4
1201 6
1202 3
1203 2
1204 5
1206 2
1208 3
1209 2
1210 4
1212 5
1213 3
1214 3
1215 1
1216 5
1217 5
1218 4
1219 6
1220 2
1222 1
1223 3
1224 3
1225 1
1226 4
1227 1
1228 1
1229 3
1230 3
1231 4
1232 1
1233 2
1234 6
1235 2
1236 1
1237 2
1238 2
1239 6
1240 1
1242 3
1243 1
1244 5
1245 2
1246 1
1247 1
1248 1
1249 2
1250 2
1251 3
1252 1
1253 4
1254 2
1255 1
1256 1
1258 3
1259 4
1260 1
1261 3
1262 3
1263 1
1264 1
1265 2
1267 2
1268 3
1269 2
1271 4
1272 1
1273 3
1274 2
1275 2
1276 3
1279 2
1280 2
1281 2
1282 4
1283 3
1284 1
1285 2
1286 2
1287 2
1288 2
1289 2
1291 5
1292 5
1293 5
1295 2
1296 4
1297 3
1298 2
1299 4
1300 2
1301 3
1302 3
1303 2
1304 5
1306 8
1307 2
1308 3
1309 3
1310 5
1311 8
1312 3
1313 2
1314 1
1315 2
1316 1
1317 5
1318 3
1319 5
1320 4
1321 8
1322 4
1323 4
1324 6
1325 2
1326 1
1327 3
1328 6
1329 5
1330 1
1331 3
1332 1
1333 4
1334 4
1335 3
1336 6
1337 3
1338 3
1339 8
1340 3
1341 5
1342 2
1344 4
1345 4
1346 1
1347 2
1348 1
1349 3
1350 2
1352 5
1353 2
1354 2
1355 3
1356 1
1358 2
1359 3
1360 3
1361 1
1362 3
1363 4
1364 1
1365 1
1366 2
1367 1
1368 4
1369 2
1370 1
1371 2
1372 1
1373 2
1374 2
1375 4
1376 1
1377 1
1378 3
1379 3
1381 2
1382 3
1383 2
1384 4
1385 2
1386 3
1387 5
1388 5
1389 3
1390 4
1391 4
1392 2
1393 1
1395 3
1396 3
1397 4
1398 4
1400 4
1402 1
1403 3
1404 1
1405 1
1406 4
1407 2
1408 3
1409 3
1410 1
1411 2
1412 2
1413 3
1414 5
1415 4
1416 3
1417 7
1418 6
1419 9
1420 5
1421 5
1422 7
1423 4
1424 6
1425 2
1426 5
1427 6
1428 6
1429 7
1430 7
1431 5
1432 6
1433 6
1434 4
1435 10
1436 8
1437 10
1438 8
1439 11
1440 5
1441 6
1442 10
1443 6
1444 7
1445 1
1446 4
1447 6
1448 5
1449 3
1450 4
1451 5
1452 4
1453 5
1454 5
1455 2
1456 4
1457 4
1458 4
1459 6
1460 3
1461 5
1462 6
1463 5
1464 2
1465 7
1466 6
1467 3
1468 6
1469 4
1470 7
1471 6
1472 4
1473 6
1474 3
1475 5
1476 1
1477 5
1478 3
1479 1
1480 3
1481 2
1482 5
1483 3
1484 4
1485 2
1486 2
1487 4
1488 3
1489 4
1490 3
1491 3
1492 6
1493 1
1494 3
1495 4
1496 4
1497 4
1498 2
1499 1
1500 3
1501 1
1503 2
1505 2
1506 3
1508 4
1511 2
1512 3
1513 1
1514 1
1515 2
1516 1
1517 2
1520 4
1521 5
1522 3
1523 5
1524 5
1525 2
1526 1
1527 3
1528 2
1529 6
1530 2
1531 1
1532 4
1533 2
1534 1
1535 1
1536 1
1537 3
1538 4
1539 3
1540 2
1541 1
1542 6
1543 5
1544 4
1545 5
1546 5
1547 2
1548 3
1549 2
1550 2
1551 2
1553 4
1554 2
1555 1
1556 3
1558 1
1559 2
1561 2
1563 2
1564 2
1566 3
1567 2
1568 4
1569 1
1570 2
1571 3
1572 2
1573 4
1574 2
1575 4
1576 4
1577 1
1578 2
1579 3
1580 2
1581 2
1582 3
1583 1
1585 1
1586 1
1587 1
1588 4
1589 3
1591 6
1593 1
1594 3
1595 1
1597 1
1598 3
1600 1
1601 2
1602 2
1603 3
1605 2
1606 3
1607 3
1608 3
1609 1
1610 2
1611 4
1612 2
1613 4
1614 3
1615 2
1616 4
1617 4
1618 3
1619 4
1620 5
1621 4
1622 3
1623 2
1624 2
1625 2
1626 2
1627 3
1628 3
1629 3
1630 6
1631 3
1632 2
1633 5
1634 4
1635 4
1636 3
1637 5
1638 5
1639 1
1640 2
1641 3
1642 5
1643 4
1644 1
1646 7
1647 2
1648 2
1649 5
1650 5
1651 3
1652 6
1653 1
1654 5
1655 3
1656 4
1657 4
1658 4
1659 7
1660 4
1661 3
1662 1
1663 7
1664 1
1665 1
1666 3
1667 3
1669 4
1670 3
1671 1
1672 6
1673 5
1674 5
1675 7
1676 7
1677 3
1678 2
1679 3
1680 3
1681 3
1682 5
1683 4
1684 5
1685 1
1686 3
1687 3
1688 8
1689 5
1690 5
1691 2
1692 3
1693 9
1694 8
1695 8
1696 3
1697 6
1698 4
1699 10
1700 6
1701 5
1702 7
1703 5
1704 4
1705 10
1706 6
1707 5
1708 5
1709 9
1710 9
1711 6
1712 13
1713 2
1714 9
1715 4
1716 6
1717 3
1718 4
1719 10
1720 4
1721 5
1722 7
1723 6
1724 4
1725 6
1726 5
1727 9
1728 6
1729 7
1730 3
1731 3
1732 1
1733 4
1734 4
1735 7
1736 10
1737 3
1738 11
1739 6
1740 3
1741 5
1742 6
1743 6
1744 5
1745 8
1746 6
1747 6
1748 4
1749 8
1750 10
1751 7
1752 5
1753 8
1754 10
1755 7
1756 3
1757 5
1758 5
1759 7
1760 5
1761 5
1762 4
1763 14
1764 9
1765 8
1766 6
1767 9
1768 8
1769 2
1770 9
1771 8
1772 4
1773 7
1774 7
1775 4
1776 3
1777 5
1778 9
1779 1
1780 3
1781 3
1782 6
1783 7
1784 2
1785 5
1786 8
1787 8
1788 9
1789 6
1790 10
1791 14
1792 9
1793 7
1794 4
1795 10
1796 8
1797 8
1798 7
1799 12
1800 16
1801 8
1802 6
1803 4
1804 7
1805 5
1806 3
1807 4
1808 3
1809 5
1810 7
1811 5
1812 6
1813 4
1814 4
1815 9
1816 3
1817 5
1818 2
1819 4
1820 4
1821 2
1822 2
1823 3
1824 2
1825 3
1826 5
1827 2
1828 3
1829 1
1830 5
1831 2
1832 5
1833 2
1834 2
1835 3
1836 2
1838 1
1839 5
1840 1
1841 1
1842 3
1843 4
1844 3
1846 1
1847 1
1849 3
1851 1
1853 1
1857 2
1858 1
1865 2
1866 1
1868 2
1869 1
1870 1
1871 3
1872 1
1874 1
1876 2
1877 1
1878 1
1879 3
1880 2
1881 1
1885 1
1887 1
1889 1
1891 1
1892 3
1893 1
1894 1
1895 2
1896 3
1897 2
1898 6
1899 2
1900 3
1901 1
1902 1
1903 1
1905 3
1906 2
1908 2
1909 1
1910 3
1911 3
1912 3
1913 2
1914 2
1915 3
1916 3
1918 2
1919 2
1920 1
1921 4
1922 3
1924 1
1925 1
1926 2
1927 1
1929 1
1933 2
1934 1
1935 1
1937 1
1938 3
1939 1
1940 3
1941 4
1942 2
1943 2
1944 1
1945 1
1946 2
1947 6
1948 3
1949 6
1950 1
1951 3
1954 1
1956 2
1957 2
1958 4
1959 2
1960 4
1962 2
1963 1
1965 2
1966 2
1968 1
1972 2
1974 3
1975 2
1976 3
1978 1
1979 4
1981 3
1982 2
1983 2
1984 2
1985 1
1986 1
1987 4
1988 2
1995 1
1996 2
2000 1
2001 1
2003 2
2005 1
2008 1
2009 1
2010 1
2011 1
2013 1
2016 2
2017 2
2019 2
2020 1
2021 3
2022 3
2023 1
2024 1
2026 3
2027 1
2028 1
2030 3
2031 1
2032 2
2036 1
2037 1
2038 1
2039 1
2040 2
2041 1
2043 2
2047 1
2054 1
2057 3
2059 1
2060 1
2064 1
2065 1
2066 1
2068 3
2071 2
2072 2
2073 3
2074 1
2075 1
2076 1
2079 1
2080 2
2081 1
2082 1
2084 2
2085 1
2086 1
2087 2
2088 1
2089 1
2090 1
2091 2
2095 2
2097 1
2101 1
2105 1
2106 2
2109 1
2110 1
2111 1
2112 3
2114 2
2117 1
2124 1
2134 1
2140 3
2144 3
2148 3
2149 4
2163 1
2171 1
2172 1
2177 1
2179 1
2180 1
2181 1
2183 1
2185 1
2186 1
2189 1
2191 3
2194 1
2201 1
2203 1
2213 1
2229 1
2233 1
2235 1
2236 1
2237 1
2240 1
2242 1
2248 1
2272 1
2274 1
2282 1
2283 1
2286 1
2289 1
2294 1
2297 1
2298 2
2300 1
2309 1
2310 1
2319 1
2322 1
2326 2
2329 1
2330 1
2331 1
2332 1
2333 1
2337 1
2341 1
2342 1
2344 1
2346 2
2347 2
2349 1
2350 1
2351 3
2352 1
2355 1
2356 2
2364 1
2369 1
2371 1
2373 1
2376 1
2383 1
2389 1
2393 2
2394 2
2397 1
2398 1
2399 1
2401 1
2404 1
2406 2
2413 1
2418 1
2419 1
2421 1
2426 1
2427 3
2428 1
2429 1
2431 1
2438 1
2440 1
2442 2
2445 1
2447 2
2448 1
2449 1
2457 1
2459 1
2462 1
2465 1
2471 1
2474 1
2486 1
2487 1
2497 2
2506 1
2509 1
2535 1
2552 1
2598 1
2603 1
2617 1
2638 1
2647 1
2649 1
2652 2
2655 2
2656 1
2657 1
2658 1
2659 1
2660 1
2662 2
2663 1
2666 1
2667 1
2669 1
2673 1
2744 2
2749 1
2752 1
2754 1
2759 1
2760 1
2765 1
2772 1
2782 1
2796 1
2816 1
2859 1
2882 1
2883 1
2887 2
2891 1
2895 2
3035 1
3042 1
3046 1
3061 1
3067 1
3069 2
3070 1
3071 1
3111 1
3154 1
3159 1
3191 1
3197 1
3209 1
3212 1
3214 1
3215 1
3222 1
3226 1
3229 1
3230 1
3231 1
3238 1
3244 1
3254 1
3259 1
3262 1
3263 1
3268 1
3320 1
3324 1
3410 1
3420 1
3422 1
3489 1
3495 1
3496 1
3509 1
3516 1
3656 1
3695 1
3798 1
3839 1
3852 1
3879 1
3925 1
3934 1
3960 1
3970 1
3971 1
3972 1
3974 1
3977 1
3978 1
4006 1
4059 1
4060 1
4062 1
4065 1
4067 1
4069 1
4072 1
4082 1
4141 1
4147 1
4148 1
4152 1
4153 2
4156 1
4157 2
4164 1
4178 1
4184 1
4195 2
4200 1
4202 1
4204 1
4222 1
4226 1
4228 1
4233 1
4247 1
4251 1
4259 1
4318 1
4321 1
4326 1
4328 1
4332 1
4333 1
4334 1
4336 1
4337 1
4341 2
4344 1
4348 1
4349 2
4350 1
4353 2
4354 1
4361 1
4374 1
4375 1
4491 1
4500 1
4508 1
4510 1
4524 1
4547 1
4549 1
4565 1
4610 1
4629 1
4634 1
4653 1
4673 1
4701 1
4703 1
4711 1
4861 1
5114 1
5117 1
5125 1
5136 1
5137 1
5138 1
5263 1
5283 1
5290 1
5293 1
5294 1
5295 1
5301 1
5303 1
5308 1
5310 1
5313 1
5314 1
5330 1
5435 1
5446 1
5662 1
5672 1
6027 1
6044 1
6046 1
6055 1
6063 1
6064 1
6065 1
6067 1
6077 1
6080 2
6104 1
6107 1
6111 1
6125 1
6126 1
6129 1
6240 1
6451 1
8962 1
9040 1
9599 1
9995 1
10001 13
