1 23404959
2 13595042
3 8604000
4 5745274
5 3923149
6 2743074
7 1977323
8 1457384
9 1134130
10 959555
11 905984
12 920139
13 976090
14 1044836
15 1100245
16 1141623
17 1163375
18 1161987
19 1136437
20 1092246
21 1036698
22 967722
23 903026
24 831213
25 767131
26 705815
27 645609
28 587098
29 536688
30 489930
31 446170
32 409047
33 380424
34 359929
35 351979
36 354358
37 370724
38 399439
39 439005
40 486431
41 537692
42 594462
43 649903
44 701107
45 747030
46 783735
47 813483
48 831527
49 837849
50 830616
51 816025
52 787177
53 751334
54 709798
55 660317
56 611951
57 557937
58 503607
59 449623
60 397498
61 349039
62 303152
63 260809
64 223441
65 188881
66 158100
67 131912
68 110250
69 91803
70 77252
71 63790
72 52608
73 43531
74 36719
75 31620
76 27050
77 22992
78 19809
79 17111
80 14973
81 13453
82 11793
83 10854
84 9772
85 8954
86 8257
87 7899
88 7331
89 6953
90 6756
91 6435
92 5951
93 5795
94 5653
95 5416
96 5173
97 5078
98 4882
99 4609
100 4508
101 4330
102 4025
103 3898
104 3659
105 3623
106 3389
107 2997
108 2833
109 2568
110 2379
111 2262
112 2052
113 2087
114 1953
115 1922
116 1760
117 1604
118 1459
119 1342
120 1288
121 1328
122 1185
123 1094
124 1020
125 940
126 854
127 764
128 790
129 682
130 641
131 672
132 623
133 560
134 584
135 564
136 576
137 528
138 500
139 526
140 536
141 543
142 525
143 551
144 524
145 518
146 526
147 530
148 520
149 562
150 555
151 603
152 603
153 584
154 605
155 592
156 569
157 523
158 565
159 527
160 515
161 517
162 556
163 498
164 455
165 460
166 454
167 531
168 485
169 545
170 537
171 477
172 491
173 483
174 459
175 441
176 404
177 436
178 481
179 418
180 386
181 400
182 402
183 426
184 373
185 360
186 397
187 365
188 372
189 361
190 353
191 335
192 363
193 312
194 309
195 291
196 288
197 274
198 272
199 267
200 228
201 230
202 241
203 210
204 204
205 219
206 196
207 191
208 206
209 176
210 165
211 150
212 162
213 162
214 150
215 160
216 178
217 162
218 168
219 180
220 179
221 182
222 170
223 165
224 180
225 170
226 183
227 156
228 167
229 187
230 157
231 157
232 163
233 165
234 171
235 192
236 173
237 196
238 163
239 197
240 198
241 184
242 160
243 165
244 178
245 173
246 187
247 165
248 198
249 187
250 199
251 211
252 209
253 203
254 211
255 175
256 182
257 189
258 185
259 139
260 175
261 146
262 168
263 142
264 143
265 143
266 129
267 139
268 108
269 99
270 104
271 84
272 88
273 87
274 77
275 80
276 83
277 91
278 67
279 53
280 58
281 55
282 52
283 50
284 39
285 31
286 34
287 46
288 43
289 48
290 49
291 48
292 52
293 51
294 56
295 63
296 52
297 48
298 60
299 58
300 42
301 63
302 55
303 53
304 37
305 47
306 49
307 46
308 47
309 46
310 49
311 51
312 44
313 45
314 49
315 54
316 63
317 62
318 51
319 55
320 58
321 45
322 52
323 46
324 42
325 54
326 56
327 39
328 44
329 36
330 40
331 34
332 52
333 49
334 51
335 50
336 54
337 52
338 69
339 54
340 57
341 45
342 37
343 35
344 54
345 47
346 35
347 53
348 51
349 50
350 56
351 48
352 53
353 51
354 60
355 55
356 58
357 41
358 47
359 49
360 43
361 47
362 41
363 48
364 37
365 44
366 36
367 43
368 43
369 36
370 34
371 35
372 32
373 23
374 20
375 34
376 32
377 31
378 29
379 29
380 25
381 23
382 17
383 25
384 15
385 18
386 13
387 11
388 6
389 16
390 14
391 17
392 15
393 11
394 16
395 19
396 13
397 15
398 16
399 14
400 18
401 16
402 11
403 22
404 19
405 9
406 16
407 8
408 17
409 13
410 14
411 12
412 26
413 16
414 12
415 16
416 16
417 20
418 17
419 13
420 11
421 9
422 12
423 11
424 12
425 12
426 15
427 12
428 11
429 14
430 9
431 6
432 6
433 9
434 7
435 11
436 4
437 9
438 2
439 6
440 6
441 7
442 7
443 13
444 11
445 7
446 9
447 13
448 9
449 10
450 8
451 5
452 4
453 9
454 7
455 9
456 12
457 9
458 10
459 15
460 5
461 19
462 5
463 8
464 11
465 7
466 6
467 5
468 3
469 9
470 11
471 10
472 3
473 10
474 9
475 4
476 12
477 3
478 8
479 4
480 3
481 3
482 4
483 4
484 7
485 10
486 10
487 25
488 15
489 9
490 10
491 18
492 7
493 10
494 9
495 8
496 6
497 8
498 10
499 7
500 7
501 9
502 5
503 7
504 12
505 14
506 9
507 9
508 8
509 8
510 12
511 11
512 5
513 5
514 7
515 7
516 6
517 6
518 4
519 5
520 8
521 3
522 7
523 7
524 5
525 6
526 10
527 9
528 8
529 6
530 12
531 8
532 8
533 3
534 9
535 3
536 6
537 7
538 12
539 11
540 6
541 11
542 15
543 8
544 9
545 9
546 11
547 8
548 12
549 9
550 12
551 9
552 7
553 17
554 14
555 8
556 10
557 9
558 10
559 11
560 12
561 12
562 14
563 16
564 7
565 7
566 5
567 8
568 9
569 4
570 6
571 6
572 6
573 4
574 11
576 6
577 8
578 11
579 3
580 5
581 3
582 6
583 8
584 9
585 5
586 10
587 11
588 9
589 7
590 13
591 7
592 12
593 5
594 13
595 12
596 16
597 10
598 14
599 22
600 20
601 11
602 19
603 17
604 15
605 15
606 18
607 14
608 19
609 15
610 14
611 17
612 14
613 18
614 9
615 10
616 10
617 9
618 14
619 8
620 9
621 7
622 5
623 3
624 5
625 5
626 7
627 4
628 6
629 6
630 9
631 7
632 7
633 8
634 8
635 8
636 16
637 10
638 9
639 9
640 6
641 8
642 9
643 10
644 15
645 7
646 9
647 5
648 10
649 8
650 4
651 11
652 6
653 6
654 11
655 7
656 15
657 10
658 11
659 19
660 14
661 11
662 9
663 12
664 6
665 13
666 14
667 12
668 6
669 4
670 16
671 10
672 13
673 7
674 12
675 19
676 6
677 8
678 9
679 13
680 6
681 12
682 11
683 5
684 9
685 9
686 4
687 9
688 13
689 10
690 10
691 9
692 9
693 12
694 11
695 12
696 12
697 11
698 15
699 18
700 11
701 11
702 8
703 10
704 6
705 6
706 6
707 5
708 6
709 1
710 5
711 5
712 10
713 5
714 6
715 6
716 2
717 1
719 4
720 1
721 2
722 8
723 4
724 6
725 5
726 3
728 3
729 3
730 4
731 3
732 1
733 6
734 4
736 5
737 9
739 5
740 1
741 2
742 2
743 1
744 3
745 5
746 3
747 4
748 3
749 5
750 4
751 4
752 2
753 4
754 3
755 2
756 1
757 2
758 2
759 2
760 1
761 3
762 3
763 1
765 1
768 1
770 2
771 1
772 1
774 1
776 2
777 2
778 1
779 1
780 2
781 5
782 2
783 5
784 2
785 5
786 8
787 3
788 2
789 2
790 4
791 5
793 4
794 3
796 1
797 4
798 4
799 3
800 1
801 4
803 3
804 1
805 1
806 1
807 2
808 1
809 2
810 2
811 1
813 3
814 1
822 1
826 1
827 1
830 1
832 1
833 1
834 3
835 2
836 2
838 3
840 2
841 1
842 2
844 1
845 2
849 1
852 1
853 1
854 2
855 1
857 1
858 2
861 1
863 1
864 1
867 2
868 1
869 2
872 1
873 1
874 1
875 2
877 1
878 2
880 1
882 1
883 2
884 1
887 1
888 1
890 1
892 1
893 2
898 1
902 2
905 3
906 2
907 1
908 1
909 4
911 4
912 1
913 2
915 2
917 1
918 1
922 1
923 1
924 1
926 1
927 1
928 1
930 2
936 1
943 1
947 1
949 1
953 2
956 1
961 1
964 2
966 1
969 1
970 1
974 1
975 1
978 1
979 1
984 4
985 1
988 1
989 1
991 1
992 1
993 1
994 2
995 1
996 1
1000 1
1003 1
1004 1
1007 1
1011 2
1012 1
1025 1
1027 1
1030 1
1039 1
1047 1
1050 1
1057 1
1062 1
1073 1
1101 1
1106 1
1107 2
1108 2
1110 1
1111 2
1114 3
1120 1
1126 1
1132 1
1135 1
1146 1
1147 1
1152 2
1157 1
1169 1
1178 1
1207 1
1209 1
1210 1
1216 1
1221 1
1222 1
1233 1
1238 1
1244 1
1263 1
1269 1
1274 1
1278 2
1281 1
1282 1
1284 1
1285 2
1286 1
1294 1
1298 2
1304 1
1310 1
1315 1
1329 1
1331 1
1332 1
1333 1
1334 1
1336 1
1339 2
1340 1
1342 1
1355 1
1361 1
1373 1
1378 1
1384 1
1385 1
1386 2
1387 1
1388 2
1391 2
1393 1
1394 1
1395 3
1396 1
1397 1
1398 1
1400 1
1403 1
1422 1
1423 1
1426 1
1429 1
1432 1
1439 1
1448 1
1449 1
1453 2
1461 1
1502 1
1508 1
1510 1
1511 2
1512 1
1513 1
1521 1
1559 1
1560 3
1561 2
1562 2
1566 1
1567 1
1568 2
1570 1
1587 1
1607 1
1629 1
1637 1
1649 1
1690 1
1692 1
1694 2
1696 1
1714 1
1731 1
1739 1
1746 1
1768 1
1792 1
1797 1
1860 1
1861 1
1863 1
1905 1
1912 1
1913 1
1918 2
1920 1
1965 1
1981 1
1985 1
1986 1
1988 1
1996 1
2002 2
2013 1
2014 1
2023 1
2029 1
2051 1
2068 1
2074 1
2075 1
2078 1
2278 1
2286 1
2292 1
2293 2
2294 1
2296 1
2300 1
2302 1
2303 1
2305 1
2307 2
2308 1
2311 1
2312 1
2326 1
2386 1
2424 1
3102 1
3108 1
3482 1
3497 1
3721 1
3954 1
4913 1
4946 1
4950 1
4951 1
4953 1
4960 1
4966 2
4967 2
4973 1
