1 26165855
2 11586437
3 6011713
4 3353625
5 2093296
6 1429923
7 1039138
8 779901
9 617086
10 534177
11 519092
12 542368
13 602210
14 669919
15 727793
16 764348
17 773303
18 749002
19 691817
20 610180
21 514291
22 417433
23 325411
24 245821
25 180508
26 128759
27 91540
28 64418
29 46750
30 33773
31 24780
32 19293
33 15109
34 12178
35 10095
36 8123
37 6805
38 5510
39 4599
40 3853
41 3095
42 2770
43 2387
44 2018
45 1767
46 1585
47 1452
48 1226
49 1148
50 1082
51 1097
52 1065
53 922
54 848
55 843
56 895
57 823
58 798
59 728
60 751
61 655
62 578
63 578
64 570
65 564
66 581
67 500
68 515
69 591
70 566
71 594
72 545
73 497
74 480
75 480
76 495
77 466
78 519
79 454
80 452
81 478
82 395
83 434
84 384
85 415
86 401
87 458
88 495
89 613
90 684
91 836
92 1094
93 1273
94 1632
95 2078
96 2782
97 3516
98 4330
99 5354
100 6665
101 8087
102 9758
103 11516
104 14134
105 17036
106 19892
107 23098
108 26535
109 30432
110 34491
111 39020
112 43636
113 48616
114 52324
115 57064
116 61229
117 65156
118 69133
119 72082
120 75294
121 77053
122 78276
123 79408
124 80183
125 79677
126 78533
127 76587
128 74975
129 71472
130 69490
131 65020
132 61648
133 57516
134 53661
135 49369
136 45280
137 41422
138 37244
139 33436
140 29795
141 26298
142 23245
143 20358
144 17494
145 15103
146 12826
147 11067
148 9417
149 7797
150 6381
151 5313
152 4237
153 3625
154 3052
155 2404
156 2026
157 1576
158 1215
159 1001
160 737
161 568
162 430
163 346
164 242
165 209
166 143
167 160
168 119
169 107
170 76
171 53
172 50
173 36
174 22
175 22
176 20
177 22
178 18
179 28
180 21
181 27
182 21
183 15
184 23
185 28
186 25
187 21
188 18
189 23
190 22
191 21
192 15
193 23
194 19
195 20
196 17
197 13
198 15
199 18
200 21
201 16
202 23
203 21
204 13
205 21
206 15
207 26
208 16
209 18
210 12
211 21
212 15
213 16
214 14
215 19
216 22
217 22
218 17
219 31
220 22
221 30
222 27
223 17
224 21
225 31
226 40
227 40
228 44
229 60
230 69
231 69
232 69
233 80
234 86
235 58
236 101
237 87
238 104
239 99
240 94
241 100
242 105
243 100
244 132
245 139
246 128
247 141
248 147
249 132
250 111
251 127
252 174
253 178
254 148
255 187
256 146
257 157
258 136
259 128
260 100
261 119
262 110
263 88
264 93
265 88
266 72
267 68
268 57
269 59
270 55
271 62
272 59
273 41
274 30
275 36
276 28
277 36
278 36
279 17
280 29
281 24
282 26
283 14
284 16
285 10
286 14
287 20
288 17
289 14
290 23
291 14
292 18
293 10
294 8
295 12
296 8
297 10
298 8
299 12
300 11
301 14
302 11
303 8
304 4
305 7
306 9
307 10
308 10
309 7
310 6
311 2
312 5
313 2
314 5
315 2
316 2
317 5
318 5
319 5
320 3
321 8
322 4
323 3
324 2
325 6
326 5
327 8
328 7
329 6
330 10
331 9
332 7
333 6
334 4
335 8
336 2
337 4
338 1
339 5
340 4
341 1
342 2
343 3
344 6
345 5
346 5
347 4
348 6
349 4
350 3
351 6
352 8
353 5
354 3
355 4
356 10
357 8
358 4
359 7
360 2
361 2
362 3
363 8
364 5
365 9
366 6
367 7
368 4
369 2
370 4
371 11
372 4
373 10
374 12
375 9
376 6
377 6
378 11
379 6
380 1
381 7
382 6
383 7
384 9
385 9
386 7
387 7
388 10
389 12
390 7
391 4
392 12
393 4
394 6
395 8
396 3
397 9
398 2
399 3
400 5
401 5
402 3
403 6
404 3
405 6
406 3
407 2
408 3
409 4
410 3
411 5
412 5
413 7
414 3
415 3
416 7
417 4
418 3
420 2
421 1
424 2
425 1
426 5
427 3
429 7
431 1
432 1
433 4
435 4
436 1
437 1
438 5
439 2
440 2
441 1
443 2
447 2
449 2
450 1
451 3
454 1
455 1
456 2
459 2
460 3
461 1
462 1
463 4
464 1
465 1
475 1
481 2
482 1
483 3
485 2
486 1
487 2
489 1
490 1
493 2
496 2
499 2
500 1
504 2
505 2
506 3
510 4
511 1
512 3
513 1
514 4
515 2
516 1
517 1
518 3
519 1
520 4
524 1
525 3
527 2
531 1
532 1
535 1
536 2
537 1
552 1
554 1
555 1
566 1
569 1
571 1
584 1
587 1
592 1
616 1
617 1
635 1
636 1
637 2
638 1
639 1
642 1
646 1
655 1
659 2
660 1
663 1
664 2
665 1
686 1
708 1
748 2
749 1
755 1
756 2
758 1
764 2
765 1
767 2
768 2
770 2
771 1
772 1
773 1
774 1
775 1
777 2
778 3
779 3
781 3
783 1
784 2
787 2
819 1
821 1
822 1
864 1
913 1
953 1
1045 1
1047 1
1166 1
1171 1
1230 1
1233 1
1568 2
1569 1
1570 1
1571 1
1572 1
1574 1
1575 3
