1 14339271
2 13352328
3 10696074
4 8048277
5 6031809
6 4736813
7 3941903
8 3426197
9 3012753
10 2637277
11 2285737
12 1997414
13 1772721
14 1642773
15 1579179
16 1576622
17 1614333
18 1663916
19 1704649
20 1717546
21 1704076
22 1662431
23 1582587
24 1485387
25 1381452
26 1273019
27 1177795
28 1084136
29 1000956
30 921650
31 848319
32 783137
33 723657
34 663933
35 601711
36 544084
37 482449
38 426239
39 374130
40 322525
41 274094
42 231735
43 193557
44 157565
45 129392
46 103506
47 82127
48 65980
49 53740
50 43936
51 36687
52 32384
53 31159
54 31501
55 34368
56 40429
57 47873
58 56806
59 68888
60 82247
61 98259
62 114973
63 134198
64 154072
65 175211
66 194603
67 213201
68 233606
69 248058
70 261490
71 274178
72 283414
73 288547
74 289635
75 288605
76 282796
77 274486
78 263354
79 249601
80 232977
81 215345
82 197240
83 177295
84 160262
85 141447
86 125143
87 108770
88 94208
89 80399
90 67380
91 56769
92 47106
93 38634
94 31422
95 25315
96 20110
97 15962
98 12685
99 9876
100 8104
101 6287
102 5170
103 4210
104 3470
105 3130
106 2762
107 2557
108 2650
109 2757
110 3011
111 3362
112 3805
113 4286
114 5001
115 5926
116 7133
117 8308
118 9746
119 11679
120 13299
121 15403
122 17951
123 20215
124 22625
125 25722
126 28708
127 31912
128 35191
129 38069
130 41947
131 45069
132 48407
133 51541
134 54239
135 57256
136 59398
137 61608
138 62786
139 63948
140 64219
141 64948
142 64321
143 63993
144 62945
145 61109
146 59244
147 57302
148 54633
149 52267
150 49653
151 46810
152 43406
153 39958
154 36792
155 33636
156 30535
157 27451
158 24685
159 22266
160 19895
161 17318
162 15171
163 13039
164 11392
165 9605
166 8443
167 7204
168 6200
169 5137
170 4410
171 3545
172 3022
173 2430
174 1941
175 1709
176 1324
177 1141
178 968
179 701
180 636
181 551
182 537
183 420
184 385
185 334
186 356
187 391
188 365
189 418
190 462
191 546
192 615
193 689
194 789
195 923
196 1018
197 1230
198 1462
199 1737
200 2041
201 2372
202 2993
203 3490
204 3981
205 4805
206 5590
207 6652
208 7782
209 8873
210 10359
211 12049
212 13958
213 16065
214 18153
215 21007
216 23341
217 26474
218 29936
219 33057
220 36633
221 41267
222 45842
223 49928
224 55300
225 60359
226 65610
227 71181
228 76431
229 82533
230 88906
231 95157
232 100697
233 106263
234 112516
235 119022
236 124889
237 130529
238 135434
239 140765
240 146021
241 149794
242 154356
243 158731
244 162000
245 164615
246 167404
247 169844
248 170714
249 172744
250 173226
251 173330
252 173062
253 171429
254 169857
255 168633
256 166657
257 163315
258 161026
259 157413
260 153046
261 148590
262 143331
263 139670
264 134149
265 129614
266 124333
267 119268
268 113286
269 108510
270 103534
271 98120
272 92374
273 86599
274 81978
275 76383
276 71305
277 66527
278 62280
279 57059
280 52619
281 49001
282 44726
283 40880
284 37314
285 33861
286 30417
287 27731
288 24995
289 22704
290 20481
291 18033
292 16161
293 14719
294 13034
295 11296
296 10242
297 8843
298 7781
299 6697
300 5896
301 5060
302 4298
303 3681
304 3249
305 2813
306 2409
307 2116
308 1799
309 1617
310 1352
311 1156
312 997
313 860
314 707
315 626
316 528
317 468
318 402
319 388
320 346
321 304
322 315
323 261
324 266
325 240
326 234
327 184
328 205
329 197
330 185
331 188
332 159
333 172
334 173
335 144
336 164
337 190
338 168
339 192
340 179
341 181
342 198
343 225
344 205
345 250
346 252
347 295
348 284
349 310
350 372
351 392
352 428
353 461
354 480
355 535
356 559
357 576
358 648
359 692
360 763
361 817
362 874
363 940
364 1030
365 1066
366 1114
367 1274
368 1261
369 1399
370 1587
371 1713
372 1801
373 1936
374 2079
375 2139
376 2224
377 2506
378 2675
379 2740
380 2805
381 3042
382 3123
383 3256
384 3435
385 3512
386 3569
387 3558
388 3651
389 3801
390 3801
391 3962
392 3979
393 4109
394 4041
395 3951
396 4010
397 4141
398 4132
399 4073
400 4098
401 4004
402 4045
403 3951
404 4045
405 3798
406 3808
407 3580
408 3548
409 3525
410 3399
411 3220
412 3201
413 3096
414 2953
415 2747
416 2694
417 2622
418 2356
419 2511
420 2413
421 2183
422 2089
423 1912
424 1890
425 1763
426 1665
427 1501
428 1428
429 1319
430 1212
431 1140
432 1015
433 985
434 885
435 873
436 827
437 706
438 675
439 627
440 579
441 525
442 495
443 450
444 435
445 401
446 365
447 315
448 311
449 269
450 270
451 228
452 234
453 189
454 226
455 221
456 180
457 184
458 195
459 177
460 202
461 219
462 236
463 222
464 201
465 252
466 218
467 236
468 269
469 265
470 270
471 285
472 293
473 295
474 317
475 314
476 306
477 348
478 361
479 407
480 415
481 446
482 435
483 465
484 452
485 473
486 496
487 445
488 545
489 519
490 552
491 575
492 581
493 577
494 568
495 553
496 549
497 557
498 567
499 571
500 547
501 596
502 611
503 597
504 582
505 598
506 626
507 611
508 606
509 642
510 581
511 639
512 675
513 629
514 602
515 686
516 685
517 663
518 649
519 624
520 666
521 644
522 649
523 571
524 527
525 583
526 578
527 530
528 546
529 490
530 551
531 545
532 489
533 512
534 499
535 463
536 436
537 481
538 406
539 387
540 385
541 392
542 366
543 369
544 315
545 292
546 291
547 304
548 307
549 261
550 250
551 275
552 247
553 218
554 243
555 203
556 203
557 164
558 157
559 166
560 164
561 174
562 151
563 126
564 128
565 123
566 113
567 122
568 109
569 99
570 99
571 81
572 102
573 70
574 80
575 65
576 70
577 56
578 71
579 58
580 52
581 43
582 50
583 44
584 56
585 64
586 41
587 47
588 34
589 33
590 40
591 35
592 37
593 35
594 46
595 41
596 30
597 32
598 37
599 18
600 36
601 29
602 29
603 16
604 22
605 28
606 27
607 17
608 13
609 20
610 20
611 27
612 24
613 22
614 21
615 25
616 22
617 20
618 18
619 27
620 20
621 29
622 31
623 19
624 22
625 34
626 26
627 17
628 29
629 21
630 23
631 20
632 29
633 34
634 18
635 28
636 26
637 30
638 27
639 26
640 29
641 28
642 36
643 26
644 33
645 34
646 30
647 27
648 37
649 34
650 37
651 39
652 36
653 38
654 40
655 25
656 24
657 26
658 27
659 35
660 34
661 31
662 21
663 28
664 23
665 21
666 24
667 29
668 30
669 44
670 28
671 35
672 30
673 30
674 48
675 28
676 39
677 34
678 31
679 26
680 33
681 40
682 46
683 30
684 30
685 36
686 41
687 44
688 53
689 41
690 55
691 52
692 58
693 54
694 49
695 43
696 51
697 53
698 50
699 55
700 58
701 55
702 49
703 56
704 55
705 40
706 48
707 61
708 47
709 54
710 47
711 47
712 56
713 55
714 44
715 60
716 59
717 53
718 62
719 64
720 55
721 52
722 57
723 56
724 62
725 61
726 61
727 72
728 62
729 65
730 63
731 69
732 70
733 73
734 68
735 72
736 98
737 82
738 77
739 68
740 85
741 74
742 87
743 98
744 92
745 103
746 92
747 105
748 101
749 97
750 89
751 112
752 105
753 96
754 136
755 98
756 101
757 114
758 125
759 109
760 111
761 129
762 102
763 117
764 140
765 104
766 108
767 130
768 115
769 116
770 101
771 124
772 116
773 115
774 132
775 117
776 119
777 112
778 107
779 112
780 112
781 99
782 114
783 91
784 106
785 102
786 102
787 94
788 86
789 110
790 88
791 89
792 103
793 102
794 93
795 111
796 115
797 93
798 91
799 94
800 82
801 107
802 114
803 98
804 95
805 91
806 87
807 71
808 85
809 67
810 68
811 65
812 88
813 83
814 70
815 68
816 78
817 69
818 62
819 65
820 52
821 64
822 57
823 53
824 52
825 46
826 51
827 47
828 42
829 37
830 37
831 39
832 32
833 42
834 42
835 38
836 36
837 46
838 28
839 48
840 32
841 37
842 38
843 31
844 32
845 43
846 39
847 28
848 34
849 28
850 38
851 34
852 30
853 33
854 25
855 26
856 43
857 30
858 25
859 25
860 20
861 22
862 35
863 28
864 35
865 30
866 32
867 39
868 36
869 33
870 49
871 35
872 46
873 56
874 45
875 40
876 39
877 46
878 38
879 48
880 39
881 34
882 39
883 41
884 29
885 34
886 40
887 41
888 38
889 37
890 35
891 34
892 35
893 41
894 31
895 41
896 41
897 45
898 37
899 31
900 34
901 33
902 33
903 24
904 38
905 36
906 32
907 27
908 29
909 31
910 36
911 31
912 43
913 31
914 28
915 31
916 36
917 29
918 27
919 25
920 29
921 28
922 25
923 20
924 33
925 20
926 28
927 32
928 23
929 22
930 25
931 27
932 24
933 17
934 30
935 29
936 26
937 25
938 31
939 41
940 21
941 29
942 27
943 30
944 23
945 30
946 25
947 22
948 31
949 28
950 32
951 28
952 24
953 25
954 26
955 31
956 31
957 24
958 42
959 37
960 27
961 36
962 26
963 36
964 21
965 33
966 23
967 28
968 32
969 34
970 27
971 18
972 31
973 18
974 23
975 26
976 21
977 23
978 24
979 25
980 37
981 29
982 30
983 36
984 31
985 39
986 34
987 52
988 44
989 45
990 48
991 42
992 42
993 47
994 50
995 29
996 39
997 47
998 53
999 53
1000 50
1001 42
1002 40
1003 57
1004 59
1005 63
1006 39
1007 59
1008 67
1009 66
1010 43
1011 50
1012 69
1013 57
1014 62
1015 63
1016 74
1017 81
1018 59
1019 67
1020 72
1021 76
1022 74
1023 77
1024 79
1025 64
1026 78
1027 72
1028 74
1029 92
1030 79
1031 76
1032 75
1033 109
1034 78
1035 82
1036 86
1037 85
1038 66
1039 95
1040 90
1041 70
1042 88
1043 79
1044 61
1045 73
1046 66
1047 71
1048 66
1049 71
1050 68
1051 62
1052 74
1053 59
1054 69
1055 63
1056 57
1057 59
1058 67
1059 75
1060 64
1061 89
1062 70
1063 63
1064 69
1065 78
1066 76
1067 59
1068 67
1069 54
1070 57
1071 77
1072 62
1073 54
1074 73
1075 60
1076 56
1077 46
1078 59
1079 55
1080 66
1081 57
1082 65
1083 47
1084 30
1085 58
1086 46
1087 39
1088 47
1089 38
1090 33
1091 33
1092 53
1093 35
1094 32
1095 37
1096 39
1097 31
1098 34
1099 32
1100 17
1101 33
1102 21
1103 19
1104 27
1105 25
1106 22
1107 19
1108 26
1109 12
1110 26
1111 16
1112 22
1113 14
1114 13
1115 13
1116 18
1117 12
1118 12
1119 13
1120 13
1121 8
1122 12
1123 14
1124 8
1125 8
1126 9
1127 10
1128 9
1129 7
1130 8
1131 6
1132 11
1133 10
1134 8
1135 11
1136 9
1137 10
1138 10
1139 7
1140 9
1141 12
1142 11
1143 9
1144 12
1145 9
1146 5
1147 7
1148 9
1149 5
1150 13
1151 7
1152 12
1153 10
1154 6
1155 12
1156 12
1157 17
1158 13
1159 11
1160 6
1161 10
1162 8
1163 9
1164 7
1165 11
1166 8
1167 5
1168 6
1169 13
1170 12
1171 8
1172 10
1173 20
1174 8
1175 10
1176 15
1177 11
1178 9
1179 16
1180 14
1181 13
1182 12
1183 18
1184 13
1185 18
1186 11
1187 11
1188 15
1189 6
1190 16
1191 11
1192 9
1193 11
1194 10
1195 11
1196 12
1197 8
1198 7
1199 6
1200 6
1201 6
1202 15
1203 6
1204 4
1205 5
1206 12
1207 12
1208 16
1209 12
1210 12
1211 11
1212 8
1213 17
1214 20
1215 18
1216 12
1217 17
1218 14
1219 14
1220 12
1221 9
1222 15
1223 13
1224 14
1225 19
1226 21
1227 21
1228 16
1229 28
1230 18
1231 26
1232 22
1233 26
1234 28
1235 25
1236 13
1237 21
1238 14
1239 17
1240 20
1241 15
1242 16
1243 14
1244 15
1245 17
1246 19
1247 21
1248 17
1249 16
1250 14
1251 29
1252 20
1253 25
1254 16
1255 25
1256 14
1257 22
1258 28
1259 21
1260 27
1261 26
1262 14
1263 20
1264 16
1265 17
1266 11
1267 18
1268 19
1269 16
1270 17
1271 10
1272 20
1273 14
1274 21
1275 18
1276 26
1277 18
1278 19
1279 24
1280 17
1281 13
1282 19
1283 26
1284 13
1285 19
1286 20
1287 17
1288 23
1289 16
1290 19
1291 21
1292 17
1293 24
1294 19
1295 19
1296 28
1297 20
1298 18
1299 25
1300 21
1301 31
1302 18
1303 22
1304 26
1305 20
1306 32
1307 25
1308 27
1309 19
1310 25
1311 29
1312 23
1313 19
1314 17
1315 20
1316 17
1317 21
1318 20
1319 16
1320 15
1321 11
1322 13
1323 12
1324 22
1325 17
1326 11
1327 18
1328 13
1329 12
1330 10
1331 16
1332 9
1333 18
1334 19
1335 17
1336 11
1337 11
1338 16
1339 10
1340 13
1341 18
1342 11
1343 12
1344 10
1345 11
1346 11
1347 11
1348 16
1349 17
1350 14
1351 14
1352 17
1353 8
1354 16
1355 20
1356 18
1357 13
1358 16
1359 11
1360 15
1361 12
1362 9
1363 15
1364 11
1365 11
1366 6
1367 15
1368 14
1369 9
1370 11
1371 17
1372 18
1373 15
1374 12
1375 21
1376 6
1377 8
1378 11
1379 11
1380 8
1381 13
1382 14
1383 10
1384 12
1385 10
1386 5
1387 11
1388 15
1389 10
1390 12
1391 11
1392 13
1393 15
1394 11
1395 20
1396 16
1397 13
1398 11
1399 13
1400 15
1401 12
1402 10
1403 12
1404 5
1405 7
1406 5
1407 7
1408 4
1409 9
1410 15
1411 5
1412 11
1413 7
1414 2
1415 5
1416 7
1417 12
1418 5
1419 6
1420 11
1421 8
1422 10
1423 9
1424 9
1425 6
1426 8
1427 13
1428 16
1429 15
1430 6
1431 12
1432 10
1433 12
1434 9
1435 13
1436 15
1437 11
1438 9
1439 9
1440 11
1441 9
1442 3
1443 8
1444 8
1445 6
1446 10
1447 10
1448 8
1449 9
1450 6
1451 13
1452 13
1453 10
1454 12
1455 13
1456 11
1457 11
1458 12
1459 5
1460 9
1461 10
1462 7
1463 7
1464 6
1465 7
1466 7
1467 2
1468 5
1469 3
1470 2
1471 3
1472 3
1473 4
1474 5
1475 8
1476 5
1477 5
1478 7
1479 7
1480 9
1481 6
1482 5
1483 5
1484 4
1485 3
1486 5
1487 8
1488 5
1489 6
1490 3
1491 4
1492 5
1493 7
1494 4
1495 2
1496 8
1497 7
1498 3
1499 6
1500 6
1501 7
1502 3
1503 6
1504 4
1505 4
1506 6
1507 5
1508 11
1509 3
1510 5
1511 4
1512 8
1513 6
1514 9
1515 12
1516 7
1517 9
1518 7
1519 7
1520 7
1521 10
1522 7
1523 9
1524 13
1525 8
1526 2
1527 5
1528 9
1529 5
1530 8
1531 4
1532 5
1533 4
1534 10
1535 6
1536 2
1537 3
1538 11
1539 9
1540 5
1541 3
1542 10
1543 4
1544 10
1545 6
1546 8
1547 2
1548 5
1549 6
1550 3
1551 3
1552 5
1553 4
1554 3
1555 5
1556 10
1557 5
1558 2
1559 8
1560 10
1561 8
1562 9
1563 9
1564 7
1565 8
1566 4
1567 7
1568 3
1569 4
1570 7
1571 7
1572 8
1573 7
1574 5
1575 4
1576 8
1577 5
1578 5
1579 7
1580 11
1581 4
1582 6
1583 12
1584 4
1585 7
1586 6
1587 7
1588 11
1589 8
1590 10
1591 8
1592 10
1593 14
1594 9
1595 6
1596 5
1597 7
1598 17
1599 8
1600 12
1601 10
1602 10
1603 8
1604 9
1605 10
1606 19
1607 12
1608 13
1609 14
1610 16
1611 13
1612 18
1613 18
1614 23
1615 13
1616 15
1617 14
1618 23
1619 24
1620 15
1621 21
1622 22
1623 27
1624 31
1625 28
1626 24
1627 38
1628 24
1629 38
1630 36
1631 33
1632 43
1633 46
1634 49
1635 50
1636 52
1637 59
1638 61
1639 65
1640 77
1641 76
1642 81
1643 92
1644 106
1645 129
1646 133
1647 122
1648 157
1649 162
1650 181
1651 180
1652 196
1653 203
1654 221
1655 255
1656 255
1657 277
1658 287
1659 355
1660 354
1661 376
1662 381
1663 404
1664 449
1665 496
1666 518
1667 572
1668 622
1669 695
1670 709
1671 729
1672 754
1673 847
1674 890
1675 983
1676 1019
1677 1058
1678 1185
1679 1167
1680 1282
1681 1363
1682 1411
1683 1611
1684 1609
1685 1616
1686 1739
1687 1853
1688 1957
1689 2113
1690 2210
1691 2329
1692 2355
1693 2516
1694 2697
1695 2784
1696 2954
1697 3131
1698 3253
1699 3368
1700 3590
1701 3646
1702 3898
1703 4119
1704 4284
1705 4462
1706 4678
1707 4975
1708 5160
1709 5228
1710 5480
1711 5830
1712 5979
1713 6179
1714 6430
1715 6713
1716 6994
1717 7161
1718 7419
1719 7591
1720 7971
1721 8240
1722 8550
1723 8782
1724 9059
1725 9271
1726 9530
1727 9759
1728 10056
1729 10427
1730 10798
1731 11136
1732 11218
1733 11635
1734 12070
1735 12084
1736 12343
1737 12779
1738 12901
1739 13429
1740 13575
1741 13846
1742 14241
1743 14422
1744 14841
1745 15101
1746 15419
1747 15768
1748 16090
1749 16153
1750 16651
1751 16732
1752 16989
1753 17043
1754 17282
1755 17848
1756 17866
1757 18384
1758 18270
1759 18591
1760 18747
1761 19038
1762 19459
1763 19630
1764 19612
1765 19867
1766 19865
1767 20144
1768 20453
1769 20324
1770 20354
1771 20465
1772 20481
1773 20729
1774 20953
1775 20892
1776 20912
1777 20802
1778 20762
1779 21109
1780 20799
1781 20893
1782 20873
1783 20972
1784 20780
1785 20657
1786 20609
1787 20363
1788 20574
1789 19794
1790 20276
1791 20149
1792 19802
1793 19859
1794 19357
1795 19378
1796 19247
1797 18887
1798 18763
1799 18734
1800 18281
1801 17944
1802 17823
1803 17729
1804 17317
1805 17173
1806 17031
1807 16844
1808 16592
1809 16189
1810 16086
1811 15763
1812 15404
1813 15000
1814 14778
1815 14579
1816 14307
1817 14078
1818 13750
1819 13320
1820 13348
1821 13000
1822 12576
1823 12405
1824 12110
1825 11847
1826 11445
1827 10921
1828 10880
1829 10535
1830 10281
1831 10027
1832 9513
1833 9403
1834 9243
1835 8763
1836 8578
1837 8269
1838 7952
1839 7753
1840 7377
1841 7315
1842 6938
1843 6700
1844 6552
1845 6152
1846 6155
1847 5726
1848 5673
1849 5408
1850 5116
1851 5015
1852 4742
1853 4793
1854 4599
1855 4327
1856 4114
1857 3905
1858 3835
1859 3771
1860 3464
1861 3251
1862 3162
1863 3042
1864 2831
1865 2844
1866 2660
1867 2512
1868 2346
1869 2225
1870 2157
1871 2047
1872 1983
1873 1761
1874 1712
1875 1692
1876 1590
1877 1496
1878 1338
1879 1303
1880 1229
1881 1242
1882 1099
1883 1085
1884 994
1885 928
1886 863
1887 833
1888 788
1889 769
1890 754
1891 635
1892 662
1893 595
1894 539
1895 545
1896 510
1897 485
1898 455
1899 394
1900 380
1901 350
1902 329
1903 323
1904 311
1905 274
1906 290
1907 270
1908 219
1909 233
1910 224
1911 189
1912 173
1913 157
1914 174
1915 161
1916 145
1917 120
1918 124
1919 128
1920 84
1921 99
1922 93
1923 94
1924 80
1925 74
1926 68
1927 62
1928 57
1929 54
1930 58
1931 54
1932 65
1933 38
1934 56
1935 52
1936 43
1937 46
1938 56
1939 39
1940 42
1941 37
1942 34
1943 31
1944 30
1945 32
1946 36
1947 33
1948 17
1949 31
1950 38
1951 30
1952 24
1953 22
1954 18
1955 15
1956 37
1957 18
1958 23
1959 30
1960 30
1961 25
1962 23
1963 34
1964 31
1965 27
1966 27
1967 32
1968 25
1969 27
1970 32
1971 31
1972 33
1973 32
1974 32
1975 35
1976 32
1977 39
1978 31
1979 48
1980 28
1981 35
1982 37
1983 37
1984 39
1985 25
1986 37
1987 35
1988 33
1989 34
1990 33
1991 31
1992 28
1993 28
1994 29
1995 24
1996 30
1997 36
1998 28
1999 34
2000 34
2001 31
2002 32
2003 26
2004 23
2005 47
2006 36
2007 27
2008 36
2009 35
2010 34
2011 39
2012 41
2013 34
2014 37
2015 29
2016 32
2017 34
2018 32
2019 21
2020 22
2021 31
2022 23
2023 29
2024 27
2025 25
2026 21
2027 30
2028 35
2029 29
2030 18
2031 34
2032 24
2033 31
2034 27
2035 25
2036 23
2037 27
2038 20
2039 27
2040 28
2041 27
2042 22
2043 24
2044 22
2045 20
2046 25
2047 16
2048 23
2049 14
2050 19
2051 21
2052 16
2053 19
2054 23
2055 20
2056 15
2057 14
2058 20
2059 13
2060 14
2061 17
2062 15
2063 17
2064 15
2065 15
2066 8
2067 15
2068 24
2069 15
2070 13
2071 22
2072 10
2073 17
2074 19
2075 10
2076 14
2077 17
2078 14
2079 13
2080 11
2081 15
2082 12
2083 15
2084 15
2085 13
2086 13
2087 21
2088 15
2089 13
2090 6
2091 10
2092 15
2093 11
2094 8
2095 10
2096 13
2097 8
2098 4
2099 14
2100 6
2101 6
2102 10
2103 15
2104 8
2105 14
2106 8
2107 8
2108 4
2109 6
2110 4
2111 11
2112 6
2113 11
2114 5
2115 4
2116 4
2117 8
2118 3
2119 3
2120 1
2121 4
2122 2
2123 3
2124 5
2125 2
2126 2
2127 4
2128 2
2129 2
2130 6
2131 7
2132 4
2133 2
2134 1
2135 6
2136 5
2137 4
2138 8
2139 8
2140 2
2141 5
2142 5
2143 5
2144 8
2145 6
2146 5
2147 2
2148 7
2149 2
2150 3
2151 5
2152 1
2153 4
2154 4
2155 7
2156 4
2157 3
2158 4
2159 4
2160 4
2161 1
2162 10
2163 2
2164 3
2165 4
2166 5
2167 4
2168 4
2169 2
2170 5
2171 3
2172 1
2173 6
2174 6
2175 4
2176 6
2177 6
2178 5
2180 7
2181 4
2182 2
2183 6
2184 1
2185 3
2186 1
2187 4
2188 2
2189 5
2190 7
2191 2
2192 3
2193 1
2194 2
2195 2
2196 5
2197 2
2198 4
2199 2
2200 2
2201 2
2202 2
2203 4
2204 3
2205 3
2206 4
2207 3
2208 3
2209 4
2210 2
2211 6
2212 3
2213 2
2214 5
2215 4
2217 3
2218 3
2219 1
2220 3
2222 3
2223 4
2224 2
2225 2
2226 1
2227 3
2228 1
2229 1
2230 3
2231 2
2232 4
2233 4
2235 7
2236 4
2237 2
2239 3
2240 2
2241 6
2242 2
2243 1
2244 5
2245 4
2247 3
2248 2
2249 3
2250 2
2251 2
2252 2
2253 3
2254 4
2255 1
2256 2
2257 3
2258 5
2259 1
2260 3
2261 6
2262 2
2263 2
2264 1
2265 8
2266 5
2267 2
2268 2
2269 1
2270 1
2271 5
2272 8
2273 6
2274 4
2275 7
2276 2
2277 3
2278 6
2279 4
2280 4
2281 5
2282 5
2283 4
2284 4
2286 3
2287 3
2288 3
2289 1
2290 1
2291 2
2292 4
2293 1
2294 2
2295 1
2297 2
2298 2
2299 3
2300 3
2301 4
2302 5
2303 6
2304 2
2305 2
2306 1
2307 3
2308 1
2309 5
2310 3
2311 3
2312 2
2313 3
2314 1
2315 2
2316 3
2317 3
2318 1
2319 1
2320 2
2322 3
2324 2
2325 2
2327 2
2328 4
2329 2
2330 1
2331 2
2333 4
2334 4
2335 3
2336 1
2337 5
2339 5
2340 1
2341 6
2342 1
2343 4
2344 2
2345 1
2346 4
2347 1
2348 3
2349 3
2350 4
2353 1
2354 1
2355 3
2357 2
2358 3
2359 2
2360 3
2361 2
2362 1
2363 1
2364 5
2365 1
2366 4
2367 3
2369 2
2370 1
2371 5
2372 5
2373 3
2374 2
2375 3
2376 3
2377 1
2378 4
2379 2
2380 1
2381 7
2382 5
2383 1
2384 3
2385 4
2386 1
2387 6
2388 2
2389 5
2390 1
2391 2
2392 4
2393 2
2394 6
2395 4
2396 1
2397 4
2398 4
2399 8
2400 6
2401 1
2402 4
2403 4
2404 1
2405 5
2406 4
2407 4
2408 4
2409 2
2410 3
2411 3
2412 1
2413 3
2415 2
2416 4
2417 1
2418 1
2420 3
2421 1
2424 4
2425 1
2427 2
2428 4
2429 2
2430 2
2431 1
2433 2
2434 1
2435 3
2436 2
2437 1
2439 1
2440 2
2441 2
2442 2
2443 1
2444 1
2445 1
2446 2
2447 1
2448 3
2449 1
2450 1
2451 1
2452 2
2453 2
2454 3
2455 4
2456 2
2457 4
2458 1
2459 3
2460 1
2461 6
2462 2
2463 4
2464 2
2465 1
2466 2
2467 2
2468 2
2469 2
2470 3
2471 5
2472 3
2473 2
2474 1
2477 4
2478 1
2479 1
2480 1
2481 2
2482 3
2484 3
2485 3
2486 3
2488 1
2490 1
2491 2
2492 2
2493 1
2494 4
2495 1
2496 2
2497 2
2498 3
2499 1
2500 3
2502 3
2503 4
2504 3
2505 3
2506 4
2507 4
2509 2
2510 1
2511 2
2512 1
2513 2
2514 3
2515 2
2517 1
2518 3
2520 2
2521 2
2522 3
2525 1
2526 2
2527 3
2528 1
2532 1
2533 3
2534 1
2536 1
2539 1
2541 1
2542 4
2543 3
2546 1
2547 1
2548 1
2549 1
2552 1
2553 2
2554 1
2555 1
2556 2
2557 1
2559 1
2564 4
2565 3
2567 3
2568 1
2569 3
2571 2
2572 1
2573 2
2574 4
2575 1
2576 5
2577 1
2579 1
2581 2
2582 1
2583 1
2584 1
2586 3
2587 2
2588 1
2590 2
2591 4
2592 3
2593 1
2594 1
2595 4
2597 2
2599 4
2601 1
2602 3
2603 3
2604 7
2605 2
2606 2
2607 1
2608 4
2609 1
2610 2
2611 3
2612 3
2613 2
2614 2
2615 1
2619 1
2620 1
2621 1
2623 1
2626 1
2627 1
2629 3
2630 4
2633 3
2634 3
2638 2
2639 1
2640 2
2641 1
2643 2
2644 2
2645 1
2646 1
2647 2
2651 1
2652 1
2655 1
2657 2
2658 2
2659 3
2660 1
2661 1
2662 4
2663 2
2664 4
2665 3
2666 1
2667 2
2669 4
2670 3
2671 3
2672 3
2673 5
2674 3
2675 2
2676 1
2677 2
2679 1
2680 2
2681 2
2682 2
2683 1
2684 1
2686 1
2687 2
2689 1
2691 1
2692 2
2693 3
2694 1
2695 3
2696 1
2697 1
2698 1
2699 1
2701 2
2703 1
2706 2
2707 2
2708 5
2710 2
2711 2
2712 3
2715 4
2716 1
2717 1
2718 1
2719 1
2721 3
2722 4
2723 2
2724 3
2725 1
2726 4
2727 1
2728 1
2729 3
2731 2
2732 3
2733 1
2734 5
2735 1
2736 1
2738 2
2740 1
2742 1
2743 1
2745 1
2748 2
2749 1
2751 1
2752 1
2754 3
2755 1
2756 1
2757 1
2758 2
2759 2
2760 2
2762 2
2763 5
2764 2
2765 1
2767 2
2768 1
2769 2
2770 3
2772 1
2774 1
2775 1
2776 2
2777 1
2778 1
2780 1
2781 1
2782 1
2783 1
2786 2
2787 1
2788 1
2790 1
2794 2
2795 2
2796 2
2797 2
2800 2
2802 1
2805 1
2807 1
2808 5
2809 2
2810 1
2811 1
2812 3
2813 1
2814 1
2815 2
2817 2
2818 2
2819 2
2820 2
2821 2
2822 2
2823 3
2824 1
2825 1
2826 4
2827 1
2828 1
2829 3
2830 3
2831 2
2832 3
2833 2
2834 3
2835 1
2836 1
2837 2
2839 2
2842 1
2843 2
2845 1
2847 2
2848 4
2849 2
2850 1
2851 2
2852 3
2855 2
2856 1
2859 1
2860 3
2863 2
2864 1
2866 1
2867 1
2868 1
2869 1
2871 1
2875 2
2878 1
2879 1
2880 2
2881 3
2883 2
2885 1
2887 2
2888 1
2889 2
2890 2
2891 2
2892 1
2893 1
2894 1
2895 3
2896 3
2897 1
2898 1
2899 1
2900 1
2901 1
2902 2
2903 1
2905 1
2906 2
2908 2
2910 1
2912 1
2913 1
2914 1
2917 2
2919 1
2921 1
2927 1
2928 2
2929 3
2930 2
2931 1
2932 2
2934 1
2936 4
2937 2
2939 2
2940 2
2942 2
2943 2
2944 2
2945 2
2946 3
2948 2
2949 2
2950 1
2951 1
2955 1
2957 1
2960 1
2961 1
2965 1
2969 1
2976 1
2977 1
2980 2
2982 3
2983 1
2986 2
2988 2
2991 1
2992 1
2995 3
2996 1
2997 1
2998 2
3001 2
3002 1
3004 1
3006 1
3007 1
3009 2
3012 1
3014 1
3016 1
3017 1
3018 1
3020 1
3021 1
3022 1
3026 2
3027 1
3028 1
3029 1
3031 3
3034 1
3035 1
3036 1
3037 1
3040 1
3041 1
3042 1
3043 2
3044 1
3045 1
3048 1
3049 1
3050 1
3051 1
3057 1
3059 1
3062 1
3066 1
3067 1
3070 1
3071 1
3073 3
3077 2
3079 1
3083 2
3085 2
3087 1
3089 1
3091 1
3093 1
3094 1
3095 1
3097 1
3101 1
3102 2
3105 1
3108 1
3109 1
3110 1
3111 1
3114 1
3115 1
3120 1
3123 2
3124 1
3125 2
3129 1
3131 2
3132 2
3133 1
3134 1
3135 1
3136 1
3137 3
3138 2
3139 1
3143 3
3145 2
3147 1
3152 1
3153 1
3157 3
3158 1
3159 1
3161 1
3163 1
3168 1
3169 1
3174 1
3175 1
3176 1
3177 1
3179 1
3181 1
3182 1
3186 3
3187 2
3189 1
3194 1
3201 1
3205 2
3206 1
3209 1
3211 2
3212 1
3213 1
3215 1
3218 1
3222 1
3223 1
3234 1
3235 1
3245 1
3249 1
3256 1
3262 1
3265 1
3267 1
3272 1
3279 1
3280 1
3282 1
3297 1
3303 1
3318 2
3329 1
3338 1
3340 1
3342 2
3345 1
3346 1
3348 2
3352 1
3353 1
3354 1
3360 1
3362 1
3363 2
3364 1
3366 3
3372 1
3378 1
3379 1
3380 2
3382 2
3383 1
3386 2
3388 1
3390 2
3391 1
3392 2
3393 1
3394 1
3396 1
3397 1
3399 2
3400 1
3401 2
3402 4
3404 1
3405 3
3406 2
3407 1
3408 1
3409 2
3410 4
3412 1
3413 3
3414 2
3415 2
3416 2
3417 3
3418 2
3419 4
3420 2
3421 4
3422 1
3423 2
3424 2
3425 3
3426 2
3427 1
3428 5
3429 2
3430 6
3431 1
3432 7
3433 1
3434 4
3435 3
3436 7
3437 10
3438 5
3439 7
3440 6
3441 4
3442 6
3443 5
3444 9
3445 4
3447 7
3448 4
3449 6
3450 7
3451 7
3452 10
3453 5
3454 3
3455 5
3456 11
3457 6
3458 10
3459 8
3460 15
3461 9
3462 12
3463 4
3464 8
3465 13
3466 20
3467 7
3468 14
3469 15
3470 13
3471 14
3472 11
3473 24
3474 14
3475 10
3476 14
3477 17
3478 14
3479 14
3480 16
3481 13
3482 16
3483 18
3484 19
3485 18
3486 27
3487 26
3488 21
3489 17
3490 22
3491 12
3492 19
3493 22
3494 26
3495 27
3496 21
3497 18
3498 10
3499 16
3500 25
3501 23
3502 15
3503 17
3504 22
3505 23
3506 25
3507 19
3508 19
3509 24
3510 23
3511 24
3512 23
3513 20
3514 34
3515 25
3516 28
3517 24
3518 29
3519 27
3520 40
3521 27
3522 20
3523 17
3524 23
3525 27
3526 40
3527 25
3528 39
3529 38
3530 33
3531 25
3532 27
3533 26
3534 30
3535 48
3536 56
3537 32
3538 29
3539 22
3540 30
3541 36
3542 35
3543 23
3544 27
3545 27
3546 35
3547 30
3548 28
3549 25
3550 21
3551 26
3552 31
3553 33
3554 30
3555 30
3556 33
3557 22
3558 41
3559 25
3560 25
3561 31
3562 25
3563 35
3564 29
3565 34
3566 26
3567 32
3568 24
3569 35
3570 30
3571 27
3572 28
3573 25
3574 31
3575 24
3576 30
3577 29
3578 31
3579 31
3580 33
3581 28
3582 26
3583 37
3584 28
3585 41
3586 32
3587 39
3588 28
3589 34
3590 32
3591 35
3592 31
3593 27
3594 23
3595 30
3596 25
3597 30
3598 18
3599 32
3600 28
3601 26
3602 31
3603 43
3604 29
3605 28
3606 25
3607 27
3608 26
3609 17
3610 33
3611 41
3612 31
3613 19
3614 37
3615 17
3616 26
3617 25
3618 21
3619 21
3620 27
3621 26
3622 25
3623 22
3624 20
3625 31
3626 20
3627 26
3628 18
3629 13
3630 14
3631 18
3632 13
3633 17
3634 14
3635 15
3636 10
3637 16
3638 11
3639 15
3640 9
3641 13
3642 9
3643 18
3644 12
3645 8
3646 15
3647 18
3648 12
3649 12
3650 9
3651 7
3652 4
3653 13
3654 8
3655 10
3656 15
3657 9
3658 8
3659 11
3660 10
3661 6
3662 10
3663 8
3664 7
3665 6
3666 10
3667 9
3668 2
3669 5
3670 2
3671 9
3672 8
3673 2
3674 4
3675 10
3676 10
3677 6
3678 5
3679 8
3680 6
3681 4
3682 4
3683 4
3684 3
3685 5
3686 6
3687 2
3688 2
3689 1
3690 5
3691 7
3692 5
3693 1
3694 3
3695 2
3696 1
3697 6
3698 7
3699 3
3700 2
3701 4
3702 4
3703 4
3704 4
3705 3
3706 2
3707 4
3708 6
3709 3
3710 4
3711 5
3712 7
3713 5
3714 3
3715 1
3716 1
3717 5
3718 4
3719 5
3720 2
3721 1
3722 4
3723 4
3724 4
3725 3
3726 2
3727 1
3728 1
3729 1
3730 2
3732 2
3733 1
3734 1
3736 1
3738 1
3739 2
3740 1
3741 1
3742 2
3743 1
3745 1
3746 2
3748 1
3751 1
3753 1
3757 1
3762 2
3764 2
3770 1
3772 1
3774 1
3775 3
3776 1
3777 1
3779 1
3780 1
3783 1
3789 1
3792 1
3805 1
3809 1
3817 1
3820 2
3822 3
3828 1
3837 1
3840 1
3843 1
3845 1
3887 1
3893 1
3902 1
3903 1
3906 1
3909 1
3912 1
3924 1
3927 1
3928 1
3941 1
3949 1
3951 2
3952 1
3956 1
3966 1
3979 1
3980 1
3981 1
3985 1
3991 1
3992 1
3993 1
3994 1
3997 1
3998 2
4004 1
4012 1
4017 1
4018 1
4019 1
4020 1
4021 1
4022 1
4023 1
4025 1
4026 1
4027 1
4029 2
4030 1
4033 1
4036 1
4040 1
4042 1
4045 2
4046 2
4047 1
4049 1
4051 1
4053 1
4055 1
4058 1
4060 3
4062 1
4064 1
4089 1
4090 2
4100 1
4103 1
4116 1
4119 2
4121 1
4125 1
4126 1
4128 1
4132 3
4133 2
4135 1
4139 2
4152 1
4157 1
4162 1
4163 1
4177 1
4184 1
4192 1
4204 2
4207 1
4209 4
4210 1
4212 1
4215 1
4218 1
4219 1
4220 1
4222 1
4226 1
4227 2
4229 2
4230 2
4231 2
4232 1
4233 1
4234 3
4236 3
4237 2
4239 2
4240 1
4241 1
4242 2
4243 1
4246 1
4247 1
4248 3
4249 2
4250 1
4251 1
4253 2
4255 1
4256 1
4257 1
4258 1
4259 1
4260 1
4261 2
4262 3
4263 2
4265 1
4266 3
4267 1
4268 1
4269 3
4271 1
4272 1
4273 1
4274 1
4276 1
4277 1
4278 1
4279 1
4281 2
4283 1
4292 1
4293 1
4299 1
4300 1
4302 1
4308 1
4309 1
4311 1
4312 3
4314 2
4316 1
4317 1
4319 2
4321 2
4323 1
4324 1
4326 2
4330 1
4331 1
4333 2
4334 2
4336 1
4338 1
4339 2
4341 4
4342 1
4343 1
4344 1
4346 1
4347 2
4348 1
4349 2
4350 1
4351 2
4353 1
4355 1
4356 1
4361 2
4362 1
4364 1
4367 1
4369 1
4371 1
4374 4
4379 2
4384 1
4388 1
4389 1
4395 1
4401 1
4402 1
4404 1
4406 2
4410 2
4411 2
4414 1
4415 1
4417 1
4420 1
4422 1
4423 1
4424 1
4425 1
4427 1
4431 2
4433 2
4434 1
4438 1
4439 1
4441 1
4444 2
4476 2
4482 1
4499 1
4503 1
4517 1
4518 1
4519 1
4525 1
4568 1
4571 1
4574 1
4576 1
4579 1
4584 1
4587 1
4588 1
4589 1
4590 2
4593 3
4595 1
4596 1
4597 3
4598 1
4601 1
4603 1
4605 1
4606 1
4607 2
4608 1
4609 1
4610 1
4612 1
4614 2
4615 1
4616 2
4617 1
4620 1
4622 1
4624 4
4626 1
4628 1
4630 1
4633 1
4634 1
4639 1
4642 1
4643 2
4647 1
4650 1
4656 1
4658 1
4659 1
4668 1
4669 1
4671 2
4672 1
4677 1
4678 1
4680 1
4682 2
4685 2
4686 1
4688 1
4690 1
4692 1
4694 1
4695 1
4697 2
4701 1
4702 1
4704 4
4709 1
4714 1
4715 1
4722 1
4726 1
4745 1
4748 1
4767 1
4775 1
4776 1
4785 2
4800 1
4807 1
4819 1
4823 2
4824 1
4830 2
4834 1
4841 1
4845 1
4846 1
4851 1
4853 2
4857 1
4859 1
4872 1
4875 2
4876 1
4877 1
4878 2
4879 1
4880 1
4891 1
4894 1
4895 2
4898 1
4902 1
4912 1
4913 1
4923 1
4928 1
4929 1
4930 1
4934 1
4936 2
4941 1
4942 1
4943 1
4945 1
4951 1
4957 1
4960 1
4961 2
4962 1
4963 2
4966 1
4967 2
4968 1
5141 1
5145 1
5146 1
5147 1
5150 1
5153 1
5155 1
5156 1
5157 1
5158 2
5161 1
5165 2
5166 1
5167 2
5170 1
5173 1
5184 1
5185 1
5196 2
5200 1
5201 1
5202 2
5206 1
5207 2
5210 1
5213 1
5216 2
5219 1
5223 1
5225 1
5227 1
5228 1
5230 1
5231 1
5233 1
5234 1
5235 1
5236 1
5237 4
5238 1
5241 1
5242 2
5243 1
5246 2
5247 3
5248 2
5249 1
5250 1
5251 4
5253 3
5254 1
5255 1
5257 1
5259 2
5262 1
5265 2
5267 1
5268 2
5269 1
5270 2
5271 2
5273 1
5275 1
5277 2
5278 1
5279 2
5280 1
5282 1
5284 1
5285 1
5286 3
5287 2
5288 1
5289 1
5290 2
5291 1
5292 6
5293 2
5294 1
5295 1
5297 1
5298 2
5300 2
5301 1
5302 1
5303 1
5304 1
5305 3
5307 1
5308 2
5309 5
5310 1
5311 1
5312 4
5313 4
5314 2
5315 1
5316 1
5317 3
5318 2
5319 2
5320 1
5321 3
5322 1
5323 5
5324 1
5325 1
5326 1
5327 3
5328 1
5329 1
5330 2
5331 2
5334 1
5335 2
5336 1
5338 1
5339 2
5340 2
5341 2
5342 4
5343 1
5344 1
5345 2
5346 1
5347 1
5348 1
5349 2
5353 2
5354 2
5356 2
5357 1
5358 2
5359 1
5361 3
5362 1
5363 1
5364 2
5366 4
5371 3
5375 3
5378 2
5379 1
5380 3
5381 1
5383 1
5384 1
5385 2
5390 1
5391 1
5393 1
5395 1
5396 1
5402 1
5409 2
5412 2
5413 2
5420 1
5424 1
5425 1
5427 1
5430 1
5432 1
5438 1
5442 1
5443 2
5444 3
5446 1
5447 1
5448 1
5449 2
5451 1
5452 2
5455 2
5459 1
5460 3
5466 1
5467 1
5469 1
5470 1
5471 1
5472 1
5473 1
5474 1
5475 2
5476 2
5480 1
5483 1
5486 1
5489 1
5491 1
5496 1
5497 1
5498 1
5500 1
5501 1
5503 1
5505 2
5506 1
5508 2
5512 2
5513 1
5516 1
5518 2
5521 1
5546 2
5550 1
5567 1
5594 1
5595 1
5642 1
5651 1
5679 1
5685 1
5717 1
5728 1
5730 1
5732 2
5739 1
5742 1
5743 1
5751 1
5784 1
5804 1
5814 1
5826 1
5838 1
5844 1
5846 1
5883 1
5890 1
5891 1
5898 1
5901 1
5903 1
5904 1
5906 1
5908 1
5910 1
5911 1
5913 1
5914 1
5915 2
5916 2
5917 2
5918 3
5921 4
5923 2
5925 3
5926 1
5928 2
5929 1
5930 1
5931 2
5932 1
5933 2
5935 1
5936 3
5939 1
5942 1
5946 1
5947 2
5952 2
5953 1
5956 2
5958 1
5960 1
5962 2
5965 1
5979 1
5982 2
5985 1
5986 1
5987 1
5991 1
5994 2
5997 1
5998 1
5999 1
6000 2
6004 1
6005 1
6006 1
6011 1
6014 1
6015 1
6019 1
6021 2
6023 1
6027 1
6028 3
6029 1
6033 2
6035 1
6036 1
6040 1
6051 1
6054 1
6058 1
6065 2
6069 1
6079 2
6089 1
6095 1
6099 1
6100 1
6110 1
6115 1
6136 1
6139 1
6147 1
6149 1
6166 1
6168 1
6171 1
6178 1
6187 1
6888 1
6902 1
6919 1
6920 1
6927 1
6942 1
6943 1
6949 1
6952 1
6976 1
6980 1
6985 1
6990 1
7002 1
7007 1
7017 1
7022 1
7023 1
7025 1
7028 1
7029 1
7030 1
7032 1
7036 1
7037 1
7043 1
7044 1
7045 1
7046 1
7047 1
7052 1
7053 1
7055 2
7057 1
7060 1
7062 1
7064 2
7066 1
7067 1
7071 2
7072 1
7074 1
7076 1
7078 1
7079 2
7085 1
7092 1
7094 1
7097 2
7103 1
7104 1
7105 1
7116 1
7119 1
7123 1
7124 1
7125 1
7128 1
7148 1
7158 1
7232 1
7255 1
7269 2
7270 1
7274 2
7275 1
7279 1
7474 1
7477 1
7487 1
8235 1
8239 1
8241 1
8496 1
8503 1
8511 1
8658 1
8714 1
8722 1
8729 1
8737 1
8741 1
8774 1
8781 1
8787 1
8805 1
8823 1
8825 1
8829 1
8830 1
8840 1
8847 1
8849 2
8863 1
8873 1
8896 1
8926 1
8936 1
8942 1
10001 61
