1 15942796
2 12532837
3 9121979
4 6940913
5 5644308
6 4854767
7 4279777
8 3757974
9 3221322
10 2697854
11 2228730
12 1836946
13 1550638
14 1351440
15 1213011
16 1125144
17 1054050
18 985751
19 909321
20 823855
21 723816
22 618202
23 514328
24 422672
25 343333
26 276873
27 229948
28 195856
29 174415
30 166171
31 164489
32 167451
33 176404
34 186110
35 198987
36 214859
37 232079
38 250711
39 267694
40 289136
41 306677
42 327066
43 347197
44 363560
45 378946
46 389979
47 398881
48 406043
49 409738
50 412459
51 414046
52 414802
53 416557
54 416706
55 419081
56 421492
57 424497
58 426466
59 430056
60 432193
61 433428
62 431178
63 423240
64 413414
65 404071
66 388535
67 372128
68 353956
69 332912
70 312345
71 291442
72 271394
73 252477
74 236828
75 224124
76 213650
77 206176
78 202235
79 200498
80 200437
81 202108
82 204312
83 208525
84 213647
85 217079
86 222044
87 222480
88 222893
89 221019
90 217696
91 213039
92 205844
93 198252
94 187868
95 176456
96 165033
97 151691
98 138597
99 125710
100 112884
101 99875
102 88940
103 77041
104 67368
105 58032
106 50003
107 43313
108 37662
109 33743
110 31160
111 29128
112 27963
113 27884
114 28616
115 30893
116 33639
117 37203
118 42474
119 48551
120 54859
121 62415
122 70912
123 80946
124 90860
125 101918
126 113091
127 124993
128 139013
129 151796
130 166441
131 180620
132 195027
133 208887
134 223895
135 236715
136 252315
137 265063
138 277871
139 291286
140 301935
141 312631
142 322074
143 331519
144 337441
145 344179
146 350626
147 355707
148 360677
149 362920
150 364613
151 364880
152 363062
153 362009
154 357431
155 354821
156 350636
157 346112
158 341081
159 336644
160 330186
161 323185
162 316274
163 308142
164 299984
165 292652
166 285023
167 277667
168 269447
169 261217
170 253317
171 243253
172 235494
173 226149
174 218528
175 209991
176 199509
177 189518
178 181570
179 173237
180 163692
181 154664
182 145841
183 137961
184 129726
185 120533
186 112187
187 104601
188 95753
189 88629
190 81826
191 74785
192 68384
193 62120
194 56810
195 51206
196 46714
197 42005
198 38016
199 33989
200 30530
201 27641
202 25122
203 22437
204 20395
205 18226
206 16529
207 15297
208 13808
209 13030
210 12224
211 11355
212 11045
213 10358
214 10102
215 9808
216 9675
217 9305
218 9091
219 9048
220 8850
221 8808
222 8612
223 8624
224 8482
225 8371
226 7980
227 8088
228 7953
229 7743
230 7471
231 7269
232 7014
233 6824
234 6420
235 6179
236 5989
237 5591
238 5256
239 5037
240 4429
241 4518
242 4079
243 3895
244 3568
245 3131
246 2960
247 2824
248 2772
249 2533
250 2449
251 2311
252 2167
253 2167
254 2150
255 2007
256 1999
257 1908
258 1868
259 1906
260 1794
261 1950
262 1837
263 1987
264 1960
265 1977
266 2018
267 2032
268 1987
269 1981
270 2138
271 2162
272 2246
273 2221
274 2268
275 2226
276 2230
277 2195
278 2188
279 2146
280 2094
281 2159
282 2072
283 2072
284 2012
285 2090
286 2013
287 2004
288 1938
289 1855
290 1923
291 1806
292 1853
293 1858
294 1876
295 1853
296 1819
297 1794
298 1794
299 1735
300 1782
301 1716
302 1731
303 1669
304 1548
305 1618
306 1572
307 1463
308 1461
309 1395
310 1466
311 1359
312 1287
313 1405
314 1272
315 1201
316 1279
317 1294
318 1245
319 1253
320 1099
321 1190
322 1152
323 1194
324 1171
325 1109
326 1027
327 1053
328 971
329 1013
330 984
331 960
332 972
333 990
334 977
335 926
336 867
337 922
338 885
339 820
340 857
341 821
342 848
343 768
344 793
345 777
346 764
347 758
348 684
349 711
350 680
351 684
352 715
353 699
354 713
355 682
356 675
357 650
358 666
359 606
360 605
361 574
362 534
363 569
364 505
365 520
366 474
367 427
368 468
369 437
370 428
371 415
372 364
373 345
374 352
375 299
376 304
377 291
378 291
379 268
380 230
381 215
382 217
383 223
384 216
385 216
386 178
387 196
388 179
389 167
390 152
391 142
392 139
393 129
394 141
395 140
396 102
397 111
398 122
399 99
400 106
401 125
402 110
403 108
404 109
405 96
406 107
407 124
408 125
409 113
410 133
411 127
412 98
413 110
414 116
415 113
416 104
417 132
418 148
419 123
420 136
421 121
422 137
423 167
424 162
425 140
426 163
427 163
428 183
429 150
430 175
431 173
432 157
433 180
434 183
435 187
436 190
437 184
438 177
439 180
440 185
441 165
442 190
443 207
444 200
445 206
446 173
447 185
448 201
449 197
450 196
451 177
452 178
453 180
454 181
455 210
456 206
457 191
458 181
459 196
460 202
461 183
462 193
463 192
464 199
465 209
466 209
467 212
468 209
469 180
470 190
471 185
472 196
473 160
474 195
475 189
476 178
477 175
478 189
479 181
480 147
481 175
482 184
483 160
484 161
485 176
486 163
487 154
488 158
489 160
490 179
491 184
492 180
493 139
494 190
495 177
496 177
497 170
498 196
499 170
500 185
501 194
502 176
503 166
504 146
505 125
506 128
507 173
508 141
509 161
510 164
511 162
512 158
513 146
514 150
515 170
516 165
517 163
518 155
519 193
520 156
521 169
522 178
523 171
524 169
525 185
526 172
527 182
528 187
529 175
530 197
531 154
532 183
533 191
534 179
535 180
536 160
537 165
538 178
539 158
540 177
541 171
542 182
543 184
544 183
545 199
546 191
547 171
548 182
549 134
550 160
551 177
552 164
553 157
554 140
555 146
556 149
557 155
558 140
559 138
560 143
561 140
562 146
563 146
564 122
565 137
566 122
567 126
568 111
569 131
570 121
571 109
572 123
573 131
574 115
575 114
576 128
577 101
578 107
579 133
580 120
581 114
582 93
583 123
584 119
585 119
586 136
587 114
588 141
589 115
590 144
591 143
592 139
593 118
594 101
595 124
596 97
597 100
598 100
599 109
600 103
601 95
602 87
603 107
604 72
605 89
606 97
607 109
608 107
609 98
610 98
611 100
612 96
613 75
614 68
615 87
616 84
617 86
618 73
619 77
620 84
621 57
622 65
623 65
624 80
625 83
626 68
627 69
628 55
629 57
630 49
631 62
632 51
633 57
634 67
635 47
636 63
637 57
638 65
639 54
640 60
641 54
642 68
643 42
644 59
645 57
646 51
647 48
648 37
649 57
650 41
651 34
652 29
653 29
654 41
655 36
656 31
657 29
658 33
659 36
660 25
661 29
662 45
663 31
664 25
665 40
666 31
667 21
668 31
669 27
670 33
671 30
672 35
673 37
674 34
675 25
676 24
677 29
678 33
679 32
680 29
681 37
682 36
683 25
684 24
685 37
686 30
687 26
688 37
689 35
690 34
691 36
692 38
693 45
694 57
695 60
696 49
697 45
698 51
699 65
700 48
701 73
702 57
703 84
704 86
705 68
706 67
707 82
708 76
709 60
710 77
711 84
712 81
713 94
714 80
715 58
716 96
717 102
718 61
719 95
720 67
721 73
722 90
723 90
724 69
725 81
726 77
727 87
728 82
729 66
730 78
731 66
732 71
733 66
734 74
735 85
736 68
737 90
738 76
739 95
740 84
741 74
742 73
743 106
744 92
745 99
746 86
747 89
748 84
749 77
750 73
751 80
752 63
753 81
754 76
755 74
756 84
757 78
758 58
759 61
760 71
761 77
762 73
763 75
764 74
765 77
766 70
767 60
768 77
769 62
770 73
771 81
772 67
773 74
774 66
775 67
776 70
777 63
778 61
779 61
780 69
781 67
782 63
783 58
784 55
785 50
786 50
787 60
788 46
789 55
790 49
791 51
792 55
793 38
794 52
795 43
796 47
797 37
798 49
799 36
800 39
801 38
802 35
803 31
804 22
805 39
806 33
807 27
808 24
809 35
810 32
811 30
812 41
813 49
814 26
815 35
816 50
817 44
818 42
819 32
820 37
821 36
822 33
823 32
824 35
825 35
826 25
827 35
828 32
829 30
830 24
831 35
832 28
833 35
834 37
835 31
836 36
837 30
838 34
839 26
840 38
841 26
842 27
843 18
844 35
845 18
846 37
847 31
848 26
849 28
850 26
851 32
852 37
853 27
854 28
855 34
856 31
857 22
858 16
859 15
860 14
861 26
862 18
863 21
864 24
865 24
866 20
867 23
868 19
869 19
870 18
871 21
872 17
873 17
874 18
875 8
876 11
877 24
878 14
879 13
880 20
881 12
882 6
883 12
884 12
885 15
886 14
887 22
888 13
889 15
890 6
891 16
892 17
893 18
894 18
895 17
896 11
897 23
898 20
899 15
900 13
901 13
902 17
903 18
904 25
905 26
906 23
907 22
908 28
909 23
910 17
911 17
912 18
913 20
914 27
915 21
916 17
917 23
918 25
919 16
920 16
921 23
922 18
923 17
924 18
925 24
926 21
927 22
928 20
929 11
930 7
931 17
932 11
933 11
934 7
935 13
936 19
937 21
938 11
939 11
940 13
941 14
942 17
943 10
944 6
945 7
946 7
947 10
948 8
949 12
950 14
951 12
952 10
953 14
954 11
955 15
956 13
957 20
958 12
959 20
960 21
961 15
962 10
963 12
964 13
965 17
966 8
967 9
968 10
969 13
970 12
971 15
972 8
973 11
974 10
975 10
976 16
977 16
978 19
979 15
980 15
981 13
982 20
983 22
984 18
985 24
986 23
987 23
988 17
989 19
990 16
991 24
992 21
993 19
994 14
995 20
996 18
997 12
998 18
999 19
1000 12
1001 14
1002 23
1003 11
1004 18
1005 20
1006 12
1007 8
1008 11
1009 7
1010 12
1011 16
1012 17
1013 16
1014 21
1015 13
1016 15
1017 19
1018 14
1019 13
1020 11
1021 14
1022 13
1023 12
1024 14
1025 20
1026 18
1027 20
1028 16
1029 11
1030 17
1031 9
1032 12
1033 11
1034 15
1035 13
1036 12
1037 3
1038 8
1039 10
1040 10
1041 9
1042 11
1043 16
1044 11
1045 14
1046 7
1047 13
1048 18
1049 15
1050 19
1051 11
1052 18
1053 20
1054 27
1055 18
1056 14
1057 20
1058 14
1059 19
1060 20
1061 15
1062 13
1063 19
1064 7
1065 15
1066 14
1067 16
1068 24
1069 19
1070 15
1071 17
1072 17
1073 15
1074 15
1075 16
1076 11
1077 15
1078 13
1079 11
1080 11
1081 12
1082 9
1083 13
1084 8
1085 8
1086 8
1087 13
1088 6
1089 8
1090 7
1091 3
1092 7
1093 4
1094 4
1095 2
1096 6
1097 11
1098 7
1099 8
1100 11
1101 10
1102 12
1103 8
1104 18
1105 5
1106 10
1107 12
1108 7
1109 17
1110 8
1111 18
1112 11
1113 12
1114 9
1115 14
1116 6
1117 15
1118 14
1119 12
1120 6
1121 9
1122 7
1123 9
1124 10
1125 18
1126 14
1127 15
1128 9
1129 13
1130 17
1131 12
1132 10
1133 10
1134 11
1135 11
1136 13
1137 14
1138 14
1139 12
1140 13
1141 11
1142 11
1143 11
1144 18
1145 13
1146 18
1147 12
1148 25
1149 11
1150 7
1151 10
1152 14
1153 10
1154 12
1155 17
1156 19
1157 17
1158 10
1159 12
1160 13
1161 16
1162 19
1163 14
1164 12
1165 8
1166 14
1167 11
1168 8
1169 12
1170 13
1171 16
1172 13
1173 9
1174 6
1175 13
1176 13
1177 7
1178 14
1179 6
1180 6
1181 6
1182 7
1183 18
1184 10
1185 13
1186 15
1187 11
1188 13
1189 17
1190 17
1191 9
1192 8
1193 5
1194 10
1195 9
1196 11
1197 7
1198 6
1199 11
1200 19
1201 9
1202 15
1203 9
1204 7
1205 7
1206 3
1207 3
1208 7
1209 5
1210 8
1211 5
1212 10
1213 10
1214 3
1215 4
1216 8
1217 9
1218 9
1219 4
1220 3
1221 5
1222 6
1223 5
1224 10
1225 6
1226 7
1227 7
1228 9
1229 6
1230 5
1231 8
1232 3
1233 3
1234 5
1235 6
1236 4
1237 2
1238 6
1239 3
1240 1
1241 4
1242 3
1243 3
1244 2
1245 4
1246 6
1247 7
1248 3
1249 2
1250 3
1251 4
1252 2
1253 3
1254 6
1255 6
1256 11
1257 7
1258 1
1259 4
1260 9
1261 4
1262 7
1263 5
1264 3
1265 5
1266 6
1267 2
1268 5
1269 4
1270 3
1271 3
1272 2
1273 2
1274 6
1275 3
1276 3
1277 3
1278 5
1279 6
1280 3
1281 4
1282 1
1283 5
1284 4
1285 1
1286 2
1287 9
1288 4
1289 6
1290 3
1291 1
1292 4
1293 4
1294 6
1295 2
1296 4
1297 5
1298 8
1299 9
1300 5
1301 6
1302 5
1303 9
1304 5
1305 2
1306 6
1307 2
1308 4
1309 5
1310 4
1311 9
1312 5
1313 6
1314 5
1315 4
1316 7
1318 5
1319 1
1320 4
1321 3
1322 2
1323 2
1324 6
1325 4
1326 4
1327 4
1328 10
1329 5
1330 5
1331 5
1332 3
1333 8
1334 9
1335 7
1336 5
1337 2
1338 4
1339 6
1340 4
1341 3
1342 3
1343 3
1344 2
1345 6
1346 2
1347 4
1348 5
1349 2
1350 2
1352 2
1353 6
1355 2
1356 3
1357 4
1358 4
1359 5
1360 2
1361 1
1362 4
1363 3
1364 1
1365 4
1366 1
1367 2
1368 2
1369 3
1370 7
1371 2
1372 2
1373 2
1374 3
1375 1
1376 2
1377 2
1378 2
1380 2
1381 1
1382 2
1383 2
1385 3
1386 3
1387 1
1388 4
1389 5
1390 3
1391 2
1392 2
1393 2
1394 3
1395 3
1397 2
1399 1
1400 3
1401 5
1402 3
1403 1
1404 3
1405 3
1406 1
1407 2
1409 1
1410 2
1411 1
1412 3
1413 1
1414 2
1415 2
1416 1
1417 2
1418 1
1419 3
1420 3
1421 2
1422 3
1423 3
1424 5
1425 4
1426 4
1427 4
1428 3
1429 2
1430 3
1431 1
1432 2
1433 3
1434 2
1435 1
1436 1
1439 4
1440 2
1441 1
1442 5
1443 3
1444 5
1445 3
1446 1
1447 1
1448 5
1449 1
1450 1
1451 3
1452 1
1453 2
1454 1
1455 3
1456 2
1457 3
1458 3
1459 4
1460 3
1461 2
1463 3
1464 1
1465 1
1466 2
1468 2
1469 2
1470 1
1471 3
1472 2
1473 2
1474 1
1475 2
1477 3
1478 2
1479 3
1480 2
1481 1
1482 1
1483 3
1484 2
1485 2
1486 2
1487 2
1488 3
1489 2
1490 8
1491 4
1492 5
1493 4
1494 3
1495 1
1496 2
1497 5
1498 4
1499 4
1500 3
1501 4
1502 4
1503 4
1505 1
1506 1
1507 2
1508 2
1509 2
1511 2
1512 3
1514 2
1515 2
1516 3
1517 1
1518 1
1519 1
1520 3
1521 1
1525 2
1527 2
1529 1
1530 1
1532 1
1534 2
1535 5
1536 1
1537 3
1539 4
1540 3
1541 1
1542 2
1543 2
1544 2
1546 1
1547 5
1548 3
1550 4
1551 1
1552 1
1553 2
1554 3
1555 3
1556 7
1557 1
1558 7
1559 5
1560 3
1561 6
1562 6
1563 4
1564 5
1565 7
1566 6
1567 5
1568 3
1569 3
1570 2
1571 5
1572 5
1573 6
1574 9
1575 4
1576 3
1577 1
1579 5
1580 2
1581 3
1582 1
1583 3
1584 2
1585 1
1586 3
1588 2
1589 1
1590 2
1594 1
1595 2
1596 1
1598 1
1599 1
1600 2
1601 2
1602 1
1606 1
1608 2
1609 2
1610 2
1611 2
1612 1
1613 2
1614 2
1619 1
1622 1
1623 1
1624 3
1625 2
1626 4
1627 1
1628 3
1630 2
1631 1
1632 2
1633 2
1634 4
1635 5
1636 2
1637 3
1638 3
1639 2
1640 4
1641 5
1642 4
1643 7
1644 2
1645 7
1646 1
1647 3
1648 6
1649 8
1650 5
1651 2
1652 5
1653 4
1654 5
1655 7
1656 7
1657 7
1658 5
1659 4
1660 2
1661 5
1662 4
1663 7
1664 6
1665 6
1666 8
1667 4
1668 4
1669 3
1670 5
1671 4
1672 4
1673 3
1674 4
1675 5
1676 1
1677 3
1678 1
1679 5
1680 4
1681 6
1682 3
1683 5
1684 4
1685 9
1686 3
1687 3
1688 1
1689 7
1690 3
1691 3
1692 3
1693 3
1694 5
1695 6
1696 5
1697 5
1698 7
1699 4
1700 4
1701 5
1702 8
1703 7
1704 4
1705 4
1706 5
1707 2
1708 6
1709 7
1710 6
1711 4
1712 4
1713 4
1714 8
1715 6
1716 4
1717 2
1718 1
1719 2
1720 2
1721 3
1722 2
1723 2
1724 2
1725 3
1726 2
1728 2
1730 1
1732 2
1733 3
1734 3
1736 3
1737 2
1738 2
1739 3
1740 4
1741 4
1742 6
1745 3
1746 1
1747 4
1748 2
1749 1
1750 4
1751 1
1752 2
1753 4
1754 2
1755 1
1756 3
1757 2
1758 1
1760 3
1761 2
1762 2
1763 2
1765 1
1766 1
1767 2
1769 1
1770 1
1771 1
1772 1
1774 3
1776 4
1777 2
1778 3
1780 1
1781 5
1782 1
1783 4
1784 3
1785 2
1786 6
1787 4
1788 2
1789 3
1790 6
1791 3
1792 3
1793 4
1794 1
1795 2
1796 1
1797 6
1798 5
1799 2
1800 4
1801 5
1802 2
1803 1
1804 5
1805 2
1806 3
1807 3
1808 5
1809 4
1810 1
1811 2
1812 1
1813 4
1814 2
1815 1
1816 3
1817 3
1818 4
1819 5
1820 2
1821 1
1822 1
1823 3
1824 2
1825 1
1826 1
1827 2
1828 4
1829 3
1830 1
1831 5
1832 4
1833 1
1834 4
1835 4
1836 1
1838 3
1839 1
1840 5
1841 4
1842 4
1843 5
1844 2
1845 1
1846 1
1847 1
1848 1
1849 1
1850 4
1851 3
1852 5
1853 1
1854 2
1855 2
1856 2
1857 1
1858 4
1859 4
1860 1
1862 1
1864 4
1866 2
1867 1
1868 2
1870 2
1871 3
1872 4
1873 3
1874 2
1875 3
1876 2
1877 2
1878 2
1880 8
1881 3
1882 5
1883 4
1884 2
1885 3
1886 1
1887 5
1888 5
1889 6
1890 2
1891 2
1892 6
1893 6
1894 2
1895 2
1896 4
1897 5
1898 7
1899 5
1900 5
1901 3
1902 4
1903 2
1904 4
1905 5
1906 5
1907 4
1908 4
1909 6
1910 4
1911 5
1912 6
1913 1
1914 3
1915 6
1916 5
1917 2
1918 2
1919 4
1920 1
1921 2
1922 2
1923 3
1924 3
1925 3
1926 3
1927 2
1928 6
1929 1
1930 1
1931 4
1932 1
1933 3
1934 2
1935 2
1937 2
1938 4
1940 1
1941 4
1942 1
1943 1
1944 2
1945 2
1947 2
1948 2
1949 2
1950 2
1951 1
1952 1
1953 1
1954 3
1956 2
1958 1
1959 3
1960 1
1961 1
1962 1
1963 4
1964 1
1965 4
1966 1
1967 3
1968 2
1969 3
1970 1
1971 3
1972 4
1974 3
1975 2
1977 3
1978 3
1979 2
1980 1
1982 6
1983 2
1984 2
1985 2
1986 4
1987 5
1988 2
1989 3
1990 6
1991 6
1992 2
1993 5
1994 1
1995 5
1996 2
1997 3
1998 2
1999 4
2000 4
2001 6
2002 5
2003 4
2004 5
2005 7
2006 1
2007 7
2008 3
2009 9
2010 6
2011 2
2012 4
2013 3
2014 5
2015 3
2016 9
2017 2
2018 3
2019 3
2020 2
2022 3
2024 1
2025 4
2026 2
2027 7
2028 7
2030 6
2031 4
2032 3
2033 3
2034 3
2035 2
2036 5
2037 2
2038 6
2039 4
2040 3
2041 5
2042 5
2043 4
2044 2
2045 4
2046 5
2047 3
2048 5
2049 6
2050 7
2051 4
2052 7
2053 7
2054 6
2055 6
2056 3
2057 10
2058 6
2059 8
2060 4
2061 10
2062 8
2063 1
2064 3
2065 3
2066 8
2067 2
2068 7
2069 4
2070 7
2071 11
2072 3
2073 4
2074 13
2075 18
2076 4
2077 5
2078 5
2079 7
2080 5
2081 6
2082 6
2083 3
2084 6
2085 5
2086 11
2087 5
2088 9
2089 7
2090 8
2091 8
2092 8
2093 4
2094 6
2095 10
2096 4
2097 8
2098 2
2099 8
2100 3
2101 6
2102 4
2103 2
2104 3
2105 3
2106 2
2107 1
2108 1
2109 2
2110 2
2112 2
2113 2
2114 4
2115 1
2116 5
2117 3
2118 3
2119 1
2120 1
2121 5
2122 2
2123 6
2124 1
2125 5
2126 5
2127 2
2128 2
2129 4
2130 5
2131 2
2132 2
2133 4
2134 3
2135 1
2136 2
2137 1
2139 1
2140 2
2141 7
2142 2
2143 1
2144 3
2145 2
2146 6
2147 4
2148 2
2149 1
2150 7
2151 1
2152 4
2153 1
2154 3
2155 4
2156 5
2157 2
2158 3
2160 1
2161 5
2162 5
2163 3
2164 3
2165 3
2166 2
2167 7
2168 5
2169 3
2170 1
2171 3
2174 5
2175 1
2176 5
2177 1
2178 3
2179 2
2180 2
2181 1
2182 3
2183 2
2184 2
2185 2
2186 2
2187 3
2188 1
2189 2
2191 2
2192 1
2193 1
2198 2
2199 1
2200 3
2201 2
2204 3
2205 3
2206 3
2208 1
2209 5
2210 2
2211 3
2212 3
2213 4
2214 2
2215 1
2216 3
2217 2
2218 3
2219 6
2220 3
2221 1
2222 4
2224 2
2225 1
2228 5
2229 2
2231 3
2232 3
2233 1
2234 2
2235 1
2236 3
2237 1
2238 1
2239 1
2240 2
2241 3
2242 2
2243 1
2244 2
2245 4
2246 3
2247 5
2248 3
2249 4
2251 2
2252 2
2253 1
2254 1
2255 2
2256 1
2257 1
2258 2
2259 1
2262 1
2267 1
2268 1
2270 1
2271 1
2273 1
2274 1
2279 1
2280 1
2285 1
2290 1
2296 1
2302 1
2303 1
2305 1
2307 2
2313 1
2314 2
2315 1
2316 1
2317 2
2318 2
2319 2
2320 1
2321 1
2322 3
2323 2
2324 1
2327 1
2328 1
2329 1
2330 1
2333 1
2334 1
2335 1
2336 1
2338 1
2340 2
2341 4
2342 1
2346 2
2347 1
2349 1
2350 1
2353 1
2354 1
2357 2
2358 1
2362 1
2366 2
2367 1
2368 3
2369 1
2372 1
2378 1
2379 1
2382 1
2386 1
2393 3
2395 1
2398 1
2399 3
2400 1
2404 2
2406 2
2407 1
2408 1
2410 1
2412 1
2414 1
2421 1
2422 1
2425 1
2428 2
2435 1
2438 1
2439 1
2443 1
2444 2
2447 1
2448 1
2449 1
2453 2
2455 1
2456 1
2459 1
2460 2
2462 1
2463 1
2465 1
2469 1
2472 2
2473 1
2474 1
2476 1
2477 1
2478 1
2486 2
2487 1
2490 1
2491 2
2492 1
2496 1
2497 1
2498 1
2506 1
2508 2
2515 1
2517 1
2518 2
2522 1
2527 1
2528 1
2534 1
2536 2
2539 1
2540 1
2551 1
2558 1
2564 1
2566 1
2567 1
2574 1
2581 1
2585 1
2615 1
2620 1
2628 1
2629 2
2636 1
2642 1
2643 1
2644 2
2647 1
2648 1
2652 1
2670 1
2678 1
2680 1
2681 1
2686 1
2692 1
2699 1
2713 2
2716 1
2718 3
2719 2
2723 1
2725 1
2728 1
2731 2
2734 1
2739 1
2742 1
2745 1
2747 1
2751 1
2752 1
2753 2
2757 1
2759 1
2762 2
2763 1
2764 1
2765 1
2768 2
2771 1
2773 1
2775 1
2777 1
2782 1
2783 1
2786 1
2809 1
2811 1
2820 1
2822 2
2843 1
2845 1
2848 1
2850 1
2857 1
2858 1
2860 1
2862 1
2864 1
2876 1
2879 2
2917 1
2921 1
2922 1
2924 1
2926 1
2928 1
2935 1
2944 1
2953 1
2963 1
2969 1
2970 1
2971 1
2973 1
2975 1
2977 1
2979 1
2981 1
3094 1
3103 1
3109 1
3110 4
3114 2
3115 1
3116 3
3117 1
3120 1
3121 1
3124 1
3126 1
3143 1
3152 1
3159 1
3184 1
3255 1
3261 1
3262 1
3263 1
3265 1
3268 1
3270 1
3272 1
3274 1
3275 1
3303 1
3447 1
3455 1
3459 1
3460 1
3462 2
3471 1
3473 1
3474 1
3475 2
3477 2
3481 1
3487 1
3500 1
3623 1
3627 1
3628 1
3635 1
3638 1
3640 1
3642 1
3649 1
3677 1
3743 1
3744 1
3745 1
3759 1
3773 2
3784 1
3808 1
3814 1
3820 1
3825 1
3828 1
3830 1
3831 1
3876 1
3924 1
3933 1
3939 1
3959 1
3963 1
3973 1
3974 1
4014 1
4109 1
4255 1
4256 1
4344 1
4352 1
4358 1
4359 1
4367 1
4370 1
4381 1
4386 1
4393 1
4425 1
4517 1
4519 1
4557 1
4567 1
4638 1
4655 1
4691 1
4703 1
4709 2
4712 1
4713 1
4714 2
4718 1
4721 1
4723 1
4731 1
4768 1
4771 1
4773 1
4776 1
4779 1
4788 1
4794 1
4805 1
4824 1
4869 2
4874 1
4887 1
4892 1
4896 1
4900 1
4901 1
4902 1
4977 1
5014 1
5019 1
5022 1
5023 1
5032 1
5033 1
5034 1
5038 1
5040 1
5041 1
5042 1
5043 1
5049 1
5056 1
5063 2
5066 1
5067 1
5071 1
5079 1
5159 1
5173 1
5174 1
5179 1
5183 1
5257 1
5317 1
5318 2
5327 1
5413 1
5775 1
5783 1
5866 1
5874 1
5876 1
5879 1
5942 1
6029 1
6033 1
6041 2
6042 1
6044 1
6048 1
6050 1
6056 1
6057 1
6065 1
6081 1
6107 1
6141 1
6207 1
6223 1
6224 1
6237 1
6258 1
6261 1
6436 1
6443 1
6957 1
6979 1
6987 1
6990 1
6992 1
6995 1
7016 2
7020 2
7025 1
7028 1
7032 1
7038 1
7051 2
7053 1
7261 1
7448 1
9966 1
10001 16
