1 22019412
2 9340322
3 4450603
4 2494826
5 1699274
6 1306478
7 1043751
8 877144
9 816884
10 839013
11 915674
12 998274
13 1071660
14 1110594
15 1115320
16 1091429
17 1046846
18 994253
19 943385
20 889626
21 842931
22 793863
23 743103
24 685659
25 628102
26 563970
27 501912
28 441933
29 388479
30 340923
31 301066
32 271474
33 248149
34 233359
35 224313
36 218629
37 216095
38 215979
39 215508
40 215752
41 217762
42 219044
43 221415
44 224883
45 227845
46 231507
47 232530
48 235122
49 236767
50 237122
51 236615
52 234697
53 232863
54 231098
55 230672
56 229938
57 229231
58 227668
59 227565
60 227653
61 227492
62 227457
63 224790
64 220193
65 213590
66 206221
67 196985
68 186360
69 175466
70 161221
71 146963
72 130447
73 116591
74 101296
75 88767
76 76904
77 64643
78 54766
79 44863
80 36571
81 29885
82 23946
83 19404
84 15367
85 12095
86 9259
87 7519
88 5845
89 4616
90 3822
91 3189
92 2774
93 2337
94 2036
95 1890
96 1687
97 1567
98 1505
99 1439
100 1401
101 1370
102 1233
103 1196
104 1235
105 1197
106 1242
107 1096
108 1087
109 1049
110 948
111 947
112 884
113 877
114 777
115 828
116 751
117 716
118 724
119 677
120 736
121 649
122 697
123 727
124 755
125 689
126 697
127 672
128 696
129 697
130 681
131 749
132 747
133 686
134 666
135 592
136 576
137 567
138 588
139 623
140 580
141 488
142 538
143 518
144 532
145 537
146 510
147 507
148 475
149 489
150 451
151 459
152 446
153 461
154 429
155 371
156 306
157 302
158 301
159 269
160 263
161 255
162 273
163 243
164 220
165 179
166 182
167 202
168 185
169 192
170 193
171 198
172 197
173 175
174 191
175 202
176 223
177 223
178 231
179 232
180 237
181 241
182 250
183 228
184 226
185 248
186 271
187 300
188 316
189 311
190 308
191 290
192 322
193 275
194 324
195 319
196 324
197 339
198 296
199 318
200 325
201 305
202 273
203 247
204 229
205 237
206 224
207 204
208 231
209 192
210 221
211 184
212 208
213 203
214 200
215 174
216 203
217 194
218 190
219 171
220 166
221 173
222 147
223 142
224 127
225 135
226 116
227 125
228 118
229 106
230 123
231 93
232 101
233 79
234 86
235 73
236 69
237 94
238 57
239 81
240 71
241 77
242 76
243 83
244 41
245 64
246 58
247 50
248 57
249 59
250 71
251 68
252 74
253 60
254 60
255 65
256 53
257 54
258 52
259 69
260 64
261 63
262 66
263 75
264 69
265 62
266 82
267 88
268 93
269 63
270 72
271 89
272 75
273 70
274 73
275 72
276 64
277 57
278 45
279 70
280 62
281 62
282 73
283 90
284 115
285 138
286 141
287 193
288 194
289 196
290 257
291 281
292 390
293 422
294 511
295 609
296 750
297 855
298 994
299 1191
300 1405
301 1602
302 1857
303 2065
304 2350
305 2667
306 2999
307 3421
308 4021
309 4365
310 4918
311 5575
312 6148
313 7022
314 7782
315 8639
316 9336
317 10487
318 11627
319 12851
320 13943
321 15241
322 16549
323 17703
324 19369
325 20745
326 22403
327 24080
328 25766
329 27559
330 29039
331 30899
332 33165
333 35050
334 37260
335 39194
336 41181
337 43667
338 45075
339 47151
340 49062
341 50792
342 53160
343 55055
344 56759
345 57924
346 60162
347 61951
348 63667
349 65310
350 67092
351 69246
352 70197
353 71747
354 73459
355 74807
356 76460
357 77692
358 78915
359 80361
360 81583
361 83224
362 84840
363 84457
364 86323
365 86219
366 87448
367 88241
368 88496
369 89001
370 89139
371 89581
372 89892
373 90096
374 89364
375 89282
376 88315
377 88043
378 87280
379 87157
380 86685
381 85333
382 84717
383 82958
384 81420
385 80844
386 78539
387 76237
388 74913
389 72669
390 70451
391 68060
392 65597
393 63393
394 60720
395 58512
396 55517
397 52798
398 50596
399 48007
400 45554
401 43011
402 40905
403 38405
404 35753
405 33796
406 31418
407 29269
408 27360
409 25511
410 23475
411 21766
412 20104
413 18827
414 16905
415 15557
416 14469
417 13064
418 11721
419 10899
420 9899
421 8861
422 8183
423 7281
424 6731
425 5971
426 5342
427 4863
428 4410
429 3889
430 3426
431 3020
432 2692
433 2447
434 2153
435 1794
436 1634
437 1335
438 1127
439 981
440 858
441 793
442 708
443 621
444 519
445 434
446 377
447 304
448 283
449 244
450 200
451 202
452 166
453 166
454 143
455 123
456 92
457 96
458 106
459 105
460 81
461 73
462 69
463 62
464 64
465 44
466 57
467 51
468 45
469 42
470 42
471 33
472 44
473 31
474 31
475 39
476 32
477 41
478 28
479 34
480 41
481 41
482 21
483 33
484 29
485 19
486 17
487 19
488 23
489 16
490 16
491 24
492 20
493 23
494 26
495 26
496 33
497 43
498 35
499 40
500 37
501 55
502 50
503 59
504 54
505 39
506 46
507 43
508 47
509 47
510 43
511 44
512 30
513 29
514 34
515 34
516 42
517 34
518 28
519 39
520 33
521 31
522 38
523 23
524 31
525 35
526 37
527 20
528 24
529 15
530 20
531 20
532 16
533 18
534 19
535 26
536 18
537 17
538 25
539 39
540 24
541 26
542 25
543 28
544 31
545 18
546 16
547 17
548 12
549 11
550 15
551 9
552 19
553 13
554 13
555 12
556 13
557 13
558 6
559 9
560 6
561 11
562 7
563 10
564 14
565 9
566 13
567 8
568 11
569 9
570 18
571 23
572 15
573 15
574 15
575 16
576 7
577 9
578 7
579 5
580 7
581 15
582 3
583 14
584 13
585 7
586 11
587 14
588 6
589 6
590 12
591 12
592 8
593 6
594 9
595 11
596 11
597 11
598 9
599 8
600 10
601 6
602 7
603 6
604 11
605 8
606 13
607 4
608 12
609 10
610 8
611 3
612 7
613 6
614 6
615 12
616 10
617 8
618 10
619 5
620 12
621 10
622 4
623 10
624 12
625 7
626 7
627 7
628 7
629 13
630 5
631 13
632 14
633 14
634 14
635 16
636 17
637 19
638 23
639 20
640 30
641 29
642 34
643 39
644 47
645 32
646 40
647 36
648 45
649 49
650 52
651 51
652 64
653 61
654 55
655 68
656 49
657 64
658 60
659 64
660 76
661 70
662 75
663 80
664 82
665 82
666 86
667 88
668 84
669 112
670 114
671 129
672 91
673 114
674 98
675 101
676 119
677 139
678 143
679 131
680 139
681 179
682 172
683 197
684 161
685 194
686 205
687 194
688 181
689 183
690 207
691 205
692 214
693 232
694 251
695 225
696 223
697 230
698 268
699 250
700 252
701 271
702 243
703 264
704 272
705 310
706 281
707 253
708 290
709 295
710 251
711 274
712 263
713 259
714 288
715 276
716 277
717 250
718 263
719 271
720 278
721 287
722 245
723 267
724 276
725 286
726 301
727 277
728 298
729 292
730 236
731 277
732 311
733 263
734 281
735 315
736 293
737 296
738 282
739 276
740 281
741 268
742 275
743 275
744 238
745 296
746 274
747 277
748 276
749 259
750 296
751 280
752 288
753 269
754 257
755 266
756 237
757 281
758 265
759 258
760 236
761 269
762 254
763 236
764 271
765 239
766 249
767 227
768 222
769 212
770 233
771 270
772 231
773 256
774 261
775 263
776 235
777 204
778 235
779 228
780 201
781 189
782 171
783 189
784 191
785 175
786 172
787 148
788 155
789 168
790 131
791 139
792 146
793 119
794 142
795 137
796 151
797 104
798 120
799 124
800 84
801 90
802 100
803 87
804 97
805 69
806 68
807 71
808 69
809 67
810 69
811 73
812 50
813 65
814 44
815 49
816 51
817 52
818 43
819 41
820 27
821 33
822 19
823 27
824 33
825 23
826 19
827 16
828 30
829 25
830 23
831 27
832 19
833 30
834 25
835 22
836 29
837 19
838 23
839 22
840 22
841 23
842 11
843 14
844 14
845 12
846 11
847 1
848 10
849 6
850 8
851 9
852 12
853 10
854 16
855 13
856 22
857 19
858 22
859 20
860 15
861 24
862 21
863 21
864 16
865 21
866 11
867 20
868 14
869 9
870 12
871 13
872 13
873 9
874 8
875 17
876 13
877 15
878 12
879 11
880 15
881 7
882 10
883 13
884 12
885 8
886 8
887 13
888 8
889 7
890 15
891 11
892 9
893 8
894 9
895 14
896 7
897 7
898 7
899 9
900 8
901 9
902 10
903 13
904 11
905 8
906 9
907 19
908 8
909 10
910 9
911 13
912 8
913 10
914 6
915 6
916 3
917 3
918 8
919 2
920 7
921 8
922 13
923 4
924 7
925 9
926 4
927 4
928 4
929 6
930 4
931 7
932 4
933 2
934 6
935 5
936 7
937 4
938 6
939 3
940 5
941 6
942 6
943 11
944 5
945 6
946 7
947 2
948 7
949 11
950 9
951 2
952 8
953 8
954 8
955 10
956 12
957 7
958 12
959 8
960 10
961 8
962 16
963 5
964 5
965 13
966 8
967 13
968 9
969 20
970 8
971 15
972 17
973 20
974 19
975 24
976 19
977 15
978 16
979 19
980 23
981 14
982 25
983 24
984 21
985 24
986 30
987 32
988 26
989 37
990 39
991 40
992 40
993 42
994 43
995 46
996 49
997 59
998 67
999 56
1000 66
1001 51
1002 52
1003 71
1004 69
1005 71
1006 70
1007 77
1008 81
1009 79
1010 80
1011 84
1012 88
1013 72
1014 83
1015 83
1016 94
1017 83
1018 79
1019 101
1020 89
1021 105
1022 115
1023 113
1024 107
1025 105
1026 102
1027 103
1028 109
1029 106
1030 103
1031 116
1032 104
1033 114
1034 105
1035 95
1036 103
1037 119
1038 108
1039 111
1040 100
1041 105
1042 114
1043 123
1044 103
1045 118
1046 113
1047 107
1048 93
1049 89
1050 93
1051 95
1052 103
1053 120
1054 90
1055 105
1056 97
1057 96
1058 104
1059 99
1060 98
1061 84
1062 88
1063 116
1064 111
1065 126
1066 121
1067 117
1068 93
1069 134
1070 121
1071 107
1072 127
1073 114
1074 111
1075 110
1076 105
1077 103
1078 105
1079 88
1080 101
1081 96
1082 86
1083 69
1084 72
1085 67
1086 75
1087 65
1088 69
1089 67
1090 69
1091 68
1092 69
1093 59
1094 52
1095 63
1096 64
1097 57
1098 53
1099 50
1100 58
1101 55
1102 59
1103 53
1104 56
1105 61
1106 44
1107 46
1108 47
1109 43
1110 42
1111 34
1112 40
1113 37
1114 43
1115 33
1116 38
1117 28
1118 35
1119 23
1120 19
1121 32
1122 35
1123 26
1124 21
1125 21
1126 23
1127 25
1128 20
1129 16
1130 19
1131 22
1132 17
1133 20
1134 20
1135 16
1136 21
1137 22
1138 13
1139 17
1140 23
1141 15
1142 15
1143 13
1144 14
1145 17
1146 14
1147 17
1148 10
1149 19
1150 19
1151 14
1152 17
1153 18
1154 16
1155 22
1156 26
1157 19
1158 18
1159 18
1160 23
1161 19
1162 29
1163 17
1164 16
1165 22
1166 18
1167 35
1168 22
1169 21
1170 25
1171 26
1172 19
1173 26
1174 11
1175 18
1176 14
1177 17
1178 20
1179 8
1180 20
1181 15
1182 11
1183 21
1184 8
1185 14
1186 6
1187 15
1188 12
1189 12
1190 21
1191 14
1192 8
1193 14
1194 9
1195 12
1196 10
1197 15
1198 9
1199 10
1200 8
1201 20
1202 15
1203 21
1204 20
1205 15
1206 12
1207 23
1208 15
1209 11
1210 18
1211 15
1212 16
1213 11
1214 14
1215 10
1216 11
1217 13
1218 9
1219 11
1220 16
1221 7
1222 8
1223 7
1224 12
1225 12
1226 10
1227 11
1228 7
1229 10
1230 9
1231 12
1232 9
1233 11
1234 19
1235 9
1236 10
1237 10
1238 7
1239 5
1240 8
1241 4
1242 7
1243 10
1244 4
1245 7
1246 9
1247 7
1248 8
1249 6
1250 17
1251 7
1252 7
1253 9
1254 6
1255 4
1256 6
1257 5
1258 2
1259 5
1260 6
1261 2
1262 4
1263 7
1264 3
1265 2
1266 5
1267 3
1268 3
1269 1
1270 4
1271 4
1272 3
1273 7
1274 2
1275 5
1276 3
1277 5
1278 3
1279 3
1280 3
1281 1
1282 2
1283 3
1284 2
1285 2
1286 1
1287 2
1288 1
1289 3
1290 2
1291 2
1292 3
1293 1
1294 1
1295 2
1296 1
1297 1
1298 2
1299 3
1300 2
1301 2
1302 1
1303 1
1305 1
1306 4
1307 3
1308 1
1309 1
1316 1
1321 2
1322 1
1323 5
1324 1
1325 3
1326 3
1327 2
1328 3
1329 2
1330 9
1331 5
1332 4
1333 7
1334 4
1335 6
1336 9
1337 3
1338 8
1339 7
1340 16
1341 7
1342 6
1343 13
1344 12
1345 5
1346 9
1347 12
1348 7
1349 12
1350 11
1351 11
1352 15
1353 13
1354 16
1355 18
1356 18
1357 9
1358 13
1359 18
1360 22
1361 30
1362 21
1363 27
1364 15
1365 11
1366 20
1367 26
1368 22
1369 27
1370 33
1371 27
1372 32
1373 32
1374 30
1375 31
1376 21
1377 32
1378 32
1379 29
1380 32
1381 34
1382 38
1383 32
1384 35
1385 29
1386 29
1387 35
1388 25
1389 23
1390 34
1391 39
1392 34
1393 26
1394 35
1395 19
1396 21
1397 15
1398 32
1399 26
1400 34
1401 28
1402 31
1403 27
1404 34
1405 33
1406 29
1407 39
1408 32
1409 41
1410 39
1411 32
1412 38
1413 50
1414 43
1415 30
1416 50
1417 29
1418 31
1419 33
1420 45
1421 40
1422 43
1423 42
1424 43
1425 42
1426 45
1427 37
1428 31
1429 46
1430 34
1431 39
1432 32
1433 36
1434 26
1435 27
1436 34
1437 41
1438 28
1439 20
1440 32
1441 17
1442 31
1443 26
1444 33
1445 19
1446 30
1447 25
1448 26
1449 23
1450 25
1451 29
1452 23
1453 21
1454 26
1455 37
1456 33
1457 20
1458 22
1459 25
1460 33
1461 22
1462 32
1463 24
1464 30
1465 25
1466 31
1467 22
1468 19
1469 24
1470 36
1471 34
1472 22
1473 29
1474 15
1475 20
1476 18
1477 21
1478 19
1479 19
1480 17
1481 27
1482 21
1483 13
1484 22
1485 20
1486 29
1487 25
1488 24
1489 26
1490 31
1491 38
1492 27
1493 31
1494 33
1495 31
1496 27
1497 31
1498 44
1499 45
1500 27
1501 45
1502 37
1503 47
1504 31
1505 38
1506 29
1507 21
1508 33
1509 30
1510 32
1511 37
1512 31
1513 37
1514 41
1515 43
1516 29
1517 32
1518 39
1519 41
1520 33
1521 25
1522 27
1523 28
1524 28
1525 32
1526 27
1527 23
1528 17
1529 28
1530 26
1531 26
1532 30
1533 19
1534 31
1535 8
1536 23
1537 15
1538 14
1539 26
1540 14
1541 15
1542 16
1543 16
1544 19
1545 17
1546 15
1547 17
1548 13
1549 11
1550 15
1551 19
1552 19
1553 20
1554 21
1555 12
1556 18
1557 21
1558 20
1559 22
1560 15
1561 10
1562 11
1563 12
1564 16
1565 14
1566 14
1567 13
1568 9
1569 7
1570 11
1571 13
1572 7
1573 9
1574 9
1575 12
1576 16
1577 6
1578 10
1579 13
1580 10
1581 12
1582 10
1583 5
1584 5
1585 9
1586 4
1587 7
1588 7
1589 5
1590 6
1591 6
1592 5
1593 5
1594 8
1595 3
1596 4
1597 2
1598 1
1599 4
1600 3
1601 4
1602 4
1603 1
1604 1
1605 3
1606 2
1607 1
1611 5
1612 1
1615 4
1616 6
1617 5
1618 3
1619 4
1620 5
1621 1
1622 1
1623 2
1624 1
1625 2
1626 2
1627 2
1628 3
1629 1
1630 2
1632 3
1633 3
1637 1
1638 1
1642 2
1647 3
1648 2
1649 1
1650 2
1651 2
1652 3
1653 1
1654 3
1655 2
1656 4
1657 1
1658 1
1659 1
1660 4
1661 5
1662 4
1664 4
1665 1
1666 3
1667 7
1668 3
1669 3
1671 6
1672 3
1673 6
1674 2
1675 7
1676 6
1677 6
1678 10
1679 6
1680 6
1681 8
1682 6
1683 10
1684 12
1685 9
1686 7
1687 11
1688 8
1689 7
1690 3
1691 9
1692 7
1693 9
1694 6
1695 7
1696 14
1697 9
1698 13
1699 12
1700 17
1701 9
1702 15
1703 18
1704 13
1705 15
1706 17
1707 20
1708 20
1709 20
1710 21
1711 16
1712 15
1713 24
1714 14
1715 12
1716 20
1717 16
1718 18
1719 16
1720 19
1721 19
1722 22
1723 16
1724 21
1725 23
1726 22
1727 22
1728 26
1729 10
1730 21
1731 17
1732 18
1733 25
1734 26
1735 16
1736 25
1737 15
1738 26
1739 17
1740 16
1741 17
1742 21
1743 21
1744 18
1745 17
1746 17
1747 17
1748 23
1749 14
1750 11
1751 17
1752 19
1753 16
1754 28
1755 19
1756 21
1757 22
1758 17
1759 26
1760 27
1761 19
1762 28
1763 16
1764 21
1765 19
1766 17
1767 21
1768 17
1769 12
1770 18
1771 11
1772 22
1773 18
1774 24
1775 13
1776 15
1777 15
1778 18
1779 16
1780 13
1781 23
1782 20
1783 15
1784 16
1785 14
1786 13
1787 10
1788 12
1789 15
1790 15
1791 16
1792 17
1793 18
1794 10
1795 18
1796 15
1797 18
1798 13
1799 9
1800 10
1801 13
1802 10
1803 16
1804 12
1805 8
1806 12
1807 16
1808 14
1809 19
1810 13
1811 15
1812 12
1813 18
1814 16
1815 10
1816 6
1817 15
1818 4
1819 11
1820 17
1821 12
1822 10
1823 11
1824 6
1825 6
1826 6
1827 6
1828 7
1829 10
1830 6
1831 9
1832 13
1833 17
1834 13
1835 8
1836 6
1837 7
1838 7
1839 4
1840 9
1841 6
1842 5
1843 2
1844 3
1845 7
1846 3
1847 4
1848 5
1849 9
1850 13
1851 5
1852 1
1853 5
1854 3
1855 6
1856 10
1857 1
1858 7
1859 8
1860 7
1861 9
1862 9
1863 3
1864 5
1865 4
1866 2
1867 8
1868 4
1869 3
1870 5
1871 9
1872 6
1873 3
1874 11
1875 7
1876 13
1877 7
1878 5
1879 7
1880 6
1881 11
1882 13
1883 12
1884 5
1885 10
1886 6
1887 4
1888 5
1889 11
1890 8
1891 5
1892 14
1893 5
1894 6
1895 9
1896 8
1897 5
1898 13
1899 11
1900 4
1901 10
1902 10
1903 10
1904 11
1905 3
1906 12
1907 10
1908 12
1909 11
1910 8
1911 13
1912 8
1913 11
1914 9
1915 11
1916 9
1917 5
1918 9
1919 17
1920 6
1921 12
1922 7
1923 10
1924 10
1925 9
1926 14
1927 14
1928 12
1929 10
1930 12
1931 7
1932 15
1933 13
1934 12
1935 16
1936 21
1937 6
1938 5
1939 3
1940 12
1941 8
1942 17
1943 8
1944 15
1945 6
1946 10
1947 7
1948 13
1949 10
1950 4
1951 13
1952 16
1953 7
1954 8
1955 10
1956 8
1957 4
1958 6
1959 9
1960 8
1961 10
1962 8
1963 1
1964 9
1965 6
1966 5
1967 5
1968 6
1969 5
1970 6
1971 4
1972 5
1973 6
1974 3
1975 4
1976 3
1977 6
1978 5
1979 5
1980 9
1981 6
1982 4
1983 9
1984 6
1985 9
1986 8
1987 10
1988 7
1989 8
1990 7
1991 5
1992 7
1993 8
1994 9
1995 3
1996 5
1997 5
1998 5
1999 6
2000 3
2001 8
2002 4
2003 3
2004 1
2005 2
2006 3
2007 5
2008 5
2009 5
2010 3
2011 7
2012 7
2013 6
2014 9
2015 5
2016 10
2017 4
2018 8
2019 6
2020 10
2021 7
2022 10
2023 11
2024 11
2025 7
2026 6
2027 5
2028 3
2029 11
2030 9
2031 7
2032 7
2033 7
2034 10
2035 10
2036 10
2037 6
2038 5
2039 9
2040 9
2041 5
2042 11
2043 7
2044 10
2045 9
2046 8
2047 4
2048 13
2049 10
2050 12
2051 17
2052 7
2053 11
2054 13
2055 22
2056 18
2057 20
2058 13
2059 12
2060 13
2061 15
2062 12
2063 10
2064 16
2065 17
2066 21
2067 17
2068 25
2069 25
2070 18
2071 19
2072 7
2073 18
2074 26
2075 17
2076 23
2077 22
2078 23
2079 19
2080 18
2081 19
2082 17
2083 17
2084 14
2085 25
2086 22
2087 19
2088 13
2089 20
2090 26
2091 19
2092 28
2093 23
2094 20
2095 17
2096 22
2097 18
2098 17
2099 12
2100 23
2101 25
2102 24
2103 10
2104 12
2105 15
2106 23
2107 13
2108 15
2109 11
2110 13
2111 16
2112 12
2113 15
2114 9
2115 15
2116 16
2117 13
2118 12
2119 10
2120 11
2121 15
2122 11
2123 16
2124 13
2125 10
2126 9
2127 7
2128 10
2129 11
2130 8
2131 9
2132 5
2133 7
2134 13
2135 18
2136 4
2137 3
2138 10
2139 8
2140 6
2141 6
2142 21
2143 8
2144 8
2145 4
2146 8
2147 11
2148 9
2149 9
2150 11
2151 7
2152 9
2153 3
2154 8
2155 12
2156 10
2157 7
2158 6
2159 8
2160 5
2161 11
2162 7
2163 7
2164 9
2165 7
2166 5
2167 6
2168 7
2169 6
2170 4
2171 5
2172 5
2173 3
2174 8
2175 6
2176 4
2177 8
2178 3
2179 6
2180 6
2181 7
2182 6
2183 5
2184 11
2185 7
2186 3
2187 9
2188 6
2189 4
2190 2
2191 9
2192 2
2193 4
2194 4
2195 2
2196 4
2197 8
2198 8
2199 2
2200 4
2201 3
2202 1
2203 8
2204 7
2205 5
2206 6
2207 7
2208 6
2209 4
2210 2
2211 7
2212 2
2213 1
2214 5
2215 3
2216 5
2217 1
2218 3
2219 3
2220 4
2221 2
2222 2
2223 1
2225 1
2226 2
2227 3
2229 2
2230 3
2231 3
2232 1
2233 2
2234 2
2235 1
2236 3
2237 2
2238 1
2239 1
2240 3
2244 1
2245 1
2249 1
2252 1
2254 1
2255 1
2257 1
2258 1
2260 2
2261 2
2262 2
2263 2
2264 2
2265 1
2266 2
2267 1
2270 1
2273 1
2275 1
2276 3
2277 3
2278 2
2280 3
2282 1
2283 1
2287 4
2288 1
2289 2
2290 5
2291 4
2292 1
2293 3
2296 2
2297 2
2298 1
2299 1
2300 3
2301 1
2302 2
2303 2
2306 1
2307 4
2308 1
2309 2
2310 5
2312 5
2313 1
2314 3
2315 3
2316 2
2317 2
2318 1
2320 2
2321 5
2322 2
2323 1
2324 2
2325 1
2326 4
2327 3
2329 1
2330 2
2334 1
2335 4
2336 1
2337 2
2338 2
2340 2
2341 2
2342 2
2343 1
2345 5
2346 2
2348 1
2349 2
2350 1
2351 2
2352 2
2354 1
2355 2
2356 3
2357 1
2358 4
2360 2
2361 2
2362 2
2363 2
2364 2
2365 4
2367 2
2368 3
2369 3
2371 3
2372 1
2373 1
2374 1
2375 3
2376 3
2377 1
2378 3
2379 1
2380 2
2381 3
2382 2
2383 2
2384 5
2385 1
2386 1
2387 2
2388 5
2389 6
2390 2
2391 1
2392 4
2393 2
2394 2
2395 2
2396 3
2398 1
2399 1
2401 2
2402 1
2404 3
2405 1
2408 1
2409 1
2410 3
2411 4
2412 2
2413 1
2415 3
2416 3
2417 3
2418 3
2419 2
2420 1
2421 2
2422 2
2423 1
2424 3
2425 4
2427 1
2429 1
2430 2
2431 1
2432 2
2433 1
2435 1
2437 3
2438 2
2439 4
2440 1
2441 3
2442 2
2443 1
2444 2
2445 3
2446 1
2447 3
2448 1
2449 3
2450 2
2451 2
2452 2
2453 2
2454 4
2455 3
2456 8
2457 1
2458 2
2459 3
2460 1
2461 4
2462 5
2463 1
2464 4
2466 3
2467 2
2468 2
2469 2
2470 2
2471 2
2472 2
2473 1
2474 5
2477 2
2478 4
2479 1
2480 2
2481 3
2482 2
2483 2
2484 2
2486 4
2487 1
2488 1
2489 2
2490 1
2491 2
2492 2
2493 2
2494 2
2495 3
2497 1
2499 2
2500 1
2501 1
2502 1
2504 1
2506 1
2507 1
2508 1
2509 1
2513 1
2515 1
2516 1
2525 1
2527 1
2528 1
2529 1
2531 1
2533 2
2535 1
2543 1
2549 1
2551 1
2552 1
2553 3
2556 2
2557 1
2558 2
2562 1
2563 1
2564 1
2565 1
2568 1
2570 1
2574 1
2578 2
2582 1
2584 3
2587 1
2588 1
2590 2
2591 1
2593 3
2594 1
2595 1
2597 1
2598 1
2599 1
2600 1
2601 2
2602 4
2603 3
2608 2
2609 3
2612 2
2614 1
2615 2
2623 1
2633 1
2649 1
2654 1
2655 2
2657 1
2659 2
2660 1
2662 1
2666 1
2669 2
2670 3
2671 1
2672 1
2673 1
2674 2
2676 1
2679 1
2680 1
2683 1
2686 1
2698 1
2700 1
2707 1
2711 1
2715 1
2719 1
2722 1
2723 1
2726 2
2729 1
2730 1
2735 1
2736 4
2737 1
2741 1
2743 1
2747 1
2749 1
2753 1
2754 1
2755 2
2756 1
2760 1
2764 1
2765 2
2766 1
2767 1
2768 1
2769 1
2770 2
2771 1
2772 1
2774 2
2775 5
2776 6
2777 4
2778 4
2779 2
2780 1
2781 2
2782 4
2783 1
2784 2
2785 4
2786 3
2788 4
2789 3
2790 1
2791 2
2793 4
2794 1
2795 1
2796 2
2797 2
2798 2
2799 4
2800 2
2801 2
2802 3
2803 2
2804 1
2805 1
2806 2
2807 4
2808 2
2811 1
2812 3
2814 2
2815 1
2816 3
2819 1
2820 1
2821 5
2823 2
2824 2
2826 5
2827 2
2828 1
2829 3
2830 4
2832 4
2834 3
2835 2
2839 2
2840 1
2841 1
2842 2
2843 2
2844 1
2846 5
2847 1
2850 4
2851 1
2852 1
2853 3
2854 1
2855 2
2856 2
2858 3
2859 2
2861 1
2863 1
2864 1
2866 1
2867 1
2870 1
2872 1
2875 1
2876 1
2879 1
2885 1
2891 2
2892 1
2896 2
2899 1
2900 1
2903 1
2905 2
2907 1
2908 1
2911 1
2914 1
2917 1
2920 2
2921 1
2922 1
2924 1
2927 1
2933 1
2936 1
2939 1
2940 1
2941 1
2942 2
2963 2
2969 1
2973 1
2974 1
2976 1
2985 1
2988 1
2992 1
3011 1
3016 1
3020 1
3036 1
3040 1
3041 1
3052 2
3054 1
3056 1
3057 1
3063 1
3078 1
3080 1
3095 1
3100 1
3110 2
3114 1
3118 4
3119 2
3120 1
3121 3
3123 1
3125 2
3126 2
3127 5
3128 4
3129 3
3131 1
3132 1
3133 3
3134 3
3135 3
3136 1
3137 1
3138 1
3140 4
3141 3
3142 1
3143 2
3144 4
3145 1
3146 4
3147 2
3148 2
3149 3
3150 1
3151 6
3152 1
3153 2
3155 3
3156 1
3157 2
3160 1
3161 4
3162 2
3163 2
3164 1
3165 2
3166 1
3167 1
3168 1
3169 2
3170 2
3172 2
3173 2
3174 1
3175 3
3176 2
3177 1
3178 1
3179 2
3180 1
3183 2
3184 2
3185 1
3186 1
3187 2
3188 2
3189 2
3190 3
3192 2
3194 1
3195 2
3196 4
3198 3
3199 1
3200 2
3204 2
3205 3
3206 1
3207 1
3208 2
3212 1
3213 1
3214 1
3215 1
3216 2
3231 1
3243 1
3244 1
3245 1
3249 3
3251 1
3253 1
3262 1
3281 1
3292 1
3298 1
3304 1
3334 1
3354 1
3356 1
3358 1
3359 1
3365 1
3366 2
3370 1
3372 1
3375 1
3380 1
3381 1
3384 1
3394 1
3401 1
3402 1
3407 1
3408 1
3412 1
3414 1
3417 1
3420 1
3423 2
3424 1
3425 1
3426 1
3427 2
3429 1
3431 1
3432 1
3434 1
3435 3
3436 4
3439 1
3440 1
3441 3
3442 3
3444 2
3445 4
3446 3
3448 2
3450 1
3451 2
3452 1
3453 1
3454 2
3455 2
3456 1
3457 1
3458 3
3459 3
3461 1
3463 1
3465 1
3466 1
3467 1
3469 1
3471 1
3472 1
3474 1
3475 1
3476 2
3477 3
3478 4
3480 1
3481 1
3482 1
3483 1
3484 2
3485 1
3489 3
3491 4
3492 2
3493 1
3494 3
3495 1
3496 1
3497 1
3498 2
3499 3
3500 1
3501 2
3502 3
3503 3
3504 4
3505 2
3506 2
3507 2
3508 2
3509 3
3510 1
3513 3
3514 4
3515 2
3516 2
3517 1
3518 2
3520 2
3521 2
3522 3
3523 6
3525 1
3526 1
3527 3
3528 3
3529 3
3530 2
3531 4
3532 1
3533 2
3534 2
3535 1
3536 3
3537 1
3538 1
3539 1
3540 2
3541 3
3543 3
3544 1
3545 1
3546 3
3547 3
3548 2
3549 2
3550 8
3551 6
3553 2
3555 2
3556 6
3557 2
3558 1
3559 4
3560 4
3561 1
3562 1
3563 1
3564 1
3567 1
3568 1
3569 1
3570 2
3571 2
3572 3
3573 1
3574 2
3577 2
3580 2
3582 1
3584 1
3585 1
3586 1
3588 1
3595 1
3598 1
3602 1
3627 1
3637 1
3648 1
3651 1
3655 2
3658 1
3659 1
3667 1
3668 1
3678 1
3681 1
3685 1
3703 1
3729 1
3731 1
3735 1
3738 1
3739 2
3740 1
3742 2
3745 1
3748 1
3749 1
3750 1
3752 1
3753 1
3754 1
3755 1
3757 1
3758 3
3759 1
3766 1
3773 1
3774 1
3779 2
3781 3
3783 1
3784 3
3785 2
3787 3
3788 1
3789 3
3790 3
3793 2
3795 1
3796 1
3799 4
3800 5
3801 3
3802 4
3803 2
3804 3
3805 1
3806 7
3807 1
3808 4
3809 2
3810 4
3811 2
3812 3
3813 2
3814 3
3815 1
3816 2
3817 3
3818 3
3819 2
3820 5
3821 7
3822 3
3823 4
3824 2
3825 1
3826 1
3827 7
3828 2
3830 4
3831 6
3832 5
3833 1
3834 4
3835 2
3837 1
3838 3
3839 6
3840 2
3841 2
3842 3
3843 2
3844 1
3845 5
3846 1
3847 1
3848 3
3849 3
3850 2
3851 3
3852 3
3853 5
3854 5
3855 3
3856 3
3857 3
3858 4
3859 4
3860 4
3861 6
3862 5
3863 4
3864 2
3865 4
3866 5
3867 4
3868 7
3869 8
3870 4
3873 2
3874 5
3875 2
3876 1
3877 4
3878 3
3879 2
3881 5
3882 2
3883 2
3885 4
3886 4
3887 3
3888 6
3889 3
3890 1
3891 3
3893 3
3894 1
3895 2
3896 2
3897 6
3898 7
3899 7
3900 1
3901 3
3902 7
3904 1
3905 4
3906 3
3907 5
3908 2
3910 3
3911 2
3912 2
3913 1
3914 2
3915 4
3917 4
3918 6
3919 6
3920 2
3921 4
3922 2
3924 2
3925 4
3926 4
3927 4
3928 2
3929 1
3930 2
3931 5
3932 3
3933 1
3934 2
3935 3
3936 4
3937 3
3938 3
3939 1
3940 3
3941 1
3942 2
3943 3
3945 3
3947 2
3948 3
3949 2
3951 1
3952 1
3953 1
3954 2
3955 3
3956 1
3958 1
3960 1
3965 1
3966 1
3967 1
3968 1
3973 1
3981 1
3984 1
3986 1
3996 1
3997 2
4000 1
4004 1
4006 1
4008 1
4011 1
4013 1
4015 1
4040 1
4061 1
4066 1
4070 1
4075 1
4080 1
4082 1
4083 2
4084 1
4086 2
4088 1
4091 1
4095 2
4099 1
4103 1
4108 1
4109 1
4112 1
4144 1
4145 1
4147 2
4152 2
4156 1
4159 2
4161 1
4163 2
4167 2
4168 1
4169 1
4170 1
4175 1
4176 1
4179 1
4180 2
4181 1
4182 1
4184 1
4190 1
4196 1
4197 1
4200 1
4201 1
4202 2
4205 1
4207 4
4212 3
4214 2
4216 3
4217 3
4219 4
4220 1
4223 2
4224 2
4225 1
4226 1
4229 1
4230 1
4231 2
4232 1
4233 2
4234 2
4235 3
4236 1
4237 3
4239 2
4240 1
4241 1
4242 2
4243 2
4244 2
4245 4
4246 4
4247 3
4248 1
4249 3
4250 2
4251 1
4252 1
4254 5
4255 3
4256 1
4257 3
4258 1
4259 3
4260 3
4262 7
4263 4
4264 3
4266 4
4267 1
4269 3
4270 4
4271 2
4272 2
4273 1
4274 1
4275 3
4276 2
4277 3
4278 1
4279 3
4280 2
4281 2
4282 4
4283 1
4284 1
4285 3
4287 1
4288 4
4289 2
4290 2
4292 2
4293 5
4294 2
4295 3
4296 1
4297 2
4298 2
4299 2
4300 5
4301 1
4302 1
4304 2
4305 1
4306 3
4307 2
4308 2
4309 1
4311 1
4312 1
4313 2
4314 1
4315 2
4316 2
4326 1
4327 1
4344 1
4377 1
4382 1
4422 2
4424 1
4426 2
4430 3
4434 1
4435 2
4436 3
4437 1
4439 2
4441 1
4442 4
4443 3
4444 1
4445 2
4449 2
4451 1
4452 1
4458 1
4463 1
4464 1
4468 1
4471 1
4474 1
4477 1
4485 1
4487 1
4499 1
4504 1
4505 1
4508 3
4511 1
4512 2
4513 1
4514 3
4515 3
4516 2
4517 1
4519 2
4520 1
4521 2
4522 2
4523 2
4524 1
4525 1
4526 3
4528 2
4529 3
4530 4
4531 1
4533 5
4534 2
4535 1
4536 4
4537 3
4538 2
4539 2
4540 1
4541 2
4542 2
4543 3
4544 4
4545 5
4546 2
4547 6
4548 2
4549 2
4550 2
4551 4
4552 4
4553 3
4554 1
4555 3
4556 5
4557 4
4558 2
4559 2
4560 3
4561 3
4562 2
4563 5
4564 4
4565 1
4566 2
4568 1
4569 1
4570 4
4571 1
4572 3
4574 1
4575 1
4577 4
4578 3
4579 1
4580 1
4582 1
4583 3
4584 1
4585 1
4586 3
4587 1
4588 2
4589 1
4590 1
4591 1
4592 2
4593 3
4594 1
4596 2
4597 1
4598 4
4599 3
4600 2
4603 1
4604 2
4605 3
4606 4
4608 1
4610 2
4611 4
4612 1
4613 2
4614 1
4615 4
4617 1
4618 2
4619 2
4620 1
4621 5
4622 2
4623 3
4624 1
4626 1
4628 1
4629 3
4632 1
4633 2
4635 5
4636 2
4638 1
4639 2
4640 1
4642 2
4643 2
4645 2
4647 1
4648 1
4649 1
4650 3
4651 1
4652 1
4653 3
4654 1
4655 2
4656 1
4657 4
4658 4
4660 2
4661 1
4664 1
4665 1
4666 1
4668 1
4669 1
4671 1
4674 1
4675 2
4676 1
4678 1
4680 1
4683 3
4687 1
4691 1
4694 1
4695 2
4696 1
4700 1
4701 3
4702 1
4705 1
4706 1
4709 2
4712 1
4716 3
4718 2
4719 2
4720 1
4722 1
4724 1
4726 1
4727 1
4728 2
4730 2
4732 1
4734 1
4736 1
4741 3
4742 1
4744 2
4745 1
4746 1
4748 3
4749 1
4750 3
4753 1
4757 2
4758 1
4759 3
4760 1
4761 1
4764 1
4765 2
4766 1
4769 1
4770 1
4773 1
4774 1
4775 3
4776 1
4778 2
4784 1
4786 1
4788 1
4789 3
4791 1
4792 2
4793 3
4798 2
4802 1
4803 1
4806 2
4809 1
4817 1
4819 1
4820 1
4832 1
4833 1
4847 1
4849 2
4851 1
4852 2
4858 1
4866 1
4867 1
4870 1
4871 1
4872 1
4874 1
4875 1
4876 2
4877 1
4878 1
4879 1
4880 1
4882 1
4883 1
4885 1
4887 1
4890 2
4892 3
4894 1
4895 1
4897 1
4898 2
4901 1
4902 1
4904 1
4905 1
4908 4
4909 2
4910 3
4912 1
4913 1
4916 2
4917 4
4918 2
4919 3
4920 2
4921 2
4922 1
4923 1
4924 2
4925 3
4926 3
4929 1
4934 2
4935 1
4936 1
4943 1
4958 1
4960 1
4969 1
4975 1
4977 1
4978 1
4983 1
4985 1
4993 1
5014 1
5016 1
5018 1
5028 1
5033 1
5044 1
5053 2
5054 1
5056 3
5057 1
5059 1
5062 1
5064 1
5065 1
5069 1
5073 1
5076 1
5083 1
5086 1
5087 1
5091 1
5092 1
5097 1
5098 1
5100 1
5103 1
5106 2
5107 1
5111 1
5113 1
5114 1
5116 1
5118 1
5123 1
5124 1
5133 1
5151 1
5152 1
5155 1
5156 1
5159 3
5163 1
5165 1
5166 1
5167 3
5169 1
5170 1
5172 1
5174 3
5175 4
5176 1
5177 1
5178 1
5179 3
5180 1
5181 2
5182 2
5183 1
5184 1
5185 1
5186 2
5187 2
5188 3
5189 4
5190 8
5191 3
5192 3
5193 4
5194 2
5195 2
5196 3
5198 2
5199 1
5201 2
5202 1
5203 3
5204 1
5205 2
5206 3
5207 2
5208 4
5209 2
5210 2
5211 2
5212 1
5213 3
5214 1
5215 2
5216 3
5218 2
5219 1
5220 1
5221 1
5223 1
5224 2
5225 1
5226 1
5228 2
5229 4
5231 3
5232 1
5233 4
5234 3
5235 1
5236 1
5237 2
5238 3
5239 6
5240 4
5241 1
5242 3
5243 1
5244 1
5245 1
5246 5
5247 3
5248 6
5249 7
5250 4
5251 4
5252 1
5253 3
5254 3
5255 6
5256 3
5257 7
5258 3
5259 1
5260 4
5261 5
5262 3
5263 3
5264 6
5265 4
5266 2
5267 3
5268 4
5269 5
5270 4
5271 2
5272 4
5273 6
5274 2
5275 4
5276 4
5277 2
5278 3
5279 2
5280 2
5281 1
5282 6
5283 5
5284 2
5285 2
5286 4
5287 1
5288 2
5291 4
5292 1
5293 2
5294 2
5295 1
5297 3
5298 3
5300 3
5301 1
5302 1
5303 2
5304 2
5305 1
5306 1
5307 1
5309 2
5310 2
5311 1
5313 1
5314 1
5315 2
5316 1
5317 2
5318 2
5319 2
5320 1
5321 3
5323 1
5325 2
5326 1
5327 1
5328 1
5330 1
5331 1
5332 1
5337 1
5341 1
5342 1
5348 1
5353 1
5369 1
5373 1
5375 1
5403 1
5425 2
5434 1
5507 1
5517 1
5525 2
5527 2
5528 1
5529 1
5532 1
5549 2
5550 1
5552 1
5555 2
5560 1
5564 2
5565 1
5566 3
5568 1
5570 1
5573 1
5574 1
5578 1
5583 1
5586 1
5587 2
5588 1
5592 1
5595 1
5597 1
5598 2
5599 2
5600 2
5601 3
5602 3
5603 7
5604 1
5606 1
5608 2
5610 2
5611 2
5613 3
5615 2
5616 2
5617 1
5618 4
5619 2
5620 1
5621 5
5623 2
5624 1
5626 2
5628 2
5629 2
5630 2
5633 4
5634 1
5638 2
5639 2
5640 2
5642 3
5643 1
5649 2
5650 1
5652 1
5658 1
5660 1
5661 1
5662 1
5664 1
5669 1
5672 1
5676 1
5688 1
5694 1
5699 1
5701 1
5705 1
5710 1
5712 1
5738 1
5816 2
5822 2
5824 1
5830 1
5832 1
5836 1
5838 1
5839 1
5840 1
5845 1
5848 1
5853 1
5855 1
5861 1
5863 2
5866 2
5869 1
5870 1
5873 2
5875 1
5877 1
5878 1
5880 2
5881 2
5882 2
5883 1
5884 3
5885 1
5886 1
5887 2
5888 5
5889 1
5890 1
5891 2
5892 1
5893 1
5894 1
5895 1
5896 1
5900 1
5908 2
5909 3
5914 2
5916 5
5919 2
5920 3
5921 1
5923 3
5924 1
5925 1
5927 2
5929 3
5930 2
5931 3
5932 2
5933 2
5934 1
5936 2
5937 2
5939 2
5940 1
5941 1
5942 1
5944 1
5946 1
5947 1
5949 3
5952 2
5953 2
5954 3
5955 1
5956 1
5958 2
5959 3
5960 4
5961 1
5963 1
5965 1
5966 1
5967 2
5969 4
5970 1
5971 3
5972 1
5974 1
5975 3
5976 2
5977 1
5978 2
5979 2
5980 2
5981 3
5982 3
5983 2
5984 1
5985 2
5986 4
5987 2
5988 2
5990 1
5991 4
5992 2
5993 2
5995 1
5996 2
5997 1
5998 3
5999 1
6001 1
6002 1
6004 2
6005 1
6009 1
6010 1
6011 2
6012 1
6013 2
6015 2
6018 2
6019 1
6020 1
6021 1
6022 1
6023 1
6024 1
6027 1
6030 1
6055 1
6106 1
6114 1
6115 1
6118 1
6119 1
6120 1
6121 1
6122 1
6123 2
6125 1
6127 1
6128 3
6129 1
6131 1
6134 1
6135 2
6138 1
6140 2
6141 1
6142 1
6147 1
6152 1
6153 2
6154 1
6156 2
6159 2
6163 1
6164 1
6165 2
6166 1
6167 1
6168 1
6169 3
6171 1
6173 2
6174 1
6175 1
6177 2
6180 1
6183 1
6184 1
6186 1
6187 2
6192 1
6195 1
6197 2
6215 1
6225 1
6228 1
6229 1
6231 1
6234 1
6236 3
6241 1
6243 1
6246 1
6247 1
6248 2
6249 1
6250 1
6254 1
6260 2
6261 1
6263 2
6264 1
6266 1
6268 2
6270 2
6271 1
6273 3
6274 4
6276 1
6277 1
6278 2
6279 1
6280 1
6283 2
6284 1
6285 1
6286 1
6287 1
6289 1
6290 1
6297 1
6299 1
6301 1
6303 1
6305 1
6311 1
6321 1
6323 1
6325 1
6337 1
6342 1
6348 1
6649 1
6731 1
6789 1
6793 1
6795 1
6798 1
7029 1
7030 1
7376 1
7387 1
7518 1
7763 1
7985 1
7998 1
8238 1
8448 1
8524 1
8525 1
8541 1
8556 2
8560 1
8562 1
8565 1
8566 1
8576 1
8583 2
8847 1
8851 1
8856 1
8859 2
8874 1
8875 1
8878 1
8888 2
9217 1
9429 1
9547 1
9548 1
9569 2
9571 1
9574 1
9580 1
9582 1
9616 1
9824 1
9911 1
9933 1
10001 42
