1 20855817
2 13593425
3 9416242
4 7006911
5 5304699
6 4034763
7 3082415
8 2418004
9 1954310
10 1588959
11 1286814
12 1025359
13 807464
14 641640
15 533086
16 469465
17 444116
18 450706
19 477227
20 517451
21 563368
22 610693
23 654345
24 689801
25 721235
26 746666
27 760253
28 769387
29 770033
30 766784
31 756595
32 738095
33 714115
34 688199
35 656388
36 616434
37 577650
38 541617
39 508762
40 479210
41 455524
42 434935
43 417451
44 398597
45 382155
46 364492
47 346375
48 326407
49 306590
50 284394
51 260989
52 237068
53 213942
54 192075
55 174961
56 161512
57 151185
58 145388
59 144580
60 150534
61 158674
62 171924
63 190714
64 213218
65 239476
66 269474
67 300968
68 334239
69 369118
70 403138
71 436440
72 466204
73 494926
74 521357
75 545060
76 561615
77 576319
78 586554
79 591758
80 593249
81 592359
82 586929
83 576683
84 561380
85 546510
86 527512
87 506542
88 483471
89 459308
90 433739
91 406443
92 381020
93 354062
94 326557
95 301685
96 276377
97 252131
98 229047
99 205115
100 183830
101 163368
102 145897
103 128790
104 113536
105 99240
106 86220
107 74877
108 65049
109 56222
110 48990
111 42916
112 37262
113 32556
114 28919
115 25571
116 23037
117 20788
118 18805
119 16968
120 15385
121 14202
122 13257
123 12115
124 11305
125 10342
126 9449
127 8530
128 7962
129 7391
130 6982
131 6476
132 6197
133 5673
134 5556
135 5178
136 4977
137 4863
138 4780
139 4639
140 4334
141 4323
142 4230
143 4303
144 4315
145 4166
146 3997
147 3988
148 3996
149 3922
150 3892
151 3973
152 3770
153 3648
154 3475
155 3354
156 3219
157 3140
158 3040
159 2874
160 2762
161 2622
162 2597
163 2531
164 2414
165 2519
166 2371
167 2330
168 2357
169 2266
170 2162
171 2077
172 2089
173 1880
174 1873
175 1816
176 1728
177 1646
178 1609
179 1594
180 1618
181 1537
182 1407
183 1334
184 1335
185 1350
186 1192
187 1164
188 1142
189 1127
190 998
191 993
192 959
193 894
194 894
195 814
196 685
197 641
198 597
199 623
200 542
201 546
202 514
203 453
204 416
205 400
206 409
207 357
208 336
209 327
210 361
211 362
212 301
213 346
214 341
215 287
216 290
217 276
218 273
219 314
220 275
221 298
222 331
223 284
224 309
225 304
226 314
227 346
228 358
229 325
230 324
231 329
232 362
233 311
234 357
235 311
236 334
237 352
238 315
239 320
240 321
241 334
242 336
243 313
244 312
245 333
246 317
247 307
248 320
249 323
250 312
251 304
252 292
253 300
254 267
255 298
256 274
257 315
258 292
259 304
260 292
261 335
262 325
263 322
264 340
265 336
266 363
267 383
268 359
269 367
270 357
271 347
272 327
273 317
274 342
275 300
276 320
277 337
278 339
279 306
280 290
281 287
282 287
283 293
284 293
285 258
286 367
287 297
288 299
289 318
290 290
291 258
292 303
293 275
294 250
295 260
296 243
297 260
298 244
299 261
300 238
301 229
302 234
303 235
304 225
305 221
306 203
307 235
308 203
309 247
310 247
311 223
312 240
313 228
314 244
315 252
316 203
317 194
318 207
319 199
320 192
321 167
322 154
323 156
324 163
325 143
326 141
327 147
328 173
329 147
330 134
331 152
332 131
333 122
334 132
335 139
336 126
337 102
338 109
339 120
340 103
341 120
342 83
343 95
344 106
345 96
346 81
347 96
348 95
349 93
350 94
351 92
352 96
353 76
354 80
355 80
356 73
357 73
358 91
359 112
360 102
361 106
362 100
363 116
364 92
365 118
366 109
367 126
368 121
369 109
370 112
371 143
372 150
373 132
374 140
375 129
376 140
377 145
378 135
379 146
380 156
381 160
382 148
383 159
384 157
385 163
386 171
387 164
388 168
389 155
390 159
391 152
392 159
393 160
394 119
395 127
396 151
397 144
398 145
399 128
400 126
401 131
402 112
403 114
404 98
405 116
406 103
407 76
408 86
409 122
410 116
411 109
412 101
413 98
414 93
415 83
416 94
417 94
418 97
419 78
420 92
421 105
422 88
423 71
424 86
425 65
426 81
427 71
428 75
429 78
430 74
431 76
432 83
433 70
434 44
435 58
436 51
437 57
438 42
439 46
440 44
441 41
442 48
443 39
444 59
445 25
446 39
447 34
448 42
449 44
450 47
451 45
452 42
453 51
454 30
455 44
456 38
457 33
458 37
459 28
460 33
461 35
462 22
463 27
464 23
465 25
466 33
467 27
468 35
469 25
470 23
471 26
472 19
473 27
474 28
475 37
476 35
477 33
478 26
479 31
480 24
481 24
482 34
483 39
484 32
485 30
486 18
487 26
488 21
489 19
490 25
491 28
492 28
493 24
494 25
495 39
496 29
497 23
498 33
499 22
500 25
501 23
502 31
503 22
504 23
505 26
506 22
507 18
508 33
509 23
510 23
511 23
512 25
513 20
514 30
515 24
516 32
517 37
518 35
519 37
520 41
521 32
522 33
523 17
524 31
525 27
526 19
527 33
528 24
529 21
530 21
531 21
532 28
533 27
534 22
535 35
536 22
537 19
538 21
539 30
540 22
541 29
542 35
543 34
544 21
545 22
546 29
547 24
548 29
549 30
550 29
551 39
552 34
553 38
554 35
555 45
556 24
557 27
558 34
559 41
560 38
561 38
562 26
563 29
564 42
565 22
566 27
567 21
568 28
569 26
570 22
571 18
572 20
573 25
574 17
575 15
576 25
577 22
578 30
579 20
580 27
581 13
582 17
583 15
584 10
585 19
586 17
587 22
588 14
589 23
590 27
591 13
592 23
593 20
594 31
595 18
596 15
597 18
598 24
599 24
600 19
601 18
602 24
603 11
604 26
605 26
606 17
607 17
608 21
609 22
610 18
611 21
612 22
613 17
614 20
615 18
616 21
617 13
618 19
619 19
620 12
621 17
622 13
623 21
624 13
625 17
626 13
627 16
628 19
629 21
630 19
631 22
632 9
633 14
634 15
635 12
636 6
637 21
638 13
639 11
640 11
641 8
642 6
643 15
644 16
645 12
646 10
647 14
648 20
649 14
650 10
651 11
652 11
653 11
654 11
655 13
656 14
657 16
658 12
659 12
660 11
661 13
662 13
663 18
664 8
665 11
666 13
667 12
668 9
669 6
670 8
671 6
672 10
673 8
674 8
675 9
676 6
677 5
678 3
679 5
680 5
681 5
682 8
683 4
684 1
685 4
686 4
687 4
688 8
689 7
690 4
691 5
692 3
693 5
694 10
695 6
696 5
697 10
698 7
699 8
700 5
701 9
702 10
703 5
704 2
705 2
706 2
707 7
708 3
709 4
710 5
711 4
712 6
713 9
714 8
715 3
716 5
717 2
718 5
719 7
720 3
721 9
722 13
723 7
724 2
725 4
726 2
727 2
728 13
729 5
730 7
731 6
732 5
733 7
734 11
735 16
736 13
737 3
738 4
739 8
740 6
741 5
742 5
743 5
744 4
745 3
746 5
747 2
748 3
749 1
750 3
751 4
752 2
753 2
754 2
755 2
756 2
757 1
758 7
759 6
760 1
761 6
762 3
763 7
764 6
765 9
766 4
767 4
768 11
769 7
770 5
771 6
772 7
773 3
774 6
775 6
776 3
777 3
778 3
779 3
780 3
781 7
782 2
783 4
784 2
785 3
786 8
787 3
788 4
789 5
790 3
791 1
792 1
793 3
794 5
795 2
796 3
797 3
798 2
799 1
800 4
801 5
802 11
803 2
804 5
805 5
806 3
807 3
808 3
809 4
810 6
811 4
812 1
813 2
814 1
815 4
816 7
817 3
818 9
819 4
820 6
821 8
822 6
823 4
824 5
825 6
826 4
827 11
828 3
829 6
830 9
831 6
832 9
833 14
834 8
835 2
836 7
837 10
838 13
839 4
840 14
841 6
842 2
843 7
844 7
845 4
846 7
847 5
848 5
849 9
850 6
851 4
852 5
853 7
854 5
855 5
856 14
857 7
858 12
859 7
860 10
861 12
862 10
863 9
864 10
865 10
866 6
867 6
868 3
869 9
870 4
871 5
872 8
873 2
874 9
875 10
876 5
877 2
878 7
879 10
880 3
881 6
882 8
883 7
884 6
885 6
886 6
887 7
888 11
889 4
890 6
891 17
892 7
893 5
894 7
895 4
896 11
897 3
898 6
899 6
900 12
901 4
902 5
903 4
904 3
905 4
906 7
907 7
908 7
909 8
910 5
911 9
912 7
913 6
914 9
915 2
916 4
917 2
918 8
920 6
921 6
922 4
923 6
924 3
925 2
926 3
927 1
928 7
929 5
930 3
931 5
932 2
933 3
934 4
935 3
936 3
937 3
938 3
939 3
940 5
941 6
942 4
943 7
944 2
945 10
946 4
947 5
948 7
949 2
950 3
951 4
952 5
953 3
954 4
955 4
956 4
957 3
958 6
959 2
960 3
961 2
962 2
963 4
964 5
965 3
966 3
967 5
968 2
969 5
970 6
971 3
972 8
973 3
974 5
975 6
976 3
977 3
978 5
979 5
980 7
981 4
983 6
984 1
985 4
986 3
987 7
988 2
989 5
990 5
991 4
992 9
993 7
994 4
995 9
996 2
997 8
998 8
999 6
1000 10
1001 3
1002 7
1003 4
1004 2
1005 6
1006 10
1007 7
1008 4
1009 10
1010 7
1011 9
1012 6
1013 4
1014 13
1015 9
1016 11
1017 13
1018 10
1019 4
1020 5
1021 7
1022 8
1023 3
1024 4
1025 11
1026 8
1027 6
1028 2
1029 8
1030 7
1031 7
1032 2
1033 6
1034 4
1035 4
1036 7
1037 5
1038 3
1039 7
1041 8
1042 5
1043 5
1044 8
1045 2
1046 4
1047 4
1048 7
1049 4
1050 4
1051 3
1052 3
1054 2
1055 6
1056 5
1057 6
1058 6
1059 5
1060 8
1061 9
1062 8
1063 6
1064 8
1065 4
1066 4
1067 6
1068 9
1069 7
1070 3
1071 8
1072 8
1073 6
1074 12
1075 7
1076 11
1077 12
1078 7
1079 4
1080 12
1081 7
1082 5
1083 10
1084 11
1085 8
1086 15
1087 6
1088 7
1089 15
1090 20
1091 11
1092 12
1093 9
1094 12
1095 8
1096 15
1097 13
1098 13
1099 10
1100 10
1101 9
1102 8
1103 7
1104 11
1105 6
1106 8
1107 11
1108 5
1109 10
1110 11
1111 8
1112 8
1113 6
1115 6
1116 6
1117 5
1118 4
1119 3
1120 1
1121 4
1122 4
1123 5
1124 3
1125 5
1126 7
1127 5
1128 4
1129 2
1130 3
1131 3
1132 2
1133 5
1134 2
1135 1
1136 5
1137 1
1138 3
1139 4
1140 3
1141 2
1142 5
1143 1
1144 2
1145 2
1146 4
1147 3
1148 2
1152 1
1154 1
1157 1
1158 1
1159 2
1160 2
1162 3
1163 4
1164 4
1166 5
1167 7
1168 5
1169 4
1170 4
1171 2
1172 3
1173 5
1174 5
1175 1
1176 1
1177 2
1179 4
1180 2
1181 7
1182 1
1183 5
1184 1
1185 1
1186 1
1187 2
1188 1
1190 3
1191 3
1192 3
1193 3
1194 6
1195 2
1197 6
1198 3
1199 2
1200 3
1201 6
1202 6
1203 4
1204 8
1205 7
1206 3
1207 3
1208 3
1209 2
1210 5
1211 1
1212 5
1213 3
1214 3
1215 3
1216 5
1217 4
1218 1
1219 3
1220 4
1221 7
1222 3
1223 3
1224 4
1225 5
1226 3
1227 3
1229 1
1230 2
1231 1
1232 1
1233 3
1234 2
1235 1
1237 3
1238 3
1239 2
1240 3
1241 4
1242 1
1244 1
1245 1
1247 1
1248 2
1249 2
1250 1
1255 2
1256 2
1257 2
1259 1
1260 1
1263 1
1265 1
1267 2
1269 1
1270 1
1273 2
1274 2
1275 1
1276 1
1277 1
1278 2
1279 1
1282 3
1283 1
1284 1
1286 2
1287 1
1288 1
1289 1
1292 2
1293 1
1294 1
1295 1
1296 1
1298 1
1301 3
1303 2
1304 1
1305 2
1306 2
1308 3
1309 3
1310 2
1311 1
1312 2
1314 2
1317 1
1318 1
1328 1
1332 1
1334 3
1337 2
1338 2
1339 1
1340 2
1344 1
1346 1
1347 1
1359 1
1361 1
1364 2
1366 2
1367 1
1369 2
1370 1
1371 2
1372 1
1378 1
1379 2
1381 2
1385 1
1392 1
1393 1
1394 1
1395 1
1406 1
1407 1
1414 1
1418 1
1423 2
1425 1
1426 1
1427 1
1429 1
1431 2
1433 1
1434 1
1436 1
1440 1
1448 1
1451 2
1453 2
1454 1
1455 2
1458 1
1461 1
1466 1
1471 2
1472 1
1475 2
1476 2
1479 4
1480 1
1484 1
1485 2
1487 2
1489 2
1491 2
1492 1
1495 1
1497 1
1500 1
1501 2
1502 1
1503 1
1506 1
1507 1
1513 1
1518 1
1529 1
1550 1
1555 1
1559 1
1564 1
1565 2
1568 2
1572 3
1573 1
1574 3
1575 2
1577 1
1578 1
1579 2
1581 1
1582 1
1596 1
1615 1
1616 1
1629 2
1630 1
1633 1
1634 1
1635 1
1637 1
1639 1
1641 1
1687 1
1691 2
1692 1
1693 1
1695 1
1700 1
1701 1
1702 1
1705 1
1710 1
1727 1
1728 1
1732 1
1733 1
1741 1
1742 1
1825 1
1836 1
1838 1
1842 1
1844 1
1847 1
1848 1
1850 1
1851 1
1852 1
1855 1
1856 2
1857 1
1867 1
1914 2
1916 1
1928 3
1938 2
1941 1
1987 1
1995 1
2001 1
2011 1
2013 1
2014 1
2032 1
2034 2
2035 2
2036 1
2051 1
2056 1
2063 2
2071 1
2074 1
2087 1
2094 1
2096 1
2097 1
2100 1
2119 1
2185 1
2197 1
2198 1
2202 1
2203 1
2208 1
2209 1
2216 1
2243 1
2280 1
2282 1
2305 1
2307 1
2315 1
2322 1
2330 1
2333 1
2340 1
2365 1
2370 1
2371 1
2379 1
2380 1
2382 1
2408 1
2422 2
2426 1
2428 4
2430 1
2431 1
2432 1
2433 1
2435 1
2437 1
2438 1
2439 2
2442 2
2443 1
2450 1
2451 1
2465 1
2477 1
2495 1
2509 1
2522 1
2528 1
2533 1
2534 1
2537 1
2571 1
2577 2
2578 1
2579 1
2580 1
2582 1
2586 1
2590 1
2594 1
2616 2
2621 1
2637 1
2639 1
2723 1
2753 1
2758 1
2775 1
2786 1
2797 1
2834 1
2841 1
2844 1
2875 1
2936 1
2968 1
3011 1
3023 1
3146 1
3147 1
3154 1
3170 1
3182 1
3187 1
3248 1
3251 1
3253 1
3260 1
3278 1
3285 1
3288 1
3289 2
3291 1
3293 1
3300 1
3303 1
3309 1
3321 1
3361 1
3400 1
3409 1
3504 1
3511 1
3770 1
3772 1
3774 1
3782 1
3784 1
3785 2
3786 1
3790 1
3793 1
3802 1
3803 1
3804 1
3805 1
3814 1
3815 1
3818 1
3871 1
4033 1
5126 1
5217 1
5853 1
5958 1
6145 1
6548 1
7967 1
7979 1
8000 1
8003 1
8008 1
8017 1
8025 1
8030 1
8031 1
8040 1
8045 1
