1 25990939
2 14012946
3 9245159
4 6907420
5 5254921
6 3890839
7 2768407
8 1931645
9 1379922
10 1054294
11 892862
12 820954
13 781939
14 738033
15 680249
16 598880
17 506675
18 416342
19 335944
20 270870
21 222848
22 194657
23 176888
24 170178
25 167223
26 163212
27 158737
28 151368
29 143193
30 135305
31 125024
32 119806
33 116566
34 118830
35 129209
36 144015
37 165980
38 194330
39 226290
40 262954
41 302382
42 339147
43 373081
44 401986
45 425114
46 439034
47 446093
48 444705
49 433375
50 414463
51 388948
52 360574
53 327019
54 290850
55 255775
56 220778
57 187551
58 156753
59 129843
60 105419
61 84991
62 67767
63 53605
64 42271
65 33412
66 26742
67 21376
68 17715
69 15539
70 13965
71 12750
72 11790
73 11034
74 10558
75 10237
76 10281
77 9823
78 9940
79 9271
80 8917
81 8626
82 7919
83 7348
84 6922
85 6185
86 5633
87 5093
88 4663
89 4372
90 4075
91 3561
92 3425
93 3332
94 3053
95 2805
96 2581
97 2464
98 2286
99 2087
100 1977
101 1848
102 1768
103 1750
104 1534
105 1500
106 1346
107 1216
108 1143
109 1056
110 944
111 834
112 700
113 606
114 555
115 526
116 479
117 454
118 433
119 383
120 341
121 317
122 338
123 307
124 309
125 273
126 258
127 272
128 277
129 255
130 249
131 220
132 257
133 314
134 305
135 314
136 349
137 335
138 375
139 370
140 339
141 357
142 392
143 362
144 361
145 423
146 416
147 437
148 406
149 420
150 398
151 395
152 370
153 384
154 372
155 340
156 347
157 364
158 360
159 351
160 331
161 303
162 296
163 270
164 262
165 245
166 234
167 259
168 235
169 227
170 227
171 212
172 205
173 208
174 201
175 222
176 203
177 228
178 192
179 194
180 201
181 182
182 213
183 189
184 196
185 183
186 187
187 183
188 223
189 216
190 208
191 210
192 226
193 247
194 230
195 244
196 236
197 262
198 247
199 250
200 257
201 233
202 259
203 223
204 222
205 205
206 177
207 181
208 184
209 165
210 158
211 164
212 166
213 163
214 171
215 152
216 168
217 133
218 132
219 102
220 97
221 98
222 92
223 75
224 80
225 95
226 106
227 103
228 120
229 91
230 94
231 93
232 99
233 75
234 65
235 66
236 68
237 78
238 99
239 102
240 79
241 83
242 91
243 77
244 76
245 65
246 77
247 85
248 113
249 98
250 79
251 83
252 82
253 83
254 70
255 72
256 51
257 55
258 52
259 60
260 55
261 62
262 64
263 59
264 81
265 76
266 72
267 77
268 80
269 84
270 83
271 104
272 94
273 118
274 127
275 129
276 161
277 168
278 205
279 266
280 263
281 328
282 393
283 452
284 614
285 690
286 798
287 962
288 1088
289 1240
290 1501
291 1856
292 1972
293 2210
294 2657
295 2931
296 3535
297 3886
298 4360
299 5069
300 5641
301 6277
302 7191
303 7985
304 8892
305 9743
306 10980
307 11780
308 13241
309 14331
310 15271
311 16836
312 18311
313 19553
314 20965
315 22231
316 24096
317 25706
318 27013
319 28516
320 29869
321 31538
322 32930
323 34173
324 36036
325 37444
326 38604
327 40482
328 41702
329 42878
330 44214
331 44886
332 45525
333 46539
334 46848
335 47800
336 48002
337 48242
338 47806
339 47375
340 47521
341 47082
342 46616
343 45674
344 44957
345 44016
346 43002
347 41237
348 40684
349 39719
350 38396
351 37022
352 35341
353 33975
354 32697
355 31309
356 29763
357 28294
358 26554
359 25285
360 23545
361 21847
362 20556
363 19025
364 17803
365 16456
366 15114
367 14150
368 12948
369 12036
370 10902
371 10106
372 9052
373 8388
374 7568
375 6829
376 6034
377 5551
378 4964
379 4381
380 3898
381 3450
382 3035
383 2737
384 2496
385 2168
386 1878
387 1687
388 1426
389 1297
390 1079
391 946
392 872
393 761
394 663
395 551
396 498
397 405
398 392
399 317
400 267
401 243
402 203
403 186
404 154
405 141
406 136
407 106
408 91
409 94
410 86
411 71
412 72
413 56
414 57
415 34
416 54
417 33
418 20
419 25
420 25
421 28
422 23
423 20
424 17
425 21
426 19
427 27
428 17
429 26
430 16
431 21
432 21
433 11
434 9
435 13
436 9
437 9
438 9
439 13
440 15
441 11
442 16
443 21
444 7
445 16
446 16
447 15
448 15
449 15
450 9
451 6
452 10
453 8
454 12
455 16
456 16
457 14
458 11
459 20
460 8
461 5
462 12
463 9
464 10
465 11
466 14
467 11
468 15
469 9
470 9
471 15
472 11
473 9
474 2
475 4
476 9
477 5
478 12
479 14
480 11
481 15
482 14
483 12
484 7
485 8
486 6
487 5
488 7
489 12
490 7
491 11
492 9
493 5
494 16
495 13
496 8
497 7
498 6
499 9
500 8
501 14
502 10
503 5
504 4
505 10
506 7
507 5
508 2
509 3
510 7
511 7
512 14
513 5
514 6
515 5
516 5
517 3
518 7
519 5
520 5
521 8
522 6
523 2
524 4
525 5
526 4
527 5
528 6
529 4
530 10
531 5
532 8
533 10
534 8
535 5
536 7
537 4
538 2
539 5
540 3
541 1
542 9
543 4
544 7
545 6
546 6
547 7
548 5
549 4
550 9
551 9
552 5
553 6
554 4
555 5
556 4
557 4
558 3
559 5
560 6
561 7
562 7
563 6
564 6
565 4
566 7
567 11
568 6
569 8
570 10
571 5
572 3
573 3
574 8
575 2
576 3
577 5
578 4
579 4
580 6
581 4
582 7
583 2
584 2
585 2
586 1
587 2
588 3
589 6
590 4
591 4
592 3
593 5
594 1
595 4
596 7
597 4
598 3
599 4
600 6
601 2
602 5
603 1
604 2
605 2
606 2
607 9
608 4
609 1
610 2
611 7
612 6
613 8
614 8
615 9
616 13
617 11
618 7
619 16
620 10
621 10
622 12
623 7
624 19
625 12
626 15
627 16
628 17
629 15
630 22
631 17
632 30
633 25
634 24
635 24
636 24
637 22
638 16
639 21
640 26
641 26
642 27
643 24
644 38
645 39
646 32
647 34
648 49
649 48
650 45
651 54
652 43
653 58
654 64
655 49
656 39
657 61
658 60
659 63
660 67
661 77
662 59
663 58
664 77
665 74
666 87
667 87
668 76
669 97
670 78
671 76
672 90
673 96
674 77
675 100
676 80
677 81
678 81
679 91
680 76
681 69
682 82
683 58
684 68
685 69
686 57
687 64
688 56
689 55
690 61
691 62
692 47
693 59
694 67
695 59
696 68
697 62
698 59
699 43
700 65
701 52
702 57
703 47
704 52
705 48
706 44
707 47
708 50
709 72
710 37
711 34
712 35
713 35
714 36
715 32
716 38
717 38
718 33
719 29
720 33
721 32
722 19
723 28
724 15
725 21
726 14
727 9
728 18
729 10
730 4
731 10
732 9
733 6
734 1
735 9
736 3
737 8
738 4
739 2
740 6
741 6
742 3
743 6
744 5
745 6
746 6
747 4
748 4
749 1
750 3
751 4
752 3
753 6
754 1
755 1
756 6
757 6
758 4
759 4
760 3
761 4
762 5
763 5
764 1
765 4
766 2
767 4
768 2
769 3
770 1
771 4
772 3
773 2
774 1
775 1
777 2
779 1
782 3
783 5
784 1
786 5
788 3
789 1
790 3
791 1
792 4
794 2
795 1
796 1
797 2
798 7
799 2
800 1
801 6
802 6
803 3
804 2
805 5
806 1
807 2
808 4
809 3
810 3
811 1
813 2
816 3
817 1
818 3
819 3
820 2
821 1
822 1
823 2
824 5
825 3
827 1
828 2
829 1
830 2
831 1
832 1
833 2
834 2
835 2
837 3
838 1
839 4
840 1
841 2
842 3
846 1
847 2
848 1
850 1
852 7
853 1
855 3
856 1
857 1
858 3
859 1
861 1
863 1
864 1
866 1
867 3
868 1
869 1
870 2
872 1
874 1
875 3
876 1
877 3
878 1
879 1
882 3
883 1
884 4
885 1
886 1
887 1
889 2
891 1
892 2
893 2
894 1
895 2
896 1
897 2
899 1
900 2
901 6
902 2
903 3
904 3
905 5
906 3
907 5
908 5
909 6
910 2
911 1
912 2
913 1
914 1
915 2
916 1
917 2
918 2
919 1
920 2
922 3
923 3
925 1
926 2
928 2
929 2
930 3
931 2
932 2
933 2
934 2
937 2
938 1
939 2
940 1
941 1
942 1
943 1
944 1
945 1
946 1
947 1
951 1
953 1
955 2
957 3
958 1
960 1
962 6
964 2
965 2
966 5
967 4
968 6
969 2
970 2
971 5
972 2
974 2
975 1
976 1
977 2
978 1
980 3
981 1
982 4
983 5
984 4
985 4
986 6
987 9
988 4
989 7
990 3
991 2
992 5
993 2
994 6
995 3
996 2
997 1
998 3
999 3
1000 5
1001 2
1003 4
1004 3
1005 3
1006 3
1007 2
1008 3
1009 2
1010 4
1011 1
1012 1
1013 1
1014 1
1015 3
1016 5
1017 4
1018 2
1019 3
1020 1
1021 2
1022 6
1023 5
1024 4
1025 4
1026 3
1027 6
1028 3
1029 3
1030 3
1031 4
1032 4
1033 3
1034 3
1035 5
1036 3
1038 2
1040 2
1041 6
1042 5
1043 3
1044 3
1045 4
1046 4
1047 1
1048 3
1049 3
1050 2
1051 2
1052 2
1053 1
1054 2
1057 2
1058 1
1059 2
1061 1
1062 2
1063 1
1064 2
1065 2
1066 1
1067 1
1068 2
1069 2
1070 1
1071 1
1072 1
1074 3
1075 5
1076 2
1077 4
1078 1
1079 5
1080 3
1082 1
1088 1
1090 1
1093 1
1101 1
1103 1
1104 1
1105 1
1108 3
1109 1
1112 2
1114 1
1115 2
1116 2
1119 1
1121 2
1122 2
1123 3
1124 2
1125 2
1126 3
1127 7
1128 4
1129 2
1130 3
1131 3
1133 3
1134 3
1135 1
1136 1
1137 2
1138 2
1139 3
1140 2
1141 2
1142 4
1143 2
1144 3
1145 2
1146 1
1147 1
1148 1
1149 1
1150 4
1151 1
1152 3
1155 1
1156 2
1157 3
1158 3
1159 1
1161 1
1162 2
1164 1
1165 1
1167 2
1169 1
1172 2
1173 1
1174 2
1175 2
1178 1
1180 1
1182 1
1183 1
1187 1
1188 1
1189 1
1191 1
1192 2
1201 1
1267 1
1268 1
1278 1
1280 1
1282 1
1284 1
1294 1
1296 1
1300 1
1301 1
1310 1
1313 1
1314 2
1317 2
1318 1
1320 3
1322 1
1325 1
1327 1
1328 1
1336 1
1343 2
1344 2
1345 2
1346 1
1347 2
1348 1
1349 1
1350 1
1354 1
1357 1
1358 2
1359 1
1360 1
1362 1
1363 1
1364 1
1365 3
1366 2
1367 3
1368 1
1371 1
1372 3
1373 1
1374 1
1379 1
1381 2
1383 2
1385 1
1397 1
1402 1
1404 1
1405 1
1411 1
1413 1
1417 1
1425 1
1429 1
1431 1
1560 1
1573 1
1574 1
1576 1
1590 1
1598 2
1602 1
1604 1
1609 1
1659 1
1660 2
1661 1
1667 1
1672 1
1674 1
1675 1
1676 1
1703 1
1704 1
1716 1
1717 1
1734 1
1750 1
1751 1
1754 1
1795 2
1800 1
1911 1
1957 1
1961 1
1964 1
1971 1
1978 1
1979 1
1983 1
1986 1
1992 1
2013 1
2014 1
2016 1
2017 2
2018 1
2019 1
2020 1
2022 1
2023 1
2025 1
2028 1
2030 2
2031 1
2054 1
2067 1
2120 1
2125 1
2126 1
2130 1
2133 2
2134 1
2137 1
2140 1
2142 1
2144 1
2149 1
2355 1
2380 1
2519 1
2529 1
2535 1
2665 1
2670 1
2873 1
2996 1
3026 1
3533 1
3541 1
4011 1
4016 2
4017 1
4019 1
4022 1
4023 1
4025 1
4034 1
4035 1
