1 21485414
2 6966103
3 3132688
4 1912226
5 1544085
6 1434821
7 1339219
8 1185832
9 974724
10 733748
11 513270
12 331409
13 204866
14 120089
15 68552
16 39550
17 22998
18 13998
19 9125
20 5958
21 4595
22 3403
23 2691
24 2293
25 1948
26 1814
27 1762
28 1672
29 1503
30 1440
31 1608
32 2108
33 2668
34 3568
35 4873
36 6875
37 9099
38 12904
39 17283
40 22908
41 29845
42 37470
43 46442
44 56330
45 66290
46 76838
47 86378
48 97183
49 104954
50 111951
51 116615
52 120242
53 121849
54 120121
55 117013
56 111691
57 104348
58 95489
59 86587
60 77585
61 67224
62 57499
63 48992
64 41028
65 33618
66 27295
67 21419
68 17106
69 13281
70 10017
71 7677
72 5816
73 4299
74 3037
75 2241
76 1732
77 1274
78 951
79 674
80 440
81 272
82 188
83 134
84 112
85 103
86 74
87 66
88 68
89 71
90 91
91 88
92 99
93 115
94 109
95 139
96 162
97 157
98 174
99 156
100 202
101 192
102 209
103 210
104 197
105 197
106 168
107 193
108 177
109 189
110 196
111 190
112 176
113 179
114 190
115 146
116 126
117 108
118 105
119 133
120 125
121 121
122 92
123 79
124 75
125 59
126 46
127 43
128 27
129 29
130 38
131 32
132 27
133 28
134 29
135 28
136 26
137 27
138 18
139 26
140 19
141 18
142 13
143 11
144 18
145 7
146 6
147 5
148 10
149 15
150 12
151 7
152 12
153 12
154 7
155 11
156 11
157 18
158 13
159 15
160 11
161 10
162 11
163 12
164 8
165 7
166 16
167 10
168 11
169 10
170 14
171 9
172 14
173 14
174 7
175 5
176 7
177 8
178 6
179 8
180 8
181 11
182 17
183 11
184 13
185 11
186 8
187 9
188 12
189 9
190 7
191 6
192 1
193 1
195 3
196 3
197 5
198 1
199 3
200 1
201 2
202 1
203 4
204 3
205 3
206 2
208 4
209 1
210 2
211 1
212 2
213 1
214 3
215 3
216 1
217 2
218 1
219 1
220 5
221 2
222 2
223 3
225 2
243 1
244 2
246 1
251 1
255 1
256 1
258 4
260 2
261 3
263 2
264 1
265 1
269 1
273 1
274 3
275 1
284 1
297 1
299 1
301 1
302 3
304 2
315 1
316 1
317 1
320 1
323 2
324 1
326 3
327 1
328 2
329 2
331 2
333 3
334 1
336 2
337 3
338 1
339 1
342 1
343 1
344 1
354 1
366 1
367 1
371 2
416 1
455 1
459 1
472 1
500 1
519 1
525 1
670 4
671 1
674 3
675 2
