1 17009342
2 14306224
3 10601137
4 7604415
5 5700834
6 4597659
7 3826716
8 3253481
9 2788381
10 2440078
11 2207426
12 2078933
13 2042357
14 2045410
15 2068297
16 2063766
17 2021427
18 1940033
19 1829681
20 1690514
21 1549830
22 1407637
23 1274147
24 1147315
25 1041206
26 931833
27 833535
28 741210
29 651744
30 567710
31 488790
32 412789
33 343257
34 281483
35 228038
36 183021
37 145150
38 116042
39 92552
40 76465
41 65829
42 60941
43 60425
44 65066
45 73914
46 86299
47 102698
48 122677
49 144438
50 167858
51 192827
52 218221
53 242208
54 265533
55 286213
56 301573
57 314842
58 323129
59 327833
60 324611
61 318535
62 307868
63 293072
64 274505
65 252552
66 230845
67 205209
68 182050
69 157786
70 136331
71 115337
72 97194
73 80388
74 66087
75 53243
76 42567
77 34025
78 26912
79 21004
80 16603
81 13359
82 10817
83 8748
84 7345
85 6327
86 5935
87 6126
88 6297
89 7114
90 8025
91 9412
92 10998
93 12800
94 15238
95 18031
96 20678
97 24028
98 27431
99 30999
100 34339
101 38771
102 42929
103 47012
104 51818
105 55489
106 59540
107 63001
108 66018
109 68970
110 70561
111 71685
112 72489
113 72330
114 71705
115 70639
116 69521
117 67464
118 64609
119 60588
120 57751
121 53728
122 50421
123 46923
124 42826
125 38773
126 35034
127 31546
128 27843
129 24180
130 21103
131 18395
132 15474
133 13491
134 11528
135 9610
136 8158
137 6740
138 5279
139 4433
140 3640
141 2939
142 2465
143 2119
144 1682
145 1363
146 1240
147 1074
148 991
149 942
150 962
151 1103
152 1285
153 1391
154 1756
155 1964
156 2461
157 3018
158 3640
159 4490
160 5423
161 6319
162 7647
163 9056
164 10723
165 12737
166 14885
167 17327
168 20076
169 23233
170 26860
171 30957
172 35085
173 39011
174 44256
175 49846
176 55174
177 61904
178 67916
179 74538
180 82483
181 90130
182 97631
183 104914
184 113279
185 121504
186 128836
187 137136
188 144398
189 151777
190 158547
191 165187
192 170962
193 176508
194 181594
195 186253
196 190500
197 193332
198 195117
199 197346
200 197513
201 198728
202 197572
203 196689
204 194595
205 192044
206 187787
207 183410
208 178248
209 173699
210 168575
211 162812
212 156036
213 148382
214 142236
215 134963
216 127862
217 119851
218 113406
219 106184
220 98758
221 92558
222 85540
223 79160
224 72898
225 66274
226 60752
227 55814
228 50089
229 45279
230 40904
231 36573
232 32905
233 29354
234 26154
235 22681
236 19802
237 17592
238 15180
239 13136
240 11411
241 9837
242 8490
243 7204
244 6066
245 5111
246 4334
247 3641
248 3037
249 2524
250 2271
251 1919
252 1710
253 1310
254 1208
255 1044
256 882
257 726
258 741
259 549
260 504
261 464
262 457
263 412
264 350
265 343
266 331
267 343
268 322
269 330
270 333
271 315
272 321
273 373
274 426
275 432
276 417
277 466
278 498
279 556
280 625
281 704
282 731
283 824
284 895
285 992
286 1069
287 1199
288 1207
289 1404
290 1563
291 1647
292 1756
293 1878
294 1998
295 2120
296 2265
297 2417
298 2702
299 2677
300 2748
301 3077
302 3208
303 3231
304 3497
305 3532
306 3635
307 3832
308 3862
309 4023
310 4202
311 4190
312 4166
313 4438
314 4507
315 4393
316 4545
317 4513
318 4484
319 4550
320 4481
321 4470
322 4504
323 4502
324 4446
325 4377
326 4281
327 4037
328 3988
329 3794
330 3663
331 3583
332 3374
333 3178
334 3025
335 2847
336 2755
337 2642
338 2626
339 2334
340 2225
341 2065
342 1879
343 1856
344 1619
345 1594
346 1485
347 1376
348 1300
349 1216
350 1160
351 1009
352 1004
353 889
354 867
355 774
356 747
357 646
358 675
359 613
360 489
361 435
362 442
363 376
364 361
365 355
366 362
367 342
368 375
369 346
370 305
371 335
372 325
373 348
374 331
375 347
376 350
377 398
378 412
379 380
380 361
381 411
382 429
383 415
384 432
385 470
386 506
387 496
388 560
389 561
390 611
391 597
392 613
393 631
394 697
395 621
396 696
397 644
398 739
399 712
400 716
401 784
402 771
403 768
404 727
405 730
406 713
407 688
408 679
409 704
410 732
411 745
412 677
413 671
414 782
415 676
416 736
417 696
418 749
419 703
420 642
421 667
422 647
423 662
424 621
425 619
426 588
427 596
428 562
429 565
430 546
431 490
432 450
433 521
434 455
435 428
436 414
437 422
438 399
439 387
440 361
441 326
442 318
443 293
444 291
445 277
446 250
447 239
448 240
449 259
450 236
451 187
452 198
453 170
454 198
455 153
456 156
457 180
458 156
459 144
460 103
461 124
462 109
463 109
464 104
465 95
466 77
467 68
468 68
469 68
470 68
471 86
472 60
473 64
474 68
475 60
476 62
477 56
478 66
479 58
480 38
481 44
482 52
483 46
484 34
485 40
486 39
487 37
488 42
489 36
490 32
491 34
492 26
493 43
494 29
495 29
496 30
497 22
498 23
499 23
500 26
501 32
502 23
503 25
504 32
505 34
506 43
507 29
508 44
509 38
510 40
511 34
512 28
513 27
514 39
515 32
516 42
517 36
518 30
519 40
520 36
521 40
522 31
523 38
524 26
525 34
526 33
527 32
528 31
529 37
530 32
531 40
532 46
533 53
534 34
535 68
536 40
537 44
538 47
539 58
540 39
541 45
542 33
543 29
544 43
545 53
546 46
547 54
548 52
549 53
550 48
551 45
552 42
553 44
554 51
555 54
556 74
557 79
558 85
559 75
560 69
561 84
562 79
563 58
564 69
565 89
566 86
567 69
568 81
569 81
570 88
571 107
572 88
573 84
574 87
575 99
576 96
577 96
578 100
579 90
580 93
581 112
582 113
583 106
584 86
585 80
586 107
587 120
588 102
589 102
590 95
591 104
592 100
593 106
594 117
595 133
596 124
597 91
598 113
599 115
600 107
601 114
602 115
603 116
604 132
605 116
606 151
607 118
608 121
609 140
610 116
611 128
612 118
613 145
614 124
615 108
616 118
617 88
618 115
619 125
620 98
621 135
622 136
623 121
624 126
625 127
626 119
627 141
628 153
629 140
630 137
631 148
632 121
633 149
634 131
635 125
636 123
637 115
638 109
639 111
640 127
641 113
642 115
643 117
644 110
645 117
646 102
647 96
648 98
649 86
650 103
651 80
652 86
653 84
654 86
655 76
656 73
657 77
658 62
659 59
660 75
661 65
662 60
663 64
664 62
665 72
666 50
667 60
668 48
669 57
670 49
671 59
672 58
673 55
674 53
675 58
676 56
677 68
678 58
679 56
680 53
681 48
682 46
683 38
684 37
685 42
686 35
687 38
688 32
689 34
690 47
691 43
692 25
693 36
694 33
695 33
696 44
697 43
698 37
699 43
700 39
701 45
702 40
703 47
704 46
705 52
706 50
707 45
708 39
709 47
710 38
711 36
712 40
713 39
714 39
715 27
716 30
717 31
718 33
719 31
720 30
721 31
722 41
723 31
724 40
725 32
726 30
727 39
728 25
729 28
730 41
731 37
732 47
733 34
734 30
735 31
736 23
737 28
738 26
739 25
740 25
741 35
742 34
743 35
744 23
745 34
746 28
747 30
748 25
749 20
750 29
751 28
752 43
753 32
754 21
755 20
756 28
757 31
758 40
759 31
760 31
761 46
762 43
763 32
764 35
765 52
766 41
767 41
768 41
769 41
770 43
771 39
772 54
773 56
774 62
775 47
776 61
777 47
778 52
779 63
780 60
781 53
782 67
783 55
784 75
785 62
786 55
787 46
788 64
789 42
790 51
791 70
792 62
793 56
794 45
795 46
796 54
797 46
798 53
799 66
800 56
801 67
802 57
803 61
804 72
805 63
806 63
807 63
808 78
809 68
810 80
811 68
812 65
813 72
814 55
815 80
816 84
817 59
818 84
819 72
820 58
821 79
822 90
823 71
824 77
825 70
826 82
827 68
828 84
829 72
830 73
831 73
832 74
833 85
834 72
835 70
836 87
837 85
838 92
839 77
840 97
841 108
842 92
843 78
844 82
845 89
846 75
847 79
848 79
849 64
850 84
851 82
852 79
853 79
854 82
855 73
856 78
857 66
858 84
859 71
860 70
861 66
862 76
863 72
864 69
865 53
866 77
867 81
868 72
869 63
870 61
871 62
872 75
873 71
874 59
875 60
876 59
877 52
878 48
879 68
880 47
881 41
882 51
883 41
884 37
885 33
886 47
887 41
888 30
889 31
890 32
891 24
892 26
893 25
894 29
895 19
896 22
897 19
898 22
899 16
900 22
901 23
902 27
903 19
904 17
905 26
906 24
907 19
908 17
909 23
910 17
911 18
912 19
913 25
914 19
915 15
916 13
917 11
918 13
919 13
920 17
921 14
922 16
923 11
924 17
925 16
926 17
927 14
928 15
929 14
930 18
931 9
932 12
933 14
934 13
935 4
936 14
937 18
938 18
939 15
940 21
941 17
942 19
943 16
944 19
945 20
946 18
947 23
948 22
949 24
950 13
951 23
952 20
953 17
954 13
955 12
956 16
957 13
958 11
959 15
960 15
961 9
962 9
963 14
964 15
965 9
966 12
967 12
968 12
969 14
970 18
971 11
972 16
973 9
974 17
975 10
976 15
977 8
978 17
979 13
980 17
981 11
982 20
983 21
984 12
985 11
986 13
987 20
988 14
989 22
990 22
991 18
992 17
993 24
994 13
995 22
996 20
997 11
998 10
999 23
1000 12
1001 14
1002 19
1003 19
1004 19
1005 28
1006 28
1007 17
1008 20
1009 27
1010 26
1011 21
1012 41
1013 20
1014 28
1015 26
1016 24
1017 33
1018 34
1019 33
1020 29
1021 32
1022 40
1023 30
1024 30
1025 28
1026 30
1027 26
1028 26
1029 29
1030 33
1031 31
1032 27
1033 29
1034 33
1035 26
1036 24
1037 20
1038 23
1039 38
1040 23
1041 23
1042 27
1043 20
1044 29
1045 10
1046 20
1047 22
1048 22
1049 15
1050 24
1051 21
1052 17
1053 21
1054 18
1055 14
1056 18
1057 23
1058 19
1059 17
1060 26
1061 16
1062 22
1063 22
1064 16
1065 13
1066 15
1067 17
1068 19
1069 7
1070 21
1071 7
1072 10
1073 12
1074 20
1075 9
1076 13
1077 14
1078 7
1079 15
1080 12
1081 11
1082 8
1083 10
1084 12
1085 10
1086 8
1087 8
1088 13
1089 21
1090 16
1091 11
1092 4
1093 13
1094 12
1095 6
1096 10
1097 14
1098 17
1099 12
1100 16
1101 19
1102 21
1103 17
1104 21
1105 23
1106 14
1107 13
1108 25
1109 16
1110 17
1111 23
1112 23
1113 16
1114 15
1115 11
1116 25
1117 15
1118 23
1119 27
1120 27
1121 15
1122 20
1123 24
1124 21
1125 16
1126 20
1127 15
1128 19
1129 21
1130 20
1131 17
1132 27
1133 16
1134 15
1135 12
1136 15
1137 13
1138 14
1139 19
1140 15
1141 10
1142 17
1143 10
1144 19
1145 12
1146 14
1147 10
1148 11
1149 14
1150 12
1151 7
1152 9
1153 7
1154 11
1155 7
1156 15
1157 8
1158 6
1159 15
1160 13
1161 10
1162 12
1163 8
1164 7
1165 10
1166 8
1167 4
1168 7
1169 7
1170 6
1171 7
1172 11
1173 4
1174 4
1175 8
1176 4
1177 5
1178 9
1179 6
1180 10
1181 6
1182 6
1183 4
1184 3
1185 7
1186 4
1187 13
1188 3
1189 7
1190 4
1191 9
1192 7
1193 8
1194 7
1195 6
1196 10
1197 4
1198 6
1199 7
1200 6
1201 8
1202 5
1203 6
1204 5
1205 3
1206 7
1207 7
1208 8
1209 8
1210 13
1211 6
1212 6
1213 14
1214 4
1215 9
1216 4
1217 3
1218 4
1219 7
1220 5
1221 7
1222 9
1223 6
1224 13
1225 10
1226 10
1227 8
1228 9
1229 7
1230 12
1231 6
1232 7
1233 7
1234 10
1235 8
1236 8
1237 9
1238 6
1239 5
1240 10
1241 6
1242 13
1243 5
1244 10
1245 8
1246 10
1247 11
1248 10
1249 12
1250 12
1251 11
1252 8
1253 12
1254 19
1255 7
1256 8
1257 8
1258 6
1259 6
1260 7
1261 9
1262 7
1263 8
1264 11
1265 11
1266 12
1267 16
1268 17
1269 10
1270 12
1271 14
1272 10
1273 14
1274 11
1275 21
1276 19
1277 23
1278 27
1279 22
1280 29
1281 22
1282 28
1283 20
1284 20
1285 28
1286 29
1287 35
1288 37
1289 40
1290 43
1291 33
1292 51
1293 59
1294 52
1295 44
1296 57
1297 65
1298 81
1299 84
1300 110
1301 113
1302 108
1303 128
1304 179
1305 149
1306 191
1307 180
1308 212
1309 221
1310 223
1311 257
1312 269
1313 316
1314 306
1315 383
1316 426
1317 466
1318 432
1319 469
1320 525
1321 584
1322 590
1323 665
1324 679
1325 778
1326 832
1327 906
1328 963
1329 992
1330 1086
1331 1129
1332 1261
1333 1281
1334 1380
1335 1479
1336 1545
1337 1687
1338 1704
1339 1855
1340 2014
1341 2163
1342 2272
1343 2351
1344 2604
1345 2644
1346 2782
1347 2964
1348 3132
1349 3403
1350 3515
1351 3712
1352 3793
1353 4090
1354 4390
1355 4509
1356 4772
1357 5028
1358 5280
1359 5537
1360 5698
1361 5976
1362 6272
1363 6658
1364 6725
1365 7020
1366 7419
1367 7666
1368 8051
1369 8365
1370 8756
1371 8782
1372 9195
1373 9693
1374 9935
1375 10217
1376 10608
1377 10838
1378 11239
1379 11677
1380 12046
1381 12112
1382 12553
1383 12988
1384 13661
1385 13944
1386 14075
1387 14400
1388 14914
1389 15361
1390 15767
1391 16039
1392 16308
1393 16753
1394 17423
1395 17582
1396 18014
1397 18386
1398 18875
1399 19192
1400 19506
1401 19427
1402 20085
1403 20646
1404 20949
1405 21007
1406 21064
1407 21564
1408 21210
1409 21989
1410 22072
1411 22144
1412 22341
1413 22639
1414 23052
1415 22916
1416 23258
1417 23296
1418 23301
1419 23681
1420 23721
1421 23832
1422 23665
1423 23686
1424 23579
1425 23569
1426 23697
1427 23217
1428 23507
1429 23588
1430 23390
1431 23337
1432 22890
1433 23164
1434 22869
1435 22573
1436 22200
1437 22071
1438 21593
1439 21761
1440 21312
1441 20982
1442 20972
1443 20409
1444 20381
1445 20191
1446 19534
1447 19359
1448 19062
1449 18765
1450 18167
1451 17867
1452 17428
1453 17092
1454 16969
1455 16217
1456 16115
1457 15479
1458 15140
1459 14703
1460 14335
1461 13918
1462 13564
1463 13173
1464 12820
1465 12614
1466 11963
1467 11799
1468 11208
1469 11058
1470 10637
1471 10446
1472 10011
1473 9675
1474 9262
1475 9119
1476 8695
1477 8308
1478 8154
1479 7848
1480 7611
1481 7169
1482 6990
1483 6608
1484 6527
1485 6182
1486 5875
1487 5672
1488 5529
1489 5176
1490 5094
1491 4713
1492 4541
1493 4389
1494 4103
1495 3909
1496 3635
1497 3517
1498 3393
1499 3146
1500 3105
1501 2824
1502 2767
1503 2566
1504 2387
1505 2288
1506 2143
1507 1984
1508 1989
1509 1864
1510 1828
1511 1690
1512 1575
1513 1578
1514 1358
1515 1380
1516 1279
1517 1158
1518 1036
1519 1051
1520 985
1521 906
1522 828
1523 829
1524 726
1525 702
1526 673
1527 631
1528 586
1529 507
1530 531
1531 481
1532 420
1533 429
1534 392
1535 361
1536 331
1537 358
1538 289
1539 298
1540 262
1541 259
1542 230
1543 247
1544 214
1545 199
1546 188
1547 159
1548 160
1549 169
1550 140
1551 135
1552 127
1553 107
1554 115
1555 94
1556 81
1557 88
1558 68
1559 80
1560 73
1561 61
1562 52
1563 55
1564 58
1565 51
1566 62
1567 50
1568 50
1569 45
1570 54
1571 52
1572 42
1573 41
1574 38
1575 32
1576 35
1577 37
1578 32
1579 32
1580 42
1581 43
1582 47
1583 45
1584 56
1585 44
1586 50
1587 53
1588 37
1589 54
1590 48
1591 49
1592 59
1593 30
1594 48
1595 42
1596 51
1597 51
1598 40
1599 43
1600 39
1601 43
1602 51
1603 40
1604 51
1605 41
1606 43
1607 51
1608 42
1609 41
1610 39
1611 45
1612 48
1613 37
1614 48
1615 31
1616 28
1617 35
1618 39
1619 40
1620 40
1621 28
1622 36
1623 23
1624 29
1625 47
1626 59
1627 39
1628 31
1629 40
1630 37
1631 26
1632 38
1633 22
1634 34
1635 34
1636 24
1637 26
1638 28
1639 24
1640 23
1641 27
1642 27
1643 22
1644 17
1645 21
1646 21
1647 21
1648 21
1649 19
1650 22
1651 30
1652 20
1653 21
1654 23
1655 10
1656 17
1657 12
1658 14
1659 10
1660 17
1661 12
1662 13
1663 11
1664 15
1665 14
1666 13
1667 12
1668 11
1669 9
1670 8
1671 8
1672 11
1673 7
1674 3
1675 7
1676 7
1677 11
1678 11
1679 9
1680 10
1681 6
1682 13
1683 12
1684 9
1685 8
1686 9
1687 14
1688 10
1689 9
1690 10
1691 11
1692 10
1693 11
1694 12
1695 15
1696 7
1697 14
1698 9
1699 13
1700 9
1701 8
1702 6
1703 5
1704 7
1705 5
1706 11
1707 3
1708 6
1709 2
1710 3
1711 3
1712 2
1713 2
1714 7
1716 3
1717 1
1718 4
1719 4
1720 4
1721 4
1722 2
1723 2
1724 1
1725 3
1726 3
1727 2
1728 2
1729 3
1730 5
1731 1
1732 1
1733 2
1734 2
1735 3
1736 3
1737 1
1738 2
1739 1
1740 1
1741 3
1742 3
1743 2
1744 3
1745 2
1746 2
1747 3
1748 3
1749 6
1750 1
1751 1
1752 3
1753 2
1754 2
1755 7
1756 1
1757 8
1758 4
1759 6
1760 4
1761 5
1762 1
1763 6
1764 3
1765 4
1766 2
1767 4
1768 2
1769 4
1770 7
1771 1
1772 2
1773 4
1774 2
1775 2
1777 3
1778 3
1779 3
1780 3
1781 5
1782 6
1783 6
1784 5
1785 6
1786 6
1787 1
1788 6
1789 5
1790 5
1791 4
1792 7
1793 5
1794 5
1795 7
1796 6
1797 2
1798 5
1799 7
1800 1
1801 3
1802 3
1803 7
1804 3
1805 8
1806 3
1807 6
1809 4
1810 1
1811 5
1813 4
1814 4
1815 4
1816 6
1817 4
1818 2
1819 9
1820 9
1821 3
1822 7
1823 7
1824 5
1825 10
1826 7
1827 4
1828 9
1829 3
1830 3
1831 2
1832 3
1833 5
1835 4
1836 3
1837 4
1838 4
1839 6
1840 2
1841 9
1842 5
1843 3
1844 7
1845 3
1846 3
1847 1
1848 6
1849 3
1850 3
1851 5
1852 4
1853 2
1854 4
1855 4
1856 3
1857 1
1858 4
1859 4
1860 4
1861 4
1862 7
1863 3
1864 2
1865 1
1866 4
1867 5
1869 4
1870 2
1871 2
1872 3
1873 3
1874 4
1875 3
1876 9
1877 4
1878 2
1879 6
1880 4
1881 8
1882 5
1883 4
1884 2
1885 4
1886 4
1887 6
1888 3
1889 1
1890 2
1891 4
1892 1
1893 3
1894 1
1895 3
1896 1
1897 2
1898 3
1899 2
1902 5
1903 2
1904 6
1905 1
1906 7
1907 4
1908 2
1909 3
1910 2
1911 3
1912 1
1913 1
1914 3
1915 3
1916 4
1917 5
1918 1
1919 2
1920 4
1921 4
1922 2
1923 7
1924 1
1925 2
1926 2
1927 2
1928 3
1929 3
1930 5
1931 3
1932 3
1933 4
1934 2
1935 4
1936 1
1937 5
1938 2
1939 2
1940 6
1941 2
1942 1
1943 2
1944 3
1946 1
1947 4
1948 5
1949 4
1950 4
1952 3
1953 3
1954 1
1955 2
1956 5
1957 1
1958 2
1959 2
1960 3
1961 1
1962 4
1963 4
1964 3
1965 1
1966 2
1967 3
1968 6
1969 1
1970 4
1971 4
1972 1
1973 3
1974 3
1975 1
1976 1
1977 5
1979 3
1980 2
1981 2
1982 1
1983 3
1984 2
1985 1
1986 3
1987 2
1988 1
1989 4
1990 5
1991 1
1992 1
1993 2
1994 4
1995 3
1996 4
1997 2
1998 3
1999 6
2000 2
2001 4
2002 4
2003 1
2004 1
2005 2
2006 1
2007 2
2008 1
2009 1
2010 1
2011 1
2012 1
2015 2
2016 1
2017 3
2018 2
2019 1
2020 5
2021 2
2022 1
2023 2
2024 1
2025 3
2026 5
2027 2
2029 1
2030 2
2031 1
2032 1
2033 1
2034 3
2035 3
2037 1
2038 2
2039 2
2041 1
2042 2
2043 4
2044 3
2045 5
2046 3
2047 3
2048 1
2049 3
2050 3
2051 1
2052 3
2053 1
2054 2
2055 1
2056 4
2057 2
2058 4
2059 2
2060 1
2061 2
2062 1
2063 1
2064 4
2065 2
2066 2
2067 2
2068 1
2069 1
2070 4
2071 2
2072 2
2073 3
2074 5
2075 1
2076 3
2077 3
2078 3
2079 3
2080 3
2081 3
2082 2
2083 1
2084 4
2085 2
2086 3
2087 1
2088 1
2089 2
2090 1
2092 3
2093 3
2094 1
2095 4
2096 1
2097 1
2098 3
2099 2
2100 1
2102 1
2103 2
2104 2
2105 2
2106 1
2107 2
2108 1
2109 2
2110 2
2113 1
2114 2
2115 1
2116 1
2117 1
2119 2
2121 1
2122 1
2124 1
2125 3
2126 3
2128 2
2129 3
2130 3
2131 1
2132 3
2133 1
2134 3
2135 2
2136 2
2137 1
2138 2
2139 3
2140 1
2141 1
2142 3
2144 1
2145 3
2146 4
2147 2
2150 1
2151 1
2152 1
2153 1
2155 2
2156 1
2157 1
2158 2
2160 2
2161 3
2162 1
2163 2
2168 1
2170 1
2171 3
2174 1
2175 2
2177 3
2178 2
2179 2
2180 1
2181 1
2183 4
2185 1
2186 1
2187 2
2188 1
2192 1
2193 1
2195 1
2196 2
2197 1
2199 1
2204 1
2206 1
2209 3
2210 1
2211 1
2213 3
2216 2
2218 3
2219 4
2220 1
2222 1
2224 1
2227 1
2228 1
2229 1
2231 1
2232 3
2233 1
2234 1
2235 1
2236 1
2237 1
2239 1
2240 1
2241 1
2244 4
2245 1
2246 1
2247 2
2248 1
2249 2
2250 1
2251 1
2252 1
2253 1
2254 1
2255 1
2256 4
2257 3
2258 1
2259 2
2260 1
2262 1
2263 4
2264 2
2265 3
2266 3
2267 4
2269 6
2270 5
2271 3
2272 2
2273 2
2274 3
2275 2
2276 5
2277 4
2278 2
2279 3
2280 1
2281 2
2282 2
2283 1
2284 1
2285 1
2286 4
2287 1
2288 3
2289 2
2290 1
2291 3
2293 1
2295 2
2296 1
2298 1
2299 1
2300 4
2301 3
2302 3
2303 4
2304 1
2306 3
2307 4
2308 1
2309 1
2310 1
2311 4
2313 2
2314 2
2315 1
2316 2
2317 2
2318 1
2319 1
2320 1
2321 2
2322 2
2323 1
2324 2
2325 4
2326 2
2327 4
2328 7
2329 1
2330 2
2331 2
2332 4
2333 2
2334 3
2335 4
2336 5
2337 1
2338 1
2339 2
2340 4
2341 3
2342 3
2343 5
2344 2
2345 1
2346 4
2347 3
2348 1
2349 1
2350 2
2351 3
2353 1
2354 1
2355 3
2357 1
2358 2
2359 2
2360 1
2362 1
2363 1
2364 3
2367 1
2368 2
2369 3
2370 1
2372 1
2373 2
2374 2
2375 3
2377 1
2380 2
2381 1
2382 1
2383 3
2384 1
2385 2
2386 1
2387 2
2388 1
2389 1
2390 1
2394 1
2396 2
2399 5
2400 3
2401 3
2402 1
2404 1
2405 1
2406 1
2407 1
2409 2
2410 1
2412 1
2413 1
2414 1
2415 3
2416 2
2417 1
2419 1
2420 2
2421 3
2423 1
2425 1
2426 1
2428 1
2431 1
2432 1
2433 1
2437 1
2441 1
2442 1
2443 3
2446 1
2449 2
2451 3
2452 1
2453 1
2456 1
2457 2
2458 1
2460 1
2461 1
2462 2
2463 1
2464 1
2466 1
2467 1
2469 1
2470 3
2471 2
2472 1
2473 2
2474 2
2475 3
2477 1
2481 2
2482 4
2483 2
2484 1
2485 1
2487 2
2488 1
2490 1
2493 1
2498 1
2499 2
2501 2
2502 1
2508 1
2513 1
2514 2
2515 1
2516 1
2518 1
2520 1
2526 1
2529 1
2532 1
2538 2
2539 1
2541 1
2542 2
2547 1
2551 1
2554 1
2556 1
2562 1
2564 1
2566 1
2568 1
2572 1
2574 1
2575 1
2578 2
2580 1
2583 1
2585 1
2587 1
2588 1
2591 1
2592 1
2593 2
2594 2
2595 1
2597 2
2601 1
2606 1
2611 1
2618 1
2621 1
2622 1
2623 1
2625 2
2629 1
2634 1
2641 1
2644 1
2646 1
2649 1
2651 1
2652 1
2656 1
2658 1
2662 1
2664 1
2666 2
2667 2
2668 1
2675 2
2678 1
2683 1
2684 1
2686 1
2687 1
2689 2
2690 1
2695 2
2697 1
2698 1
2699 1
2702 1
2703 3
2704 5
2707 2
2708 2
2709 2
2710 1
2711 3
2712 4
2713 1
2714 4
2715 3
2716 4
2717 2
2718 2
2719 4
2720 10
2721 2
2722 4
2723 5
2724 2
2725 4
2726 2
2727 2
2728 2
2729 7
2730 4
2731 2
2732 2
2733 5
2734 5
2735 4
2736 6
2737 3
2738 6
2739 5
2740 4
2741 2
2742 2
2743 5
2744 6
2745 4
2746 8
2747 4
2748 5
2749 8
2750 6
2751 5
2752 7
2753 6
2754 6
2755 4
2756 11
2757 7
2758 9
2759 6
2760 12
2761 10
2762 12
2763 6
2764 15
2765 8
2766 5
2767 13
2768 14
2769 9
2770 14
2771 13
2772 13
2773 12
2774 14
2775 12
2776 15
2777 11
2778 16
2779 13
2780 14
2781 17
2782 20
2783 13
2784 24
2785 24
2786 26
2787 25
2788 16
2789 34
2790 26
2791 17
2792 27
2793 30
2794 33
2795 36
2796 34
2797 28
2798 32
2799 26
2800 30
2801 29
2802 29
2803 33
2804 35
2805 32
2806 43
2807 40
2808 38
2809 39
2810 24
2811 40
2812 31
2813 29
2814 43
2815 40
2816 50
2817 40
2818 40
2819 37
2820 26
2821 43
2822 45
2823 27
2824 32
2825 31
2826 38
2827 27
2828 30
2829 34
2830 36
2831 44
2832 42
2833 34
2834 33
2835 28
2836 29
2837 33
2838 32
2839 25
2840 41
2841 39
2842 27
2843 30
2844 30
2845 35
2846 23
2847 42
2848 37
2849 38
2850 34
2851 29
2852 26
2853 40
2854 19
2855 31
2856 26
2857 31
2858 38
2859 33
2860 32
2861 29
2862 32
2863 39
2864 31
2865 35
2866 25
2867 24
2868 27
2869 19
2870 34
2871 35
2872 34
2873 35
2874 19
2875 33
2876 19
2877 21
2878 29
2879 26
2880 19
2881 31
2882 19
2883 34
2884 26
2885 31
2886 17
2887 31
2888 26
2889 29
2890 35
2891 19
2892 22
2893 23
2894 20
2895 32
2896 17
2897 19
2898 22
2899 21
2900 26
2901 20
2902 22
2903 17
2904 16
2905 23
2906 23
2907 12
2908 20
2909 19
2910 23
2911 16
2912 24
2913 17
2914 22
2915 21
2916 22
2917 22
2918 24
2919 12
2920 24
2921 23
2922 28
2923 26
2924 24
2925 19
2926 19
2927 20
2928 17
2929 20
2930 17
2931 16
2932 19
2933 19
2934 18
2935 20
2936 17
2937 14
2938 17
2939 15
2940 14
2941 19
2942 11
2943 16
2944 10
2945 14
2946 14
2947 11
2948 16
2949 8
2950 10
2951 8
2952 8
2953 6
2954 7
2955 12
2956 9
2957 11
2958 9
2959 8
2960 9
2961 2
2962 9
2963 3
2964 7
2965 6
2966 4
2967 3
2968 3
2969 2
2970 2
2971 5
2972 5
2973 2
2974 2
2975 2
2976 2
2977 1
2978 3
2979 1
2980 3
2981 2
2983 4
2984 5
2985 2
2987 6
2988 1
2989 1
2990 2
2991 1
2992 3
2993 2
2994 1
2995 2
2996 1
2997 2
2998 3
2999 2
3000 2
3001 5
3003 1
3004 2
3006 3
3007 2
3008 1
3009 1
3010 1
3011 1
3012 1
3013 1
3014 1
3016 1
3018 2
3020 2
3022 1
3023 4
3024 1
3032 2
3038 1
3040 1
3045 1
3057 1
3059 1
3066 3
3069 1
3073 1
3076 1
3077 2
3082 1
3093 1
3097 1
3100 1
3103 1
3116 1
3126 1
3127 1
3129 3
3130 1
3132 1
3140 1
3147 1
3157 1
3164 1
3168 1
3174 1
3181 1
3186 1
3189 2
3201 1
3202 1
3206 1
3207 1
3208 1
3214 1
3218 1
3219 1
3220 1
3223 1
3224 1
3227 1
3232 1
3233 6
3234 1
3235 1
3236 2
3240 1
3242 1
3245 2
3246 1
3250 1
3251 1
3254 1
3264 1
3271 1
3275 1
3276 1
3277 1
3278 1
3280 1
3287 1
3290 1
3292 1
3293 1
3294 1
3296 1
3297 1
3303 1
3306 3
3310 1
3313 1
3317 1
3318 1
3319 1
3320 1
3322 1
3324 1
3327 1
3328 1
3331 1
3334 1
3338 1
3339 2
3340 1
3341 3
3342 1
3344 2
3345 1
3347 2
3348 2
3349 1
3350 2
3351 5
3352 1
3353 1
3354 1
3355 1
3359 1
3360 2
3361 1
3362 3
3363 2
3364 1
3366 1
3367 1
3369 1
3370 1
3374 1
3378 2
3379 1
3380 1
3381 1
3382 1
3384 2
3386 3
3388 1
3390 1
3391 2
3395 2
3396 4
3399 1
3400 1
3405 1
3406 1
3407 2
3409 4
3410 1
3412 2
3413 2
3416 2
3417 3
3418 1
3419 1
3424 2
3426 1
3430 1
3432 1
3434 3
3435 1
3437 1
3438 1
3440 1
3441 1
3442 4
3443 2
3444 1
3446 1
3447 2
3448 1
3450 1
3452 1
3453 1
3455 2
3458 1
3459 1
3461 1
3462 1
3464 2
3465 2
3467 1
3469 1
3470 2
3472 2
3476 1
3477 1
3478 1
3480 1
3484 1
3485 2
3488 1
3489 1
3493 1
3495 1
3499 2
3504 1
3510 1
3517 1
3533 1
3535 1
3551 1
3552 1
3553 1
3555 2
3556 1
3557 1
3559 1
3562 2
3565 2
3568 1
3569 1
3571 1
3574 1
3577 1
3578 2
3579 1
3581 2
3583 1
3584 1
3585 1
3586 1
3588 1
3589 1
3590 1
3592 1
3593 1
3594 1
3597 1
3599 2
3603 1
3604 1
3608 2
3610 2
3613 2
3617 1
3619 1
3621 1
3622 2
3623 1
3625 1
3626 1
3630 1
3632 1
3638 1
3644 1
3646 1
3655 1
3656 1
3664 1
3666 1
3674 1
3677 2
3679 1
3681 1
3684 2
3685 1
3691 2
3696 1
3701 1
3704 1
3706 1
3707 1
3708 1
3716 1
3718 1
3719 1
3721 1
3723 1
3724 1
3730 1
3731 2
3732 1
3734 1
3736 1
3737 2
3738 1
3740 2
3741 2
3742 1
3748 2
3750 2
3752 1
3753 1
3756 1
3760 1
3761 1
3765 1
3766 2
3768 1
3769 1
3772 1
3775 1
3777 1
3780 1
3781 1
3782 1
3785 1
3788 1
3791 1
3794 1
3795 1
3797 1
3798 1
3800 1
3801 2
3806 1
3808 2
3812 1
3813 2
3814 1
3816 4
3819 1
3821 1
3822 4
3824 1
3825 2
3826 2
3829 1
3832 1
3837 1
3838 1
3843 1
3846 1
3854 2
3861 1
3870 1
3876 2
3878 1
3884 1
3887 1
3889 1
3891 1
3909 1
3911 1
3915 1
3933 1
3935 1
3938 1
3941 1
3942 2
3943 1
3944 1
3946 2
3948 1
3954 1
3955 1
3967 1
3976 1
3984 2
3987 3
3995 1
4034 1
4045 1
4048 1
4050 1
4055 1
4101 1
4102 1
4113 1
4117 1
4121 1
4128 1
4129 3
4130 1
4132 1
4134 1
4137 3
4138 1
4139 1
4140 2
4142 1
4143 1
4144 1
4145 1
4146 1
4147 1
4148 1
4152 1
4158 1
4159 1
4162 1
4163 2
4164 1
4165 2
4167 1
4173 1
4175 3
4178 2
4181 1
4182 1
4183 1
4185 1
4186 1
4189 1
4191 1
4193 2
4194 1
4195 2
4196 1
4197 2
4198 1
4199 1
4200 1
4202 1
4203 2
4204 3
4205 2
4206 1
4207 2
4208 2
4209 2
4210 1
4211 1
4212 2
4213 3
4214 2
4215 3
4216 1
4218 1
4219 1
4220 6
4221 2
4222 2
4223 1
4224 3
4225 3
4226 1
4227 3
4228 5
4229 1
4231 8
4232 1
4233 2
4234 3
4235 1
4236 3
4237 4
4239 4
4240 2
4241 1
4242 1
4243 2
4245 1
4246 3
4247 1
4249 1
4251 3
4252 1
4253 1
4254 2
4255 4
4256 1
4257 4
4258 3
4259 3
4260 1
4261 1
4262 2
4263 2
4264 4
4265 4
4266 1
4268 1
4269 1
4270 2
4271 3
4272 1
4275 4
4276 4
4278 1
4279 1
4280 1
4281 2
4282 1
4283 3
4285 2
4286 1
4287 5
4288 2
4290 2
4292 2
4293 2
4295 1
4296 1
4297 2
4298 3
4299 3
4300 2
4303 3
4304 1
4306 1
4308 1
4310 3
4311 3
4313 1
4315 2
4319 2
4323 2
4324 3
4325 1
4328 1
4330 1
4331 1
4332 1
4335 1
4337 1
4343 1
4344 1
4345 1
4350 2
4352 1
4353 3
4354 1
4356 2
4357 2
4358 2
4362 1
4363 2
4364 3
4366 2
4368 2
4371 3
4373 2
4375 2
4376 1
4377 1
4379 1
4380 1
4381 1
4383 1
4388 1
4389 1
4391 1
4418 1
4475 1
4479 1
4536 1
4539 2
4548 1
4602 1
4612 1
4617 1
4621 1
4631 1
4650 1
4655 1
4658 1
4662 1
4663 1
4666 1
4668 1
4669 2
4671 2
4672 1
4674 1
4679 1
4680 1
4681 1
4682 2
4683 1
4684 3
4690 1
4691 1
4694 3
4697 1
4699 2
4705 4
4710 2
4711 1
4718 2
4719 1
4720 1
4723 1
4724 1
4726 2
4729 2
4731 2
4737 1
4741 1
4742 2
4743 1
4746 2
4748 1
4749 1
4751 1
4752 3
4754 1
4755 1
4757 2
4759 1
4760 3
4762 1
4763 3
4764 1
4765 1
4766 1
4767 2
4768 1
4772 4
4774 2
4776 1
4778 1
4781 2
4782 2
4783 1
4785 2
4786 1
4787 1
4788 3
4789 2
4790 1
4794 2
4796 2
4798 2
4801 1
4803 1
4804 2
4810 1
4811 1
4812 1
4813 1
4816 1
4822 1
4828 1
4833 2
4834 1
4839 1
4847 1
4850 1
4852 1
4859 1
4878 1
4883 1
4888 1
5470 1
5472 1
5509 1
5516 1
5520 1
5522 1
5525 1
5526 1
5528 1
5530 1
5531 2
5532 1
5533 1
5537 1
5542 2
5543 1
5548 1
5550 1
5551 1
5561 1
5578 1
5583 1
5589 1
5592 1
5594 1
5598 1
5601 1
5608 1
5612 1
5614 1
5620 1
5627 1
5628 1
5637 1
5638 1
5639 1
5647 1
5653 1
5654 1
5657 1
5660 1
5670 1
5676 1
5678 2
5679 1
5683 1
5685 2
5687 1
5688 1
5693 1
5703 1
5707 1
5708 1
5711 1
5714 2
5723 1
5725 1
5729 1
5731 1
5734 1
5736 1
5737 1
5740 1
5779 1
5812 1
5816 1
5819 1
5822 1
5848 1
6020 1
6022 1
6027 1
6696 1
6704 1
6707 1
6771 1
6882 1
6891 1
6897 1
6941 1
6991 1
7019 1
7066 1
7069 1
7076 1
7080 1
7081 1
7084 1
7088 1
7096 1
7105 1
7106 1
7108 1
7111 1
7117 1
7127 1
7142 1
7145 1
7152 1
7184 1
7189 1
7192 1
8344 1
8466 1
8528 1
8529 1
8541 1
8549 2
8550 1
8554 1
8556 1
8558 1
8559 1
8562 1
8563 1
8576 1
8592 1
8596 1
8598 1
8611 1
8619 1
8641 1
8643 1
8655 1
8665 1
8710 1
8723 1
8738 2
8917 1
8925 1
8926 1
8935 1
8943 1
8952 1
8958 2
8968 2
8975 1
9762 1
9782 1
9786 1
9962 1
10001 18
