1 21534348
2 14853859
3 9821592
4 6926064
5 5273423
6 4324627
7 3726235
8 3386027
9 3191809
10 3046937
11 2889305
12 2677819
13 2424489
14 2143488
15 1863717
16 1595001
17 1347577
18 1126093
19 921386
20 746971
21 595820
22 468151
23 360430
24 281658
25 227152
26 194006
27 178464
28 181454
29 196180
30 220749
31 252640
32 290137
33 326170
34 359058
35 385273
36 405910
37 416589
38 414592
39 405599
40 385530
41 357847
42 323703
43 288005
44 251903
45 215051
46 179012
47 146384
48 117439
49 94163
50 74383
51 58551
52 46419
53 37071
54 30741
55 26624
56 25391
57 26306
58 28769
59 32100
60 37494
61 42116
62 48090
63 53498
64 60080
65 66996
66 72945
67 78689
68 83073
69 87027
70 90014
71 91070
72 91733
73 90479
74 88296
75 84104
76 81156
77 76329
78 70145
79 64126
80 57768
81 50978
82 45090
83 39798
84 34249
85 29480
86 24396
87 20451
88 17196
89 14066
90 11967
91 10279
92 8785
93 7923
94 7619
95 7667
96 8365
97 9399
98 10874
99 12957
100 15916
101 19308
102 23021
103 28590
104 33647
105 40193
106 47430
107 55685
108 64224
109 73512
110 83921
111 95052
112 107135
113 119465
114 133231
115 145753
116 159866
117 174480
118 186807
119 199252
120 211239
121 221931
122 233129
123 241167
124 248352
125 253742
126 256807
127 259743
128 260449
129 258317
130 255485
131 250707
132 245087
133 238322
134 228454
135 218190
136 207515
137 195993
138 184149
139 171827
140 159514
141 146947
142 135319
143 123698
144 111996
145 100801
146 90173
147 80459
148 71385
149 62377
150 54998
151 48140
152 41285
153 35737
154 30370
155 26227
156 22220
157 18546
158 15539
159 13053
160 10947
161 9029
162 7571
163 6095
164 5153
165 4213
166 3428
167 2851
168 2373
169 2000
170 1696
171 1454
172 1389
173 1360
174 1238
175 1284
176 1338
177 1454
178 1516
179 1655
180 1808
181 1915
182 2051
183 2348
184 2516
185 2743
186 2943
187 3109
188 3525
189 3802
190 3915
191 4214
192 4501
193 4606
194 4773
195 4933
196 5297
197 5573
198 5568
199 5677
200 5628
201 5818
202 5808
203 5777
204 5740
205 5872
206 5530
207 5560
208 5592
209 5378
210 5186
211 4947
212 4705
213 4505
214 4393
215 3951
216 3832
217 3652
218 3537
219 3296
220 3062
221 2798
222 2628
223 2370
224 2272
225 2061
226 1795
227 1672
228 1566
229 1424
230 1365
231 1281
232 1173
233 1094
234 1011
235 1025
236 990
237 895
238 887
239 863
240 894
241 861
242 818
243 853
244 819
245 854
246 886
247 864
248 842
249 830
250 850
251 918
252 909
253 949
254 957
255 969
256 902
257 964
258 998
259 1024
260 1044
261 1051
262 1109
263 966
264 1037
265 976
266 956
267 1008
268 987
269 887
270 890
271 861
272 798
273 835
274 779
275 730
276 743
277 704
278 645
279 620
280 564
281 524
282 590
283 533
284 461
285 408
286 403
287 413
288 367
289 335
290 332
291 315
292 270
293 254
294 278
295 222
296 251
297 179
298 204
299 152
300 159
301 133
302 106
303 122
304 110
305 86
306 86
307 70
308 89
309 54
310 69
311 82
312 64
313 58
314 64
315 69
316 58
317 66
318 65
319 57
320 65
321 64
322 68
323 77
324 57
325 55
326 62
327 60
328 57
329 78
330 70
331 64
332 67
333 65
334 71
335 71
336 70
337 68
338 75
339 54
340 58
341 80
342 66
343 73
344 72
345 98
346 84
347 75
348 83
349 90
350 80
351 74
352 82
353 88
354 100
355 95
356 105
357 93
358 122
359 137
360 114
361 121
362 123
363 115
364 123
365 121
366 129
367 132
368 123
369 157
370 151
371 158
372 133
373 131
374 154
375 152
376 149
377 178
378 146
379 176
380 170
381 174
382 184
383 187
384 195
385 167
386 164
387 207
388 195
389 185
390 200
391 201
392 173
393 168
394 190
395 202
396 171
397 178
398 181
399 189
400 187
401 205
402 165
403 195
404 179
405 157
406 176
407 152
408 173
409 141
410 155
411 162
412 144
413 133
414 148
415 177
416 140
417 146
418 142
419 128
420 111
421 99
422 125
423 128
424 96
425 113
426 109
427 122
428 103
429 103
430 100
431 107
432 107
433 86
434 82
435 94
436 93
437 84
438 96
439 88
440 73
441 85
442 84
443 81
444 74
445 86
446 80
447 88
448 89
449 82
450 75
451 79
452 83
453 73
454 61
455 73
456 71
457 42
458 66
459 53
460 65
461 64
462 71
463 58
464 56
465 49
466 45
467 60
468 40
469 33
470 45
471 38
472 60
473 43
474 49
475 44
476 59
477 49
478 60
479 49
480 51
481 54
482 73
483 57
484 50
485 61
486 53
487 51
488 46
489 41
490 51
491 51
492 53
493 51
494 60
495 72
496 67
497 60
498 92
499 66
500 91
501 92
502 102
503 92
504 85
505 95
506 94
507 90
508 82
509 89
510 115
511 105
512 105
513 108
514 112
515 96
516 104
517 102
518 119
519 95
520 115
521 125
522 108
523 112
524 124
525 126
526 144
527 154
528 139
529 154
530 149
531 161
532 177
533 117
534 143
535 126
536 152
537 130
538 127
539 119
540 99
541 99
542 106
543 100
544 106
545 87
546 113
547 101
548 104
549 98
550 88
551 74
552 85
553 100
554 84
555 75
556 75
557 67
558 45
559 45
560 61
561 58
562 63
563 61
564 53
565 57
566 33
567 51
568 48
569 36
570 44
571 35
572 48
573 51
574 42
575 42
576 35
577 43
578 42
579 41
580 30
581 40
582 36
583 25
584 31
585 19
586 31
587 31
588 10
589 31
590 21
591 21
592 18
593 21
594 11
595 14
596 17
597 17
598 16
599 15
600 15
601 17
602 21
603 26
604 18
605 31
606 35
607 15
608 23
609 21
610 19
611 15
612 18
613 23
614 20
615 18
616 28
617 20
618 24
619 26
620 29
621 29
622 27
623 21
624 30
625 32
626 32
627 26
628 31
629 42
630 26
631 39
632 34
633 38
634 36
635 41
636 30
637 37
638 29
639 33
640 26
641 42
642 37
643 36
644 20
645 31
646 40
647 46
648 41
649 38
650 43
651 36
652 40
653 35
654 35
655 28
656 41
657 53
658 40
659 41
660 40
661 30
662 32
663 43
664 42
665 51
666 32
667 43
668 24
669 35
670 34
671 32
672 48
673 47
674 33
675 37
676 35
677 43
678 43
679 39
680 37
681 42
682 34
683 29
684 29
685 30
686 41
687 25
688 26
689 38
690 18
691 25
692 21
693 20
694 22
695 19
696 23
697 20
698 21
699 23
700 17
701 20
702 14
703 22
704 26
705 12
706 13
707 22
708 17
709 17
710 17
711 9
712 19
713 25
714 17
715 23
716 18
717 25
718 16
719 14
720 20
721 28
722 24
723 13
724 22
725 9
726 16
727 16
728 11
729 18
730 18
731 15
732 18
733 19
734 13
735 16
736 18
737 18
738 17
739 19
740 20
741 23
742 21
743 17
744 18
745 21
746 13
747 20
748 18
749 17
750 17
751 8
752 16
753 16
754 8
755 13
756 15
757 17
758 14
759 14
760 18
761 9
762 9
763 14
764 15
765 18
766 9
767 13
768 15
769 21
770 12
771 18
772 15
773 16
774 9
775 13
776 13
777 16
778 15
779 9
780 13
781 9
782 9
783 4
784 12
785 15
786 11
787 14
788 14
789 21
790 32
791 19
792 23
793 29
794 30
795 28
796 30
797 39
798 59
799 58
800 60
801 54
802 77
803 74
804 81
805 88
806 106
807 125
808 129
809 144
810 137
811 160
812 185
813 215
814 216
815 249
816 266
817 316
818 334
819 397
820 465
821 485
822 517
823 549
824 640
825 696
826 748
827 855
828 918
829 1017
830 1032
831 1178
832 1320
833 1412
834 1441
835 1610
836 1704
837 1894
838 2024
839 2233
840 2334
841 2594
842 2782
843 2974
844 3166
845 3510
846 3592
847 3784
848 4201
849 4461
850 4714
851 5031
852 5328
853 5668
854 5974
855 6333
856 6876
857 7174
858 7449
859 7951
860 8425
861 8848
862 9369
863 9791
864 10298
865 10688
866 11494
867 11913
868 12380
869 12745
870 13719
871 14319
872 14825
873 15499
874 15999
875 16423
876 17247
877 17672
878 18222
879 18792
880 19478
881 20019
882 20779
883 21109
884 21861
885 22262
886 22881
887 23655
888 24054
889 24576
890 25272
891 25643
892 25845
893 26609
894 26643
895 27390
896 27870
897 27792
898 28621
899 28540
900 29064
901 28945
902 29165
903 29322
904 29317
905 29671
906 29256
907 29186
908 29529
909 29290
910 29274
911 28951
912 28728
913 28647
914 28586
915 28176
916 27916
917 27739
918 27799
919 27279
920 27080
921 26401
922 25912
923 25342
924 24905
925 24248
926 23837
927 23268
928 22576
929 22396
930 21536
931 21146
932 20588
933 20262
934 19696
935 18846
936 18486
937 17782
938 17240
939 16701
940 16284
941 15607
942 15084
943 14432
944 13909
945 13124
946 12653
947 12260
948 11607
949 11047
950 10915
951 10214
952 9742
953 9313
954 9061
955 8556
956 8197
957 7741
958 7331
959 7076
960 6650
961 6159
962 5818
963 5627
964 5255
965 5071
966 4642
967 4463
968 4149
969 3791
970 3604
971 3346
972 3272
973 2936
974 2690
975 2524
976 2391
977 2178
978 2015
979 1893
980 1792
981 1616
982 1486
983 1379
984 1286
985 1181
986 1102
987 999
988 950
989 829
990 794
991 746
992 659
993 622
994 562
995 501
996 502
997 482
998 438
999 394
1000 337
1001 336
1002 304
1003 284
1004 285
1005 268
1006 223
1007 228
1008 244
1009 208
1010 201
1011 188
1012 168
1013 165
1014 139
1015 129
1016 118
1017 109
1018 132
1019 107
1020 93
1021 89
1022 99
1023 102
1024 72
1025 81
1026 56
1027 57
1028 62
1029 67
1030 66
1031 66
1032 61
1033 60
1034 60
1035 51
1036 38
1037 37
1038 37
1039 43
1040 33
1041 37
1042 47
1043 42
1044 30
1045 42
1046 26
1047 34
1048 37
1049 43
1050 30
1051 32
1052 29
1053 25
1054 22
1055 23
1056 22
1057 29
1058 31
1059 25
1060 15
1061 21
1062 23
1063 15
1064 24
1065 20
1066 15
1067 22
1068 19
1069 18
1070 20
1071 14
1072 15
1073 17
1074 15
1075 24
1076 19
1077 24
1078 14
1079 16
1080 12
1081 8
1082 14
1083 16
1084 9
1085 3
1086 10
1087 10
1088 5
1089 15
1090 4
1091 12
1092 10
1093 6
1094 13
1095 4
1096 7
1097 6
1098 15
1099 4
1100 13
1101 4
1102 14
1103 10
1104 8
1105 8
1106 7
1107 7
1108 10
1109 9
1110 14
1111 6
1112 8
1113 6
1114 7
1115 2
1116 8
1117 11
1118 8
1119 10
1120 8
1121 13
1122 17
1123 9
1124 5
1125 6
1126 8
1127 8
1128 7
1129 6
1130 7
1131 2
1132 9
1133 8
1134 6
1135 4
1136 1
1137 3
1138 3
1139 5
1140 7
1141 2
1142 4
1143 3
1144 1
1145 6
1146 6
1147 3
1148 6
1149 4
1150 5
1151 3
1152 4
1153 5
1154 5
1155 5
1156 2
1157 5
1158 8
1159 7
1160 15
1161 4
1162 5
1163 10
1164 3
1165 9
1166 4
1167 5
1168 4
1169 6
1170 5
1171 6
1172 4
1173 3
1174 6
1175 4
1176 1
1177 4
1178 3
1179 6
1180 4
1181 4
1182 6
1183 1
1184 3
1185 1
1186 4
1187 3
1188 6
1189 6
1190 6
1191 5
1192 6
1193 9
1194 3
1195 14
1196 7
1197 5
1198 7
1199 4
1200 5
1201 4
1202 9
1203 3
1204 2
1205 1
1206 1
1207 4
1208 4
1209 1
1210 4
1211 4
1212 1
1213 3
1214 1
1215 2
1216 1
1217 3
1218 1
1219 3
1220 5
1221 3
1222 3
1223 1
1224 3
1225 3
1226 5
1227 4
1228 3
1229 5
1230 3
1231 6
1232 2
1233 3
1234 5
1236 3
1237 1
1238 5
1239 4
1240 4
1241 5
1242 3
1243 4
1244 7
1245 10
1246 6
1247 11
1248 7
1249 6
1250 7
1251 11
1252 10
1253 6
1254 2
1255 3
1256 5
1257 4
1258 6
1259 5
1260 2
1261 4
1262 4
1263 6
1264 2
1265 5
1266 3
1267 2
1268 4
1269 3
1270 6
1271 3
1272 3
1273 7
1274 2
1275 5
1276 4
1277 8
1278 2
1279 1
1280 2
1281 4
1282 1
1283 3
1284 4
1285 2
1286 3
1287 4
1288 4
1289 4
1290 2
1291 2
1293 2
1294 2
1295 2
1296 1
1297 9
1298 6
1299 3
1300 4
1301 4
1302 4
1303 2
1304 2
1305 2
1306 3
1307 1
1308 3
1309 3
1310 1
1311 3
1312 2
1313 1
1314 7
1315 3
1316 2
1317 2
1318 3
1320 2
1321 4
1322 1
1323 4
1324 3
1325 5
1326 5
1327 2
1328 5
1329 3
1330 2
1331 2
1332 7
1333 6
1334 7
1335 6
1336 4
1337 2
1338 3
1339 2
1340 6
1341 4
1342 3
1343 2
1344 2
1345 3
1346 3
1347 2
1348 4
1351 2
1353 4
1354 1
1355 4
1356 2
1357 3
1360 4
1361 3
1362 2
1363 1
1364 5
1365 1
1366 2
1367 3
1368 3
1369 2
1371 2
1373 3
1375 1
1376 3
1377 4
1378 2
1379 3
1380 1
1381 1
1382 1
1385 1
1386 4
1387 1
1388 2
1390 4
1391 2
1392 2
1393 2
1395 1
1396 1
1398 1
1399 1
1400 2
1401 1
1402 3
1403 2
1404 1
1405 1
1406 2
1407 1
1409 1
1410 3
1411 2
1412 4
1413 3
1414 4
1415 2
1416 5
1417 3
1419 5
1420 2
1421 3
1422 4
1423 1
1424 5
1425 3
1426 1
1427 2
1428 4
1429 1
1430 3
1431 6
1432 2
1433 4
1434 5
1435 2
1436 3
1437 3
1439 1
1440 4
1441 3
1442 5
1443 1
1446 1
1447 2
1448 3
1449 2
1450 1
1451 1
1452 3
1453 4
1454 5
1455 5
1456 1
1457 5
1458 2
1459 2
1460 5
1461 4
1462 1
1463 2
1464 6
1465 1
1466 3
1467 2
1468 4
1469 4
1471 3
1472 4
1473 3
1474 3
1475 5
1476 7
1477 3
1478 1
1479 3
1480 1
1481 2
1482 4
1483 3
1484 2
1485 1
1486 6
1487 2
1488 1
1490 2
1491 1
1492 3
1493 2
1494 2
1495 3
1496 3
1497 4
1499 1
1500 2
1501 3
1502 1
1503 2
1504 4
1505 4
1506 1
1507 2
1508 3
1509 2
1510 5
1511 2
1512 4
1513 1
1515 1
1517 3
1518 2
1519 3
1521 2
1523 2
1524 2
1525 1
1526 1
1527 1
1528 4
1530 2
1533 2
1534 1
1535 1
1536 1
1537 1
1538 1
1539 3
1541 2
1542 2
1543 3
1544 2
1545 3
1546 1
1547 3
1549 1
1550 2
1553 3
1554 3
1556 1
1557 5
1558 1
1559 1
1560 1
1566 3
1568 1
1569 1
1571 2
1572 5
1573 1
1574 2
1575 2
1576 1
1577 1
1578 1
1579 2
1580 2
1581 1
1582 1
1583 1
1584 2
1585 2
1587 3
1589 2
1590 1
1591 1
1593 2
1594 1
1596 1
1599 2
1600 3
1601 3
1602 1
1603 1
1607 1
1608 1
1609 1
1610 1
1614 1
1616 1
1617 2
1619 2
1620 1
1622 1
1623 1
1624 1
1626 1
1637 1
1641 1
1647 1
1652 1
1653 1
1656 1
1660 2
1661 1
1663 2
1665 1
1666 1
1667 1
1669 1
1673 1
1677 1
1678 1
1679 2
1681 1
1682 1
1684 1
1685 1
1690 1
1692 1
1693 2
1694 1
1695 2
1696 1
1698 2
1699 1
1700 1
1701 2
1702 1
1703 2
1704 1
1705 3
1706 3
1707 2
1708 2
1710 2
1711 2
1712 3
1713 3
1714 3
1715 6
1716 2
1717 1
1718 8
1719 6
1720 7
1721 4
1722 8
1723 4
1724 10
1725 5
1726 4
1727 4
1728 5
1729 3
1730 5
1731 9
1732 10
1733 5
1734 15
1735 12
1736 8
1737 15
1738 11
1739 7
1740 9
1741 10
1742 10
1743 8
1744 9
1745 16
1746 12
1747 12
1748 19
1749 12
1750 13
1751 10
1752 12
1753 20
1754 13
1755 19
1756 11
1757 17
1758 18
1759 15
1760 25
1761 10
1762 20
1763 21
1764 19
1765 26
1766 18
1767 22
1768 26
1769 30
1770 36
1771 25
1772 23
1773 33
1774 29
1775 39
1776 34
1777 31
1778 29
1779 31
1780 23
1781 27
1782 36
1783 45
1784 24
1785 46
1786 36
1787 29
1788 37
1789 36
1790 31
1791 30
1792 33
1793 25
1794 24
1795 45
1796 30
1797 36
1798 39
1799 42
1800 38
1801 39
1802 34
1803 47
1804 46
1805 50
1806 52
1807 58
1808 46
1809 52
1810 54
1811 44
1812 47
1813 45
1814 55
1815 53
1816 55
1817 45
1818 41
1819 35
1820 55
1821 52
1822 45
1823 50
1824 54
1825 50
1826 42
1827 41
1828 46
1829 43
1830 39
1831 39
1832 50
1833 52
1834 39
1835 50
1836 38
1837 60
1838 31
1839 35
1840 32
1841 32
1842 42
1843 49
1844 34
1845 38
1846 38
1847 44
1848 37
1849 46
1850 39
1851 37
1852 39
1853 35
1854 40
1855 31
1856 31
1857 37
1858 23
1859 29
1860 41
1861 33
1862 28
1863 26
1864 15
1865 30
1866 24
1867 23
1868 22
1869 28
1870 40
1871 22
1872 23
1873 18
1874 29
1875 25
1876 21
1877 22
1878 20
1879 22
1880 15
1881 21
1882 8
1883 14
1884 11
1885 11
1886 14
1887 14
1888 12
1889 14
1890 13
1891 9
1892 8
1893 13
1894 4
1895 10
1896 12
1897 14
1898 8
1899 5
1900 13
1901 5
1902 8
1903 13
1904 12
1905 12
1906 9
1907 8
1908 9
1909 8
1910 2
1911 14
1912 10
1913 12
1914 13
1915 7
1916 10
1917 10
1918 8
1919 6
1920 9
1921 6
1922 4
1923 6
1924 5
1925 2
1926 4
1927 1
1928 2
1929 3
1930 1
1931 4
1932 3
1933 4
1934 4
1935 2
1936 1
1937 2
1938 5
1939 2
1940 3
1941 3
1942 2
1943 3
1944 2
1946 2
1948 3
1949 3
1950 2
1953 2
1955 1
1956 1
1957 3
1958 1
1959 3
1960 1
1961 2
1962 1
1964 1
1965 1
1966 1
1967 1
1968 1
1973 1
1977 1
1978 1
1979 4
1980 1
1986 1
1987 1
1988 1
1991 1
1992 1
1993 1
1994 1
1995 1
1996 1
1999 3
2002 1
2005 1
2007 2
2012 1
2015 1
2016 1
2018 1
2019 1
2022 2
2023 1
2025 1
2028 2
2032 1
2033 1
2035 1
2036 1
2044 1
2048 1
2053 2
2056 2
2057 1
2058 1
2059 1
2062 1
2065 1
2069 2
2071 1
2072 1
2073 3
2075 2
2076 3
2077 1
2079 1
2080 2
2081 2
2083 2
2084 1
2085 1
2087 2
2088 1
2089 1
2091 1
2092 1
2095 4
2096 2
2098 2
2099 1
2102 1
2103 3
2105 1
2106 1
2108 1
2112 1
2113 1
2114 1
2115 1
2118 1
2119 1
2121 1
2123 2
2124 1
2125 2
2126 1
2127 2
2128 1
2129 1
2130 2
2133 1
2135 1
2137 1
2138 1
2139 2
2140 1
2143 2
2144 1
2145 2
2146 1
2147 4
2148 2
2149 2
2150 2
2152 2
2153 1
2159 2
2160 1
2161 2
2162 2
2163 1
2164 3
2165 1
2166 1
2167 1
2168 3
2169 1
2170 3
2171 3
2172 2
2173 3
2174 2
2175 1
2176 2
2178 2
2180 2
2183 1
2184 2
2185 3
2186 3
2187 3
2188 1
2189 1
2192 1
2193 2
2194 1
2195 3
2196 2
2197 3
2198 2
2199 1
2201 1
2202 1
2203 1
2204 2
2206 2
2207 3
2210 1
2211 1
2212 3
2213 1
2215 2
2217 2
2218 1
2220 1
2221 4
2223 2
2224 2
2225 1
2226 2
2227 2
2228 1
2229 1
2232 1
2233 1
2238 1
2244 1
2256 1
2261 1
2264 4
2265 1
2266 4
2267 1
2268 1
2269 1
2270 1
2278 2
2279 2
2283 1
2289 1
2298 1
2307 1
2308 1
2309 2
2314 2
2317 2
2320 1
2321 1
2324 1
2328 2
2329 3
2330 1
2331 3
2333 1
2334 2
2335 1
2336 1
2337 1
2338 5
2339 1
2341 2
2342 2
2345 2
2346 1
2347 1
2348 1
2351 1
2352 1
2356 1
2364 1
2366 2
2370 1
2373 1
2375 1
2378 1
2379 1
2386 1
2395 1
2398 1
2402 1
2403 1
2407 1
2408 2
2410 1
2415 3
2419 2
2421 2
2422 3
2424 2
2426 3
2427 2
2428 1
2429 2
2430 2
2431 2
2433 1
2435 2
2436 2
2439 1
2440 1
2441 1
2442 1
2443 1
2448 1
2450 1
2451 2
2454 1
2455 1
2456 1
2457 1
2458 2
2460 1
2462 1
2463 3
2467 1
2469 1
2470 1
2471 2
2472 1
2474 1
2475 1
2476 1
2477 1
2480 2
2481 1
2486 2
2492 1
2493 1
2495 1
2497 1
2498 2
2499 1
2500 1
2501 1
2502 1
2503 2
2504 1
2506 1
2510 1
2511 3
2513 3
2514 1
2523 1
2528 1
2530 1
2531 1
2538 1
2540 1
2541 1
2544 1
2596 1
2597 1
2601 1
2603 1
2609 1
2610 1
2611 2
2619 1
2622 1
2623 3
2625 1
2626 1
2627 1
2630 2
2631 2
2632 2
2634 1
2638 2
2641 1
2642 1
2643 1
2645 1
2646 2
2647 3
2648 2
2649 3
2650 2
2651 4
2653 1
2654 1
2655 2
2656 3
2657 4
2658 2
2659 2
2660 4
2662 2
2663 1
2664 1
2665 2
2667 3
2672 3
2673 2
2674 3
2676 3
2677 1
2678 2
2679 1
2680 4
2681 5
2682 4
2683 3
2684 7
2685 4
2686 4
2687 1
2688 1
2690 2
2691 2
2692 4
2693 4
2694 4
2695 1
2696 4
2697 2
2698 2
2699 4
2700 3
2701 3
2702 2
2703 5
2704 5
2705 3
2706 1
2707 6
2708 5
2709 2
2710 3
2711 3
2712 2
2713 2
2714 2
2715 1
2716 1
2717 5
2719 3
2720 3
2721 4
2723 7
2724 4
2725 1
2726 4
2727 2
2728 1
2729 2
2730 1
2732 3
2734 3
2735 2
2736 3
2737 1
2739 4
2741 3
2742 1
2743 3
2744 2
2745 4
2746 2
2747 2
2749 2
2750 2
2751 2
2752 2
2753 1
2754 1
2755 1
2756 3
2757 1
2758 1
2759 1
2762 2
2765 1
2766 1
2767 2
2768 1
2769 2
2770 1
2771 1
2772 4
2773 1
2776 3
2778 1
2779 1
2785 2
2786 1
2788 1
2793 1
2800 1
2809 1
2818 1
2833 1
2837 1
2839 1
2850 1
2878 1
2889 1
2922 1
2924 1
2937 1
2939 2
2946 1
2962 1
2964 1
2976 1
2977 2
2978 1
2979 1
2986 1
2989 1
2996 1
3004 1
3010 1
3011 1
3012 2
3017 3
3018 1
3021 1
3024 1
3027 1
3031 1
3032 1
3034 1
3036 2
3038 4
3039 1
3041 1
3042 2
3044 2
3045 2
3048 2
3049 1
3050 1
3052 2
3053 2
3055 2
3056 2
3057 1
3058 1
3059 4
3060 1
3061 2
3064 1
3065 1
3067 1
3071 1
3072 2
3073 1
3075 3
3078 2
3079 1
3081 1
3082 2
3083 3
3085 2
3086 2
3087 3
3088 1
3092 2
3093 1
3094 3
3096 1
3097 2
3098 1
3102 2
3103 2
3106 2
3107 1
3108 1
3109 3
3111 1
3112 1
3113 3
3114 1
3115 1
3117 1
3119 2
3121 2
3122 1
3124 2
3126 1
3130 1
3131 1
3132 1
3138 1
3152 1
3162 1
3166 1
3177 1
3453 1
3487 1
3511 1
3519 1
3520 2
3521 1
3522 1
3523 2
3525 1
3527 1
3530 1
3531 1
3533 1
3538 1
3542 1
3547 2
3560 1
3561 1
3563 1
3568 1
3569 1
3576 1
3579 2
3580 1
3581 2
3582 1
3584 3
3586 2
3587 1
3591 4
3593 1
3594 1
3595 1
3596 1
3599 1
3604 1
3607 3
3610 1
3611 1
3613 1
3617 1
3618 1
3619 1
3620 1
3621 1
3622 1
3630 1
3659 1
3676 1
3679 1
3684 1
3696 1
3704 1
3706 1
3715 1
3750 1
3780 1
3784 1
3790 1
3795 1
3799 1
3879 1
3888 1
3901 1
3913 1
3924 1
3944 1
4005 1
4011 1
4029 1
4416 1
4417 1
4418 1
4420 1
4430 1
4435 1
4442 1
4460 1
4465 1
4473 1
4474 1
4513 1
4516 1
4517 1
4518 1
4521 1
4522 1
4528 1
4531 1
4533 1
4535 1
4538 1
4605 1
4609 1
5322 1
5378 1
5398 1
5407 1
5409 1
5414 1
5417 1
5441 1
5445 1
5460 1
5480 1
5487 1
5493 1
5581 1
5582 1
5583 1
5586 1
5588 1
5591 2
5595 1
5596 1
5598 1
5600 1
5609 2
5611 1
5613 1
5621 1
5622 1
5623 1
5624 3
5625 1
5637 1
5641 1
5657 1
5662 1
6282 1
6330 1
6395 1
6414 1
6424 1
7292 1
7307 1
7338 1
8116 1
8215 1
9028 1
9040 1
10001 10
