1 22196120
2 13739627
3 9218453
4 6573553
5 4747268
6 3473583
7 2608701
8 1996813
9 1537843
10 1194317
11 928362
12 746088
13 646686
14 610162
15 618058
16 659492
17 715995
18 773226
19 823132
20 864315
21 899049
22 921256
23 925114
24 923788
25 910786
26 879630
27 842722
28 802503
29 757379
30 707800
31 663436
32 618639
33 578930
34 538474
35 506711
36 474027
37 442629
38 413494
39 389062
40 356584
41 327294
42 297340
43 270989
44 248255
45 232292
46 220954
47 218918
48 222122
49 234621
50 254936
51 282515
52 314807
53 350641
54 390981
55 433973
56 476698
57 520310
58 559436
59 595499
60 625225
61 651807
62 669523
63 681442
64 688749
65 690354
66 684516
67 671782
68 655282
69 632780
70 605399
71 574083
72 540788
73 506541
74 471575
75 436072
76 398827
77 362067
78 326145
79 291906
80 260092
81 231025
82 203018
83 177244
84 153444
85 132669
86 113114
87 97301
88 83872
89 71630
90 61625
91 52499
92 44516
93 38653
94 32956
95 28743
96 25085
97 21967
98 19543
99 17195
100 15387
101 13848
102 12681
103 11567
104 10563
105 9593
106 8971
107 8436
108 7858
109 7181
110 6873
111 6484
112 6168
113 5992
114 5772
115 5506
116 5349
117 5125
118 5086
119 4741
120 4620
121 4589
122 4427
123 4217
124 4219
125 4216
126 3994
127 3925
128 3873
129 3534
130 3551
131 3396
132 3206
133 3211
134 2992
135 2892
136 2733
137 2546
138 2511
139 2400
140 2394
141 2322
142 2269
143 2182
144 2060
145 2014
146 2034
147 1814
148 1677
149 1612
150 1528
151 1409
152 1301
153 1254
154 1208
155 1071
156 1073
157 974
158 950
159 887
160 867
161 771
162 730
163 753
164 735
165 694
166 606
167 568
168 562
169 563
170 489
171 471
172 456
173 438
174 451
175 408
176 436
177 368
178 399
179 403
180 408
181 414
182 390
183 412
184 365
185 381
186 354
187 404
188 344
189 351
190 389
191 388
192 345
193 345
194 347
195 358
196 387
197 369
198 374
199 393
200 387
201 400
202 406
203 373
204 393
205 397
206 351
207 387
208 366
209 378
210 347
211 396
212 356
213 371
214 363
215 369
216 361
217 349
218 374
219 402
220 403
221 420
222 439
223 395
224 405
225 390
226 408
227 383
228 365
229 366
230 329
231 343
232 416
233 346
234 357
235 350
236 331
237 368
238 384
239 364
240 370
241 380
242 389
243 341
244 342
245 321
246 331
247 300
248 331
249 303
250 272
251 277
252 271
253 283
254 261
255 277
256 255
257 200
258 220
259 236
260 242
261 209
262 185
263 185
264 188
265 177
266 171
267 166
268 140
269 157
270 129
271 128
272 118
273 117
274 139
275 115
276 108
277 87
278 104
279 81
280 95
281 92
282 123
283 116
284 138
285 111
286 123
287 111
288 119
289 119
290 109
291 115
292 109
293 128
294 99
295 119
296 132
297 111
298 119
299 122
300 127
301 118
302 169
303 160
304 159
305 158
306 177
307 188
308 198
309 194
310 208
311 200
312 199
313 177
314 180
315 174
316 172
317 183
318 141
319 157
320 154
321 151
322 140
323 143
324 148
325 148
326 146
327 141
328 125
329 123
330 122
331 142
332 124
333 136
334 106
335 114
336 123
337 121
338 112
339 104
340 116
341 101
342 124
343 102
344 93
345 106
346 107
347 84
348 90
349 100
350 95
351 101
352 67
353 69
354 61
355 47
356 59
357 84
358 75
359 53
360 68
361 51
362 54
363 51
364 54
365 51
366 42
367 33
368 49
369 44
370 41
371 46
372 42
373 46
374 44
375 45
376 38
377 30
378 35
379 41
380 40
381 45
382 49
383 43
384 37
385 40
386 33
387 45
388 33
389 26
390 29
391 38
392 49
393 50
394 33
395 44
396 26
397 44
398 45
399 32
400 33
401 39
402 38
403 35
404 27
405 28
406 35
407 44
408 46
409 24
410 35
411 31
412 38
413 31
414 32
415 48
416 38
417 41
418 45
419 43
420 46
421 31
422 41
423 35
424 39
425 26
426 25
427 27
428 36
429 37
430 45
431 24
432 35
433 40
434 42
435 30
436 33
437 37
438 38
439 40
440 30
441 31
442 29
443 30
444 27
445 33
446 33
447 22
448 31
449 33
450 40
451 23
452 51
453 45
454 30
455 36
456 26
457 36
458 37
459 29
460 38
461 25
462 27
463 28
464 34
465 19
466 37
467 30
468 36
469 45
470 33
471 42
472 38
473 38
474 38
475 38
476 30
477 33
478 32
479 40
480 29
481 23
482 29
483 30
484 28
485 29
486 27
487 35
488 20
489 26
490 35
491 37
492 29
493 36
494 29
495 30
496 28
497 26
498 28
499 22
500 15
501 21
502 14
503 20
504 21
505 13
506 24
507 10
508 18
509 11
510 15
511 9
512 12
513 12
514 7
515 12
516 12
517 9
518 9
519 17
520 11
521 13
522 17
523 15
524 9
525 9
526 10
527 5
528 6
529 13
530 12
531 7
532 10
533 12
534 1
535 4
536 11
537 8
538 9
539 7
540 5
541 4
542 10
543 8
544 5
545 7
546 6
547 7
548 8
549 5
550 6
551 8
552 5
553 10
554 8
555 4
556 14
557 4
558 9
559 10
560 11
561 9
562 5
563 4
564 6
565 10
566 3
567 5
568 4
569 5
570 7
571 9
572 8
573 7
574 6
575 6
576 6
577 9
578 6
579 9
580 14
581 8
582 7
583 6
584 9
585 10
586 7
587 4
588 9
589 9
590 11
591 9
592 13
593 8
594 7
595 7
596 2
597 11
598 7
599 7
600 5
601 10
602 3
603 5
605 7
606 5
607 11
608 7
609 5
610 5
611 4
612 1
613 5
614 4
615 6
617 6
618 4
619 3
620 4
621 3
622 2
623 7
624 4
625 5
626 8
627 4
628 7
629 5
630 5
631 7
632 7
633 9
634 13
635 3
636 11
637 14
638 10
639 15
640 11
641 9
642 7
643 9
644 12
645 6
646 9
647 13
648 6
649 4
650 3
651 7
652 10
653 6
654 3
655 9
656 8
657 3
658 10
659 9
660 5
661 4
662 7
663 4
664 4
665 8
666 6
667 3
668 1
669 2
670 3
671 3
672 7
673 4
674 6
675 5
676 4
677 7
678 13
679 5
680 6
681 11
682 5
683 6
684 9
685 8
686 4
687 7
688 8
689 4
690 7
691 10
692 5
693 6
694 8
695 7
696 7
697 6
698 1
699 3
700 6
701 6
702 3
703 5
704 7
705 4
706 4
707 13
708 7
709 8
710 8
711 9
712 15
713 10
714 15
715 11
716 8
717 14
718 8
719 8
720 12
721 10
722 5
723 11
724 8
725 9
726 9
727 7
728 8
729 5
730 6
731 7
732 3
733 5
734 3
735 2
736 1
737 3
738 2
739 2
740 4
741 3
742 1
743 1
744 4
745 1
746 5
747 3
748 2
749 3
750 3
751 3
752 3
753 6
754 3
755 6
756 8
757 4
758 10
759 5
760 5
761 8
762 4
763 14
764 6
765 2
766 7
767 8
768 12
769 6
770 7
771 6
772 6
773 3
774 5
775 3
776 4
777 6
778 6
779 5
780 5
782 4
783 4
784 3
785 6
786 5
787 5
788 6
789 4
790 6
791 8
792 7
793 11
794 7
795 9
796 11
797 7
798 6
799 5
800 10
801 10
802 15
803 8
804 16
805 16
806 11
807 12
808 16
809 7
810 11
811 7
812 10
813 8
814 5
815 12
816 8
817 2
818 7
819 4
820 6
821 6
822 3
823 5
824 7
825 6
826 12
827 9
829 9
830 6
831 6
832 10
833 8
834 12
835 9
836 5
837 9
838 8
839 12
840 15
841 14
842 8
843 11
844 7
845 12
846 12
847 14
848 9
849 10
850 16
851 13
852 9
853 13
854 8
855 10
856 8
857 14
858 11
859 10
860 8
861 7
862 13
863 6
864 6
865 10
866 10
867 12
868 11
869 7
870 5
871 10
872 7
873 10
874 5
875 8
876 6
877 9
878 13
879 13
880 10
881 8
882 11
883 11
884 7
885 6
886 5
887 10
888 7
889 10
890 7
891 7
892 11
893 10
894 12
895 10
896 18
897 12
898 14
899 12
900 12
901 13
902 9
903 9
904 9
905 9
906 9
907 5
908 7
909 11
910 5
911 5
912 3
913 5
914 4
915 4
916 6
917 5
918 2
919 4
920 3
921 2
922 3
923 1
924 4
925 1
926 4
927 5
928 2
929 3
930 4
931 3
932 6
933 1
934 2
936 3
937 3
938 2
939 4
940 1
942 2
943 2
944 4
945 6
946 9
947 3
948 7
949 6
950 5
952 2
953 3
954 5
955 7
956 2
957 5
958 3
959 4
960 5
961 3
962 2
963 5
964 2
965 5
966 3
967 3
968 4
969 2
970 6
971 5
972 2
973 4
974 2
975 1
976 4
977 6
978 1
979 2
980 4
982 2
983 3
984 2
985 5
986 2
987 5
988 3
989 4
990 4
991 3
992 4
993 3
994 3
995 2
996 2
997 3
998 1
999 1
1000 2
1001 1
1002 1
1003 2
1005 1
1007 2
1009 1
1011 1
1012 1
1013 1
1014 1
1017 2
1022 1
1023 1
1025 1
1027 1
1028 1
1031 3
1033 2
1034 2
1035 2
1037 2
1040 1
1043 1
1047 2
1048 1
1051 2
1052 1
1053 2
1054 3
1057 1
1059 1
1060 1
1061 1
1063 1
1064 3
1065 2
1066 2
1067 1
1068 1
1069 1
1072 2
1073 2
1074 1
1075 2
1076 3
1077 1
1078 1
1079 1
1080 1
1083 1
1084 1
1085 2
1086 2
1087 1
1091 1
1093 2
1097 1
1100 2
1107 1
1109 1
1110 1
1111 1
1112 1
1114 1
1115 1
1116 1
1118 1
1122 1
1125 1
1126 1
1127 3
1128 3
1129 3
1130 1
1133 2
1135 1
1136 1
1138 2
1140 1
1148 1
1154 2
1158 1
1160 1
1162 1
1172 1
1182 1
1183 1
1188 1
1192 1
1194 1
1196 1
1197 1
1201 1
1203 1
1207 1
1208 1
1210 3
1211 1
1212 1
1213 1
1214 3
1215 1
1217 4
1218 2
1219 1
1220 2
1221 2
1222 1
1224 1
1232 1
1233 1
1234 1
1236 1
1237 1
1238 1
1240 1
1244 1
1245 1
1252 2
1253 1
1255 1
1256 1
1257 2
1258 2
1260 1
1264 1
1265 1
1266 1
1267 2
1269 4
1271 1
1272 2
1274 2
1276 1
1278 2
1280 1
1288 2
1291 1
1301 1
1303 1
1306 1
1307 2
1331 1
1342 1
1355 1
1359 1
1383 1
1384 1
1395 2
1399 1
1404 1
1405 3
1410 1
1416 1
1449 1
1468 1
1479 1
1490 1
1503 1
1523 3
1536 1
1537 1
1540 1
1542 2
1543 1
1544 1
1545 1
1546 2
1547 1
1548 2
1549 1
1564 1
1566 1
1569 1
1571 1
1573 1
1607 1
1609 1
1610 1
1618 2
1620 1
1624 1
1626 1
1628 1
1690 1
1732 1
1744 1
1762 1
1774 1
1786 1
1791 1
1793 2
1796 1
1808 2
1813 2
1815 1
1820 1
1824 1
1830 1
1848 1
1858 1
1867 1
1872 2
1876 1
1877 2
1878 1
1881 1
1884 4
1887 2
1888 3
1889 1
1890 1
1891 1
1896 1
1900 1
1913 1
1927 1
1964 1
1970 1
1984 1
1989 3
1990 1
1995 1
1997 1
2000 1
2002 1
2004 1
2006 1
2012 1
2028 1
2033 1
2034 1
2037 1
2042 1
2044 2
2046 1
2050 1
2052 1
2061 1
2074 1
2078 1
2091 1
2092 1
2110 1
2190 1
2195 1
2225 1
2252 1
2256 1
2257 1
2270 1
2272 1
2317 1
2319 2
2381 1
2391 1
2394 1
2412 1
2417 1
2450 1
2462 1
2465 1
2474 1
2477 2
2479 1
2480 2
2482 1
2484 1
2486 1
2529 1
2533 1
2543 1
2548 1
2580 1
2586 1
2592 1
2595 2
2602 1
2651 1
2654 1
2657 1
2948 1
2958 1
2962 1
2965 1
2972 1
2973 1
2984 2
2986 1
2987 1
2992 1
2993 1
3001 1
3002 1
3008 1
3009 2
3011 1
3033 1
4251 1
4315 1
4560 1
4649 1
4865 1
4960 1
6339 1
6419 1
6420 1
6423 1
6427 1
6431 2
6438 1
6439 1
6445 1
6449 1
