1 19983868
2 7136094
3 3331887
4 2067680
5 1617385
6 1474416
7 1480276
8 1545132
9 1590319
10 1588227
11 1534719
12 1435800
13 1320712
14 1194967
15 1064840
16 933446
17 814930
18 700507
19 599731
20 521112
21 459783
22 414908
23 383271
24 363250
25 354841
26 352200
27 351265
28 352904
29 356587
30 355963
31 358262
32 359700
33 361173
34 359537
35 356728
36 353591
37 349847
38 340543
39 330601
40 317568
41 302160
42 286547
43 270082
44 247434
45 224673
46 200133
47 175191
48 150960
49 129017
50 106286
51 87719
52 69975
53 55928
54 43378
55 33525
56 25147
57 19116
58 14347
59 10762
60 7851
61 5921
62 4546
63 3507
64 2995
65 2590
66 2385
67 2164
68 2016
69 1819
70 1754
71 1546
72 1413
73 1334
74 1307
75 1251
76 1216
77 1252
78 1122
79 1051
80 1047
81 982
82 1032
83 993
84 1067
85 975
86 957
87 938
88 921
89 924
90 957
91 889
92 927
93 906
94 898
95 784
96 778
97 692
98 603
99 638
100 562
101 514
102 427
103 385
104 359
105 322
106 320
107 354
108 363
109 352
110 358
111 410
112 391
113 418
114 427
115 424
116 449
117 400
118 371
119 368
120 369
121 414
122 379
123 394
124 425
125 428
126 394
127 466
128 450
129 431
130 435
131 385
132 380
133 367
134 332
135 320
136 321
137 264
138 291
139 292
140 226
141 227
142 208
143 217
144 217
145 209
146 172
147 149
148 145
149 201
150 189
151 171
152 159
153 162
154 156
155 139
156 127
157 116
158 112
159 142
160 141
161 114
162 138
163 97
164 102
165 107
166 85
167 116
168 135
169 161
170 161
171 151
172 154
173 176
174 220
175 285
176 304
177 373
178 446
179 566
180 669
181 909
182 1081
183 1295
184 1495
185 1831
186 2155
187 2598
188 3070
189 3628
190 4465
191 5069
192 6036
193 6674
194 7838
195 8831
196 10331
197 11904
198 13618
199 15437
200 17194
201 19141
202 21659
203 24258
204 26828
205 29559
206 32904
207 36120
208 39351
209 42459
210 46079
211 49620
212 53349
213 57430
214 61051
215 64778
216 68559
217 72990
218 76412
219 81183
220 84568
221 88579
222 91589
223 95718
224 99302
225 102694
226 105897
227 108142
228 111077
229 113048
230 114930
231 117660
232 119442
233 120744
234 122586
235 123336
236 123547
237 124131
238 123594
239 122626
240 121247
241 120918
242 118785
243 117186
244 115644
245 112772
246 110008
247 107240
248 103459
249 100403
250 97011
251 93347
252 89430
253 85709
254 81702
255 78006
256 73885
257 69696
258 65580
259 61116
260 57285
261 52851
262 49377
263 45136
264 41332
265 38378
266 34809
267 31686
268 28827
269 26227
270 23678
271 21444
272 19029
273 16928
274 15052
275 13569
276 11915
277 10629
278 9199
279 8113
280 7127
281 6330
282 5396
283 4670
284 4064
285 3466
286 3010
287 2586
288 2175
289 1825
290 1580
291 1370
292 1093
293 930
294 791
295 657
296 581
297 469
298 390
299 372
300 326
301 261
302 223
303 191
304 173
305 140
306 148
307 120
308 124
309 126
310 108
311 100
312 81
313 104
314 99
315 92
316 72
317 61
318 78
319 78
320 74
321 57
322 79
323 84
324 77
325 73
326 64
327 68
328 73
329 58
330 77
331 61
332 57
333 39
334 35
335 34
336 34
337 36
338 28
339 12
340 28
341 27
342 18
343 26
344 33
345 19
346 34
347 33
348 25
349 32
350 21
351 31
352 26
353 21
354 23
355 21
356 26
357 25
358 23
359 19
360 19
361 24
362 28
363 28
364 23
365 18
366 12
367 15
368 16
369 21
370 15
371 13
372 8
373 11
374 12
375 16
376 11
377 7
378 21
379 19
380 16
381 16
382 15
383 12
384 10
385 12
386 13
387 13
388 11
389 17
390 11
391 10
392 15
393 19
394 15
395 30
396 36
397 19
398 37
399 35
400 41
401 36
402 39
403 48
404 59
405 51
406 58
407 51
408 58
409 56
410 66
411 74
412 104
413 82
414 87
415 105
416 87
417 130
418 111
419 116
420 122
421 121
422 152
423 131
424 157
425 150
426 171
427 186
428 187
429 205
430 206
431 191
432 240
433 207
434 250
435 259
436 268
437 282
438 330
439 301
440 326
441 323
442 353
443 330
444 376
445 389
446 359
447 381
448 380
449 380
450 363
451 343
452 337
453 362
454 384
455 445
456 395
457 430
458 420
459 401
460 437
461 430
462 392
463 409
464 410
465 450
466 416
467 393
468 372
469 384
470 372
471 359
472 385
473 361
474 346
475 348
476 354
477 331
478 357
479 355
480 364
481 368
482 375
483 380
484 361
485 343
486 348
487 354
488 340
489 355
490 356
491 296
492 312
493 355
494 307
495 305
496 301
497 323
498 311
499 343
500 272
501 296
502 301
503 259
504 280
505 227
506 224
507 244
508 220
509 201
510 210
511 175
512 178
513 187
514 163
515 155
516 135
517 160
518 151
519 154
520 125
521 142
522 126
523 130
524 118
525 104
526 91
527 91
528 101
529 80
530 72
531 63
532 53
533 50
534 71
535 52
536 57
537 51
538 44
539 44
540 41
541 47
542 43
543 39
544 39
545 27
546 19
547 19
548 15
549 20
550 13
551 21
552 20
553 22
554 10
555 20
556 13
557 18
558 18
559 24
560 24
561 16
562 13
563 13
564 26
565 16
566 9
567 21
568 23
569 15
570 14
571 21
572 17
573 21
574 17
575 21
576 14
577 14
578 7
579 15
580 18
581 13
582 11
583 9
584 13
585 22
586 25
587 21
588 12
589 19
590 17
591 20
592 14
593 17
594 9
595 16
596 19
597 13
598 18
599 14
600 22
601 15
602 16
603 13
604 21
605 21
606 11
607 13
608 11
609 20
610 19
611 14
612 20
613 26
614 32
615 24
616 25
617 23
618 24
619 27
620 30
621 36
622 30
623 42
624 36
625 45
626 54
627 60
628 47
629 46
630 59
631 56
632 62
633 56
634 60
635 72
636 73
637 76
638 92
639 102
640 97
641 111
642 108
643 120
644 123
645 116
646 114
647 105
648 126
649 142
650 148
651 130
652 134
653 145
654 159
655 152
656 167
657 141
658 166
659 168
660 163
661 168
662 177
663 161
664 195
665 179
666 177
667 169
668 167
669 190
670 158
671 154
672 184
673 147
674 149
675 160
676 136
677 168
678 167
679 174
680 163
681 164
682 160
683 142
684 145
685 150
686 133
687 148
688 132
689 108
690 117
691 114
692 129
693 109
694 104
695 111
696 105
697 103
698 95
699 96
700 90
701 90
702 75
703 78
704 65
705 84
706 59
707 74
708 69
709 68
710 62
711 52
712 71
713 67
714 62
715 49
716 52
717 49
718 54
719 58
720 46
721 44
722 49
723 33
724 34
725 33
726 33
727 39
728 44
729 42
730 35
731 45
732 43
733 36
734 47
735 41
736 33
737 30
738 33
739 34
740 25
741 21
742 25
743 26
744 37
745 20
746 31
747 24
748 21
749 34
750 26
751 24
752 32
753 27
754 29
755 20
756 12
757 10
758 20
759 15
760 18
761 17
762 16
763 12
764 14
765 18
766 15
767 16
768 12
769 17
770 24
771 25
772 9
773 22
774 23
775 20
776 21
777 12
778 24
779 13
780 23
781 21
782 17
783 16
784 15
785 10
786 11
787 12
788 17
789 10
790 10
791 14
792 7
793 8
794 8
795 10
796 12
797 8
798 6
799 14
800 15
801 7
802 10
803 8
804 18
805 16
806 12
807 5
808 14
809 10
810 9
811 9
812 9
813 12
814 7
815 1
816 3
817 3
818 10
819 5
820 6
821 8
822 8
823 3
824 6
825 6
826 9
827 2
828 5
829 8
830 6
831 13
832 4
833 4
834 3
835 6
836 5
837 5
838 12
839 6
840 5
841 12
842 13
843 9
844 15
845 15
846 15
847 14
848 14
849 12
850 17
851 18
852 16
853 21
854 28
855 21
856 20
857 13
858 27
859 20
860 21
861 27
862 25
863 23
864 18
865 20
866 23
867 21
868 20
869 15
870 19
871 17
872 23
873 19
874 20
875 26
876 33
877 34
878 22
879 29
880 41
881 32
882 40
883 38
884 33
885 24
886 44
887 40
888 43
889 38
890 51
891 48
892 38
893 41
894 40
895 52
896 63
897 50
898 59
899 51
900 55
901 49
902 65
903 39
904 42
905 52
906 50
907 54
908 48
909 46
910 40
911 50
912 44
913 40
914 41
915 46
916 37
917 37
918 39
919 34
920 47
921 46
922 50
923 43
924 39
925 30
926 34
927 41
928 25
929 34
930 40
931 26
932 26
933 27
934 31
935 29
936 31
937 25
938 35
939 27
940 32
941 35
942 32
943 29
944 31
945 31
946 25
947 35
948 40
949 38
950 29
951 50
952 37
953 35
954 43
955 43
956 43
957 25
958 48
959 50
960 30
961 39
962 40
963 44
964 35
965 37
966 39
967 51
968 31
969 41
970 43
971 35
972 42
973 40
974 41
975 34
976 40
977 37
978 41
979 41
980 36
981 46
982 48
983 38
984 26
985 45
986 45
987 37
988 29
989 31
990 28
991 32
992 45
993 37
994 38
995 41
996 43
997 20
998 37
999 26
1000 24
1001 24
1002 20
1003 25
1004 20
1005 20
1006 25
1007 26
1008 19
1009 28
1010 13
1011 18
1012 24
1013 27
1014 19
1015 17
1016 15
1017 19
1018 26
1019 23
1020 19
1021 16
1022 17
1023 13
1024 15
1025 26
1026 24
1027 18
1028 13
1029 13
1030 14
1031 14
1032 12
1033 13
1034 12
1035 14
1036 11
1037 15
1038 11
1039 12
1040 7
1041 15
1042 12
1043 12
1044 9
1045 6
1046 6
1047 4
1048 11
1049 4
1050 8
1051 4
1052 6
1053 1
1054 5
1055 5
1056 4
1057 3
1058 7
1059 6
1060 9
1061 4
1062 10
1063 10
1064 6
1065 6
1066 5
1067 6
1068 4
1069 6
1070 11
1071 6
1072 11
1073 13
1074 3
1075 7
1076 4
1077 4
1078 8
1079 7
1080 7
1081 10
1082 8
1083 4
1084 17
1085 8
1086 13
1087 5
1088 15
1089 4
1090 7
1091 6
1092 13
1093 17
1094 13
1095 13
1096 17
1097 15
1098 11
1099 9
1100 17
1101 17
1102 19
1103 35
1104 26
1105 27
1106 25
1107 28
1108 18
1109 26
1110 26
1111 19
1112 27
1113 33
1114 25
1115 36
1116 26
1117 24
1118 23
1119 25
1120 33
1121 26
1122 33
1123 35
1124 28
1125 22
1126 36
1127 49
1128 29
1129 28
1130 31
1131 41
1132 36
1133 42
1134 26
1135 31
1136 35
1137 33
1138 26
1139 28
1140 34
1141 33
1142 26
1143 31
1144 24
1145 26
1146 33
1147 25
1148 30
1149 18
1150 21
1151 31
1152 22
1153 24
1154 22
1155 27
1156 28
1157 29
1158 18
1159 20
1160 21
1161 15
1162 23
1163 15
1164 12
1165 19
1166 23
1167 21
1168 20
1169 24
1170 15
1171 21
1172 17
1173 14
1174 14
1175 14
1176 11
1177 23
1178 13
1179 13
1180 10
1181 13
1182 12
1183 22
1184 15
1185 17
1186 20
1187 19
1188 17
1189 19
1190 14
1191 12
1192 13
1193 14
1194 18
1195 9
1196 12
1197 13
1198 15
1199 16
1200 14
1201 11
1202 25
1203 15
1204 12
1205 11
1206 14
1207 23
1208 13
1209 15
1210 24
1211 17
1212 17
1213 25
1214 17
1215 19
1216 19
1217 18
1218 13
1219 22
1220 14
1221 16
1222 14
1223 16
1224 18
1225 22
1226 14
1227 11
1228 14
1229 9
1230 9
1231 20
1232 16
1233 12
1234 8
1235 10
1236 10
1237 8
1238 7
1239 22
1240 11
1241 14
1242 13
1243 12
1244 13
1245 13
1246 19
1247 13
1248 9
1249 5
1250 12
1251 12
1252 11
1253 12
1254 12
1255 9
1256 11
1257 13
1258 4
1259 9
1260 8
1261 8
1262 8
1263 7
1264 7
1265 6
1266 13
1267 10
1268 9
1269 6
1270 5
1271 2
1272 8
1273 6
1274 7
1275 4
1276 7
1277 6
1278 6
1279 7
1280 9
1281 8
1282 11
1283 6
1284 9
1285 5
1286 11
1287 13
1288 7
1289 7
1290 16
1291 10
1292 5
1293 8
1294 11
1295 15
1296 13
1297 14
1298 9
1299 10
1300 13
1301 21
1302 14
1303 17
1304 20
1305 16
1306 20
1307 20
1308 19
1309 22
1310 25
1311 25
1312 25
1313 10
1314 19
1315 30
1316 28
1317 22
1318 30
1319 22
1320 33
1321 34
1322 33
1323 31
1324 25
1325 28
1326 31
1327 22
1328 36
1329 40
1330 28
1331 35
1332 29
1333 29
1334 26
1335 30
1336 30
1337 25
1338 25
1339 24
1340 23
1341 26
1342 12
1343 24
1344 12
1345 19
1346 17
1347 12
1348 33
1349 21
1350 29
1351 32
1352 13
1353 18
1354 27
1355 24
1356 20
1357 17
1358 9
1359 26
1360 18
1361 28
1362 27
1363 22
1364 22
1365 22
1366 29
1367 21
1368 20
1369 16
1370 20
1371 11
1372 13
1373 20
1374 18
1375 22
1376 20
1377 10
1378 20
1379 13
1380 10
1381 17
1382 26
1383 15
1384 24
1385 7
1386 13
1387 22
1388 6
1389 17
1390 12
1391 8
1392 10
1393 4
1394 9
1395 7
1396 7
1397 1
1398 5
1399 2
1400 5
1401 9
1402 2
1403 10
1404 3
1405 4
1407 9
1408 4
1409 9
1410 3
1411 4
1412 2
1413 1
1414 3
1415 1
1416 2
1417 3
1418 2
1419 6
1420 2
1421 2
1422 6
1423 1
1424 3
1425 3
1426 4
1429 2
1430 3
1432 1
1433 3
1434 2
1435 2
1436 4
1437 2
1439 4
1440 3
1441 1
1442 6
1443 1
1444 6
1445 8
1446 5
1447 2
1448 2
1450 3
1451 2
1452 4
1453 3
1454 2
1455 4
1456 2
1457 4
1458 4
1459 6
1460 3
1461 5
1463 5
1464 9
1465 1
1466 6
1467 2
1468 2
1469 6
1470 6
1471 7
1472 3
1474 5
1475 3
1476 5
1477 2
1478 1
1479 2
1480 2
1481 4
1483 2
1484 2
1485 4
1486 6
1487 3
1488 1
1490 5
1491 3
1492 4
1493 1
1494 5
1495 6
1496 2
1497 2
1498 3
1499 7
1500 3
1501 3
1502 2
1503 1
1504 5
1506 7
1507 2
1508 4
1509 3
1510 5
1511 4
1512 1
1514 2
1515 1
1516 2
1517 2
1518 3
1519 6
1520 3
1521 2
1522 1
1523 3
1524 2
1525 3
1526 2
1527 1
1528 1
1529 2
1530 2
1531 2
1532 3
1533 1
1534 1
1535 3
1536 2
1537 3
1538 1
1540 4
1541 2
1542 2
1543 3
1544 4
1545 3
1547 3
1548 2
1549 3
1550 5
1551 5
1552 3
1554 3
1555 6
1556 2
1557 6
1558 5
1559 1
1560 3
1561 1
1562 6
1563 6
1564 4
1565 3
1566 4
1567 3
1568 3
1569 3
1570 2
1571 1
1572 6
1574 2
1575 2
1576 1
1577 3
1578 3
1579 2
1580 1
1581 2
1582 1
1583 3
1584 3
1586 2
1587 2
1590 4
1591 3
1592 1
1593 6
1594 3
1595 3
1596 1
1597 7
1598 2
1599 3
1600 1
1601 2
1602 2
1603 2
1604 3
1605 2
1606 6
1607 3
1608 3
1609 2
1610 5
1612 2
1613 5
1614 1
1615 2
1616 3
1617 5
1618 2
1620 2
1621 4
1622 2
1624 2
1625 1
1627 1
1630 1
1636 1
1637 1
1656 1
1660 1
1666 2
1672 2
1701 1
1703 1
1705 1
1709 2
1711 1
1713 1
1719 1
1725 1
1739 1
1740 1
1741 1
1742 1
1743 1
1744 1
1745 3
1746 1
1747 2
1748 3
1749 1
1750 1
1751 3
1752 1
1753 4
1755 2
1756 2
1757 5
1758 5
1759 2
1760 2
1761 1
1762 2
1763 3
1764 4
1765 4
1766 2
1767 5
1768 3
1769 5
1770 5
1771 2
1772 2
1773 2
1774 4
1775 4
1776 5
1777 6
1779 4
1780 5
1781 2
1782 2
1783 5
1784 2
1786 3
1787 5
1788 3
1789 5
1790 4
1791 4
1792 4
1793 4
1794 8
1795 4
1796 3
1797 3
1799 1
1800 2
1801 2
1802 3
1803 3
1805 1
1806 2
1807 3
1808 2
1809 2
1811 2
1812 1
1813 1
1814 2
1815 2
1816 4
1817 2
1818 3
1820 3
1821 1
1822 1
1823 1
1824 2
1826 2
1827 1
1829 1
1830 1
1832 1
1838 2
1842 1
1847 1
1849 1
1850 1
1854 1
1858 1
1859 1
1862 1
1867 1
1868 2
1874 1
1876 1
1877 1
1878 1
1880 2
1881 1
1883 2
1884 1
1886 2
1887 1
1891 1
1897 2
1901 1
1905 1
1909 1
1912 1
1913 2
1922 2
1925 1
1931 2
1936 1
1937 1
1938 2
1939 2
1940 1
1941 1
1944 2
1945 1
1947 1
1948 1
1952 1
1953 1
1954 2
1956 2
1957 2
1960 2
1961 3
1964 1
1966 3
1967 2
1968 1
1969 1
1970 3
1971 2
1972 1
1974 2
1975 2
1976 1
1979 1
1982 1
1984 1
1985 2
1988 1
1989 1
1991 1
1992 2
1994 2
1995 3
1996 3
1997 1
1998 1
1999 1
2000 3
2004 6
2005 2
2007 2
2011 1
2012 1
2013 2
2014 1
2015 2
2016 1
2017 2
2019 1
2020 1
2021 1
2023 5
2024 2
2025 4
2026 3
2027 3
2028 1
2029 2
2030 1
2031 5
2032 2
2033 4
2034 1
2035 3
2037 2
2038 2
2039 5
2040 2
2041 1
2042 1
2043 1
2044 2
2045 2
2046 1
2047 2
2049 2
2050 1
2052 2
2054 2
2056 1
2057 2
2058 2
2059 2
2060 2
2063 1
2064 1
2065 1
2066 1
2068 2
2072 1
2076 1
2081 1
2093 2
2095 1
2096 1
2097 2
2098 1
2099 3
2100 1
2103 1
2105 1
2106 3
2111 1
2112 1
2113 2
2116 3
2120 1
2121 1
2127 1
2129 1
2140 2
2152 2
2153 1
2164 1
2167 1
2170 1
2171 1
2173 1
2176 1
2177 1
2179 1
2180 1
2181 1
2183 1
2184 1
2185 1
2188 1
2189 1
2190 1
2191 2
2192 2
2193 2
2194 1
2196 2
2197 2
2199 2
2200 3
2202 3
2203 2
2204 2
2205 2
2206 1
2207 4
2208 2
2209 1
2210 3
2211 1
2212 1
2213 2
2214 1
2215 5
2216 3
2217 2
2218 3
2219 5
2220 2
2221 3
2222 2
2223 1
2224 5
2225 4
2226 1
2227 2
2228 2
2229 4
2230 4
2231 4
2232 2
2233 5
2234 4
2235 5
2236 5
2237 2
2238 2
2239 2
2240 3
2241 2
2242 5
2243 1
2244 6
2246 3
2247 3
2248 3
2249 2
2250 3
2251 1
2252 1
2253 3
2254 3
2255 2
2256 1
2257 3
2258 1
2259 4
2260 3
2261 2
2262 1
2263 2
2264 4
2265 2
2266 5
2267 3
2268 2
2269 2
2270 1
2271 1
2273 2
2274 2
2275 2
2276 1
2277 5
2278 2
2279 1
2280 1
2282 2
2283 4
2284 1
2285 2
2286 1
2287 2
2288 2
2289 2
2290 1
2291 2
2292 5
2293 1
2296 1
2297 1
2298 1
2299 1
2301 1
2302 2
2304 3
2305 1
2308 1
2310 1
2311 1
2312 3
2314 3
2317 3
2318 1
2319 1
2321 2
2323 2
2325 1
2327 3
2328 3
2329 1
2330 2
2332 2
2333 1
2334 1
2338 1
2351 1
2353 1
2354 1
2364 1
2369 1
2370 1
2373 1
2374 1
2375 1
2377 1
2378 2
2384 1
2385 1
2387 1
2390 8
2391 1
2392 3
2393 1
2394 1
2397 1
2398 3
2399 1
2400 2
2401 2
2403 1
2404 2
2405 2
2406 1
2407 2
2408 1
2409 4
2410 3
2412 1
2413 3
2414 3
2415 3
2416 2
2417 4
2418 2
2420 1
2421 1
2422 1
2423 4
2424 6
2425 3
2426 2
2428 4
2429 1
2430 7
2431 4
2432 2
2433 6
2435 4
2436 5
2437 8
2438 5
2439 2
2440 8
2441 2
2442 6
2443 4
2444 3
2445 4
2446 4
2447 1
2448 2
2449 6
2450 3
2451 6
2452 2
2453 2
2454 4
2455 4
2456 2
2457 6
2458 9
2459 7
2460 6
2461 5
2462 5
2463 6
2464 5
2465 4
2466 4
2467 2
2468 3
2469 4
2470 5
2471 4
2472 3
2473 8
2474 4
2475 2
2476 4
2477 4
2478 5
2479 5
2480 4
2481 4
2482 2
2483 10
2484 7
2485 2
2486 6
2487 6
2488 5
2489 6
2490 4
2491 1
2492 2
2493 6
2494 6
2495 2
2496 3
2497 2
2498 1
2499 3
2500 4
2501 4
2502 4
2503 4
2504 5
2505 7
2506 2
2508 5
2510 3
2511 1
2512 2
2513 2
2514 3
2515 1
2516 1
2517 1
2518 3
2519 1
2520 1
2521 4
2522 2
2525 1
2526 2
2527 8
2528 1
2529 3
2530 3
2531 6
2532 2
2533 1
2534 4
2535 1
2536 2
2537 2
2538 1
2539 1
2542 1
2545 1
2547 3
2548 1
2549 1
2551 1
2554 1
2557 1
2565 1
2571 1
2572 1
2573 1
2579 1
2585 1
2594 1
2607 1
2611 1
2613 1
2614 1
2615 1
2616 1
2619 1
2621 3
2624 4
2625 4
2626 3
2627 2
2628 3
2629 2
2630 4
2631 2
2632 5
2633 1
2634 5
2635 3
2636 2
2637 1
2638 3
2639 1
2640 2
2641 2
2643 2
2644 1
2645 3
2646 2
2647 8
2648 2
2649 3
2650 1
2651 1
2653 2
2654 3
2656 1
2657 3
2658 2
2659 5
2660 4
2661 3
2662 6
2663 1
2664 2
2665 3
2666 1
2667 4
2668 6
2669 3
2670 1
2671 2
2672 3
2673 3
2674 1
2675 4
2676 2
2677 2
2678 6
2679 2
2680 5
2681 2
2682 4
2683 2
2685 2
2686 1
2687 2
2688 1
2691 1
2692 1
2693 4
2694 2
2695 6
2696 4
2697 3
2699 1
2700 2
2701 2
2702 1
2704 3
2705 2
2706 1
2708 2
2709 2
2710 6
2713 6
2714 1
2716 2
2717 1
2718 1
2719 3
2720 3
2721 1
2722 2
2725 2
2726 1
2727 2
2728 1
2729 2
2732 3
2733 2
2735 1
2737 1
2738 1
2739 2
2741 1
2743 1
2744 1
2747 1
2748 1
2749 1
2754 1
2763 1
2782 1
2783 1
2788 2
2792 1
2800 1
2802 1
2803 1
2804 1
2806 1
2807 1
2808 3
2809 1
2810 2
2811 5
2812 2
2813 4
2815 2
2816 3
2817 5
2818 3
2820 3
2821 4
2822 2
2823 3
2824 3
2825 1
2827 3
2829 1
2830 3
2831 1
2832 1
2833 2
2836 1
2837 1
2841 3
2842 1
2843 1
2844 2
2845 1
2846 2
2848 3
2850 3
2854 2
2856 1
2857 1
2858 1
2859 2
2860 1
2861 2
2863 3
2864 1
2865 4
2866 2
2867 2
2868 2
2869 5
2870 3
2871 5
2872 1
2873 1
2874 6
2875 1
2876 5
2878 2
2880 2
2881 2
2882 3
2883 1
2884 3
2885 2
2886 3
2887 5
2888 2
2889 4
2890 2
2891 7
2892 2
2893 3
2895 2
2896 2
2897 2
2898 3
2899 1
2900 1
2901 2
2902 5
2903 1
2904 2
2905 4
2906 1
2907 2
2908 1
2909 2
2910 6
2911 2
2912 3
2913 2
2914 2
2915 4
2916 2
2917 1
2918 2
2919 3
2920 1
2922 4
2923 2
2924 6
2925 8
2926 4
2927 4
2928 4
2929 3
2930 6
2931 5
2932 1
2933 1
2934 3
2935 2
2936 2
2937 4
2938 2
2939 2
2940 2
2943 1
2945 1
2948 1
2950 1
2952 1
2953 1
2954 1
2958 1
2959 1
2960 1
2964 2
2965 1
2966 1
2967 1
2969 1
2972 2
2976 1
2979 1
2981 1
2989 1
2990 1
2991 1
2993 1
2994 1
2997 1
2999 3
3000 1
3001 2
3003 1
3004 2
3006 3
3007 1
3008 1
3009 1
3010 1
3011 1
3013 2
3015 1
3017 1
3018 1
3019 1
3020 1
3021 1
3022 2
3024 4
3025 2
3026 3
3027 2
3028 2
3029 1
3030 2
3031 2
3032 4
3033 4
3034 1
3035 2
3037 2
3038 1
3039 2
3041 2
3042 2
3043 1
3044 2
3045 3
3047 1
3049 1
3052 1
3058 1
3059 1
3060 2
3061 1
3067 2
3068 1
3069 1
3073 1
3075 2
3076 2
3077 1
3078 1
3079 3
3080 1
3082 2
3083 1
3084 1
3085 1
3088 1
3089 2
3091 2
3092 1
3094 2
3096 1
3098 2
3099 3
3101 1
3102 3
3104 1
3105 2
3108 1
3110 1
3112 2
3114 1
3116 1
3117 2
3118 1
3121 1
3123 2
3124 3
3127 1
3129 1
3131 2
3132 2
3133 1
3134 1
3138 1
3139 1
3143 5
3144 1
3146 1
3148 1
3149 1
3150 1
3152 1
3153 1
3154 1
3155 3
3159 1
3160 2
3162 1
3165 2
3166 2
3167 2
3168 1
3170 1
3173 1
3174 2
3175 2
3179 2
3180 1
3181 3
3182 2
3185 3
3186 2
3187 2
3189 3
3192 1
3194 1
3203 1
3205 1
3206 1
3207 1
3208 1
3210 1
3211 1
3212 3
3214 2
3218 1
3219 1
3222 1
3224 1
3225 2
3226 1
3227 1
3228 1
3229 2
3231 1
3232 1
3233 2
3235 3
3236 1
3239 3
3241 1
3247 1
3273 1
3279 1
3281 1
3282 1
3284 1
3285 1
3286 1
3287 1
3290 3
3292 1
3293 1
3295 3
3296 3
3297 2
3299 2
3300 1
3302 1
3303 2
3304 2
3305 2
3306 3
3308 1
3309 2
3311 1
3313 1
3314 3
3315 2
3316 6
3317 4
3318 3
3319 3
3320 8
3321 5
3322 1
3323 8
3324 4
3325 3
3326 8
3327 8
3328 7
3329 5
3330 3
3331 5
3332 10
3333 4
3334 8
3335 4
3336 4
3337 6
3338 10
3339 4
3340 4
3341 5
3342 11
3343 5
3344 6
3345 6
3346 1
3347 3
3348 3
3349 2
3350 8
3351 3
3352 1
3353 3
3354 2
3355 4
3356 2
3357 2
3358 2
3359 5
3360 2
3361 1
3362 1
3363 1
3365 2
3367 1
3368 1
3369 1
3370 3
3371 3
3373 2
3375 1
3378 1
3379 3
3381 3
3382 4
3383 2
3384 5
3385 3
3386 2
3387 4
3388 2
3389 5
3390 8
3391 2
3392 2
3393 3
3396 1
3397 2
3398 1
3399 2
3400 3
3401 2
3402 4
3403 3
3404 3
3405 2
3406 2
3407 2
3408 1
3410 3
3411 1
3412 3
3413 1
3414 1
3417 1
3418 1
3419 3
3423 2
3427 1
3430 2
3432 1
3433 1
3438 2
3441 3
3442 1
3443 1
3444 2
3445 1
3447 2
3448 1
3450 3
3455 1
3461 1
3462 1
3465 2
3466 1
3467 1
3468 1
3472 1
3473 1
3476 1
3504 2
3508 1
3511 1
3514 1
3516 1
3517 1
3518 1
3519 1
3522 1
3525 1
3527 3
3530 4
3531 1
3532 1
3533 1
3536 1
3537 1
3538 1
3540 1
3541 1
3542 1
3544 1
3546 1
3547 1
3552 1
3554 1
3556 2
3557 3
3558 3
3559 1
3560 1
3561 1
3562 3
3563 1
3566 1
3567 2
3570 2
3573 1
3574 3
3575 2
3576 1
3580 4
3582 1
3583 2
3585 1
3586 1
3587 4
3588 2
3590 1
3591 1
3592 1
3594 2
3595 2
3598 1
3601 1
3603 1
3604 2
3606 1
3608 1
3610 1
3612 2
3613 2
3614 1
3615 1
3617 1
3618 1
3620 1
3621 1
3622 1
3623 3
3624 1
3625 1
3628 1
3629 1
3631 2
3632 1
3634 1
3638 1
3639 1
3640 1
3641 1
3642 1
3644 2
3646 1
3647 1
3648 1
3652 1
3653 2
3658 1
3663 1
3667 1
3668 1
3669 1
3678 1
3716 1
3718 1
3720 2
3740 1
3751 1
3753 1
3755 1
3756 1
3757 1
3758 1
3759 1
3762 2
3765 1
3767 1
3770 1
3771 1
3773 1
3774 1
3776 4
3777 3
3778 3
3779 1
3780 5
3781 2
3784 2
3785 1
3788 1
3789 1
3790 2
3791 1
3792 3
3793 1
3796 3
3797 2
3798 3
3799 5
3800 1
3801 2
3802 2
3803 2
3804 1
3805 2
3806 5
3807 3
3809 2
3810 4
3811 2
3812 3
3813 1
3815 1
3816 1
3817 3
3818 1
3819 1
3820 1
3821 2
3822 1
3823 2
3824 3
3825 2
3826 1
3827 3
3828 2
3829 3
3830 4
3831 5
3832 2
3833 4
3834 3
3835 6
3836 3
3837 3
3838 1
3839 6
3840 1
3841 1
3842 2
3843 2
3844 3
3845 2
3846 1
3847 2
3848 2
3849 2
3850 4
3851 2
3852 1
3854 3
3855 2
3856 1
3857 2
3858 1
3859 2
3860 1
3861 2
3862 1
3864 1
3868 1
3870 1
3871 1
3873 1
3881 1
3882 1
3883 2
3889 1
3896 1
3899 1
3900 1
3903 1
3908 2
3910 2
3911 1
3913 1
3916 2
3921 1
3958 1
3959 2
3964 2
3971 5
3974 1
3975 1
3976 1
3977 1
3978 1
3979 1
3980 3
3981 3
3983 3
3984 3
3985 1
3986 1
3987 2
3988 2
3989 1
3991 3
3994 2
3995 2
3996 1
3997 1
3998 1
3999 3
4000 2
4001 6
4002 3
4003 1
4004 2
4005 2
4007 2
4010 1
4015 1
4019 2
4020 1
4021 1
4022 1
4024 2
4025 1
4026 1
4027 1
4028 2
4031 1
4035 1
4036 1
4038 1
4039 1
4040 2
4042 1
4043 1
4048 1
4049 2
4053 1
4054 1
4062 1
4066 1
4074 2
4081 2
4082 1
4083 1
4085 1
4086 1
4087 1
4095 1
4096 1
4097 1
4101 1
4104 1
4108 1
4112 1
4113 2
4117 1
4120 1
4122 1
4126 1
4134 1
4136 1
4192 1
4199 1
4202 1
4205 1
4214 1
4362 1
4473 1
4483 1
4613 1
4712 1
4713 1
4989 1
5040 1
5066 1
5209 1
5245 1
5369 1
5387 1
5469 1
5475 1
5481 1
5489 2
5493 1
5497 1
5498 2
5499 1
5501 1
5587 2
5589 1
5590 2
5604 1
5734 1
5742 1
5749 1
5933 1
6095 1
6165 1
6177 1
6184 1
6185 1
6189 1
6190 1
6193 1
6203 1
6206 1
6208 1
6243 1
6272 1
6414 1
6419 1
6623 1
6884 1
6903 1
7345 1
7756 1
7774 1
7791 1
7966 1
7969 1
7974 1
7977 1
7980 1
7997 1
8004 1
8202 1
8205 1
8374 1
8455 1
8468 1
8638 1
8655 1
8666 1
8667 1
8679 1
8691 1
8890 1
8897 1
8905 1
8949 1
9111 1
9552 1
9561 1
9567 1
9577 1
9581 1
9591 1
9759 1
9795 1
9823 1
10001 1
