1 22294373
2 12109732
3 7711627
4 4802031
5 2827162
6 1715431
7 1211205
8 1028984
9 963842
10 920079
11 846804
12 738478
13 608052
14 486554
15 383146
16 304571
17 260944
18 247473
19 258392
20 290800
21 334299
22 385454
23 441746
24 494042
25 544584
26 582022
27 610027
28 629878
29 636967
30 632505
31 620736
32 597264
33 576227
34 549112
35 521603
36 496076
37 472702
38 451573
39 435882
40 426532
41 421308
42 418570
43 418731
44 417586
45 416463
46 413813
47 411283
48 403608
49 394756
50 378920
51 359779
52 338423
53 314088
54 288543
55 262540
56 236330
57 210902
58 185808
59 163142
60 143564
61 126661
62 112213
63 103229
64 96080
65 92458
66 91230
67 90696
68 92567
69 95001
70 98271
71 102013
72 105626
73 108950
74 111548
75 112281
76 112604
77 111155
78 110326
79 107617
80 105025
81 101713
82 99124
83 95777
84 93361
85 90958
86 90053
87 90291
88 91394
89 93858
90 97069
91 100387
92 105204
93 109436
94 113688
95 119073
96 123024
97 126566
98 130942
99 133613
100 136055
101 137066
102 138135
103 137425
104 135738
105 132987
106 129395
107 124758
108 120725
109 115783
110 111239
111 106450
112 102180
113 98063
114 95852
115 93971
116 92725
117 92160
118 91820
119 93742
120 96537
121 98774
122 102295
123 105911
124 109646
125 113872
126 118529
127 122478
128 126507
129 129788
130 132550
131 133658
132 135184
133 135709
134 135158
135 133119
136 130632
137 127260
138 122903
139 118031
140 112406
141 107253
142 100243
143 94468
144 88479
145 81131
146 73938
147 67766
148 61286
149 55035
150 49135
151 43259
152 38827
153 33791
154 29168
155 25650
156 22167
157 18951
158 16267
159 13857
160 11593
161 9853
162 8115
163 6630
164 5543
165 4585
166 3838
167 3352
168 2780
169 2294
170 1956
171 1680
172 1433
173 1274
174 1169
175 1045
176 985
177 853
178 896
179 800
180 729
181 746
182 770
183 713
184 745
185 708
186 689
187 740
188 750
189 729
190 741
191 713
192 790
193 733
194 734
195 738
196 787
197 819
198 815
199 824
200 797
201 793
202 802
203 753
204 760
205 734
206 728
207 745
208 764
209 698
210 680
211 746
212 607
213 664
214 612
215 670
216 613
217 574
218 584
219 560
220 552
221 489
222 503
223 463
224 462
225 436
226 451
227 407
228 377
229 341
230 319
231 297
232 316
233 291
234 288
235 286
236 280
237 273
238 240
239 233
240 246
241 287
242 241
243 259
244 227
245 295
246 255
247 270
248 246
249 256
250 298
251 305
252 298
253 314
254 337
255 322
256 351
257 367
258 383
259 407
260 477
261 424
262 467
263 446
264 425
265 408
266 422
267 408
268 404
269 369
270 382
271 415
272 374
273 343
274 403
275 346
276 343
277 370
278 369
279 361
280 349
281 345
282 349
283 336
284 318
285 321
286 300
287 266
288 286
289 293
290 283
291 300
292 264
293 292
294 284
295 276
296 333
297 294
298 305
299 308
300 279
301 264
302 267
303 253
304 259
305 221
306 229
307 235
308 204
309 229
310 223
311 213
312 187
313 204
314 218
315 192
316 191
317 188
318 176
319 163
320 168
321 163
322 153
323 125
324 113
325 137
326 104
327 91
328 82
329 96
330 81
331 64
332 87
333 76
334 67
335 70
336 33
337 42
338 43
339 53
340 42
341 41
342 33
343 37
344 37
345 44
346 46
347 47
348 49
349 49
350 54
351 62
352 52
353 53
354 56
355 61
356 73
357 55
358 69
359 74
360 76
361 76
362 78
363 91
364 94
365 101
366 90
367 102
368 111
369 120
370 134
371 150
372 125
373 146
374 143
375 133
376 121
377 139
378 140
379 152
380 121
381 129
382 125
383 123
384 164
385 156
386 140
387 203
388 160
389 172
390 185
391 158
392 182
393 179
394 181
395 183
396 185
397 185
398 182
399 199
400 176
401 166
402 198
403 156
404 166
405 179
406 150
407 146
408 147
409 146
410 136
411 126
412 141
413 139
414 163
415 153
416 123
417 128
418 161
419 146
420 126
421 128
422 134
423 137
424 123
425 109
426 129
427 123
428 101
429 111
430 97
431 111
432 103
433 73
434 91
435 89
436 72
437 75
438 87
439 79
440 101
441 75
442 94
443 91
444 86
445 100
446 99
447 95
448 74
449 55
450 79
451 83
452 76
453 88
454 83
455 83
456 98
457 74
458 75
459 72
460 74
461 62
462 81
463 67
464 74
465 63
466 65
467 48
468 64
469 68
470 51
471 52
472 49
473 57
474 50
475 52
476 55
477 43
478 48
479 42
480 42
481 41
482 33
483 30
484 23
485 20
486 24
487 29
488 19
489 16
490 27
491 20
492 18
493 21
494 18
495 27
496 17
497 30
498 30
499 18
500 21
501 24
502 23
503 15
504 14
505 19
506 20
507 17
508 27
509 20
510 26
511 24
512 22
513 20
514 34
515 25
516 40
517 24
518 19
519 19
520 32
521 21
522 25
523 27
524 29
525 31
526 25
527 33
528 25
529 25
530 30
531 35
532 32
533 37
534 16
535 30
536 25
537 28
538 34
539 36
540 33
541 24
542 34
543 33
544 52
545 44
546 37
547 46
548 51
549 53
550 42
551 47
552 41
553 46
554 37
555 34
556 30
557 41
558 47
559 37
560 28
561 25
562 33
563 21
564 29
565 27
566 16
567 15
568 16
569 10
570 19
571 13
572 14
573 15
574 23
575 14
576 27
577 16
578 12
579 19
580 8
581 17
582 17
583 9
584 6
585 6
586 13
587 7
588 10
589 8
590 9
591 11
592 13
593 9
594 11
595 14
596 13
597 12
598 20
599 21
600 14
601 14
602 20
603 22
604 22
605 8
606 18
607 25
608 22
609 27
610 29
611 29
612 32
613 23
614 31
615 33
616 31
617 47
618 45
619 46
620 72
621 61
622 65
623 71
624 86
625 75
626 101
627 122
628 125
629 139
630 136
631 166
632 164
633 205
634 220
635 248
636 274
637 329
638 334
639 374
640 414
641 548
642 590
643 595
644 713
645 768
646 802
647 948
648 1021
649 1092
650 1199
651 1404
652 1495
653 1644
654 1759
655 1935
656 2157
657 2353
658 2626
659 2798
660 3113
661 3451
662 3655
663 3988
664 4359
665 4705
666 5145
667 5449
668 5810
669 6369
670 6717
671 7210
672 7813
673 8288
674 8884
675 9194
676 9885
677 10321
678 11239
679 11574
680 12162
681 12925
682 13832
683 14474
684 15256
685 15933
686 16486
687 17084
688 18087
689 19093
690 19714
691 20614
692 21140
693 21704
694 22712
695 23617
696 24263
697 25118
698 25939
699 26639
700 27307
701 27957
702 28767
703 29251
704 29848
705 30708
706 31537
707 31933
708 32245
709 32979
710 33343
711 33953
712 34227
713 34892
714 35394
715 35577
716 35816
717 36252
718 36636
719 37002
720 36927
721 37352
722 37650
723 38203
724 38249
725 38091
726 38265
727 38382
728 38256
729 38837
730 38590
731 38266
732 38576
733 38630
734 38591
735 38672
736 39013
737 39028
738 39190
739 39475
740 39965
741 40371
742 40348
743 40637
744 40705
745 41206
746 41722
747 42003
748 42363
749 42809
750 43353
751 43411
752 44243
753 45016
754 45369
755 45749
756 45917
757 46639
758 47472
759 47673
760 48112
761 48996
762 49135
763 49742
764 50231
765 51166
766 51636
767 51995
768 52246
769 52913
770 53022
771 53377
772 53491
773 53432
774 53618
775 54131
776 53881
777 53445
778 53761
779 53553
780 53684
781 53785
782 53135
783 53032
784 52440
785 51949
786 51033
787 50927
788 50544
789 49820
790 49183
791 48478
792 47848
793 47052
794 46051
795 45015
796 44188
797 43468
798 42621
799 41376
800 40060
801 39142
802 37984
803 37360
804 35748
805 35103
806 34199
807 32733
808 31635
809 30595
810 29668
811 28645
812 27452
813 26393
814 25431
815 23871
816 23362
817 22340
818 21021
819 20221
820 19322
821 18501
822 17703
823 16380
824 15741
825 14818
826 14262
827 13398
828 12271
829 11743
830 11152
831 10355
832 9691
833 9330
834 8662
835 8147
836 7338
837 6803
838 6359
839 6041
840 5668
841 5135
842 4726
843 4525
844 4057
845 3782
846 3483
847 3125
848 2975
849 2720
850 2501
851 2298
852 2133
853 1870
854 1805
855 1647
856 1505
857 1299
858 1220
859 1077
860 1028
861 980
862 831
863 820
864 731
865 696
866 660
867 551
868 475
869 431
870 379
871 369
872 341
873 272
874 236
875 220
876 218
877 187
878 172
879 138
880 120
881 125
882 104
883 84
884 83
885 75
886 69
887 47
888 54
889 51
890 62
891 47
892 43
893 36
894 33
895 36
896 26
897 30
898 33
899 33
900 26
901 32
902 22
903 22
904 17
905 27
906 25
907 28
908 26
909 35
910 20
911 29
912 30
913 31
914 28
915 27
916 31
917 32
918 19
919 20
920 24
921 28
922 31
923 27
924 20
925 30
926 35
927 47
928 43
929 26
930 29
931 27
932 36
933 27
934 28
935 27
936 24
937 20
938 20
939 29
940 19
941 23
942 12
943 20
944 17
945 16
946 8
947 17
948 18
949 14
950 15
951 15
952 10
953 11
954 15
955 10
956 9
957 10
958 10
959 10
960 13
961 9
962 9
963 11
964 16
965 13
966 14
967 12
968 18
969 19
970 19
971 7
972 11
973 18
974 16
975 28
976 19
977 16
978 18
979 23
980 28
981 19
982 25
983 26
984 26
985 21
986 31
987 17
988 16
989 21
990 29
991 22
992 16
993 18
994 17
995 23
996 20
997 22
998 12
999 19
1000 16
1001 20
1002 9
1003 16
1004 20
1005 20
1006 18
1007 20
1008 21
1009 9
1010 6
1011 23
1012 19
1013 23
1014 14
1015 23
1016 18
1017 13
1018 18
1019 15
1020 12
1021 14
1022 16
1023 14
1024 14
1025 9
1026 10
1027 15
1028 17
1029 20
1030 8
1031 19
1032 14
1033 19
1034 15
1035 13
1036 23
1037 17
1038 25
1039 23
1040 35
1041 26
1042 23
1043 20
1044 23
1045 28
1046 22
1047 17
1048 17
1049 18
1050 25
1051 20
1052 23
1053 15
1054 21
1055 20
1056 17
1057 21
1058 11
1059 24
1060 21
1061 24
1062 24
1063 17
1064 19
1065 20
1066 19
1067 19
1068 19
1069 15
1070 13
1071 14
1072 14
1073 12
1074 16
1075 14
1076 5
1077 12
1078 15
1079 14
1080 8
1081 13
1082 12
1083 18
1084 19
1085 13
1086 15
1087 18
1088 14
1089 14
1090 17
1091 14
1092 20
1093 7
1094 12
1095 17
1096 8
1097 12
1098 9
1099 11
1100 8
1101 9
1102 10
1103 11
1104 10
1105 11
1106 11
1107 9
1108 11
1109 8
1110 2
1111 7
1112 4
1113 9
1114 7
1115 4
1116 7
1117 7
1118 12
1119 8
1120 9
1121 10
1122 9
1123 12
1124 14
1125 14
1126 7
1127 1
1128 4
1129 6
1130 6
1131 5
1132 5
1133 11
1134 4
1135 1
1136 2
1137 5
1138 5
1139 2
1140 11
1141 7
1142 8
1143 4
1144 4
1145 9
1146 11
1147 7
1148 17
1149 7
1150 12
1151 14
1152 6
1153 5
1154 6
1155 10
1156 9
1157 9
1158 10
1159 5
1160 8
1161 5
1162 6
1163 3
1164 7
1165 8
1166 3
1167 6
1168 8
1169 10
1170 5
1171 8
1172 4
1173 3
1174 3
1175 6
1176 3
1177 8
1178 1
1179 3
1180 9
1181 8
1182 8
1183 8
1184 4
1185 5
1186 3
1187 6
1188 6
1189 7
1190 5
1191 4
1192 4
1193 8
1194 4
1195 7
1196 7
1197 11
1198 9
1199 4
1200 6
1201 5
1202 11
1203 4
1204 5
1205 2
1206 6
1207 8
1208 10
1209 7
1210 3
1211 1
1212 7
1213 6
1214 3
1215 7
1216 4
1217 1
1218 5
1219 4
1220 3
1221 4
1222 3
1223 5
1224 7
1225 8
1226 7
1227 3
1228 8
1229 7
1230 11
1231 5
1232 8
1233 3
1234 4
1235 9
1236 2
1237 3
1238 5
1239 2
1240 4
1241 4
1242 3
1243 4
1244 4
1245 3
1246 5
1247 9
1248 4
1249 6
1250 5
1251 2
1252 2
1253 1
1254 5
1255 8
1256 6
1257 4
1258 7
1259 6
1260 5
1261 5
1262 8
1263 10
1264 8
1265 9
1266 6
1267 5
1268 4
1269 5
1270 4
1271 2
1272 2
1273 3
1274 1
1275 1
1276 3
1277 1
1278 1
1279 1
1280 1
1281 1
1282 1
1283 3
1284 2
1285 2
1286 1
1287 1
1288 1
1289 2
1290 1
1291 1
1292 3
1293 2
1294 6
1295 1
1296 1
1297 1
1298 1
1299 2
1300 3
1301 2
1302 5
1303 1
1304 4
1305 4
1306 1
1307 4
1308 3
1309 2
1310 2
1311 2
1312 2
1313 1
1314 3
1315 3
1316 4
1317 12
1318 6
1319 9
1320 11
1321 7
1322 4
1323 4
1324 5
1325 10
1326 11
1327 7
1328 10
1329 5
1330 8
1331 7
1332 16
1333 11
1334 10
1335 10
1336 11
1337 21
1338 15
1339 18
1340 12
1341 17
1342 23
1343 18
1344 16
1345 18
1346 17
1347 24
1348 16
1349 16
1350 18
1351 11
1352 19
1353 23
1354 20
1355 23
1356 26
1357 27
1358 34
1359 28
1360 28
1361 37
1362 40
1363 37
1364 31
1365 37
1366 35
1367 36
1368 41
1369 36
1370 38
1371 43
1372 45
1373 59
1374 72
1375 58
1376 57
1377 66
1378 57
1379 86
1380 72
1381 80
1382 84
1383 94
1384 84
1385 81
1386 95
1387 80
1388 104
1389 106
1390 107
1391 125
1392 105
1393 87
1394 124
1395 118
1396 125
1397 124
1398 132
1399 122
1400 130
1401 134
1402 130
1403 145
1404 140
1405 143
1406 145
1407 177
1408 170
1409 140
1410 135
1411 159
1412 137
1413 154
1414 163
1415 154
1416 180
1417 168
1418 145
1419 175
1420 177
1421 179
1422 175
1423 210
1424 189
1425 199
1426 181
1427 179
1428 189
1429 179
1430 187
1431 185
1432 180
1433 166
1434 168
1435 166
1436 167
1437 188
1438 177
1439 161
1440 167
1441 164
1442 171
1443 159
1444 147
1445 133
1446 124
1447 159
1448 160
1449 141
1450 129
1451 119
1452 126
1453 121
1454 101
1455 116
1456 102
1457 110
1458 111
1459 105
1460 117
1461 112
1462 119
1463 115
1464 112
1465 111
1466 115
1467 112
1468 94
1469 106
1470 120
1471 89
1472 100
1473 109
1474 99
1475 102
1476 110
1477 95
1478 98
1479 111
1480 105
1481 97
1482 116
1483 98
1484 89
1485 101
1486 91
1487 98
1488 101
1489 117
1490 112
1491 86
1492 91
1493 96
1494 91
1495 89
1496 119
1497 99
1498 115
1499 108
1500 124
1501 134
1502 136
1503 135
1504 136
1505 130
1506 127
1507 139
1508 152
1509 122
1510 144
1511 129
1512 151
1513 136
1514 166
1515 129
1516 146
1517 132
1518 129
1519 151
1520 135
1521 143
1522 114
1523 139
1524 119
1525 157
1526 139
1527 157
1528 152
1529 148
1530 150
1531 133
1532 151
1533 157
1534 131
1535 157
1536 158
1537 149
1538 159
1539 152
1540 161
1541 163
1542 156
1543 143
1544 152
1545 150
1546 141
1547 157
1548 167
1549 174
1550 148
1551 181
1552 162
1553 152
1554 175
1555 141
1556 166
1557 146
1558 154
1559 150
1560 167
1561 159
1562 159
1563 165
1564 137
1565 156
1566 162
1567 160
1568 144
1569 140
1570 138
1571 170
1572 157
1573 124
1574 130
1575 122
1576 146
1577 142
1578 146
1579 135
1580 126
1581 137
1582 145
1583 130
1584 142
1585 126
1586 115
1587 120
1588 119
1589 116
1590 123
1591 106
1592 123
1593 110
1594 100
1595 99
1596 108
1597 84
1598 80
1599 80
1600 85
1601 85
1602 89
1603 91
1604 87
1605 66
1606 77
1607 67
1608 72
1609 63
1610 58
1611 68
1612 51
1613 49
1614 62
1615 51
1616 46
1617 38
1618 52
1619 32
1620 42
1621 45
1622 31
1623 35
1624 27
1625 35
1626 30
1627 27
1628 27
1629 27
1630 27
1631 23
1632 21
1633 19
1634 24
1635 15
1636 19
1637 20
1638 9
1639 15
1640 17
1641 18
1642 15
1643 16
1644 19
1645 14
1646 18
1647 16
1648 10
1649 9
1650 12
1651 9
1652 10
1653 7
1654 6
1655 10
1656 8
1657 8
1658 12
1659 12
1660 6
1661 11
1662 10
1663 8
1664 9
1665 7
1666 11
1667 5
1668 9
1669 4
1670 14
1671 11
1672 13
1673 7
1674 10
1675 8
1676 8
1677 4
1678 5
1679 11
1680 17
1681 6
1682 2
1683 8
1684 6
1685 8
1686 3
1687 9
1688 7
1689 6
1690 5
1691 3
1692 5
1693 3
1694 6
1695 3
1696 3
1697 5
1698 3
1699 4
1700 5
1701 4
1702 2
1703 5
1704 1
1705 4
1706 4
1707 2
1708 3
1709 2
1710 2
1711 7
1712 5
1713 4
1714 6
1715 3
1716 9
1717 4
1718 10
1719 3
1720 9
1721 10
1722 3
1723 4
1724 7
1725 8
1726 7
1727 9
1728 10
1729 7
1730 9
1731 11
1732 8
1733 13
1734 13
1735 8
1736 7
1737 6
1738 5
1739 11
1740 5
1741 3
1742 10
1743 6
1744 5
1745 4
1746 4
1747 8
1748 7
1749 9
1750 9
1751 6
1752 8
1753 5
1754 9
1755 9
1756 5
1757 4
1758 8
1759 2
1760 4
1761 7
1762 6
1763 7
1764 4
1765 6
1766 6
1767 6
1768 7
1769 4
1770 4
1771 5
1772 5
1773 4
1774 6
1775 4
1776 3
1777 8
1778 3
1779 2
1780 10
1781 6
1782 9
1783 8
1784 7
1785 5
1786 9
1787 4
1788 3
1789 5
1790 5
1791 4
1792 2
1793 1
1794 7
1795 2
1796 3
1797 4
1798 6
1799 5
1800 3
1801 5
1802 3
1803 4
1804 3
1805 2
1806 2
1807 2
1808 3
1809 2
1810 3
1811 8
1812 4
1813 2
1814 7
1815 2
1816 2
1817 5
1818 5
1819 6
1820 2
1821 4
1822 6
1823 7
1824 5
1825 10
1826 2
1827 4
1828 7
1829 6
1830 4
1831 4
1832 7
1833 4
1834 6
1835 6
1836 3
1837 2
1838 7
1839 4
1840 3
1841 5
1842 3
1843 5
1844 2
1845 7
1846 6
1847 5
1848 3
1849 5
1850 2
1851 6
1852 4
1853 2
1854 1
1855 2
1856 5
1857 1
1858 4
1859 5
1860 7
1861 5
1862 2
1863 3
1864 5
1865 3
1866 3
1867 3
1868 2
1869 5
1870 3
1871 2
1872 3
1873 3
1874 5
1875 4
1876 1
1877 2
1878 3
1879 5
1880 5
1881 1
1882 3
1883 3
1884 1
1885 4
1886 2
1887 3
1888 2
1889 3
1890 5
1891 4
1892 6
1893 1
1894 4
1895 2
1896 1
1897 2
1898 3
1899 1
1900 1
1901 1
1902 4
1903 6
1904 2
1905 1
1906 3
1907 1
1908 1
1909 3
1910 1
1911 3
1912 3
1913 2
1914 2
1915 3
1916 2
1917 4
1918 3
1919 2
1920 4
1921 5
1922 1
1923 3
1924 3
1925 2
1926 3
1927 3
1928 4
1929 1
1930 5
1931 4
1932 5
1933 4
1934 4
1935 8
1936 5
1937 3
1938 7
1939 7
1940 3
1941 2
1942 4
1943 2
1944 3
1945 5
1946 2
1947 8
1948 4
1949 2
1950 3
1951 1
1952 2
1953 1
1954 1
1955 2
1956 5
1957 2
1958 5
1959 5
1960 6
1961 3
1962 7
1963 2
1964 3
1965 1
1966 2
1967 4
1968 5
1969 3
1970 5
1971 4
1972 6
1973 2
1974 5
1975 3
1976 4
1977 4
1978 1
1979 2
1980 5
1981 2
1982 3
1983 2
1984 2
1985 1
1986 2
1987 7
1988 5
1989 3
1990 1
1991 5
1992 2
1993 4
1994 3
1995 2
1996 7
1997 5
1998 1
1999 2
2000 5
2001 7
2002 8
2003 5
2004 3
2005 4
2006 3
2007 7
2008 6
2009 9
2010 5
2011 3
2012 4
2013 4
2014 9
2015 4
2016 7
2017 6
2018 2
2019 3
2020 5
2021 11
2022 13
2023 8
2024 5
2025 5
2026 7
2027 3
2028 7
2029 14
2030 12
2031 7
2032 10
2033 5
2034 16
2035 11
2036 9
2037 10
2038 7
2039 9
2040 7
2041 13
2042 16
2043 11
2044 15
2045 13
2046 18
2047 12
2048 15
2049 22
2050 13
2051 16
2052 18
2053 15
2054 20
2055 23
2056 26
2057 16
2058 23
2059 25
2060 32
2061 20
2062 20
2063 26
2064 17
2065 22
2066 16
2067 28
2068 20
2069 34
2070 28
2071 39
2072 34
2073 35
2074 42
2075 34
2076 40
2077 47
2078 47
2079 51
2080 58
2081 44
2082 42
2083 54
2084 53
2085 69
2086 71
2087 39
2088 73
2089 62
2090 65
2091 61
2092 62
2093 57
2094 60
2095 64
2096 69
2097 50
2098 61
2099 73
2100 71
2101 59
2102 71
2103 62
2104 91
2105 85
2106 76
2107 72
2108 78
2109 78
2110 83
2111 77
2112 82
2113 75
2114 85
2115 79
2116 84
2117 86
2118 91
2119 67
2120 74
2121 89
2122 86
2123 71
2124 84
2125 81
2126 91
2127 76
2128 69
2129 85
2130 89
2131 86
2132 73
2133 85
2134 96
2135 80
2136 76
2137 79
2138 84
2139 77
2140 86
2141 87
2142 96
2143 76
2144 87
2145 99
2146 92
2147 102
2148 85
2149 91
2150 93
2151 93
2152 82
2153 84
2154 101
2155 85
2156 88
2157 82
2158 112
2159 84
2160 98
2161 107
2162 79
2163 80
2164 73
2165 83
2166 74
2167 95
2168 76
2169 75
2170 80
2171 81
2172 71
2173 71
2174 76
2175 72
2176 74
2177 66
2178 74
2179 53
2180 62
2181 52
2182 48
2183 55
2184 58
2185 52
2186 50
2187 49
2188 44
2189 48
2190 37
2191 48
2192 48
2193 49
2194 48
2195 46
2196 48
2197 54
2198 43
2199 39
2200 34
2201 43
2202 39
2203 39
2204 41
2205 42
2206 36
2207 34
2208 21
2209 43
2210 30
2211 19
2212 34
2213 22
2214 22
2215 18
2216 28
2217 23
2218 21
2219 10
2220 21
2221 13
2222 17
2223 20
2224 12
2225 10
2226 11
2227 13
2228 13
2229 9
2230 6
2231 13
2232 14
2233 6
2234 12
2235 7
2236 14
2237 8
2238 14
2239 5
2240 8
2241 11
2242 12
2243 6
2244 11
2245 9
2246 8
2247 7
2248 6
2249 2
2250 5
2251 10
2252 4
2253 3
2254 2
2255 10
2256 7
2257 12
2258 7
2259 6
2260 5
2261 9
2262 4
2263 6
2264 5
2265 8
2266 18
2267 3
2268 11
2269 12
2270 10
2271 6
2272 7
2273 8
2274 12
2275 7
2276 11
2277 9
2278 7
2279 13
2280 8
2281 7
2282 8
2283 7
2284 7
2285 9
2286 8
2287 8
2288 7
2289 10
2290 12
2291 12
2292 9
2293 9
2294 18
2295 11
2296 11
2297 10
2298 11
2299 11
2300 8
2301 12
2302 8
2303 7
2304 6
2305 7
2306 5
2307 11
2308 12
2309 11
2310 14
2311 9
2312 9
2313 14
2314 13
2315 12
2316 16
2317 14
2318 13
2319 11
2320 5
2321 10
2322 6
2323 16
2324 12
2325 7
2326 9
2327 8
2328 8
2329 13
2330 10
2331 12
2332 16
2333 10
2334 15
2335 10
2336 9
2337 14
2338 13
2339 11
2340 15
2341 9
2342 11
2343 16
2344 13
2345 6
2346 11
2347 6
2348 9
2349 11
2350 6
2351 9
2352 5
2353 11
2354 15
2355 9
2356 10
2357 8
2358 11
2359 11
2360 11
2361 16
2362 12
2363 23
2364 9
2365 8
2366 13
2367 11
2368 13
2369 10
2370 9
2371 9
2372 13
2373 4
2374 12
2375 10
2376 6
2377 6
2378 8
2379 8
2380 10
2381 8
2382 11
2383 14
2384 15
2385 8
2386 7
2387 8
2388 8
2389 14
2390 6
2391 6
2392 3
2393 11
2394 6
2395 8
2396 10
2397 6
2398 9
2399 12
2400 11
2401 2
2402 7
2403 8
2404 13
2405 7
2406 7
2407 10
2408 9
2409 10
2410 7
2411 3
2412 9
2413 19
2414 9
2415 9
2416 4
2417 10
2418 5
2419 9
2420 5
2421 10
2422 7
2423 10
2424 7
2425 15
2426 8
2427 11
2428 4
2429 8
2430 7
2431 12
2432 13
2433 8
2434 15
2435 18
2436 6
2437 13
2438 13
2439 5
2440 13
2441 9
2442 10
2443 6
2444 8
2445 11
2446 6
2447 9
2448 9
2449 6
2450 4
2451 9
2452 6
2453 9
2454 10
2455 9
2456 7
2457 11
2458 10
2459 7
2460 10
2461 4
2462 8
2463 9
2464 14
2465 4
2466 7
2467 6
2468 7
2469 10
2470 6
2471 7
2472 10
2473 6
2474 13
2475 6
2476 1
2477 7
2478 9
2479 1
2480 7
2481 8
2482 4
2483 1
2484 1
2485 7
2486 1
2487 5
2488 1
2489 3
2490 7
2491 7
2492 6
2493 8
2494 5
2495 4
2496 3
2497 4
2498 5
2499 4
2500 3
2501 1
2502 3
2503 1
2504 2
2505 4
2506 1
2507 1
2508 3
2509 1
2510 3
2511 1
2512 3
2513 1
2514 4
2515 2
2516 2
2517 2
2518 3
2519 3
2520 4
2521 6
2522 4
2523 3
2524 2
2525 4
2526 4
2527 2
2528 2
2529 3
2530 1
2531 2
2532 2
2533 5
2534 2
2535 4
2536 1
2537 4
2538 1
2539 2
2540 4
2541 4
2542 2
2543 1
2544 2
2545 1
2546 3
2547 3
2548 1
2549 2
2550 1
2551 3
2552 1
2553 1
2554 2
2555 3
2556 1
2557 1
2558 2
2559 3
2560 1
2561 1
2562 3
2563 1
2564 2
2565 1
2566 1
2567 1
2568 1
2569 2
2570 1
2571 1
2572 1
2573 1
2574 1
2575 1
2576 1
2577 1
2578 1
2579 1
2580 1
2581 1
2582 1
2583 1
2584 1
2585 1
2586 2
2587 1
2588 1
2589 1
2590 1
2591 1
2592 2
2593 1
2594 1
2595 2
2596 1
2597 2
2598 2
2599 2
2600 2
2601 1
2602 1
2603 1
2604 1
2605 1
2606 4
2607 2
2608 3
2609 1
2610 5
2611 4
2612 2
2613 2
2614 3
2615 2
2616 1
2617 2
2618 4
2619 1
2620 4
2621 2
2622 4
2623 7
2624 3
2625 3
2626 5
2627 1
2628 4
2629 3
2630 5
2631 4
2632 5
2633 3
2634 9
2635 9
2636 5
2637 14
2638 8
2639 3
2640 9
2641 4
2642 5
2643 6
2644 7
2645 9
2646 6
2647 7
2648 6
2649 6
2650 14
2651 9
2652 10
2653 6
2654 4
2655 11
2656 9
2657 14
2658 18
2659 12
2660 13
2661 9
2662 18
2663 13
2664 19
2665 21
2666 19
2667 13
2668 13
2669 8
2670 15
2671 10
2672 14
2673 13
2674 13
2675 15
2676 15
2677 10
2678 16
2679 17
2680 21
2681 10
2682 18
2683 22
2684 13
2685 15
2686 17
2687 12
2688 22
2689 15
2690 18
2691 33
2692 18
2693 20
2694 18
2695 23
2696 16
2697 22
2698 21
2699 18
2700 22
2701 21
2702 13
2703 23
2704 20
2705 27
2706 30
2707 18
2708 24
2709 27
2710 30
2711 17
2712 22
2713 21
2714 36
2715 34
2716 28
2717 27
2718 35
2719 28
2720 32
2721 23
2722 22
2723 34
2724 32
2725 20
2726 39
2727 34
2728 23
2729 27
2730 26
2731 30
2732 17
2733 27
2734 23
2735 17
2736 29
2737 26
2738 27
2739 19
2740 20
2741 23
2742 19
2743 12
2744 30
2745 23
2746 9
2747 27
2748 15
2749 27
2750 22
2751 24
2752 26
2753 13
2754 17
2755 23
2756 20
2757 16
2758 28
2759 14
2760 23
2761 20
2762 14
2763 18
2764 13
2765 25
2766 20
2767 10
2768 15
2769 18
2770 21
2771 11
2772 7
2773 15
2774 8
2775 11
2776 13
2777 9
2778 8
2779 8
2780 9
2781 10
2782 5
2783 11
2784 8
2785 11
2786 10
2787 11
2788 11
2789 4
2790 10
2791 11
2792 11
2793 12
2794 13
2795 5
2796 12
2797 14
2798 7
2799 9
2800 12
2801 9
2802 8
2803 7
2804 11
2805 9
2806 6
2807 7
2808 5
2809 6
2810 9
2811 9
2812 11
2813 5
2814 9
2815 6
2816 5
2817 6
2818 10
2819 9
2820 4
2821 7
2822 11
2823 13
2824 6
2825 6
2826 9
2827 6
2828 5
2829 4
2830 6
2831 7
2832 8
2833 5
2834 3
2835 4
2836 7
2837 6
2838 2
2839 1
2840 3
2841 4
2842 2
2843 2
2844 5
2845 9
2846 5
2847 1
2848 5
2849 3
2850 4
2851 2
2852 1
2853 4
2854 7
2855 4
2856 2
2857 2
2858 1
2859 4
2860 3
2861 5
2862 3
2863 3
2864 1
2865 4
2866 6
2867 5
2868 5
2869 9
2870 6
2871 2
2872 3
2873 4
2874 9
2875 5
2876 4
2877 7
2878 5
2879 8
2880 9
2881 8
2882 9
2883 5
2884 10
2885 13
2886 9
2887 9
2888 9
2889 6
2890 13
2891 11
2892 7
2893 12
2894 8
2895 8
2896 5
2897 12
2898 3
2899 10
2900 9
2901 14
2902 11
2903 14
2904 18
2905 16
2906 15
2907 10
2908 10
2909 4
2910 6
2911 6
2912 8
2913 10
2914 11
2915 9
2916 11
2917 13
2918 12
2919 9
2920 7
2921 15
2922 14
2923 14
2924 14
2925 12
2926 16
2927 23
2928 10
2929 15
2930 16
2931 16
2932 13
2933 19
2934 16
2935 21
2936 26
2937 19
2938 15
2939 12
2940 15
2941 13
2942 25
2943 18
2944 20
2945 18
2946 23
2947 23
2948 18
2949 25
2950 18
2951 24
2952 25
2953 12
2954 23
2955 27
2956 22
2957 19
2958 23
2959 26
2960 21
2961 33
2962 19
2963 20
2964 23
2965 17
2966 21
2967 19
2968 14
2969 12
2970 21
2971 16
2972 19
2973 15
2974 15
2975 26
2976 17
2977 19
2978 21
2979 20
2980 12
2981 19
2982 26
2983 20
2984 20
2985 25
2986 24
2987 24
2988 25
2989 16
2990 19
2991 11
2992 27
2993 23
2994 23
2995 22
2996 21
2997 17
2998 22
2999 25
3000 28
3001 18
3002 29
3003 22
3004 20
3005 23
3006 23
3007 15
3008 15
3009 19
3010 15
3011 23
3012 23
3013 18
3014 17
3015 19
3016 10
3017 12
3018 17
3019 11
3020 15
3021 18
3022 13
3023 17
3024 7
3025 16
3026 14
3027 17
3028 15
3029 10
3030 13
3031 11
3032 11
3033 14
3034 6
3035 12
3036 12
3037 16
3038 14
3039 14
3040 10
3041 9
3042 14
3043 14
3044 19
3045 14
3046 13
3047 12
3048 10
3049 15
3050 5
3051 8
3052 8
3053 14
3054 12
3055 8
3056 11
3057 7
3058 9
3059 5
3060 4
3061 4
3062 5
3063 4
3064 6
3065 7
3066 11
3067 9
3068 5
3069 10
3070 2
3071 6
3072 5
3073 5
3074 6
3075 6
3076 5
3077 2
3078 4
3079 7
3080 5
3081 10
3082 7
3083 5
3084 5
3085 4
3086 7
3087 6
3088 2
3089 6
3090 2
3091 4
3092 5
3093 4
3094 3
3095 3
3096 3
3097 3
3098 1
3099 2
3100 4
3101 1
3102 3
3103 2
3104 2
3105 2
3106 6
3107 2
3108 3
3109 1
3110 2
3111 1
3112 1
3113 2
3114 1
3115 1
3116 1
3117 5
3118 1
3119 1
3120 5
3121 1
3122 1
3123 1
3124 1
3125 1
3126 1
3127 2
3128 3
3129 1
3130 1
3131 1
3132 1
3133 1
3134 1
3135 1
3136 1
3137 1
3138 1
3139 1
3140 1
3141 2
3142 1
3143 1
3144 1
3145 3
3146 1
3147 1
3148 4
3149 1
3150 3
3151 2
3152 1
3153 1
3154 3
3155 4
3156 1
3157 1
3158 3
3159 1
3160 4
3161 3
3162 3
3163 3
3164 2
3165 2
3166 1
3167 2
3168 3
3169 4
3170 3
3171 1
3172 1
3173 2
3174 3
3175 5
3176 2
3177 4
3178 3
3179 1
3180 2
3181 4
3182 1
3183 1
3184 5
3185 3
3186 3
3187 3
3188 3
3189 5
3190 4
3191 3
3192 6
3193 3
3194 4
3195 3
3196 4
3197 5
3198 2
3199 5
3200 2
3201 2
3202 3
3203 4
3204 6
3205 6
3206 2
3207 9
3208 4
3209 2
3210 4
3211 6
3212 5
3213 5
3214 8
3215 4
3216 9
3217 6
3218 8
3219 4
3220 8
3221 13
3222 13
3223 6
3224 10
3225 6
3226 10
3227 7
3228 8
3229 6
3230 7
3231 8
3232 8
3233 9
3234 11
3235 11
3236 14
3237 10
3238 17
3239 15
3240 13
3241 10
3242 15
3243 6
3244 10
3245 10
3246 8
3247 6
3248 12
3249 6
3250 14
3251 9
3252 7
3253 10
3254 15
3255 10
3256 12
3257 22
3258 10
3259 10
3260 13
3261 14
3262 12
3263 10
3264 13
3265 6
3266 10
3267 16
3268 14
3269 13
3270 10
3271 18
3272 12
3273 7
3274 9
3275 12
3276 18
3277 8
3278 11
3279 9
3280 21
3281 15
3282 23
3283 20
3284 18
3285 16
3286 18
3287 12
3288 19
3289 22
3290 16
3291 18
3292 22
3293 13
3294 20
3295 18
3296 25
3297 16
3298 20
3299 13
3300 15
3301 10
3302 8
3303 12
3304 12
3305 14
3306 14
3307 16
3308 9
3309 15
3310 16
3311 23
3312 10
3313 17
3314 17
3315 13
3316 7
3317 15
3318 13
3319 18
3320 16
3321 19
3322 15
3323 11
3324 15
3325 10
3326 14
3327 6
3328 14
3329 17
3330 12
3331 13
3332 18
3333 10
3334 14
3335 13
3336 13
3337 10
3338 4
3339 9
3340 9
3341 11
3342 13
3343 9
3344 11
3345 11
3346 10
3347 6
3348 9
3349 6
3350 7
3351 11
3352 8
3353 7
3354 5
3355 14
3356 7
3357 10
3358 6
3359 6
3360 7
3361 5
3362 4
3363 6
3364 3
3365 7
3366 8
3367 3
3368 8
3369 6
3370 4
3371 3
3372 7
3373 11
3374 6
3375 6
3376 3
3377 6
3378 1
3379 5
3380 4
3381 3
3382 4
3383 4
3384 6
3385 7
3386 9
3387 5
3388 3
3389 4
3390 6
3391 3
3392 1
3393 2
3394 6
3395 7
3396 5
3397 7
3398 2
3399 3
3400 1
3401 3
3402 3
3403 3
3404 4
3405 8
3406 3
3407 3
3408 2
3409 1
3410 4
3411 5
3412 5
3413 7
3414 6
3415 3
3416 7
3417 1
3418 1
3419 6
3420 5
3421 4
3422 2
3423 1
3424 2
3425 6
3426 1
3427 3
3428 1
3429 2
3430 2
3431 2
3432 2
3433 2
3434 1
3435 1
3436 3
3437 1
3438 2
3439 2
3440 2
3441 1
3442 1
3443 1
3444 1
3445 1
3446 1
3447 1
3448 1
3449 1
3450 1
3451 1
3452 1
3453 2
3454 1
3455 3
3456 2
3457 1
3458 1
3459 1
3460 2
3461 1
3462 1
3463 1
3464 1
3465 1
3466 1
3467 1
3468 1
3469 2
3470 1
3471 1
3472 3
3473 1
3474 2
3475 2
3476 2
3477 3
3478 1
3479 3
3480 1
3481 1
3482 3
3483 2
3484 2
3485 1
3486 3
3487 4
3488 5
3489 2
3490 3
3491 1
3492 4
3493 3
3494 3
3495 2
3496 2
3497 4
3498 1
3499 5
3500 4
3501 5
3502 4
3503 5
3504 3
3505 4
3506 2
3507 3
3508 4
3509 5
3510 5
3511 5
3512 3
3513 4
3514 2
3515 8
3516 2
3517 6
3518 7
3519 7
3520 8
3521 3
3522 2
3523 7
3524 4
3525 10
3526 11
3527 3
3528 4
3529 11
3530 6
3531 7
3532 7
3533 7
3534 10
3535 9
3536 8
3537 8
3538 8
3539 13
3540 5
3541 10
3542 10
3543 8
3544 10
3545 8
3546 7
3547 3
3548 11
3549 10
3550 4
3551 7
3552 10
3553 7
3554 8
3555 9
3556 12
3557 9
3558 6
3559 10
3560 4
3561 9
3562 11
3563 7
3564 9
3565 8
3566 9
3567 7
3568 7
3569 8
3570 7
3571 3
3572 5
3573 7
3574 8
3575 3
3576 4
3577 10
3578 6
3579 8
3580 2
3581 10
3582 5
3583 6
3584 9
3585 7
3586 9
3587 10
3588 2
3589 5
3590 11
3591 15
3592 4
3593 13
3594 11
3595 14
3596 13
3597 9
3598 10
3599 11
3600 11
3601 15
3602 10
3603 13
3604 11
3605 10
3606 14
3607 9
3608 12
3609 9
3610 8
3611 6
3612 14
3613 12
3614 12
3615 5
3616 9
3617 9
3618 7
3619 8
3620 8
3621 6
3622 2
3623 4
3624 8
3625 2
3626 10
3627 9
3628 2
3629 3
3630 2
3631 4
3632 3
3633 3
3634 2
3635 2
3636 6
3637 1
3638 8
3639 5
3640 4
3641 2
3642 3
3643 6
3644 6
3645 7
3646 4
3647 3
3648 5
3649 10
3650 5
3651 2
3652 7
3653 5
3654 1
3655 4
3656 6
3657 6
3658 4
3659 2
3660 4
3661 4
3662 7
3663 1
3664 3
3665 6
3666 6
3667 3
3668 6
3669 8
3670 6
3671 5
3672 3
3673 3
3674 4
3675 1
3676 3
3677 3
3678 2
3679 2
3680 3
3681 3
3682 1
3683 4
3684 2
3685 2
3686 1
3687 1
3688 2
3689 1
3690 1
3691 1
3692 3
3693 2
3694 1
3695 1
3696 2
3697 1
3698 3
3699 1
3700 1
3701 1
3702 1
3703 2
3704 2
3705 2
3706 2
3707 5
3708 1
3709 1
3710 1
3711 1
3712 1
3713 2
3714 2
3715 3
3716 1
3717 1
3718 2
3719 2
3720 3
3721 2
3722 1
3723 1
3724 1
3725 1
3726 1
3727 1
3728 1
3729 1
3730 1
3731 3
3732 2
3733 1
3734 3
3735 1
3736 1
3737 1
3738 1
3739 1
3740 1
3741 1
3742 1
3743 1
3744 1
3745 1
3746 1
3747 1
3748 1
3749 1
3750 1
3751 1
3752 1
3753 2
3754 1
3755 1
3756 1
3757 2
3758 1
3759 2
3760 2
3761 2
3762 1
3763 5
3764 4
3765 2
3766 3
3767 2
3768 2
3769 1
3770 2
3771 1
3772 4
3773 2
3774 1
3775 6
3776 2
3777 4
3778 4
3779 3
3780 1
3781 2
3782 1
3783 3
3784 1
3785 2
3786 3
3787 2
3788 4
3789 5
3790 5
3791 2
3792 3
3793 1
3794 4
3795 6
3796 6
3797 6
3798 5
3799 5
3800 1
3801 5
3802 3
3803 8
3804 5
3805 6
3806 4
3807 6
3808 5
3809 3
3810 7
3811 10
3812 5
3813 10
3814 3
3815 5
3816 10
3817 4
3818 6
3819 6
3820 8
3821 3
3822 11
3823 9
3824 11
3825 6
3826 5
3827 6
3828 7
3829 8
3830 8
3831 6
3832 7
3833 6
3834 10
3835 8
3836 8
3837 5
3838 3
3839 10
3840 9
3841 11
3842 14
3843 7
3844 7
3845 7
3846 7
3847 13
3848 12
3849 5
3850 13
3851 10
3852 11
3853 8
3854 7
3855 18
3856 16
3857 12
3858 14
3859 17
3860 9
3861 15
3862 6
3863 13
3864 10
3865 8
3866 11
3867 22
3868 23
3869 19
3870 16
3871 10
3872 16
3873 11
3874 13
3875 24
3876 13
3877 14
3878 21
3879 16
3880 14
3881 10
3882 15
3883 18
3884 14
3885 16
3886 14
3887 8
3888 15
3889 18
3890 17
3891 15
3892 17
3893 9
3894 25
3895 9
3896 18
3897 14
3898 20
3899 13
3900 21
3901 13
3902 10
3903 8
3904 11
3905 24
3906 21
3907 23
3908 12
3909 15
3910 15
3911 19
3912 19
3913 9
3914 20
3915 12
3916 14
3917 15
3918 16
3919 22
3920 19
3921 14
3922 15
3923 14
3924 18
3925 12
3926 13
3927 27
3928 19
3929 11
3930 12
3931 10
3932 16
3933 14
3934 17
3935 13
3936 13
3937 7
3938 11
3939 11
3940 7
3941 10
3942 7
3943 12
3944 11
3945 6
3946 12
3947 11
3948 9
3949 9
3950 12
3951 11
3952 7
3953 8
3954 9
3955 6
3956 6
3957 6
3958 13
3959 4
3960 7
3961 8
3962 3
3963 6
3964 2
3965 7
3966 7
3967 7
3968 3
3969 6
3970 9
3971 4
3972 6
3973 7
3974 6
3975 4
3976 5
3977 6
3978 2
3979 4
3980 4
3981 5
3982 1
3983 6
3984 6
3985 7
3986 4
3987 4
3988 4
3989 5
3990 1
3991 4
3992 3
3993 5
3994 2
3995 4
3996 2
3997 2
3998 3
3999 2
4000 2
4001 3
4002 3
4003 2
4004 4
4005 3
4006 2
4007 3
4008 2
4009 1
4010 1
4011 2
4012 1
4013 1
4014 1
4015 1
4016 1
4017 1
4018 1
4019 2
4020 1
4021 2
4022 2
4023 2
4024 1
4025 1
4026 2
4027 2
4028 2
4029 1
4030 3
4031 2
4032 1
4033 1
4034 1
4035 1
4036 2
4037 1
4038 1
4039 1
4040 1
4041 1
4042 1
4043 1
4044 2
4045 1
4046 1
4047 2
4048 1
4049 1
4050 3
4051 1
4052 3
4053 2
4054 1
4055 1
4056 1
4057 2
4058 2
4059 2
4060 1
4061 2
4062 3
4063 1
4064 1
4065 1
4066 2
4067 1
4068 1
4069 2
4070 1
4071 1
4072 2
4073 4
4074 2
4075 1
4076 2
4077 3
4078 1
4079 2
4080 3
4081 2
4082 3
4083 2
4084 2
4085 2
4086 3
4087 3
4088 4
4089 5
4090 1
4091 2
4092 2
4093 3
4094 1
4095 3
4096 3
4097 4
4098 3
4099 1
4100 2
4101 1
4102 1
4103 3
4104 1
4105 2
4106 4
4107 1
4108 1
4109 1
4110 1
4111 2
4112 2
4113 1
4114 3
4115 2
4116 2
4117 2
4118 1
4119 3
4120 2
4121 1
4122 5
4123 3
4124 1
4125 1
4126 6
4127 1
4128 1
4129 2
4130 2
4131 2
4132 1
4133 2
4134 2
4135 2
4136 1
4137 1
4138 2
4139 2
4140 1
4141 1
4142 1
4143 1
4144 1
4145 4
4146 1
4147 2
4148 3
4149 3
4150 1
4151 3
4152 2
4153 2
4154 2
4155 1
4156 1
4157 1
4158 3
4159 1
4160 2
4161 1
4162 1
4163 3
4164 2
4165 1
4166 2
4167 2
4168 1
4169 1
4170 1
4171 1
4172 1
4173 2
4174 2
4175 1
4176 1
4177 1
4178 1
4179 2
4180 1
4181 2
4182 1
4183 1
4184 1
4185 1
4186 1
4187 2
4188 1
4189 1
4190 3
4191 2
4192 1
4193 1
4194 2
4195 1
4196 1
4197 1
4198 1
4199 2
4200 1
4201 2
4202 2
4203 1
4204 1
4205 1
4206 1
4207 2
4208 2
4209 3
4210 2
4211 1
4212 1
4213 1
4214 1
4215 2
4216 1
4217 1
4218 1
4219 2
4220 1
4221 1
4222 1
4223 1
4224 1
4225 1
4226 1
4227 1
4228 1
4229 1
4230 4
4231 3
4232 1
4233 2
4234 2
4235 1
4236 3
4237 2
4238 3
4239 2
4240 2
4241 1
4242 1
4243 1
4244 2
4245 3
4246 1
4247 2
4248 1
4249 2
4250 1
4251 1
4252 1
4253 2
4254 1
4255 1
4256 1
4257 2
4258 2
4259 2
4260 1
4261 1
4262 1
4263 3
4264 1
4265 2
4266 2
4267 2
4268 1
4269 2
4270 1
4271 1
4272 2
4273 1
4274 2
4275 3
4276 3
4277 2
4278 1
4279 1
4280 1
4281 1
4282 1
4283 2
4284 2
4285 3
4286 2
4287 1
4288 1
4289 2
4290 1
4291 1
4292 1
4293 3258
