1 20837352
2 13630014
3 9401420
4 7008113
5 5325246
6 4026021
7 3084221
8 2416378
9 1949584
10 1585497
11 1286649
12 1026660
13 807599
14 643077
15 528848
16 466858
17 444356
18 453542
19 481192
20 518893
21 566086
22 612279
23 654825
24 692936
25 720724
26 740902
27 759652
28 765424
29 766647
30 761405
31 752164
32 736080
33 713757
34 684514
35 655437
36 620607
37 584557
38 547885
39 514398
40 485657
41 457790
42 435373
43 415291
44 398848
45 380435
46 364582
47 346179
48 326433
49 306184
50 283356
51 259761
52 235512
53 213221
54 192276
55 174141
56 159612
57 149453
58 142952
59 142562
60 147573
61 157195
62 171988
63 191640
64 216181
65 243634
66 272752
67 305964
68 337664
69 370988
70 404305
71 435435
72 467395
73 493986
74 519175
75 541494
76 562834
77 574272
78 586972
79 593797
80 593607
81 591810
82 585710
83 574811
84 560671
85 544951
86 525700
87 505278
88 482566
89 457494
90 432672
91 406972
92 380682
93 353256
94 326986
95 301221
96 274946
97 251617
98 227176
99 204804
100 184233
101 163160
102 144576
103 127724
104 112810
105 98672
106 86560
107 75289
108 65619
109 57016
110 49737
111 42552
112 37724
113 32859
114 28870
115 26058
116 23169
117 20911
118 18965
119 17087
120 15580
121 14584
122 13593
123 12341
124 11337
125 10641
126 9950
127 9258
128 8555
129 8077
130 7602
131 6917
132 6557
133 6093
134 5734
135 5599
136 5182
137 4949
138 4879
139 4456
140 4438
141 4266
142 4095
143 4166
144 4068
145 4022
146 3919
147 3914
148 3844
149 3801
150 3630
151 3664
152 3465
153 3386
154 3390
155 3283
156 3136
157 3064
158 3000
159 3000
160 2922
161 2813
162 2656
163 2694
164 2582
165 2529
166 2390
167 2385
168 2371
169 2248
170 2205
171 2167
172 2039
173 1987
174 2021
175 1931
176 1862
177 1772
178 1756
179 1540
180 1570
181 1536
182 1367
183 1355
184 1371
185 1323
186 1243
187 1165
188 1126
189 1094
190 1007
191 1028
192 937
193 902
194 851
195 827
196 702
197 663
198 645
199 655
200 568
201 574
202 502
203 525
204 446
205 474
206 450
207 463
208 404
209 355
210 336
211 332
212 336
213 319
214 309
215 311
216 303
217 340
218 314
219 292
220 328
221 342
222 287
223 318
224 319
225 263
226 314
227 291
228 306
229 259
230 332
231 259
232 256
233 260
234 304
235 290
236 312
237 290
238 308
239 337
240 331
241 324
242 346
243 313
244 300
245 344
246 312
247 335
248 327
249 354
250 342
251 334
252 324
253 348
254 331
255 360
256 333
257 341
258 333
259 360
260 365
261 334
262 322
263 347
264 350
265 393
266 357
267 380
268 335
269 331
270 360
271 338
272 340
273 267
274 294
275 265
276 256
277 237
278 273
279 262
280 296
281 273
282 321
283 272
284 290
285 324
286 278
287 282
288 315
289 300
290 305
291 286
292 292
293 292
294 273
295 286
296 279
297 271
298 241
299 272
300 275
301 272
302 260
303 249
304 255
305 226
306 208
307 238
308 218
309 214
310 192
311 211
312 231
313 188
314 205
315 189
316 171
317 206
318 166
319 167
320 176
321 181
322 162
323 172
324 154
325 138
326 138
327 114
328 127
329 112
330 122
331 101
332 122
333 109
334 113
335 119
336 118
337 120
338 104
339 96
340 93
341 101
342 96
343 79
344 75
345 89
346 88
347 88
348 76
349 100
350 70
351 86
352 91
353 72
354 89
355 84
356 93
357 68
358 91
359 74
360 87
361 88
362 88
363 96
364 93
365 101
366 115
367 99
368 115
369 112
370 115
371 126
372 113
373 140
374 146
375 155
376 150
377 124
378 139
379 141
380 124
381 127
382 138
383 160
384 125
385 146
386 154
387 142
388 143
389 182
390 137
391 145
392 133
393 157
394 137
395 126
396 132
397 137
398 120
399 120
400 111
401 118
402 123
403 131
404 118
405 147
406 120
407 123
408 97
409 119
410 104
411 113
412 110
413 81
414 82
415 102
416 98
417 74
418 73
419 95
420 92
421 88
422 72
423 83
424 80
425 78
426 82
427 77
428 66
429 66
430 65
431 71
432 61
433 73
434 63
435 79
436 60
437 57
438 53
439 66
440 66
441 72
442 59
443 70
444 61
445 62
446 56
447 43
448 53
449 51
450 54
451 53
452 44
453 51
454 37
455 40
456 55
457 48
458 45
459 47
460 46
461 37
462 50
463 45
464 39
465 45
466 25
467 42
468 44
469 47
470 53
471 40
472 49
473 32
474 45
475 29
476 37
477 50
478 38
479 34
480 33
481 25
482 29
483 48
484 34
485 35
486 30
487 39
488 38
489 36
490 27
491 30
492 32
493 28
494 38
495 20
496 33
497 34
498 31
499 34
500 32
501 29
502 27
503 24
504 30
505 21
506 38
507 24
508 27
509 27
510 33
511 29
512 27
513 25
514 29
515 22
516 23
517 23
518 18
519 31
520 33
521 26
522 31
523 35
524 22
525 25
526 19
527 25
528 25
529 21
530 24
531 32
532 29
533 32
534 28
535 41
536 40
537 29
538 28
539 37
540 37
541 41
542 31
543 30
544 30
545 24
546 24
547 32
548 31
549 29
550 31
551 25
552 28
553 19
554 24
555 23
556 27
557 46
558 28
559 32
560 35
561 27
562 28
563 34
564 18
565 23
566 26
567 23
568 21
569 20
570 30
571 23
572 21
573 31
574 19
575 24
576 16
577 27
578 29
579 27
580 28
581 15
582 25
583 24
584 18
585 20
586 18
587 21
588 21
589 22
590 22
591 27
592 27
593 33
594 18
595 20
596 23
597 23
598 25
599 24
600 28
601 21
602 19
603 24
604 12
605 22
606 23
607 23
608 30
609 16
610 25
611 15
612 22
613 15
614 13
615 14
616 13
617 15
618 10
619 25
620 21
621 19
622 19
623 19
624 12
625 19
626 20
627 13
628 9
629 12
630 6
631 4
632 7
633 9
634 10
635 8
636 12
637 4
638 9
639 11
640 15
641 7
642 12
643 10
644 9
645 8
646 5
647 9
648 11
649 8
650 8
651 13
652 9
653 7
654 16
655 11
656 8
657 6
658 10
659 12
660 16
661 14
662 11
663 6
664 12
665 10
666 10
667 4
668 7
669 10
670 8
671 8
672 12
673 9
674 11
675 10
676 9
677 15
678 7
679 13
680 5
681 6
682 2
683 10
684 9
685 9
686 5
687 9
688 8
689 7
690 10
691 6
692 4
693 2
694 3
695 4
696 7
697 6
698 5
699 5
700 2
701 8
702 7
703 6
704 3
705 7
706 4
707 7
708 4
709 4
710 7
711 10
712 5
713 4
714 4
715 7
716 7
717 2
718 5
719 5
720 6
721 8
722 10
723 5
724 3
725 5
726 5
727 8
728 9
729 5
730 8
731 4
732 7
733 7
734 3
735 4
736 3
737 2
738 3
739 4
740 3
741 3
742 4
743 2
744 2
745 5
746 1
747 3
749 3
750 3
751 2
752 4
753 7
754 5
755 2
756 5
757 5
758 2
759 3
760 3
761 3
762 8
763 4
764 5
765 6
766 5
767 4
768 2
769 3
770 4
771 5
772 1
773 3
774 2
775 2
776 2
777 4
778 3
779 3
780 3
781 2
782 2
783 4
784 5
785 3
786 1
787 2
788 3
791 3
792 1
793 2
794 8
795 3
796 9
797 8
798 8
799 11
800 9
801 12
802 6
803 8
804 9
805 6
806 9
807 9
808 9
809 8
810 6
811 6
812 9
813 2
814 4
815 4
816 3
817 4
818 4
819 3
820 2
821 3
822 3
823 2
824 5
825 3
826 1
827 6
828 2
829 6
830 12
831 9
832 6
833 4
834 5
835 6
836 4
837 8
838 9
839 10
840 9
841 6
842 12
843 7
844 4
845 8
846 9
847 3
848 12
849 5
850 9
851 10
852 6
853 4
854 4
855 4
856 4
857 1
858 3
859 1
860 13
861 10
862 3
863 8
864 4
865 4
866 2
867 5
868 4
869 7
870 5
871 7
872 9
873 7
874 8
875 10
876 11
877 5
878 7
879 7
880 1
881 4
882 3
883 7
884 6
885 3
886 1
887 5
888 8
889 4
890 5
891 4
892 6
893 7
894 6
895 4
896 2
897 9
898 6
899 4
900 4
901 1
902 2
903 4
904 4
905 3
906 2
909 4
910 7
911 8
912 3
913 4
914 1
915 7
916 6
917 6
918 8
919 10
920 6
921 4
922 9
923 3
924 8
925 7
926 9
927 4
928 3
929 7
930 3
931 3
932 1
933 1
934 3
935 1
936 4
937 3
938 1
939 3
940 8
941 3
942 6
943 3
944 5
945 6
946 6
947 6
948 2
949 8
950 5
951 3
952 3
953 3
954 3
955 1
956 3
957 4
958 2
959 9
960 4
961 5
962 1
963 9
964 5
965 3
966 6
967 6
968 5
969 8
970 6
971 6
972 9
973 5
974 2
975 10
976 9
977 5
978 7
979 8
980 6
981 3
982 6
983 5
984 3
985 3
986 5
987 6
988 3
989 8
990 8
991 5
992 4
993 5
994 4
995 6
996 4
997 3
998 9
999 8
1000 12
1001 9
1002 5
1003 11
1004 8
1005 8
1006 9
1007 11
1008 9
1009 3
1010 3
1011 3
1012 4
1013 5
1014 4
1015 8
1016 6
1017 5
1018 5
1019 6
1020 6
1021 5
1022 4
1023 4
1024 5
1025 6
1026 6
1027 3
1028 3
1029 2
1030 3
1031 8
1032 11
1033 9
1034 7
1035 4
1036 5
1037 8
1038 12
1039 12
1040 10
1041 12
1042 9
1043 16
1044 10
1045 10
1046 12
1047 9
1048 15
1049 8
1050 7
1051 9
1052 10
1053 13
1054 4
1055 7
1056 4
1057 5
1058 4
1059 8
1060 10
1061 4
1062 5
1063 14
1064 7
1065 9
1066 7
1067 7
1068 8
1069 7
1070 9
1071 10
1072 4
1073 9
1074 10
1075 10
1076 9
1077 7
1078 7
1079 9
1080 18
1081 16
1082 13
1083 10
1084 11
1085 19
1086 9
1087 9
1088 9
1089 8
1090 8
1091 10
1092 13
1093 20
1094 11
1095 7
1096 6
1097 10
1098 14
1099 14
1100 13
1101 7
1102 9
1103 2
1104 7
1105 8
1106 6
1107 3
1108 3
1109 4
1110 8
1111 9
1112 5
1113 5
1114 8
1115 7
1116 8
1117 6
1118 10
1119 3
1120 6
1121 6
1122 4
1123 7
1124 6
1125 4
1126 7
1127 1
1128 6
1129 2
1130 3
1131 3
1132 5
1133 2
1134 1
1136 1
1137 2
1138 6
1139 1
1140 3
1141 2
1142 1
1143 2
1144 4
1145 1
1146 2
1147 2
1148 2
1149 3
1150 1
1152 1
1153 2
1154 3
1156 3
1157 1
1158 2
1159 7
1160 1
1161 1
1162 2
1163 2
1164 2
1165 1
1166 3
1168 2
1169 1
1170 2
1171 1
1172 2
1174 4
1175 2
1176 2
1177 1
1178 4
1179 4
1180 3
1182 2
1183 3
1184 5
1185 7
1186 3
1187 2
1188 3
1190 4
1191 3
1192 5
1193 2
1194 6
1195 3
1196 7
1197 3
1198 7
1199 5
1200 3
1201 4
1202 7
1203 5
1204 2
1205 5
1206 2
1207 6
1208 3
1209 5
1210 3
1211 4
1212 4
1213 2
1214 4
1215 1
1217 1
1220 2
1222 1
1223 4
1224 2
1228 1
1230 2
1235 2
1236 2
1237 1
1238 2
1242 1
1243 1
1244 1
1245 1
1247 1
1248 1
1259 1
1260 1
1263 1
1264 2
1266 4
1267 2
1269 1
1271 2
1272 3
1274 3
1275 2
1277 3
1278 1
1280 1
1281 3
1282 2
1284 2
1285 1
1286 1
1287 4
1288 2
1291 1
1292 2
1294 3
1296 1
1297 4
1299 1
1301 1
1302 1
1303 1
1304 2
1305 2
1306 1
1307 1
1308 1
1309 2
1311 1
1312 1
1313 1
1317 1
1318 2
1319 3
1320 1
1321 5
1322 2
1325 2
1329 1
1330 1
1344 1
1348 1
1353 1
1367 1
1368 1
1374 1
1377 1
1383 1
1386 1
1387 1
1388 2
1389 1
1390 1
1391 1
1392 1
1393 1
1394 2
1395 1
1396 1
1397 1
1398 2
1400 2
1401 2
1405 2
1407 1
1409 2
1410 1
1412 1
1413 1
1416 1
1417 1
1431 1
1437 1
1446 1
1449 1
1452 1
1453 1
1454 2
1455 1
1463 1
1464 1
1476 1
1481 1
1482 1
1505 1
1506 1
1507 1
1509 1
1510 1
1512 1
1513 1
1518 2
1521 2
1523 1
1525 1
1529 1
1530 1
1531 4
1532 2
1533 3
1534 3
1535 1
1538 1
1540 2
1544 1
1548 1
1549 1
1551 1
1557 1
1572 1
1573 1
1583 2
1596 1
1597 1
1598 1
1600 1
1602 1
1606 1
1618 1
1620 1
1631 1
1633 1
1634 1
1635 1
1637 1
1639 1
1641 1
1643 1
1644 1
1650 1
1686 1
1689 1
1692 2
1693 1
1694 2
1696 1
1697 1
1698 1
1700 3
1701 1
1702 1
1706 1
1708 2
1719 1
1728 1
1774 1
1796 1
1808 1
1813 1
1814 1
1815 3
1839 1
1840 1
1860 2
1861 1
1862 1
1864 2
1865 1
1866 1
1877 1
1885 1
1886 1
1892 1
1901 1
1912 1
1916 1
1925 2
1929 1
1949 1
1965 1
1988 1
1998 1
2001 1
2002 1
2003 1
2004 2
2005 1
2008 1
2011 1
2047 1
2057 1
2101 1
2107 1
2114 1
2173 1
2174 1
2176 1
2188 1
2236 1
2243 1
2248 1
2251 1
2253 1
2254 1
2255 2
2256 1
2298 1
2330 1
2331 1
2360 2
2366 1
2398 1
2399 1
2420 1
2424 1
2430 1
2431 1
2433 1
2434 1
2435 1
2436 1
2438 3
2441 1
2443 2
2445 1
2447 1
2451 2
2460 1
2461 1
2462 1
2464 1
2467 1
2472 1
2476 1
2484 1
2486 1
2490 1
2500 1
2506 2
2507 1
2512 1
2513 2
2516 1
2519 1
2524 1
2531 1
2534 1
2535 2
2536 1
2539 2
2540 1
2544 1
2548 1
2554 1
2556 2
2559 1
2562 1
2570 1
2581 1
2636 1
2647 1
2661 1
2688 1
2743 1
2764 1
2879 1
2912 1
3042 1
3054 1
3064 1
3099 1
3118 1
3120 1
3127 1
3138 1
3175 1
3191 2
3192 1
3200 1
3201 1
3208 2
3214 1
3216 2
3217 1
3226 1
3261 1
3265 1
3267 1
3277 1
3293 1
3294 1
3479 1
3484 1
3566 1
3577 1
3578 1
3587 2
3591 1
3667 1
3828 1
3834 1
3840 1
3841 1
3842 1
3845 1
3847 2
3849 1
3850 1
3854 1
3894 1
5262 1
5316 1
5813 1
5988 1
6125 1
6491 1
7833 1
7913 1
7926 1
7928 1
7929 1
7933 1
7934 1
7936 1
7942 1
7948 1
7953 1
