1 26209727
2 13984499
3 9171462
4 6698279
5 4884159
6 3444558
7 2370226
8 1647779
9 1223402
10 1003106
11 898960
12 838381
13 771054
14 684699
15 579755
16 478021
17 389233
18 312650
19 257879
20 221321
21 201439
22 188574
23 181627
24 175016
25 167655
26 158522
27 150494
28 142931
29 141814
30 143857
31 155008
32 172386
33 197723
34 230758
35 267885
36 306156
37 348255
38 391418
39 422776
40 450428
41 466816
42 473970
43 470602
44 459648
45 434835
46 406574
47 371088
48 333968
49 293505
50 252291
51 215167
52 178570
53 147048
54 119529
55 94931
56 75534
57 59435
58 46011
59 36316
60 28755
61 23605
62 19819
63 16816
64 14717
65 13787
66 12797
67 11966
68 11695
69 10942
70 10650
71 9899
72 9422
73 8774
74 8037
75 7473
76 6861
77 6139
78 5718
79 5302
80 4805
81 4527
82 4123
83 3754
84 3485
85 3229
86 3042
87 2874
88 2746
89 2512
90 2334
91 2145
92 1965
93 1782
94 1622
95 1386
96 1310
97 1245
98 1072
99 978
100 898
101 817
102 664
103 644
104 588
105 545
106 524
107 470
108 421
109 393
110 380
111 322
112 327
113 296
114 311
115 338
116 339
117 347
118 350
119 335
120 381
121 332
122 334
123 342
124 351
125 433
126 403
127 392
128 424
129 457
130 422
131 445
132 473
133 444
134 420
135 429
136 410
137 418
138 446
139 404
140 335
141 372
142 337
143 322
144 301
145 280
146 280
147 264
148 261
149 263
150 211
151 217
152 227
153 247
154 263
155 252
156 262
157 250
158 240
159 236
160 234
161 247
162 255
163 235
164 214
165 235
166 231
167 261
168 267
169 272
170 262
171 265
172 271
173 298
174 310
175 346
176 337
177 301
178 333
179 292
180 245
181 236
182 222
183 198
184 200
185 197
186 190
187 176
188 175
189 186
190 154
191 153
192 158
193 142
194 128
195 122
196 121
197 123
198 105
199 95
200 104
201 83
202 88
203 82
204 100
205 95
206 94
207 117
208 94
209 110
210 90
211 86
212 93
213 86
214 81
215 79
216 92
217 87
218 70
219 85
220 95
221 81
222 90
223 87
224 80
225 86
226 88
227 75
228 72
229 70
230 74
231 62
232 74
233 65
234 80
235 93
236 97
237 98
238 101
239 103
240 94
241 124
242 126
243 178
244 180
245 195
246 258
247 323
248 366
249 465
250 562
251 615
252 732
253 850
254 937
255 1230
256 1343
257 1549
258 1853
259 2079
260 2495
261 2761
262 3204
263 3748
264 4250
265 4783
266 5419
267 6281
268 7034
269 7952
270 8917
271 9757
272 10874
273 12050
274 13418
275 14630
276 16164
277 17453
278 19086
279 21061
280 22582
281 24511
282 26058
283 28065
284 29301
285 31143
286 32652
287 34529
288 35955
289 37510
290 38874
291 41127
292 42495
293 44211
294 45446
295 46823
296 48106
297 49042
298 50158
299 50907
300 51363
301 51182
302 51516
303 50898
304 50538
305 49716
306 49697
307 49180
308 48006
309 46850
310 45492
311 44540
312 43341
313 41801
314 40747
315 38417
316 37049
317 34904
318 33631
319 32096
320 30089
321 28125
322 26646
323 25446
324 23641
325 21959
326 20631
327 18864
328 17314
329 16168
330 14972
331 13321
332 12136
333 10891
334 10050
335 9027
336 8109
337 7426
338 6590
339 5729
340 5341
341 4581
342 4035
343 3704
344 3122
345 2796
346 2525
347 2166
348 1892
349 1667
350 1441
351 1260
352 1068
353 921
354 748
355 723
356 557
357 478
358 423
359 338
360 330
361 277
362 259
363 191
364 201
365 174
366 134
367 117
368 99
369 95
370 70
371 70
372 69
373 41
374 50
375 39
376 33
377 29
378 30
379 24
380 23
381 26
382 23
383 23
384 24
385 17
386 30
387 22
388 28
389 32
390 29
391 19
392 17
393 15
394 10
395 10
396 10
397 21
398 15
399 14
400 13
401 6
402 12
403 12
404 18
405 19
406 16
407 9
408 11
409 17
410 10
411 10
412 11
413 20
414 10
415 7
416 13
417 13
418 10
419 18
420 9
421 15
422 10
423 10
424 16
425 10
426 11
427 16
428 14
429 17
430 9
431 16
432 12
433 13
434 12
435 11
436 19
437 15
438 7
439 4
440 7
441 10
442 6
443 5
444 4
445 6
446 6
447 8
448 7
449 4
450 2
451 5
452 6
453 4
454 9
455 6
456 7
457 4
458 10
459 3
460 4
461 10
462 9
463 8
464 7
465 7
466 7
467 10
468 7
469 6
470 6
471 7
472 4
473 7
474 10
475 9
476 9
477 5
478 7
479 8
480 8
481 13
482 17
483 9
484 7
485 2
486 11
487 3
488 5
489 4
490 8
491 4
492 6
493 8
494 3
495 5
496 11
497 5
498 7
499 11
500 10
501 6
502 7
503 5
504 9
505 8
506 10
507 15
508 4
509 4
510 3
511 4
512 6
513 8
514 3
515 11
516 3
517 5
518 9
519 2
520 3
521 2
522 4
523 3
524 1
525 2
526 3
527 2
528 2
529 5
530 3
531 2
532 6
533 4
534 4
535 2
536 2
537 6
538 3
539 4
540 6
541 2
542 6
543 3
544 5
545 5
546 13
547 8
548 6
549 15
550 11
551 15
552 10
553 16
554 10
555 14
556 20
557 9
558 14
559 24
560 20
561 23
562 26
563 19
564 33
565 24
566 17
567 28
568 28
569 26
570 22
571 27
572 22
573 37
574 38
575 34
576 45
577 38
578 51
579 41
580 41
581 58
582 62
583 57
584 63
585 67
586 72
587 70
588 76
589 72
590 84
591 87
592 74
593 66
594 98
595 88
596 59
597 80
598 105
599 85
600 108
601 81
602 82
603 101
604 73
605 79
606 91
607 91
608 105
609 89
610 85
611 79
612 76
613 70
614 70
615 67
616 63
617 63
618 65
619 67
620 72
621 89
622 62
623 62
624 57
625 64
626 58
627 62
628 77
629 65
630 70
631 56
632 48
633 39
634 37
635 46
636 28
637 31
638 31
639 33
640 17
641 19
642 24
643 30
644 20
645 20
646 21
647 24
648 20
649 18
650 23
651 22
652 12
653 11
654 6
655 5
656 8
657 6
658 9
659 4
660 6
661 6
662 2
663 2
664 3
665 6
666 7
667 2
668 1
669 4
670 2
671 5
672 1
673 5
674 6
675 5
676 1
677 1
679 2
680 4
681 4
682 4
684 2
685 3
686 3
687 1
688 4
689 1
690 6
691 4
692 2
693 2
694 7
695 4
696 4
697 9
698 5
699 5
700 6
701 3
702 5
703 5
704 4
705 3
706 2
707 4
708 6
709 2
710 4
711 4
712 6
713 6
714 2
715 2
716 3
717 2
718 5
719 5
720 1
721 3
722 1
723 2
724 2
725 3
727 2
728 2
729 5
730 3
731 2
732 1
733 3
734 2
735 2
736 2
737 3
739 1
740 1
741 1
742 2
745 1
749 1
753 1
754 1
755 1
757 2
758 3
760 2
761 1
764 4
765 3
766 3
767 2
768 3
769 4
770 1
771 3
772 5
773 1
774 2
775 3
776 5
777 1
778 3
779 4
780 5
781 2
782 2
783 1
785 2
787 1
789 2
790 2
791 2
792 3
793 2
794 1
796 3
797 3
798 2
799 2
800 1
801 3
802 1
804 4
805 5
806 5
807 2
809 5
810 1
811 1
812 1
813 3
814 2
815 1
817 2
819 1
820 2
821 1
824 1
825 1
828 2
829 1
830 1
831 1
832 1
833 1
834 2
835 1
836 1
838 5
839 2
840 2
841 1
842 2
843 2
844 1
845 3
846 1
847 2
848 2
849 4
850 4
851 3
852 3
853 3
854 3
855 3
856 1
857 3
859 3
860 1
861 1
863 2
865 3
868 2
869 2
870 1
871 1
874 2
875 7
876 5
877 5
878 2
879 3
880 1
881 5
882 8
883 2
884 5
885 6
886 5
887 5
888 4
889 8
890 4
891 4
892 10
893 9
894 7
895 9
896 8
897 3
898 6
899 8
900 7
901 4
902 5
903 3
904 4
905 9
906 8
907 4
908 8
909 9
910 7
911 5
912 5
913 7
914 1
915 5
916 4
917 1
918 4
919 6
920 3
921 4
922 4
923 4
924 4
925 2
926 2
927 3
928 3
929 3
930 3
931 2
932 2
934 2
935 1
938 2
942 2
943 2
944 1
945 1
947 3
949 1
950 1
954 2
955 1
956 1
957 2
958 2
959 3
960 1
965 1
967 1
969 1
970 1
971 2
972 2
975 7
976 3
977 1
978 2
979 2
980 3
981 1
984 4
985 1
986 1
987 7
988 1
989 1
990 1
991 1
992 2
996 1
997 2
998 2
1000 1
1001 2
1003 4
1004 2
1008 1
1009 1
1010 1
1016 1
1017 3
1018 2
1019 1
1020 1
1021 2
1024 2
1025 3
1026 2
1027 2
1028 1
1030 3
1031 2
1032 1
1033 2
1035 2
1039 1
1042 2
1043 3
1044 2
1045 1
1048 1
1049 3
1051 1
1052 2
1053 2
1054 2
1057 1
1058 3
1059 1
1060 1
1061 2
1063 2
1064 3
1066 1
1069 1
1070 2
1071 2
1073 1
1074 1
1075 1
1076 2
1103 1
1157 1
1188 1
1189 1
1191 1
1192 2
1193 1
1194 1
1195 1
1196 3
1197 1
1198 4
1199 1
1200 1
1203 1
1207 1
1209 2
1217 1
1218 1
1219 1
1223 1
1224 1
1226 1
1227 7
1230 1
1231 3
1232 2
1233 2
1234 2
1236 1
1237 2
1238 4
1239 1
1240 1
1242 1
1243 1
1244 1
1245 1
1246 1
1248 1
1249 2
1250 2
1253 1
1254 1
1259 1
1265 1
1266 1
1268 1
1286 1
1287 1
1333 2
1334 1
1389 1
1392 1
1395 1
1427 1
1436 1
1438 1
1450 1
1452 1
1493 1
1495 1
1497 2
1498 1
1500 1
1501 1
1504 1
1511 1
1515 1
1519 1
1520 1
1522 2
1524 1
1525 2
1543 1
1548 2
1558 1
1562 1
1769 1
1803 1
1806 1
1809 1
1811 1
1812 1
1813 1
1818 1
1826 1
1828 1
1834 1
1839 1
1843 1
1854 1
1858 1
1864 1
1866 1
1867 1
1870 1
1871 1
1872 1
1873 1
1875 2
1877 2
1887 1
1888 1
1905 1
1906 1
1913 1
1919 1
1921 1
1922 2
1923 1
1926 1
1927 1
1928 1
2058 1
2060 1
2069 1
2090 1
2119 1
2362 1
2420 1
2430 1
2675 1
2737 1
2977 1
2978 1
3592 1
3601 1
3603 1
3604 1
3612 1
3616 1
3620 1
3621 1
3633 1
3634 1
