1 22558111
2 10740544
3 5560532
4 3002915
5 1889284
6 1428790
7 1179046
8 979791
9 786919
10 644761
11 564328
12 548224
13 582331
14 653578
15 729619
16 802874
17 860883
18 891124
19 901008
20 888662
21 862733
22 827413
23 788600
24 753053
25 718390
26 688453
27 662041
28 639414
29 617700
30 592509
31 561963
32 527071
33 486500
34 446177
35 400781
36 356288
37 315154
38 277721
39 244211
40 217697
41 198449
42 184183
43 174509
44 170156
45 165675
46 163861
47 162478
48 162102
49 160920
50 161472
51 160328
52 161132
53 160715
54 161618
55 161967
56 164355
57 166577
58 170715
59 174326
60 177146
61 181061
62 184524
63 187719
64 190137
65 190668
66 188504
67 188127
68 185305
69 181548
70 179280
71 175706
72 173189
73 171263
74 169711
75 169939
76 171770
77 171995
78 173271
79 175865
80 177991
81 178726
82 180359
83 179587
84 178659
85 176832
86 173302
87 168722
88 162055
89 155040
90 145415
91 135626
92 125767
93 115113
94 104445
95 94435
96 83307
97 73026
98 63008
99 54652
100 46785
101 39489
102 33296
103 27740
104 23440
105 19289
106 15615
107 12776
108 10222
109 8205
110 6453
111 5077
112 4145
113 3319
114 2794
115 2358
116 1995
117 1790
118 1649
119 1530
120 1411
121 1353
122 1275
123 1202
124 1139
125 1119
126 1094
127 1112
128 1097
129 1133
130 1075
131 1147
132 1114
133 1134
134 1056
135 1013
136 1020
137 894
138 880
139 900
140 890
141 832
142 782
143 727
144 728
145 691
146 611
147 591
148 567
149 567
150 540
151 514
152 489
153 513
154 492
155 483
156 470
157 473
158 494
159 491
160 509
161 509
162 522
163 534
164 566
165 531
166 563
167 571
168 563
169 611
170 537
171 538
172 540
173 555
174 519
175 506
176 485
177 467
178 512
179 513
180 520
181 504
182 499
183 450
184 453
185 461
186 510
187 453
188 432
189 401
190 400
191 361
192 371
193 352
194 348
195 361
196 341
197 342
198 337
199 291
200 288
201 276
202 286
203 277
204 234
205 246
206 223
207 215
208 226
209 183
210 207
211 187
212 181
213 179
214 172
215 161
216 141
217 145
218 128
219 127
220 130
221 124
222 125
223 130
224 141
225 138
226 136
227 157
228 173
229 155
230 172
231 170
232 193
233 204
234 171
235 212
236 183
237 203
238 225
239 252
240 224
241 216
242 235
243 221
244 242
245 246
246 198
247 234
248 201
249 235
250 232
251 213
252 283
253 220
254 247
255 231
256 221
257 203
258 225
259 200
260 212
261 193
262 207
263 190
264 185
265 188
266 180
267 158
268 164
269 161
270 175
271 162
272 184
273 195
274 184
275 150
276 164
277 176
278 172
279 159
280 146
281 153
282 175
283 135
284 133
285 113
286 113
287 112
288 103
289 106
290 111
291 84
292 88
293 98
294 98
295 103
296 100
297 92
298 89
299 113
300 78
301 91
302 84
303 82
304 84
305 85
306 84
307 88
308 67
309 65
310 60
311 70
312 57
313 63
314 59
315 53
316 51
317 42
318 46
319 37
320 42
321 37
322 44
323 46
324 47
325 36
326 36
327 42
328 57
329 67
330 55
331 60
332 62
333 72
334 69
335 80
336 45
337 49
338 53
339 46
340 47
341 65
342 45
343 59
344 58
345 48
346 61
347 42
348 59
349 37
350 41
351 45
352 38
353 39
354 31
355 36
356 41
357 22
358 21
359 14
360 27
361 15
362 25
363 21
364 29
365 13
366 18
367 29
368 14
369 23
370 23
371 27
372 26
373 31
374 26
375 34
376 30
377 24
378 28
379 33
380 49
381 51
382 74
383 78
384 112
385 126
386 148
387 156
388 195
389 219
390 231
391 283
392 314
393 358
394 420
395 465
396 587
397 620
398 761
399 839
400 1046
401 1142
402 1296
403 1546
404 1702
405 1941
406 2187
407 2402
408 2682
409 3038
410 3511
411 3797
412 4238
413 4584
414 5112
415 5492
416 6138
417 6741
418 7366
419 8057
420 8801
421 9819
422 10446
423 11268
424 12489
425 13287
426 14145
427 15334
428 16473
429 17686
430 19118
431 19800
432 21282
433 22330
434 23857
435 24834
436 26419
437 27814
438 29246
439 30164
440 31743
441 33089
442 34555
443 36148
444 37517
445 38387
446 40028
447 40910
448 42523
449 43753
450 44894
451 45958
452 47789
453 48701
454 49520
455 51006
456 52104
457 52753
458 53658
459 54944
460 55407
461 56310
462 57058
463 58168
464 58884
465 59637
466 60088
467 61327
468 61741
469 62657
470 63154
471 64053
472 64821
473 65483
474 66425
475 67537
476 67610
477 68268
478 69174
479 69507
480 70759
481 71003
482 71363
483 72207
484 72049
485 72112
486 72608
487 72693
488 73171
489 73163
490 73464
491 72984
492 73291
493 72624
494 72519
495 72897
496 71697
497 72051
498 70538
499 70113
500 69450
501 68937
502 67705
503 66349
504 65036
505 63750
506 62776
507 61370
508 60433
509 58171
510 56854
511 55484
512 53832
513 51822
514 50389
515 48527
516 46447
517 44961
518 42900
519 41328
520 39279
521 37452
522 35665
523 34022
524 32468
525 30455
526 28952
527 27176
528 25755
529 24146
530 22284
531 21059
532 20045
533 18465
534 16966
535 15852
536 14641
537 13599
538 12485
539 11821
540 10713
541 9879
542 9298
543 8472
544 7731
545 7083
546 6293
547 5970
548 5345
549 4861
550 4328
551 4058
552 3661
553 3380
554 2974
555 2642
556 2394
557 2246
558 1926
559 1807
560 1601
561 1442
562 1205
563 1083
564 976
565 858
566 745
567 698
568 602
569 551
570 494
571 427
572 386
573 273
574 260
575 249
576 222
577 198
578 183
579 134
580 114
581 99
582 112
583 104
584 82
585 84
586 72
587 60
588 63
589 57
590 52
591 48
592 40
593 43
594 33
595 18
596 33
597 35
598 27
599 44
600 35
601 39
602 32
603 42
604 40
605 47
606 31
607 42
608 49
609 46
610 39
611 38
612 33
613 33
614 31
615 27
616 25
617 22
618 42
619 33
620 38
621 39
622 34
623 40
624 34
625 32
626 35
627 33
628 30
629 24
630 34
631 34
632 35
633 45
634 31
635 33
636 37
637 30
638 31
639 39
640 41
641 40
642 39
643 28
644 38
645 30
646 37
647 29
648 32
649 21
650 24
651 40
652 35
653 33
654 17
655 29
656 26
657 28
658 26
659 32
660 22
661 45
662 22
663 31
664 25
665 20
666 35
667 29
668 33
669 33
670 18
671 29
672 27
673 22
674 24
675 25
676 22
677 29
678 26
679 20
680 24
681 16
682 32
683 23
684 25
685 35
686 31
687 20
688 27
689 35
690 28
691 29
692 24
693 23
694 20
695 24
696 15
697 25
698 31
699 33
700 20
701 21
702 19
703 26
704 15
705 20
706 10
707 10
708 9
709 5
710 4
711 6
712 5
713 2
714 6
715 9
716 6
717 4
718 7
719 6
720 8
721 4
722 6
723 6
724 6
725 8
726 5
727 6
728 3
729 1
730 5
731 5
732 3
733 6
734 10
735 5
736 6
737 8
738 5
739 10
740 12
741 10
742 8
743 7
744 10
745 7
746 4
747 4
748 8
749 9
750 6
751 14
752 6
753 2
754 3
755 4
756 2
757 5
758 3
759 2
760 4
761 2
762 6
763 5
764 3
765 3
766 5
767 5
768 4
769 6
770 3
771 4
772 9
773 7
774 5
775 7
776 6
777 5
778 8
779 4
780 10
781 9
782 6
783 7
784 11
785 5
786 6
787 5
788 4
789 10
790 8
791 9
792 13
793 2
794 9
795 8
796 10
797 6
798 6
799 10
800 12
801 7
802 6
803 13
804 8
805 6
806 12
807 12
808 6
809 13
810 7
811 4
812 6
813 14
814 8
815 7
816 8
817 5
818 4
819 7
820 3
821 5
822 7
823 5
824 6
825 8
826 2
827 12
828 9
829 12
830 7
831 11
832 13
833 11
834 8
835 9
836 9
837 13
838 11
839 12
840 17
841 19
842 14
843 14
844 21
845 19
846 12
847 20
848 15
849 17
850 25
851 28
852 18
853 18
854 23
855 25
856 20
857 24
858 27
859 30
860 36
861 30
862 44
863 44
864 46
865 47
866 59
867 60
868 57
869 57
870 68
871 47
872 62
873 76
874 68
875 84
876 100
877 88
878 99
879 85
880 92
881 83
882 115
883 87
884 123
885 107
886 119
887 135
888 132
889 130
890 185
891 139
892 177
893 148
894 175
895 180
896 192
897 174
898 220
899 196
900 203
901 199
902 214
903 200
904 192
905 220
906 213
907 186
908 217
909 227
910 222
911 221
912 213
913 222
914 209
915 198
916 209
917 193
918 214
919 198
920 200
921 191
922 218
923 206
924 202
925 210
926 188
927 187
928 210
929 206
930 179
931 173
932 195
933 209
934 203
935 169
936 183
937 188
938 205
939 160
940 202
941 190
942 203
943 180
944 175
945 182
946 175
947 167
948 203
949 187
950 200
951 172
952 174
953 170
954 190
955 178
956 197
957 168
958 200
959 199
960 192
961 211
962 173
963 213
964 199
965 201
966 198
967 186
968 206
969 214
970 185
971 194
972 204
973 198
974 196
975 205
976 220
977 237
978 205
979 232
980 226
981 246
982 238
983 208
984 216
985 247
986 208
987 222
988 251
989 226
990 215
991 228
992 226
993 220
994 221
995 208
996 219
997 222
998 245
999 235
1000 194
1001 188
1002 234
1003 212
1004 229
1005 229
1006 209
1007 226
1008 197
1009 216
1010 200
1011 193
1012 211
1013 216
1014 187
1015 175
1016 191
1017 169
1018 182
1019 178
1020 168
1021 149
1022 155
1023 186
1024 159
1025 149
1026 156
1027 143
1028 106
1029 116
1030 121
1031 123
1032 104
1033 120
1034 112
1035 113
1036 100
1037 92
1038 104
1039 86
1040 84
1041 97
1042 80
1043 90
1044 82
1045 71
1046 73
1047 76
1048 65
1049 86
1050 75
1051 44
1052 61
1053 70
1054 45
1055 58
1056 59
1057 45
1058 32
1059 44
1060 40
1061 27
1062 24
1063 25
1064 21
1065 21
1066 14
1067 13
1068 16
1069 13
1070 9
1071 7
1072 10
1073 8
1074 14
1075 14
1076 11
1077 9
1078 11
1079 17
1080 13
1081 8
1082 10
1083 4
1084 7
1085 7
1086 9
1087 8
1088 10
1089 7
1090 9
1091 13
1092 8
1093 11
1094 11
1095 10
1096 12
1097 8
1098 20
1099 11
1100 8
1101 14
1102 11
1103 10
1104 13
1105 5
1106 12
1107 13
1108 14
1109 10
1110 6
1111 17
1112 15
1113 15
1114 14
1115 11
1116 14
1117 13
1118 6
1119 14
1120 5
1121 11
1122 16
1123 11
1124 11
1125 14
1126 10
1127 6
1128 7
1129 4
1130 6
1131 6
1132 15
1133 13
1134 6
1135 16
1136 8
1137 11
1138 17
1139 8
1140 16
1141 8
1142 5
1143 8
1144 6
1145 11
1146 11
1147 7
1148 12
1149 12
1150 11
1151 14
1152 9
1153 18
1154 13
1155 10
1156 11
1157 10
1158 3
1159 9
1160 7
1161 3
1162 4
1163 7
1164 6
1165 3
1166 9
1167 8
1168 9
1169 6
1170 11
1171 4
1172 6
1173 5
1174 7
1175 8
1176 3
1177 6
1178 3
1179 6
1180 9
1181 12
1182 11
1183 9
1184 11
1185 10
1186 7
1187 4
1188 6
1189 3
1190 5
1191 9
1192 11
1193 5
1194 7
1195 5
1196 7
1197 6
1198 5
1199 7
1200 5
1201 5
1202 6
1203 3
1204 4
1205 4
1206 3
1207 4
1208 8
1209 2
1210 7
1211 1
1212 2
1213 4
1214 2
1215 3
1216 6
1217 2
1218 6
1219 2
1220 3
1221 3
1222 3
1223 5
1224 6
1225 2
1226 3
1227 1
1228 3
1230 1
1231 4
1232 1
1233 1
1234 4
1235 5
1236 6
1237 2
1238 3
1239 3
1240 4
1241 4
1242 3
1243 2
1244 4
1245 3
1246 4
1247 4
1248 1
1249 1
1250 2
1251 6
1252 1
1253 3
1254 4
1255 2
1256 3
1257 3
1258 4
1259 5
1260 4
1261 2
1262 3
1263 7
1264 5
1265 4
1266 4
1267 3
1268 7
1269 6
1270 4
1271 5
1272 7
1273 4
1274 3
1275 13
1276 7
1277 10
1278 10
1279 8
1280 8
1281 12
1282 13
1283 12
1284 13
1285 6
1286 7
1287 7
1288 11
1289 9
1290 13
1291 16
1292 16
1293 14
1294 12
1295 18
1296 21
1297 23
1298 24
1299 16
1300 16
1301 13
1302 21
1303 16
1304 28
1305 20
1306 15
1307 32
1308 16
1309 22
1310 23
1311 25
1312 16
1313 27
1314 28
1315 27
1316 29
1317 31
1318 30
1319 30
1320 41
1321 39
1322 34
1323 38
1324 41
1325 44
1326 44
1327 50
1328 47
1329 58
1330 48
1331 62
1332 69
1333 64
1334 64
1335 65
1336 69
1337 82
1338 67
1339 75
1340 72
1341 82
1342 83
1343 77
1344 87
1345 94
1346 83
1347 102
1348 86
1349 118
1350 102
1351 96
1352 113
1353 104
1354 118
1355 116
1356 126
1357 127
1358 121
1359 125
1360 119
1361 121
1362 139
1363 131
1364 128
1365 124
1366 121
1367 134
1368 137
1369 125
1370 132
1371 123
1372 107
1373 111
1374 139
1375 135
1376 137
1377 107
1378 106
1379 128
1380 114
1381 126
1382 130
1383 128
1384 114
1385 101
1386 119
1387 127
1388 113
1389 94
1390 99
1391 120
1392 99
1393 110
1394 113
1395 90
1396 104
1397 99
1398 107
1399 79
1400 89
1401 78
1402 85
1403 70
1404 68
1405 86
1406 58
1407 59
1408 61
1409 56
1410 65
1411 76
1412 74
1413 58
1414 68
1415 34
1416 37
1417 47
1418 53
1419 54
1420 37
1421 36
1422 47
1423 61
1424 39
1425 34
1426 49
1427 32
1428 38
1429 48
1430 47
1431 35
1432 28
1433 40
1434 44
1435 46
1436 31
1437 23
1438 30
1439 32
1440 18
1441 33
1442 19
1443 36
1444 23
1445 20
1446 36
1447 18
1448 25
1449 23
1450 26
1451 20
1452 32
1453 26
1454 22
1455 19
1456 21
1457 19
1458 23
1459 25
1460 19
1461 19
1462 24
1463 22
1464 21
1465 22
1466 18
1467 21
1468 18
1469 17
1470 15
1471 17
1472 15
1473 11
1474 26
1475 25
1476 15
1477 18
1478 20
1479 17
1480 16
1481 20
1482 12
1483 12
1484 17
1485 6
1486 15
1487 16
1488 14
1489 13
1490 17
1491 16
1492 14
1493 15
1494 15
1495 16
1496 14
1497 17
1498 13
1499 19
1500 15
1501 20
1502 12
1503 17
1504 9
1505 9
1506 14
1507 14
1508 12
1509 15
1510 11
1511 14
1512 6
1513 11
1514 11
1515 18
1516 9
1517 14
1518 17
1519 12
1520 16
1521 15
1522 7
1523 18
1524 19
1525 13
1526 18
1527 15
1528 21
1529 17
1530 17
1531 21
1532 14
1533 22
1534 17
1535 18
1536 12
1537 18
1538 16
1539 7
1540 22
1541 17
1542 13
1543 13
1544 11
1545 5
1546 12
1547 19
1548 11
1549 7
1550 7
1551 10
1552 8
1553 15
1554 12
1555 8
1556 10
1557 11
1558 13
1559 6
1560 10
1561 8
1562 9
1563 8
1564 7
1565 8
1566 9
1567 14
1568 13
1569 14
1570 5
1571 10
1572 14
1573 16
1574 9
1575 21
1576 13
1577 16
1578 20
1579 10
1580 9
1581 9
1582 10
1583 11
1584 7
1585 9
1586 5
1587 10
1588 7
1589 11
1590 7
1591 9
1592 7
1593 8
1594 7
1595 8
1596 12
1597 7
1598 10
1599 8
1600 9
1601 8
1602 8
1603 11
1604 9
1605 10
1606 9
1607 6
1608 6
1609 4
1610 6
1611 8
1612 4
1613 1
1614 7
1615 4
1616 3
1617 4
1619 3
1620 7
1621 7
1622 5
1623 6
1624 8
1625 5
1626 5
1627 2
1628 5
1629 8
1630 4
1631 5
1633 3
1634 1
1635 3
1636 9
1637 4
1638 3
1639 1
1640 2
1641 3
1642 3
1643 2
1644 3
1645 3
1646 2
1647 2
1648 6
1649 5
1650 3
1651 4
1652 5
1653 4
1654 3
1655 4
1656 6
1657 7
1658 7
1659 3
1660 4
1661 5
1662 7
1663 3
1664 3
1665 3
1666 4
1667 1
1668 5
1669 4
1670 2
1672 1
1673 1
1676 2
1681 2
1682 1
1685 3
1686 3
1687 1
1688 1
1690 1
1693 1
1694 1
1698 1
1700 3
1702 1
1704 4
1705 1
1706 2
1707 3
1708 3
1709 1
1712 2
1713 2
1714 1
1716 1
1720 2
1721 1
1722 2
1723 2
1727 1
1728 3
1729 1
1730 2
1732 6
1733 1
1734 4
1736 4
1737 2
1738 5
1739 2
1740 3
1741 2
1743 1
1744 2
1745 3
1747 1
1748 3
1749 2
1750 2
1751 5
1752 2
1754 3
1755 6
1756 2
1757 1
1758 5
1759 2
1760 6
1761 12
1762 6
1763 3
1764 11
1765 6
1766 5
1767 6
1768 10
1769 4
1770 14
1771 7
1772 13
1773 6
1774 12
1775 9
1776 14
1777 15
1778 13
1779 10
1780 9
1781 11
1782 12
1783 15
1784 10
1785 17
1786 18
1787 27
1788 18
1789 31
1790 14
1791 26
1792 22
1793 14
1794 18
1795 30
1796 30
1797 22
1798 21
1799 31
1800 17
1801 24
1802 28
1803 25
1804 22
1805 23
1806 20
1807 27
1808 23
1809 27
1810 19
1811 29
1812 20
1813 25
1814 26
1815 25
1816 29
1817 29
1818 27
1819 29
1820 35
1821 25
1822 20
1823 28
1824 32
1825 33
1826 30
1827 35
1828 42
1829 21
1830 33
1831 36
1832 30
1833 38
1834 33
1835 31
1836 32
1837 32
1838 25
1839 49
1840 34
1841 37
1842 30
1843 22
1844 45
1845 28
1846 36
1847 29
1848 25
1849 31
1850 32
1851 26
1852 24
1853 32
1854 22
1855 30
1856 37
1857 29
1858 21
1859 24
1860 21
1861 25
1862 23
1863 23
1864 27
1865 22
1866 22
1867 19
1868 22
1869 33
1870 23
1871 24
1872 21
1873 17
1874 19
1875 26
1876 23
1877 23
1878 19
1879 18
1880 20
1881 23
1882 16
1883 19
1884 19
1885 16
1886 20
1887 28
1888 34
1889 19
1890 16
1891 20
1892 23
1893 26
1894 13
1895 12
1896 16
1897 10
1898 11
1899 8
1900 10
1901 14
1902 7
1903 12
1904 13
1905 15
1906 9
1907 7
1908 9
1909 5
1910 12
1911 9
1912 10
1913 8
1914 4
1915 11
1916 19
1917 12
1918 4
1919 11
1920 10
1921 13
1922 20
1923 14
1924 16
1925 12
1926 12
1927 13
1928 18
1929 9
1930 13
1931 10
1932 11
1933 15
1934 15
1935 19
1936 21
1937 17
1938 19
1939 23
1940 23
1941 22
1942 17
1943 22
1944 21
1945 25
1946 37
1947 21
1948 24
1949 23
1950 24
1951 26
1952 29
1953 21
1954 28
1955 26
1956 33
1957 23
1958 27
1959 26
1960 24
1961 38
1962 33
1963 23
1964 25
1965 30
1966 19
1967 35
1968 37
1969 29
1970 27
1971 41
1972 21
1973 20
1974 30
1975 19
1976 30
1977 26
1978 29
1979 32
1980 32
1981 20
1982 35
1983 21
1984 25
1985 27
1986 33
1987 26
1988 22
1989 28
1990 16
1991 24
1992 21
1993 25
1994 27
1995 16
1996 25
1997 19
1998 28
1999 14
2000 25
2001 23
2002 20
2003 19
2004 32
2005 15
2006 22
2007 15
2008 13
2009 21
2010 27
2011 15
2012 19
2013 19
2014 16
2015 24
2016 14
2017 21
2018 16
2019 12
2020 21
2021 12
2022 21
2023 19
2024 20
2025 9
2026 18
2027 13
2028 17
2029 16
2030 15
2031 13
2032 13
2033 14
2034 21
2035 12
2036 21
2037 9
2038 10
2039 12
2040 15
2041 11
2042 11
2043 11
2044 13
2045 6
2046 15
2047 10
2048 17
2049 14
2050 15
2051 18
2052 16
2053 9
2054 25
2055 19
2056 10
2057 11
2058 14
2059 12
2060 15
2061 16
2062 14
2063 10
2064 5
2065 13
2066 8
2067 9
2068 7
2069 8
2070 3
2071 4
2072 8
2073 5
2074 2
2075 2
2076 2
2078 1
2079 2
2081 1
2082 1
2083 1
2084 3
2085 1
2086 1
2089 1
2090 2
2097 1
2100 1
2102 1
2103 1
2105 1
2106 1
2119 1
2127 1
2134 1
2140 1
2141 1
2143 1
2144 1
2148 1
2150 1
2152 1
2154 1
2156 1
2157 1
2166 1
2170 1
2172 1
2177 1
2179 2
2180 1
2182 1
2183 1
2184 1
2185 1
2186 2
2187 1
2189 1
2190 1
2191 2
2192 3
2193 2
2194 3
2195 3
2196 2
2197 2
2198 3
2199 3
2200 2
2201 3
2202 4
2203 3
2204 4
2205 3
2206 2
2207 5
2208 6
2209 6
2210 2
2211 6
2212 5
2213 8
2214 7
2215 6
2216 5
2217 7
2218 7
2219 7
2220 6
2221 5
2222 9
2223 3
2224 9
2225 7
2226 5
2227 8
2228 7
2229 4
2230 8
2231 7
2232 6
2233 11
2234 6
2235 9
2236 6
2237 6
2238 12
2239 12
2240 12
2241 10
2242 8
2243 13
2244 13
2245 11
2246 12
2247 8
2248 15
2249 9
2250 18
2251 16
2252 10
2253 12
2254 20
2255 10
2256 9
2257 14
2258 18
2259 14
2260 15
2261 18
2262 15
2263 14
2264 13
2265 15
2266 8
2267 13
2268 20
2269 17
2270 19
2271 14
2272 18
2273 14
2274 15
2275 18
2276 18
2277 17
2278 17
2279 13
2280 27
2281 27
2282 24
2283 21
2284 15
2285 17
2286 24
2287 29
2288 20
2289 24
2290 16
2291 26
2292 21
2293 18
2294 22
2295 26
2296 26
2297 22
2298 26
2299 26
2300 15
2301 35
2302 24
2303 16
2304 15
2305 27
2306 16
2307 15
2308 13
2309 20
2310 13
2311 16
2312 22
2313 24
2314 26
2315 22
2316 19
2317 15
2318 15
2319 16
2320 18
2321 20
2322 15
2323 16
2324 14
2325 18
2326 16
2327 11
2328 17
2329 8
2330 21
2331 8
2332 11
2333 8
2334 20
2335 17
2336 16
2337 7
2338 23
2339 12
2340 15
2341 11
2342 16
2343 14
2344 9
2345 10
2346 11
2347 7
2348 12
2349 15
2350 12
2351 7
2352 10
2353 13
2354 6
2355 9
2356 5
2357 6
2358 10
2359 13
2360 6
2361 12
2362 8
2363 5
2364 6
2365 10
2366 5
2367 7
2368 4
2369 3
2370 5
2371 6
2372 4
2373 3
2374 5
2375 2
2376 1
2377 4
2378 6
2379 2
2380 3
2381 3
2382 6
2383 3
2384 3
2385 3
2387 2
2388 4
2389 1
2390 5
2391 3
2392 4
2393 1
2394 4
2395 3
2396 2
2397 3
2398 1
2399 2
2400 2
2401 1
2402 3
2403 2
2404 4
2405 2
2406 4
2408 3
2409 1
2410 2
2411 1
2412 1
2413 3
2414 3
2415 5
2416 4
2417 8
2418 5
2419 4
2420 7
2421 9
2422 5
2423 4
2424 5
2425 4
2426 5
2427 9
2428 8
2429 4
2430 9
2431 8
2432 6
2433 5
2434 15
2435 5
2436 4
2437 6
2438 8
2439 11
2440 11
2441 11
2442 4
2443 6
2444 11
2445 5
2446 9
2447 10
2448 16
2449 5
2450 12
2451 7
2452 8
2453 18
2454 11
2455 9
2456 19
2457 3
2458 14
2459 6
2460 11
2461 9
2462 7
2463 13
2464 12
2465 12
2466 13
2467 10
2468 7
2469 6
2470 15
2471 8
2472 15
2473 6
2474 14
2475 8
2476 8
2477 6
2478 13
2479 9
2480 7
2481 11
2482 8
2483 8
2484 7
2485 9
2486 13
2487 11
2488 9
2489 1
2490 7
2491 14
2492 12
2493 11
2494 9
2495 15
2496 12
2497 13
2498 13
2499 12
2500 14
2501 14
2502 14
2503 7
2504 10
2505 9
2506 15
2507 11
2508 7
2509 13
2510 3
2511 9
2512 8
2513 9
2514 4
2515 6
2516 9
2517 9
2518 11
2519 6
2520 9
2521 2
2522 11
2523 6
2524 4
2525 3
2526 6
2527 5
2528 4
2529 6
2530 4
2531 7
2532 10
2533 2
2534 12
2535 2
2536 5
2537 5
2538 6
2539 6
2540 1
2541 8
2542 4
2543 5
2544 4
2545 3
2546 3
2547 7
2548 6
2549 3
2550 1
2551 4
2552 6
2553 5
2554 5
2555 2
2556 3
2557 3
2558 7
2559 5
2560 3
2561 1
2562 5
2563 1
2564 1
2565 8
2566 1
2567 5
2568 3
2569 3
2570 1
2571 1
2572 2
2573 1
2574 2
2575 1
2577 2
2578 3
2579 3
2580 1
2581 8
2582 5
2583 3
2584 3
2585 3
2586 7
2587 3
2588 2
2589 4
2590 2
2591 4
2592 3
2593 5
2595 4
2596 3
2597 5
2598 6
2599 3
2600 3
2601 3
2602 1
2603 1
2604 1
2605 7
2606 4
2607 3
2608 3
2609 1
2610 2
2611 1
2612 1
2613 3
2614 5
2615 1
2616 1
2617 3
2618 3
2619 6
2620 3
2621 2
2622 4
2623 2
2624 3
2625 2
2626 1
2627 6
2628 1
2630 1
2631 3
2632 3
2633 1
2634 2
2635 4
2637 2
2639 3
2640 3
2641 4
2642 4
2643 6
2644 4
2645 4
2646 4
2647 4
2648 7
2650 3
2651 3
2652 4
2653 7
2654 6
2655 4
2656 10
2657 1
2658 6
2659 3
2660 5
2661 4
2662 6
2663 5
2664 6
2665 8
2666 4
2667 8
2668 6
2669 9
2670 4
2671 5
2672 8
2673 8
2674 5
2675 10
2676 11
2677 7
2678 6
2679 6
2680 9
2681 6
2682 11
2683 6
2684 13
2685 10
2686 5
2687 10
2688 7
2689 6
2690 10
2691 11
2692 8
2693 4
2694 14
2695 13
2696 6
2697 7
2698 10
2699 11
2700 7
2701 15
2702 13
2703 15
2704 10
2705 14
2706 7
2707 12
2708 14
2709 17
2710 11
2711 12
2712 13
2713 13
2714 12
2715 10
2716 9
2717 12
2718 15
2719 14
2720 13
2721 15
2722 26
2723 17
2724 10
2725 18
2726 20
2727 17
2728 13
2729 17
2730 12
2731 16
2732 23
2733 15
2734 20
2735 15
2736 14
2737 11
2738 19
2739 19
2740 18
2741 20
2742 18
2743 20
2744 16
2745 15
2746 18
2747 15
2748 13
2749 22
2750 26
2751 20
2752 17
2753 12
2754 17
2755 13
2756 11
2757 21
2758 13
2759 18
2760 11
2761 12
2762 12
2763 18
2764 19
2765 22
2766 14
2767 13
2768 19
2769 16
2770 18
2771 12
2772 18
2773 21
2774 13
2775 12
2776 10
2777 19
2778 12
2779 19
2780 13
2781 16
2782 12
2783 13
2784 13
2785 7
2786 11
2787 6
2788 8
2789 14
2790 7
2791 6
2792 7
2793 15
2794 16
2795 9
2796 8
2797 7
2798 14
2799 5
2800 2
2801 6
2802 14
2803 7
2804 10
2805 7
2806 6
2807 6
2808 7
2809 9
2810 7
2811 3
2812 12
2813 9
2814 3
2815 3
2816 2
2817 8
2818 9
2819 7
2820 3
2821 3
2822 4
2823 5
2824 9
2825 2
2826 9
2827 3
2828 2
2829 5
2830 5
2831 1
2832 3
2833 7
2834 1
2835 8
2836 8
2837 4
2838 7
2839 8
2840 10
2841 1
2842 5
2843 8
2844 3
2845 1
2846 6
2847 3
2848 3
2849 6
2850 1
2851 1
2852 2
2853 3
2854 3
2855 2
2856 2
2857 1
2858 2
2860 2
2861 2
2862 1
2863 3
2866 1
2867 1
2868 1
2870 1
2871 1
2873 1
2883 2
2884 1
2885 2
2890 2
2893 2
2896 1
2897 1
2898 2
2899 1
2900 1
2901 1
2904 1
2906 2
2907 4
2911 2
2912 1
2913 1
2914 1
2915 2
2917 3
2918 2
2919 1
2921 1
2922 2
2923 1
2924 2
2926 2
2928 1
2930 1
2933 5
2934 1
2935 1
2937 1
2938 4
2939 2
2940 2
2941 1
2942 1
2943 1
2944 1
2945 3
2946 6
2948 1
2949 2
2950 1
2951 4
2952 2
2953 1
2954 1
2955 2
2956 2
2957 2
2958 4
2959 2
2961 1
2962 3
2963 1
2965 6
2966 4
2967 1
2968 1
2969 2
2970 2
2971 4
2973 3
2974 5
2975 1
2976 1
2977 2
2978 5
2980 1
2981 3
2983 2
2984 2
2986 2
2987 2
2988 1
2990 4
2991 2
2993 2
2994 1
2995 1
2996 1
2997 3
2998 2
2999 1
3000 2
3003 1
3005 1
3006 2
3007 1
3008 2
3009 2
3011 1
3012 2
3014 1
3015 1
3016 1
3019 2
3021 1
3022 1
3023 1
3024 3
3026 3
3027 2
3028 3
3029 6
3030 2
3031 2
3032 4
3033 2
3034 3
3035 2
3036 3
3037 3
3038 3
3039 3
3040 3
3041 4
3042 2
3043 4
3044 3
3045 4
3046 3
3047 1
3048 6
3052 1
3053 3
3054 2
3055 5
3056 2
3057 4
3058 1
3059 2
3060 3
3061 1
3063 1
3064 1
3065 3
3066 1
3069 2
3070 1
3073 4
3074 1
3077 1
3078 2
3081 2
3083 2
3085 1
3086 3
3087 3
3088 2
3089 1
3090 1
3094 3
3097 1
3100 2
3110 1
3114 1
3118 1
3119 1
3120 1
3122 1
3123 1
3128 3
3130 1
3132 2
3133 1
3136 1
3137 2
3139 2
3143 1
3144 1
3146 5
3147 1
3148 1
3152 1
3153 1
3156 1
3157 2
3158 2
3159 1
3162 2
3164 1
3165 1
3166 1
3167 1
3168 1
3169 2
3170 3
3172 3
3173 3
3174 4
3175 2
3177 2
3178 1
3179 1
3180 4
3181 3
3182 3
3183 2
3184 2
3185 7
3186 1
3187 4
3188 1
3189 3
3190 4
3191 1
3192 2
3193 3
3194 1
3196 1
3198 4
3199 2
3200 1
3201 5
3202 2
3203 3
3205 3
3206 2
3207 3
3208 2
3209 6
3210 2
3211 3
3212 2
3213 6
3214 4
3215 5
3216 1
3217 3
3218 1
3219 7
3220 4
3221 4
3222 4
3223 5
3224 3
3225 3
3226 2
3227 5
3228 7
3229 2
3231 1
3232 5
3234 1
3235 4
3236 2
3238 1
3239 1
3240 2
3241 1
3242 5
3243 1
3244 1
3245 1
3247 1
3248 1
3249 2
3251 2
3253 2
3254 1
3255 2
3256 3
3257 1
3258 1
3259 1
3261 1
3262 1
3263 1
3264 2
3265 1
3266 2
3268 2
3269 4
3270 3
3271 2
3272 1
3273 2
3274 1
3276 2
3278 2
3279 3
3280 3
3281 3
3282 1
3283 2
3286 1
3287 1
3289 1
3291 1
3292 1
3303 1
3318 1
3378 1
3382 1
3433 1
3451 1
3459 1
3469 1
3495 1
3497 1
3498 1
3501 1
3504 1
3507 1
3510 1
3511 2
3515 1
3516 1
3517 3
3519 1
3521 1
3522 1
3523 1
3525 1
3528 1
3529 1
3530 1
3533 1
3534 2
3536 1
3537 1
3538 2
3539 2
3542 1
3543 2
3545 1
3548 1
3555 1
3556 1
3570 1
3571 1
3572 1
3576 3
3577 1
3578 1
3588 2
3590 1
3596 2
3597 4
3598 1
3600 1
3601 1
3602 1
3604 1
3605 2
3607 1
3608 1
3609 1
3610 2
3611 1
3613 1
3614 1
3616 1
3617 3
3619 2
3620 2
3621 1
3622 1
3623 1
3625 1
3626 3
3627 5
3628 1
3629 1
3630 1
3631 1
3632 2
3633 1
3634 1
3635 3
3637 1
3638 2
3639 3
3640 1
3644 1
3647 1
3648 1
3649 1
3651 3
3652 4
3653 1
3654 3
3656 2
3657 1
3658 5
3659 3
3660 3
3661 1
3662 3
3663 4
3664 1
3666 1
3667 2
3668 3
3669 2
3670 2
3671 2
3672 1
3673 1
3675 1
3677 2
3678 1
3679 1
3680 1
3681 2
3682 1
3683 1
3684 1
3687 2
3689 2
3692 1
3693 1
3695 2
3699 1
3700 1
3701 1
3702 1
3704 2
3705 1
3706 1
3708 3
3709 1
3710 2
3711 2
3714 1
3715 2
3717 1
3720 1
3725 1
3726 2
3727 3
3728 1
3729 1
3730 2
3731 1
3733 1
3734 2
3735 1
3737 2
3738 1
3739 1
3740 1
3742 1
3743 1
3744 2
3745 1
3747 1
3748 1
3750 1
3751 1
3754 1
3755 1
3758 1
3765 1
3770 1
3772 1
3774 1
3775 1
3776 1
3777 1
3781 1
3782 2
3784 1
3785 1
3786 1
3787 1
3789 2
3797 1
3798 1
3802 2
3804 1
3807 1
3812 1
3816 1
3819 1
3855 1
3868 1
3872 2
3880 1
3881 2
3888 2
3893 1
3896 1
3898 1
3910 1
3934 1
3937 1
3938 1
3940 1
3947 1
3976 2
3982 1
3987 1
3991 1
3994 1
3997 1
4003 2
4005 1
4014 1
4016 1
4023 1
4024 1
4027 1
4028 1
4030 1
4039 2
4041 1
4045 1
4046 1
4050 1
4052 1
4053 1
4055 2
4059 1
4061 1
4063 1
4065 1
4069 1
4070 1
4073 1
4074 1
4075 1
4076 1
4079 1
4080 2
4081 1
4082 1
4083 2
4087 3
4088 1
4089 4
4090 1
4091 1
4093 1
4096 3
4097 3
4098 1
4099 1
4102 2
4103 1
4106 4
4107 2
4110 3
4111 1
4112 2
4113 1
4114 2
4115 1
4116 2
4117 1
4118 2
4119 1
4120 1
4122 2
4123 2
4124 2
4125 5
4126 3
4127 2
4128 3
4130 5
4131 3
4132 2
4133 1
4134 3
4135 1
4136 2
4137 2
4139 2
4140 2
4141 3
4143 1
4146 1
4147 2
4148 1
4149 2
4150 1
4151 1
4153 2
4154 2
4155 2
4158 3
4159 1
4160 2
4164 2
4165 2
4166 2
4169 1
4171 1
4174 1
4177 1
4178 1
4183 2
4189 1
4207 1
4214 1
4227 1
4244 2
4253 1
4257 1
4265 1
4282 1
4290 2
4291 1
4293 1
4298 1
4300 2
4301 1
4303 1
4305 1
4306 2
4311 1
4313 2
4328 1
4331 1
4334 1
4344 1
4400 1
4403 1
4408 1
4410 1
4415 1
4417 1
4418 1
4420 1
4422 3
4429 1
4431 3
4434 1
4436 3
4437 1
4438 3
4442 2
4445 1
4446 1
4447 1
4448 1
4450 1
4451 1
4453 1
4454 2
4455 1
4456 1
4457 1
4459 2
4460 1
4462 2
4465 1
4466 1
4467 3
4468 2
4469 1
4470 2
4472 2
4474 1
4475 1
4476 1
4481 1
4482 1
4485 2
4487 2
4489 1
4490 2
4491 1
4496 1
4497 1
4498 1
4499 3
4500 1
4502 1
4504 4
4507 1
4508 3
4511 2
4512 1
4513 1
4514 2
4515 1
4516 2
4517 2
4518 3
4519 1
4522 1
4523 2
4525 1
4526 3
4527 1
4528 2
4529 2
4532 1
4533 1
4535 1
4536 2
4537 2
4538 3
4539 1
4540 1
4541 1
4543 2
4544 2
4545 1
4546 1
4548 2
4549 2
4550 1
4551 2
4552 1
4554 2
4556 1
4557 1
4558 1
4560 1
4561 2
4562 3
4564 1
4565 2
4566 1
4567 3
4568 2
4571 2
4572 1
4573 2
4574 1
4575 2
4576 1
4577 1
4579 5
4581 1
4582 1
4583 1
4585 2
4586 1
4587 1
4588 1
4589 1
4590 1
4591 1
4592 3
4593 4
4594 1
4596 1
4598 2
4602 2
4606 1
4607 1
4608 1
4609 2
4610 2
4611 4
4612 2
4613 1
4615 2
4616 1
4617 1
4618 2
4619 1
4620 3
4621 2
4622 1
4624 3
4625 4
4626 3
4627 3
4628 1
4629 2
4630 1
4632 3
4633 2
4635 2
4636 2
4637 2
4638 1
4639 2
4640 3
4641 3
4642 4
4643 2
4644 2
4645 1
4647 3
4648 1
4649 1
4650 1
4651 1
4652 3
4653 1
4654 1
4657 2
4658 1
4660 1
4661 2
4662 1
4670 1
4671 1
4674 2
4675 2
4684 1
4686 1
4696 1
4713 1
4718 1
4779 1
4792 1
4800 1
4830 1
4831 1
4843 1
4846 1
4849 1
4858 1
4860 1
4865 1
4868 1
4869 1
4870 2
4873 2
4883 1
4884 1
4888 1
4894 1
4896 1
4897 1
4899 1
4900 1
4901 1
4902 1
4903 2
4904 1
4905 1
4906 2
4908 3
4909 1
4910 1
4911 1
4912 1
4913 3
4914 2
4915 1
4918 1
4919 2
4921 1
4922 1
4923 2
4924 2
4926 2
4928 1
4930 2
4931 3
4932 1
4933 1
4934 1
4936 1
4938 1
4939 1
4940 2
4941 2
4942 2
4943 4
4944 1
4945 1
4946 3
4947 1
4949 2
4950 1
4951 3
4953 1
4954 3
4955 3
4956 3
4957 4
4958 3
4960 1
4963 2
4964 3
4965 1
4966 3
4967 3
4968 1
4969 3
4970 1
4971 2
4972 1
4973 2
4975 4
4976 3
4977 2
4979 2
4980 2
4982 2
4983 1
4984 3
4986 5
4987 2
4988 6
4989 2
4990 4
4991 2
4992 2
4993 4
4994 2
4995 1
4996 5
4997 2
4998 2
5000 1
5003 2
5004 4
5005 1
5006 1
5008 1
5011 5
5012 2
5013 2
5014 1
5015 1
5016 3
5017 5
5018 2
5019 2
5020 4
5021 1
5022 2
5023 2
5024 5
5025 5
5026 6
5027 7
5028 1
5029 7
5030 1
5031 6
5032 5
5033 4
5034 2
5035 1
5036 4
5038 8
5039 2
5040 2
5041 3
5043 3
5045 2
5046 3
5047 2
5048 1
5049 1
5050 2
5051 2
5053 1
5056 1
5057 1
5058 3
5059 1
5060 1
5063 2
5064 1
5067 4
5069 1
5070 2
5072 1
5073 3
5074 1
5075 3
5076 2
5077 3
5078 3
5079 2
5080 1
5081 6
5082 2
5083 1
5084 1
5085 2
5086 1
5088 2
5089 2
5090 1
5091 2
5092 4
5093 4
5094 2
5095 2
5096 3
5097 1
5098 2
5099 2
5100 3
5101 3
5103 1
5104 2
5106 2
5107 3
5108 2
5110 2
5111 3
5112 3
5113 3
5114 2
5115 1
5116 1
5117 1
5118 1
5119 1
5124 1
5125 1
5126 1
5127 2
5128 1
5130 1
5132 3
5133 1
5137 2
5138 1
5139 1
5141 1
5142 1
5146 1
5147 1
5153 1
5154 2
5157 1
5159 1
5167 1
5170 1
5171 2
5176 3
5179 1
5181 1
5182 1
5183 1
5184 1
5185 1
5186 1
5192 1
5193 3
5194 1
5195 3
5197 1
5198 1
5201 2
5202 1
5203 1
5204 1
5205 1
5209 2
5210 2
5211 1
5212 1
5214 1
5220 1
5221 2
5225 1
5228 2
5233 1
5235 1
5236 1
5237 1
5241 1
5243 1
5246 2
5247 1
5248 1
5249 1
5250 2
5251 1
5252 1
5253 1
5254 1
5256 2
5257 2
5261 2
5265 1
5266 1
5268 1
5277 1
5287 1
5298 1
5301 1
5304 1
5326 1
5327 1
5339 1
5345 1
5349 1
5351 1
5352 1
5357 1
5363 1
5365 1
5370 1
5375 1
5382 1
5383 1
5387 1
5388 2
5390 1
5392 1
5393 1
5394 1
5396 2
5397 2
5398 1
5399 1
5400 2
5401 2
5403 1
5404 2
5408 1
5409 1
5411 3
5412 2
5413 3
5414 2
5416 3
5417 1
5418 1
5421 1
5422 1
5423 1
5424 3
5426 1
5428 1
5429 3
5430 1
5431 2
5432 2
5433 2
5434 3
5435 1
5436 1
5437 2
5438 4
5440 1
5442 1
5443 1
5444 1
5445 1
5446 4
5447 3
5448 3
5449 3
5451 2
5452 1
5453 3
5454 5
5455 2
5456 4
5457 2
5458 2
5459 1
5460 4
5461 1
5462 2
5463 1
5464 1
5466 3
5467 1
5468 3
5469 1
5470 2
5471 4
5472 2
5473 2
5474 1
5475 2
5476 2
5477 1
5478 2
5479 1
5480 2
5483 1
5484 3
5485 1
5488 1
5490 1
5491 1
5493 2
5495 1
5496 2
5497 1
5500 2
5501 1
5503 2
5505 2
5506 1
5507 6
5508 1
5510 2
5511 2
5515 4
5517 2
5518 1
5520 1
5521 1
5522 1
5523 1
5524 1
5525 2
5526 3
5528 1
5529 1
5530 2
5531 1
5533 1
5534 1
5541 1
5542 1
5544 1
5545 1
5546 1
5550 2
5554 1
5557 1
5559 2
5560 2
5563 2
5565 1
5568 2
5569 3
5573 1
5574 1
5575 1
5576 1
5578 3
5579 1
5581 1
5582 1
5584 1
5587 4
5596 2
5601 1
5606 1
5615 1
5647 1
5683 1
5718 1
5744 1
5750 1
5752 2
5754 1
5756 1
5757 1
5773 1
5780 1
5786 1
5795 1
5799 2
5804 1
5805 1
5809 1
5810 1
5812 1
5813 1
5817 1
5820 1
5824 1
5826 1
5828 1
5829 1
5830 1
5832 2
5834 3
5835 4
5836 1
5837 1
5838 2
5839 2
5841 3
5842 3
5844 2
5845 1
5846 1
5847 2
5848 1
5849 1
5850 2
5851 2
5853 2
5854 4
5855 5
5857 2
5858 1
5862 2
5863 1
5864 5
5865 1
5866 1
5867 4
5869 1
5870 1
5871 3
5872 2
5873 1
5874 1
5875 1
5876 1
5880 1
5882 2
5884 1
5885 2
5886 1
5887 1
5889 1
5893 1
5896 2
5897 1
5898 1
5899 3
5900 2
5901 1
5902 1
5903 2
5904 2
5906 1
5907 2
5909 1
5910 3
5911 1
5912 1
5913 1
5915 1
5916 3
5917 1
5919 2
5920 2
5921 3
5922 2
5923 1
5925 1
5926 1
5927 1
5928 1
5929 3
5930 3
5931 4
5932 6
5933 3
5934 3
5935 4
5936 2
5937 1
5938 1
5939 3
5940 6
5942 2
5943 3
5946 3
5947 2
5948 1
5949 1
5950 1
5951 1
5955 2
5958 2
5959 1
5960 1
5961 2
5963 1
5964 2
5965 1
5966 3
5967 1
5968 2
5969 1
5971 1
5972 1
5973 2
5975 3
5976 2
5977 2
5978 1
5979 3
5980 1
5983 1
5984 2
5985 1
5986 3
5988 2
5990 1
5991 2
5992 4
5993 1
5994 2
5995 3
5997 4
5999 3
6000 3
6001 2
6002 3
6003 2
6004 3
6007 1
6008 2
6009 1
6011 1
6012 3
6013 1
6014 1
6015 2
6016 1
6018 2
6020 1
6021 2
6022 2
6023 2
6025 2
6027 1
6029 2
6030 1
6033 2
6036 1
6037 1
6042 2
6043 1
6047 1
6050 1
6055 1
6056 2
6058 1
6060 1
6065 2
6066 1
6070 1
6090 1
6096 1
6122 1
6142 1
6201 1
6206 1
6210 1
6212 1
6213 1
6214 1
6215 1
6216 1
6217 1
6219 2
6221 2
6224 3
6226 3
6227 1
6229 1
6230 2
6232 2
6234 1
6236 1
6238 2
6239 3
6240 1
6241 1
6243 1
6245 1
6249 1
6252 1
6254 2
6258 1
6259 1
6262 1
6265 1
6273 1
6275 1
6279 1
6283 1
6288 1
6294 1
6297 1
6298 1
6299 1
6300 1
6301 1
6303 1
6304 2
6306 2
6308 1
6310 1
6311 2
6313 2
6314 1
6316 2
6320 3
6322 3
6323 3
6324 1
6325 1
6326 2
6328 1
6329 2
6330 2
6331 1
6335 1
6336 1
6337 1
6338 1
6341 1
6342 1
6343 2
6344 1
6345 2
6346 1
6349 1
6351 1
6352 1
6353 1
6354 1
6356 1
6357 2
6364 1
6370 1
6372 1
6376 1
6377 1
6382 1
6394 1
6398 1
6401 1
6405 1
6409 1
6416 1
6417 1
6419 1
6420 1
6422 1
6423 1
6424 1
6427 1
6428 1
6429 1
6438 1
6442 1
6445 2
6448 1
6449 1
6451 2
6452 1
6453 1
6454 1
6458 2
6460 1
6461 2
6462 1
6463 3
6464 1
6466 2
6467 3
6468 2
6469 3
6470 1
6471 2
6472 5
6473 1
6474 2
6475 1
6476 2
6477 1
6479 1
6480 1
6481 1
6482 1
6483 2
6484 2
6485 3
6486 1
6487 1
6489 1
6490 3
6492 1
6494 1
6495 2
6500 2
6505 1
6506 1
6507 2
6508 1
6510 1
6511 2
6512 1
6516 1
6517 2
6518 1
6519 1
6520 1
6522 1
6525 1
6526 1
6529 1
6531 1
6532 1
6535 1
6537 1
6539 1
6541 1
6653 1
6668 1
6669 1
6670 1
6672 1
6673 1
6674 2
6675 1
6676 1
6677 1
6679 2
6683 1
6689 1
6690 1
6691 1
6692 2
6701 1
6704 1
6705 3
6707 2
6709 1
6711 2
6714 1
6715 1
6716 2
6718 2
6719 2
6722 2
6723 1
6724 1
6725 2
6726 2
6727 1
6728 2
6729 1
6730 2
6731 2
6733 5
6734 4
6735 4
6737 1
6738 1
6739 1
6740 4
6741 1
6742 3
6744 3
6745 1
6746 1
6747 3
6748 1
6749 3
6750 2
6751 2
6753 3
6755 5
6756 2
6757 1
6758 2
6759 2
6760 1
6761 2
6762 2
6763 3
6764 2
6765 3
6766 1
6767 1
6768 4
6769 1
6770 1
6772 1
6774 4
6775 1
6776 2
6777 2
6778 1
6779 1
6781 1
6782 1
6783 3
6784 1
6785 1
6786 1
6787 6
6788 2
6789 1
6790 3
6791 1
6792 1
6793 1
6794 3
6795 1
6798 2
6800 2
6801 1
6802 2
6803 1
6804 1
6805 1
6806 1
6807 1
6809 1
6812 1
6813 1
6814 1
6816 1
6817 4
6818 1
6819 1
6822 1
6824 1
6825 1
6827 1
6828 3
6830 1
6831 2
6832 1
6834 1
6835 1
6836 2
6837 1
6838 3
6839 3
6840 4
6841 3
6842 2
6843 1
6844 3
6845 1
6846 3
6847 3
6848 2
6849 1
6850 1
6852 2
6853 1
6854 4
6855 2
6856 3
6857 3
6858 1
6859 1
6860 2
6861 2
6862 5
6863 1
6864 2
6867 1
6868 2
6869 1
6870 1
6871 2
6872 1
6874 1
6875 1
6876 1
6878 4
6879 3
6880 1
6882 3
6883 1
6884 3
6886 1
6887 1
6888 2
6889 1
6891 1
6892 1
6894 1
6895 1
6896 2
6897 2
6899 3
6900 1
6903 1
6905 2
6908 1
6909 1
6913 1
6914 2
6917 1
6919 1
6926 1
6927 2
6931 2
6933 1
6934 2
6935 2
6936 1
6937 2
6940 1
6945 1
6946 1
6948 1
6950 3
6953 2
6957 2
6958 1
6960 2
6963 3
6964 1
6965 1
6966 2
6968 3
6970 2
6971 1
6972 1
6973 3
6974 2
6976 1
6978 2
6979 2
6980 1
6981 3
6982 2
6983 1
6984 4
6985 4
6987 1
6988 2
6990 1
6991 2
6993 2
6995 1
6996 1
6998 1
7002 2
7004 1
7005 1
7010 1
7020 1
7031 1
7182 1
7191 1
7197 1
7201 1
7202 1
7209 1
7216 1
7221 1
7222 1
7224 1
7226 1
7240 1
7242 1
7246 1
7250 1
7258 1
7265 1
7268 1
7269 2
7273 2
7274 1
7275 2
7276 1
7278 1
7280 1
7282 1
7283 1
7285 1
7293 1
7294 1
7295 2
7301 1
7303 1
7305 1
7309 1
7316 1
7321 1
7322 3
7323 1
7324 1
7328 3
7329 2
7336 1
7338 1
7340 2
7344 2
7346 1
7347 1
7349 2
7353 1
7357 1
7358 1
7361 1
7363 1
7364 1
7366 2
7368 1
7369 3
7372 1
7374 1
7375 1
7377 1
7384 1
7386 1
7387 1
7388 1
7391 1
7392 1
7394 1
7397 1
7399 1
7401 1
7402 1
7403 1
7407 1
7410 1
7411 2
7413 2
7418 1
7420 2
7424 2
7425 1
7426 1
7428 2
7429 1
7430 1
7433 1
7437 1
7449 1
7451 1
7454 1
7455 1
7457 1
7465 1
7469 1
7472 1
7478 1
7479 1
7483 1
7487 1
7489 1
7494 1
7496 1
7500 1
7502 1
7507 1
7510 1
7530 1
7657 1
7671 1
7672 1
7673 1
7675 1
7676 1
7677 2
7678 2
7680 1
7690 1
7692 1
7693 1
7696 2
7704 1
7707 1
7712 1
7721 1
7729 1
7731 1
7733 1
7734 1
7736 1
7737 1
7738 2
7740 1
7741 2
7742 1
7743 3
7744 3
7745 1
7747 1
7748 1
7749 4
7751 1
7752 1
7755 1
7757 2
7758 1
7761 2
7762 1
7763 3
7766 2
7767 1
7768 1
7769 2
7778 1
7779 2
7783 1
7784 1
7785 1
7787 1
7788 2
7789 2
7790 2
7791 1
7792 2
7794 1
7796 1
7797 2
7798 3
7799 1
7800 3
7801 3
7802 1
7803 1
7804 3
7805 5
7806 2
7807 3
7809 2
7810 2
7811 2
7812 1
7813 4
7814 2
7815 2
7816 2
7817 2
7818 3
7819 1
7820 2
7821 4
7822 1
7823 3
7824 2
7825 2
7826 2
7828 1
7829 2
7830 1
7831 2
7832 1
7833 2
7834 2
7835 3
7836 2
7838 2
7839 1
7840 1
7841 4
7845 1
7846 1
7847 3
7849 1
7851 1
7852 3
7854 1
7856 1
7859 2
7862 1
7867 2
7870 2
7872 1
7874 1
7877 3
7878 2
7879 2
7881 1
7883 1
7885 2
7891 1
7896 1
7899 1
7901 2
7902 1
7905 1
7908 1
7910 1
7914 1
7961 1
7963 1
7969 2
7973 2
7988 1
8205 1
8234 2
8238 1
8239 1
8247 1
8254 1
8255 1
8256 1
8259 2
8261 1
8263 1
8264 1
8265 2
8269 1
8270 2
8272 1
8277 2
8278 2
8280 1
8282 1
8285 1
8286 1
8287 1
8291 1
8292 1
8294 1
8295 1
8296 1
8298 1
8300 1
8304 3
8305 1
8306 1
8309 1
8310 1
8313 1
8314 2
8318 1
8320 2
8323 1
8331 1
8332 1
8335 1
8336 1
8337 5
8338 2
8339 1
8341 1
8342 1
8345 2
8347 2
8349 1
8350 2
8357 2
8358 2
8360 1
8361 1
8365 3
8368 1
8369 2
8370 1
8374 1
8375 1
8378 1
8379 1
8381 1
8383 2
8384 1
8385 1
8387 1
8388 4
8389 1
8391 3
8392 3
8395 1
8397 1
8401 1
8402 1
8403 2
8411 1
8415 2
8423 1
8425 1
8438 1
8439 1
8446 1
8448 1
8485 1
8670 1
8783 1
8789 1
8797 1
8807 1
9053 1
9055 1
9527 1
9528 1
9687 1
10001 83
