1 22448254
2 10313928
3 5185204
4 2805941
5 1825875
6 1407510
7 1146320
8 923776
9 747902
10 642898
11 617711
12 652849
13 730487
14 810411
15 879093
16 929031
17 956748
18 955700
19 932315
20 902829
21 864289
22 822143
23 783304
24 747963
25 716425
26 684186
27 654834
28 623398
29 584177
30 537826
31 493002
32 444986
33 396474
34 352590
35 311029
36 273153
37 243870
38 218402
39 201460
40 190203
41 185354
42 181533
43 178872
44 175070
45 175259
46 175829
47 174921
48 175259
49 175770
50 177168
51 178688
52 180843
53 184159
54 187755
55 191530
56 194532
57 199379
58 201396
59 203448
60 203458
61 202925
62 200836
63 198004
64 196299
65 193481
66 189672
67 188219
68 186746
69 184630
70 185802
71 188306
72 189472
73 192035
74 193369
75 192773
76 192340
77 188583
78 186218
79 181751
80 177454
81 169997
82 162721
83 152916
84 142293
85 131548
86 120078
87 108591
88 97355
89 86025
90 75661
91 65023
92 55670
93 46648
94 39872
95 33185
96 27139
97 22326
98 18171
99 14537
100 11694
101 9143
102 6932
103 5631
104 4724
105 3622
106 2898
107 2466
108 2112
109 1840
110 1637
111 1482
112 1323
113 1252
114 1312
115 1259
116 1201
117 1203
118 1195
119 1241
120 1269
121 1333
122 1321
123 1310
124 1234
125 1219
126 1240
127 1203
128 1072
129 1094
130 1051
131 925
132 823
133 775
134 795
135 716
136 628
137 562
138 591
139 517
140 513
141 494
142 507
143 474
144 478
145 521
146 499
147 494
148 511
149 517
150 486
151 555
152 522
153 543
154 578
155 612
156 562
157 599
158 551
159 600
160 547
161 554
162 539
163 552
164 515
165 569
166 543
167 560
168 542
169 531
170 533
171 498
172 463
173 448
174 454
175 395
176 434
177 415
178 454
179 443
180 455
181 411
182 378
183 340
184 308
185 293
186 268
187 270
188 283
189 226
190 222
191 209
192 220
193 207
194 198
195 201
196 190
197 166
198 146
199 159
200 142
201 178
202 190
203 170
204 173
205 168
206 167
207 142
208 134
209 158
210 155
211 155
212 180
213 157
214 155
215 178
216 188
217 181
218 176
219 204
220 204
221 188
222 200
223 213
224 207
225 219
226 246
227 231
228 224
229 220
230 224
231 228
232 230
233 235
234 270
235 280
236 268
237 248
238 240
239 226
240 246
241 239
242 257
243 252
244 228
245 251
246 235
247 208
248 209
249 215
250 206
251 196
252 201
253 190
254 184
255 178
256 215
257 179
258 185
259 169
260 161
261 143
262 159
263 158
264 142
265 150
266 144
267 146
268 128
269 102
270 102
271 99
272 94
273 84
274 94
275 105
276 117
277 104
278 88
279 111
280 89
281 103
282 80
283 92
284 77
285 88
286 73
287 58
288 58
289 58
290 72
291 45
292 51
293 47
294 39
295 39
296 37
297 47
298 40
299 41
300 40
301 33
302 36
303 51
304 60
305 51
306 42
307 44
308 59
309 53
310 53
311 32
312 36
313 50
314 29
315 47
316 56
317 43
318 31
319 36
320 41
321 35
322 39
323 34
324 51
325 54
326 50
327 55
328 44
329 40
330 39
331 39
332 50
333 32
334 41
335 28
336 39
337 29
338 47
339 42
340 43
341 44
342 31
343 35
344 66
345 57
346 63
347 73
348 73
349 80
350 95
351 88
352 112
353 140
354 168
355 181
356 268
357 284
358 285
359 372
360 435
361 477
362 572
363 634
364 734
365 826
366 983
367 1021
368 1345
369 1457
370 1650
371 1919
372 2153
373 2501
374 2785
375 3139
376 3531
377 3895
378 4441
379 5033
380 5368
381 5840
382 6631
383 7376
384 8076
385 8723
386 9600
387 10357
388 11178
389 12208
390 13298
391 14400
392 15505
393 16779
394 18141
395 19299
396 20623
397 21899
398 23165
399 24749
400 26158
401 27754
402 29248
403 30690
404 32177
405 33577
406 35636
407 37514
408 38778
409 40056
410 41846
411 43264
412 44655
413 46557
414 47905
415 49240
416 50662
417 51694
418 53217
419 54689
420 55793
421 57081
422 57754
423 58959
424 59994
425 61448
426 62019
427 63023
428 64094
429 65070
430 66181
431 66096
432 67626
433 68594
434 69024
435 69658
436 70960
437 71219
438 72735
439 72421
440 73982
441 74957
442 74715
443 75268
444 75848
445 76005
446 76347
447 76577
448 77095
449 77223
450 77092
451 77532
452 77311
453 77507
454 78064
455 77036
456 76898
457 76828
458 76266
459 74866
460 74584
461 73257
462 72155
463 70988
464 69876
465 68289
466 66967
467 65631
468 63945
469 62394
470 60474
471 58879
472 57120
473 55257
474 53320
475 51230
476 48954
477 47555
478 46042
479 43291
480 41629
481 39358
482 37588
483 35565
484 34207
485 31850
486 29940
487 28067
488 26073
489 24626
490 22971
491 21347
492 19771
493 18284
494 17228
495 15887
496 14814
497 13799
498 12583
499 11608
500 10538
501 9584
502 8864
503 8092
504 7411
505 6555
506 5858
507 5291
508 4899
509 4367
510 4024
511 3506
512 3153
513 2853
514 2523
515 2267
516 2040
517 1799
518 1725
519 1464
520 1315
521 1250
522 1037
523 1004
524 829
525 744
526 676
527 588
528 500
529 428
530 404
531 359
532 310
533 265
534 222
535 225
536 174
537 171
538 144
539 141
540 134
541 109
542 111
543 94
544 87
545 88
546 82
547 48
548 71
549 56
550 40
551 44
552 45
553 40
554 32
555 35
556 32
557 36
558 36
559 38
560 24
561 26
562 33
563 36
564 35
565 40
566 39
567 41
568 35
569 34
570 30
571 25
572 45
573 38
574 27
575 38
576 37
577 32
578 23
579 36
580 28
581 38
582 33
583 28
584 22
585 29
586 34
587 29
588 37
589 37
590 31
591 36
592 29
593 41
594 44
595 41
596 47
597 40
598 23
599 35
600 24
601 29
602 25
603 29
604 23
605 26
606 39
607 27
608 31
609 32
610 44
611 25
612 44
613 51
614 36
615 53
616 36
617 47
618 49
619 53
620 34
621 45
622 36
623 36
624 49
625 21
626 22
627 32
628 18
629 23
630 20
631 22
632 17
633 21
634 18
635 23
636 19
637 13
638 15
639 13
640 16
641 18
642 20
643 10
644 12
645 16
646 19
647 8
648 10
649 11
650 26
651 18
652 14
653 25
654 16
655 14
656 15
657 13
658 16
659 21
660 16
661 11
662 16
663 13
664 14
665 16
666 21
667 19
668 22
669 13
670 21
671 25
672 14
673 15
674 15
675 15
676 9
677 7
678 12
679 11
680 8
681 14
682 9
683 9
684 11
685 8
686 10
687 5
688 4
689 6
690 7
691 9
692 7
693 1
694 5
695 4
696 10
697 6
698 11
699 11
700 7
701 13
702 10
703 9
704 9
705 7
706 7
707 7
708 9
709 8
710 12
711 8
712 7
713 9
714 5
715 9
716 11
717 7
718 7
719 5
720 7
721 14
722 14
723 9
724 4
725 6
726 5
727 9
728 3
729 4
730 4
731 4
732 9
733 6
734 5
735 7
736 5
737 6
738 5
739 7
740 6
741 8
742 7
743 4
744 7
745 5
746 4
747 5
748 2
749 7
750 9
751 6
752 4
753 9
754 13
755 6
756 10
757 6
758 7
759 11
760 8
761 16
762 11
763 22
764 8
765 14
766 15
767 15
768 19
769 12
770 20
771 17
772 20
773 19
774 15
775 18
776 27
777 14
778 25
779 16
780 30
781 26
782 31
783 30
784 30
785 24
786 30
787 28
788 39
789 49
790 49
791 54
792 52
793 55
794 67
795 75
796 65
797 63
798 62
799 76
800 81
801 84
802 80
803 98
804 81
805 74
806 87
807 113
808 110
809 111
810 134
811 143
812 137
813 164
814 132
815 144
816 161
817 134
818 122
819 126
820 158
821 168
822 175
823 142
824 149
825 180
826 166
827 178
828 176
829 178
830 213
831 210
832 222
833 205
834 224
835 222
836 247
837 259
838 225
839 228
840 230
841 211
842 246
843 235
844 251
845 243
846 251
847 229
848 221
849 230
850 248
851 228
852 194
853 233
854 198
855 224
856 216
857 205
858 220
859 198
860 213
861 221
862 208
863 220
864 188
865 179
866 216
867 205
868 197
869 202
870 221
871 186
872 189
873 185
874 169
875 151
876 177
877 194
878 191
879 186
880 170
881 169
882 187
883 178
884 175
885 205
886 199
887 197
888 202
889 187
890 186
891 219
892 204
893 192
894 193
895 200
896 216
897 239
898 246
899 195
900 226
901 198
902 214
903 235
904 222
905 256
906 213
907 227
908 253
909 249
910 225
911 240
912 250
913 244
914 223
915 235
916 236
917 237
918 232
919 241
920 230
921 252
922 226
923 254
924 288
925 222
926 215
927 235
928 223
929 195
930 201
931 210
932 178
933 215
934 179
935 193
936 181
937 187
938 215
939 202
940 176
941 174
942 182
943 161
944 155
945 196
946 172
947 167
948 165
949 151
950 146
951 144
952 133
953 148
954 128
955 121
956 116
957 127
958 128
959 103
960 97
961 86
962 96
963 79
964 93
965 67
966 69
967 78
968 60
969 73
970 63
971 57
972 56
973 50
974 51
975 32
976 39
977 37
978 31
979 26
980 28
981 30
982 23
983 21
984 18
985 15
986 26
987 25
988 21
989 19
990 21
991 23
992 8
993 18
994 17
995 13
996 13
997 11
998 12
999 14
1000 14
1001 7
1002 12
1003 17
1004 14
1005 14
1006 8
1007 18
1008 7
1009 13
1010 12
1011 10
1012 11
1013 5
1014 13
1015 12
1016 9
1017 12
1018 7
1019 13
1020 16
1021 9
1022 17
1023 8
1024 13
1025 15
1026 11
1027 7
1028 16
1029 9
1030 7
1031 16
1032 11
1033 7
1034 14
1035 11
1036 11
1037 7
1038 8
1039 6
1040 11
1041 9
1042 3
1043 2
1044 7
1045 9
1046 11
1047 11
1048 10
1049 9
1050 2
1051 8
1052 9
1053 10
1054 7
1055 3
1056 9
1057 4
1058 5
1059 10
1060 5
1061 9
1062 3
1063 1
1064 3
1065 3
1066 2
1067 4
1068 10
1069 7
1070 7
1071 7
1072 8
1073 6
1074 8
1075 8
1076 13
1077 15
1078 7
1079 14
1080 17
1081 8
1082 8
1083 15
1084 9
1085 8
1086 3
1087 8
1088 7
1089 8
1090 12
1091 9
1092 9
1093 12
1094 10
1095 4
1096 8
1097 10
1098 13
1099 11
1100 13
1101 9
1102 6
1103 7
1104 10
1105 11
1106 12
1107 2
1108 6
1109 5
1110 7
1111 8
1112 7
1113 4
1114 10
1115 7
1116 10
1117 6
1118 3
1119 6
1120 9
1121 10
1122 9
1123 4
1124 8
1125 6
1126 9
1127 8
1128 9
1129 10
1130 6
1131 3
1132 7
1133 6
1134 4
1135 2
1136 7
1137 7
1138 9
1139 2
1140 4
1141 1
1142 2
1143 6
1144 4
1145 6
1146 8
1147 9
1148 5
1149 1
1150 8
1151 1
1152 4
1153 11
1154 8
1155 5
1156 4
1157 6
1158 2
1159 4
1160 8
1161 6
1162 6
1163 8
1164 8
1165 13
1166 8
1167 6
1168 8
1169 10
1170 5
1171 15
1172 8
1173 8
1174 12
1175 10
1176 8
1177 8
1178 7
1179 10
1180 8
1181 10
1182 6
1183 13
1184 20
1185 11
1186 12
1187 16
1188 13
1189 10
1190 12
1191 19
1192 19
1193 15
1194 22
1195 29
1196 24
1197 22
1198 26
1199 38
1200 30
1201 46
1202 27
1203 35
1204 35
1205 40
1206 41
1207 47
1208 31
1209 30
1210 43
1211 36
1212 35
1213 41
1214 44
1215 43
1216 51
1217 48
1218 34
1219 51
1220 45
1221 56
1222 50
1223 72
1224 56
1225 48
1226 56
1227 59
1228 61
1229 63
1230 75
1231 52
1232 60
1233 60
1234 55
1235 81
1236 77
1237 76
1238 63
1239 71
1240 72
1241 89
1242 84
1243 72
1244 103
1245 93
1246 99
1247 89
1248 93
1249 86
1250 84
1251 95
1252 98
1253 108
1254 84
1255 117
1256 93
1257 125
1258 121
1259 123
1260 115
1261 122
1262 139
1263 119
1264 131
1265 118
1266 111
1267 118
1268 116
1269 129
1270 127
1271 102
1272 106
1273 106
1274 104
1275 101
1276 116
1277 99
1278 95
1279 108
1280 81
1281 98
1282 103
1283 87
1284 70
1285 100
1286 88
1287 82
1288 93
1289 77
1290 80
1291 94
1292 109
1293 102
1294 92
1295 90
1296 85
1297 100
1298 104
1299 85
1300 108
1301 102
1302 78
1303 76
1304 93
1305 80
1306 84
1307 70
1308 89
1309 84
1310 61
1311 71
1312 64
1313 79
1314 77
1315 67
1316 56
1317 60
1318 62
1319 61
1320 40
1321 49
1322 49
1323 43
1324 75
1325 58
1326 46
1327 55
1328 51
1329 41
1330 52
1331 47
1332 43
1333 41
1334 31
1335 36
1336 30
1337 34
1338 31
1339 22
1340 35
1341 26
1342 28
1343 25
1344 23
1345 24
1346 17
1347 6
1348 19
1349 19
1350 22
1351 17
1352 16
1353 18
1354 20
1355 14
1356 28
1357 21
1358 10
1359 21
1360 15
1361 16
1362 8
1363 19
1364 13
1365 14
1366 17
1367 13
1368 14
1369 16
1370 15
1371 20
1372 17
1373 10
1374 17
1375 18
1376 15
1377 9
1378 13
1379 19
1380 12
1381 14
1382 13
1383 17
1384 15
1385 15
1386 25
1387 17
1388 22
1389 25
1390 23
1391 20
1392 14
1393 21
1394 16
1395 20
1396 32
1397 21
1398 15
1399 20
1400 30
1401 23
1402 14
1403 17
1404 17
1405 19
1406 24
1407 28
1408 21
1409 22
1410 17
1411 19
1412 15
1413 14
1414 16
1415 13
1416 21
1417 17
1418 20
1419 19
1420 20
1421 19
1422 14
1423 15
1424 6
1425 13
1426 15
1427 14
1428 16
1429 17
1430 7
1431 8
1432 9
1433 11
1434 9
1435 8
1436 12
1437 9
1438 9
1439 7
1440 8
1441 8
1442 10
1443 10
1444 4
1445 8
1446 8
1447 6
1448 5
1449 7
1450 2
1451 7
1452 4
1453 14
1454 5
1455 10
1456 7
1457 10
1458 8
1459 6
1460 9
1461 4
1462 9
1463 9
1464 4
1465 4
1466 14
1467 9
1468 7
1469 12
1470 13
1471 13
1472 13
1473 9
1474 17
1475 13
1476 8
1477 13
1478 18
1479 4
1480 3
1481 11
1482 5
1483 10
1484 8
1485 8
1486 7
1487 2
1488 5
1489 10
1490 6
1491 4
1492 5
1493 7
1494 2
1495 4
1496 3
1497 7
1498 2
1499 5
1500 3
1501 5
1502 5
1503 2
1504 4
1505 5
1506 10
1507 6
1508 2
1509 2
1510 1
1511 8
1512 2
1513 6
1514 4
1515 3
1516 9
1517 1
1519 4
1520 1
1521 6
1522 2
1523 1
1524 4
1525 1
1527 2
1529 2
1530 2
1531 1
1532 2
1533 1
1534 2
1535 2
1536 1
1537 1
1541 1
1543 1
1545 1
1549 1
1552 3
1553 3
1554 1
1555 1
1556 3
1559 1
1560 1
1561 1
1562 2
1564 1
1565 1
1566 2
1567 3
1568 1
1569 1
1570 2
1573 3
1574 1
1575 3
1576 7
1577 1
1578 4
1580 3
1581 3
1582 2
1584 2
1586 1
1587 1
1588 1
1589 3
1590 2
1592 4
1593 3
1594 7
1595 6
1596 2
1597 2
1598 2
1599 6
1600 5
1601 3
1602 6
1603 5
1604 4
1605 6
1606 7
1607 3
1608 5
1609 4
1610 5
1611 3
1612 3
1613 4
1614 5
1615 5
1616 5
1617 3
1618 3
1619 6
1620 8
1621 7
1622 7
1623 8
1624 4
1625 10
1626 10
1627 6
1628 12
1629 11
1630 5
1631 13
1632 14
1633 14
1634 16
1635 10
1636 11
1637 15
1638 16
1639 11
1640 17
1641 23
1642 10
1643 15
1644 16
1645 20
1646 20
1647 16
1648 13
1649 20
1650 22
1651 23
1652 20
1653 13
1654 12
1655 23
1656 20
1657 23
1658 21
1659 33
1660 20
1661 25
1662 30
1663 29
1664 29
1665 23
1666 34
1667 31
1668 20
1669 25
1670 38
1671 32
1672 42
1673 23
1674 28
1675 35
1676 28
1677 41
1678 41
1679 43
1680 50
1681 46
1682 38
1683 31
1684 42
1685 44
1686 36
1687 35
1688 41
1689 43
1690 28
1691 42
1692 35
1693 37
1694 42
1695 32
1696 35
1697 34
1698 37
1699 30
1700 23
1701 24
1702 33
1703 27
1704 36
1705 42
1706 29
1707 38
1708 39
1709 35
1710 28
1711 32
1712 26
1713 40
1714 19
1715 22
1716 19
1717 20
1718 30
1719 23
1720 27
1721 22
1722 27
1723 25
1724 25
1725 17
1726 28
1727 25
1728 26
1729 23
1730 19
1731 17
1732 17
1733 21
1734 15
1735 20
1736 20
1737 24
1738 13
1739 9
1740 14
1741 17
1742 8
1743 12
1744 20
1745 18
1746 11
1747 15
1748 6
1749 15
1750 7
1751 15
1752 9
1753 8
1754 13
1755 16
1756 4
1757 6
1758 10
1759 14
1760 10
1761 9
1762 10
1763 9
1764 9
1765 12
1766 12
1767 3
1768 13
1769 6
1770 9
1771 10
1772 9
1773 9
1774 10
1775 9
1776 17
1777 12
1778 11
1779 11
1780 12
1781 13
1782 16
1783 15
1784 14
1785 19
1786 12
1787 25
1788 21
1789 12
1790 13
1791 17
1792 20
1793 17
1794 14
1795 19
1796 11
1797 17
1798 14
1799 10
1800 15
1801 17
1802 13
1803 15
1804 13
1805 13
1806 16
1807 18
1808 8
1809 20
1810 22
1811 13
1812 17
1813 17
1814 30
1815 19
1816 25
1817 21
1818 29
1819 24
1820 20
1821 28
1822 26
1823 36
1824 28
1825 30
1826 19
1827 27
1828 35
1829 29
1830 26
1831 20
1832 26
1833 20
1834 12
1835 21
1836 18
1837 18
1838 13
1839 24
1840 18
1841 19
1842 24
1843 28
1844 23
1845 19
1846 18
1847 28
1848 15
1849 27
1850 34
1851 25
1852 27
1853 28
1854 22
1855 27
1856 23
1857 35
1858 26
1859 27
1860 31
1861 23
1862 36
1863 24
1864 22
1865 24
1866 33
1867 25
1868 31
1869 27
1870 24
1871 26
1872 29
1873 31
1874 26
1875 26
1876 26
1877 14
1878 25
1879 29
1880 32
1881 19
1882 27
1883 16
1884 20
1885 11
1886 22
1887 22
1888 17
1889 12
1890 25
1891 16
1892 20
1893 18
1894 24
1895 16
1896 25
1897 18
1898 18
1899 15
1900 11
1901 17
1902 10
1903 13
1904 8
1905 12
1906 9
1907 13
1908 11
1909 3
1910 11
1911 12
1912 7
1913 7
1914 8
1915 10
1916 4
1917 9
1918 7
1919 12
1920 6
1921 4
1922 4
1923 9
1924 4
1925 5
1926 4
1927 5
1928 3
1929 1
1930 5
1931 5
1932 7
1933 3
1934 3
1935 3
1936 4
1937 3
1938 2
1939 7
1940 2
1941 3
1942 5
1943 2
1944 2
1945 6
1946 3
1947 1
1948 2
1955 2
1960 1
1976 1
1978 1
1979 1
1980 1
1981 2
1982 1
1983 1
1984 1
1985 1
1987 2
1991 2
1994 1
1995 1
1997 1
1999 1
2001 2
2002 2
2003 1
2005 2
2007 3
2008 2
2009 2
2011 3
2012 4
2013 2
2014 2
2015 1
2016 3
2017 3
2018 3
2019 3
2020 5
2021 5
2022 5
2023 2
2024 7
2025 7
2026 4
2027 6
2028 1
2029 6
2030 4
2031 9
2032 7
2033 6
2034 5
2035 12
2036 4
2037 2
2038 5
2039 3
2040 7
2041 5
2042 5
2043 8
2044 8
2045 15
2046 13
2047 8
2048 4
2049 7
2050 7
2051 15
2052 7
2053 10
2054 9
2055 17
2056 14
2057 13
2058 20
2059 10
2060 15
2061 17
2062 16
2063 17
2064 10
2065 24
2066 25
2067 22
2068 17
2069 16
2070 24
2071 18
2072 20
2073 18
2074 21
2075 22
2076 18
2077 24
2078 14
2079 17
2080 25
2081 17
2082 13
2083 16
2084 25
2085 12
2086 14
2087 11
2088 13
2089 21
2090 12
2091 18
2092 15
2093 14
2094 14
2095 23
2096 15
2097 13
2098 19
2099 17
2100 17
2101 13
2102 11
2103 12
2104 24
2105 11
2106 16
2107 19
2108 29
2109 14
2110 9
2111 22
2112 21
2113 19
2114 29
2115 14
2116 18
2117 23
2118 17
2119 17
2120 25
2121 19
2122 17
2123 11
2124 11
2125 15
2126 21
2127 22
2128 18
2129 14
2130 18
2131 13
2132 19
2133 23
2134 16
2135 18
2136 20
2137 31
2138 22
2139 18
2140 20
2141 21
2142 19
2143 15
2144 22
2145 17
2146 20
2147 11
2148 17
2149 8
2150 13
2151 13
2152 7
2153 12
2154 15
2155 14
2156 11
2157 8
2158 11
2159 9
2160 7
2161 8
2162 8
2163 11
2164 11
2165 8
2166 7
2167 9
2168 13
2169 6
2170 5
2171 10
2172 5
2173 11
2174 5
2175 5
2176 4
2177 7
2178 6
2179 8
2180 3
2181 4
2182 9
2183 3
2184 7
2185 6
2186 3
2187 2
2188 5
2189 4
2190 7
2191 8
2192 4
2193 6
2194 6
2195 4
2196 6
2197 6
2198 7
2199 6
2200 9
2201 7
2202 10
2203 3
2204 7
2205 6
2206 8
2207 5
2208 5
2209 8
2210 4
2211 4
2212 3
2213 4
2214 6
2215 2
2216 8
2217 1
2218 7
2219 5
2220 7
2221 6
2222 6
2223 8
2224 4
2225 4
2226 5
2227 5
2228 2
2229 3
2230 3
2231 4
2232 3
2233 5
2234 1
2235 5
2236 2
2238 6
2239 5
2240 3
2241 5
2242 3
2243 2
2244 3
2245 5
2246 1
2247 3
2248 3
2249 6
2250 10
2251 3
2252 5
2253 5
2254 5
2255 6
2256 6
2257 11
2258 2
2259 10
2260 5
2261 3
2262 5
2263 7
2264 13
2265 4
2266 8
2267 7
2268 5
2269 15
2270 13
2271 8
2272 6
2273 9
2274 4
2275 14
2276 10
2277 7
2278 13
2279 9
2280 9
2281 9
2282 7
2283 10
2284 9
2285 7
2286 14
2287 14
2288 12
2289 13
2290 7
2291 6
2292 8
2293 4
2294 10
2295 10
2296 6
2297 6
2298 6
2299 6
2300 8
2301 9
2302 9
2303 9
2304 13
2305 5
2306 8
2307 11
2308 7
2309 11
2310 10
2311 7
2312 9
2313 12
2314 7
2315 10
2316 8
2317 7
2318 3
2319 9
2320 13
2321 15
2322 10
2323 5
2324 8
2325 14
2326 10
2327 8
2328 12
2329 5
2330 10
2331 14
2332 17
2333 10
2334 13
2335 7
2336 7
2337 14
2338 10
2339 11
2340 10
2341 10
2342 6
2343 9
2344 6
2345 12
2346 7
2347 4
2348 9
2349 5
2350 4
2351 4
2352 6
2353 7
2354 2
2355 5
2356 1
2357 5
2358 9
2359 6
2360 10
2361 14
2362 9
2363 12
2364 8
2365 4
2366 7
2367 3
2368 7
2369 9
2370 4
2371 7
2372 7
2373 8
2374 5
2375 4
2376 3
2377 6
2378 8
2379 8
2380 12
2381 1
2382 3
2383 3
2384 2
2385 3
2386 4
2387 2
2388 4
2389 2
2390 1
2391 3
2392 4
2393 4
2394 2
2395 3
2396 5
2397 2
2398 7
2399 2
2400 2
2401 2
2402 2
2403 2
2405 2
2406 2
2407 1
2408 2
2410 1
2411 1
2412 1
2414 2
2415 1
2416 2
2417 2
2420 2
2421 2
2424 2
2425 1
2427 2
2428 2
2429 1
2430 1
2431 3
2432 1
2433 2
2434 5
2435 1
2436 1
2437 2
2438 2
2439 2
2440 1
2441 7
2442 7
2443 5
2444 2
2445 3
2446 3
2447 9
2448 8
2449 7
2450 5
2451 8
2452 9
2453 2
2454 4
2455 9
2456 1
2457 10
2458 5
2459 6
2460 7
2461 7
2462 10
2463 5
2464 13
2465 6
2466 3
2467 8
2468 7
2469 1
2470 8
2471 6
2472 7
2473 12
2474 6
2475 14
2476 7
2477 11
2478 4
2479 14
2480 13
2481 13
2482 7
2483 11
2484 10
2485 14
2486 10
2487 1
2488 13
2489 10
2490 10
2491 8
2492 13
2493 7
2494 12
2495 13
2496 14
2497 10
2498 7
2499 10
2500 9
2501 8
2502 13
2503 8
2504 16
2505 11
2506 10
2507 22
2508 11
2509 16
2510 10
2511 15
2512 15
2513 12
2514 12
2515 16
2516 14
2517 10
2518 15
2519 16
2520 5
2521 10
2522 15
2523 9
2524 11
2525 14
2526 15
2527 19
2528 18
2529 19
2530 16
2531 14
2532 16
2533 13
2534 10
2535 21
2536 15
2537 14
2538 20
2539 17
2540 21
2541 19
2542 15
2543 18
2544 12
2545 26
2546 11
2547 16
2548 12
2549 15
2550 15
2551 24
2552 22
2553 10
2554 24
2555 17
2556 20
2557 17
2558 14
2559 13
2560 10
2561 12
2562 23
2563 19
2564 10
2565 17
2566 19
2567 17
2568 13
2569 10
2570 16
2571 11
2572 15
2573 13
2574 27
2575 8
2576 7
2577 16
2578 20
2579 16
2580 18
2581 20
2582 14
2583 27
2584 20
2585 23
2586 19
2587 17
2588 12
2589 19
2590 14
2591 13
2592 10
2593 13
2594 13
2595 17
2596 12
2597 13
2598 6
2599 15
2600 9
2601 6
2602 6
2603 10
2604 8
2605 14
2606 6
2607 6
2608 8
2609 8
2610 9
2611 6
2612 2
2613 7
2614 8
2615 7
2616 7
2617 4
2618 5
2619 4
2620 3
2621 4
2622 5
2623 4
2624 3
2626 1
2627 2
2628 1
2629 3
2630 3
2631 2
2632 2
2633 3
2634 1
2635 1
2636 3
2638 2
2639 3
2640 3
2641 2
2642 2
2643 1
2645 3
2646 1
2647 1
2648 2
2649 4
2650 2
2652 1
2655 1
2656 1
2657 1
2658 2
2659 1
2660 4
2662 1
2663 2
2664 1
2666 2
2667 2
2669 1
2670 2
2671 1
2673 2
2677 1
2678 4
2679 2
2682 1
2683 1
2684 1
2686 1
2687 2
2689 1
2690 2
2691 1
2692 1
2693 1
2695 1
2696 1
2697 4
2698 2
2699 1
2700 1
2703 1
2704 1
2705 3
2706 1
2707 3
2708 2
2709 2
2710 3
2712 7
2713 2
2714 1
2715 3
2716 2
2717 3
2718 4
2720 1
2721 3
2722 3
2724 2
2725 3
2726 1
2727 2
2728 2
2733 1
2734 1
2735 1
2736 2
2737 1
2738 2
2739 2
2740 2
2741 2
2743 1
2744 4
2745 2
2746 1
2747 1
2748 1
2749 2
2750 1
2752 1
2753 1
2754 2
2756 4
2757 3
2758 3
2759 2
2760 6
2762 2
2763 2
2764 4
2765 3
2766 2
2768 1
2769 4
2770 3
2771 1
2772 3
2774 1
2775 2
2776 3
2778 2
2779 2
2782 1
2783 1
2785 1
2786 1
2788 2
2789 2
2793 3
2794 1
2795 2
2797 2
2798 1
2799 2
2801 1
2805 1
2806 2
2810 1
2813 1
2816 1
2817 2
2818 2
2824 1
2827 2
2828 1
2830 2
2831 1
2834 1
2835 1
2836 1
2837 2
2838 1
2839 1
2840 1
2841 2
2844 4
2845 1
2847 2
2849 1
2850 2
2851 2
2852 3
2853 5
2854 2
2855 1
2857 3
2858 2
2859 3
2860 1
2861 1
2862 2
2863 1
2865 2
2866 3
2867 1
2868 1
2869 2
2871 1
2872 2
2874 4
2875 4
2876 3
2877 5
2878 1
2879 3
2880 1
2881 2
2883 1
2884 2
2885 2
2886 2
2887 2
2888 1
2889 1
2891 3
2892 4
2893 1
2895 2
2896 1
2897 4
2898 2
2899 1
2900 2
2901 4
2902 3
2904 1
2905 3
2906 1
2907 3
2908 4
2909 1
2910 6
2911 1
2912 1
2914 2
2915 3
2916 1
2917 1
2919 2
2920 2
2922 3
2923 2
2924 2
2925 1
2926 1
2927 2
2928 2
2929 1
2930 3
2931 3
2932 1
2933 1
2934 1
2935 2
2936 2
2937 2
2938 3
2939 2
2940 1
2941 2
2942 1
2943 3
2946 1
2948 1
2949 2
2950 1
2951 4
2952 3
2953 1
2954 1
2957 3
2958 1
2959 2
2962 2
2963 3
2964 3
2965 2
2966 3
2967 1
2968 2
2969 2
2970 2
2971 1
2973 4
2974 3
2975 1
2976 2
2977 1
2978 3
2979 2
2980 2
2981 3
2982 4
2983 3
2984 1
2985 3
2986 1
2987 1
2988 2
2989 1
2990 3
2991 2
2995 2
2996 1
2998 3
2999 2
3000 1
3001 2
3002 1
3003 3
3004 2
3005 2
3006 2
3007 1
3009 1
3010 1
3011 2
3012 2
3015 1
3017 2
3020 1
3023 1
3024 1
3026 1
3031 2
3033 1
3040 1
3041 2
3042 1
3043 5
3044 1
3047 1
3048 1
3049 1
3050 3
3051 2
3052 1
3053 2
3054 1
3055 2
3056 1
3059 3
3061 4
3062 2
3063 1
3064 1
3066 1
3067 2
3068 1
3070 3
3073 1
3074 1
3075 1
3081 1
3082 2
3089 1
3091 1
3102 1
3121 1
3126 1
3136 1
3142 1
3147 1
3151 1
3169 1
3189 1
3194 1
3195 1
3201 1
3224 1
3233 1
3237 1
3244 1
3247 1
3250 1
3251 1
3252 1
3255 1
3256 1
3263 1
3266 1
3267 1
3269 1
3270 3
3272 1
3273 3
3274 3
3275 1
3277 1
3278 1
3279 1
3280 2
3281 3
3282 3
3283 4
3285 1
3286 1
3287 4
3288 2
3289 7
3290 6
3291 1
3292 1
3293 3
3295 2
3296 3
3297 2
3298 2
3299 1
3300 1
3301 2
3302 3
3304 4
3305 3
3306 2
3307 3
3308 1
3309 2
3311 1
3312 2
3313 3
3314 1
3316 3
3317 2
3318 2
3319 3
3320 1
3321 2
3322 1
3323 2
3324 2
3325 1
3328 1
3329 1
3331 3
3334 1
3335 1
3336 1
3337 2
3339 1
3340 3
3341 1
3346 2
3349 1
3350 1
3351 1
3353 3
3354 1
3358 3
3359 1
3360 1
3363 1
3364 1
3366 1
3367 1
3368 1
3369 1
3371 3
3372 2
3373 4
3374 1
3376 2
3378 2
3380 1
3381 2
3382 1
3385 2
3386 1
3387 2
3389 2
3391 3
3393 1
3394 2
3395 4
3396 4
3397 3
3398 2
3400 2
3401 2
3403 1
3405 2
3406 1
3407 3
3408 2
3411 1
3413 1
3416 2
3417 1
3418 1
3419 1
3421 1
3424 2
3428 2
3431 2
3432 2
3433 1
3436 1
3443 1
3450 1
3478 1
3479 1
3483 1
3487 1
3496 1
3497 1
3503 1
3508 1
3512 1
3513 1
3514 1
3518 1
3522 1
3523 2
3525 1
3528 2
3530 1
3533 1
3536 1
3539 1
3545 1
3549 1
3551 1
3552 1
3556 1
3566 1
3581 1
3584 1
3587 1
3590 1
3619 1
3626 1
3629 1
3636 1
3646 1
3649 3
3653 2
3655 1
3656 1
3659 1
3662 1
3663 1
3664 1
3665 1
3667 1
3668 2
3670 1
3675 1
3676 1
3679 1
3680 1
3685 1
3687 2
3690 1
3692 1
3697 1
3698 1
3704 1
3709 1
3711 2
3715 1
3716 1
3717 1
3719 1
3720 2
3722 2
3723 2
3724 2
3725 1
3726 1
3728 2
3731 1
3732 1
3733 3
3734 1
3737 1
3738 1
3741 1
3746 1
3752 1
3757 1
3759 1
3764 1
3770 1
3774 1
3775 1
3779 1
3783 2
3788 1
3791 1
3794 2
3795 2
3798 1
3801 1
3802 1
3803 3
3805 1
3806 2
3809 1
3810 1
3812 1
3813 1
3816 1
3821 1
3830 1
3832 1
3833 2
3835 1
3836 1
3837 1
3839 2
3841 1
3842 2
3844 1
3845 2
3849 1
3850 1
3853 2
3855 1
3856 1
3858 1
3861 1
3863 3
3865 1
3866 1
3867 1
3868 1
3869 2
3870 1
3871 1
3877 1
3880 1
3881 1
3885 2
3887 1
3888 1
3891 3
3892 1
3896 1
3897 2
3898 1
3901 1
3902 1
3905 1
3906 1
3907 1
3910 1
3911 3
3912 1
3914 1
3916 1
3917 2
3919 1
3920 2
3921 2
3922 2
3923 1
3924 1
3925 3
3926 1
3928 1
3932 1
3933 2
3935 1
3937 1
3943 1
3945 1
3948 1
3953 1
3960 1
3962 1
3967 2
3969 2
3970 2
3971 3
3972 1
3973 1
3976 3
3978 1
3982 1
3985 1
3990 1
4009 1
4027 1
4042 1
4050 1
4057 1
4063 2
4082 1
4088 1
4091 1
4095 1
4100 1
4108 1
4119 1
4131 1
4136 1
4138 2
4140 1
4145 2
4147 2
4148 1
4152 1
4153 1
4154 1
4156 4
4158 5
4160 2
4161 2
4163 3
4165 1
4166 2
4169 1
4174 2
4175 1
4176 1
4178 1
4185 1
4187 2
4189 1
4194 1
4195 1
4196 3
4198 3
4199 3
4200 1
4201 4
4202 4
4204 1
4207 3
4208 2
4209 3
4210 3
4211 1
4212 2
4215 3
4216 3
4217 3
4218 1
4219 2
4220 1
4221 1
4222 2
4223 3
4224 3
4225 2
4226 4
4227 3
4228 3
4229 1
4230 2
4231 3
4232 2
4233 1
4234 5
4235 4
4236 1
4237 4
4238 3
4239 4
4240 2
4241 1
4242 3
4243 4
4245 3
4246 1
4248 3
4250 2
4251 2
4252 4
4253 3
4254 1
4255 3
4256 2
4257 2
4258 1
4259 2
4260 1
4261 3
4262 2
4263 1
4265 2
4266 2
4267 2
4268 1
4269 2
4270 1
4271 2
4272 2
4273 3
4274 2
4275 1
4276 3
4277 3
4278 1
4279 2
4280 1
4281 3
4282 5
4283 2
4284 1
4285 1
4287 2
4289 2
4291 1
4293 3
4296 1
4298 1
4299 1
4303 1
4304 2
4305 1
4306 1
4307 1
4308 3
4311 2
4312 1
4314 2
4320 1
4321 3
4322 3
4325 1
4328 1
4329 1
4330 2
4331 2
4332 1
4336 2
4339 1
4344 1
4350 1
4351 1
4355 1
4358 1
4370 1
4372 1
4373 1
4375 1
4379 1
4403 1
4405 1
4407 1
4409 1
4412 1
4418 1
4432 1
4475 1
4481 1
4484 1
4486 2
4488 1
4491 1
4492 1
4494 4
4495 1
4496 1
4497 1
4500 1
4502 2
4503 1
4504 1
4505 2
4507 3
4508 3
4509 1
4510 1
4511 5
4512 3
4513 2
4514 1
4515 5
4516 2
4517 2
4518 3
4519 2
4520 2
4521 2
4522 1
4523 2
4525 1
4526 3
4527 1
4528 1
4529 2
4530 1
4532 2
4533 2
4534 1
4535 2
4537 4
4538 1
4540 1
4543 1
4550 2
4553 1
4555 1
4556 1
4559 1
4562 1
4563 2
4566 1
4567 1
4568 1
4569 2
4570 4
4571 4
4572 3
4574 2
4575 3
4576 3
4578 2
4579 1
4580 2
4581 1
4582 2
4583 2
4584 1
4586 3
4587 2
4588 2
4589 3
4590 2
4591 3
4592 1
4593 2
4594 2
4595 2
4596 2
4597 3
4598 1
4599 3
4600 2
4601 1
4602 1
4603 2
4604 3
4605 1
4606 1
4607 1
4608 6
4609 4
4610 1
4611 4
4612 2
4613 3
4614 3
4615 3
4616 1
4617 2
4618 1
4619 2
4620 1
4621 1
4622 2
4623 2
4625 1
4626 1
4627 3
4628 1
4629 5
4630 4
4631 1
4632 3
4633 4
4634 1
4635 2
4636 2
4637 5
4638 4
4639 2
4641 2
4642 1
4643 3
4644 3
4645 1
4646 1
4647 4
4648 2
4649 4
4650 3
4651 2
4652 2
4653 4
4654 1
4655 3
4656 4
4657 3
4658 3
4659 5
4660 1
4661 3
4662 2
4663 2
4664 2
4665 2
4667 3
4668 3
4669 1
4670 2
4671 2
4672 2
4673 4
4675 1
4676 3
4677 2
4678 1
4680 3
4681 4
4682 1
4683 1
4684 4
4685 1
4686 2
4687 1
4688 3
4689 2
4690 3
4691 2
4692 1
4694 3
4695 1
4696 2
4697 2
4698 4
4699 4
4700 2
4701 7
4702 4
4703 4
4704 4
4705 3
4708 1
4709 2
4710 5
4711 5
4712 2
4713 4
4714 1
4715 1
4716 1
4717 3
4718 3
4719 3
4720 3
4722 3
4724 3
4725 1
4726 2
4727 2
4728 3
4729 2
4730 2
4731 1
4732 1
4733 1
4734 3
4735 1
4736 1
4738 1
4739 1
4740 2
4742 1
4744 1
4746 1
4748 1
4749 3
4750 1
4751 2
4752 1
4753 2
4754 3
4756 1
4760 1
4763 3
4764 1
4766 1
4769 1
4770 1
4772 3
4775 1
4776 1
4777 3
4778 1
4779 1
4781 2
4786 1
4787 1
4788 1
4795 1
4796 2
4797 1
4800 1
4801 1
4807 1
4812 2
4816 1
4820 1
4829 1
4841 1
4845 1
4879 1
4900 1
4902 1
4910 1
4917 1
4919 1
4920 2
4922 1
4927 2
4931 2
4932 2
4934 2
4936 1
4937 2
4939 1
4941 1
4943 1
4945 1
4946 3
4947 1
4950 1
4951 3
4952 1
4954 1
4956 1
4957 2
4959 3
4960 1
4961 1
4962 1
4963 1
4965 1
4969 2
4970 1
4971 1
4972 2
4975 1
4979 2
4984 2
4987 3
4989 2
4991 3
4993 1
4994 2
4995 2
4996 1
4997 1
4998 1
4999 2
5000 1
5001 3
5002 4
5003 1
5005 1
5006 3
5007 3
5008 1
5009 1
5011 1
5012 2
5013 1
5014 3
5015 1
5016 3
5018 3
5019 3
5020 3
5021 1
5022 2
5025 1
5026 2
5029 2
5030 2
5031 1
5032 2
5033 3
5034 2
5037 1
5038 2
5040 1
5042 1
5043 1
5044 2
5045 1
5047 1
5050 1
5053 1
5055 1
5056 2
5058 1
5059 1
5060 2
5061 1
5062 1
5063 1
5064 1
5065 2
5066 1
5067 2
5070 5
5073 2
5074 2
5075 1
5077 4
5078 3
5079 2
5080 3
5081 1
5082 3
5083 2
5084 1
5085 4
5086 4
5087 3
5088 1
5089 5
5090 5
5091 4
5092 2
5093 3
5094 1
5095 2
5096 4
5097 2
5098 4
5099 2
5100 1
5101 3
5102 2
5106 1
5107 1
5108 1
5109 1
5110 1
5111 1
5112 1
5119 1
5125 1
5129 1
5134 1
5149 1
5163 1
5166 1
5197 1
5207 1
5215 1
5216 1
5254 1
5276 1
5293 1
5294 1
5306 1
5307 1
5312 1
5317 1
5318 1
5323 1
5328 1
5330 2
5331 2
5334 1
5339 1
5340 2
5344 2
5345 1
5349 1
5351 1
5352 1
5356 1
5358 1
5361 1
5363 1
5364 2
5366 1
5367 1
5369 1
5373 2
5377 3
5378 2
5379 1
5380 1
5381 2
5382 1
5383 2
5384 1
5385 1
5386 2
5388 2
5389 3
5390 2
5391 1
5393 4
5395 1
5396 1
5397 1
5398 2
5400 1
5401 3
5402 1
5403 1
5405 2
5406 3
5407 3
5409 2
5410 1
5411 2
5412 1
5415 1
5416 1
5417 1
5418 1
5419 1
5420 2
5421 1
5422 2
5424 1
5425 1
5426 1
5427 3
5428 2
5430 1
5431 1
5432 2
5433 2
5434 2
5435 1
5436 2
5437 1
5438 1
5439 2
5440 1
5441 1
5442 1
5443 1
5445 1
5448 2
5452 1
5453 2
5454 2
5455 1
5457 1
5461 3
5463 1
5464 1
5465 3
5467 1
5471 2
5473 2
5474 2
5480 2
5484 1
5487 1
5489 1
5492 1
5496 2
5497 1
5499 2
5500 1
5505 1
5507 1
5509 3
5510 2
5511 1
5512 1
5514 2
5515 2
5516 3
5517 1
5518 1
5521 1
5524 1
5526 1
5529 4
5530 2
5531 2
5533 1
5535 1
5536 2
5537 1
5538 1
5539 3
5540 1
5541 1
5542 1
5543 1
5545 1
5546 3
5548 2
5549 2
5550 1
5551 1
5552 2
5553 2
5554 1
5555 1
5556 2
5558 2
5559 3
5561 1
5562 3
5563 2
5566 2
5567 1
5568 2
5570 3
5571 3
5572 2
5573 2
5574 1
5575 2
5576 2
5577 2
5581 3
5582 1
5583 4
5584 4
5585 1
5586 3
5587 1
5589 1
5590 2
5591 2
5592 1
5595 1
5596 5
5597 2
5599 4
5600 3
5601 1
5602 1
5603 1
5604 1
5605 2
5606 2
5607 2
5608 2
5609 1
5610 1
5611 1
5612 2
5614 2
5615 1
5616 1
5617 1
5618 2
5619 1
5620 1
5621 1
5623 1
5624 2
5625 1
5627 2
5628 2
5631 1
5639 1
5670 1
5671 1
5672 1
5674 1
5679 1
5681 1
5690 1
5692 1
5695 1
5701 1
5703 1
5716 1
5717 1
5733 1
5736 1
5748 1
5750 1
5751 2
5752 2
5753 2
5755 2
5757 1
5758 1
5762 1
5763 1
5764 1
5765 1
5766 1
5767 3
5768 2
5773 1
5774 1
5775 5
5776 4
5777 1
5778 2
5779 1
5781 1
5783 1
5784 2
5785 2
5786 1
5789 1
5790 1
5792 1
5793 1
5794 1
5795 2
5796 1
5797 1
5799 2
5801 1
5802 1
5803 1
5804 4
5805 6
5806 2
5807 1
5808 2
5809 1
5810 1
5814 1
5815 1
5817 1
5824 1
5825 1
5828 2
5830 2
5831 1
5832 1
5833 1
5834 1
5837 1
5842 2
5846 1
5849 1
5850 1
5859 2
5862 1
5863 1
5864 1
5865 1
5866 2
5867 1
5869 2
5870 1
5871 3
5872 1
5873 1
5874 3
5875 2
5876 3
5878 4
5879 2
5880 4
5882 2
5884 2
5885 2
5886 1
5888 1
5889 1
5891 1
5892 1
5893 2
5894 3
5896 2
5897 1
5898 1
5901 1
5906 1
5908 2
5910 1
5915 2
5919 1
5926 1
5927 2
5933 1
5934 1
5938 2
5941 2
5943 1
5944 3
5949 2
5950 1
5954 3
5955 1
5957 1
5959 1
5963 1
5964 1
5966 1
5969 2
5971 1
5976 1
5978 2
5979 2
5980 1
5981 1
5986 1
5988 1
5990 1
5995 1
6004 1
6006 1
6009 1
6014 1
6026 2
6033 1
6034 1
6035 1
6044 1
6079 1
6083 1
6120 1
6203 1
6208 1
6213 1
6214 1
6221 2
6224 1
6225 2
6226 1
6227 1
6230 1
6232 1
6236 1
6237 1
6240 3
6241 2
6243 1
6244 1
6246 1
6248 1
6249 1
6251 2
6252 1
6255 4
6256 2
6257 2
6258 1
6259 4
6260 3
6261 2
6262 2
6263 5
6264 4
6265 4
6266 2
6267 2
6268 1
6270 2
6271 3
6272 2
6274 1
6276 3
6277 3
6278 2
6279 2
6280 2
6281 2
6282 1
6283 1
6284 1
6285 3
6286 3
6287 4
6288 1
6290 2
6291 4
6292 1
6293 1
6294 1
6295 2
6296 1
6297 4
6298 2
6299 3
6300 1
6301 1
6302 3
6303 1
6304 2
6305 2
6307 3
6309 2
6310 3
6311 1
6312 3
6313 1
6314 2
6315 1
6316 3
6319 2
6320 2
6324 1
6325 2
6326 1
6331 1
6332 1
6333 4
6336 1
6337 1
6338 2
6339 1
6340 1
6341 1
6345 1
6347 1
6349 3
6350 1
6352 1
6354 3
6356 2
6357 1
6358 2
6359 2
6360 1
6361 1
6363 1
6364 2
6368 1
6369 1
6371 1
6373 2
6374 2
6375 1
6380 2
6382 2
6383 5
6384 4
6386 3
6387 6
6388 2
6389 6
6390 2
6391 4
6393 2
6394 1
6395 4
6396 3
6397 3
6398 3
6399 4
6400 2
6401 3
6402 6
6403 3
6404 3
6405 1
6406 4
6407 5
6409 2
6410 1
6412 5
6413 3
6414 3
6415 1
6416 3
6417 3
6418 3
6419 1
6423 2
6424 1
6425 1
6426 2
6428 3
6429 3
6430 2
6431 3
6432 2
6435 2
6437 2
6439 2
6442 3
6443 3
6444 2
6445 2
6447 1
6448 1
6449 1
6450 3
6452 3
6453 2
6454 1
6456 2
6459 2
6460 1
6461 2
6462 1
6464 1
6465 1
6467 1
6469 1
6472 1
6473 1
6478 1
6479 1
6481 2
6487 2
6493 1
6495 1
6503 1
6507 1
6508 1
6511 1
6512 1
6514 1
6520 2
6523 1
6545 1
6549 1
6551 1
6553 1
6556 1
6557 1
6558 2
6559 1
6561 1
6563 3
6618 1
6623 1
6652 1
6662 1
6667 1
6674 1
6675 1
6684 1
6685 1
6686 1
6691 1
6705 1
6713 1
6719 1
6721 3
6724 1
6729 1
6730 1
6731 3
6733 1
6738 1
6741 1
6743 2
6744 1
6745 1
6746 1
6747 1
6749 1
6750 1
6751 2
6753 1
6754 3
6759 1
6760 1
6762 1
6763 3
6764 2
6765 1
6766 2
6767 4
6771 1
6774 3
6777 1
6779 1
6780 2
6781 1
6784 2
6786 1
6789 1
6790 1
6795 2
6797 3
6800 2
6804 1
6805 1
6807 1
6808 1
6810 1
6814 1
6819 1
6820 1
6823 1
6824 1
6826 1
6835 2
6837 1
6841 1
6843 1
6844 1
6845 2
6848 1
6849 2
6850 1
6851 1
6855 1
6858 1
6860 1
6861 1
6863 1
6864 1
6867 2
6868 1
6870 1
6878 1
6889 1
6895 1
6896 1
6897 1
6900 2
6904 1
6905 1
6907 3
6910 1
6912 1
6913 1
6914 1
6915 1
6919 1
7033 1
7040 1
7043 1
7045 1
7046 1
7047 3
7052 1
7053 1
7054 1
7055 2
7056 1
7058 2
7059 1
7060 1
7062 2
7067 3
7068 1
7070 1
7074 1
7075 1
7078 1
7079 1
7080 1
7083 1
7084 1
7088 1
7089 1
7090 1
7098 1
7101 2
7102 1
7104 1
7110 1
7111 1
7113 1
7115 1
7116 1
7121 3
7123 2
7124 2
7127 2
7129 1
7130 1
7132 2
7136 1
7137 1
7139 1
7140 1
7142 1
7143 2
7144 1
7145 1
7146 1
7147 2
7148 2
7149 1
7151 3
7154 1
7155 1
7156 3
7157 1
7158 1
7161 1
7162 1
7167 1
7168 3
7170 2
7171 1
7172 1
7173 2
7175 1
7178 1
7179 1
7180 1
7181 1
7182 1
7183 2
7184 1
7185 1
7186 1
7187 1
7191 2
7192 2
7193 1
7195 1
7197 2
7198 1
7199 1
7200 2
7202 1
7204 1
7205 2
7206 2
7208 1
7211 1
7212 1
7213 3
7214 2
7216 2
7217 5
7219 2
7220 1
7222 3
7223 2
7225 2
7227 2
7228 1
7229 2
7230 1
7231 2
7233 2
7234 2
7235 1
7236 1
7241 1
7242 1
7243 1
7244 1
7245 1
7246 1
7248 2
7250 1
7253 2
7255 1
7258 1
7259 1
7260 1
7263 1
7265 1
7268 1
7279 1
7281 1
7288 1
7289 1
7291 1
7292 1
7302 1
7307 1
7308 2
7314 1
7315 1
7320 1
7326 1
7328 1
7331 1
7338 1
7339 1
7341 1
7347 1
7348 1
7350 1
7351 2
7356 4
7359 1
7360 3
7366 1
7370 1
7371 1
7383 1
7386 1
7387 1
7448 1
7454 1
7456 1
7489 1
7493 1
7507 1
7513 1
7525 1
7532 1
7538 1
7540 1
7556 1
7559 1
7570 1
7575 1
7577 1
7584 1
7585 1
7586 1
7587 2
7589 1
7590 1
7592 3
7593 2
7599 3
7603 1
7605 2
7608 1
7609 2
7613 2
7614 1
7615 1
7617 1
7618 4
7619 2
7620 1
7621 1
7622 1
7623 1
7624 2
7626 3
7627 1
7628 1
7629 2
7630 4
7631 1
7633 2
7634 2
7635 3
7636 4
7638 1
7641 1
7642 1
7644 4
7645 1
7646 2
7648 2
7649 3
7652 1
7653 1
7654 5
7655 2
7657 2
7666 1
7667 1
7669 2
7671 1
7674 1
7676 1
7677 1
7681 1
7682 1
7691 1
7692 1
7698 1
7702 1
7711 1
7714 1
7715 1
7922 1
7925 1
7931 1
7943 1
7946 1
8067 1
8343 1
8353 1
8777 1
8784 1
8907 1
9344 1
9519 1
9557 1
9604 1
10001 79
