1 22775409
2 14758703
3 9545737
4 6760443
5 5256838
6 4418533
7 3969633
8 3663034
9 3409334
10 3118351
11 2774703
12 2408886
13 2046464
14 1712927
15 1393368
16 1115258
17 872095
18 673998
19 521499
20 403858
21 321035
22 273540
23 250854
24 255092
25 275531
26 306913
27 346379
28 386477
29 420946
30 443911
31 456620
32 457423
33 442819
34 418497
35 385470
36 344122
37 299237
38 253448
39 209534
40 170511
41 136596
42 108168
43 83906
44 66801
45 53803
46 44733
47 40630
48 39471
49 41589
50 44696
51 50268
52 57594
53 64772
54 72479
55 79297
56 85968
57 91481
58 96818
59 100014
60 101002
61 99704
62 98178
63 95053
64 90718
65 84536
66 77432
67 70671
68 62815
69 55620
70 47926
71 41559
72 35452
73 30017
74 25283
75 21234
76 18695
77 16175
78 14629
79 14120
80 14463
81 15571
82 17932
83 21079
84 25518
85 30973
86 37318
87 44662
88 53304
89 63312
90 74512
91 86697
92 99476
93 113851
94 129286
95 144402
96 161302
97 177281
98 193181
99 209478
100 224530
101 238188
102 250181
103 260768
104 269917
105 277088
106 281868
107 284380
108 285097
109 282037
110 278270
111 271494
112 263124
113 253290
114 240900
115 229633
116 216151
117 203373
118 188800
119 174162
120 157758
121 143947
122 129381
123 116274
124 103378
125 90923
126 80040
127 69101
128 59807
129 51102
130 43807
131 37047
132 31146
133 25838
134 21819
135 17966
136 15015
137 12333
138 10103
139 8333
140 6825
141 5555
142 4474
143 3746
144 3293
145 2640
146 2333
147 2259
148 2098
149 2120
150 2325
151 2561
152 2550
153 2975
154 3069
155 3393
156 3662
157 3805
158 4166
159 4540
160 4726
161 4960
162 5203
163 5417
164 5736
165 5694
166 5768
167 5937
168 6066
169 6230
170 6538
171 6369
172 6475
173 6310
174 6275
175 6100
176 5932
177 5673
178 5457
179 5287
180 5175
181 4887
182 4488
183 4290
184 3929
185 3838
186 3585
187 3214
188 3112
189 2831
190 2677
191 2356
192 2256
193 2044
194 1843
195 1698
196 1556
197 1473
198 1287
199 1249
200 1165
201 1094
202 1078
203 1028
204 1019
205 1021
206 1037
207 1006
208 1046
209 1006
210 1078
211 1019
212 1113
213 1040
214 1105
215 1119
216 1082
217 1093
218 1142
219 1128
220 1078
221 1100
222 1105
223 1118
224 1065
225 1091
226 1059
227 1029
228 1011
229 993
230 947
231 947
232 906
233 784
234 810
235 761
236 720
237 663
238 679
239 627
240 631
241 559
242 540
243 470
244 432
245 440
246 396
247 355
248 316
249 317
250 282
251 246
252 237
253 195
254 215
255 168
256 182
257 170
258 175
259 169
260 139
261 128
262 132
263 81
264 88
265 87
266 79
267 91
268 75
269 80
270 71
271 69
272 84
273 80
274 73
275 60
276 56
277 62
278 51
279 60
280 48
281 69
282 65
283 69
284 68
285 75
286 98
287 81
288 65
289 92
290 77
291 102
292 108
293 102
294 89
295 105
296 115
297 120
298 123
299 146
300 144
301 151
302 158
303 140
304 154
305 147
306 162
307 166
308 182
309 153
310 157
311 194
312 171
313 196
314 214
315 224
316 197
317 214
318 235
319 243
320 217
321 218
322 229
323 235
324 222
325 213
326 233
327 240
328 211
329 240
330 241
331 240
332 189
333 217
334 222
335 200
336 207
337 222
338 212
339 161
340 198
341 194
342 194
343 176
344 150
345 168
346 142
347 152
348 157
349 126
350 139
351 158
352 136
353 126
354 119
355 127
356 128
357 126
358 113
359 124
360 123
361 114
362 93
363 100
364 113
365 77
366 80
367 90
368 82
369 90
370 87
371 70
372 76
373 66
374 60
375 77
376 75
377 65
378 87
379 82
380 85
381 69
382 79
383 50
384 77
385 69
386 84
387 63
388 69
389 58
390 68
391 67
392 74
393 71
394 69
395 67
396 64
397 57
398 62
399 50
400 51
401 61
402 55
403 73
404 68
405 64
406 70
407 66
408 85
409 91
410 80
411 92
412 88
413 89
414 89
415 89
416 101
417 86
418 116
419 113
420 135
421 122
422 141
423 149
424 139
425 142
426 149
427 137
428 121
429 133
430 120
431 126
432 132
433 98
434 107
435 114
436 130
437 178
438 139
439 150
440 168
441 165
442 145
443 150
444 173
445 149
446 141
447 169
448 173
449 150
450 143
451 133
452 152
453 124
454 152
455 134
456 123
457 104
458 78
459 84
460 113
461 77
462 102
463 102
464 86
465 102
466 87
467 74
468 75
469 66
470 70
471 75
472 86
473 64
474 65
475 59
476 60
477 83
478 64
479 81
480 48
481 49
482 44
483 47
484 45
485 45
486 47
487 41
488 33
489 46
490 35
491 37
492 26
493 25
494 26
495 39
496 27
497 30
498 23
499 23
500 26
501 32
502 22
503 34
504 25
505 20
506 19
507 17
508 25
509 24
510 30
511 19
512 19
513 31
514 37
515 34
516 30
517 30
518 27
519 26
520 31
521 47
522 38
523 33
524 43
525 30
526 51
527 45
528 39
529 30
530 33
531 40
532 26
533 49
534 57
535 56
536 50
537 58
538 44
539 52
540 73
541 67
542 68
543 54
544 70
545 60
546 63
547 38
548 53
549 49
550 48
551 60
552 48
553 53
554 51
555 43
556 51
557 42
558 36
559 23
560 33
561 29
562 33
563 27
564 28
565 20
566 18
567 23
568 20
569 20
570 20
571 19
572 32
573 19
574 35
575 32
576 28
577 26
578 32
579 38
580 28
581 26
582 33
583 36
584 29
585 22
586 33
587 23
588 23
589 29
590 22
591 32
592 22
593 23
594 24
595 28
596 18
597 32
598 30
599 25
600 16
601 18
602 21
603 25
604 21
605 17
606 23
607 26
608 27
609 16
610 28
611 21
612 26
613 23
614 13
615 18
616 22
617 19
618 16
619 14
620 18
621 22
622 11
623 26
624 13
625 19
626 17
627 24
628 25
629 14
630 18
631 22
632 25
633 21
634 27
635 19
636 20
637 27
638 20
639 31
640 21
641 28
642 25
643 41
644 39
645 19
646 20
647 29
648 19
649 11
650 27
651 24
652 24
653 20
654 15
655 19
656 20
657 24
658 33
659 24
660 25
661 33
662 36
663 37
664 40
665 40
666 47
667 60
668 77
669 84
670 98
671 105
672 106
673 147
674 136
675 163
676 193
677 194
678 235
679 270
680 289
681 322
682 393
683 386
684 461
685 469
686 567
687 631
688 661
689 747
690 790
691 897
692 968
693 1031
694 1134
695 1209
696 1408
697 1454
698 1660
699 1812
700 1944
701 2052
702 2217
703 2504
704 2692
705 2909
706 3219
707 3416
708 3774
709 4017
710 4360
711 4700
712 5033
713 5506
714 5598
715 6156
716 6678
717 6951
718 7735
719 8173
720 8519
721 9103
722 9781
723 10371
724 10613
725 11201
726 11839
727 12469
728 13145
729 13885
730 14516
731 14954
732 15787
733 16523
734 17346
735 17851
736 18481
737 19199
738 19786
739 20613
740 21152
741 21955
742 22697
743 23268
744 24270
745 24673
746 25371
747 25916
748 26611
749 26851
750 27882
751 28045
752 28525
753 29208
754 29288
755 30206
756 30569
757 30986
758 31157
759 31344
760 31682
761 31428
762 31798
763 31972
764 32248
765 32269
766 32148
767 32187
768 31678
769 31276
770 31554
771 30763
772 30933
773 30731
774 30422
775 29965
776 29321
777 29038
778 28577
779 28212
780 27400
781 26972
782 26147
783 25575
784 24945
785 24321
786 23685
787 22998
788 22553
789 21811
790 20875
791 20183
792 19512
793 18920
794 17955
795 17818
796 16970
797 16469
798 15748
799 14971
800 14465
801 13741
802 13087
803 12627
804 11956
805 11351
806 10948
807 10214
808 9736
809 9253
810 8648
811 7959
812 7831
813 7035
814 6657
815 6296
816 5696
817 5328
818 5065
819 4629
820 4433
821 4065
822 3872
823 3640
824 3363
825 3157
826 2896
827 2781
828 2511
829 2317
830 2260
831 2071
832 1949
833 1776
834 1550
835 1520
836 1423
837 1283
838 1159
839 1064
840 965
841 895
842 810
843 744
844 685
845 681
846 582
847 521
848 447
849 498
850 391
851 418
852 326
853 328
854 278
855 250
856 221
857 228
858 191
859 175
860 161
861 148
862 154
863 131
864 116
865 106
866 134
867 110
868 115
869 122
870 102
871 74
872 78
873 83
874 78
875 76
876 57
877 60
878 60
879 68
880 53
881 51
882 51
883 37
884 43
885 33
886 41
887 44
888 30
889 36
890 37
891 42
892 39
893 37
894 28
895 38
896 33
897 28
898 29
899 26
900 31
901 21
902 29
903 15
904 17
905 22
906 27
907 21
908 27
909 37
910 19
911 22
912 14
913 14
914 14
915 17
916 19
917 17
918 12
919 15
920 7
921 13
922 15
923 13
924 13
925 13
926 15
927 10
928 9
929 17
930 12
931 9
932 6
933 8
934 7
935 13
936 8
937 10
938 7
939 6
940 2
941 7
942 7
943 6
944 4
945 6
946 6
947 7
948 6
949 5
950 7
951 6
952 1
953 5
954 9
955 7
956 8
957 11
958 7
959 11
960 9
961 14
962 10
963 10
964 14
965 11
966 15
967 6
968 11
969 4
970 6
971 4
972 3
973 7
974 5
975 6
976 9
977 9
978 5
979 13
980 7
981 6
982 9
983 9
984 10
985 6
986 4
987 5
988 13
989 6
990 9
991 7
992 11
993 8
994 7
995 10
996 5
997 9
998 5
999 8
1000 11
1001 7
1002 6
1003 9
1004 4
1005 8
1006 5
1007 7
1008 5
1009 3
1010 7
1011 5
1012 7
1013 8
1014 5
1015 5
1016 10
1017 12
1018 5
1019 9
1020 7
1021 8
1022 9
1023 5
1024 6
1025 1
1026 4
1027 2
1028 5
1029 5
1030 5
1031 3
1032 5
1033 4
1034 7
1035 4
1036 5
1037 6
1038 3
1039 4
1040 3
1041 4
1042 8
1043 6
1044 3
1046 2
1047 4
1048 11
1049 5
1050 10
1051 7
1053 6
1054 4
1055 4
1056 1
1057 5
1058 4
1059 6
1060 2
1061 1
1062 8
1063 2
1064 5
1066 4
1067 3
1068 1
1069 4
1070 2
1071 3
1072 1
1073 2
1074 3
1075 2
1076 1
1077 1
1078 1
1079 2
1080 1
1082 2
1084 3
1085 3
1086 3
1087 3
1088 1
1089 1
1090 4
1091 4
1092 7
1093 3
1094 4
1096 3
1097 5
1098 7
1099 3
1100 2
1101 6
1102 1
1103 6
1104 4
1105 5
1106 5
1107 4
1109 1
1110 5
1111 8
1112 1
1113 3
1116 2
1117 1
1118 3
1119 5
1120 1
1121 2
1122 2
1123 4
1124 5
1125 5
1126 2
1127 3
1129 5
1130 7
1131 5
1132 3
1133 3
1134 7
1135 5
1136 3
1138 2
1139 1
1140 5
1141 4
1142 5
1143 3
1144 6
1145 3
1146 3
1147 9
1148 2
1149 5
1150 3
1151 4
1152 5
1153 2
1154 6
1155 2
1156 1
1157 5
1158 4
1159 5
1160 4
1161 3
1162 1
1163 9
1164 3
1165 2
1166 2
1168 1
1169 2
1170 3
1172 1
1173 2
1174 2
1175 3
1176 2
1177 1
1178 4
1179 3
1180 7
1181 4
1182 2
1183 3
1184 5
1185 4
1186 2
1187 3
1188 2
1189 3
1190 4
1191 2
1192 5
1193 1
1194 1
1195 4
1196 1
1197 1
1198 2
1199 3
1200 2
1201 1
1203 2
1204 1
1205 1
1206 5
1207 4
1208 1
1209 3
1210 2
1211 5
1212 2
1213 3
1214 6
1215 2
1216 4
1217 8
1218 2
1219 7
1220 4
1221 4
1222 8
1223 1
1224 4
1225 5
1226 5
1227 6
1228 3
1229 1
1230 3
1231 6
1232 4
1233 3
1234 3
1235 1
1237 5
1238 5
1239 3
1240 1
1241 1
1242 3
1243 1
1244 5
1245 5
1246 2
1247 4
1249 4
1250 1
1251 3
1252 3
1253 6
1254 2
1255 6
1256 2
1257 4
1258 1
1259 4
1260 2
1261 2
1262 1
1263 2
1264 4
1265 2
1266 4
1269 1
1270 1
1271 4
1273 5
1274 3
1275 1
1276 3
1277 2
1278 3
1279 4
1280 1
1281 3
1282 2
1283 4
1284 7
1285 1
1286 3
1287 4
1288 5
1289 2
1290 4
1291 2
1292 2
1294 3
1295 1
1296 3
1297 2
1299 3
1300 3
1301 3
1302 5
1303 4
1304 1
1305 5
1306 1
1307 4
1308 3
1309 5
1310 5
1311 2
1312 5
1313 2
1314 3
1315 5
1316 1
1317 1
1318 1
1320 1
1321 1
1323 1
1324 1
1330 1
1331 1
1333 1
1336 1
1337 1
1338 1
1339 1
1340 1
1342 1
1344 1
1345 1
1346 1
1347 1
1348 1
1353 1
1355 1
1356 1
1357 2
1358 1
1359 3
1361 3
1362 1
1364 2
1365 3
1367 1
1368 1
1371 1
1372 1
1375 1
1376 1
1377 1
1378 1
1379 4
1380 1
1381 1
1383 2
1384 1
1387 2
1390 1
1393 1
1400 1
1402 2
1403 2
1404 2
1405 3
1406 2
1407 2
1408 1
1409 1
1410 1
1411 2
1413 1
1414 2
1415 2
1417 1
1418 4
1419 1
1420 3
1422 1
1423 4
1424 4
1425 4
1426 4
1427 4
1428 3
1429 1
1430 1
1431 2
1432 1
1433 1
1434 6
1435 2
1436 5
1437 3
1438 4
1439 5
1440 4
1441 3
1442 3
1443 3
1444 1
1445 4
1446 2
1447 6
1448 3
1449 6
1450 4
1451 6
1452 3
1453 1
1454 3
1455 9
1456 2
1457 6
1458 3
1459 3
1460 8
1461 5
1462 11
1463 7
1464 7
1465 8
1466 15
1467 9
1468 14
1469 6
1470 6
1471 12
1472 11
1473 11
1474 16
1475 11
1476 18
1477 14
1478 19
1479 22
1480 18
1481 19
1482 14
1483 17
1484 17
1485 18
1486 22
1487 28
1488 21
1489 13
1490 24
1491 22
1492 31
1493 27
1494 29
1495 32
1496 36
1497 41
1498 36
1499 38
1500 42
1501 45
1502 45
1503 43
1504 44
1505 43
1506 49
1507 49
1508 38
1509 42
1510 56
1511 52
1512 33
1513 53
1514 43
1515 46
1516 41
1517 45
1518 42
1519 46
1520 44
1521 56
1522 52
1523 44
1524 53
1525 38
1526 51
1527 40
1528 40
1529 47
1530 50
1531 47
1532 49
1533 54
1534 48
1535 53
1536 60
1537 50
1538 56
1539 60
1540 58
1541 49
1542 54
1543 60
1544 63
1545 69
1546 51
1547 56
1548 70
1549 58
1550 40
1551 49
1552 55
1553 47
1554 43
1555 44
1556 52
1557 45
1558 43
1559 45
1560 35
1561 41
1562 43
1563 41
1564 48
1565 39
1566 42
1567 37
1568 35
1569 37
1570 39
1571 44
1572 39
1573 39
1574 29
1575 39
1576 37
1577 31
1578 40
1579 38
1580 35
1581 29
1582 28
1583 26
1584 21
1585 27
1586 30
1587 21
1588 19
1589 20
1590 14
1591 13
1592 18
1593 12
1594 21
1595 18
1596 11
1597 18
1598 13
1599 18
1600 11
1601 18
1602 28
1603 10
1604 11
1605 16
1606 12
1607 12
1608 15
1609 15
1610 12
1611 7
1612 7
1613 8
1614 10
1615 11
1616 8
1617 8
1618 10
1619 6
1620 5
1621 1
1622 3
1623 6
1624 3
1625 2
1626 4
1627 7
1628 3
1629 3
1630 3
1631 3
1632 4
1633 1
1634 1
1635 4
1636 2
1637 1
1638 2
1639 1
1641 3
1642 1
1644 1
1645 1
1647 1
1648 1
1649 1
1652 1
1655 1
1661 1
1664 1
1670 1
1671 1
1678 2
1679 1
1680 1
1686 3
1689 1
1692 1
1697 1
1702 1
1703 1
1710 2
1714 1
1719 2
1720 3
1721 2
1722 1
1723 2
1724 2
1726 3
1727 2
1729 1
1730 1
1732 1
1733 2
1734 2
1737 2
1738 2
1740 1
1742 1
1743 1
1745 1
1746 2
1747 1
1748 3
1750 1
1752 1
1754 1
1755 1
1756 1
1758 1
1761 2
1763 2
1765 3
1766 1
1769 1
1770 1
1771 3
1772 2
1773 1
1775 1
1776 1
1777 2
1780 4
1781 2
1782 1
1783 1
1784 1
1785 1
1787 1
1790 3
1792 3
1793 2
1794 3
1795 2
1796 3
1797 1
1798 2
1802 2
1804 1
1805 1
1808 1
1809 1
1810 1
1813 3
1814 3
1815 2
1816 2
1817 2
1818 6
1819 1
1820 4
1821 1
1823 3
1824 3
1825 2
1827 1
1828 2
1830 1
1831 1
1833 1
1836 1
1837 1
1838 3
1839 1
1840 3
1841 1
1842 2
1845 2
1846 1
1848 1
1849 1
1851 1
1852 1
1853 3
1854 4
1855 1
1856 3
1858 1
1864 1
1865 1
1867 1
1868 1
1869 2
1871 1
1873 1
1876 2
1880 2
1883 1
1884 1
1885 1
1887 1
1892 2
1893 1
1894 2
1895 1
1897 3
1898 1
1899 1
1900 1
1901 3
1902 1
1905 1
1908 1
1909 2
1911 1
1912 1
1913 3
1914 2
1916 2
1918 2
1920 2
1921 1
1927 1
1929 2
1930 1
1936 2
1937 1
1940 1
1944 1
1945 1
1946 2
1952 2
1954 1
1955 1
1959 2
1960 2
1963 1
1965 1
1967 2
1968 2
1969 1
1970 4
1971 1
1972 1
1976 1
1978 1
1980 3
1981 2
1982 3
1983 1
1986 4
1987 3
1988 1
1989 1
1990 2
1991 3
1993 1
1994 2
1995 4
1996 1
1997 1
1998 1
1999 5
2000 3
2001 3
2002 1
2004 2
2005 2
2006 4
2007 2
2010 1
2011 2
2012 3
2013 3
2014 1
2015 1
2016 1
2018 2
2021 1
2022 1
2029 2
2032 1
2033 2
2035 1
2036 1
2039 2
2040 1
2042 2
2043 3
2047 4
2048 1
2049 2
2053 1
2055 1
2056 1
2057 1
2058 1
2059 2
2061 1
2062 1
2064 3
2065 1
2066 1
2068 2
2069 1
2074 1
2079 2
2080 1
2081 1
2082 1
2084 2
2085 1
2086 2
2088 1
2092 1
2094 1
2100 1
2101 1
2102 1
2104 1
2115 1
2117 1
2120 1
2122 1
2124 1
2135 2
2147 1
2149 1
2150 1
2152 1
2153 1
2156 3
2158 1
2168 1
2174 1
2183 2
2188 1
2189 2
2190 1
2199 1
2200 1
2202 2
2204 1
2205 1
2206 2
2207 2
2212 1
2213 3
2214 2
2215 1
2219 1
2221 2
2222 1
2226 1
2227 1
2228 1
2229 2
2231 1
2232 1
2233 1
2234 1
2236 1
2241 1
2242 3
2243 2
2244 1
2245 3
2246 2
2247 3
2248 2
2249 1
2250 1
2251 2
2252 5
2254 2
2255 2
2256 2
2257 1
2258 4
2260 3
2261 1
2262 1
2263 4
2264 9
2265 1
2266 2
2267 2
2268 2
2269 3
2271 6
2272 6
2276 3
2277 3
2278 3
2279 3
2280 1
2281 3
2282 3
2283 1
2284 2
2285 1
2287 1
2288 2
2289 7
2290 1
2291 3
2292 3
2293 1
2296 2
2297 4
2298 1
2299 2
2300 1
2301 1
2302 1
2303 1
2304 2
2306 2
2307 3
2308 2
2309 1
2310 3
2311 2
2313 3
2314 1
2315 3
2316 3
2317 2
2318 4
2319 2
2320 6
2321 5
2322 3
2324 3
2325 4
2326 3
2327 4
2328 2
2329 5
2330 5
2331 2
2332 3
2333 3
2334 5
2335 4
2336 2
2337 5
2338 1
2339 1
2340 2
2341 1
2342 2
2343 2
2344 1
2345 4
2346 1
2347 1
2348 1
2349 2
2353 1
2355 2
2357 2
2358 2
2360 2
2361 1
2362 1
2363 2
2364 1
2365 1
2366 2
2367 1
2369 2
2370 1
2371 1
2372 1
2373 1
2376 1
2378 2
2380 1
2386 1
2387 1
2388 2
2390 1
2393 1
2394 2
2396 1
2398 1
2406 1
2459 1
2464 1
2466 1
2473 1
2483 1
2487 2
2493 1
2494 2
2499 2
2503 1
2509 1
2510 2
2511 2
2512 2
2514 2
2515 1
2517 1
2520 1
2521 2
2522 1
2523 1
2526 1
2527 1
2528 2
2530 1
2532 1
2533 1
2534 2
2538 3
2539 3
2540 2
2542 3
2543 3
2547 3
2548 1
2549 1
2551 1
2552 1
2553 1
2560 1
2562 2
2563 2
2564 2
2566 1
2567 1
2570 1
2571 2
2572 2
2574 1
2576 1
2577 1
2578 2
2580 1
2581 1
2582 3
2583 2
2584 4
2585 2
2587 1
2588 1
2590 2
2595 1
2596 2
2597 2
2598 2
2599 2
2600 4
2602 2
2603 4
2604 1
2605 1
2606 1
2607 3
2611 1
2613 4
2614 2
2616 3
2622 1
2623 1
2630 1
2631 1
2635 3
2636 1
2924 1
2931 1
2933 1
2957 1
2960 1
2963 1
2968 1
2972 1
2973 1
2975 1
2976 3
2977 3
2981 1
2982 3
2986 1
3000 1
3022 1
3048 1
3050 1
3054 1
3055 1
3057 1
3063 1
3064 1
3065 2
3066 1
3068 1
3072 2
3073 1
3076 2
3080 1
3082 1
3084 1
3085 2
3087 1
3088 3
3090 2
3091 1
3093 1
3094 1
3098 1
3117 1
3118 1
3129 1
3136 1
3141 1
3145 1
3146 1
3147 1
3152 3
3153 1
3154 2
3155 2
3156 1
3159 1
3180 1
3184 1
3260 1
3261 1
3266 1
3495 1
3497 1
3513 1
3595 1
3622 1
3624 1
3671 1
3702 1
3756 1
3759 1
3767 2
3788 1
3833 1
3834 1
3835 2
3836 1
3838 2
3841 1
3846 1
3847 1
3848 1
3850 1
3852 1
3853 1
3886 1
3887 1
3896 1
4544 1
4546 1
4553 2
4556 2
4561 1
4566 1
4587 1
4655 1
4693 1
4701 1
4709 1
4798 1
4799 1
4816 1
4817 1
4820 1
4821 1
4831 1
4834 1
4839 1
4852 1
4856 1
4858 1
4860 1
4864 1
4872 1
4882 1
4883 2
4904 1
4908 1
4909 2
4916 1
4919 1
4925 1
4936 1
5292 1
5314 1
5340 1
5357 1
5452 1
6136 1
6145 1
6151 1
6950 1
6987 1
7608 1
7615 1
9460 1
9463 1
9474 1
9483 1
9484 2
9488 1
9492 1
9493 1
9496 1
