1 23992084
2 14533729
3 9285051
4 6704472
5 5413364
6 4699210
7 4203980
8 3745104
9 3271139
10 2768232
11 2263218
12 1801440
13 1398623
14 1069266
15 812262
16 614093
17 480040
18 403240
19 371747
20 371942
21 393683
22 428955
23 465879
24 494799
25 506961
26 503901
27 488233
28 456632
29 412696
30 359043
31 304537
32 251919
33 205126
34 162661
35 129086
36 103444
37 85320
38 73890
39 67350
40 66767
41 69298
42 73985
43 80848
44 88417
45 95788
46 101724
47 106677
48 109298
49 110873
50 108050
51 105014
52 100822
53 94219
54 86201
55 78258
56 69635
57 61841
58 54334
59 46843
60 40203
61 35060
62 31158
63 29022
64 28009
65 29133
66 31044
67 35957
68 41762
69 50613
70 61166
71 73172
72 86802
73 101367
74 117713
75 136408
76 155664
77 176606
78 197241
79 217783
80 237216
81 256166
82 273685
83 289236
84 301379
85 311696
86 316973
87 320386
88 320689
89 317483
90 310545
91 300880
92 290445
93 274911
94 259664
95 242302
96 224669
97 205631
98 186419
99 168681
100 150528
101 132956
102 117491
103 102176
104 88277
105 75249
106 63551
107 53721
108 44737
109 37075
110 30639
111 25124
112 20584
113 16595
114 13440
115 11033
116 9089
117 7471
118 6380
119 5469
120 4823
121 4345
122 4113
123 4114
124 4230
125 4334
126 4436
127 4699
128 4966
129 5257
130 5518
131 5771
132 6204
133 6374
134 6623
135 6738
136 6855
137 6844
138 6911
139 7156
140 7206
141 7083
142 6934
143 7015
144 6795
145 6468
146 6235
147 5858
148 5462
149 5226
150 4870
151 4690
152 4207
153 3947
154 3626
155 3199
156 2934
157 2793
158 2511
159 2301
160 2080
161 1895
162 1781
163 1708
164 1528
165 1529
166 1310
167 1386
168 1375
169 1415
170 1355
171 1399
172 1370
173 1411
174 1297
175 1334
176 1332
177 1274
178 1305
179 1332
180 1248
181 1272
182 1165
183 1215
184 1224
185 1205
186 1112
187 1089
188 1018
189 1046
190 981
191 902
192 836
193 755
194 751
195 650
196 598
197 577
198 566
199 552
200 535
201 486
202 478
203 408
204 420
205 408
206 340
207 324
208 319
209 275
210 275
211 182
212 182
213 178
214 167
215 168
216 156
217 130
218 134
219 115
220 108
221 123
222 128
223 108
224 116
225 110
226 152
227 140
228 119
229 134
230 125
231 118
232 158
233 147
234 155
235 136
236 128
237 112
238 144
239 138
240 127
241 130
242 157
243 124
244 140
245 137
246 139
247 162
248 157
249 168
250 148
251 181
252 193
253 212
254 221
255 232
256 211
257 256
258 236
259 240
260 211
261 279
262 270
263 296
264 258
265 251
266 268
267 263
268 233
269 265
270 285
271 260
272 245
273 277
274 225
275 226
276 221
277 213
278 175
279 217
280 194
281 190
282 205
283 210
284 212
285 180
286 176
287 189
288 195
289 176
290 152
291 152
292 145
293 143
294 162
295 154
296 123
297 131
298 121
299 118
300 116
301 125
302 105
303 99
304 108
305 114
306 106
307 103
308 93
309 78
310 101
311 119
312 112
313 103
314 108
315 104
316 99
317 92
318 101
319 92
320 90
321 96
322 110
323 110
324 86
325 87
326 101
327 86
328 97
329 96
330 67
331 87
332 87
333 82
334 97
335 87
336 91
337 100
338 108
339 107
340 148
341 139
342 124
343 139
344 145
345 120
346 153
347 191
348 167
349 166
350 178
351 179
352 162
353 201
354 212
355 164
356 172
357 175
358 147
359 209
360 183
361 171
362 148
363 171
364 163
365 162
366 184
367 145
368 181
369 179
370 203
371 181
372 171
373 150
374 155
375 147
376 101
377 108
378 98
379 89
380 80
381 85
382 69
383 86
384 68
385 78
386 84
387 91
388 48
389 68
390 63
391 60
392 61
393 52
394 52
395 65
396 53
397 57
398 53
399 54
400 56
401 64
402 58
403 43
404 50
405 41
406 49
407 41
408 50
409 42
410 45
411 48
412 45
413 44
414 31
415 32
416 48
417 43
418 49
419 36
420 35
421 42
422 45
423 59
424 47
425 38
426 43
427 40
428 42
429 40
430 40
431 42
432 53
433 44
434 39
435 53
436 46
437 36
438 45
439 43
440 50
441 42
442 38
443 40
444 37
445 41
446 29
447 29
448 44
449 42
450 43
451 56
452 48
453 37
454 48
455 64
456 48
457 47
458 52
459 55
460 52
461 38
462 43
463 38
464 39
465 40
466 38
467 43
468 27
469 47
470 38
471 45
472 59
473 57
474 42
475 42
476 42
477 50
478 58
479 36
480 38
481 46
482 37
483 28
484 25
485 27
486 31
487 26
488 29
489 36
490 35
491 37
492 30
493 28
494 26
495 28
496 22
497 27
498 36
499 21
500 29
501 30
502 23
503 24
504 19
505 19
506 28
507 28
508 22
509 23
510 17
511 18
512 25
513 19
514 29
515 31
516 38
517 39
518 34
519 31
520 38
521 33
522 25
523 36
524 32
525 22
526 36
527 50
528 53
529 40
530 46
531 53
532 61
533 74
534 74
535 74
536 90
537 129
538 128
539 127
540 149
541 178
542 198
543 223
544 213
545 283
546 261
547 349
548 342
549 424
550 487
551 555
552 641
553 745
554 790
555 846
556 975
557 1084
558 1187
559 1367
560 1514
561 1590
562 1907
563 1950
564 2157
565 2418
566 2635
567 2903
568 3143
569 3434
570 3720
571 4096
572 4414
573 5008
574 5445
575 5679
576 6219
577 6546
578 7245
579 7749
580 8003
581 8735
582 9103
583 9955
584 10675
585 11258
586 12100
587 12793
588 13502
589 14279
590 15243
591 15967
592 16711
593 17700
594 18435
595 19607
596 20173
597 21164
598 22090
599 22793
600 23652
601 24423
602 25204
603 26275
604 27076
605 27770
606 28392
607 29216
608 29739
609 30490
610 31467
611 32125
612 32068
613 33064
614 33291
615 33525
616 34448
617 34702
618 35380
619 34758
620 35363
621 35566
622 35268
623 34948
624 35021
625 35175
626 34928
627 34613
628 34594
629 34109
630 34052
631 33230
632 32562
633 31979
634 31482
635 30677
636 30237
637 29658
638 28916
639 28043
640 27338
641 26897
642 26233
643 24999
644 24031
645 23643
646 22828
647 22071
648 21024
649 20059
650 19232
651 18696
652 18001
653 16887
654 16223
655 15352
656 14499
657 13682
658 13066
659 12526
660 11815
661 11042
662 10401
663 9865
664 9216
665 8713
666 8070
667 7369
668 7109
669 6597
670 6211
671 5706
672 5323
673 4971
674 4546
675 4293
676 3819
677 3526
678 3394
679 3128
680 2901
681 2652
682 2456
683 2180
684 1961
685 1849
686 1661
687 1408
688 1427
689 1229
690 1087
691 951
692 904
693 790
694 705
695 633
696 559
697 502
698 425
699 415
700 390
701 366
702 320
703 262
704 241
705 222
706 161
707 184
708 172
709 158
710 152
711 156
712 119
713 131
714 108
715 122
716 89
717 84
718 86
719 83
720 67
721 78
722 50
723 62
724 45
725 47
726 50
727 48
728 42
729 51
730 35
731 42
732 40
733 46
734 37
735 34
736 40
737 33
738 29
739 30
740 26
741 31
742 20
743 23
744 28
745 31
746 19
747 20
748 16
749 28
750 24
751 16
752 18
753 18
754 12
755 15
756 5
757 17
758 17
759 15
760 9
761 11
762 12
763 6
764 16
765 11
766 8
767 10
768 5
769 8
770 9
771 19
772 12
773 15
774 6
775 11
776 9
777 12
778 16
779 9
780 15
781 11
782 7
783 9
784 15
785 8
786 7
787 12
788 15
789 7
790 9
791 9
792 9
793 5
794 9
795 11
796 9
797 15
798 9
799 6
800 8
801 10
802 8
803 8
804 5
805 3
806 6
807 5
808 6
809 4
810 1
811 2
812 5
813 8
814 7
815 2
816 8
817 6
818 8
819 7
820 5
821 8
822 10
823 9
824 9
825 15
826 5
827 10
828 6
829 11
830 8
831 8
832 8
833 8
834 5
835 8
836 2
837 6
838 3
839 6
840 1
841 4
842 3
843 6
844 6
845 6
846 11
847 7
848 7
849 4
850 6
851 5
852 2
853 6
854 3
855 4
856 4
857 6
858 5
859 12
860 7
861 7
862 3
863 8
864 7
865 1
866 4
867 1
868 1
869 5
870 3
871 8
872 3
873 3
874 7
875 4
876 2
877 4
878 7
879 4
880 1
881 3
882 2
883 5
884 2
885 4
886 7
887 3
888 1
889 2
890 8
891 9
892 6
893 7
894 9
895 8
896 1
897 5
898 3
899 3
900 3
901 4
902 3
903 4
904 7
905 1
906 1
907 3
908 2
909 3
911 4
912 2
913 4
914 4
915 4
916 5
917 3
918 7
919 5
920 2
921 4
923 1
924 5
925 2
926 6
927 11
928 7
929 8
930 4
931 12
932 2
933 7
934 8
935 4
936 2
937 10
938 5
939 6
940 8
941 2
942 3
943 5
944 8
945 5
946 3
947 6
948 4
949 7
950 2
951 4
952 4
953 6
954 3
955 4
956 7
957 3
958 3
959 6
960 3
961 2
962 1
963 6
964 4
965 2
966 2
967 4
968 5
969 2
970 3
971 4
972 3
973 1
974 1
975 4
976 3
977 8
978 1
979 9
980 4
981 4
982 2
983 3
984 3
985 2
986 7
987 6
988 3
989 5
990 3
991 6
992 6
993 4
994 3
995 3
996 7
997 6
998 4
999 2
1000 4
1001 3
1002 5
1003 4
1004 3
1005 6
1006 6
1007 3
1008 4
1009 7
1010 3
1011 7
1012 4
1013 5
1014 2
1015 2
1016 3
1017 3
1018 3
1019 4
1020 2
1021 2
1022 1
1023 1
1024 2
1025 6
1026 2
1027 3
1028 5
1029 4
1030 4
1031 2
1032 2
1033 3
1034 1
1035 2
1036 4
1037 2
1038 3
1039 2
1040 4
1041 4
1042 1
1044 3
1045 2
1046 2
1047 2
1048 1
1049 2
1050 2
1051 2
1052 3
1053 1
1054 2
1055 4
1056 7
1057 3
1058 2
1059 3
1060 2
1061 3
1062 2
1063 2
1064 4
1065 1
1066 2
1067 2
1068 1
1070 4
1071 2
1072 1
1073 1
1074 3
1075 2
1077 4
1079 2
1082 1
1083 1
1084 1
1085 1
1086 1
1087 1
1089 2
1090 1
1092 1
1093 1
1094 1
1095 1
1096 1
1099 1
1101 3
1104 3
1105 2
1106 1
1109 1
1110 1
1111 1
1112 2
1114 3
1116 1
1118 2
1119 2
1120 2
1121 6
1122 3
1123 2
1125 2
1126 3
1127 6
1128 4
1129 2
1130 1
1132 2
1133 2
1135 2
1136 1
1138 4
1139 3
1140 1
1142 1
1143 2
1144 1
1145 3
1146 3
1148 1
1149 3
1150 1
1151 3
1152 3
1153 6
1154 4
1155 4
1156 7
1157 7
1158 9
1159 5
1160 13
1161 7
1162 14
1163 10
1164 11
1165 13
1166 10
1167 10
1168 12
1169 10
1170 17
1171 12
1172 17
1173 14
1174 25
1175 21
1176 17
1177 16
1178 17
1179 12
1180 13
1181 16
1182 21
1183 11
1184 21
1185 23
1186 14
1187 18
1188 25
1189 23
1190 20
1191 26
1192 25
1193 24
1194 29
1195 27
1196 31
1197 29
1198 30
1199 30
1200 39
1201 37
1202 33
1203 30
1204 37
1205 31
1206 40
1207 39
1208 41
1209 33
1210 36
1211 36
1212 41
1213 27
1214 46
1215 37
1216 37
1217 43
1218 41
1219 51
1220 43
1221 47
1222 50
1223 61
1224 67
1225 35
1226 43
1227 49
1228 50
1229 56
1230 59
1231 62
1232 45
1233 61
1234 51
1235 37
1236 35
1237 47
1238 48
1239 65
1240 58
1241 51
1242 61
1243 59
1244 40
1245 63
1246 46
1247 53
1248 60
1249 61
1250 58
1251 60
1252 62
1253 59
1254 49
1255 60
1256 71
1257 52
1258 60
1259 58
1260 44
1261 55
1262 61
1263 49
1264 50
1265 42
1266 53
1267 50
1268 47
1269 52
1270 46
1271 24
1272 49
1273 41
1274 38
1275 45
1276 32
1277 38
1278 35
1279 32
1280 43
1281 34
1282 29
1283 26
1284 33
1285 26
1286 20
1287 24
1288 19
1289 17
1290 22
1291 23
1292 17
1293 15
1294 16
1295 15
1296 15
1297 8
1298 8
1299 13
1300 16
1301 15
1302 9
1303 9
1304 10
1305 8
1306 7
1307 4
1308 12
1309 11
1310 8
1311 6
1312 10
1313 9
1314 5
1315 5
1316 5
1317 7
1318 4
1319 5
1320 2
1321 5
1322 5
1323 7
1324 7
1325 3
1326 4
1327 5
1328 6
1329 3
1330 5
1331 4
1332 2
1333 3
1334 3
1335 1
1336 2
1338 2
1340 2
1341 2
1343 1
1344 4
1346 2
1347 3
1348 4
1351 1
1352 1
1353 2
1356 1
1357 4
1358 2
1359 2
1361 3
1362 3
1363 2
1364 2
1366 1
1370 2
1371 1
1372 1
1375 1
1377 1
1379 1
1382 3
1383 3
1384 3
1385 2
1386 2
1387 4
1389 3
1390 2
1391 1
1393 1
1394 4
1395 1
1396 1
1397 3
1398 2
1399 2
1401 2
1402 1
1403 1
1404 1
1407 1
1408 3
1409 3
1410 1
1411 1
1412 2
1413 1
1414 3
1418 3
1421 2
1423 1
1424 1
1426 1
1431 1
1432 1
1433 1
1434 2
1435 1
1437 1
1442 2
1446 1
1449 3
1450 1
1451 1
1453 1
1458 1
1461 1
1462 1
1465 1
1468 1
1469 1
1470 2
1471 1
1472 4
1474 2
1475 3
1476 1
1478 4
1479 1
1480 4
1481 2
1482 1
1483 1
1484 2
1485 2
1486 2
1487 6
1488 5
1489 2
1490 3
1491 4
1492 3
1493 1
1494 3
1495 1
1496 4
1497 3
1498 3
1499 1
1500 1
1501 3
1502 4
1503 2
1504 5
1505 4
1506 4
1507 1
1508 1
1509 2
1510 1
1511 2
1512 2
1513 1
1514 1
1516 2
1517 1
1518 2
1520 1
1521 1
1522 3
1525 2
1530 3
1534 1
1535 1
1536 1
1537 1
1539 1
1540 1
1546 4
1547 2
1549 1
1550 2
1551 2
1552 1
1554 3
1555 4
1556 3
1557 2
1558 4
1559 2
1560 3
1561 3
1562 1
1563 1
1564 3
1566 2
1567 1
1568 1
1571 1
1572 2
1575 3
1580 1
1584 1
1585 1
1588 1
1590 1
1592 1
1594 1
1618 1
1621 1
1622 2
1623 1
1624 1
1625 3
1626 1
1627 4
1628 4
1629 2
1630 1
1632 2
1634 2
1636 1
1637 2
1638 1
1640 1
1641 2
1642 1
1643 1
1644 2
1649 1
1650 1
1652 4
1653 2
1655 1
1657 1
1658 1
1659 2
1660 4
1661 2
1662 1
1664 1
1666 2
1667 2
1668 2
1669 2
1670 2
1671 3
1672 1
1673 3
1674 4
1675 2
1676 1
1677 1
1678 2
1679 1
1680 3
1681 3
1682 5
1683 1
1684 2
1685 3
1686 1
1687 3
1688 2
1689 1
1690 1
1692 1
1694 1
1706 1
1713 1
1715 1
1717 2
1719 1
1722 1
1724 1
1725 2
1728 1
1733 1
1735 1
1736 1
1738 2
1740 1
1746 1
1748 4
1752 1
1753 1
1754 2
1755 1
1756 2
1757 1
1760 1
1764 1
1771 1
1773 1
1776 1
1781 1
1783 1
1790 1
1792 1
1797 1
1800 1
1801 2
1802 2
1804 2
1805 1
1806 1
1808 1
1809 3
1810 2
1811 5
1812 5
1813 2
1814 3
1816 1
1817 4
1818 1
1819 2
1821 4
1822 3
1823 2
1824 2
1826 3
1828 1
1829 3
1830 2
1831 1
1832 2
1833 3
1834 3
1835 4
1837 4
1838 5
1839 1
1840 1
1841 1
1842 3
1843 3
1844 3
1845 3
1846 4
1847 4
1848 4
1849 4
1850 6
1851 2
1852 4
1853 3
1854 6
1855 4
1856 4
1857 6
1858 5
1859 1
1860 5
1861 5
1862 3
1863 2
1864 4
1865 2
1866 3
1867 5
1868 4
1869 2
1870 4
1871 2
1872 1
1873 4
1874 2
1875 4
1876 1
1877 5
1878 4
1879 2
1881 5
1882 3
1883 2
1885 5
1886 1
1887 2
1888 6
1889 3
1890 3
1892 2
1893 2
1894 2
1895 1
1898 1
1899 2
1900 6
1901 1
1902 3
1903 1
1905 6
1906 3
1907 1
1909 1
1910 3
1911 1
1912 1
1913 1
1915 3
1917 1
1918 2
1919 2
1920 1
1921 1
1925 1
1934 1
1940 1
1941 1
1943 1
1944 1
1951 1
1953 1
1955 2
1956 1
1957 2
1959 1
1960 1
1963 1
1966 3
1967 1
1968 1
1971 2
1974 1
1976 1
1978 1
1981 2
1983 2
1984 1
1985 1
1989 1
1993 3
1994 1
1995 1
1997 1
1998 1
1999 2
2001 2
2003 3
2004 1
2005 2
2013 1
2018 1
2021 2
2023 1
2030 1
2032 1
2051 2
2052 1
2056 1
2061 1
2066 3
2069 1
2070 4
2072 1
2073 1
2074 1
2075 2
2076 1
2077 1
2079 1
2080 1
2081 1
2082 1
2084 1
2085 1
2086 1
2092 1
2096 1
2098 1
2106 1
2110 1
2111 1
2114 1
2115 1
2116 1
2117 4
2118 2
2124 3
2125 1
2127 2
2128 1
2129 1
2130 1
2133 1
2135 1
2136 2
2137 1
2139 3
2140 2
2141 1
2142 1
2143 1
2144 1
2145 1
2146 2
2147 3
2148 1
2149 1
2150 3
2151 1
2152 2
2153 2
2154 3
2155 1
2156 4
2157 4
2159 1
2162 3
2163 1
2171 1
2178 1
2188 1
2292 1
2390 1
2421 1
2427 1
2434 2
2437 1
2438 3
2439 1
2441 1
2443 1
2445 1
2450 2
2451 1
2453 1
2454 1
2461 1
2462 2
2464 1
2466 1
2467 1
2469 2
2470 1
2472 4
2473 1
2475 1
2480 2
2482 1
2483 1
2484 3
2485 1
2486 2
2488 1
2490 2
2493 3
2494 3
2496 1
2497 1
2501 3
2508 1
2512 1
2513 1
2519 1
2523 1
2524 1
2528 1
2529 1
2536 1
2545 1
2547 1
2550 1
2559 1
2564 2
2569 1
2570 1
2575 1
2577 1
2620 1
2621 1
2642 1
2655 1
2661 1
2666 1
3051 1
3056 1
3057 1
3060 1
3067 1
3069 1
3070 1
3073 1
3080 1
3081 1
3084 1
3095 1
3098 3
3102 1
3105 1
3106 2
3108 1
3111 1
3112 1
3113 1
3115 1
3661 1
3669 1
3674 2
3676 1
3679 1
3682 1
3686 1
3715 1
3731 1
3742 1
3776 1
3791 1
3816 1
3817 1
3819 1
3820 1
3823 1
3829 1
3830 1
3833 1
3834 1
3838 1
3841 1
3873 1
3879 1
3884 1
3886 1
3889 1
3892 2
3893 1
3894 1
3903 1
3908 1
3912 1
3913 1
3921 1
3924 1
4281 1
4312 1
4318 1
4334 1
4396 1
4908 1
4944 1
4946 1
5566 1
5618 1
6125 1
6137 1
7540 1
7543 1
7550 1
7556 1
7560 1
7561 1
7563 1
7565 1
7567 1
7568 1
