1 22629082
2 11340057
3 6282707
4 3437855
5 2040565
6 1477104
7 1227582
8 1069335
9 903103
10 732049
11 592420
12 480637
13 433144
14 432766
15 471352
16 537210
17 611355
18 679108
19 740646
20 779745
21 801062
22 801543
23 790568
24 763764
25 733293
26 697969
27 665155
28 636488
29 614792
30 596886
31 579982
32 566393
33 553351
34 540494
35 519151
36 497175
37 470848
38 438515
39 403142
40 366484
41 330871
42 293638
43 259899
44 229469
45 201766
46 180005
47 163881
48 152072
49 145634
50 141352
51 139845
52 137938
53 138747
54 138706
55 141362
56 141341
57 141142
58 140403
59 139312
60 137579
61 136455
62 136122
63 136219
64 136292
65 138681
66 141532
67 146176
68 150688
69 153646
70 157740
71 161468
72 165536
73 167997
74 168869
75 169482
76 168528
77 167376
78 165110
79 162052
80 158932
81 154776
82 150700
83 147120
84 143769
85 142920
86 141371
87 140714
88 141701
89 143699
90 146663
91 150099
92 153821
93 155503
94 158942
95 161383
96 162309
97 162352
98 160826
99 160310
100 156504
101 151479
102 145946
103 139223
104 131860
105 124164
106 114874
107 106565
108 97729
109 87776
110 79326
111 70481
112 62573
113 54494
114 46995
115 40430
116 35036
117 29619
118 25151
119 20741
120 16999
121 14215
122 11845
123 9684
124 7766
125 6361
126 5113
127 4103
128 3299
129 2720
130 2333
131 1917
132 1715
133 1551
134 1408
135 1267
136 1213
137 1162
138 1096
139 1105
140 998
141 988
142 1027
143 1043
144 1047
145 1034
146 1061
147 1012
148 1096
149 1041
150 1076
151 1056
152 983
153 980
154 936
155 863
156 903
157 873
158 893
159 871
160 832
161 751
162 764
163 713
164 692
165 665
166 593
167 546
168 553
169 489
170 485
171 454
172 486
173 427
174 400
175 403
176 399
177 379
178 376
179 370
180 384
181 413
182 413
183 392
184 413
185 392
186 422
187 428
188 452
189 489
190 490
191 495
192 506
193 527
194 515
195 520
196 527
197 480
198 487
199 432
200 468
201 494
202 472
203 441
204 426
205 426
206 409
207 404
208 372
209 379
210 417
211 376
212 363
213 400
214 364
215 368
216 345
217 375
218 364
219 384
220 352
221 375
222 424
223 374
224 379
225 366
226 354
227 337
228 350
229 314
230 316
231 359
232 316
233 285
234 267
235 262
236 188
237 222
238 169
239 167
240 193
241 191
242 167
243 175
244 153
245 145
246 166
247 122
248 130
249 89
250 112
251 90
252 104
253 96
254 79
255 101
256 78
257 72
258 68
259 55
260 77
261 82
262 70
263 60
264 74
265 54
266 69
267 94
268 84
269 87
270 97
271 116
272 93
273 117
274 107
275 139
276 123
277 142
278 158
279 180
280 163
281 188
282 180
283 188
284 172
285 221
286 206
287 230
288 217
289 257
290 271
291 243
292 258
293 269
294 272
295 254
296 253
297 245
298 280
299 287
300 258
301 289
302 240
303 207
304 210
305 211
306 192
307 198
308 198
309 176
310 174
311 154
312 162
313 171
314 186
315 199
316 187
317 146
318 159
319 161
320 157
321 161
322 159
323 141
324 156
325 124
326 113
327 94
328 102
329 83
330 82
331 99
332 95
333 88
334 84
335 83
336 86
337 54
338 74
339 53
340 76
341 78
342 71
343 72
344 76
345 81
346 70
347 62
348 73
349 66
350 61
351 60
352 48
353 60
354 73
355 56
356 57
357 35
358 65
359 41
360 55
361 59
362 45
363 47
364 39
365 43
366 41
367 47
368 48
369 48
370 39
371 39
372 47
373 40
374 44
375 34
376 48
377 44
378 41
379 49
380 66
381 53
382 37
383 37
384 39
385 50
386 44
387 50
388 37
389 43
390 45
391 39
392 41
393 45
394 49
395 32
396 42
397 50
398 46
399 51
400 43
401 42
402 50
403 40
404 30
405 32
406 24
407 23
408 20
409 25
410 26
411 24
412 19
413 35
414 23
415 29
416 36
417 31
418 28
419 24
420 39
421 25
422 33
423 32
424 30
425 31
426 28
427 29
428 25
429 29
430 22
431 25
432 22
433 21
434 32
435 17
436 28
437 29
438 31
439 30
440 39
441 36
442 42
443 58
444 50
445 60
446 49
447 63
448 64
449 92
450 111
451 106
452 114
453 129
454 156
455 183
456 194
457 234
458 278
459 335
460 373
461 391
462 490
463 542
464 609
465 705
466 769
467 861
468 1034
469 1091
470 1194
471 1307
472 1513
473 1685
474 1959
475 2219
476 2315
477 2710
478 2871
479 3188
480 3665
481 3954
482 4490
483 5007
484 5451
485 5900
486 6515
487 7088
488 7491
489 8103
490 8994
491 9646
492 10457
493 11240
494 11994
495 13338
496 13953
497 14694
498 15676
499 16432
500 17576
501 18503
502 19542
503 20651
504 21630
505 22727
506 23810
507 24892
508 26257
509 27418
510 28286
511 29545
512 30515
513 31860
514 33286
515 34237
516 35004
517 36288
518 37457
519 38412
520 39036
521 40263
522 40895
523 41548
524 42939
525 43837
526 44305
527 45135
528 45507
529 46388
530 47445
531 47833
532 48511
533 49347
534 49572
535 50240
536 51047
537 51588
538 52374
539 52552
540 52879
541 53626
542 54070
543 55001
544 55047
545 55922
546 56791
547 56630
548 57234
549 57645
550 58517
551 58720
552 59709
553 59759
554 60243
555 60783
556 61622
557 62132
558 62233
559 63330
560 63896
561 64161
562 64140
563 64405
564 64490
565 65453
566 65368
567 65191
568 65992
569 66215
570 65917
571 65757
572 65344
573 65360
574 65295
575 64430
576 64274
577 63777
578 63311
579 62134
580 61599
581 61126
582 60493
583 59040
584 58297
585 57369
586 56014
587 54994
588 53350
589 52748
590 50729
591 49746
592 48166
593 46575
594 45443
595 43555
596 42267
597 40564
598 39178
599 37843
600 36776
601 34947
602 33670
603 31952
604 30181
605 28879
606 27555
607 25742
608 24298
609 23063
610 21677
611 20497
612 19155
613 18124
614 16961
615 16091
616 14788
617 14007
618 13093
619 12124
620 11183
621 10440
622 9621
623 8990
624 8411
625 7752
626 7007
627 6341
628 5980
629 5399
630 4876
631 4493
632 3900
633 3699
634 3411
635 2944
636 2698
637 2535
638 2281
639 1937
640 1748
641 1631
642 1488
643 1327
644 1208
645 1129
646 994
647 903
648 718
649 698
650 593
651 521
652 450
653 418
654 362
655 302
656 302
657 261
658 221
659 172
660 155
661 161
662 130
663 129
664 105
665 116
666 84
667 91
668 81
669 74
670 71
671 50
672 48
673 43
674 37
675 44
676 45
677 36
678 42
679 49
680 38
681 44
682 41
683 43
684 38
685 48
686 42
687 55
688 41
689 30
690 38
691 39
692 34
693 35
694 34
695 42
696 29
697 25
698 33
699 32
700 41
701 34
702 27
703 18
704 21
705 27
706 21
707 27
708 22
709 18
710 25
711 29
712 13
713 21
714 22
715 27
716 22
717 30
718 26
719 19
720 27
721 25
722 15
723 32
724 21
725 31
726 26
727 26
728 24
729 17
730 20
731 24
732 20
733 28
734 24
735 20
736 21
737 23
738 23
739 19
740 21
741 21
742 26
743 24
744 17
745 25
746 28
747 24
748 19
749 19
750 23
751 29
752 24
753 22
754 20
755 21
756 23
757 25
758 27
759 24
760 25
761 37
762 28
763 36
764 32
765 28
766 31
767 22
768 25
769 33
770 27
771 21
772 23
773 26
774 25
775 31
776 29
777 34
778 33
779 21
780 24
781 22
782 29
783 27
784 22
785 27
786 20
787 19
788 25
789 22
790 22
791 20
792 10
793 15
794 28
795 16
796 24
797 19
798 21
799 16
800 20
801 20
802 20
803 17
804 16
805 10
806 11
807 18
808 12
809 14
810 11
811 17
812 22
813 19
814 12
815 6
816 9
817 11
818 5
819 8
820 13
821 17
822 13
823 11
824 8
825 15
826 10
827 12
828 10
829 8
830 9
831 11
832 16
833 7
834 10
835 10
836 21
837 14
838 9
839 8
840 14
841 9
842 10
843 8
844 12
845 13
846 6
847 14
848 14
849 3
850 10
851 11
852 10
853 13
854 12
855 16
856 10
857 14
858 9
859 12
860 16
861 13
862 9
863 6
864 6
865 7
866 7
867 6
868 5
869 8
870 8
871 5
872 10
873 7
874 7
875 5
876 4
877 8
878 16
879 10
880 10
881 9
882 6
883 5
884 11
885 8
886 4
887 13
888 4
889 5
890 7
891 6
892 7
893 10
894 8
895 14
896 9
897 9
898 8
899 8
900 10
901 6
902 8
903 6
904 5
905 11
906 4
907 3
908 10
909 2
910 4
911 5
912 2
913 2
914 3
915 5
916 4
917 3
918 2
919 3
920 3
921 2
922 2
923 1
924 1
925 3
926 2
927 1
928 2
929 1
930 2
932 1
933 3
934 3
935 1
939 3
940 2
942 3
943 1
944 3
946 1
947 3
948 3
950 1
951 2
952 1
953 4
954 1
955 2
956 1
957 3
958 1
959 2
963 2
964 1
965 2
966 2
967 3
968 3
969 4
970 4
971 5
972 7
973 2
974 5
975 13
976 13
977 14
978 10
979 20
980 19
981 19
982 14
983 22
984 23
985 16
986 18
987 27
988 27
989 22
990 25
991 29
992 25
993 34
994 34
995 35
996 42
997 38
998 36
999 38
1000 56
1001 59
1002 56
1003 45
1004 45
1005 60
1006 58
1007 60
1008 52
1009 76
1010 75
1011 72
1012 67
1013 65
1014 75
1015 89
1016 72
1017 73
1018 85
1019 114
1020 109
1021 92
1022 121
1023 103
1024 138
1025 116
1026 122
1027 121
1028 119
1029 127
1030 128
1031 142
1032 155
1033 141
1034 160
1035 137
1036 137
1037 137
1038 175
1039 159
1040 145
1041 158
1042 160
1043 152
1044 160
1045 225
1046 176
1047 161
1048 179
1049 198
1050 169
1051 159
1052 189
1053 189
1054 196
1055 184
1056 169
1057 173
1058 191
1059 174
1060 204
1061 189
1062 201
1063 198
1064 211
1065 209
1066 208
1067 192
1068 195
1069 185
1070 218
1071 188
1072 181
1073 211
1074 183
1075 201
1076 166
1077 191
1078 186
1079 204
1080 196
1081 188
1082 194
1083 199
1084 178
1085 168
1086 151
1087 186
1088 153
1089 187
1090 154
1091 164
1092 157
1093 196
1094 163
1095 162
1096 158
1097 156
1098 140
1099 147
1100 148
1101 140
1102 147
1103 136
1104 147
1105 134
1106 151
1107 143
1108 130
1109 142
1110 142
1111 126
1112 153
1113 126
1114 122
1115 146
1116 141
1117 123
1118 150
1119 127
1120 150
1121 127
1122 159
1123 140
1124 149
1125 164
1126 159
1127 146
1128 189
1129 177
1130 193
1131 171
1132 171
1133 160
1134 197
1135 196
1136 166
1137 189
1138 207
1139 179
1140 203
1141 220
1142 188
1143 182
1144 208
1145 216
1146 198
1147 203
1148 215
1149 190
1150 212
1151 230
1152 211
1153 205
1154 227
1155 199
1156 193
1157 240
1158 199
1159 201
1160 182
1161 228
1162 222
1163 222
1164 187
1165 227
1166 228
1167 186
1168 208
1169 194
1170 214
1171 195
1172 182
1173 154
1174 168
1175 158
1176 180
1177 155
1178 152
1179 142
1180 152
1181 119
1182 114
1183 135
1184 134
1185 116
1186 120
1187 94
1188 87
1189 95
1190 111
1191 89
1192 104
1193 89
1194 104
1195 87
1196 75
1197 65
1198 87
1199 85
1200 83
1201 87
1202 83
1203 66
1204 75
1205 76
1206 62
1207 58
1208 55
1209 60
1210 71
1211 57
1212 53
1213 52
1214 47
1215 47
1216 38
1217 40
1218 43
1219 36
1220 29
1221 27
1222 42
1223 25
1224 36
1225 32
1226 23
1227 22
1228 29
1229 26
1230 22
1231 21
1232 13
1233 21
1234 14
1235 20
1236 21
1237 18
1238 7
1239 14
1240 8
1241 18
1242 15
1243 11
1244 16
1245 13
1246 19
1247 20
1248 18
1249 18
1250 16
1251 11
1252 12
1253 6
1254 10
1255 11
1256 6
1257 6
1258 6
1259 6
1260 6
1261 8
1262 9
1263 2
1264 7
1265 9
1266 13
1267 7
1268 4
1269 4
1270 6
1271 4
1272 6
1273 5
1274 4
1275 3
1276 5
1277 7
1278 10
1279 7
1280 9
1281 4
1282 10
1283 9
1284 8
1285 12
1286 6
1287 8
1288 9
1289 8
1290 9
1291 11
1292 3
1293 10
1294 11
1295 12
1296 12
1297 10
1298 10
1299 8
1300 10
1301 5
1302 11
1303 13
1304 6
1305 17
1306 6
1307 9
1308 10
1309 11
1310 8
1311 9
1312 7
1313 13
1314 12
1315 8
1316 6
1317 10
1318 6
1319 5
1320 5
1321 4
1322 5
1323 4
1324 4
1325 6
1326 6
1327 3
1328 5
1329 2
1330 6
1331 4
1332 4
1333 4
1334 7
1335 8
1336 9
1337 6
1338 4
1339 2
1340 3
1341 3
1342 2
1343 2
1344 1
1345 3
1346 7
1347 5
1348 7
1349 2
1350 7
1351 8
1352 13
1353 7
1354 6
1355 8
1356 7
1357 9
1358 10
1359 9
1360 13
1361 8
1362 7
1363 10
1364 9
1365 10
1366 11
1367 16
1368 7
1369 10
1370 10
1371 6
1372 7
1373 5
1374 7
1375 4
1376 1
1377 6
1378 7
1379 6
1380 3
1381 12
1382 3
1383 9
1384 2
1385 3
1386 11
1387 2
1388 7
1389 6
1390 3
1391 3
1392 6
1393 4
1394 7
1395 4
1396 3
1397 6
1398 7
1399 3
1400 6
1401 8
1402 4
1403 6
1404 6
1405 6
1406 7
1407 2
1408 2
1409 3
1410 4
1411 4
1412 1
1413 3
1414 3
1415 5
1416 3
1417 6
1418 4
1419 2
1420 4
1421 12
1422 6
1423 5
1424 4
1425 3
1426 2
1427 4
1428 4
1429 2
1430 2
1431 4
1432 3
1433 3
1434 1
1435 2
1436 1
1437 4
1438 2
1439 4
1440 4
1441 6
1442 2
1443 3
1444 2
1445 2
1447 3
1448 3
1449 5
1450 2
1451 4
1452 1
1453 2
1454 2
1455 4
1456 5
1457 3
1458 2
1459 3
1460 3
1461 5
1462 3
1463 5
1464 5
1465 6
1466 2
1467 5
1468 6
1469 5
1470 3
1471 5
1472 9
1473 5
1474 3
1475 5
1476 8
1477 8
1478 10
1479 10
1480 5
1481 3
1482 9
1483 11
1484 5
1485 3
1486 6
1487 9
1488 4
1489 7
1490 8
1491 6
1492 8
1493 9
1494 3
1495 6
1496 10
1497 10
1498 10
1499 12
1500 10
1501 10
1502 16
1503 8
1504 12
1505 8
1506 9
1507 8
1508 15
1509 13
1510 11
1511 20
1512 15
1513 13
1514 17
1515 22
1516 23
1517 17
1518 27
1519 28
1520 22
1521 16
1522 27
1523 35
1524 39
1525 27
1526 42
1527 32
1528 38
1529 41
1530 42
1531 44
1532 29
1533 38
1534 44
1535 46
1536 39
1537 40
1538 64
1539 52
1540 67
1541 64
1542 61
1543 40
1544 64
1545 65
1546 59
1547 76
1548 73
1549 64
1550 69
1551 59
1552 61
1553 70
1554 85
1555 94
1556 65
1557 74
1558 84
1559 87
1560 87
1561 95
1562 92
1563 83
1564 90
1565 90
1566 118
1567 96
1568 111
1569 78
1570 105
1571 114
1572 94
1573 88
1574 119
1575 103
1576 102
1577 96
1578 116
1579 114
1580 102
1581 94
1582 95
1583 99
1584 115
1585 122
1586 98
1587 124
1588 125
1589 120
1590 102
1591 116
1592 124
1593 113
1594 111
1595 135
1596 99
1597 121
1598 116
1599 124
1600 116
1601 121
1602 104
1603 104
1604 125
1605 128
1606 135
1607 115
1608 126
1609 101
1610 104
1611 99
1612 96
1613 88
1614 104
1615 101
1616 89
1617 89
1618 70
1619 83
1620 65
1621 77
1622 66
1623 59
1624 58
1625 71
1626 68
1627 63
1628 62
1629 63
1630 58
1631 66
1632 55
1633 46
1634 68
1635 52
1636 63
1637 47
1638 50
1639 44
1640 42
1641 38
1642 50
1643 36
1644 41
1645 29
1646 26
1647 27
1648 32
1649 31
1650 35
1651 23
1652 17
1653 23
1654 21
1655 25
1656 33
1657 19
1658 17
1659 17
1660 19
1661 22
1662 24
1663 19
1664 27
1665 20
1666 13
1667 13
1668 11
1669 20
1670 9
1671 10
1672 14
1673 9
1674 7
1675 8
1676 11
1677 8
1678 11
1679 7
1680 14
1681 13
1682 12
1683 5
1684 16
1685 7
1686 14
1687 10
1688 8
1689 14
1690 10
1691 8
1692 16
1693 11
1694 11
1695 9
1696 12
1697 8
1698 16
1699 11
1700 11
1701 12
1702 16
1703 18
1704 17
1705 11
1706 16
1707 11
1708 13
1709 15
1710 17
1711 13
1712 18
1713 18
1714 17
1715 28
1716 14
1717 15
1718 20
1719 15
1720 22
1721 14
1722 20
1723 19
1724 20
1725 13
1726 15
1727 20
1728 17
1729 12
1730 13
1731 22
1732 18
1733 11
1734 20
1735 21
1736 18
1737 12
1738 16
1739 13
1740 16
1741 14
1742 16
1743 15
1744 12
1745 12
1746 12
1747 19
1748 12
1749 15
1750 12
1751 10
1752 14
1753 13
1754 5
1755 9
1756 25
1757 9
1758 7
1759 12
1760 17
1761 7
1762 14
1763 15
1764 15
1765 15
1766 9
1767 11
1768 11
1769 7
1770 8
1771 12
1772 13
1773 19
1774 8
1775 11
1776 18
1777 11
1778 10
1779 20
1780 12
1781 14
1782 16
1783 13
1784 13
1785 13
1786 7
1787 9
1788 11
1789 9
1790 9
1791 7
1792 10
1793 10
1794 7
1795 5
1796 10
1797 9
1798 7
1799 8
1800 11
1801 6
1802 12
1803 4
1804 6
1805 5
1806 8
1807 5
1808 7
1809 8
1810 6
1811 7
1812 9
1813 10
1814 13
1815 10
1816 7
1817 7
1818 10
1819 10
1820 7
1821 4
1822 5
1823 6
1824 8
1825 7
1826 8
1827 10
1828 4
1829 8
1830 8
1831 9
1832 12
1833 12
1834 14
1835 10
1836 10
1837 14
1838 11
1839 7
1840 11
1841 9
1842 11
1843 7
1844 9
1845 11
1846 10
1847 11
1848 7
1849 2
1850 13
1851 8
1852 3
1853 5
1854 5
1855 2
1856 6
1857 7
1858 4
1859 6
1860 8
1861 4
1862 3
1863 3
1864 4
1865 6
1866 7
1867 3
1868 5
1869 5
1870 2
1871 3
1872 2
1873 5
1874 6
1875 9
1876 4
1877 3
1878 4
1879 6
1880 9
1881 2
1882 4
1883 4
1884 4
1885 3
1886 3
1887 3
1888 1
1889 2
1890 4
1891 2
1893 1
1895 1
1896 1
1897 1
1898 2
1901 1
1902 2
1903 1
1905 2
1906 1
1907 1
1908 2
1909 1
1910 1
1911 4
1912 2
1913 1
1914 2
1915 1
1918 1
1919 4
1920 2
1921 1
1922 3
1924 1
1925 1
1926 1
1927 2
1928 2
1929 3
1930 2
1931 1
1932 1
1933 1
1934 1
1936 1
1937 1
1938 3
1939 1
1940 1
1941 1
1943 1
1945 2
1947 1
1948 2
1949 1
1950 1
1951 2
1953 1
1954 3
1957 1
1965 1
1966 1
1982 1
1988 2
1991 1
1998 2
2000 1
2001 2
2006 1
2007 3
2009 2
2010 1
2012 8
2013 3
2014 4
2016 2
2017 4
2018 2
2019 2
2020 5
2021 3
2022 3
2023 4
2024 1
2025 5
2026 4
2027 5
2028 6
2029 1
2030 2
2031 2
2032 7
2033 5
2034 6
2035 8
2036 8
2037 11
2038 5
2039 8
2040 5
2041 5
2042 5
2043 5
2044 9
2045 7
2046 9
2047 9
2048 12
2049 4
2050 14
2051 6
2052 13
2053 12
2054 12
2055 13
2056 12
2057 17
2058 23
2059 10
2060 13
2061 15
2062 13
2063 13
2064 21
2065 22
2066 15
2067 22
2068 18
2069 15
2070 17
2071 20
2072 12
2073 23
2074 22
2075 23
2076 19
2077 19
2078 27
2079 30
2080 21
2081 28
2082 17
2083 21
2084 24
2085 25
2086 30
2087 18
2088 25
2089 28
2090 16
2091 24
2092 25
2093 20
2094 23
2095 25
2096 25
2097 29
2098 28
2099 22
2100 26
2101 27
2102 21
2103 24
2104 25
2105 22
2106 34
2107 27
2108 28
2109 25
2110 37
2111 33
2112 28
2113 19
2114 26
2115 28
2116 33
2117 29
2118 21
2119 31
2120 23
2121 34
2122 27
2123 25
2124 20
2125 18
2126 29
2127 28
2128 33
2129 26
2130 32
2131 32
2132 24
2133 25
2134 34
2135 24
2136 31
2137 26
2138 22
2139 26
2140 33
2141 28
2142 37
2143 23
2144 24
2145 30
2146 28
2147 24
2148 19
2149 26
2150 24
2151 23
2152 24
2153 26
2154 34
2155 22
2156 24
2157 29
2158 21
2159 26
2160 28
2161 24
2162 17
2163 21
2164 7
2165 10
2166 19
2167 14
2168 8
2169 10
2170 12
2171 13
2172 10
2173 14
2174 11
2175 20
2176 15
2177 10
2178 9
2179 9
2180 5
2181 12
2182 5
2183 12
2184 8
2185 4
2186 6
2187 11
2188 10
2189 12
2190 9
2191 11
2192 8
2193 6
2194 10
2195 8
2196 5
2197 7
2198 3
2199 6
2200 4
2201 4
2202 5
2203 7
2204 3
2205 5
2206 6
2207 9
2208 8
2209 5
2210 6
2211 11
2212 10
2213 9
2214 7
2215 10
2216 12
2217 11
2218 12
2219 9
2220 15
2221 13
2222 10
2223 10
2224 8
2225 19
2226 13
2227 11
2228 8
2229 10
2230 13
2231 10
2232 17
2233 12
2234 9
2235 13
2236 15
2237 9
2238 13
2239 16
2240 13
2241 11
2242 11
2243 23
2244 13
2245 17
2246 16
2247 16
2248 18
2249 19
2250 14
2251 19
2252 12
2253 19
2254 15
2255 20
2256 20
2257 10
2258 21
2259 19
2260 20
2261 23
2262 26
2263 22
2264 20
2265 13
2266 11
2267 33
2268 26
2269 20
2270 31
2271 21
2272 29
2273 26
2274 29
2275 24
2276 32
2277 27
2278 24
2279 26
2280 25
2281 28
2282 31
2283 20
2284 23
2285 19
2286 22
2287 30
2288 33
2289 24
2290 31
2291 29
2292 14
2293 9
2294 23
2295 24
2296 19
2297 33
2298 22
2299 26
2300 18
2301 22
2302 28
2303 21
2304 23
2305 17
2306 23
2307 25
2308 17
2309 25
2310 33
2311 19
2312 25
2313 17
2314 14
2315 23
2316 14
2317 20
2318 14
2319 17
2320 17
2321 19
2322 15
2323 19
2324 15
2325 14
2326 14
2327 22
2328 9
2329 16
2330 15
2331 14
2332 12
2333 10
2334 18
2335 21
2336 13
2337 15
2338 17
2339 27
2340 16
2341 22
2342 17
2343 13
2344 15
2345 20
2346 14
2347 11
2348 15
2349 19
2350 12
2351 24
2352 15
2353 23
2354 25
2355 21
2356 19
2357 14
2358 20
2359 13
2360 11
2361 19
2362 17
2363 21
2364 18
2365 13
2366 14
2367 15
2368 16
2369 12
2370 21
2371 9
2372 6
2373 10
2374 8
2375 17
2376 11
2377 4
2378 5
2379 6
2380 14
2381 6
2382 6
2383 5
2384 8
2385 6
2386 4
2387 4
2388 4
2389 5
2390 10
2391 3
2392 10
2393 2
2394 3
2395 4
2396 5
2397 3
2398 2
2399 4
2401 1
2402 1
2405 2
2406 1
2408 1
2410 1
2411 1
2413 1
2414 1
2415 1
2416 1
2417 1
2419 1
2423 1
2428 1
2431 1
2432 1
2435 1
2436 1
2438 1
2439 2
2446 1
2451 2
2453 1
2456 1
2458 1
2465 1
2467 1
2468 1
2469 2
2470 3
2471 3
2473 1
2475 1
2476 2
2478 1
2479 1
2480 1
2483 1
2485 1
2486 2
2487 1
2488 1
2489 1
2492 2
2493 1
2494 1
2500 3
2501 1
2502 1
2503 2
2505 1
2506 1
2507 2
2508 1
2509 1
2510 3
2513 4
2514 3
2515 3
2516 4
2517 1
2518 3
2519 2
2520 3
2521 5
2522 1
2523 1
2524 1
2526 2
2527 1
2528 3
2529 1
2530 1
2531 3
2532 1
2533 1
2534 1
2535 1
2536 2
2537 1
2538 5
2539 4
2540 1
2541 2
2542 6
2544 1
2545 2
2546 3
2547 7
2548 2
2549 8
2550 1
2551 2
2552 8
2553 5
2554 6
2555 10
2556 3
2557 1
2558 4
2559 6
2560 5
2561 5
2562 6
2563 6
2564 2
2565 5
2566 5
2567 2
2568 4
2569 5
2570 4
2571 9
2572 4
2573 4
2574 3
2575 5
2576 6
2577 6
2578 4
2579 10
2580 6
2581 8
2582 4
2583 5
2584 7
2585 8
2586 7
2587 6
2588 12
2589 9
2590 7
2591 11
2592 10
2593 14
2594 13
2595 10
2596 7
2597 10
2598 16
2599 18
2600 13
2601 5
2602 10
2603 15
2604 10
2605 11
2606 16
2607 15
2608 15
2609 11
2610 18
2611 17
2612 22
2613 25
2614 18
2615 13
2616 19
2617 21
2618 20
2619 15
2620 20
2621 20
2622 24
2623 21
2624 24
2625 23
2626 20
2627 19
2628 20
2629 20
2630 13
2631 15
2632 13
2633 23
2634 20
2635 17
2636 25
2637 17
2638 16
2639 20
2640 22
2641 19
2642 16
2643 12
2644 11
2645 17
2646 20
2647 18
2648 22
2649 18
2650 18
2651 24
2652 15
2653 15
2654 12
2655 9
2656 22
2657 12
2658 19
2659 16
2660 13
2661 14
2662 14
2663 13
2664 16
2665 25
2666 13
2667 15
2668 15
2669 19
2670 13
2671 16
2672 24
2673 21
2674 12
2675 21
2676 13
2677 16
2678 18
2679 11
2680 9
2681 13
2682 16
2683 15
2684 12
2685 10
2686 4
2687 13
2688 8
2689 8
2690 10
2691 4
2692 8
2693 5
2694 5
2695 8
2696 8
2697 6
2698 9
2699 8
2700 7
2701 6
2702 12
2703 5
2704 4
2705 4
2706 3
2707 3
2708 5
2709 6
2710 4
2711 4
2712 6
2713 2
2714 4
2715 6
2716 8
2718 6
2719 2
2720 5
2721 3
2722 5
2723 10
2724 5
2725 3
2726 4
2727 7
2728 4
2729 6
2730 4
2731 4
2732 8
2733 5
2734 3
2735 6
2736 4
2737 1
2738 4
2739 7
2740 4
2741 5
2742 6
2743 2
2744 3
2745 5
2746 3
2747 1
2748 2
2749 3
2750 2
2752 1
2753 3
2754 2
2756 2
2757 2
2758 2
2759 3
2760 4
2761 4
2762 3
2763 3
2764 3
2765 2
2766 2
2768 2
2770 3
2771 3
2773 5
2774 1
2775 1
2776 3
2777 2
2778 4
2779 2
2780 2
2781 1
2782 2
2783 2
2784 3
2785 1
2786 5
2787 2
2788 3
2789 2
2790 2
2791 2
2792 1
2793 1
2794 2
2795 1
2796 1
2797 1
2798 6
2799 3
2800 4
2801 4
2803 2
2804 2
2805 1
2806 6
2807 3
2808 7
2809 2
2810 6
2811 1
2812 1
2813 1
2814 5
2815 9
2816 2
2817 5
2818 6
2819 4
2820 5
2821 6
2822 7
2823 4
2824 4
2825 3
2826 8
2827 12
2828 4
2829 5
2830 5
2831 10
2832 6
2833 6
2834 6
2835 9
2836 9
2837 14
2838 1
2839 7
2840 7
2841 6
2842 12
2843 11
2844 8
2845 12
2846 12
2847 9
2848 10
2849 9
2850 10
2851 6
2852 16
2853 8
2854 12
2855 11
2856 17
2857 16
2858 18
2859 7
2860 11
2861 13
2862 9
2863 10
2864 13
2865 16
2866 14
2867 11
2868 19
2869 12
2870 13
2871 10
2872 16
2873 10
2874 9
2875 7
2876 10
2877 13
2878 22
2879 15
2880 15
2881 12
2882 13
2883 12
2884 19
2885 12
2886 11
2887 12
2888 11
2889 6
2890 7
2891 14
2892 12
2893 9
2894 16
2895 8
2896 17
2897 21
2898 11
2899 10
2900 9
2901 15
2902 12
2903 10
2904 9
2905 13
2906 13
2907 8
2908 10
2909 13
2910 14
2911 6
2912 8
2913 6
2914 13
2915 8
2916 8
2917 6
2918 3
2919 6
2920 9
2921 4
2922 3
2923 4
2924 3
2925 5
2926 4
2927 7
2928 4
2929 9
2930 2
2931 8
2932 2
2933 4
2934 7
2935 7
2937 4
2938 6
2939 6
2940 4
2941 4
2942 9
2944 3
2945 4
2946 1
2947 5
2948 7
2949 2
2950 3
2951 4
2952 2
2953 3
2954 2
2955 1
2956 3
2957 2
2958 1
2959 2
2961 2
2962 3
2964 5
2965 3
2966 1
2968 3
2970 1
2974 1
2977 2
2978 1
2980 3
2981 2
2982 1
2983 2
2986 1
2987 1
2989 1
2990 5
2991 2
2992 3
2993 1
2994 1
2995 2
2998 4
2999 1
3000 1
3001 3
3004 2
3005 2
3006 1
3008 1
3010 2
3011 1
3015 1
3022 1
3029 1
3031 1
3033 1
3034 1
3036 1
3037 1
3038 1
3039 2
3040 3
3041 2
3043 1
3045 1
3047 2
3048 2
3051 2
3052 1
3053 1
3054 2
3055 3
3057 2
3058 1
3059 1
3060 5
3061 2
3062 2
3063 3
3064 2
3065 2
3066 1
3067 2
3068 7
3069 4
3070 5
3071 4
3072 7
3073 4
3074 9
3075 6
3076 5
3077 6
3078 4
3079 6
3080 7
3081 10
3082 5
3083 5
3084 7
3085 14
3086 10
3087 8
3088 7
3089 4
3090 6
3091 10
3092 11
3093 6
3094 4
3095 9
3096 12
3097 9
3098 6
3099 8
3100 11
3101 12
3102 5
3103 9
3104 6
3105 4
3106 9
3107 8
3108 9
3109 8
3110 8
3111 7
3112 6
3113 6
3114 12
3115 9
3116 9
3117 10
3118 12
3119 14
3120 15
3121 11
3122 5
3123 10
3124 18
3125 17
3126 19
3127 7
3128 11
3129 13
3130 18
3131 10
3132 14
3133 16
3134 9
3135 15
3136 6
3137 13
3138 22
3139 8
3140 10
3141 15
3142 11
3143 18
3144 13
3145 9
3146 12
3147 16
3148 14
3149 18
3150 13
3151 18
3152 8
3153 15
3154 15
3155 12
3156 12
3157 23
3158 16
3159 14
3160 20
3161 16
3162 11
3163 14
3164 14
3165 15
3166 23
3167 17
3168 16
3169 10
3170 16
3171 25
3172 19
3173 18
3174 15
3175 23
3176 18
3177 17
3178 14
3179 16
3180 23
3181 18
3182 14
3183 19
3184 20
3185 13
3186 15
3187 21
3188 19
3189 24
3190 19
3191 15
3192 14
3193 12
3194 8
3195 20
3196 17
3197 28
3198 19
3199 14
3200 11
3201 16
3202 11
3203 17
3204 14
3205 15
3206 9
3207 17
3208 15
3209 18
3210 16
3211 5
3212 14
3213 12
3214 11
3215 13
3216 9
3217 9
3218 15
3219 9
3220 7
3221 11
3222 12
3223 18
3224 12
3225 15
3226 12
3227 6
3228 11
3229 8
3230 8
3231 10
3232 8
3233 9
3234 5
3235 7
3236 5
3237 2
3238 4
3239 2
3241 1
3242 7
3243 5
3244 5
3245 1
3246 2
3247 2
3248 5
3249 2
3250 3
3251 6
3252 1
3253 3
3254 1
3255 3
3256 2
3257 2
3258 2
3260 2
3261 1
3264 3
3265 1
3266 3
3267 1
3268 1
3269 1
3270 2
3271 4
3273 1
3274 2
3275 1
3277 2
3278 1
3281 1
3282 1
3283 2
3284 2
3285 1
3287 5
3289 1
3291 1
3294 1
3297 2
3298 2
3300 1
3301 2
3304 1
3305 2
3306 1
3307 1
3308 2
3309 2
3313 3
3314 3
3315 4
3316 3
3317 3
3319 2
3320 1
3321 1
3326 2
3327 1
3330 1
3334 2
3335 1
3337 1
3339 1
3350 1
3351 1
3355 1
3356 2
3357 3
3360 1
3361 2
3363 1
3366 1
3369 2
3370 1
3371 1
3372 1
3373 1
3375 3
3377 1
3378 1
3379 1
3380 1
3382 2
3383 2
3385 2
3387 1
3388 3
3389 1
3392 2
3393 1
3394 1
3395 1
3396 2
3399 3
3400 1
3401 1
3402 1
3403 2
3404 1
3405 3
3406 5
3407 1
3409 4
3410 1
3411 3
3412 5
3413 6
3414 1
3415 2
3417 3
3418 2
3419 4
3420 6
3421 1
3422 3
3425 3
3426 4
3427 3
3428 1
3429 1
3430 3
3431 2
3433 1
3434 5
3435 2
3436 2
3437 1
3438 1
3439 2
3440 5
3441 2
3442 3
3443 4
3444 3
3446 3
3448 2
3449 2
3451 1
3452 1
3453 2
3454 3
3455 1
3456 6
3457 1
3458 1
3459 4
3460 1
3461 2
3462 1
3463 2
3466 2
3470 2
3471 1
3472 1
3474 1
3476 1
3478 3
3480 2
3481 3
3482 1
3483 2
3485 3
3487 2
3488 3
3489 1
3490 2
3491 3
3492 2
3493 1
3494 2
3496 1
3497 1
3498 1
3499 2
3501 1
3502 2
3503 1
3504 1
3506 1
3508 1
3509 1
3510 1
3511 2
3512 1
3514 1
3516 1
3517 2
3518 2
3522 1
3523 3
3526 1
3527 1
3529 2
3531 2
3534 1
3536 1
3537 2
3538 1
3539 6
3540 2
3541 3
3542 1
3543 1
3544 1
3546 1
3547 1
3549 1
3550 1
3551 2
3552 1
3553 1
3554 5
3555 1
3556 1
3557 2
3559 2
3560 1
3561 1
3563 1
3564 1
3565 1
3566 1
3567 2
3568 1
3570 2
3572 2
3574 1
3577 1
3580 1
3582 3
3584 2
3586 1
3588 1
3594 1
3597 2
3598 1
3599 1
3601 1
3605 3
3608 4
3609 2
3611 2
3614 3
3616 1
3617 2
3618 1
3619 1
3620 1
3621 1
3622 1
3624 1
3625 2
3626 1
3627 1
3630 1
3632 1
3636 1
3637 1
3638 2
3640 2
3641 1
3643 2
3646 2
3647 1
3650 2
3651 2
3652 3
3653 1
3655 1
3656 1
3657 1
3658 1
3662 4
3663 2
3664 2
3666 2
3667 2
3668 1
3669 1
3670 1
3671 3
3672 4
3673 2
3674 2
3675 4
3676 2
3677 2
3678 1
3679 1
3681 2
3682 3
3683 2
3684 1
3685 3
3686 1
3687 1
3688 1
3689 3
3690 4
3692 4
3693 4
3694 1
3695 1
3696 4
3697 4
3698 1
3700 2
3701 3
3702 3
3703 2
3704 3
3705 2
3706 1
3707 3
3708 2
3709 3
3711 3
3712 1
3716 1
3717 6
3718 2
3719 3
3720 3
3721 1
3722 4
3723 2
3724 6
3725 3
3726 5
3727 2
3728 2
3729 3
3730 1
3731 1
3732 3
3733 1
3734 2
3735 2
3736 4
3737 2
3738 2
3739 2
3740 1
3741 3
3742 3
3743 2
3744 1
3745 1
3746 1
3748 3
3749 1
3750 2
3753 1
3754 2
3755 1
3758 1
3759 3
3760 2
3762 3
3763 1
3764 1
3766 1
3767 3
3768 1
3769 1
3771 2
3773 2
3775 1
3776 1
3781 1
3783 1
3786 1
3800 1
3805 1
3808 1
3810 1
3834 1
3839 1
3858 1
3878 1
3945 1
3959 1
3973 1
3975 1
3991 1
4013 1
4030 1
4034 1
4039 1
4040 1
4047 2
4052 1
4056 1
4065 1
4073 1
4075 1
4088 2
4093 1
4110 1
4112 1
4123 1
4128 1
4132 1
4137 1
4142 1
4145 2
4147 1
4149 1
4150 1
4151 1
4152 3
4153 1
4157 1
4158 1
4159 2
4160 1
4162 1
4164 1
4165 1
4167 1
4168 1
4170 2
4171 1
4177 1
4180 1
4182 3
4186 2
4188 2
4189 2
4190 1
4191 1
4192 2
4193 2
4195 1
4196 3
4197 2
4198 2
4200 2
4201 2
4202 4
4203 2
4204 3
4205 4
4206 3
4207 3
4208 2
4210 2
4211 3
4212 1
4213 3
4214 2
4215 2
4217 1
4218 1
4220 2
4222 1
4224 1
4225 4
4226 4
4227 3
4228 2
4229 1
4230 2
4231 1
4232 1
4233 1
4234 6
4235 1
4236 3
4237 1
4238 4
4239 2
4240 2
4241 4
4242 3
4244 1
4246 1
4248 2
4249 2
4250 2
4251 5
4252 1
4253 3
4254 2
4255 1
4257 3
4258 1
4259 5
4260 5
4261 2
4262 2
4263 2
4264 2
4265 2
4267 4
4268 2
4269 1
4270 1
4272 3
4273 1
4274 2
4277 2
4281 2
4286 3
4287 2
4289 1
4293 1
4294 1
4295 1
4296 1
4302 1
4304 1
4308 1
4311 1
4312 1
4315 1
4319 1
4324 1
4326 1
4327 2
4334 1
4338 2
4340 1
4341 1
4343 1
4347 1
4349 1
4353 1
4354 1
4355 1
4357 1
4359 1
4376 1
4395 1
4464 1
4484 1
4522 1
4529 2
4530 2
4534 2
4535 1
4537 1
4540 1
4545 1
4550 1
4551 1
4552 1
4554 1
4556 1
4562 1
4564 1
4572 1
4575 1
4579 1
4591 1
4600 1
4607 2
4608 1
4612 1
4614 1
4617 2
4625 1
4626 1
4627 1
4628 1
4632 1
4633 2
4634 1
4636 2
4637 1
4639 3
4640 1
4641 1
4644 2
4645 1
4648 2
4650 1
4651 1
4652 1
4653 2
4655 1
4657 1
4659 2
4660 1
4664 2
4668 1
4671 1
4678 2
4679 1
4681 1
4683 2
4684 1
4687 1
4688 1
4690 1
4693 1
4694 1
4696 1
4697 2
4698 2
4700 1
4708 1
4714 1
4723 1
4745 1
4746 3
4748 2
4752 1
4753 1
4755 1
4757 1
4758 1
4759 2
4760 2
4761 1
4763 2
4764 3
4768 2
4769 1
4770 3
4771 1
4772 3
4773 3
4774 1
4775 1
4779 2
4780 2
4781 1
4782 3
4783 2
4784 2
4786 2
4787 1
4789 2
4790 1
4791 2
4792 8
4793 1
4794 2
4795 2
4796 1
4798 1
4799 2
4800 2
4801 2
4803 3
4804 1
4805 2
4806 1
4807 1
4808 1
4809 3
4810 1
4812 1
4813 2
4814 1
4815 1
4816 3
4818 3
4822 2
4824 3
4825 1
4826 3
4828 1
4829 1
4830 1
4834 1
4841 1
4845 1
4848 1
4849 1
4854 1
4858 2
4868 1
4895 1
4936 1
4954 1
5015 1
5049 1
5081 1
5097 1
5125 1
5126 1
5146 1
5147 1
5152 1
5153 1
5159 2
5161 3
5164 1
5165 1
5167 1
5169 1
5173 1
5174 2
5181 1
5182 2
5186 1
5197 1
5201 1
5202 2
5205 1
5206 3
5207 1
5209 1
5210 1
5211 4
5214 3
5215 3
5216 2
5218 1
5219 1
5220 1
5221 1
5223 2
5224 1
5226 1
5227 1
5228 1
5230 1
5231 1
5232 1
5233 3
5234 1
5236 2
5237 1
5238 1
5241 2
5242 4
5243 1
5244 1
5246 1
5247 1
5249 4
5250 1
5251 2
5252 1
5253 1
5255 2
5256 1
5257 1
5258 2
5259 2
5260 4
5261 3
5262 3
5263 6
5264 2
5265 5
5266 1
5267 1
5268 5
5269 3
5270 4
5271 3
5272 2
5273 4
5274 2
5276 1
5278 2
5279 1
5280 2
5281 2
5282 2
5283 3
5284 1
5285 2
5286 1
5287 1
5288 2
5289 2
5290 3
5291 1
5292 3
5293 1
5294 5
5295 2
5296 2
5297 2
5298 2
5299 1
5300 4
5301 3
5302 1
5304 2
5305 2
5307 1
5308 1
5309 1
5310 1
5312 3
5315 1
5316 1
5318 4
5319 1
5320 2
5321 1
5322 2
5323 2
5324 2
5325 1
5326 1
5327 2
5328 3
5329 2
5331 2
5332 2
5333 2
5334 5
5337 3
5338 2
5339 1
5341 1
5342 3
5343 3
5345 1
5346 1
5347 2
5348 1
5350 1
5351 1
5352 1
5353 3
5354 1
5355 2
5357 1
5358 1
5360 1
5364 1
5366 2
5367 2
5368 1
5369 1
5370 1
5371 1
5372 1
5374 1
5376 1
5380 1
5383 1
5385 1
5386 1
5387 1
5399 1
5405 1
5410 1
5411 1
5417 1
5427 1
5429 1
5436 1
5454 1
5460 1
5522 1
5536 1
5600 1
5610 1
5612 1
5616 1
5618 1
5624 1
5625 3
5627 1
5632 1
5635 1
5640 1
5651 1
5652 1
5653 1
5657 1
5658 1
5663 2
5667 1
5669 1
5671 1
5674 1
5676 2
5677 1
5681 1
5685 1
5687 1
5688 2
5690 1
5691 1
5692 1
5694 1
5695 3
5696 2
5697 1
5699 1
5701 1
5704 1
5706 1
5708 1
5709 2
5712 1
5715 1
5717 1
5719 1
5721 1
5723 1
5725 1
5727 1
5728 3
5729 1
5730 2
5731 3
5732 2
5733 3
5734 2
5736 3
5737 2
5738 1
5739 1
5741 1
5742 2
5745 2
5746 2
5748 1
5753 2
5755 1
5756 1
5758 1
5760 3
5762 2
5763 3
5765 1
5767 1
5768 2
5770 1
5771 3
5772 4
5773 1
5774 4
5775 3
5776 1
5777 2
5778 4
5780 1
5781 2
5782 2
5783 2
5785 1
5786 2
5787 2
5788 1
5789 2
5790 1
5791 1
5792 3
5793 2
5794 1
5795 2
5796 6
5797 1
5798 3
5799 4
5800 2
5801 4
5803 1
5804 4
5805 1
5806 1
5807 2
5808 5
5809 3
5810 3
5811 4
5812 2
5813 2
5814 2
5815 2
5816 2
5817 3
5818 3
5819 3
5820 2
5821 1
5822 2
5823 3
5824 3
5825 1
5826 7
5827 4
5829 5
5830 2
5831 4
5832 6
5833 4
5834 1
5835 4
5836 1
5838 3
5839 2
5841 3
5842 4
5843 8
5844 2
5845 3
5846 6
5847 5
5848 4
5849 1
5850 2
5851 4
5852 6
5853 4
5854 7
5855 3
5856 5
5857 1
5858 2
5859 2
5860 5
5861 4
5862 5
5863 1
5864 5
5865 7
5866 4
5867 7
5868 1
5869 2
5870 3
5871 5
5872 3
5874 1
5875 4
5876 3
5877 3
5878 6
5879 2
5880 5
5881 4
5882 5
5883 3
5884 2
5885 5
5886 1
5887 3
5888 4
5889 1
5890 1
5891 3
5892 4
5893 4
5894 3
5895 1
5896 3
5897 2
5899 2
5900 3
5902 2
5903 2
5905 2
5907 5
5908 1
5909 1
5911 1
5913 1
5915 2
5916 2
5917 1
5918 4
5921 3
5922 1
5924 1
5925 2
5929 1
5932 1
5936 1
5947 1
5949 1
5951 3
5952 1
5953 1
5955 1
5961 1
6021 2
6084 1
6120 1
6149 1
6200 1
6204 1
6208 1
6212 1
6214 1
6218 1
6220 1
6222 1
6239 1
6244 1
6248 1
6249 1
6250 1
6253 1
6266 1
6271 1
6277 3
6279 1
6283 1
6284 1
6289 1
6290 2
6292 2
6295 2
6296 2
6298 1
6299 1
6307 2
6308 1
6313 1
6314 1
6315 2
6316 1
6317 1
6318 1
6319 2
6320 1
6324 1
6328 1
6331 1
6336 1
6339 2
6342 1
6345 3
6346 4
6347 1
6348 1
6350 3
6352 1
6353 1
6354 1
6355 2
6356 3
6358 2
6359 3
6361 2
6363 1
6364 1
6365 1
6366 2
6367 2
6368 2
6369 2
6370 1
6371 2
6373 2
6374 1
6375 4
6376 3
6377 3
6379 1
6380 1
6381 1
6382 1
6383 2
6384 2
6385 1
6386 1
6388 1
6389 2
6390 2
6391 1
6393 1
6394 2
6395 2
6396 1
6397 3
6398 1
6399 3
6400 2
6401 2
6403 1
6404 1
6405 1
6406 4
6409 3
6410 2
6411 2
6412 1
6413 3
6414 1
6415 2
6416 1
6417 2
6418 3
6419 3
6421 2
6423 3
6424 2
6425 1
6426 1
6428 2
6429 2
6430 3
6431 2
6432 1
6434 1
6435 2
6437 3
6438 3
6439 3
6440 1
6444 1
6446 2
6447 1
6449 2
6451 2
6452 1
6453 2
6454 1
6456 2
6459 2
6461 2
6462 1
6463 1
6466 2
6467 1
6469 1
6470 1
6471 1
6473 2
6474 1
6478 1
6479 1
6480 1
6482 2
6485 1
6486 3
6487 1
6490 1
6509 1
6510 1
6522 1
6527 1
6531 1
6535 1
6538 1
6583 1
6587 1
6596 1
6597 1
6599 1
6609 2
6617 1
6621 1
6624 1
6640 2
6643 1
6671 1
6687 1
6714 1
6717 1
6718 1
6723 1
6725 1
6745 1
6747 1
6753 1
6756 1
6757 1
6758 1
6761 1
6762 1
6765 1
6766 1
6767 2
6768 1
6769 1
6770 2
6771 3
6773 4
6774 1
6775 2
6776 1
6777 1
6778 4
6779 2
6780 2
6781 2
6782 2
6783 1
6784 1
6785 1
6786 2
6787 2
6788 1
6789 1
6790 1
6791 1
6794 1
6795 2
6797 1
6798 3
6799 2
6800 1
6801 2
6802 1
6803 2
6805 1
6806 1
6807 1
6808 1
6809 2
6810 1
6812 1
6813 1
6814 2
6815 1
6816 1
6817 2
6819 1
6820 2
6821 1
6823 1
6824 1
6825 2
6829 1
6830 1
6831 1
6832 1
6838 2
6839 1
6846 1
6848 1
6849 1
6851 2
6852 1
6857 1
6858 2
6860 2
6861 3
6862 1
6863 1
6864 1
6865 1
6866 1
6867 1
6868 1
6869 1
6871 1
6872 1
6873 2
6875 1
6879 1
6880 2
6885 1
6887 3
6888 1
6889 1
6891 3
6892 2
6893 1
6894 1
6895 1
6897 1
6898 2
6899 2
6900 3
6901 1
6902 2
6903 1
6906 1
6907 2
6913 2
6914 3
6915 1
6916 2
6917 2
6918 2
6919 4
6920 1
6922 2
6924 2
6925 2
6927 4
6928 3
6929 1
6930 2
6932 1
6933 4
6934 5
6936 3
6937 3
6938 1
6939 3
6941 3
6942 4
6943 3
6944 2
6945 1
6946 1
6947 1
6948 1
6949 3
6951 1
6952 2
6953 1
6955 1
6956 3
6958 1
6960 1
6961 2
6962 2
6963 2
6964 2
6965 1
6967 1
6968 2
6969 3
6971 2
6972 1
6974 1
6977 2
6979 1
6981 1
6982 1
6983 2
6984 1
6987 1
6988 1
6989 1
6990 2
6991 3
6995 1
6997 1
7000 1
7001 1
7003 3
7004 3
7005 1
7006 1
7008 2
7009 1
7010 1
7011 1
7013 1
7014 1
7015 1
7016 3
7017 1
7018 1
7021 2
7023 1
7025 1
7029 1
7032 1
7033 2
7034 2
7035 1
7038 1
7049 1
7054 1
7055 1
7059 1
7062 1
7066 1
7067 2
7071 2
7072 1
7075 2
7077 1
7079 1
7086 1
7087 2
7090 1
7091 1
7095 1
7099 1
7100 1
7107 1
7108 1
7113 1
7116 1
7117 1
7118 2
7123 1
7124 1
7126 1
7129 1
7130 1
7132 1
7136 1
7137 1
7139 1
7140 1
7143 1
7144 1
7146 1
7147 1
7149 1
7152 1
7165 3
7167 1
7168 1
7172 1
7173 2
7174 1
7176 1
7182 1
7183 3
7185 1
7187 2
7189 2
7191 1
7192 1
7193 2
7197 1
7203 1
7208 1
7209 3
7211 1
7214 1
7215 1
7218 1
7221 3
7223 1
7224 1
7226 1
7227 1
7228 1
7233 1
7234 1
7235 1
7236 1
7238 2
7239 1
7243 1
7266 1
7268 1
7274 1
7280 1
7285 1
7303 1
7307 1
7310 2
7314 4
7316 1
7317 1
7318 1
7320 1
7324 1
7325 1
7328 1
7329 1
7330 1
7334 1
7340 3
7341 3
7344 1
7345 1
7347 1
7348 1
7351 1
7352 1
7353 3
7354 1
7355 3
7360 1
7361 3
7362 2
7364 1
7365 3
7367 1
7369 2
7370 1
7378 1
7383 2
7384 1
7385 1
7386 2
7387 1
7390 2
7391 3
7393 2
7394 1
7397 1
7398 1
7399 2
7401 2
7403 1
7406 1
7407 1
7409 1
7411 1
7412 1
7415 1
7417 1
7418 1
7419 1
7420 1
7421 1
7422 1
7426 1
7431 1
7432 1
7433 1
7436 1
7437 1
7438 1
7447 1
7449 1
7451 1
7452 2
7456 2
7462 1
7466 1
7467 1
7470 1
7474 3
7475 1
7476 1
7481 1
7484 1
7487 3
7488 1
7499 1
7501 1
7510 1
7512 1
7561 1
7562 1
7569 1
7570 1
7575 1
7581 1
7583 1
7584 2
7588 1
7589 1
7590 1
7597 1
7601 1
7664 1
7676 1
7678 1
7707 1
7796 1
7803 1
7811 1
7813 1
7814 2
7817 3
7818 1
7822 1
7823 1
7824 1
7827 1
7829 3
7830 1
7831 2
7832 3
7833 1
7834 1
7837 3
7841 1
7842 2
7845 1
7846 1
7851 1
7853 1
7855 1
7856 1
7857 2
7858 2
7859 1
7860 3
7865 2
7866 1
7869 2
7870 3
7871 2
7872 1
7876 2
7879 2
7881 2
7883 2
7884 3
7886 2
7889 2
7890 1
7891 4
7893 2
7894 3
7895 4
7896 2
7898 2
7899 2
7901 2
7902 1
7903 1
7904 1
7905 3
7906 2
7907 1
7908 2
7909 5
7910 3
7911 3
7912 1
7913 3
7914 3
7915 1
7916 1
7917 3
7918 2
7919 1
7920 5
7921 4
7922 3
7923 3
7924 3
7925 4
7926 2
7928 5
7929 4
7930 2
7931 2
7932 3
7933 2
7935 2
7936 3
7937 1
7938 1
7939 3
7940 2
7941 2
7942 2
7943 4
7944 3
7945 3
7946 3
7947 2
7948 1
7950 2
7951 1
7953 3
7954 1
7955 3
7956 1
7958 2
7959 3
7960 3
7962 2
7963 5
7964 4
7965 1
7966 1
7967 4
7968 4
7969 6
7970 5
7971 3
7972 1
7973 2
7974 4
7975 4
7976 3
7977 1
7978 2
7979 5
7980 6
7981 1
7982 2
7983 1
7984 4
7985 4
7986 1
7987 1
7988 4
7989 2
7990 1
7991 1
7992 2
7993 1
7994 4
7995 1
7996 2
7997 2
7998 3
8000 1
8003 1
8004 3
8005 3
8006 3
8010 1
8011 3
8012 1
8013 3
8014 2
8015 2
8024 1
8025 1
8026 1
8028 3
8031 1
8036 2
8039 1
8041 1
8043 1
8047 1
8049 1
8054 1
8055 1
8061 1
8063 1
8068 1
8073 2
8082 1
8083 2
8088 1
8089 1
8092 1
8095 2
8096 1
8101 1
8102 1
8103 1
8104 1
8105 2
8110 1
8115 1
8116 2
8117 2
8119 1
8120 1
8121 1
8123 2
8124 1
8125 1
8130 1
8132 2
8215 1
8239 1
8246 1
8256 1
8305 1
8329 1
8352 1
8357 1
8358 1
8359 1
8368 1
8384 1
8389 1
8390 1
8402 1
8404 1
8407 4
8409 1
8415 1
8417 1
8420 1
8421 2
8425 2
8427 1
8428 1
8430 1
8432 1
8436 1
8438 1
8444 2
8445 1
8446 1
8447 2
8448 2
8455 1
8457 1
8459 1
8467 1
8469 1
8472 1
8473 1
8479 1
8485 1
8487 1
8489 1
8490 2
8494 2
8495 1
8498 1
8499 1
8500 2
8501 3
8504 2
8507 2
8508 1
8509 1
8510 2
8512 3
8515 1
8521 2
8522 1
8523 1
8524 1
8528 1
8529 1
8531 1
8532 1
8536 1
8537 1
8538 1
8542 2
8544 1
8545 3
8547 1
8550 1
8551 1
8552 1
8553 1
8554 1
8555 1
8556 2
8558 1
8559 1
8560 4
8561 1
8562 1
8563 1
8567 1
8570 1
8575 1
8577 1
8579 2
8584 2
8592 1
8595 1
8622 1
8757 1
8806 1
8810 1
8815 1
8817 2
8818 1
8819 1
8825 1
8827 1
8828 1
8832 1
8833 1
8840 1
8847 1
8856 1
8861 1
8872 2
8874 1
8877 1
8878 1
8881 1
8882 1
8883 1
8886 2
8890 1
8893 3
8897 1
8899 1
8901 1
8903 1
8905 1
8908 1
8924 1
8935 1
8936 1
8938 1
8941 1
8947 2
8950 1
8951 1
8952 2
8954 1
8958 1
8961 1
8962 2
8963 1
8964 2
8965 1
8967 2
8968 3
8969 3
8972 2
8973 1
8976 3
8978 2
8979 1
8980 1
8981 1
8982 1
8983 1
8984 1
8985 2
8986 1
8987 2
8989 3
8992 3
8993 1
8994 1
8996 1
8997 1
8998 2
8999 1
9000 1
9001 2
9003 3
9005 1
9007 3
9008 2
9009 7
9010 3
9011 1
9012 4
9013 2
9014 1
9015 1
9016 5
9017 3
9018 5
9019 4
9020 1
9021 4
9022 2
9025 1
9026 1
9027 3
9030 1
9032 1
9033 1
9034 2
9035 1
9036 5
9037 4
9039 2
9040 1
9041 1
9042 2
9043 4
9044 3
9045 3
9046 2
9047 1
9048 3
9049 1
9050 2
9051 2
9052 2
9053 2
9054 1
9056 3
9057 1
9059 1
9060 1
9066 1
9069 3
9074 2
9075 1
9076 1
9079 1
9082 1
9085 1
9091 1
9092 1
9097 2
9114 1
9116 1
9123 1
9383 1
9396 1
9397 1
9399 1
9405 1
9411 1
9413 1
9416 1
9426 2
9432 1
9439 2
9440 2
9441 1
9447 1
9448 2
9450 1
9452 2
9453 1
9454 1
9456 2
9458 1
9460 2
9461 1
9462 1
9465 1
9466 5
9467 1
9468 2
9469 2
9470 1
9471 3
9472 2
9474 2
9475 2
9477 2
9479 2
9480 2
9481 1
9482 2
9483 3
9484 1
9486 1
9488 2
9489 1
9494 1
9496 1
9497 2
9498 1
9499 1
9501 1
9503 1
9508 1
9509 2
9510 1
9513 3
9514 1
9515 2
9517 1
9518 1
9522 1
9523 3
9524 1
9525 2
9526 1
9529 4
9531 1
9532 2
9533 1
9534 1
9535 2
9536 1
9539 1
9540 1
9541 4
9542 1
9551 1
9552 1
9555 1
9646 1
9647 1
10001 93
