1 23375038
2 14658620
3 9392657
4 6718486
5 5320279
6 4553409
7 4104748
8 3756656
9 3399449
10 3004062
11 2578036
12 2153340
13 1758203
14 1401865
15 1093163
16 841691
17 637799
18 491343
19 388916
20 330235
21 304944
22 309887
23 332146
24 366803
25 405037
26 440346
27 466338
28 476956
29 477166
30 460394
31 433379
32 394582
33 350067
34 301787
35 253459
36 208648
37 164598
38 133108
39 103609
40 83534
41 68524
42 59373
43 54892
44 52901
45 54497
46 58618
47 64458
48 71764
49 78941
50 86534
51 93072
52 97614
53 102004
54 104412
55 104475
56 102423
57 99583
58 94575
59 88462
60 82355
61 74144
62 66471
63 58200
64 50778
65 44040
66 37839
67 32243
68 27329
69 23775
70 21152
71 20050
72 19992
73 21120
74 23509
75 27233
76 32543
77 39073
78 47314
79 56558
80 68074
81 80817
82 93953
83 108502
84 124665
85 141360
86 159827
87 176500
88 196088
89 214023
90 230936
91 246885
92 261619
93 274790
94 283399
95 292095
96 298247
97 300675
98 301437
99 298291
100 294750
101 286878
102 276243
103 265741
104 251802
105 236459
106 219926
107 203902
108 186945
109 171547
110 155026
111 138477
112 122969
113 109125
114 97060
115 83979
116 72936
117 61627
118 52509
119 44803
120 37363
121 31147
122 26307
123 21203
124 16986
125 13929
126 11482
127 9053
128 7395
129 5978
130 5003
131 4445
132 3831
133 3441
134 3235
135 3087
136 3163
137 3171
138 3311
139 3506
140 3671
141 3858
142 4197
143 4565
144 4665
145 4996
146 5367
147 5431
148 5632
149 5912
150 6117
151 6358
152 6516
153 6669
154 6906
155 6765
156 6556
157 6502
158 6609
159 6369
160 6207
161 5992
162 5806
163 5605
164 5424
165 5237
166 4962
167 4520
168 4276
169 3890
170 3627
171 3282
172 3048
173 2871
174 2498
175 2355
176 2185
177 1850
178 1774
179 1747
180 1596
181 1487
182 1517
183 1412
184 1412
185 1267
186 1192
187 1157
188 1148
189 1198
190 1098
191 1199
192 1167
193 1284
194 1192
195 1277
196 1230
197 1217
198 1234
199 1103
200 1176
201 1214
202 1202
203 1099
204 1211
205 1119
206 1067
207 997
208 1033
209 954
210 936
211 879
212 830
213 853
214 758
215 714
216 705
217 634
218 597
219 586
220 575
221 498
222 477
223 407
224 373
225 352
226 329
227 307
228 287
229 260
230 237
231 181
232 214
233 190
234 190
235 142
236 152
237 130
238 126
239 122
240 131
241 104
242 99
243 91
244 98
245 93
246 94
247 77
248 102
249 75
250 80
251 93
252 101
253 79
254 78
255 67
256 68
257 71
258 84
259 82
260 88
261 104
262 103
263 113
264 111
265 107
266 107
267 108
268 115
269 134
270 138
271 122
272 150
273 177
274 167
275 173
276 157
277 160
278 172
279 153
280 169
281 180
282 165
283 175
284 169
285 179
286 187
287 208
288 223
289 223
290 216
291 247
292 219
293 210
294 244
295 235
296 259
297 270
298 273
299 212
300 208
301 225
302 234
303 209
304 213
305 225
306 225
307 210
308 226
309 215
310 223
311 199
312 191
313 180
314 175
315 180
316 160
317 163
318 193
319 165
320 163
321 149
322 159
323 154
324 166
325 145
326 166
327 156
328 153
329 136
330 140
331 160
332 162
333 137
334 139
335 144
336 118
337 121
338 149
339 107
340 129
341 110
342 95
343 97
344 91
345 74
346 75
347 77
348 69
349 74
350 75
351 78
352 65
353 57
354 68
355 58
356 62
357 58
358 67
359 70
360 82
361 84
362 88
363 89
364 66
365 75
366 77
367 75
368 72
369 67
370 78
371 82
372 91
373 89
374 102
375 105
376 103
377 100
378 99
379 111
380 97
381 113
382 109
383 126
384 146
385 122
386 147
387 137
388 173
389 149
390 148
391 141
392 140
393 124
394 125
395 130
396 142
397 120
398 141
399 133
400 158
401 161
402 140
403 147
404 152
405 163
406 156
407 137
408 144
409 144
410 148
411 142
412 127
413 140
414 129
415 127
416 133
417 113
418 130
419 126
420 108
421 113
422 92
423 112
424 107
425 88
426 107
427 86
428 71
429 57
430 77
431 70
432 76
433 69
434 58
435 60
436 77
437 45
438 64
439 61
440 54
441 70
442 53
443 49
444 56
445 42
446 38
447 37
448 32
449 37
450 54
451 30
452 27
453 36
454 38
455 42
456 29
457 23
458 31
459 38
460 35
461 39
462 38
463 38
464 32
465 23
466 29
467 28
468 28
469 23
470 35
471 29
472 32
473 33
474 34
475 28
476 43
477 40
478 39
479 40
480 43
481 37
482 49
483 48
484 44
485 42
486 51
487 46
488 50
489 37
490 45
491 38
492 44
493 37
494 33
495 35
496 48
497 40
498 39
499 49
500 40
501 41
502 55
503 45
504 39
505 52
506 52
507 53
508 41
509 41
510 36
511 48
512 45
513 62
514 45
515 34
516 50
517 44
518 44
519 45
520 49
521 42
522 60
523 55
524 41
525 47
526 43
527 38
528 31
529 40
530 30
531 23
532 26
533 29
534 22
535 31
536 35
537 25
538 32
539 22
540 29
541 17
542 28
543 17
544 24
545 22
546 23
547 15
548 20
549 19
550 28
551 17
552 20
553 26
554 28
555 22
556 20
557 16
558 26
559 28
560 22
561 33
562 25
563 19
564 26
565 37
566 35
567 24
568 22
569 29
570 34
571 34
572 29
573 25
574 28
575 26
576 32
577 35
578 25
579 29
580 38
581 39
582 26
583 25
584 18
585 19
586 27
587 27
588 27
589 29
590 30
591 28
592 37
593 43
594 43
595 44
596 50
597 59
598 39
599 71
600 91
601 85
602 92
603 109
604 129
605 153
606 143
607 152
608 161
609 176
610 196
611 211
612 236
613 256
614 303
615 313
616 400
617 424
618 453
619 536
620 614
621 674
622 760
623 877
624 878
625 968
626 1113
627 1205
628 1443
629 1565
630 1705
631 1901
632 1993
633 2269
634 2493
635 2638
636 2771
637 3256
638 3557
639 3716
640 4073
641 4377
642 4714
643 5162
644 5601
645 6030
646 6375
647 6784
648 7300
649 7824
650 8265
651 8856
652 9395
653 10254
654 10638
655 11336
656 11926
657 12469
658 13396
659 14028
660 14671
661 15278
662 16048
663 16753
664 17566
665 18374
666 19485
667 19903
668 21202
669 21854
670 22630
671 23333
672 24029
673 24746
674 25436
675 26176
676 26826
677 27400
678 27954
679 28791
680 29157
681 29973
682 30696
683 30959
684 31610
685 32299
686 32384
687 32719
688 33097
689 33389
690 33617
691 33929
692 33590
693 34032
694 33833
695 33982
696 33665
697 33410
698 33539
699 33169
700 32820
701 32283
702 32025
703 31410
704 31032
705 30698
706 29882
707 29182
708 28934
709 28480
710 27716
711 27016
712 26544
713 25401
714 24931
715 23878
716 23106
717 22645
718 21973
719 20886
720 20243
721 19498
722 18910
723 18048
724 17141
725 16581
726 16087
727 14993
728 14381
729 13693
730 13026
731 12218
732 11612
733 11103
734 10545
735 9839
736 9423
737 8682
738 8229
739 7672
740 7002
741 6695
742 6198
743 5793
744 5382
745 5028
746 4620
747 4387
748 4079
749 3843
750 3488
751 3224
752 2999
753 2763
754 2644
755 2509
756 2256
757 2061
758 1963
759 1762
760 1652
761 1470
762 1406
763 1218
764 1117
765 1035
766 1002
767 899
768 813
769 752
770 723
771 611
772 545
773 488
774 460
775 420
776 378
777 362
778 312
779 293
780 274
781 241
782 226
783 188
784 196
785 156
786 138
787 116
788 132
789 123
790 141
791 106
792 110
793 102
794 101
795 82
796 83
797 90
798 99
799 75
800 77
801 59
802 56
803 77
804 52
805 54
806 50
807 59
808 58
809 55
810 51
811 56
812 53
813 44
814 47
815 44
816 45
817 32
818 44
819 32
820 45
821 38
822 37
823 37
824 29
825 34
826 37
827 31
828 25
829 26
830 34
831 33
832 33
833 14
834 21
835 19
836 28
837 21
838 15
839 21
840 14
841 18
842 17
843 18
844 21
845 20
846 19
847 17
848 20
849 22
850 11
851 21
852 18
853 10
854 11
855 10
856 8
857 10
858 11
859 15
860 10
861 8
862 4
863 5
864 6
865 9
866 4
867 7
868 2
869 4
870 5
871 10
872 4
873 7
874 5
875 6
876 11
877 7
878 14
879 10
880 7
881 6
882 6
883 17
884 12
885 12
886 14
887 17
888 14
889 10
890 14
891 13
892 11
893 11
894 9
895 10
896 9
897 10
898 8
899 8
900 9
901 5
902 11
903 13
904 9
905 10
906 11
907 5
908 6
909 3
910 4
911 8
912 10
913 3
914 3
915 8
916 6
917 9
918 3
919 9
920 9
921 9
922 8
923 8
924 5
925 2
926 4
927 2
928 6
929 7
930 4
931 3
932 7
933 3
934 9
935 5
936 4
937 7
938 4
939 11
940 7
941 3
942 5
943 4
944 6
945 3
946 4
947 3
948 1
949 3
950 3
951 8
952 4
953 4
954 8
955 5
956 6
957 6
958 5
959 5
960 1
961 8
962 2
963 3
964 8
965 5
966 6
967 2
968 2
969 5
970 3
971 5
972 3
973 2
974 1
976 1
977 1
978 3
979 1
980 5
981 5
982 2
983 3
984 1
985 3
986 2
987 5
988 5
989 6
990 9
991 5
992 5
993 3
994 8
995 5
996 3
997 2
998 4
999 2
1000 5
1001 6
1002 4
1003 8
1004 5
1005 4
1006 6
1007 7
1008 5
1009 6
1010 9
1011 6
1012 9
1013 4
1014 8
1015 5
1016 8
1017 8
1018 7
1019 8
1020 4
1021 8
1022 8
1023 1
1024 2
1025 6
1026 4
1027 3
1028 3
1029 3
1030 1
1032 1
1033 3
1034 3
1035 2
1036 2
1037 3
1038 3
1039 4
1040 1
1041 1
1042 3
1043 5
1044 4
1045 2
1046 2
1047 1
1048 3
1049 1
1050 4
1051 1
1052 2
1053 4
1054 1
1055 2
1056 3
1057 3
1058 5
1059 9
1060 1
1061 1
1062 5
1063 7
1064 1
1065 2
1066 4
1067 1
1068 3
1069 2
1070 3
1071 5
1073 3
1074 3
1075 1
1076 2
1077 1
1078 3
1079 3
1080 3
1081 3
1082 4
1083 8
1084 7
1085 9
1086 2
1087 5
1088 6
1089 8
1090 5
1091 9
1092 7
1093 2
1094 5
1095 2
1096 4
1097 4
1098 4
1099 2
1100 1
1101 5
1102 2
1103 1
1104 3
1105 2
1106 1
1107 1
1108 3
1109 2
1110 4
1111 2
1112 2
1113 3
1115 4
1116 5
1117 2
1118 3
1119 1
1120 5
1121 2
1122 2
1123 4
1125 3
1127 1
1128 5
1129 2
1130 1
1131 4
1132 4
1133 1
1134 4
1135 2
1136 5
1137 4
1138 4
1139 8
1140 4
1141 6
1142 3
1143 3
1144 2
1145 3
1146 4
1147 5
1148 2
1149 3
1150 2
1151 3
1152 5
1153 1
1154 5
1155 2
1156 2
1157 4
1158 2
1159 1
1161 1
1162 1
1163 3
1165 3
1166 1
1167 3
1169 3
1170 1
1172 4
1173 1
1174 1
1176 7
1177 5
1178 4
1179 5
1180 8
1181 3
1182 2
1183 3
1184 1
1185 1
1186 2
1187 5
1188 8
1189 3
1190 2
1191 2
1192 2
1193 1
1194 2
1195 4
1196 4
1197 1
1198 3
1199 2
1200 1
1201 3
1202 1
1203 2
1204 1
1207 1
1208 1
1212 1
1216 2
1217 1
1218 1
1222 1
1224 1
1225 1
1227 1
1228 1
1229 2
1230 1
1231 1
1232 3
1233 1
1235 4
1237 3
1238 2
1239 2
1240 2
1241 1
1242 1
1244 1
1245 1
1246 1
1247 2
1248 2
1249 2
1251 1
1252 2
1253 2
1254 1
1255 2
1256 1
1257 2
1258 1
1263 1
1268 1
1270 1
1273 1
1275 1
1282 2
1283 2
1284 1
1286 2
1287 2
1288 2
1289 3
1290 1
1292 3
1293 3
1294 2
1295 2
1296 3
1297 3
1298 4
1299 7
1300 4
1301 3
1302 3
1303 9
1304 2
1305 5
1306 6
1307 5
1308 7
1309 8
1310 13
1311 9
1312 10
1313 10
1314 11
1315 11
1316 17
1317 7
1318 6
1319 12
1320 18
1321 17
1322 19
1323 12
1324 11
1325 13
1326 18
1327 18
1328 15
1329 9
1330 15
1331 18
1332 23
1333 21
1334 14
1335 16
1336 13
1337 13
1338 21
1339 17
1340 16
1341 15
1342 24
1343 19
1344 27
1345 22
1346 37
1347 26
1348 44
1349 35
1350 26
1351 34
1352 41
1353 35
1354 34
1355 29
1356 40
1357 46
1358 37
1359 43
1360 44
1361 49
1362 42
1363 34
1364 48
1365 44
1366 56
1367 55
1368 57
1369 51
1370 46
1371 53
1372 37
1373 39
1374 47
1375 39
1376 46
1377 50
1378 55
1379 61
1380 47
1381 41
1382 62
1383 60
1384 71
1385 58
1386 60
1387 53
1388 59
1389 66
1390 69
1391 64
1392 55
1393 54
1394 51
1395 46
1396 53
1397 56
1398 52
1399 43
1400 40
1401 42
1402 46
1403 37
1404 34
1405 37
1406 38
1407 51
1408 47
1409 52
1410 50
1411 42
1412 54
1413 43
1414 50
1415 37
1416 36
1417 50
1418 42
1419 33
1420 35
1421 35
1422 35
1423 40
1424 28
1425 36
1426 34
1427 40
1428 45
1429 30
1430 34
1431 27
1432 27
1433 23
1434 22
1435 17
1436 17
1437 25
1438 32
1439 27
1440 27
1441 18
1442 24
1443 19
1444 20
1445 28
1446 32
1447 18
1448 31
1449 21
1450 15
1451 15
1452 15
1453 16
1454 11
1455 14
1456 11
1457 12
1458 14
1459 11
1460 13
1461 10
1462 7
1463 9
1464 10
1465 7
1466 6
1467 7
1468 3
1469 9
1470 6
1471 7
1472 6
1473 6
1474 6
1475 3
1476 2
1477 6
1478 7
1479 6
1480 5
1481 8
1482 2
1483 7
1484 7
1485 5
1486 7
1487 4
1488 4
1489 9
1490 6
1491 4
1492 1
1493 2
1494 2
1495 4
1497 2
1498 1
1499 1
1500 1
1501 4
1502 2
1503 1
1504 1
1506 3
1507 1
1508 2
1509 2
1510 2
1512 6
1513 2
1514 1
1516 1
1518 2
1519 3
1520 1
1521 1
1522 2
1523 2
1526 2
1527 1
1530 1
1531 3
1537 1
1538 1
1542 1
1544 1
1547 1
1552 1
1553 1
1554 1
1555 1
1556 1
1557 1
1558 1
1559 1
1560 3
1561 1
1562 3
1565 2
1566 1
1568 2
1569 2
1570 2
1572 2
1574 1
1575 1
1576 1
1577 1
1578 2
1580 1
1583 3
1586 2
1588 3
1589 1
1591 2
1592 2
1593 1
1594 2
1597 2
1603 1
1605 2
1610 1
1616 1
1622 1
1632 1
1634 4
1635 1
1636 1
1637 1
1638 2
1639 2
1640 1
1641 1
1642 6
1644 1
1645 2
1646 2
1647 2
1648 4
1649 1
1650 2
1651 3
1652 3
1653 3
1654 1
1655 3
1656 4
1658 2
1659 2
1660 5
1661 2
1662 2
1663 1
1664 3
1665 2
1667 1
1668 1
1669 2
1670 2
1671 5
1672 2
1673 3
1674 1
1675 5
1676 3
1677 2
1678 1
1679 1
1680 3
1681 3
1682 2
1683 3
1686 2
1687 2
1688 3
1691 4
1692 2
1694 2
1695 2
1696 1
1697 3
1699 1
1700 1
1702 1
1703 3
1704 1
1707 2
1708 2
1709 2
1710 1
1712 1
1713 2
1714 1
1715 2
1717 2
1719 2
1725 1
1730 1
1732 2
1733 1
1737 1
1738 1
1739 1
1741 1
1742 2
1743 1
1744 3
1747 2
1750 3
1751 2
1752 2
1753 3
1754 3
1755 1
1757 2
1758 1
1759 2
1761 1
1762 3
1763 1
1764 1
1765 1
1767 1
1768 2
1769 1
1770 5
1771 2
1772 1
1773 6
1774 1
1775 2
1776 1
1777 1
1778 2
1779 1
1780 5
1781 3
1782 5
1783 2
1785 1
1786 1
1787 2
1788 1
1791 2
1793 1
1795 1
1800 1
1803 1
1804 1
1808 2
1810 2
1811 1
1813 4
1814 1
1815 1
1817 1
1819 1
1821 2
1822 3
1823 2
1824 2
1825 1
1826 2
1827 1
1829 1
1830 1
1831 3
1835 1
1836 3
1837 1
1838 2
1843 1
1845 4
1847 1
1851 1
1852 1
1854 3
1859 3
1860 3
1861 1
1862 1
1863 1
1864 1
1865 1
1874 1
1879 1
1881 1
1885 3
1886 1
1887 2
1888 1
1891 2
1892 2
1895 1
1896 1
1897 1
1902 1
1909 1
1910 1
1913 1
1916 1
1919 3
1921 1
1927 1
1928 2
1929 1
1931 1
1936 5
1941 1
1945 3
1949 2
1985 1
1986 1
1988 3
1989 1
1990 1
1991 2
1993 1
1994 1
1995 2
1996 1
1998 2
1999 2
2000 1
2002 1
2003 1
2005 2
2006 2
2007 1
2008 2
2009 2
2010 1
2011 2
2012 1
2013 1
2014 2
2015 1
2016 1
2017 3
2018 2
2020 2
2021 1
2023 3
2024 2
2025 1
2026 2
2027 3
2028 1
2029 3
2030 1
2031 5
2032 1
2033 4
2034 6
2035 5
2036 4
2037 2
2038 1
2039 3
2040 2
2041 2
2042 1
2043 4
2044 4
2045 2
2046 4
2047 4
2048 1
2049 2
2050 1
2052 5
2053 1
2054 2
2055 2
2056 3
2057 3
2058 6
2059 3
2060 8
2062 4
2063 1
2064 3
2065 1
2066 1
2067 7
2068 1
2069 3
2070 1
2071 2
2072 2
2073 2
2074 1
2076 1
2077 1
2078 1
2081 2
2082 3
2083 2
2084 2
2085 1
2086 1
2087 1
2088 1
2089 3
2090 2
2091 3
2092 4
2093 2
2094 4
2095 4
2096 3
2097 3
2098 2
2099 3
2100 4
2101 4
2102 3
2103 1
2104 2
2105 2
2106 4
2108 4
2109 3
2110 1
2111 2
2112 2
2113 3
2114 1
2115 5
2116 1
2117 3
2118 4
2119 3
2120 1
2121 2
2122 2
2123 1
2124 5
2127 4
2128 1
2129 2
2130 1
2132 1
2134 1
2137 1
2138 1
2141 1
2142 1
2145 1
2151 1
2152 2
2156 1
2165 1
2184 2
2190 1
2191 1
2202 1
2212 1
2217 1
2224 1
2226 3
2227 1
2228 2
2235 1
2237 1
2240 2
2241 1
2242 4
2244 2
2245 1
2246 1
2247 1
2250 2
2252 1
2253 2
2254 2
2258 1
2259 1
2260 2
2261 1
2264 1
2265 2
2266 1
2274 2
2275 1
2277 1
2280 2
2282 1
2284 1
2287 1
2288 2
2293 3
2294 1
2295 2
2296 1
2300 1
2306 1
2308 1
2313 2
2315 2
2316 2
2317 1
2319 2
2320 2
2321 1
2324 1
2325 1
2327 2
2328 2
2329 1
2332 1
2333 1
2335 1
2336 2
2337 2
2338 3
2339 1
2340 1
2342 1
2343 1
2344 1
2345 3
2346 3
2347 6
2348 1
2350 4
2351 3
2352 1
2353 2
2354 2
2355 1
2356 1
2358 2
2362 1
2363 2
2365 1
2367 1
2369 1
2373 1
2374 1
2376 1
2379 1
2382 1
2383 2
2385 1
2387 1
2391 1
2660 1
2678 1
2682 1
2687 1
2694 1
2697 1
2698 1
2704 1
2705 1
2712 1
2718 2
2725 1
2731 1
2732 1
2733 1
2734 1
2746 1
2754 1
2772 1
2773 1
2777 1
2779 1
2780 1
2781 2
2782 1
2783 1
2784 1
2785 1
2786 3
2789 3
2791 2
2799 2
2800 1
2801 1
2802 1
2805 1
2806 2
2811 1
2812 1
2814 2
2815 2
2816 1
2819 1
2820 1
2823 1
2824 1
2828 1
2829 1
2830 1
2832 1
2837 2
2838 1
2847 1
2850 1
2855 2
2863 1
2866 2
2874 1
2880 1
2884 1
2972 1
2979 1
2985 1
3386 1
3390 1
3400 1
3403 1
3406 2
3408 1
3412 1
3415 1
3429 1
3432 1
3434 1
3439 1
3442 1
3444 1
3447 2
3450 1
3455 1
3460 1
3462 2
3463 1
3466 1
3477 1
3490 2
3496 1
3535 2
4098 1
4109 1
4110 2
4113 2
4137 1
4197 1
4203 1
4218 1
4243 1
4328 1
4333 1
4413 1
4420 1
4421 1
4423 1
4431 1
4433 1
4438 1
4444 1
4447 1
4448 1
4452 1
4454 2
4456 1
4457 1
4458 1
4460 1
4463 1
4465 1
4476 1
4477 1
4478 2
4479 1
4484 1
4488 1
4882 1
4890 1
4892 1
4923 1
4959 1
5534 1
5571 1
5588 1
6268 1
6393 1
6902 1
6920 1
8775 2
8800 1
8818 1
8823 1
8824 1
8825 1
8827 1
8828 1
8851 1
