1 22197967
2 14836507
3 9678733
4 6798590
5 5257189
6 4343609
7 3818468
8 3529197
9 3323897
10 3129412
11 2885785
12 2595449
13 2281222
14 1953739
15 1646893
16 1364096
17 1116896
18 901298
19 716337
20 557238
21 430167
22 335458
23 269134
24 228402
25 212369
26 214843
27 234797
28 263567
29 296836
30 335901
31 371074
32 400506
33 422904
34 434442
35 433178
36 422142
37 400860
38 369369
39 333001
40 294474
41 254925
42 212890
43 174728
44 141251
45 111881
46 88599
47 69536
48 55578
49 44450
50 37575
51 33466
52 32670
53 33947
54 36842
55 41344
56 46596
57 52874
58 59174
59 66328
60 73079
61 79096
62 84941
63 88264
64 92267
65 94337
66 94331
67 93477
68 91347
69 88069
70 83342
71 78904
72 73053
73 66803
74 59972
75 53679
76 47226
77 41312
78 35702
79 29944
80 25497
81 21775
82 17976
83 15080
84 13135
85 11527
86 10669
87 10557
88 10684
89 11997
90 13900
91 16404
92 19380
93 23584
94 28814
95 34527
96 42100
97 49902
98 59208
99 69405
100 80333
101 92148
102 105530
103 118897
104 132759
105 147905
106 161786
107 175703
108 190067
109 203510
110 217979
111 229493
112 239394
113 248797
114 256953
115 264083
116 268330
117 271115
118 271808
119 270643
120 266959
121 262112
122 253877
123 245277
124 235896
125 223135
126 212350
127 199490
128 185901
129 173740
130 159605
131 146054
132 133877
133 120481
134 108021
135 96497
136 85962
137 75025
138 66041
139 56902
140 49478
141 42397
142 36535
143 31096
144 25872
145 21289
146 18061
147 14743
148 12279
149 10113
150 8313
151 6837
152 5530
153 4376
154 3726
155 3141
156 2576
157 2200
158 1987
159 1794
160 1748
161 1578
162 1651
163 1681
164 1798
165 1859
166 1965
167 2205
168 2427
169 2793
170 2851
171 3232
172 3559
173 3827
174 4114
175 4392
176 4553
177 4864
178 4965
179 5251
180 5374
181 5599
182 5811
183 6071
184 6079
185 6062
186 6180
187 6082
188 6018
189 6176
190 5936
191 5965
192 5617
193 5455
194 5260
195 5133
196 4838
197 4666
198 4314
199 4084
200 3857
201 3579
202 3358
203 3171
204 2994
205 2876
206 2738
207 2440
208 2302
209 2090
210 1956
211 1731
212 1564
213 1519
214 1458
215 1314
216 1249
217 1221
218 1146
219 1113
220 1113
221 1093
222 1067
223 988
224 1019
225 1001
226 1010
227 1033
228 1023
229 1114
230 1023
231 1041
232 1017
233 1016
234 998
235 1042
236 1003
237 1034
238 970
239 1038
240 1041
241 1035
242 994
243 1048
244 1045
245 970
246 980
247 926
248 917
249 874
250 896
251 906
252 815
253 881
254 782
255 711
256 729
257 695
258 635
259 569
260 524
261 577
262 493
263 479
264 437
265 433
266 369
267 354
268 324
269 275
270 294
271 264
272 227
273 237
274 212
275 180
276 191
277 166
278 158
279 151
280 149
281 126
282 126
283 123
284 105
285 102
286 98
287 101
288 81
289 74
290 83
291 58
292 62
293 55
294 57
295 66
296 66
297 70
298 92
299 73
300 59
301 68
302 69
303 64
304 49
305 51
306 62
307 63
308 58
309 75
310 57
311 52
312 59
313 62
314 67
315 76
316 83
317 64
318 92
319 78
320 93
321 103
322 110
323 117
324 114
325 114
326 133
327 109
328 115
329 112
330 129
331 107
332 116
333 131
334 145
335 130
336 152
337 128
338 156
339 164
340 179
341 162
342 175
343 174
344 200
345 164
346 184
347 201
348 187
349 186
350 203
351 197
352 224
353 199
354 189
355 196
356 201
357 193
358 218
359 210
360 216
361 197
362 200
363 189
364 203
365 214
366 187
367 202
368 188
369 192
370 194
371 163
372 179
373 159
374 175
375 184
376 164
377 139
378 157
379 159
380 178
381 138
382 154
383 138
384 131
385 135
386 135
387 134
388 133
389 104
390 89
391 100
392 97
393 108
394 109
395 87
396 108
397 97
398 82
399 90
400 70
401 83
402 70
403 68
404 67
405 61
406 77
407 65
408 61
409 60
410 79
411 71
412 72
413 53
414 77
415 44
416 57
417 74
418 58
419 70
420 67
421 81
422 72
423 73
424 63
425 79
426 69
427 76
428 83
429 72
430 86
431 85
432 83
433 74
434 73
435 72
436 78
437 68
438 67
439 59
440 75
441 68
442 43
443 63
444 64
445 68
446 62
447 81
448 75
449 86
450 85
451 94
452 99
453 99
454 100
455 102
456 80
457 91
458 92
459 105
460 82
461 80
462 83
463 77
464 100
465 77
466 112
467 84
468 100
469 101
470 103
471 100
472 105
473 105
474 99
475 98
476 105
477 91
478 99
479 93
480 108
481 90
482 114
483 120
484 140
485 139
486 119
487 113
488 125
489 138
490 123
491 123
492 121
493 120
494 119
495 120
496 121
497 106
498 129
499 149
500 121
501 124
502 136
503 136
504 111
505 111
506 117
507 119
508 103
509 100
510 94
511 100
512 94
513 90
514 97
515 74
516 70
517 71
518 76
519 73
520 84
521 64
522 80
523 66
524 52
525 57
526 51
527 44
528 44
529 43
530 34
531 43
532 43
533 47
534 47
535 40
536 39
537 34
538 41
539 30
540 38
541 29
542 39
543 37
544 30
545 29
546 30
547 17
548 19
549 26
550 16
551 18
552 22
553 16
554 19
555 26
556 17
557 20
558 24
559 22
560 27
561 26
562 30
563 25
564 35
565 24
566 37
567 40
568 39
569 38
570 37
571 40
572 42
573 35
574 40
575 32
576 28
577 38
578 32
579 25
580 35
581 30
582 25
583 31
584 27
585 29
586 33
587 31
588 40
589 38
590 30
591 27
592 30
593 37
594 40
595 39
596 34
597 39
598 31
599 40
600 40
601 38
602 44
603 43
604 39
605 24
606 43
607 41
608 26
609 33
610 37
611 40
612 32
613 35
614 28
615 37
616 32
617 35
618 52
619 42
620 38
621 32
622 34
623 46
624 30
625 43
626 38
627 49
628 31
629 43
630 35
631 46
632 35
633 27
634 31
635 24
636 29
637 30
638 34
639 23
640 27
641 24
642 18
643 36
644 26
645 27
646 26
647 29
648 31
649 42
650 33
651 28
652 26
653 25
654 24
655 16
656 28
657 27
658 23
659 33
660 23
661 15
662 19
663 26
664 23
665 16
666 31
667 29
668 23
669 25
670 44
671 26
672 20
673 19
674 26
675 30
676 21
677 21
678 35
679 36
680 33
681 27
682 25
683 24
684 19
685 16
686 16
687 12
688 11
689 19
690 17
691 8
692 12
693 9
694 13
695 12
696 9
697 12
698 8
699 9
700 7
701 8
702 12
703 7
704 7
705 12
706 18
707 9
708 18
709 17
710 10
711 16
712 15
713 20
714 11
715 11
716 14
717 16
718 13
719 26
720 21
721 36
722 26
723 30
724 36
725 26
726 30
727 34
728 34
729 55
730 53
731 40
732 47
733 65
734 64
735 71
736 70
737 76
738 89
739 96
740 104
741 102
742 129
743 157
744 180
745 187
746 200
747 243
748 275
749 319
750 360
751 343
752 391
753 442
754 493
755 533
756 566
757 695
758 786
759 784
760 864
761 953
762 1033
763 1170
764 1336
765 1425
766 1523
767 1647
768 1792
769 1925
770 2099
771 2350
772 2421
773 2593
774 2877
775 3166
776 3474
777 3718
778 3983
779 4263
780 4548
781 5115
782 5158
783 5580
784 6042
785 6397
786 6813
787 7234
788 7666
789 8079
790 8484
791 9187
792 9712
793 10268
794 10727
795 11317
796 11876
797 12425
798 12891
799 13735
800 14318
801 14859
802 15467
803 16081
804 16594
805 17528
806 18094
807 18531
808 19279
809 19875
810 20649
811 21507
812 21562
813 22543
814 22691
815 23688
816 24256
817 24760
818 25199
819 25499
820 25888
821 26651
822 27231
823 27687
824 28067
825 28663
826 28731
827 28534
828 29003
829 29916
830 29811
831 30153
832 30219
833 30401
834 30851
835 30771
836 30666
837 30471
838 30760
839 30181
840 30319
841 30104
842 29884
843 29346
844 29275
845 28953
846 28311
847 28004
848 27824
849 27328
850 27130
851 26483
852 25925
853 25727
854 24972
855 24319
856 23609
857 22840
858 22565
859 22156
860 21291
861 20702
862 20177
863 19808
864 19086
865 18626
866 17881
867 16994
868 16499
869 16224
870 15228
871 14777
872 14032
873 13703
874 12872
875 12240
876 11560
877 11384
878 10663
879 10268
880 9627
881 9145
882 8813
883 8278
884 7939
885 7485
886 7040
887 6620
888 6341
889 6008
890 5635
891 5375
892 4985
893 4702
894 4417
895 4114
896 3816
897 3580
898 3273
899 3020
900 2966
901 2751
902 2557
903 2368
904 2227
905 2023
906 1881
907 1736
908 1512
909 1512
910 1379
911 1221
912 1167
913 1060
914 992
915 911
916 862
917 797
918 677
919 685
920 656
921 542
922 509
923 454
924 405
925 369
926 358
927 335
928 298
929 274
930 256
931 245
932 214
933 210
934 197
935 188
936 181
937 145
938 167
939 132
940 143
941 110
942 120
943 106
944 92
945 89
946 95
947 85
948 76
949 77
950 83
951 75
952 66
953 60
954 53
955 77
956 60
957 70
958 65
959 61
960 66
961 66
962 62
963 49
964 37
965 45
966 52
967 49
968 46
969 41
970 55
971 33
972 38
973 46
974 50
975 44
976 34
977 30
978 32
979 41
980 25
981 33
982 26
983 25
984 26
985 20
986 25
987 16
988 24
989 13
990 14
991 18
992 16
993 13
994 19
995 18
996 21
997 13
998 19
999 15
1000 16
1001 19
1002 10
1003 8
1004 11
1005 12
1006 11
1007 13
1008 8
1009 9
1010 16
1011 7
1012 3
1013 6
1014 7
1015 10
1016 9
1017 6
1018 12
1019 7
1020 9
1021 6
1022 6
1023 10
1024 9
1025 11
1026 12
1027 6
1028 6
1029 6
1030 5
1031 10
1032 8
1033 10
1034 5
1035 13
1036 5
1037 10
1038 5
1039 9
1040 6
1041 8
1042 9
1043 10
1044 4
1045 4
1046 7
1047 6
1048 4
1049 7
1050 8
1051 7
1052 7
1053 12
1054 6
1055 9
1056 6
1057 5
1058 9
1059 12
1060 3
1061 7
1062 7
1063 7
1064 4
1065 1
1066 7
1067 3
1068 7
1069 4
1070 5
1071 7
1072 6
1073 5
1074 11
1075 3
1076 11
1077 7
1078 6
1079 6
1080 7
1081 11
1082 9
1083 8
1084 8
1085 8
1086 11
1087 9
1088 6
1089 9
1090 8
1091 11
1092 11
1093 14
1094 7
1095 7
1096 7
1097 10
1098 4
1099 11
1100 6
1101 6
1102 3
1103 6
1104 8
1105 2
1106 5
1107 1
1108 3
1109 2
1110 4
1111 7
1112 4
1113 1
1114 3
1115 4
1116 4
1117 5
1118 7
1119 4
1120 8
1121 9
1122 9
1123 11
1124 7
1125 8
1126 8
1127 5
1128 7
1129 4
1130 7
1131 7
1132 4
1133 4
1134 3
1135 8
1136 5
1137 3
1138 2
1139 2
1140 5
1141 3
1142 5
1143 5
1145 3
1146 3
1147 3
1148 3
1149 5
1150 3
1151 4
1152 6
1153 2
1154 5
1155 4
1156 6
1157 3
1158 3
1159 4
1160 3
1161 4
1162 5
1163 9
1164 6
1165 4
1166 5
1167 2
1168 9
1169 3
1170 3
1171 5
1172 3
1173 6
1174 9
1175 3
1176 3
1177 2
1178 1
1179 5
1180 1
1181 2
1182 3
1183 3
1184 3
1185 4
1186 4
1187 4
1188 5
1189 5
1190 6
1191 4
1192 2
1193 10
1194 3
1195 3
1196 5
1197 4
1198 5
1199 1
1200 7
1201 2
1202 4
1203 5
1204 7
1205 6
1206 5
1207 7
1208 8
1209 6
1210 5
1211 2
1212 6
1213 6
1214 2
1215 3
1217 2
1218 3
1219 6
1220 4
1221 3
1222 3
1223 2
1224 5
1225 2
1226 1
1227 5
1228 5
1230 1
1231 2
1232 3
1233 1
1234 3
1235 2
1236 2
1237 5
1238 1
1239 4
1240 1
1241 4
1242 4
1243 2
1244 1
1245 3
1248 3
1249 3
1250 3
1251 2
1252 1
1253 2
1254 4
1255 6
1256 2
1257 3
1258 2
1260 2
1261 2
1262 4
1263 1
1264 2
1265 3
1266 2
1267 2
1268 3
1269 7
1270 1
1271 3
1272 4
1273 1
1274 3
1275 1
1276 5
1277 5
1278 4
1279 1
1280 1
1281 2
1282 3
1283 4
1284 2
1285 1
1286 7
1287 4
1288 3
1289 1
1290 3
1291 1
1292 4
1293 4
1294 3
1295 3
1296 4
1297 5
1298 2
1299 2
1300 3
1301 6
1302 1
1303 4
1304 3
1305 1
1306 5
1307 2
1309 1
1310 2
1311 1
1312 1
1314 3
1315 1
1316 1
1317 1
1318 1
1319 1
1320 3
1321 1
1322 4
1324 3
1325 3
1326 5
1327 2
1328 2
1329 3
1330 4
1331 3
1332 4
1333 1
1334 3
1335 6
1336 3
1337 2
1338 7
1339 5
1340 6
1342 5
1343 3
1344 3
1345 1
1346 3
1347 3
1348 4
1349 2
1350 2
1351 3
1353 3
1354 4
1355 3
1356 2
1357 2
1358 4
1359 6
1360 2
1361 1
1362 2
1363 4
1364 3
1365 3
1366 6
1367 2
1368 6
1369 2
1370 3
1371 4
1372 6
1373 3
1374 1
1375 1
1376 1
1378 1
1379 1
1381 2
1382 2
1383 2
1386 1
1387 4
1388 2
1389 1
1391 1
1392 1
1393 2
1395 1
1396 4
1397 2
1398 3
1399 3
1401 3
1402 2
1403 2
1405 3
1406 1
1407 1
1408 5
1409 1
1410 2
1411 4
1412 4
1413 2
1414 1
1415 1
1416 2
1417 2
1418 2
1419 4
1421 3
1422 2
1424 3
1426 1
1427 1
1428 3
1429 2
1431 3
1432 1
1434 1
1435 1
1436 2
1438 2
1439 2
1440 1
1441 1
1442 1
1444 2
1446 2
1448 1
1449 3
1450 2
1451 3
1452 2
1453 1
1454 6
1455 3
1457 3
1459 1
1461 2
1462 1
1463 2
1465 1
1466 2
1467 3
1468 3
1469 3
1472 1
1475 1
1476 1
1478 1
1479 2
1480 2
1482 1
1485 1
1487 2
1488 1
1492 2
1493 1
1495 1
1496 2
1499 2
1500 2
1502 2
1503 1
1507 3
1508 3
1509 1
1510 2
1511 1
1513 1
1514 1
1520 1
1521 1
1528 1
1529 1
1538 1
1540 3
1542 1
1543 3
1544 2
1545 1
1546 2
1547 2
1548 1
1549 3
1550 1
1552 6
1553 2
1555 2
1557 1
1560 2
1562 1
1564 2
1565 4
1566 8
1567 2
1568 2
1569 2
1570 5
1571 8
1572 5
1573 1
1574 2
1575 2
1576 2
1577 8
1578 2
1579 7
1580 11
1581 9
1582 4
1583 9
1584 9
1585 8
1586 8
1587 4
1588 10
1589 10
1590 13
1591 11
1592 12
1593 7
1594 11
1595 7
1596 8
1597 4
1598 11
1599 11
1600 13
1601 8
1602 14
1603 10
1604 16
1605 13
1606 15
1607 13
1608 15
1609 8
1610 9
1611 13
1612 22
1613 15
1614 18
1615 10
1616 16
1617 18
1618 11
1619 15
1620 19
1621 17
1622 15
1623 14
1624 21
1625 23
1626 21
1627 28
1628 25
1629 29
1630 26
1631 29
1632 27
1633 17
1634 26
1635 26
1636 33
1637 27
1638 18
1639 26
1640 40
1641 33
1642 40
1643 46
1644 34
1645 32
1646 42
1647 41
1648 50
1649 46
1650 36
1651 40
1652 41
1653 49
1654 37
1655 43
1656 41
1657 45
1658 40
1659 40
1660 44
1661 49
1662 47
1663 45
1664 39
1665 42
1666 42
1667 46
1668 44
1669 65
1670 48
1671 40
1672 51
1673 47
1674 51
1675 62
1676 39
1677 40
1678 46
1679 48
1680 35
1681 35
1682 46
1683 45
1684 49
1685 34
1686 58
1687 56
1688 65
1689 41
1690 34
1691 39
1692 43
1693 45
1694 58
1695 34
1696 32
1697 43
1698 53
1699 42
1700 45
1701 37
1702 44
1703 37
1704 41
1705 35
1706 34
1707 35
1708 28
1709 36
1710 24
1711 34
1712 23
1713 37
1714 30
1715 29
1716 28
1717 23
1718 21
1719 27
1720 27
1721 23
1722 29
1723 24
1724 23
1725 31
1726 26
1727 27
1728 23
1729 18
1730 21
1731 13
1732 22
1733 24
1734 24
1735 12
1736 16
1737 19
1738 16
1739 9
1740 26
1741 12
1742 15
1743 13
1744 19
1745 9
1746 11
1747 17
1748 14
1749 16
1750 18
1751 12
1752 16
1753 9
1754 13
1755 13
1756 11
1757 11
1758 10
1759 11
1760 12
1761 18
1762 11
1763 16
1764 10
1765 7
1766 9
1767 13
1768 7
1769 9
1770 10
1771 4
1772 7
1773 9
1774 9
1775 7
1776 5
1777 8
1778 6
1779 9
1780 8
1781 8
1782 7
1783 9
1784 7
1785 6
1786 11
1787 5
1788 9
1789 9
1790 6
1791 9
1792 16
1793 3
1794 6
1795 1
1796 3
1797 2
1798 2
1799 3
1800 2
1802 3
1804 1
1806 1
1808 1
1810 1
1815 1
1818 1
1820 1
1822 2
1826 1
1827 1
1829 1
1830 1
1835 1
1839 2
1842 2
1845 1
1846 1
1848 2
1850 1
1852 1
1854 3
1863 1
1866 1
1867 1
1887 1
1890 3
1897 1
1898 1
1900 2
1901 1
1902 2
1903 1
1904 1
1905 1
1906 2
1907 1
1908 2
1912 1
1915 2
1916 3
1917 2
1919 2
1920 1
1921 1
1922 1
1923 1
1924 1
1925 4
1926 1
1928 1
1931 2
1932 1
1936 1
1937 1
1939 1
1940 2
1942 4
1943 1
1944 1
1945 2
1947 3
1950 2
1951 2
1952 1
1953 2
1954 2
1955 4
1956 2
1959 4
1960 2
1961 1
1962 1
1963 5
1965 1
1966 1
1967 1
1969 2
1980 2
1984 1
1985 1
1987 1
1990 1
1991 1
1994 1
1995 1
1998 2
1999 1
2000 2
2002 3
2003 3
2004 1
2005 1
2006 1
2007 1
2008 3
2009 2
2010 1
2011 2
2012 1
2013 4
2014 1
2015 1
2016 4
2017 3
2018 2
2019 1
2020 1
2022 2
2023 1
2026 1
2028 1
2029 1
2034 1
2035 1
2036 1
2038 2
2039 2
2041 3
2043 3
2045 2
2046 1
2049 1
2050 3
2051 1
2052 2
2054 1
2055 2
2060 1
2061 1
2062 1
2065 3
2067 2
2068 1
2074 1
2075 1
2077 1
2078 1
2079 1
2081 1
2082 1
2085 2
2089 1
2090 1
2091 2
2093 2
2094 1
2099 1
2100 1
2101 1
2104 1
2107 1
2108 1
2111 1
2112 1
2115 3
2116 3
2118 1
2119 1
2120 1
2121 2
2122 2
2123 1
2124 3
2125 2
2127 1
2128 1
2129 2
2130 3
2131 5
2132 2
2133 3
2134 3
2135 2
2136 1
2137 2
2138 8
2140 1
2141 4
2142 3
2143 3
2144 2
2146 5
2148 1
2150 1
2151 3
2152 2
2154 3
2155 2
2156 2
2158 1
2161 1
2162 1
2164 1
2165 1
2167 1
2169 1
2170 1
2174 1
2180 1
2183 1
2185 1
2189 1
2190 1
2192 2
2194 1
2195 3
2196 1
2197 2
2198 1
2199 1
2200 2
2201 1
2202 1
2204 1
2207 3
2208 3
2209 1
2213 2
2215 1
2216 1
2217 1
2218 1
2220 1
2221 2
2222 1
2223 2
2225 1
2226 2
2231 2
2232 1
2236 2
2241 1
2243 3
2252 1
2255 1
2262 2
2263 1
2264 2
2268 1
2269 1
2275 2
2276 1
2278 1
2279 1
2280 2
2282 1
2283 2
2284 2
2286 1
2287 2
2288 1
2307 2
2315 1
2316 1
2320 1
2322 1
2331 1
2335 1
2337 1
2382 1
2395 1
2398 2
2399 2
2402 1
2404 1
2405 2
2408 1
2409 1
2410 1
2411 1
2414 1
2415 2
2429 1
2433 1
2437 2
2438 1
2440 1
2441 2
2444 2
2445 1
2447 1
2448 3
2449 1
2450 1
2451 3
2452 1
2453 1
2454 2
2455 1
2457 2
2458 3
2459 3
2460 3
2461 3
2462 1
2464 2
2465 4
2466 1
2467 3
2468 2
2470 2
2471 2
2472 1
2473 2
2474 2
2475 2
2476 1
2477 3
2478 1
2479 1
2480 1
2481 1
2482 1
2484 1
2485 2
2486 1
2487 1
2488 3
2490 1
2491 3
2492 2
2493 2
2495 3
2496 1
2498 1
2499 1
2501 7
2502 1
2503 3
2504 4
2505 2
2506 3
2507 3
2508 1
2509 4
2510 7
2511 1
2512 6
2513 4
2514 3
2515 2
2516 5
2517 5
2518 1
2519 1
2520 3
2521 3
2522 2
2523 5
2524 4
2525 1
2526 2
2527 1
2528 4
2529 2
2530 1
2531 1
2532 6
2533 1
2534 1
2536 2
2537 3
2538 2
2539 1
2541 1
2543 1
2544 2
2545 3
2546 3
2549 1
2551 2
2552 1
2555 2
2556 2
2557 1
2560 1
2561 2
2563 3
2564 1
2567 2
2568 1
2569 1
2570 1
2571 1
2573 1
2574 3
2575 2
2576 1
2577 3
2578 2
2579 2
2580 1
2581 3
2582 2
2585 1
2586 1
2590 2
2593 1
2594 2
2595 2
2599 2
2601 1
2604 3
2605 1
2606 1
2608 2
2609 1
2610 3
2612 1
2613 1
2622 1
2625 2
2626 1
2627 2
2628 1
2631 1
2632 1
2633 1
2636 1
2644 1
2646 1
2649 1
2652 1
2656 1
2657 3
2659 1
2660 2
2661 1
2662 2
2664 3
2666 2
2667 1
2669 1
2670 1
2674 2
2675 1
2677 2
2681 1
2682 2
2683 1
2685 1
2688 1
2690 1
2693 1
2694 1
2698 1
2701 1
2702 1
2704 2
2706 2
2707 1
2708 3
2710 2
2712 1
2713 1
2716 1
2720 1
2723 1
2726 1
2736 1
2745 2
2757 1
2761 1
2762 2
2763 2
2764 2
2767 1
2775 1
2778 1
2784 1
2793 1
2797 1
2798 1
2799 1
2810 2
2811 1
2812 1
2814 1
2817 1
2820 3
2833 2
2841 1
2843 1
2845 1
2854 1
2855 1
2856 1
2860 2
2863 2
2874 1
2879 1
2880 1
2882 1
2884 1
2885 1
2886 1
2887 1
2888 1
2889 2
2891 1
2892 1
2893 1
2894 1
2895 2
2896 2
2897 2
2899 1
2900 1
2901 4
2902 2
2903 1
2904 1
2908 2
2909 1
2911 2
2918 1
2921 2
2922 1
2923 1
2924 1
2926 2
2927 1
2928 1
2932 1
2934 1
2936 1
2937 1
2939 3
2941 3
2946 1
2947 1
3249 1
3259 1
3262 1
3263 1
3265 1
3267 1
3268 1
3269 2
3270 2
3271 1
3272 1
3280 1
3292 1
3294 1
3295 1
3296 1
3300 1
3303 1
3305 2
3308 1
3309 1
3312 1
3315 2
3318 1
3321 1
3325 1
3330 1
3333 2
3334 1
3335 1
3337 1
3338 1
3339 1
3340 1
3347 1
3352 2
3355 1
3356 1
3359 1
3362 1
3364 2
3373 1
3380 1
3382 1
3388 1
3398 1
3399 1
3401 1
3403 2
3410 1
3417 1
3418 1
3429 1
3430 3
3431 3
3446 1
3448 1
3452 1
3458 1
3470 1
3473 1
3482 1
3561 1
3567 1
3582 1
3991 1
4040 1
4043 1
4047 1
4050 1
4055 1
4122 1
4126 1
4127 1
4130 1
4131 3
4137 1
4145 2
4158 1
4168 1
4173 1
4178 1
4179 1
4189 1
4204 1
4206 1
4207 1
4220 1
4222 1
4225 1
4227 1
4294 1
4848 1
4886 1
4950 1
5040 1
5080 1
5114 1
5115 1
5116 1
5121 1
5132 1
5138 1
5193 1
5198 1
5199 1
5209 1
5211 2
5212 1
5214 1
5215 1
5225 1
5227 1
5231 1
5245 1
5247 1
5252 1
5269 1
5271 1
5278 1
5280 1
5282 1
5285 2
5286 1
5289 1
5293 2
5299 1
5301 1
5719 1
5725 1
5856 1
5859 1
5867 1
6600 1
6622 1
6700 1
7326 1
7405 1
8421 1
8433 1
10001 10
