1 22632999
2 11053345
3 5926579
4 3206635
5 1966395
6 1459860
7 1220895
8 1031801
9 843340
10 680374
11 551552
12 487172
13 483742
14 523849
15 589722
16 665093
17 740157
18 794509
19 832710
20 848897
21 846052
22 826663
23 794947
24 760356
25 721377
26 689699
27 660557
28 636264
29 617187
30 597042
31 580213
32 560724
33 540565
34 515133
35 483007
36 446351
37 406408
38 366671
39 325503
40 288266
41 252868
42 222028
43 198846
44 179236
45 165795
46 156940
47 150346
48 149541
49 149929
50 151634
51 151734
52 152037
53 151510
54 150171
55 149127
56 148284
57 146906
58 147209
59 149337
60 150165
61 151868
62 155850
63 158689
64 164587
65 168308
66 172342
67 174324
68 176169
69 178187
70 177299
71 177471
72 175563
73 173028
74 169184
75 164792
76 162736
77 159374
78 158015
79 156554
80 154609
81 155149
82 156748
83 158063
84 160268
85 161858
86 164959
87 167156
88 169407
89 170578
90 171167
91 170084
92 169270
93 166049
94 161189
95 155255
96 147425
97 139442
98 129757
99 120504
100 110303
101 101097
102 90675
103 80714
104 70983
105 62466
106 54379
107 46702
108 39659
109 33634
110 28140
111 23402
112 19349
113 16100
114 13395
115 11004
116 8973
117 7063
118 5749
119 4448
120 3580
121 2983
122 2336
123 1960
124 1755
125 1548
126 1432
127 1263
128 1199
129 1117
130 1093
131 1147
132 1121
133 1154
134 1123
135 1099
136 1030
137 1066
138 1068
139 1058
140 1069
141 1053
142 998
143 1072
144 987
145 896
146 854
147 897
148 897
149 838
150 833
151 807
152 779
153 734
154 698
155 709
156 584
157 605
158 593
159 545
160 468
161 500
162 498
163 498
164 447
165 441
166 469
167 433
168 411
169 404
170 404
171 436
172 430
173 420
174 406
175 442
176 433
177 456
178 473
179 504
180 545
181 558
182 528
183 540
184 523
185 527
186 539
187 543
188 517
189 527
190 511
191 554
192 537
193 501
194 525
195 506
196 491
197 490
198 473
199 456
200 494
201 420
202 408
203 422
204 438
205 386
206 372
207 327
208 310
209 364
210 317
211 308
212 275
213 281
214 277
215 276
216 279
217 264
218 240
219 259
220 236
221 191
222 210
223 203
224 168
225 183
226 167
227 147
228 134
229 145
230 130
231 120
232 129
233 85
234 88
235 81
236 93
237 98
238 108
239 103
240 100
241 116
242 108
243 112
244 117
245 123
246 125
247 127
248 132
249 135
250 135
251 136
252 178
253 181
254 225
255 222
256 196
257 222
258 195
259 188
260 198
261 198
262 205
263 204
264 226
265 217
266 219
267 231
268 204
269 196
270 211
271 199
272 199
273 205
274 224
275 226
276 250
277 213
278 220
279 237
280 248
281 238
282 243
283 242
284 249
285 207
286 189
287 182
288 189
289 192
290 170
291 161
292 167
293 157
294 159
295 142
296 144
297 132
298 130
299 123
300 175
301 161
302 140
303 178
304 159
305 155
306 111
307 96
308 112
309 133
310 109
311 95
312 109
313 95
314 86
315 110
316 102
317 96
318 117
319 89
320 93
321 83
322 96
323 99
324 91
325 86
326 92
327 78
328 66
329 96
330 87
331 63
332 63
333 66
334 56
335 46
336 34
337 34
338 34
339 31
340 36
341 35
342 28
343 38
344 21
345 30
346 36
347 25
348 30
349 37
350 31
351 29
352 33
353 40
354 43
355 33
356 31
357 33
358 26
359 36
360 32
361 37
362 29
363 55
364 46
365 53
366 55
367 48
368 50
369 41
370 58
371 70
372 58
373 61
374 50
375 64
376 60
377 48
378 55
379 44
380 45
381 42
382 39
383 31
384 35
385 40
386 28
387 44
388 34
389 32
390 25
391 29
392 24
393 36
394 24
395 31
396 15
397 16
398 15
399 26
400 15
401 20
402 18
403 22
404 24
405 29
406 26
407 33
408 31
409 46
410 50
411 49
412 54
413 76
414 74
415 88
416 81
417 94
418 117
419 109
420 148
421 174
422 194
423 203
424 263
425 320
426 360
427 407
428 470
429 514
430 634
431 673
432 789
433 884
434 1005
435 1229
436 1355
437 1478
438 1636
439 1919
440 2068
441 2420
442 2712
443 2982
444 3351
445 3671
446 4097
447 4542
448 4991
449 5352
450 5992
451 6371
452 7034
453 7794
454 8292
455 9251
456 9689
457 10623
458 11431
459 12092
460 13022
461 13864
462 15011
463 15896
464 17126
465 17972
466 18960
467 20044
468 20870
469 22298
470 23338
471 24569
472 25741
473 27089
474 28306
475 29454
476 30875
477 32040
478 33269
479 34731
480 35895
481 36777
482 38125
483 39837
484 40816
485 41954
486 43074
487 44058
488 45246
489 46084
490 47212
491 48215
492 48974
493 49963
494 50894
495 51402
496 52075
497 52860
498 53806
499 54297
500 55133
501 55647
502 56492
503 57036
504 57459
505 57799
506 58409
507 58944
508 59741
509 60053
510 60740
511 61353
512 62069
513 62109
514 62902
515 63222
516 64022
517 64667
518 65225
519 65743
520 66103
521 66773
522 67583
523 67876
524 67867
525 68705
526 68886
527 69373
528 69812
529 69510
530 70063
531 70132
532 69799
533 69775
534 69652
535 68791
536 68379
537 66936
538 67336
539 66248
540 65056
541 64356
542 63754
543 62209
544 61750
545 60282
546 59398
547 57710
548 56421
549 55331
550 53874
551 51994
552 50656
553 48484
554 47223
555 45921
556 44217
557 42279
558 41026
559 38902
560 37612
561 35986
562 34054
563 32421
564 30866
565 29430
566 28033
567 26536
568 25038
569 23557
570 22372
571 20705
572 19558
573 18252
574 17098
575 16067
576 15016
577 14069
578 12897
579 12102
580 11172
581 10316
582 9578
583 8782
584 7957
585 7463
586 6832
587 6206
588 5671
589 5402
590 4768
591 4330
592 3868
593 3483
594 3146
595 2842
596 2573
597 2238
598 2065
599 1808
600 1646
601 1509
602 1376
603 1213
604 1083
605 939
606 800
607 730
608 682
609 645
610 560
611 519
612 436
613 410
614 337
615 313
616 232
617 243
618 185
619 157
620 144
621 153
622 118
623 103
624 106
625 102
626 92
627 99
628 92
629 71
630 61
631 61
632 59
633 42
634 44
635 44
636 35
637 44
638 29
639 39
640 33
641 44
642 40
643 33
644 51
645 40
646 31
647 33
648 39
649 38
650 46
651 46
652 35
653 31
654 32
655 33
656 37
657 27
658 26
659 28
660 25
661 26
662 24
663 25
664 23
665 13
666 24
667 20
668 10
669 13
670 21
671 18
672 21
673 18
674 21
675 27
676 23
677 13
678 24
679 18
680 27
681 26
682 21
683 40
684 30
685 28
686 32
687 27
688 28
689 28
690 17
691 21
692 20
693 13
694 31
695 19
696 19
697 19
698 22
699 28
700 27
701 30
702 19
703 33
704 31
705 26
706 26
707 25
708 33
709 37
710 28
711 31
712 31
713 34
714 24
715 35
716 29
717 32
718 35
719 26
720 46
721 42
722 40
723 34
724 23
725 38
726 38
727 46
728 38
729 25
730 45
731 34
732 35
733 25
734 26
735 43
736 31
737 27
738 36
739 31
740 22
741 22
742 20
743 20
744 17
745 20
746 12
747 14
748 15
749 15
750 19
751 13
752 16
753 14
754 8
755 13
756 8
757 10
758 11
759 16
760 15
761 11
762 13
763 13
764 11
765 10
766 3
767 5
768 8
769 7
770 22
771 4
772 10
773 12
774 13
775 10
776 10
777 14
778 17
779 13
780 14
781 11
782 16
783 9
784 11
785 10
786 8
787 9
788 11
789 11
790 9
791 7
792 7
793 5
794 4
795 11
796 6
797 9
798 14
799 9
800 10
801 4
802 8
803 9
804 8
805 7
806 8
807 7
808 7
809 7
810 9
811 13
812 9
813 12
814 12
815 13
816 6
817 11
818 10
819 15
820 10
821 5
822 14
823 7
824 8
825 3
826 11
827 7
828 4
829 4
830 11
831 8
832 5
833 8
834 2
835 9
836 8
837 5
838 8
839 17
840 8
841 7
842 7
843 12
844 10
845 6
846 2
847 6
848 3
849 6
850 6
851 6
852 7
853 5
854 3
855 1
856 4
857 6
858 6
859 7
860 2
861 2
862 4
863 5
864 8
865 1
866 5
867 3
868 5
869 3
870 3
871 3
872 4
873 3
874 2
875 6
876 1
877 3
878 3
879 3
880 6
881 4
882 3
883 4
884 2
885 4
886 5
887 3
888 1
889 1
890 2
891 4
892 3
893 1
895 1
896 1
897 3
898 4
899 2
900 2
901 3
902 1
903 3
904 7
905 5
907 2
908 6
909 6
910 8
911 4
912 6
913 11
914 11
915 9
916 12
917 13
918 17
919 17
920 21
921 29
922 14
923 26
924 26
925 30
926 31
927 45
928 38
929 43
930 42
931 48
932 59
933 53
934 65
935 56
936 62
937 62
938 54
939 57
940 60
941 68
942 72
943 81
944 64
945 76
946 92
947 73
948 98
949 97
950 98
951 115
952 106
953 127
954 126
955 119
956 114
957 135
958 114
959 120
960 129
961 147
962 121
963 142
964 153
965 152
966 141
967 164
968 143
969 157
970 143
971 179
972 163
973 164
974 167
975 175
976 170
977 193
978 199
979 178
980 179
981 180
982 209
983 214
984 205
985 187
986 207
987 191
988 238
989 206
990 223
991 202
992 243
993 230
994 230
995 230
996 232
997 235
998 222
999 204
1000 203
1001 218
1002 227
1003 227
1004 190
1005 228
1006 220
1007 191
1008 235
1009 184
1010 206
1011 169
1012 194
1013 189
1014 171
1015 202
1016 176
1017 204
1018 172
1019 177
1020 188
1021 165
1022 172
1023 184
1024 177
1025 184
1026 173
1027 170
1028 174
1029 186
1030 213
1031 199
1032 191
1033 175
1034 203
1035 165
1036 173
1037 178
1038 190
1039 209
1040 222
1041 205
1042 189
1043 176
1044 182
1045 194
1046 193
1047 197
1048 188
1049 200
1050 212
1051 195
1052 214
1053 200
1054 222
1055 209
1056 230
1057 196
1058 207
1059 202
1060 239
1061 228
1062 180
1063 199
1064 218
1065 193
1066 197
1067 192
1068 195
1069 199
1070 200
1071 199
1072 205
1073 192
1074 197
1075 193
1076 191
1077 184
1078 178
1079 191
1080 184
1081 184
1082 162
1083 195
1084 189
1085 162
1086 164
1087 185
1088 162
1089 170
1090 162
1091 161
1092 167
1093 161
1094 149
1095 154
1096 175
1097 174
1098 152
1099 181
1100 146
1101 124
1102 162
1103 152
1104 136
1105 125
1106 137
1107 128
1108 113
1109 128
1110 111
1111 101
1112 106
1113 110
1114 107
1115 104
1116 93
1117 88
1118 90
1119 88
1120 90
1121 92
1122 85
1123 91
1124 68
1125 68
1126 63
1127 66
1128 69
1129 62
1130 60
1131 41
1132 48
1133 41
1134 42
1135 34
1136 33
1137 35
1138 27
1139 29
1140 22
1141 24
1142 19
1143 24
1144 24
1145 28
1146 27
1147 22
1148 22
1149 24
1150 10
1151 12
1152 15
1153 13
1154 14
1155 11
1156 9
1157 11
1158 8
1159 9
1160 8
1161 6
1162 12
1163 4
1164 9
1165 6
1166 8
1167 16
1168 8
1169 4
1170 10
1171 7
1172 6
1173 9
1174 15
1175 9
1176 15
1177 10
1178 13
1179 9
1180 15
1181 7
1182 10
1183 13
1184 8
1185 10
1186 10
1187 13
1188 6
1189 11
1190 6
1191 7
1192 9
1193 4
1194 7
1195 5
1196 10
1197 11
1198 7
1199 8
1200 13
1201 10
1202 10
1203 8
1204 8
1205 7
1206 10
1207 11
1208 6
1209 3
1210 5
1211 10
1212 5
1213 4
1214 4
1215 7
1216 2
1217 7
1218 8
1219 5
1220 8
1221 4
1222 9
1223 9
1224 9
1225 13
1226 12
1227 12
1228 10
1229 8
1230 16
1231 12
1232 9
1233 7
1234 11
1235 12
1236 10
1237 10
1238 4
1239 15
1240 12
1241 9
1242 6
1243 12
1244 12
1245 15
1246 6
1247 13
1248 8
1249 8
1250 10
1251 9
1252 5
1253 9
1254 9
1255 6
1256 9
1257 12
1258 10
1259 15
1260 9
1261 8
1262 6
1263 8
1264 6
1265 7
1266 6
1267 4
1268 8
1269 10
1270 6
1271 7
1272 9
1273 6
1274 9
1275 6
1276 13
1277 3
1278 5
1279 6
1280 6
1281 5
1282 9
1283 8
1284 5
1285 7
1286 5
1287 4
1288 6
1289 4
1290 10
1291 6
1292 8
1293 3
1294 4
1295 5
1296 4
1297 3
1298 5
1299 4
1300 5
1301 2
1302 3
1303 6
1304 5
1305 3
1306 3
1307 4
1308 4
1309 8
1310 6
1311 2
1312 4
1313 2
1314 3
1315 2
1316 1
1317 1
1318 3
1319 4
1320 3
1322 3
1323 4
1324 4
1326 1
1327 2
1328 3
1329 4
1330 5
1331 2
1332 2
1333 2
1334 4
1335 2
1336 6
1337 5
1338 10
1339 5
1340 7
1341 11
1342 9
1343 3
1344 10
1345 5
1346 7
1347 2
1348 7
1349 9
1350 6
1351 5
1352 8
1353 4
1354 1
1355 2
1356 5
1357 7
1358 4
1359 6
1360 1
1361 5
1362 5
1363 5
1364 8
1365 8
1366 3
1367 4
1368 6
1369 3
1370 1
1371 7
1372 2
1373 2
1374 2
1375 8
1376 1
1377 5
1378 7
1379 5
1380 4
1381 9
1382 7
1383 3
1384 9
1385 7
1386 4
1387 8
1388 5
1389 8
1390 5
1391 15
1392 15
1393 11
1394 14
1395 12
1396 11
1397 10
1398 18
1399 16
1400 17
1401 17
1402 19
1403 21
1404 15
1405 18
1406 15
1407 22
1408 16
1409 17
1410 28
1411 25
1412 20
1413 13
1414 13
1415 21
1416 20
1417 20
1418 23
1419 22
1420 27
1421 33
1422 32
1423 27
1424 29
1425 49
1426 28
1427 36
1428 38
1429 43
1430 45
1431 40
1432 37
1433 50
1434 48
1435 52
1436 55
1437 56
1438 63
1439 53
1440 65
1441 59
1442 55
1443 62
1444 61
1445 65
1446 74
1447 79
1448 66
1449 58
1450 88
1451 57
1452 62
1453 82
1454 74
1455 83
1456 95
1457 79
1458 86
1459 70
1460 84
1461 90
1462 110
1463 86
1464 93
1465 86
1466 105
1467 110
1468 94
1469 84
1470 102
1471 119
1472 98
1473 116
1474 113
1475 113
1476 93
1477 111
1478 118
1479 115
1480 110
1481 109
1482 105
1483 107
1484 133
1485 101
1486 116
1487 103
1488 108
1489 100
1490 103
1491 115
1492 106
1493 117
1494 147
1495 107
1496 107
1497 113
1498 131
1499 102
1500 103
1501 123
1502 113
1503 122
1504 109
1505 114
1506 112
1507 104
1508 92
1509 89
1510 93
1511 74
1512 78
1513 64
1514 73
1515 76
1516 77
1517 59
1518 68
1519 73
1520 73
1521 74
1522 61
1523 45
1524 52
1525 62
1526 58
1527 79
1528 57
1529 70
1530 55
1531 65
1532 57
1533 65
1534 52
1535 59
1536 49
1537 46
1538 46
1539 47
1540 37
1541 39
1542 40
1543 30
1544 30
1545 24
1546 35
1547 29
1548 24
1549 37
1550 21
1551 26
1552 18
1553 25
1554 30
1555 25
1556 22
1557 23
1558 30
1559 15
1560 11
1561 33
1562 24
1563 29
1564 15
1565 21
1566 21
1567 32
1568 25
1569 27
1570 22
1571 23
1572 19
1573 20
1574 30
1575 27
1576 15
1577 15
1578 19
1579 17
1580 21
1581 19
1582 20
1583 13
1584 26
1585 19
1586 13
1587 17
1588 20
1589 23
1590 14
1591 14
1592 12
1593 23
1594 19
1595 13
1596 12
1597 11
1598 21
1599 18
1600 9
1601 14
1602 13
1603 11
1604 18
1605 16
1606 12
1607 21
1608 17
1609 17
1610 20
1611 12
1612 16
1613 20
1614 8
1615 17
1616 15
1617 16
1618 9
1619 16
1620 13
1621 10
1622 8
1623 14
1624 8
1625 10
1626 6
1627 15
1628 12
1629 9
1630 16
1631 8
1632 10
1633 18
1634 17
1635 14
1636 10
1637 19
1638 9
1639 20
1640 11
1641 23
1642 13
1643 24
1644 17
1645 16
1646 18
1647 11
1648 14
1649 9
1650 10
1651 7
1652 7
1653 12
1654 17
1655 15
1656 9
1657 5
1658 17
1659 5
1660 9
1661 13
1662 7
1663 11
1664 12
1665 11
1666 18
1667 14
1668 12
1669 10
1670 13
1671 9
1672 6
1673 10
1674 13
1675 15
1676 16
1677 11
1678 7
1679 10
1680 4
1681 12
1682 10
1683 5
1684 7
1685 7
1686 6
1687 11
1688 8
1689 11
1690 5
1691 11
1692 5
1693 11
1694 2
1695 7
1696 4
1697 7
1698 9
1699 6
1700 6
1701 7
1702 3
1703 5
1704 9
1705 7
1706 8
1707 4
1708 17
1709 3
1710 4
1711 8
1712 5
1713 14
1714 5
1715 11
1716 15
1717 7
1718 9
1719 10
1720 6
1721 9
1722 8
1723 9
1724 8
1725 10
1726 7
1727 6
1728 10
1729 5
1730 3
1731 7
1732 12
1733 5
1734 4
1735 7
1736 7
1737 6
1738 6
1739 7
1740 6
1741 9
1742 5
1743 11
1744 8
1745 3
1746 4
1747 6
1748 3
1749 9
1750 11
1751 6
1752 7
1753 8
1754 9
1755 7
1756 1
1757 5
1758 7
1759 3
1760 4
1761 7
1762 4
1763 5
1764 3
1765 4
1766 5
1767 1
1768 4
1769 4
1770 3
1771 2
1772 6
1773 3
1774 2
1775 4
1776 3
1777 3
1778 5
1779 4
1780 2
1781 2
1782 3
1783 3
1784 1
1785 4
1786 1
1787 5
1788 1
1789 1
1790 2
1791 1
1792 1
1793 5
1794 1
1795 4
1796 5
1797 2
1798 3
1799 5
1800 1
1801 1
1802 8
1803 3
1804 3
1806 1
1807 1
1808 2
1809 5
1810 3
1811 1
1813 2
1814 2
1815 2
1816 1
1817 2
1820 3
1821 2
1822 1
1823 1
1825 1
1826 1
1828 2
1829 1
1830 1
1831 1
1833 1
1834 1
1839 1
1840 1
1841 1
1843 1
1844 1
1846 1
1847 1
1848 1
1849 3
1854 1
1855 1
1856 1
1857 2
1859 1
1860 1
1861 2
1862 1
1863 2
1866 2
1867 3
1868 2
1869 1
1871 2
1873 1
1874 2
1875 5
1876 3
1877 1
1878 2
1879 2
1880 2
1882 2
1883 2
1884 6
1885 3
1886 4
1887 4
1888 4
1889 6
1890 4
1891 4
1892 4
1893 5
1894 2
1895 5
1896 5
1897 4
1898 6
1899 5
1900 9
1901 2
1902 5
1903 5
1904 3
1905 10
1906 9
1907 5
1908 3
1909 6
1910 8
1911 10
1912 10
1913 9
1914 10
1915 7
1916 8
1917 11
1918 14
1919 17
1920 7
1921 13
1922 10
1923 14
1924 11
1925 5
1926 15
1927 14
1928 20
1929 11
1930 11
1931 20
1932 19
1933 24
1934 17
1935 15
1936 18
1937 22
1938 20
1939 17
1940 21
1941 14
1942 22
1943 20
1944 27
1945 26
1946 19
1947 20
1948 22
1949 25
1950 17
1951 21
1952 17
1953 30
1954 18
1955 30
1956 28
1957 23
1958 36
1959 29
1960 23
1961 35
1962 23
1963 33
1964 32
1965 33
1966 30
1967 37
1968 31
1969 29
1970 37
1971 30
1972 35
1973 39
1974 29
1975 47
1976 30
1977 31
1978 33
1979 23
1980 25
1981 35
1982 32
1983 32
1984 31
1985 23
1986 28
1987 25
1988 27
1989 28
1990 36
1991 23
1992 28
1993 20
1994 28
1995 34
1996 22
1997 19
1998 34
1999 27
2000 25
2001 26
2002 24
2003 21
2004 37
2005 14
2006 30
2007 24
2008 25
2009 24
2010 27
2011 31
2012 25
2013 23
2014 24
2015 16
2016 20
2017 19
2018 17
2019 13
2020 22
2021 16
2022 16
2023 18
2024 24
2025 26
2026 8
2027 21
2028 17
2029 11
2030 14
2031 14
2032 15
2033 22
2034 14
2035 17
2036 21
2037 14
2038 16
2039 15
2040 11
2041 12
2042 14
2043 12
2044 15
2045 14
2046 6
2047 16
2048 16
2049 14
2050 8
2051 16
2052 16
2053 12
2054 10
2055 13
2056 15
2057 14
2058 11
2059 16
2060 19
2061 13
2062 14
2063 8
2064 16
2065 17
2066 14
2067 14
2068 11
2069 13
2070 15
2071 13
2072 8
2073 13
2074 11
2075 20
2076 21
2077 14
2078 8
2079 11
2080 15
2081 14
2082 15
2083 14
2084 6
2085 13
2086 8
2087 18
2088 10
2089 14
2090 9
2091 12
2092 14
2093 8
2094 16
2095 11
2096 11
2097 14
2098 14
2099 15
2100 18
2101 13
2102 15
2103 16
2104 18
2105 13
2106 18
2107 9
2108 23
2109 16
2110 15
2111 13
2112 25
2113 21
2114 20
2115 30
2116 21
2117 19
2118 19
2119 28
2120 23
2121 33
2122 28
2123 26
2124 22
2125 13
2126 32
2127 27
2128 27
2129 25
2130 31
2131 15
2132 30
2133 22
2134 27
2135 16
2136 29
2137 19
2138 27
2139 35
2140 27
2141 18
2142 25
2143 35
2144 19
2145 27
2146 20
2147 31
2148 20
2149 17
2150 22
2151 33
2152 24
2153 23
2154 31
2155 26
2156 27
2157 25
2158 25
2159 21
2160 16
2161 25
2162 30
2163 25
2164 23
2165 31
2166 20
2167 34
2168 17
2169 21
2170 26
2171 30
2172 23
2173 29
2174 24
2175 25
2176 22
2177 33
2178 24
2179 31
2180 16
2181 23
2182 29
2183 28
2184 19
2185 20
2186 25
2187 22
2188 29
2189 20
2190 24
2191 19
2192 21
2193 27
2194 17
2195 10
2196 15
2197 14
2198 16
2199 14
2200 17
2201 10
2202 14
2203 13
2204 13
2205 12
2206 7
2207 5
2208 15
2209 8
2210 10
2211 10
2212 8
2213 7
2214 4
2215 10
2216 4
2217 2
2218 3
2219 3
2220 3
2221 6
2222 4
2223 3
2224 5
2225 5
2226 5
2227 1
2228 4
2229 2
2230 2
2231 4
2232 2
2233 4
2234 3
2235 2
2236 4
2237 1
2238 3
2239 6
2240 3
2242 1
2243 2
2244 3
2245 1
2247 2
2248 1
2249 1
2252 1
2254 2
2255 2
2256 1
2259 1
2260 1
2263 1
2265 1
2286 1
2305 1
2307 1
2321 1
2327 1
2328 1
2329 1
2330 1
2331 3
2336 1
2337 1
2338 1
2339 1
2340 1
2342 1
2343 2
2344 1
2345 3
2347 1
2348 2
2350 2
2352 2
2353 4
2355 4
2357 1
2358 1
2359 2
2362 3
2363 2
2365 2
2366 2
2367 3
2368 1
2370 3
2371 3
2372 2
2373 1
2374 3
2375 2
2376 7
2378 4
2379 2
2380 2
2381 4
2382 5
2383 4
2384 9
2385 3
2386 1
2387 4
2388 3
2389 3
2390 3
2391 4
2392 3
2393 3
2394 2
2395 2
2396 3
2397 5
2398 3
2399 10
2400 9
2401 5
2402 6
2403 4
2404 4
2405 11
2406 9
2407 9
2408 7
2409 11
2410 2
2411 12
2412 10
2413 8
2414 13
2415 6
2416 11
2417 10
2418 8
2419 7
2420 19
2421 14
2422 16
2423 3
2424 15
2425 19
2426 10
2427 13
2428 11
2429 11
2430 14
2431 11
2432 17
2433 16
2434 15
2435 14
2436 15
2437 13
2438 12
2439 19
2440 10
2441 13
2442 15
2443 16
2444 16
2445 21
2446 22
2447 8
2448 25
2449 14
2450 20
2451 15
2452 24
2453 23
2454 21
2455 25
2456 17
2457 17
2458 21
2459 19
2460 17
2461 15
2462 11
2463 15
2464 18
2465 17
2466 17
2467 15
2468 17
2469 23
2470 18
2471 22
2472 11
2473 8
2474 17
2475 13
2476 15
2477 18
2478 14
2479 15
2480 14
2481 18
2482 20
2483 12
2484 13
2485 18
2486 19
2487 23
2488 15
2489 18
2490 19
2491 17
2492 5
2493 17
2494 23
2495 20
2496 15
2497 11
2498 12
2499 15
2500 14
2501 12
2502 12
2503 4
2504 21
2505 14
2506 16
2507 15
2508 9
2509 11
2510 12
2511 6
2512 3
2513 12
2514 17
2515 12
2516 15
2517 6
2518 14
2519 11
2520 8
2521 13
2522 14
2523 11
2524 16
2525 18
2526 14
2527 10
2528 14
2529 8
2530 11
2531 15
2532 11
2533 9
2534 3
2535 5
2536 4
2537 7
2538 8
2539 12
2540 6
2541 10
2542 5
2543 10
2544 5
2545 6
2546 7
2547 6
2548 8
2549 8
2550 6
2551 8
2552 7
2553 7
2554 8
2555 8
2556 5
2557 6
2558 3
2559 5
2560 7
2561 4
2562 6
2563 7
2564 6
2565 3
2566 2
2568 2
2569 3
2570 1
2571 3
2572 3
2573 2
2574 7
2575 1
2576 4
2577 4
2578 4
2579 1
2580 2
2581 3
2582 5
2583 4
2584 1
2585 5
2586 3
2587 5
2588 3
2589 8
2590 2
2591 6
2592 9
2593 3
2594 4
2595 4
2596 2
2597 7
2598 7
2599 7
2600 3
2601 2
2602 6
2603 5
2604 3
2605 8
2606 7
2607 7
2608 7
2609 11
2610 10
2611 12
2612 6
2613 7
2614 4
2615 6
2616 6
2617 8
2618 8
2619 7
2620 8
2621 6
2622 8
2623 7
2624 10
2625 15
2626 5
2627 8
2628 13
2629 10
2630 11
2631 14
2632 8
2633 9
2634 10
2635 13
2636 10
2637 10
2638 10
2639 10
2640 6
2641 8
2642 10
2643 20
2644 10
2645 8
2646 6
2647 13
2648 13
2649 11
2650 7
2651 6
2652 7
2653 10
2654 6
2655 13
2656 12
2657 13
2658 9
2659 5
2660 5
2661 12
2662 5
2663 6
2664 10
2665 9
2666 8
2667 7
2668 6
2669 8
2670 8
2671 8
2672 10
2673 7
2674 8
2675 11
2676 6
2677 11
2678 6
2679 8
2680 10
2681 5
2682 7
2683 8
2684 10
2685 5
2686 9
2687 15
2688 8
2689 14
2690 19
2691 14
2692 9
2693 11
2694 7
2695 11
2696 8
2697 14
2698 7
2699 11
2700 13
2701 11
2702 7
2703 17
2704 4
2705 10
2706 11
2707 13
2708 7
2709 4
2710 5
2711 2
2712 9
2713 9
2714 8
2715 8
2716 8
2717 3
2718 7
2719 5
2720 19
2721 8
2722 6
2723 11
2724 7
2725 6
2726 15
2727 9
2728 11
2729 8
2730 9
2731 4
2732 6
2733 13
2734 4
2735 7
2736 7
2737 9
2738 9
2739 8
2740 5
2741 12
2742 7
2743 3
2744 6
2745 7
2746 5
2747 4
2748 7
2749 3
2751 4
2752 2
2753 7
2754 2
2756 2
2757 1
2758 5
2759 2
2760 4
2761 2
2762 4
2763 1
2764 2
2765 5
2766 3
2767 3
2768 3
2769 4
2770 3
2771 1
2772 2
2773 1
2774 2
2775 1
2777 2
2778 2
2781 1
2782 1
2783 2
2784 1
2785 1
2786 1
2787 1
2791 1
2797 1
2798 1
2808 1
2815 1
2817 1
2818 1
2820 1
2823 1
2829 1
2830 1
2833 3
2834 2
2835 1
2836 4
2837 1
2838 2
2839 1
2840 2
2841 1
2842 4
2843 3
2844 7
2845 3
2846 2
2847 3
2848 4
2849 1
2850 5
2851 5
2852 3
2853 6
2854 3
2855 1
2856 2
2857 4
2858 1
2859 6
2860 6
2861 1
2862 1
2863 6
2864 4
2865 2
2866 5
2867 4
2868 3
2869 3
2870 10
2871 7
2872 5
2873 4
2874 11
2875 8
2876 6
2877 6
2878 10
2879 7
2880 9
2881 10
2882 12
2883 12
2884 9
2885 18
2886 5
2887 10
2888 8
2889 4
2890 6
2891 9
2892 11
2893 12
2894 14
2895 6
2896 13
2897 13
2898 9
2899 14
2900 13
2901 11
2902 5
2903 15
2904 16
2905 6
2906 8
2907 9
2908 12
2909 5
2910 12
2911 9
2912 13
2913 16
2914 16
2915 12
2916 13
2917 16
2918 15
2919 14
2920 19
2921 17
2922 23
2923 13
2924 13
2925 7
2926 11
2927 10
2928 16
2929 15
2930 15
2931 12
2932 16
2933 12
2934 9
2935 13
2936 10
2937 13
2938 17
2939 16
2940 8
2941 9
2942 14
2943 15
2944 10
2945 15
2946 9
2947 10
2948 13
2949 12
2950 13
2951 22
2952 16
2953 13
2954 9
2955 17
2956 13
2957 16
2958 21
2959 13
2960 15
2961 17
2962 14
2963 13
2964 13
2965 21
2966 19
2967 16
2968 12
2969 16
2970 15
2971 15
2972 15
2973 12
2974 13
2975 17
2976 6
2977 19
2978 22
2979 15
2980 12
2981 11
2982 16
2983 17
2984 13
2985 14
2986 4
2987 11
2988 17
2989 10
2990 13
2991 5
2992 15
2993 5
2994 15
2995 19
2996 9
2997 10
2998 15
2999 17
3000 11
3001 9
3002 11
3003 10
3004 6
3005 8
3006 5
3007 17
3008 6
3009 5
3010 10
3011 13
3012 7
3013 8
3014 8
3015 16
3016 8
3017 6
3018 5
3019 3
3020 6
3021 8
3022 8
3023 6
3024 5
3025 4
3026 3
3027 4
3028 4
3029 6
3030 6
3031 6
3032 3
3033 5
3034 5
3035 2
3036 4
3037 4
3038 7
3039 3
3040 1
3041 7
3042 1
3043 1
3044 2
3045 3
3046 3
3047 5
3048 7
3049 7
3050 1
3051 2
3052 4
3053 3
3055 4
3056 2
3057 4
3058 3
3059 2
3060 2
3061 4
3062 5
3063 3
3064 4
3065 3
3066 4
3067 4
3068 3
3069 1
3070 4
3073 2
3074 1
3075 3
3076 2
3078 3
3079 1
3080 2
3081 1
3082 1
3083 5
3084 1
3085 6
3087 5
3089 3
3090 2
3091 1
3092 2
3093 1
3094 1
3095 2
3098 1
3099 1
3100 2
3101 3
3105 3
3106 5
3107 1
3108 2
3110 3
3111 1
3112 3
3113 1
3114 1
3116 1
3117 6
3118 3
3119 2
3120 5
3121 1
3122 2
3123 3
3124 3
3125 7
3126 2
3127 3
3128 2
3129 2
3130 1
3131 3
3133 2
3134 2
3136 1
3137 1
3138 1
3139 1
3141 1
3143 6
3144 1
3145 3
3147 5
3148 1
3150 2
3151 2
3152 3
3153 2
3154 3
3155 3
3156 1
3157 1
3158 3
3159 3
3160 2
3161 1
3163 1
3164 2
3165 3
3166 2
3167 2
3168 1
3169 6
3170 1
3171 4
3172 2
3173 7
3174 1
3175 1
3177 1
3178 1
3179 3
3180 5
3181 2
3183 1
3184 2
3185 1
3186 3
3187 2
3188 1
3189 1
3190 1
3191 2
3193 3
3194 1
3195 6
3196 2
3197 1
3198 2
3199 3
3200 2
3202 1
3203 3
3204 1
3205 2
3206 4
3207 2
3208 2
3209 1
3210 1
3212 2
3213 2
3214 4
3215 1
3216 8
3217 2
3218 1
3219 3
3220 4
3221 3
3222 5
3223 2
3224 6
3225 2
3226 2
3227 4
3228 5
3229 2
3230 4
3231 2
3232 3
3233 3
3234 4
3235 4
3236 1
3237 3
3238 1
3239 3
3240 1
3241 4
3242 2
3243 2
3246 4
3247 1
3248 3
3249 3
3251 1
3252 1
3253 3
3254 3
3256 1
3257 2
3258 1
3259 2
3261 1
3262 1
3263 2
3267 2
3268 1
3277 2
3280 1
3281 1
3282 1
3283 1
3285 1
3286 1
3287 1
3289 3
3292 1
3293 2
3295 1
3296 1
3298 1
3299 2
3301 1
3302 1
3303 4
3304 1
3305 1
3306 1
3307 1
3309 2
3310 1
3311 2
3313 1
3315 1
3319 2
3320 1
3321 1
3322 1
3323 1
3324 1
3326 1
3328 1
3331 1
3333 1
3339 1
3341 1
3342 1
3343 1
3344 1
3346 1
3347 1
3349 2
3352 1
3353 2
3354 3
3355 1
3357 1
3360 1
3361 2
3362 3
3363 1
3366 1
3368 3
3370 3
3371 1
3373 1
3374 1
3375 2
3376 1
3377 1
3379 1
3380 2
3381 1
3382 2
3383 1
3384 2
3385 3
3386 1
3387 2
3388 3
3389 3
3390 4
3391 3
3392 5
3393 2
3394 2
3396 1
3398 1
3399 2
3400 2
3402 2
3403 1
3404 1
3405 2
3407 1
3408 2
3410 2
3411 1
3412 3
3413 1
3414 1
3415 1
3416 2
3417 1
3419 2
3420 2
3421 1
3422 4
3423 4
3424 2
3425 1
3426 4
3427 2
3428 5
3429 4
3430 1
3431 3
3432 2
3433 2
3434 1
3435 1
3437 4
3438 3
3439 2
3440 1
3441 2
3442 2
3443 2
3445 2
3446 4
3447 2
3450 3
3451 2
3452 1
3453 1
3454 2
3456 3
3457 2
3459 3
3462 1
3465 5
3466 1
3467 4
3468 1
3469 1
3470 1
3471 1
3472 4
3473 4
3474 2
3475 3
3477 2
3478 1
3480 1
3481 1
3482 2
3483 2
3485 2
3486 2
3488 2
3489 2
3490 1
3491 2
3492 4
3493 2
3494 2
3495 1
3496 2
3499 2
3501 2
3502 1
3506 2
3507 2
3508 2
3514 1
3520 1
3521 3
3523 1
3524 1
3525 2
3531 2
3532 1
3533 1
3549 2
3558 4
3559 3
3564 2
3568 5
3569 1
3571 1
3573 1
3574 1
3575 1
3576 1
3581 1
3582 1
3583 1
3589 1
3590 1
3658 1
3678 1
3701 1
3719 1
3752 1
3753 1
3764 1
3767 1
3785 1
3793 1
3799 1
3801 1
3802 2
3805 2
3808 1
3815 1
3824 1
3833 1
3838 1
3841 1
3842 1
3845 1
3846 3
3849 1
3852 1
3853 1
3854 2
3855 1
3857 1
3865 1
3867 1
3871 2
3872 1
3878 2
3879 1
3882 2
3883 1
3884 1
3888 1
3892 2
3894 1
3897 2
3900 1
3901 1
3902 2
3903 1
3905 3
3906 1
3907 2
3908 1
3909 1
3911 1
3912 1
3913 4
3914 2
3915 1
3917 4
3918 3
3919 2
3921 2
3922 2
3924 2
3925 2
3926 7
3927 5
3928 2
3929 3
3930 5
3931 6
3933 3
3934 2
3935 1
3936 4
3937 1
3938 4
3940 4
3941 4
3942 1
3943 3
3944 2
3945 2
3946 5
3947 2
3948 3
3950 2
3951 1
3952 2
3953 3
3954 6
3955 1
3957 3
3958 2
3959 2
3960 1
3961 3
3963 1
3964 3
3965 4
3967 2
3968 1
3971 1
3972 4
3974 1
3975 1
3977 1
3978 2
3982 1
3983 2
3985 2
3986 3
3987 4
3994 1
3996 1
3997 1
3998 1
3999 1
4000 2
4002 1
4003 1
4007 1
4008 1
4012 1
4013 1
4021 1
4024 1
4025 1
4028 1
4032 2
4038 1
4050 1
4051 2
4052 1
4054 1
4055 2
4057 1
4062 3
4068 1
4072 1
4073 1
4074 1
4082 1
4088 1
4091 2
4105 1
4112 1
4121 1
4124 1
4133 1
4187 1
4204 1
4224 1
4229 1
4230 1
4231 1
4232 1
4233 1
4235 1
4237 1
4238 1
4241 1
4248 1
4251 1
4252 1
4253 1
4254 1
4265 1
4271 1
4274 1
4279 1
4287 1
4290 1
4292 1
4297 1
4304 1
4314 1
4317 1
4318 1
4323 1
4327 1
4330 1
4335 1
4337 1
4340 1
4348 1
4351 1
4360 1
4365 1
4367 1
4371 1
4372 1
4373 1
4375 1
4376 1
4377 2
4378 2
4379 1
4380 3
4381 1
4382 3
4384 1
4385 1
4386 2
4388 2
4389 2
4390 5
4391 1
4392 1
4393 1
4394 1
4395 4
4396 3
4397 1
4398 1
4399 2
4400 4
4402 4
4403 3
4404 1
4405 1
4406 1
4407 1
4408 3
4409 3
4410 1
4411 4
4413 2
4414 1
4415 2
4416 3
4417 1
4418 1
4421 2
4424 1
4425 2
4430 1
4432 1
4433 2
4434 2
4436 2
4437 1
4439 1
4440 3
4441 1
4443 2
4444 1
4445 1
4447 2
4448 3
4449 1
4450 1
4452 2
4453 1
4456 1
4458 1
4462 1
4465 1
4468 1
4477 1
4483 2
4485 1
4486 1
4493 1
4494 2
4497 3
4500 1
4501 1
4504 1
4509 1
4515 1
4522 1
4523 1
4530 1
4535 1
4540 1
4542 1
4543 1
4544 1
4547 3
4548 2
4549 1
4597 1
4598 1
4599 1
4601 2
4603 1
4607 1
4622 1
4626 1
4629 1
4631 1
4638 1
4639 1
4641 1
4651 1
4652 1
4656 1
4661 1
4662 1
4670 1
4672 2
4674 1
4724 1
4733 1
4741 1
4766 1
4768 1
4769 1
4770 2
4772 1
4774 1
4776 1
4777 1
4785 1
4787 1
4790 1
4791 1
4797 1
4799 1
4802 1
4803 1
4805 1
4807 2
4812 1
4815 2
4816 2
4819 1
4820 1
4821 2
4822 1
4823 1
4827 1
4833 1
4834 1
4838 2
4839 1
4840 1
4842 1
4844 1
4846 1
4847 2
4849 1
4851 1
4852 4
4853 1
4856 2
4857 2
4858 1
4859 1
4861 1
4862 1
4863 2
4864 1
4865 3
4866 1
4870 4
4871 1
4873 1
4875 2
4876 2
4877 3
4878 1
4879 1
4880 2
4881 1
4882 2
4883 2
4884 3
4885 2
4886 1
4887 4
4888 2
4889 1
4891 2
4893 2
4894 3
4895 3
4896 2
4897 4
4899 1
4900 2
4901 1
4902 3
4903 2
4904 4
4905 4
4906 4
4907 2
4908 4
4909 3
4910 2
4911 4
4912 2
4913 2
4914 1
4915 4
4916 1
4918 3
4920 1
4921 2
4922 2
4924 2
4925 1
4926 2
4927 2
4928 1
4929 1
4930 1
4931 1
4932 2
4933 2
4934 1
4935 4
4936 2
4937 1
4939 2
4941 1
4942 1
4943 1
4944 4
4946 1
4948 1
4949 1
4950 1
4951 1
4952 3
4953 1
4954 1
4955 2
4956 1
4958 1
4959 2
4960 1
4962 2
4963 1
4965 2
4966 1
4968 1
4969 1
4973 1
4974 1
4976 1
4977 1
4978 1
4980 4
4981 1
4982 1
4983 2
4985 2
4986 3
4987 3
4988 1
4989 2
4990 1
4991 1
4993 2
4995 1
4998 2
5000 1
5002 1
5004 1
5005 2
5007 1
5009 1
5010 2
5011 2
5013 2
5016 1
5023 1
5025 2
5027 1
5028 1
5029 1
5030 1
5033 1
5034 1
5036 1
5037 1
5038 1
5039 1
5040 1
5041 2
5042 1
5045 2
5046 1
5056 1
5057 2
5132 1
5138 1
5167 1
5182 1
5198 1
5243 1
5263 4
5268 1
5269 1
5270 2
5271 2
5273 1
5274 2
5276 3
5278 2
5279 2
5280 2
5282 2
5285 1
5286 1
5287 1
5288 1
5289 4
5290 2
5292 1
5294 3
5295 1
5296 4
5297 2
5299 2
5300 2
5303 3
5304 2
5305 1
5306 1
5307 3
5308 3
5310 1
5311 1
5312 6
5313 4
5314 2
5315 3
5316 1
5317 2
5318 1
5319 2
5320 1
5321 1
5324 2
5326 1
5327 1
5328 3
5330 1
5331 3
5332 4
5333 3
5334 1
5335 4
5336 3
5337 2
5338 4
5339 1
5340 4
5341 3
5342 3
5343 1
5344 1
5348 2
5350 1
5352 3
5353 2
5354 2
5356 1
5358 1
5359 1
5360 4
5361 2
5362 3
5364 4
5366 3
5367 1
5368 3
5369 1
5370 1
5371 1
5373 2
5374 1
5375 3
5376 2
5378 3
5379 3
5380 1
5381 3
5382 1
5383 1
5386 2
5387 4
5388 3
5389 1
5391 3
5392 2
5393 2
5394 1
5395 2
5396 4
5397 3
5399 1
5400 2
5401 1
5402 2
5403 3
5404 4
5405 5
5406 1
5407 8
5408 2
5409 4
5410 2
5412 3
5413 2
5414 1
5415 3
5416 6
5417 3
5418 2
5419 5
5420 4
5421 3
5422 2
5423 3
5424 3
5425 3
5426 1
5427 2
5428 2
5430 3
5431 1
5432 1
5433 4
5435 4
5436 1
5437 3
5438 2
5439 4
5440 2
5441 2
5442 3
5443 2
5444 2
5445 5
5446 1
5447 1
5448 1
5449 1
5450 3
5451 1
5452 3
5453 4
5454 4
5455 1
5456 2
5457 1
5458 1
5459 1
5460 3
5461 1
5462 3
5463 2
5464 2
5467 1
5468 1
5469 2
5470 1
5471 1
5473 1
5476 1
5477 1
5478 2
5480 2
5481 1
5483 3
5484 2
5485 2
5486 3
5487 3
5488 1
5489 3
5490 2
5491 3
5492 1
5493 2
5495 6
5498 3
5500 2
5501 1
5502 3
5503 1
5506 2
5507 2
5508 3
5515 1
5519 1
5520 1
5521 1
5523 1
5524 1
5527 1
5537 1
5538 1
5539 1
5541 1
5543 1
5544 1
5553 1
5554 1
5563 1
5564 2
5565 1
5566 1
5569 2
5570 2
5574 3
5575 2
5576 1
5578 1
5580 2
5581 1
5582 1
5584 2
5588 2
5589 2
5590 1
5591 2
5593 1
5594 1
5595 1
5597 1
5598 1
5599 1
5600 2
5603 1
5604 1
5605 1
5606 1
5607 2
5608 1
5614 2
5616 1
5618 2
5619 1
5623 2
5624 1
5626 2
5627 1
5629 1
5631 2
5635 1
5636 1
5638 2
5644 1
5656 1
5665 1
5671 1
5724 1
5733 1
5737 1
5740 1
5741 1
5742 1
5745 1
5747 2
5750 1
5759 1
5761 1
5764 1
5765 1
5770 1
5773 1
5775 1
5776 1
5779 1
5782 1
5783 1
5784 1
5788 1
5790 3
5791 1
5792 1
5794 1
5795 1
5796 2
5799 1
5801 3
5805 1
5809 1
5815 1
5816 1
5817 1
5820 1
5822 1
5823 1
5824 1
5825 1
5827 1
5828 1
5829 2
5830 1
5831 1
5835 1
5836 2
5837 4
5838 1
5839 2
5840 1
5842 2
5843 3
5844 1
5847 1
5848 3
5849 1
5851 1
5852 1
5855 1
5864 2
5866 1
5867 1
5869 1
5870 1
5872 3
5873 1
5874 1
5876 1
5877 1
5878 1
5880 1
5881 1
5885 2
5886 1
5887 1
5890 4
5891 3
5892 2
5894 2
5895 2
5896 2
5897 1
5898 1
5900 2
5901 2
5902 4
5904 2
5906 4
5907 2
5908 2
5909 2
5910 2
5911 1
5913 1
5914 3
5915 1
5916 2
5917 2
5918 1
5920 1
5921 1
5922 1
5923 2
5924 2
5926 7
5927 1
5928 1
5929 1
5930 1
5931 1
5933 1
5934 3
5935 1
5937 2
5938 1
5940 2
5941 1
5942 2
5943 1
5947 1
5948 1
5951 2
5952 1
5953 1
5957 1
5958 1
5959 1
5963 1
5964 3
5965 3
5966 1
5967 3
5969 1
5972 1
5973 1
5974 1
5975 1
5976 1
5981 1
5985 1
5989 1
5996 1
5997 1
6002 1
6008 1
6011 1
6014 2
6019 1
6020 1
6022 2
6023 2
6024 1
6025 1
6026 1
6028 2
6029 2
6030 1
6031 1
6033 1
6034 1
6035 1
6036 1
6037 1
6038 1
6040 3
6041 1
6043 1
6045 1
6046 1
6048 1
6050 1
6051 1
6055 1
6060 1
6063 1
6064 1
6073 1
6075 2
6078 1
6079 3
6083 1
6089 2
6094 1
6124 1
6133 1
6190 1
6198 1
6199 1
6210 1
6217 1
6221 1
6223 3
6227 1
6228 1
6229 2
6230 1
6234 3
6240 1
6243 1
6251 1
6255 1
6258 1
6259 1
6264 1
6266 2
6267 1
6268 1
6269 1
6272 1
6275 2
6278 1
6279 1
6281 1
6283 1
6284 2
6288 1
6291 2
6293 1
6296 1
6298 1
6299 1
6301 2
6302 3
6303 2
6307 3
6311 1
6312 1
6317 1
6320 1
6323 1
6327 1
6329 1
6332 1
6334 1
6335 1
6338 4
6340 2
6341 1
6342 2
6343 1
6346 2
6347 1
6348 1
6349 2
6355 2
6357 2
6359 1
6360 2
6361 1
6362 1
6365 2
6368 3
6369 1
6370 2
6371 3
6373 1
6374 1
6375 1
6376 3
6377 1
6378 1
6379 1
6380 3
6382 2
6383 3
6384 1
6387 1
6388 3
6389 2
6391 3
6392 3
6393 1
6394 1
6395 2
6398 1
6399 2
6400 1
6401 2
6402 1
6403 3
6405 3
6407 1
6408 2
6409 5
6410 2
6411 2
6413 1
6414 1
6415 2
6416 1
6417 2
6418 2
6420 1
6421 3
6422 2
6423 2
6424 1
6425 1
6427 1
6428 2
6429 4
6430 2
6432 1
6433 1
6435 2
6436 3
6437 2
6438 3
6439 1
6440 5
6441 1
6443 1
6444 1
6445 1
6446 2
6448 1
6451 5
6452 1
6453 1
6455 2
6456 1
6457 2
6458 4
6459 2
6460 3
6461 2
6466 1
6467 3
6468 1
6469 3
6470 3
6472 2
6473 1
6474 3
6475 1
6477 1
6478 1
6480 1
6481 1
6482 1
6483 4
6484 2
6485 2
6486 1
6487 2
6488 1
6489 1
6490 1
6491 1
6492 1
6493 1
6494 3
6496 1
6497 2
6498 1
6500 1
6501 2
6502 1
6506 1
6507 1
6510 1
6511 1
6512 1
6517 1
6518 1
6519 1
6522 1
6523 2
6525 1
6530 1
6533 1
6534 3
6538 1
6539 2
6546 1
6547 1
6549 1
6551 1
6560 1
6561 1
6562 2
6563 1
6569 1
6572 1
6575 1
6579 1
6585 1
6587 1
6600 1
6601 1
6604 1
6607 2
6609 1
6610 1
6624 1
6626 1
6644 2
6662 1
6664 2
6670 1
6671 1
6672 2
6676 1
6677 1
6682 1
6685 3
6686 2
6688 1
6691 1
6693 1
6694 1
6695 3
6696 1
6699 1
6700 1
6701 1
6702 1
6703 2
6704 1
6707 3
6708 2
6711 3
6712 1
6715 1
6719 2
6720 2
6721 1
6722 1
6724 4
6728 1
6731 1
6732 2
6734 1
6736 1
6739 2
6741 1
6742 1
6744 1
6745 1
6747 1
6748 2
6750 1
6753 2
6755 1
6756 1
6759 1
6760 2
6761 1
6763 1
6764 1
6769 2
6772 1
6775 1
6823 1
6825 1
6826 1
6829 1
6831 1
6832 1
6839 2
6844 1
6845 1
6850 2
6851 1
6852 1
6855 1
6863 1
6869 2
6873 1
6875 1
6876 2
6879 1
6881 1
6882 2
6883 1
6886 1
6888 1
6889 3
6891 3
6892 1
6894 2
6896 2
6897 1
6899 2
6901 1
6902 1
6903 3
6904 2
6905 1
6906 2
6907 1
6908 2
6910 2
6911 1
6917 1
6922 1
6923 1
6924 3
6925 2
6926 1
6928 2
6929 2
6931 1
6932 1
6933 2
6934 1
6935 1
6936 2
6939 1
6941 1
6942 2
6943 1
6945 2
6950 2
6952 1
6953 1
6954 1
6955 1
6959 2
6964 1
6968 1
6970 1
6971 1
6982 2
6983 2
6984 1
6985 1
6987 1
6990 2
6991 2
6993 1
6996 1
6997 1
6998 2
6999 2
7001 1
7002 1
7006 1
7007 1
7009 1
7013 1
7014 1
7015 1
7021 1
7026 1
7027 1
7037 1
7039 1
7040 1
7041 2
7046 1
7053 1
7071 1
7081 1
7084 1
7092 1
7123 1
7125 1
7135 1
7182 1
7193 2
7201 1
7204 1
7207 1
7209 1
7210 1
7212 1
7220 1
7221 1
7225 1
7226 1
7227 3
7228 2
7229 1
7230 2
7231 1
7234 2
7235 1
7237 1
7238 1
7240 1
7241 1
7242 2
7243 1
7246 1
7247 1
7252 2
7254 1
7257 2
7258 2
7261 1
7264 1
7265 2
7268 1
7269 1
7278 1
7286 2
7287 1
7288 2
7294 1
7295 1
7296 2
7297 1
7298 1
7303 1
7307 2
7308 2
7310 1
7311 1
7312 1
7313 2
7315 1
7316 1
7317 2
7318 3
7319 2
7320 3
7322 2
7323 2
7324 2
7326 1
7327 2
7328 3
7329 1
7331 3
7333 2
7334 1
7335 2
7336 1
7337 1
7338 1
7339 1
7340 1
7341 4
7342 2
7343 2
7344 3
7346 2
7347 2
7348 1
7349 2
7350 3
7351 2
7352 2
7353 1
7354 1
7355 2
7356 1
7357 1
7358 1
7359 3
7361 4
7362 1
7363 1
7364 1
7365 1
7366 3
7367 2
7369 3
7370 2
7371 3
7372 1
7374 4
7375 3
7376 1
7377 5
7378 2
7379 1
7380 1
7381 3
7382 2
7383 2
7384 1
7385 2
7386 6
7387 1
7388 2
7389 1
7390 2
7391 2
7392 3
7393 3
7395 2
7396 2
7397 3
7400 1
7401 1
7403 1
7405 2
7406 5
7407 1
7408 2
7409 1
7410 3
7411 1
7412 1
7413 3
7415 1
7417 1
7418 2
7419 2
7421 1
7422 2
7423 3
7424 2
7425 1
7427 1
7429 2
7430 1
7431 1
7434 3
7435 1
7436 1
7437 1
7438 2
7440 1
7441 1
7443 1
7444 2
7445 2
7446 3
7448 1
7449 3
7450 1
7451 5
7452 2
7453 4
7454 1
7455 2
7456 1
7457 1
7458 3
7459 2
7460 3
7461 4
7462 1
7464 7
7466 3
7467 1
7468 6
7470 2
7471 2
7473 2
7474 3
7475 4
7476 1
7477 3
7478 1
7479 4
7480 1
7481 3
7483 3
7484 2
7485 1
7486 2
7487 2
7488 1
7489 1
7491 1
7492 1
7493 2
7494 1
7499 1
7501 1
7504 1
7505 1
7506 1
7509 2
7510 1
7513 1
7516 1
7518 2
7519 1
7522 1
7535 1
7536 3
7537 2
7541 1
7544 2
7545 1
7550 1
7551 1
7552 1
7555 1
7556 1
7693 1
7700 1
7731 1
7750 1
7756 1
7759 1
7760 1
7764 1
7771 2
7779 1
7780 1
7781 1
7785 1
7790 1
7792 2
7794 1
7798 2
7800 2
7801 1
7802 3
7803 1
7804 2
7805 1
7806 2
7807 4
7808 1
7811 1
7812 1
7813 1
7817 2
7818 2
7819 1
7821 1
7823 1
7824 1
7826 1
7831 2
7834 1
7835 2
7836 1
7837 1
7838 1
7839 1
7840 1
7841 1
7842 1
7843 1
7844 1
7845 2
7848 1
7849 2
7850 1
7853 2
7854 1
7855 1
7861 2
7866 2
7868 1
7869 1
7870 1
7871 2
7874 1
7876 2
7877 1
7879 1
7880 3
7882 1
7884 1
7890 1
7891 1
7897 1
7898 1
7901 1
7927 1
7930 1
7934 1
7935 1
7938 1
7945 1
7948 1
7956 1
7958 1
7961 1
7966 2
7967 1
7971 1
7981 1
7985 1
7988 1
7993 1
7999 1
8003 1
8004 1
8011 1
8014 1
8043 1
8069 2
8072 1
8073 2
8076 1
8082 1
8091 1
8160 1
8170 1
8171 1
8177 1
8179 1
8182 1
8183 1
8184 2
8185 1
8186 2
8188 4
8190 1
8192 1
8193 2
8201 1
8203 2
8206 1
8214 1
8217 1
8243 1
8245 1
8251 1
8254 2
8256 2
8259 1
8266 1
8267 1
8270 2
8272 1
8273 1
8274 1
8275 2
8280 2
8282 1
8284 1
8287 1
8297 1
8301 1
8302 1
8304 1
8305 2
8308 1
8315 1
8318 1
8319 1
8320 1
8322 1
8325 1
8326 1
8327 2
8328 1
8329 1
8330 1
8331 1
8334 1
8338 1
8341 2
8342 1
8344 1
8345 1
8348 2
8349 2
8354 2
8359 2
8360 2
8361 1
8363 1
8365 1
8366 1
8367 1
8369 3
8370 1
8371 2
8374 1
8375 1
8377 1
8379 1
8380 1
8382 2
8383 1
8384 1
8385 1
8386 1
8387 2
8388 1
8390 1
8391 1
8392 1
8393 1
8395 2
8397 2
8399 1
8400 1
8401 1
8402 2
8405 1
8407 1
8408 1
8410 1
8411 3
8412 1
8414 1
8415 1
8416 1
8417 1
8418 2
8419 4
8420 2
8422 1
8424 2
8425 2
8427 1
8429 1
8430 2
8433 1
8440 1
8443 2
8444 1
8450 1
8452 1
8456 1
8461 1
8469 1
8473 1
8474 1
8476 1
8485 1
8486 3
8494 1
8497 1
8499 1
8509 1
8510 1
8515 1
8517 1
8518 1
8519 3
8520 1
8526 1
8527 2
8528 1
8529 1
8532 1
8534 1
8535 2
8536 3
8537 3
8538 1
8541 1
8543 1
8546 1
8547 1
8549 2
8550 1
8553 1
8554 1
8555 2
8556 1
8557 2
8559 1
8560 1
8561 1
8566 2
8567 2
8569 1
8588 1
8653 1
8655 1
8663 1
8731 1
8735 1
8751 1
8752 1
8753 1
8755 1
8760 1
8764 1
8765 1
8768 1
8769 1
8776 1
8778 1
8782 1
8784 1
8791 1
8796 2
8801 1
8802 1
8803 1
8820 1
8825 1
8829 1
8831 1
8839 2
8841 2
8842 1
8844 2
8845 2
8846 1
8847 1
8850 1
8851 1
8853 2
8856 2
8857 1
8858 1
8860 1
8861 2
8862 2
8863 2
8864 2
8865 1
8866 3
8867 1
8868 2
8870 1
8871 1
8872 1
8873 1
8874 1
8875 2
8876 1
8880 1
8881 2
8883 1
8884 3
8885 2
8886 1
8890 2
8891 1
8892 1
8893 4
8894 1
8895 3
8896 1
8900 2
8902 1
8905 1
8906 1
8907 1
8910 3
8912 1
8915 1
8918 1
8920 1
8921 1
8927 1
8936 1
8938 1
8940 1
8941 2
8944 1
8945 1
8950 1
8952 1
8954 1
9013 1
9059 1
9345 1
9366 1
9390 1
9397 1
9413 1
9911 1
9914 1
10001 86
