1 21755752
2 12153444
3 8381949
4 5877067
5 3835743
6 2357012
7 1457338
8 1005521
9 832741
10 792900
11 793020
12 793921
13 765670
14 710817
15 622310
16 525229
17 426338
18 336699
19 260987
20 205980
21 169844
22 154422
23 157636
24 176071
25 203428
26 238153
27 279973
28 321398
29 365779
30 405024
31 443504
32 473521
33 499500
34 517411
35 531826
36 534759
37 534052
38 524437
39 511646
40 494032
41 474102
42 454000
43 429926
44 409038
45 388487
46 369877
47 353613
48 342671
49 334684
50 331140
51 330189
52 327987
53 326812
54 330324
55 334938
56 339913
57 340838
58 343557
59 344090
60 341487
61 336130
62 327560
63 317081
64 303605
65 288440
66 269447
67 250580
68 228976
69 208272
70 187771
71 167767
72 148276
73 130626
74 114264
75 100150
76 88100
77 78298
78 70300
79 65373
80 61649
81 60490
82 60536
83 62262
84 64897
85 68250
86 71810
87 76579
88 80681
89 84465
90 88948
91 92194
92 94403
93 96653
94 97238
95 96574
96 96326
97 94663
98 92148
99 88829
100 85377
101 82607
102 79237
103 75551
104 71964
105 68806
106 66937
107 65632
108 63246
109 63404
110 64110
111 65633
112 68194
113 71048
114 74635
115 79030
116 83118
117 88020
118 93208
119 99033
120 103967
121 107903
122 112016
123 115174
124 117638
125 120608
126 120542
127 121462
128 119941
129 118197
130 116269
131 114095
132 109813
133 106516
134 102402
135 98053
136 93092
137 88373
138 83629
139 79302
140 76015
141 71926
142 68689
143 66030
144 64496
145 63593
146 63064
147 63535
148 64200
149 66290
150 68220
151 71690
152 74042
153 77962
154 82062
155 86196
156 91501
157 95478
158 100238
159 104016
160 107716
161 111006
162 113764
163 116784
164 118543
165 119606
166 120273
167 120172
168 119372
169 117885
170 115493
171 112747
172 109633
173 105721
174 101537
175 96081
176 92076
177 87108
178 81834
179 76278
180 70669
181 65996
182 60770
183 55374
184 50410
185 46251
186 41199
187 36508
188 32831
189 29055
190 25468
191 22781
192 20021
193 17458
194 14952
195 12673
196 11026
197 9606
198 8308
199 7068
200 5821
201 4950
202 4375
203 3569
204 2973
205 2542
206 2140
207 1916
208 1570
209 1478
210 1190
211 987
212 906
213 825
214 700
215 644
216 588
217 550
218 565
219 531
220 494
221 482
222 434
223 457
224 436
225 440
226 442
227 407
228 452
229 476
230 431
231 470
232 502
233 534
234 533
235 590
236 574
237 591
238 556
239 593
240 557
241 579
242 599
243 617
244 599
245 632
246 628
247 643
248 682
249 690
250 739
251 687
252 775
253 674
254 705
255 672
256 744
257 665
258 668
259 686
260 711
261 667
262 674
263 642
264 651
265 623
266 578
267 577
268 586
269 497
270 523
271 503
272 486
273 476
274 445
275 438
276 409
277 391
278 372
279 364
280 326
281 319
282 325
283 300
284 292
285 272
286 270
287 240
288 209
289 215
290 210
291 167
292 201
293 158
294 188
295 154
296 164
297 150
298 153
299 157
300 138
301 154
302 147
303 169
304 172
305 158
306 175
307 190
308 209
309 208
310 191
311 222
312 194
313 231
314 217
315 208
316 247
317 242
318 257
319 270
320 306
321 276
322 293
323 307
324 309
325 308
326 292
327 303
328 321
329 297
330 300
331 298
332 325
333 336
334 343
335 335
336 339
337 328
338 347
339 350
340 353
341 353
342 328
343 325
344 380
345 339
346 341
347 356
348 329
349 348
350 312
351 327
352 324
353 340
354 317
355 272
356 285
357 283
358 270
359 285
360 263
361 274
362 276
363 246
364 252
365 223
366 227
367 193
368 219
369 189
370 196
371 184
372 209
373 184
374 175
375 185
376 215
377 231
378 218
379 219
380 226
381 224
382 215
383 209
384 194
385 180
386 164
387 189
388 167
389 172
390 185
391 187
392 150
393 153
394 150
395 160
396 138
397 133
398 137
399 136
400 120
401 105
402 100
403 99
404 105
405 83
406 61
407 90
408 100
409 83
410 89
411 102
412 75
413 63
414 63
415 67
416 51
417 47
418 50
419 44
420 35
421 43
422 34
423 37
424 28
425 24
426 24
427 22
428 22
429 23
430 28
431 13
432 34
433 24
434 26
435 24
436 28
437 22
438 28
439 37
440 32
441 35
442 25
443 48
444 39
445 69
446 54
447 49
448 71
449 58
450 49
451 56
452 51
453 44
454 67
455 61
456 53
457 71
458 74
459 70
460 91
461 75
462 93
463 76
464 108
465 93
466 87
467 86
468 92
469 90
470 77
471 107
472 107
473 95
474 103
475 102
476 83
477 135
478 135
479 148
480 118
481 137
482 171
483 173
484 170
485 159
486 175
487 153
488 163
489 155
490 159
491 154
492 149
493 164
494 179
495 181
496 153
497 141
498 191
499 156
500 169
501 186
502 159
503 142
504 148
505 159
506 159
507 148
508 138
509 145
510 137
511 117
512 102
513 129
514 105
515 118
516 105
517 94
518 90
519 84
520 86
521 97
522 96
523 84
524 81
525 81
526 101
527 67
528 76
529 92
530 112
531 90
532 83
533 81
534 81
535 86
536 98
537 69
538 84
539 72
540 74
541 84
542 71
543 81
544 57
545 73
546 71
547 68
548 65
549 62
550 49
551 41
552 58
553 67
554 73
555 63
556 71
557 63
558 78
559 77
560 71
561 57
562 62
563 75
564 68
565 73
566 63
567 70
568 53
569 77
570 66
571 61
572 60
573 60
574 74
575 58
576 48
577 67
578 60
579 70
580 62
581 58
582 54
583 58
584 57
585 62
586 59
587 63
588 40
589 45
590 51
591 49
592 58
593 39
594 31
595 29
596 35
597 29
598 31
599 25
600 23
601 27
602 14
603 27
604 24
605 18
606 19
607 16
608 25
609 28
610 20
611 22
612 13
613 11
614 18
615 24
616 21
617 19
618 25
619 21
620 9
621 17
622 13
623 16
624 17
625 14
626 10
627 16
628 17
629 12
630 15
631 13
632 9
633 13
634 17
635 12
636 23
637 14
638 22
639 19
640 12
641 10
642 12
643 14
644 18
645 18
646 18
647 21
648 20
649 23
650 24
651 23
652 22
653 28
654 27
655 26
656 30
657 39
658 37
659 38
660 32
661 46
662 42
663 46
664 41
665 45
666 34
667 31
668 36
669 47
670 31
671 32
672 38
673 51
674 42
675 28
676 29
677 44
678 22
679 39
680 21
681 31
682 30
683 32
684 34
685 34
686 30
687 24
688 21
689 28
690 25
691 21
692 17
693 22
694 20
695 20
696 14
697 23
698 12
699 16
700 10
701 11
702 8
703 13
704 7
705 9
706 7
707 14
708 11
709 11
710 16
711 11
712 15
713 9
714 12
715 6
716 14
717 9
718 9
719 10
720 7
721 8
722 5
723 3
724 8
725 3
726 3
727 4
728 10
729 6
730 6
731 5
732 2
733 7
734 5
735 9
736 6
737 11
738 8
739 6
740 9
741 9
742 5
743 5
744 11
745 11
746 12
747 9
748 8
749 12
750 11
751 9
752 13
753 7
754 18
755 9
756 8
757 18
758 16
759 10
760 7
761 11
762 7
763 8
764 3
765 5
766 6
767 9
768 7
769 6
770 8
771 6
772 8
773 13
774 10
775 10
776 14
777 17
778 13
779 18
780 17
781 21
782 23
783 18
784 17
785 30
786 36
787 17
788 32
789 34
790 36
791 52
792 49
793 60
794 63
795 80
796 65
797 90
798 102
799 128
800 128
801 140
802 153
803 176
804 182
805 201
806 237
807 245
808 293
809 319
810 378
811 419
812 448
813 500
814 585
815 641
816 687
817 753
818 782
819 937
820 1040
821 1099
822 1172
823 1387
824 1398
825 1592
826 1693
827 1803
828 1912
829 2163
830 2336
831 2495
832 2623
833 2891
834 3206
835 3356
836 3656
837 3907
838 4224
839 4401
840 4678
841 5036
842 5331
843 5640
844 6064
845 6359
846 6731
847 7179
848 7716
849 7865
850 8524
851 9073
852 9464
853 9857
854 10451
855 11056
856 11447
857 12191
858 12492
859 13242
860 13662
861 14314
862 15015
863 15639
864 16305
865 16607
866 17506
867 18024
868 18896
869 19576
870 20241
871 20996
872 21217
873 21672
874 22597
875 22999
876 23558
877 24064
878 24542
879 25271
880 25540
881 25966
882 26715
883 27001
884 27244
885 27673
886 28434
887 28679
888 28985
889 29237
890 29391
891 29872
892 30043
893 30055
894 30341
895 30655
896 31204
897 30963
898 31318
899 30900
900 31446
901 31379
902 31199
903 31349
904 31052
905 31450
906 31454
907 31091
908 31152
909 30947
910 31353
911 30801
912 30640
913 30961
914 30792
915 30692
916 30464
917 30592
918 30323
919 30549
920 30730
921 30588
922 30564
923 30657
924 30653
925 30890
926 30490
927 30701
928 30857
929 30898
930 31378
931 31551
932 31633
933 31823
934 32039
935 32349
936 32259
937 32610
938 33435
939 33727
940 34268
941 34550
942 34622
943 35243
944 35798
945 36289
946 36696
947 37157
948 37208
949 37796
950 38620
951 38919
952 39080
953 39866
954 40679
955 40792
956 41721
957 42046
958 42174
959 42729
960 43141
961 43473
962 43806
963 43910
964 44329
965 44756
966 45303
967 45316
968 45519
969 45517
970 45776
971 46091
972 46018
973 45628
974 46455
975 46520
976 46240
977 46138
978 46047
979 45551
980 45462
981 45323
982 44762
983 44511
984 44433
985 44183
986 43219
987 43270
988 42377
989 42548
990 41368
991 40598
992 40236
993 39573
994 38885
995 38231
996 37533
997 36653
998 35667
999 34975
1000 34357
1001 33831
1002 32684
1003 31968
1004 30856
1005 29744
1006 28790
1007 28285
1008 27368
1009 26291
1010 25607
1011 24360
1012 23827
1013 22867
1014 21878
1015 21021
1016 20459
1017 19447
1018 18582
1019 17910
1020 17205
1021 16530
1022 15750
1023 14930
1024 14317
1025 13647
1026 13102
1027 12454
1028 11610
1029 11299
1030 10639
1031 10054
1032 9574
1033 9057
1034 8371
1035 7934
1036 7650
1037 7117
1038 6751
1039 6288
1040 5840
1041 5519
1042 5177
1043 4789
1044 4481
1045 4150
1046 3885
1047 3651
1048 3416
1049 3063
1050 2959
1051 2640
1052 2491
1053 2294
1054 2043
1055 2046
1056 1863
1057 1708
1058 1633
1059 1488
1060 1333
1061 1269
1062 1153
1063 1076
1064 1012
1065 951
1066 906
1067 802
1068 739
1069 671
1070 622
1071 529
1072 527
1073 462
1074 385
1075 365
1076 356
1077 318
1078 266
1079 298
1080 255
1081 225
1082 200
1083 208
1084 154
1085 146
1086 147
1087 142
1088 111
1089 107
1090 93
1091 61
1092 78
1093 75
1094 58
1095 47
1096 50
1097 44
1098 49
1099 29
1100 35
1101 24
1102 28
1103 24
1104 21
1105 25
1106 13
1107 26
1108 21
1109 13
1110 34
1111 15
1112 19
1113 24
1114 17
1115 17
1116 11
1117 20
1118 17
1119 23
1120 15
1121 14
1122 17
1123 18
1124 15
1125 19
1126 26
1127 21
1128 8
1129 15
1130 20
1131 25
1132 17
1133 11
1134 28
1135 25
1136 21
1137 25
1138 21
1139 33
1140 30
1141 39
1142 33
1143 36
1144 22
1145 38
1146 29
1147 23
1148 26
1149 35
1150 27
1151 22
1152 26
1153 24
1154 20
1155 24
1156 23
1157 16
1158 28
1159 23
1160 15
1161 24
1162 20
1163 16
1164 17
1165 18
1166 15
1167 14
1168 14
1169 13
1170 10
1171 9
1172 8
1173 16
1174 11
1175 17
1176 21
1177 18
1178 14
1179 20
1180 15
1181 6
1182 16
1183 22
1184 16
1185 25
1186 11
1187 16
1188 24
1189 16
1190 15
1191 19
1192 15
1193 18
1194 12
1195 10
1196 12
1197 13
1198 15
1199 17
1200 15
1201 13
1202 15
1203 21
1204 19
1205 8
1206 11
1207 20
1208 10
1209 12
1210 17
1211 12
1212 12
1213 16
1214 16
1215 10
1216 13
1217 17
1218 11
1219 7
1220 11
1221 11
1222 12
1223 18
1224 8
1225 9
1226 9
1227 16
1228 14
1229 10
1230 9
1231 12
1232 11
1233 5
1234 13
1235 8
1236 10
1237 12
1238 17
1239 10
1240 14
1241 13
1242 14
1243 14
1244 10
1245 12
1246 18
1247 10
1248 11
1249 5
1250 12
1251 9
1252 16
1253 9
1254 13
1255 12
1256 13
1257 14
1258 17
1259 16
1260 16
1261 15
1262 17
1263 20
1264 20
1265 22
1266 29
1267 19
1268 29
1269 21
1270 25
1271 23
1272 24
1273 23
1274 21
1275 19
1276 22
1277 17
1278 13
1279 22
1280 24
1281 16
1282 30
1283 17
1284 25
1285 17
1286 14
1287 15
1288 12
1289 15
1290 19
1291 22
1292 15
1293 22
1294 15
1295 13
1296 18
1297 17
1298 13
1299 14
1300 18
1301 20
1302 22
1303 13
1304 18
1305 17
1306 19
1307 18
1308 16
1309 21
1310 30
1311 24
1312 19
1313 18
1314 25
1315 14
1316 13
1317 19
1318 11
1319 12
1320 15
1321 11
1322 16
1323 14
1324 10
1325 11
1326 5
1327 5
1328 6
1329 5
1330 9
1331 9
1332 11
1333 15
1334 13
1335 10
1336 15
1337 13
1338 15
1339 18
1340 6
1341 8
1342 16
1343 13
1344 8
1345 6
1346 10
1347 12
1348 11
1349 8
1350 13
1351 13
1352 12
1353 11
1354 11
1355 10
1356 8
1357 6
1358 8
1359 7
1360 11
1361 4
1362 9
1363 10
1364 11
1365 7
1366 10
1367 8
1368 8
1369 5
1370 4
1371 10
1372 4
1373 5
1374 7
1375 2
1376 7
1377 6
1378 2
1379 1
1380 5
1381 7
1382 4
1383 4
1384 6
1385 7
1386 7
1387 1
1388 3
1389 1
1390 4
1391 2
1392 1
1394 1
1395 2
1396 1
1397 3
1398 4
1399 1
1400 1
1402 1
1403 3
1404 1
1405 2
1407 1
1410 2
1411 2
1412 3
1413 4
1415 3
1416 4
1417 4
1418 4
1419 6
1420 5
1421 7
1422 6
1423 6
1424 6
1425 6
1426 3
1427 2
1428 8
1429 7
1430 1
1431 3
1432 4
1433 5
1434 3
1435 7
1436 3
1437 4
1438 3
1439 3
1440 8
1441 3
1442 3
1443 5
1444 7
1445 5
1446 6
1447 7
1448 5
1449 3
1450 12
1451 6
1452 5
1453 4
1454 8
1455 11
1456 5
1457 4
1458 6
1459 6
1460 11
1461 8
1462 10
1463 2
1464 4
1465 13
1466 7
1467 9
1468 7
1469 7
1470 4
1471 4
1472 4
1473 7
1474 6
1475 4
1476 7
1477 2
1478 7
1479 6
1480 9
1481 9
1482 8
1483 2
1484 3
1485 5
1486 6
1487 7
1488 5
1489 6
1490 8
1491 9
1492 10
1493 6
1494 6
1495 12
1496 6
1497 10
1498 4
1499 6
1500 10
1501 11
1502 4
1503 10
1504 8
1505 7
1506 5
1507 9
1508 11
1509 6
1510 6
1511 4
1512 6
1513 3
1514 6
1515 2
1516 3
1517 11
1518 5
1519 5
1520 7
1521 9
1522 3
1523 16
1524 8
1525 5
1526 10
1527 5
1528 9
1529 10
1530 8
1531 3
1532 6
1533 8
1534 7
1535 7
1536 7
1537 4
1538 1
1539 3
1540 4
1541 5
1542 4
1543 2
1544 4
1545 3
1547 1
1549 1
1550 5
1552 2
1554 3
1555 1
1556 3
1557 1
1558 4
1560 2
1561 1
1562 2
1564 3
1565 1
1567 3
1569 1
1570 1
1571 2
1572 1
1573 5
1574 1
1575 4
1576 2
1577 3
1578 1
1579 3
1581 1
1582 1
1583 3
1584 2
1585 2
1587 1
1590 1
1591 1
1592 2
1593 2
1597 1
1598 2
1601 1
1602 1
1604 4
1607 1
1608 6
1609 3
1612 1
1613 2
1614 4
1615 3
1617 3
1618 3
1619 1
1620 1
1621 2
1623 1
1624 2
1627 1
1628 2
1629 2
1635 1
1637 1
1641 1
1643 2
1645 1
1646 1
1647 1
1648 1
1650 1
1652 1
1653 2
1654 2
1656 1
1657 1
1658 3
1659 1
1660 1
1661 2
1662 1
1664 1
1665 1
1666 2
1667 3
1668 3
1669 4
1670 2
1671 2
1672 5
1673 1
1674 1
1675 3
1676 6
1677 3
1678 2
1679 5
1680 7
1681 7
1682 4
1683 2
1684 3
1685 2
1686 7
1687 2
1688 7
1689 7
1690 4
1691 7
1692 7
1693 10
1694 9
1695 11
1696 20
1697 17
1698 9
1699 14
1700 13
1701 19
1702 12
1703 16
1704 8
1705 7
1706 16
1707 19
1708 14
1709 20
1710 23
1711 19
1712 17
1713 15
1714 18
1715 30
1716 37
1717 37
1718 32
1719 47
1720 38
1721 32
1722 32
1723 29
1724 32
1725 37
1726 32
1727 34
1728 48
1729 44
1730 50
1731 50
1732 40
1733 53
1734 47
1735 71
1736 71
1737 64
1738 47
1739 72
1740 56
1741 76
1742 76
1743 66
1744 70
1745 73
1746 78
1747 60
1748 74
1749 78
1750 72
1751 61
1752 73
1753 82
1754 67
1755 94
1756 83
1757 86
1758 80
1759 90
1760 103
1761 96
1762 86
1763 88
1764 90
1765 110
1766 97
1767 101
1768 106
1769 111
1770 103
1771 130
1772 133
1773 116
1774 104
1775 132
1776 113
1777 161
1778 144
1779 144
1780 152
1781 162
1782 140
1783 160
1784 147
1785 172
1786 173
1787 158
1788 160
1789 153
1790 163
1791 157
1792 173
1793 150
1794 161
1795 154
1796 171
1797 165
1798 171
1799 151
1800 157
1801 154
1802 142
1803 156
1804 135
1805 144
1806 140
1807 164
1808 140
1809 111
1810 117
1811 129
1812 115
1813 135
1814 130
1815 135
1816 127
1817 104
1818 123
1819 132
1820 142
1821 122
1822 134
1823 121
1824 136
1825 140
1826 144
1827 132
1828 116
1829 94
1830 122
1831 117
1832 122
1833 111
1834 101
1835 100
1836 95
1837 92
1838 88
1839 77
1840 74
1841 95
1842 78
1843 89
1844 75
1845 90
1846 88
1847 85
1848 86
1849 58
1850 87
1851 95
1852 71
1853 77
1854 64
1855 76
1856 60
1857 75
1858 64
1859 52
1860 64
1861 64
1862 66
1863 66
1864 76
1865 58
1866 58
1867 61
1868 50
1869 65
1870 51
1871 50
1872 46
1873 54
1874 50
1875 55
1876 54
1877 51
1878 45
1879 64
1880 67
1881 66
1882 67
1883 65
1884 64
1885 62
1886 64
1887 83
1888 66
1889 68
1890 65
1891 65
1892 77
1893 69
1894 77
1895 94
1896 72
1897 79
1898 91
1899 80
1900 98
1901 88
1902 86
1903 90
1904 96
1905 95
1906 87
1907 97
1908 102
1909 101
1910 113
1911 107
1912 99
1913 111
1914 111
1915 103
1916 116
1917 104
1918 101
1919 125
1920 126
1921 130
1922 151
1923 141
1924 133
1925 117
1926 138
1927 145
1928 145
1929 139
1930 136
1931 167
1932 136
1933 163
1934 162
1935 159
1936 160
1937 160
1938 162
1939 149
1940 153
1941 156
1942 117
1943 147
1944 140
1945 149
1946 141
1947 158
1948 129
1949 151
1950 150
1951 150
1952 166
1953 159
1954 152
1955 153
1956 141
1957 155
1958 139
1959 160
1960 141
1961 149
1962 152
1963 128
1964 111
1965 165
1966 134
1967 140
1968 140
1969 116
1970 135
1971 135
1972 147
1973 138
1974 149
1975 138
1976 126
1977 133
1978 140
1979 110
1980 139
1981 135
1982 129
1983 119
1984 131
1985 110
1986 110
1987 109
1988 98
1989 126
1990 111
1991 103
1992 116
1993 120
1994 106
1995 97
1996 96
1997 85
1998 89
1999 94
2000 106
2001 85
2002 92
2003 88
2004 82
2005 86
2006 81
2007 82
2008 73
2009 72
2010 68
2011 70
2012 61
2013 44
2014 47
2015 42
2016 47
2017 47
2018 48
2019 47
2020 53
2021 63
2022 50
2023 51
2024 44
2025 45
2026 38
2027 48
2028 45
2029 39
2030 47
2031 49
2032 29
2033 25
2034 33
2035 27
2036 33
2037 27
2038 30
2039 22
2040 20
2041 31
2042 24
2043 20
2044 25
2045 23
2046 19
2047 23
2048 16
2049 16
2050 19
2051 16
2052 18
2053 11
2054 13
2055 13
2056 12
2057 11
2058 11
2059 9
2060 6
2061 1
2062 9
2063 9
2064 10
2065 11
2066 6
2067 7
2068 6
2069 8
2070 7
2071 10
2072 10
2073 3
2074 10
2075 3
2076 4
2077 8
2078 7
2079 6
2080 5
2081 3
2082 2
2083 4
2084 6
2085 3
2086 1
2087 4
2088 2
2089 2
2090 1
2091 7
2092 3
2093 1
2094 5
2095 2
2096 4
2097 4
2098 7
2099 2
2101 6
2102 2
2103 4
2104 5
2105 3
2106 2
2107 2
2110 2
2111 4
2112 4
2113 4
2114 2
2115 2
2116 3
2118 6
2120 3
2121 4
2122 1
2123 2
2124 4
2125 6
2126 7
2127 6
2129 3
2130 5
2131 1
2132 3
2133 3
2134 4
2135 5
2136 3
2137 3
2138 6
2139 4
2140 4
2141 5
2143 4
2144 8
2145 8
2146 2
2147 5
2148 4
2149 7
2150 5
2151 4
2152 8
2153 6
2154 4
2155 3
2156 3
2157 5
2158 8
2159 6
2160 2
2161 5
2162 2
2163 3
2164 1
2165 4
2166 7
2167 12
2168 4
2169 8
2170 7
2171 5
2172 5
2173 2
2174 2
2175 6
2176 9
2177 3
2178 3
2179 3
2180 5
2181 2
2182 6
2183 6
2184 5
2185 7
2186 4
2187 6
2188 1
2189 6
2190 5
2191 4
2192 3
2193 2
2194 7
2195 6
2196 5
2197 6
2198 10
2199 2
2200 9
2201 6
2202 4
2203 3
2204 5
2205 7
2206 3
2207 6
2208 5
2209 6
2210 10
2211 5
2212 8
2213 3
2214 5
2215 5
2216 5
2217 2
2218 5
2219 6
2220 9
2221 6
2222 4
2223 8
2224 7
2225 9
2226 7
2227 8
2228 5
2229 3
2230 3
2231 8
2232 5
2233 4
2234 6
2235 4
2236 4
2237 7
2238 8
2239 5
2240 2
2241 3
2242 4
2243 6
2244 6
2245 6
2246 5
2247 1
2248 4
2249 6
2250 6
2251 4
2252 6
2253 6
2254 3
2255 8
2256 7
2257 7
2258 6
2259 1
2260 6
2261 4
2262 6
2263 3
2264 1
2265 2
2266 1
2267 5
2268 3
2269 6
2270 2
2271 1
2272 5
2273 5
2274 3
2275 4
2276 7
2277 3
2278 1
2279 3
2280 5
2281 8
2282 4
2283 5
2284 4
2285 2
2286 8
2287 6
2288 1
2289 5
2290 6
2291 6
2292 2
2293 2
2294 8
2295 4
2296 3
2297 5
2299 5
2300 2
2301 4
2302 4
2303 1
2304 4
2305 6
2306 5
2307 3
2308 5
2309 7
2310 8
2311 2
2312 5
2313 6
2314 3
2315 4
2316 7
2317 3
2318 8
2319 2
2320 6
2322 5
2323 6
2324 1
2325 5
2326 3
2327 3
2328 2
2329 6
2330 2
2331 3
2332 2
2333 6
2334 4
2335 4
2336 1
2338 6
2339 4
2340 5
2341 3
2342 4
2343 2
2344 3
2345 1
2346 2
2347 9
2348 2
2349 3
2350 2
2351 3
2352 2
2353 3
2354 5
2355 4
2356 5
2357 3
2358 3
2359 3
2360 2
2361 3
2362 2
2363 3
2364 5
2365 1
2366 7
2367 4
2368 5
2369 3
2370 3
2371 3
2372 6
2373 6
2374 2
2375 6
2377 7
2378 4
2379 5
2380 3
2381 4
2382 5
2383 3
2384 5
2385 5
2386 1
2387 2
2388 1
2389 4
2390 5
2391 3
2392 5
2393 5
2394 3
2395 4
2396 3
2397 4
2398 4
2399 2
2400 2
2401 6
2402 1
2403 5
2404 1
2405 1
2406 3
2407 1
2408 2
2409 4
2410 1
2411 3
2412 1
2414 2
2415 1
2416 1
2417 2
2418 4
2419 4
2420 3
2421 2
2422 2
2424 3
2425 2
2426 3
2427 3
2428 1
2429 4
2430 4
2432 4
2433 1
2434 1
2435 3
2436 2
2437 2
2438 1
2439 4
2440 1
2441 2
2442 4
2443 2
2445 5
2446 4
2447 2
2448 2
2449 4
2450 3
2451 3
2452 2
2453 5
2454 2
2455 2
2456 2
2458 3
2459 3
2460 1
2462 3
2463 2
2464 4
2466 2
2467 1
2468 6
2469 3
2471 2
2472 1
2474 1
2475 2
2477 1
2479 2
2481 4
2483 2
2484 2
2485 2
2486 1
2487 1
2488 2
2489 2
2490 2
2491 7
2492 3
2494 3
2495 5
2496 4
2497 4
2498 2
2499 1
2500 2
2501 3
2502 4
2503 2
2504 1
2506 3
2507 3
2508 2
2510 2
2512 2
2513 4
2514 2
2516 2
2517 4
2518 1
2519 1
2520 5
2521 1
2522 3
2523 1
2524 2
2525 2
2526 1
2527 3
2528 3
2529 4
2530 3
2531 1
2532 2
2533 5
2534 3
2535 1
2536 1
2537 6
2538 3
2539 1
2540 5
2541 2
2542 3
2543 4
2544 2
2545 4
2546 2
2547 3
2548 4
2549 4
2550 4
2551 3
2552 7
2553 1
2554 4
2555 3
2556 7
2557 6
2558 7
2559 8
2560 6
2561 1
2562 4
2563 7
2564 3
2565 7
2566 5
2567 5
2568 6
2569 5
2570 7
2571 2
2572 10
2573 10
2574 10
2575 8
2576 8
2577 7
2578 11
2579 6
2580 8
2581 3
2582 13
2583 10
2584 7
2585 9
2586 4
2587 5
2588 12
2589 14
2590 17
2591 10
2592 5
2593 12
2594 10
2595 9
2596 14
2597 13
2598 14
2599 17
2600 13
2601 12
2602 18
2603 20
2604 21
2605 21
2606 17
2607 17
2608 21
2609 22
2610 27
2611 25
2612 23
2613 27
2614 32
2615 26
2616 35
2617 30
2618 35
2619 26
2620 29
2621 40
2622 34
2623 22
2624 25
2625 41
2626 24
2627 42
2628 27
2629 23
2630 34
2631 41
2632 48
2633 55
2634 47
2635 38
2636 44
2637 41
2638 60
2639 28
2640 49
2641 47
2642 54
2643 55
2644 64
2645 57
2646 65
2647 62
2648 58
2649 68
2650 59
2651 64
2652 84
2653 62
2654 61
2655 63
2656 53
2657 57
2658 58
2659 57
2660 82
2661 58
2662 61
2663 58
2664 66
2665 69
2666 86
2667 68
2668 65
2669 74
2670 78
2671 75
2672 87
2673 70
2674 82
2675 72
2676 86
2677 78
2678 78
2679 91
2680 92
2681 89
2682 78
2683 82
2684 85
2685 69
2686 71
2687 72
2688 83
2689 61
2690 73
2691 80
2692 82
2693 77
2694 83
2695 77
2696 73
2697 71
2698 84
2699 76
2700 68
2701 83
2702 89
2703 65
2704 102
2705 58
2706 75
2707 84
2708 74
2709 78
2710 74
2711 68
2712 106
2713 78
2714 79
2715 78
2716 72
2717 72
2718 65
2719 75
2720 71
2721 65
2722 64
2723 68
2724 57
2725 67
2726 66
2727 52
2728 71
2729 45
2730 58
2731 68
2732 59
2733 69
2734 51
2735 55
2736 59
2737 60
2738 43
2739 54
2740 46
2741 52
2742 37
2743 50
2744 45
2745 39
2746 54
2747 71
2748 45
2749 33
2750 45
2751 59
2752 44
2753 35
2754 39
2755 41
2756 42
2757 27
2758 40
2759 44
2760 44
2761 54
2762 36
2763 35
2764 37
2765 37
2766 39
2767 23
2768 35
2769 35
2770 44
2771 38
2772 48
2773 37
2774 25
2775 28
2776 28
2777 34
2778 34
2779 36
2780 25
2781 34
2782 34
2783 20
2784 24
2785 21
2786 21
2787 20
2788 21
2789 21
2790 9
2791 15
2792 16
2793 18
2794 16
2795 9
2796 16
2797 11
2798 7
2799 7
2800 10
2801 10
2802 5
2803 13
2804 4
2805 11
2806 15
2807 8
2808 10
2809 4
2810 5
2811 2
2812 8
2813 5
2814 7
2815 7
2816 6
2817 7
2818 9
2819 6
2820 7
2821 6
2822 7
2823 6
2824 6
2825 5
2826 2
2827 6
2828 6
2829 4
2830 3
2831 4
2832 2
2833 3
2834 6
2835 5
2836 2
2837 5
2838 6
2839 1
2840 5
2841 6
2842 9
2843 7
2844 7
2845 6
2846 5
2847 3
2848 5
2850 1
2851 3
2852 2
2853 3
2854 5
2855 1
2856 6
2857 1
2858 2
2859 3
2860 3
2861 3
2862 4
2863 2
2864 4
2865 8
2866 2
2867 4
2868 6
2869 8
2870 5
2871 6
2872 6
2873 2
2874 2
2875 3
2876 8
2877 9
2878 9
2879 3
2880 7
2881 8
2882 3
2883 7
2884 11
2885 7
2886 7
2887 5
2888 14
2889 14
2890 10
2891 10
2892 7
2893 9
2894 8
2895 10
2896 2
2897 7
2898 7
2899 12
2900 12
2901 8
2902 12
2903 12
2904 11
2905 12
2906 6
2907 6
2908 12
2909 9
2910 12
2911 6
2912 4
2913 8
2914 6
2915 7
2916 12
2917 14
2918 6
2919 9
2920 7
2921 9
2922 5
2923 5
2924 8
2925 8
2926 15
2927 8
2928 6
2929 10
2930 8
2931 11
2932 10
2933 9
2934 7
2935 5
2936 9
2937 7
2938 14
2939 8
2940 8
2941 8
2942 10
2943 11
2944 10
2945 13
2946 6
2947 5
2948 5
2949 9
2950 11
2951 4
2952 12
2953 8
2954 5
2955 8
2956 7
2957 4
2958 10
2959 5
2960 7
2961 7
2962 6
2963 13
2964 8
2965 12
2966 10
2967 7
2968 6
2969 11
2970 9
2971 8
2972 8
2973 7
2974 9
2975 10
2976 7
2977 8
2978 10
2979 11
2980 2
2981 9
2982 6
2983 7
2984 7
2985 6
2986 11
2987 8
2988 2
2989 7
2990 17
2991 7
2992 8
2993 6
2994 12
2995 10
2996 2
2997 4
2998 7
2999 10
3000 4
3001 8
3002 13
3003 11
3004 5
3005 4
3006 7
3007 6
3008 7
3009 9
3010 7
3011 4
3012 5
3013 8
3014 7
3015 6
3016 5
3017 6
3018 9
3019 7
3020 7
3021 14
3022 6
3023 8
3024 10
3025 4
3026 4
3027 5
3028 4
3029 7
3030 10
3031 4
3032 7
3033 10
3034 9
3035 5
3036 4
3037 7
3038 5
3039 8
3040 4
3041 7
3042 9
3043 8
3044 6
3045 4
3046 4
3047 5
3048 6
3049 6
3050 3
3051 1
3052 5
3053 5
3054 5
3055 4
3056 6
3057 6
3058 2
3059 6
3060 12
3061 6
3062 5
3063 9
3064 5
3065 11
3066 4
3067 8
3068 5
3069 5
3070 8
3071 9
3072 7
3073 7
3074 6
3075 7
3076 9
3077 10
3078 9
3079 3
3080 5
3081 12
3082 7
3083 7
3084 11
3085 14
3086 18
3087 2
3088 7
3089 10
3090 6
3091 9
3092 7
3093 8
3094 8
3095 3
3096 7
3097 10
3098 5
3099 5
3100 4
3101 4
3102 1
3103 6
3104 10
3105 6
3106 3
3107 7
3108 3
3109 8
3110 7
3111 8
3112 6
3113 4
3114 9
3115 2
3116 7
3117 10
3118 9
3119 10
3120 3
3121 9
3122 11
3123 7
3124 10
3125 9
3126 12
3127 4
3128 7
3129 5
3130 5
3131 8
3132 5
3133 4
3134 5
3135 5
3136 5
3137 4
3139 8
3140 5
3141 3
3142 3
3143 5
3144 3
3145 4
3146 2
3147 10
3148 1
3149 4
3150 1
3151 2
3152 4
3153 2
3154 2
3155 3
3156 3
3157 5
3158 6
3159 2
3160 4
3161 2
3162 5
3163 3
3164 3
3165 1
3166 1
3167 4
3168 3
3169 2
3170 3
3171 2
3172 1
3173 4
3175 2
3176 1
3177 1
3178 2
3179 2
3180 4
3181 2
3183 4
3184 1
3185 4
3186 2
3187 4
3188 2
3189 1
3190 1
3191 2
3192 2
3193 4
3194 2
3195 3
3198 2
3200 1
3201 4
3203 3
3204 2
3205 3
3206 2
3207 2
3208 2
3210 3
3212 1
3213 1
3215 1
3217 2
3218 1
3219 2
3221 2
3225 2
3226 3
3229 1
3230 1
3238 2
3240 1
3242 1
3245 1
3246 1
3247 1
3250 1
3251 1
3252 2
3255 1
3256 2
3257 2
3260 1
3263 1
3265 3
3266 2
3269 1
3272 1
3273 2
3274 1
3275 2
3277 1
3279 2
3282 1
3284 3
3285 3
3287 2
3288 3
3291 1
3294 2
3296 1
3297 1
3299 1
3301 1
3304 1
3311 1
3319 1
3323 2
3324 2
3327 1
3328 2
3330 2
3331 1
3333 2
3334 2
3335 1
3340 1
3346 1
3354 2
3357 1
3365 1
3379 1
3383 1
3385 1
3386 1
3392 1
3428 1
3429 1
3430 1
3431 1
3436 1
3442 1
3445 1
3446 1
3447 1
3450 1
3451 2
3452 1
3453 1
3454 1
3455 5
3456 3
3457 3
3458 3
3459 1
3460 4
3461 1
3462 3
3464 3
3465 3
3466 2
3467 6
3468 3
3469 1
3470 3
3471 7
3472 8
3473 4
3474 7
3475 7
3476 8
3477 2
3478 1
3479 4
3480 3
3481 7
3482 10
3483 7
3484 3
3485 9
3486 9
3487 4
3488 8
3489 7
3490 4
3491 9
3492 7
3493 13
3494 12
3495 8
3496 13
3497 7
3498 14
3499 10
3500 9
3501 5
3502 15
3503 5
3504 10
3505 7
3506 8
3507 10
3508 7
3509 7
3510 15
3511 10
3512 14
3513 11
3514 10
3515 8
3516 9
3517 10
3518 8
3519 7
3520 15
3521 12
3522 13
3523 8
3524 10
3525 13
3526 20
3527 8
3528 13
3529 16
3530 16
3531 11
3532 15
3533 17
3534 12
3535 20
3536 10
3537 11
3538 14
3539 18
3540 18
3541 14
3542 21
3543 13
3544 21
3545 15
3546 13
3547 24
3548 17
3549 21
3550 20
3551 25
3552 19
3553 15
3554 20
3555 16
3556 13
3557 19
3558 13
3559 17
3560 18
3561 19
3562 29
3563 19
3564 27
3565 20
3566 17
3567 21
3568 26
3569 19
3570 30
3571 19
3572 22
3573 28
3574 18
3575 16
3576 22
3577 18
3578 25
3579 12
3580 28
3581 22
3582 28
3583 20
3584 14
3585 18
3586 15
3587 26
3588 23
3589 16
3590 14
3591 14
3592 18
3593 20
3594 10
3595 17
3596 12
3597 20
3598 20
3599 16
3600 11
3601 23
3602 24
3603 17
3604 21
3605 20
3606 15
3607 14
3608 16
3609 22
3610 6
3611 18
3612 17
3613 8
3614 12
3615 7
3616 13
3617 11
3618 15
3619 15
3620 15
3621 18
3622 15
3623 15
3624 18
3625 13
3626 13
3627 23
3628 16
3629 15
3630 8
3631 23
3632 11
3633 19
3634 18
3635 18
3636 14
3637 15
3638 18
3639 23
3640 14
3641 12
3642 21
3643 15
3644 19
3645 15
3646 12
3647 10
3648 19
3649 11
3650 8
3651 13
3652 16
3653 9
3654 15
3655 17
3656 17
3657 15
3658 8
3659 15
3660 12
3661 10
3662 7
3663 14
3664 8
3665 11
3666 14
3667 7
3668 11
3669 9
3670 9
3671 11
3672 9
3673 8
3674 9
3675 9
3676 3
3677 9
3678 8
3679 9
3680 11
3681 10
3682 9
3683 4
3684 8
3685 3
3686 10
3687 5
3688 3
3689 8
3690 10
3691 5
3692 4
3693 5
3694 6
3695 10
3696 5
3697 6
3698 6
3699 5
3700 2
3701 7
3702 4
3703 4
3704 3
3705 3
3706 4
3707 1
3708 2
3709 3
3711 7
3712 2
3713 3
3714 3
3716 2
3717 3
3718 2
3719 1
3720 1
3721 3
3722 3
3723 1
3724 1
3725 3
3726 2
3727 2
3728 4
3730 1
3731 1
3732 5
3733 3
3734 1
3735 3
3737 4
3738 3
3739 2
3740 1
3741 4
3742 1
3743 5
3744 3
3745 2
3746 2
3747 5
3749 7
3750 8
3751 4
3752 4
3753 3
3754 3
3755 5
3756 3
3757 4
3758 4
3759 2
3760 5
3761 7
3762 6
3763 6
3764 4
3765 3
3766 3
3767 1
3768 2
3769 2
3770 3
3771 3
3772 2
3773 2
3774 4
3775 6
3776 1
3777 2
3778 7
3779 6
3780 3
3781 5
3782 2
3783 1
3784 2
3785 2
3786 2
3787 1
3788 1
3789 4
3790 3
3791 3
3792 3
3793 5
3794 1
3795 4
3796 4
3797 2
3798 6
3799 5
3800 5
3801 2
3802 5
3803 5
3804 3
3805 7
3806 1
3807 3
3808 3
3809 3
3810 7
3811 6
3812 10
3813 7
3814 1
3815 4
3816 12
3817 5
3818 8
3819 9
3820 5
3821 12
3822 8
3823 8
3824 8
3825 6
3826 11
3827 7
3828 11
3829 10
3830 9
3831 8
3832 8
3833 12
3834 14
3835 7
3836 6
3837 8
3838 10
3839 14
3840 11
3841 14
3842 20
3843 13
3844 12
3845 27
3846 14
3847 7
3848 18
3849 18
3850 11
3851 16
3852 10
3853 9
3854 15
3855 15
3856 15
3857 10
3858 22
3859 21
3860 11
3861 18
3862 18
3863 25
3864 15
3865 11
3866 12
3867 14
3868 10
3869 19
3870 22
3871 14
3872 30
3873 24
3874 19
3875 22
3876 17
3877 27
3878 20
3879 12
3880 19
3881 24
3882 21
3883 14
3884 23
3885 21
3886 23
3887 23
3888 18
3889 16
3890 16
3891 16
3892 22
3893 23
3894 25
3895 20
3896 19
3897 20
3898 26
3899 13
3900 12
3901 21
3902 20
3903 24
3904 15
3905 19
3906 18
3907 30
3908 23
3909 25
3910 16
3911 20
3912 23
3913 19
3914 18
3915 16
3916 21
3917 30
3918 20
3919 22
3920 12
3921 21
3922 21
3923 12
3924 21
3925 13
3926 24
3927 14
3928 29
3929 17
3930 21
3931 18
3932 11
3933 20
3934 19
3935 18
3936 18
3937 18
3938 17
3939 13
3940 17
3941 15
3942 13
3943 18
3944 11
3945 15
3946 24
3947 25
3948 15
3949 14
3950 26
3951 16
3952 15
3953 18
3954 6
3955 5
3956 8
3957 9
3958 11
3959 14
3960 16
3961 17
3962 14
3963 13
3964 10
3965 15
3966 13
3967 20
3968 15
3969 18
3970 10
3971 11
3972 9
3973 6
3974 11
3975 15
3976 10
3977 6
3978 9
3979 3
3980 6
3981 10
3982 12
3983 6
3984 10
3985 7
3986 10
3987 7
3988 10
3989 5
3990 6
3991 3
3992 4
3993 5
3994 4
3995 4
3996 2
3997 6
3998 7
3999 1
4000 6
4001 9
4002 10
4003 2
4004 2
4005 9
4006 5
4007 2
4008 2
4009 3
4010 1
4011 4
4012 3
4013 4
4014 5
4015 4
4016 4
4017 3
4018 4
4019 3
4020 1
4021 2
4022 3
4026 1
4027 2
4028 5
4029 3
4030 3
4031 2
4032 1
4033 1
4034 1
4035 1
4036 2
4037 2
4038 2
4039 2
4040 1
4042 3
4044 3
4045 2
4046 7
4047 2
4048 2
4049 2
4050 3
4051 4
4052 5
4053 4
4054 3
4055 5
4057 4
4058 2
4059 2
4060 3
4061 2
4062 2
4063 2
4065 4
4066 3
4067 1
4068 1
4069 1
4070 2
4071 3
4072 3
4073 3
4074 1
4075 3
4077 1
4078 1
4079 1
4083 1
4091 1
4145 1
4191 1
4282 3
4287 1
4289 1
4292 2
4293 2
4296 1
4299 1
4300 2
4301 1
4302 1
4303 2
4305 1
4308 1
4310 1
4312 2
4313 1
4315 1
4316 2
4317 3
4318 2
4320 2
4322 1
4323 1
4329 2
4331 2
4332 1
4333 1
4334 1
4335 2
4339 1
4340 2
4341 1
4344 2
4346 2
4347 1
4348 2
4349 4
4350 4
4351 1
4352 1
4353 3
4354 1
4355 1
4356 1
4357 4
4358 3
4359 2
4360 3
4361 2
4362 3
4363 1
4364 1
4365 1
4366 2
4367 1
4368 3
4370 4
4371 2
4372 3
4373 4
4374 3
4375 5
4376 2
4377 3
4378 5
4379 2
4380 4
4381 3
4382 1
4384 2
4385 7
4386 4
4387 4
4388 4
4389 7
4390 3
4391 2
4392 2
4393 2
4394 5
4395 4
4396 5
4397 4
4398 6
4399 2
4400 10
4401 5
4402 3
4403 2
4404 6
4405 7
4406 4
4407 10
4408 5
4409 6
4410 3
4411 6
4412 9
4413 8
4414 4
4415 6
4416 8
4417 1
4418 9
4419 10
4420 5
4421 7
4422 7
4423 7
4424 7
4425 12
4426 6
4427 8
4428 6
4429 4
4430 9
4431 9
4432 5
4433 7
4434 12
4435 9
4436 10
4437 4
4438 3
4439 5
4440 8
4441 14
4442 11
4443 16
4444 9
4445 6
4446 11
4447 15
4448 6
4449 16
4450 13
4451 18
4452 11
4453 14
4454 12
4455 12
4456 16
4457 16
4458 11
4459 13
4460 11
4461 19
4462 21
4463 16
4464 14
4465 17
4466 11
4467 20
4468 15
4469 17
4470 12
4471 15
4472 6
4473 10
4474 10
4475 14
4476 9
4477 9
4478 12
4479 11
4480 12
4481 15
4482 14
4483 5
4484 21
4485 12
4486 19
4487 11
4488 17
4489 15
4490 9
4491 11
4492 17
4493 11
4494 12
4495 17
4496 12
4497 18
4498 10
4499 14
4500 14
4501 13
4502 15
4503 8
4504 12
4505 14
4506 11
4507 12
4508 17
4509 18
4510 14
4511 12
4512 10
4513 15
4514 15
4515 17
4516 19
4517 19
4518 19
4519 14
4520 15
4521 14
4522 13
4523 10
4524 13
4525 11
4526 9
4527 8
4528 9
4529 14
4530 16
4531 14
4532 9
4533 10
4534 14
4535 9
4536 15
4537 11
4538 7
4539 10
4540 9
4541 13
4542 7
4543 9
4544 13
4545 10
4546 11
4547 8
4548 9
4549 10
4550 6
4551 14
4552 10
4553 9
4554 13
4555 7
4556 7
4557 14
4558 4
4559 9
4560 7
4561 8
4562 7
4563 6
4564 13
4565 12
4566 3
4567 7
4568 6
4569 11
4570 8
4571 4
4572 3
4573 2
4574 8
4575 4
4576 9
4577 7
4578 5
4579 5
4580 4
4581 5
4582 6
4583 3
4584 3
4585 1
4586 6
4587 7
4588 6
4589 4
4590 7
4591 3
4592 9
4593 6
4594 3
4595 2
4596 6
4597 2
4598 3
4599 3
4600 2
4601 5
4602 4
4603 3
4604 4
4605 3
4606 3
4607 3
4608 2
4609 1
4610 2
4611 2
4615 1
4617 2
4619 2
4620 1
4621 2
4623 2
4624 1
4625 2
4626 1
4627 4
4628 1
4630 2
4631 4
4632 2
4634 2
4635 2
4637 1
4638 1
4639 3
4640 1
4641 2
4642 1
4645 1
4646 1
4647 1
4648 1
4651 1
4653 1
4655 1
4656 1
4657 4
4658 1
4659 1
4660 2
4663 1
4664 1
4698 1
4714 1
4740 1
4743 1
4746 1
4747 1
4755 1
4757 1
4759 3
4762 1
4763 1
4767 1
4768 1
4771 3
4772 1
4773 2
4774 1
4775 1
4776 1
4779 3
4781 1
4785 1
4788 1
4789 3
4790 2
4791 1
4792 1
4793 4
4795 2
4796 3
4797 1
4799 1
4800 2
4801 1
4802 1
4803 2
4804 2
4806 5
4808 1
4809 1
4810 1
4811 3
4812 1
4813 2
4814 2
4816 3
4817 5
4819 5
4821 3
4822 3
4823 2
4824 3
4825 2
4826 1
4827 3
4828 3
4829 1
4830 3
4831 3
4832 5
4833 1
4834 4
4835 2
4836 3
4837 4
4838 2
4839 4
4841 2
4842 6
4843 7
4844 2
4845 3
4846 3
4847 2
4848 4
4849 6
4850 8
4851 5
4852 5
4853 6
4854 4
4855 4
4856 5
4857 10
4858 6
4859 5
4860 7
4861 5
4862 5
4863 5
4864 9
4865 10
4866 8
4867 7
4868 10
4869 6
4870 6
4871 16
4872 9
4873 8
4874 7
4875 9
4876 8
4877 10
4878 5
4879 6
4880 6
4881 4
4882 8
4883 11
4884 9
4885 15
4886 12
4887 11
4888 12
4889 9
4890 8
4891 6
4892 11
4893 9
4894 10
4895 13
4896 19
4897 13
4898 9
4899 12
4900 14
4901 13
4902 14
4903 10
4904 13
4905 12
4906 12
4907 17
4908 15
4909 7
4910 15
4911 15
4912 14
4913 13
4914 16
4915 15
4916 11
4917 13
4918 12
4919 8
4920 11
4921 6
4922 9
4923 8
4924 5
4925 14
4926 12
4927 7
4928 6
4929 11
4930 8
4931 9
4932 9
4933 8
4934 8
4935 5
4936 9
4937 9
4938 7
4939 11
4940 10
4941 4
4942 13
4943 8
4944 8
4945 6
4946 8
4947 6
4948 5
4949 9
4950 10
4951 6
4952 5
4953 4
4954 4
4955 3
4956 10
4957 4
4958 6
4959 5
4960 5
4961 7
4962 3
4963 4
4964 3
4965 6
4966 3
4968 5
4969 2
4970 6
4971 1
4972 7
4973 6
4974 1
4975 1
4976 3
4977 5
4978 7
4979 2
4980 3
4981 1
4982 5
4983 3
4984 1
4986 2
4987 6
4988 1
4989 4
4990 7
4991 3
4992 9
4993 1
4994 2
4995 2
4997 4
4998 1
4999 3
5000 2
5001 4
5002 5
5003 4
5004 5
5005 4
5006 1
5007 4
5008 1
5009 1
5010 1
5011 3
5013 1
5014 2
5015 4
5016 1
5017 2
5018 2
5020 1
5021 3
5022 4
5023 2
5024 3
5025 3
5026 3
5027 2
5029 5
5030 2
5031 1
5034 2
5035 1
5036 1
5037 1
5039 2
5041 1
5042 2
5043 2
5044 1
5045 4
5054 1
5060 1
5063 1
5064 1
5068 1
5076 1
5080 1
5085 1
5086 1
5087 1
5091 2
5093 1
5094 1
5095 1
5098 1
5100 1
5104 1
5109 2
5112 1
5118 1
5165 1
5196 1
5197 1
5207 1
5228 1
5229 2
5235 1
5236 2
5238 1
5241 2
5242 1
5245 1
5247 2
5249 3
5253 2
5254 1
5255 1
5256 3
5258 1
5259 3
5262 1
5263 2
5264 3
5266 2
5267 2
5268 1
5269 2
5270 1
5272 2
5273 3
5274 4
5275 5
5276 2
5277 3
5279 2
5280 1
5281 5
5282 8
5283 5
5284 3
5285 4
5286 5
5287 2
5288 3
5289 3
5290 7
5291 5
5293 5
5294 1
5295 5
5296 4
5297 2
5298 3
5299 7
5300 3
5301 4
5302 6
5303 7
5304 9
5305 12
5306 6
5307 7
5308 8
5309 7
5310 5
5311 6
5312 9
5313 7
5314 5
5315 8
5316 11
5317 2
5318 9
5319 6
5320 5
5321 13
5322 8
5323 9
5324 7
5325 7
5326 8
5327 5
5328 8
5329 10
5330 10
5331 8
5332 13
5333 9
5334 9
5335 12
5336 11
5337 9
5338 5
5339 10
5340 11
5341 8
5342 12
5343 13
5344 11
5345 9
5346 8
5347 12
5348 11
5349 10
5350 10
5351 8
5352 9
5353 7
5354 11
5355 10
5356 5
5357 7
5358 12
5359 15
5360 20
5361 11
5362 14
5363 12
5364 6
5365 13
5366 15
5367 8
5368 7
5369 11
5370 8
5371 9
5372 13
5373 9
5374 16
5375 14
5376 11
5377 11
5378 13
5379 13
5380 11
5381 13
5382 15
5383 15
5384 7
5385 4
5386 16
5387 5
5388 13
5389 5
5390 11
5391 10
5392 8
5393 11
5394 9
5395 9
5396 12
5397 7
5398 12
5399 16
5400 13
5401 7
5402 9
5403 10
5404 9
5405 7
5406 11
5407 13
5408 13
5409 14
5410 7
5411 12
5412 5
5413 13
5414 4
5415 8
5416 9
5417 13
5418 12
5419 16
5420 10
5421 12
5422 6
5423 8
5424 15
5425 11
5426 5
5427 9
5428 10
5429 11
5430 9
5431 18
5432 7
5433 8
5434 9
5435 17
5436 13
5437 5
5438 8
5439 11
5440 9
5441 21
5442 8
5443 9
5444 7
5445 9
5446 9
5447 11
5448 13
5449 9
5450 11
5451 9
5452 6
5453 4
5454 12
5455 8
5456 11
5457 7
5458 12
5459 15
5460 6
5461 8
5462 13
5463 6
5464 15
5465 10
5466 8
5467 9
5468 10
5469 8
5470 7
5471 15
5472 9
5473 13
5474 8
5475 10
5476 10
5477 10
5478 6
5479 5
5480 11
5481 10
5482 10
5483 13
5484 3
5485 2
5486 7
5487 9
5488 6
5489 3
5490 6
5491 4
5492 2
5493 3
5494 4
5495 6
5496 3
5497 6
5498 4
5499 5
5500 4
5501 4
5502 2
5503 5
5504 3
5505 4
5506 1
5507 1
5508 2
5509 6
5510 3
5511 3
5512 3
5514 2
5515 2
5516 1
5518 3
5519 1
5520 3
5522 1
5523 2
5524 2
5525 3
5526 1
5527 1
5528 2
5529 3
5530 5
5531 5
5532 2
5533 4
5534 2
5535 4
5536 3
5537 6
5538 7
5539 4
5540 3
5542 2
5543 1
5544 6
5545 5
5546 3
5547 1
5548 2
5549 1
5550 1
5551 7
5552 7
5554 1
5555 1
5556 4
5557 2
5558 6
5559 2
5560 2
5561 1
5562 2
5563 7
5564 2
5566 2
5568 4
5569 3
5570 4
5571 1
5572 2
5574 1
5575 2
5576 1
5577 1
5580 1
5581 1
5582 2
5583 2
5591 1
5598 2
5601 1
5603 2
5610 1
5618 1
5619 1
5625 1
5626 1
5627 2
5638 1
5648 1
5659 1
5667 1
5668 1
5678 2
5679 1
5680 1
5683 1
5692 1
5697 1
5734 1
5738 1
5739 1
5749 1
5754 1
5755 1
5761 1
5766 1
5769 1
5770 1
5771 1
5774 1
5775 1
5777 1
5780 1
5782 1
5783 1
5784 1
5785 2
5787 1
5788 1
5790 1
5791 3
5793 1
5794 3
5796 1
5798 1
5799 2
5800 1
5802 3
5804 2
5805 1
5806 3
5807 1
5809 2
5810 2
5811 4
5813 1
5815 2
5816 2
5817 3
5818 2
5820 2
5821 1
5823 1
5824 3
5825 2
5826 1
5827 4
5828 4
5829 1
5830 4
5831 1
5832 1
5833 2
5834 5
5835 2
5836 1
5838 2
5839 2
5840 1
5842 1
5843 2
5844 2
5845 1
5846 4
5847 2
5849 1
5850 3
5851 2
5852 2
5853 2
5854 2
5857 2
5858 3
5859 2
5860 1
5861 1
5862 3
5864 2
5866 1
5867 2
5869 2
5870 2
5871 1
5873 2
5876 1
5877 1
5878 1
5879 3
5880 1
5882 1
5884 1
5886 1
5888 1
5889 1
5890 2
5891 1
5894 3
5895 2
5896 1
5897 2
5898 1
5899 1
5900 1
5901 1
5902 1
5903 1
5904 2
5905 2
5907 2
5908 1
5909 1
5910 6
5911 1
5912 1
5913 2
5914 1
5915 2
5916 1
5922 1
5923 1
5925 1
5926 2
5927 2
5929 1
5930 3
5931 2
5932 1
5933 1
5935 2
5936 1
5937 2
5938 2
5942 2
5943 1
5945 1
5947 1
5948 1
5949 1
5951 1
5952 3
5957 2
5958 1
5959 2
5960 2
5961 1
5963 1
5964 1
5965 1
5967 1
5968 1
5971 2
5974 2
5979 3
5985 1
5988 1
5989 1
6008 1
6013 1
6014 1
6030 1
6035 1
6045 1
6047 1
6049 2
6054 1
6056 1
6067 3
6073 1
6080 2
6082 1
6086 1
6093 1
6095 1
6096 1
6098 1
6099 1
6102 1
6104 1
6106 1
6108 1
6109 1
6115 1
6123 1
6127 1
6133 1
6134 1
6140 1
6145 1
6146 1
6150 1
6155 1
6161 2
6164 3
6165 1
6170 2
6171 1
6176 2
6179 2
6186 1
6188 1
6189 1
6196 2
6200 4
6202 1
6203 1
6205 3
6206 1
6209 3
6210 5
6211 1
6212 2
6213 1
6216 4
6217 2
6218 3
6219 2
6220 3
6222 1
6223 2
6226 1
6228 2
6229 2
6231 2
6232 3
6233 1
6234 1
6237 3
6239 1
6240 1
6241 2
6242 1
6243 1
6244 4
6246 2
6247 1
6248 2
6250 3
6251 1
6252 1
6254 3
6255 1
6256 2
6258 1
6259 1
6261 2
6262 1
6265 1
6266 1
6268 1
6269 1
6271 2
6273 2
6275 3
6277 2
6278 1
6281 1
6282 3
6283 2
6284 2
6285 1
6286 1
6289 1
6290 2
6291 1
6293 2
6294 2
6295 1
6296 2
6297 1
6298 2
6299 2
6300 1
6302 2
6303 1
6304 1
6305 1
6307 2
6308 1
6309 1
6312 1
6313 2
6314 2
6315 1
6316 3
6317 2
6318 2
6319 2
6320 2
6321 1
6323 2
6325 5
6326 4
6328 4
6329 1
6330 2
6331 2
6332 3
6333 2
6334 1
6335 1
6336 1
6337 2
6338 3
6340 3
6341 3
6342 1
6343 3
6344 1
6345 1
6347 3
6349 1
6350 2
6351 2
6352 2
6353 2
6354 3
6355 2
6357 1
6358 1
6359 2
6360 4
6361 5
6362 2
6363 2
6364 1
6365 2
6366 3
6367 3
6368 2
6370 3
6371 1
6372 1
6375 3
6377 3
6378 2
6379 1
6380 1
6381 3
6384 2
6389 1
6393 1
6394 1
6397 1
6398 1
6401 2
6404 1
6407 1
6410 1
6412 1
6433 1
6440 1
6443 1
6444 1
6445 1
6449 1
6482 1
6578 1
6621 1
6713 1
6727 1
6728 1
6739 1
6741 1
6754 1
6786 1
6801 1
6813 1
6828 1
6839 1
6858 1
6893 1
6913 1
6919 1
6924 1
6933 1
6956 1
6957 1
6959 1
6962 1
6967 1
6968 1
6970 1
6971 1
6976 2
6977 2
6978 2
6979 1
6980 1
6981 1
6983 1
6985 1
6986 1
6989 2
6990 1
6991 2
6992 1
7001 1
7003 1
7004 1
7006 1
7013 1
7014 1
7016 1
7019 1
7020 1
7022 1
7026 2
7030 1
7033 1
7034 1
7039 1
7040 1
7041 3
7044 1
7048 1
7051 1
7053 1
7057 1
7058 2
7059 1
7062 1
7063 1
7064 1
7066 1
7068 1
7073 1
7076 1
7077 1
7078 1
7085 2
7086 1
7090 1
7097 1
7102 1
7113 1
7116 1
7136 1
7138 2
7143 2
7149 2
7150 1
7153 1
7156 1
7157 1
7158 3
7159 2
7160 1
7161 1
7163 1
7164 1
7165 2
7167 1
7168 2
7169 1
7170 4
7171 2
7174 3
7177 2
7178 4
7179 2
7180 1
7182 3
7183 2
7184 3
7185 1
7186 2
7187 2
7188 3
7189 3
7190 1
7191 1
7194 2
7195 1
7196 1
7199 1
7200 3
7201 3
7202 3
7203 3
7204 1
7207 2
7208 3
7209 1
7210 4
7211 1
7212 2
7213 1
7217 3
7219 4
7220 3
7221 3
7222 2
7224 3
7225 5
7226 1
7227 2
7228 1
7229 2
7231 2
7234 2
7235 2
7236 1
7237 2
7238 1
7240 1
7241 1
7242 3
7257 1
7261 1
7264 1
7265 2
7266 1
7270 1
7271 1
7275 1
7278 1
7279 1
7280 1
7282 4
7283 1
7284 2
7285 1
7289 1
7294 1
7300 1
7302 1
7303 2
7307 1
7325 1
7342 1
7348 1
7358 1
7437 1
7498 1
7561 1
7590 1
7592 1
7602 1
7611 1
7614 1
7616 1
7617 1
7624 1
7628 1
7631 1
7643 1
7645 1
7687 1
7706 1
7763 1
7778 1
7793 1
7802 2
7804 1
7805 1
7812 1
7813 1
7817 2
7823 1
7830 1
7842 1
7844 1
7845 1
7853 1
7858 1
7875 1
7876 1
7877 1
7880 1
7894 1
7895 1
7921 1
7924 1
7925 1
7938 1
7941 1
7943 3
7944 1
7945 2
7946 1
7947 1
7948 1
7949 1
7950 4
7951 1
7954 1
7955 1
7956 1
7957 1
7959 1
7961 2
7964 2
7965 1
7966 2
7967 1
7969 2
7971 2
7973 2
7974 2
7976 1
7978 2
7980 1
7982 1
7983 1
7985 1
7987 2
7988 1
7989 2
7991 2
7992 1
7993 1
7996 1
8003 1
8006 1
8010 1
8012 3
8014 1
8015 1
8018 1
8019 1
8021 2
8022 2
8023 1
8026 2
8030 1
8032 1
8034 1
8037 2
8038 1
8039 1
8042 1
8043 1
8049 1
8053 1
8054 1
8059 1
8060 1
8061 1
8062 2
8064 2
8066 1
8067 1
8074 2
8075 1
8077 1
8085 2
8087 2
8088 1
8090 1
8092 1
8093 1
8095 1
8096 1
8098 1
8103 1
8107 1
8113 2
8114 2
8115 1
8116 2
8117 2
8118 1
8119 3
8123 1
8125 1
8126 1
8127 1
8131 1
8134 1
8135 1
8136 1
8137 2
8139 1
8142 1
8145 2
8148 4
8152 1
8158 2
8160 1
8175 1
8188 1
8191 3
8194 1
8200 1
8209 1
8212 2
8213 1
8214 1
8216 1
8222 1
8229 1
8233 1
8234 1
8242 1
8243 1
8244 2
8245 1
8249 1
8255 1
8374 1
8375 1
8516 1
8527 1
8663 1
8674 1
8724 1
8742 1
8753 1
8761 1
8773 1
8785 1
8790 1
8821 1
8823 1
8829 2
8832 1
8834 2
8835 1
8836 1
8842 1
8843 2
8846 1
8848 1
8849 1
8851 1
8862 1
8870 1
8872 1
8877 1
8880 1
8881 1
8884 1
8889 1
8891 1
8895 1
8897 1
8899 1
8900 1
8907 1
8914 1
8918 1
8920 2
8925 1
8928 1
8931 1
8932 1
8936 1
8937 2
8939 1
8940 1
8941 1
8942 1
8943 2
8944 1
8947 1
8948 2
8950 1
8951 1
8952 1
8953 1
8955 1
8956 1
8957 1
8958 1
8959 2
8960 2
8965 2
8966 3
8968 1
8969 1
8971 2
8972 1
8973 2
8974 1
8976 3
8977 2
8978 1
8979 4
8980 1
8981 1
8982 2
8983 2
8984 2
8986 5
8988 1
8990 1
8991 2
8992 1
8993 1
8994 3
8996 2
8997 1
8998 2
9000 1
9001 2
9002 3
9003 2
9004 1
9005 1
9006 2
9007 1
9010 2
9011 1
9014 2
9015 1
9016 2
9017 1
9021 3
9026 1
9027 1
9028 1
9029 1
9030 2
9031 1
9032 2
9033 2
9036 2
9037 2
9038 1
9041 2
9043 1
9047 1
9048 2
9050 2
9051 1
9053 1
9055 1
9056 2
9057 2
9058 1
9059 1
9063 3
9064 3
9065 1
9066 1
9068 2
9069 1
9070 3
9071 1
9072 2
9074 1
9075 4
9076 5
9078 3
9079 1
9080 3
9081 1
9082 3
9084 7
9085 2
9087 1
9088 1
9089 4
9090 1
9091 1
9092 4
9093 3
9094 2
9095 2
9096 1
9098 2
9100 2
9101 2
9102 3
9103 5
9104 3
9105 3
9106 2
9107 3
9108 1
9109 2
9110 1
9111 1
9112 3
9120 3
9121 2
9123 1
9129 1
9130 1
9133 1
9134 1
9138 1
9139 1
9143 1
9146 1
9150 1
9162 1
9167 1
9220 1
9280 1
9388 1
9438 1
9531 1
9600 1
9622 1
9629 1
9630 1
9631 1
9632 1
9634 2
9639 3
9640 1
9641 1
9642 2
9643 2
9646 2
9647 1
9648 2
9649 3
9650 2
9652 1
9653 1
9654 1
9655 1
9657 1
9659 1
9660 3
9664 2
9665 2
9666 1
9667 1
9668 1
9670 1
9671 1
9673 3
9674 2
9675 3
9676 2
9677 1
9678 2
9680 1
9681 1
9682 3
9683 1
9685 1
9686 1
9687 1
9688 1
9689 1
9690 1
9691 2
9692 1
9693 4
9694 1
9695 2
9699 1
9702 1
9703 1
9704 1
9705 1
9706 1
9707 1
9708 2
9709 2
9710 2
9712 2
9713 1
9714 1
9717 2
9719 1
9721 1
9722 1
9725 3
9727 1
9729 1
9730 1
9732 1
9746 1
9750 2
9753 1
9754 2
9757 1
9761 1
9762 2
9764 1
9767 1
9772 3
9774 3
9775 1
9776 1
9782 1
9783 1
9785 1
9786 2
9787 1
9790 1
9791 1
9792 1
9793 1
9794 1
9797 1
9799 1
9800 2
9801 2
9804 1
9805 1
9809 1
9810 1
9812 3
9814 2
9815 2
9817 1
9819 1
9820 1
9821 1
9823 1
9824 1
9825 2
9826 3
9828 3
9831 1
9834 1
9835 1
9836 1
9840 3
9842 2
9843 2
9845 3
9846 1
9850 2
9851 3
9852 1
9855 1
9858 1
9860 1
9863 1
9864 1
9865 2
9867 2
9869 1
9873 1
9874 1
9875 2
9876 1
9877 3
9878 3
9879 1
9880 1
9881 1
9882 4
9884 1
9886 3
9887 1
9888 3
9889 3
9890 1
9891 1
9892 2
9893 3
9894 3
9895 2
9896 1
9897 2
9898 3
9899 5
9900 3
9901 1
9902 1
9903 2
9904 2
9905 1
9906 2
9907 1
9908 2
9909 1
9911 3
9912 2
9913 2
9914 4
9915 3
9916 4
9917 1
9918 6
9919 3
9920 6
9921 2
9922 2
9923 3
9924 2
9925 3
9926 6
9927 2
9928 3
9929 5
9931 2
9932 4
9933 4
9934 3
9935 4
9936 3
9937 1
9938 1
9940 5
9941 2
9942 5
9943 6
9944 1
9946 2
9947 2
9948 1
9950 2
9951 2
9953 1
9954 1
9955 3
9956 2
9957 1
9959 1
9961 1
9962 2
9963 2
9964 4
9965 3
9966 2
9967 1
9968 1
9969 1
9970 1
9971 1
9972 2
9973 2
9974 3
9975 2
9976 2
9977 1
9979 1
9980 3
9981 2
9982 1
9983 1
9984 2
9985 1
9986 4
9987 2
9988 2
9989 4
9990 4
9991 1
9992 2
9993 6
9996 2
9997 1
9998 2
9999 3
10000 1
10001 1831
