1 22556012
2 10710511
3 5564737
4 3005971
5 1893005
6 1433761
7 1188072
8 981082
9 787858
10 641505
11 560489
12 542978
13 581423
14 651576
15 735663
16 805035
17 864907
18 896412
19 901822
20 889257
21 864673
22 830676
23 786396
24 749153
25 712596
26 683483
27 660600
28 637930
29 618382
30 591038
31 562865
32 529359
33 488613
34 445024
35 398263
36 354902
37 313965
38 280031
39 247234
40 220110
41 199693
42 184479
43 173779
44 166512
45 163981
46 162634
47 162098
48 161805
49 162190
50 162013
51 162081
52 160344
53 161574
54 162368
55 163361
56 165212
57 167525
58 171240
59 174881
60 179056
61 181440
62 184235
63 187496
64 188601
65 189387
66 188483
67 186525
68 183615
69 180136
70 178098
71 176049
72 173426
73 172096
74 171651
75 170978
76 171342
77 172271
78 175412
79 176303
80 178684
81 179281
82 180788
83 179550
84 178206
85 175787
86 172531
87 166948
88 160799
89 153930
90 144671
91 134774
92 125067
93 114304
94 104126
95 94029
96 83380
97 72950
98 63319
99 54145
100 46851
101 39547
102 33587
103 27833
104 23199
105 18910
106 15445
107 12560
108 10217
109 8239
110 6805
111 5486
112 4487
113 3774
114 3094
115 2643
116 2259
117 1960
118 1797
119 1650
120 1506
121 1470
122 1355
123 1342
124 1377
125 1360
126 1357
127 1331
128 1349
129 1305
130 1314
131 1217
132 1255
133 1131
134 1003
135 979
136 980
137 926
138 811
139 805
140 762
141 732
142 660
143 685
144 614
145 589
146 502
147 495
148 482
149 475
150 453
151 486
152 460
153 459
154 428
155 434
156 451
157 436
158 510
159 502
160 521
161 503
162 474
163 537
164 541
165 509
166 593
167 574
168 595
169 560
170 561
171 595
172 571
173 582
174 551
175 544
176 555
177 510
178 504
179 493
180 490
181 523
182 449
183 434
184 407
185 377
186 404
187 438
188 375
189 402
190 379
191 431
192 369
193 393
194 393
195 357
196 360
197 325
198 317
199 283
200 319
201 310
202 277
203 267
204 314
205 304
206 310
207 274
208 258
209 238
210 239
211 215
212 198
213 187
214 174
215 167
216 175
217 164
218 160
219 162
220 129
221 131
222 129
223 141
224 130
225 110
226 131
227 121
228 138
229 168
230 154
231 159
232 147
233 147
234 120
235 153
236 131
237 158
238 165
239 130
240 161
241 165
242 199
243 185
244 196
245 189
246 193
247 224
248 201
249 220
250 244
251 224
252 208
253 196
254 210
255 190
256 192
257 219
258 220
259 226
260 241
261 216
262 201
263 218
264 210
265 197
266 175
267 192
268 192
269 170
270 205
271 203
272 196
273 187
274 189
275 178
276 194
277 195
278 187
279 163
280 171
281 191
282 185
283 168
284 179
285 150
286 169
287 180
288 143
289 124
290 144
291 131
292 122
293 140
294 112
295 106
296 115
297 99
298 107
299 92
300 105
301 96
302 85
303 71
304 59
305 81
306 75
307 72
308 49
309 79
310 79
311 62
312 52
313 53
314 49
315 49
316 42
317 37
318 30
319 39
320 34
321 46
322 50
323 37
324 45
325 37
326 55
327 65
328 50
329 34
330 52
331 44
332 39
333 41
334 57
335 43
336 36
337 46
338 44
339 39
340 42
341 39
342 43
343 43
344 49
345 51
346 53
347 40
348 49
349 55
350 50
351 54
352 59
353 51
354 55
355 46
356 53
357 47
358 39
359 48
360 44
361 28
362 35
363 23
364 26
365 28
366 23
367 22
368 24
369 18
370 16
371 23
372 26
373 40
374 24
375 36
376 35
377 39
378 38
379 47
380 64
381 86
382 98
383 99
384 97
385 118
386 130
387 153
388 193
389 198
390 226
391 280
392 285
393 354
394 400
395 490
396 570
397 645
398 783
399 899
400 1012
401 1145
402 1299
403 1449
404 1618
405 1885
406 2025
407 2350
408 2733
409 2977
410 3435
411 3848
412 4253
413 4700
414 5171
415 5776
416 6310
417 6736
418 7278
419 8165
420 8994
421 9736
422 10609
423 11075
424 12393
425 13336
426 14516
427 15305
428 16561
429 17815
430 18607
431 20122
432 21366
433 22465
434 23813
435 24942
436 26599
437 27745
438 28959
439 30560
440 31981
441 33508
442 34480
443 36099
444 37358
445 38944
446 40072
447 41610
448 42717
449 43386
450 45263
451 46025
452 47713
453 48700
454 49514
455 50293
456 51323
457 52654
458 53445
459 54658
460 55885
461 56547
462 56882
463 58173
464 58888
465 59609
466 60246
467 61461
468 61835
469 62358
470 63514
471 64512
472 64742
473 65699
474 66082
475 66681
476 67586
477 67821
478 69030
479 69005
480 70109
481 69917
482 70945
483 71159
484 72154
485 72445
486 72872
487 72999
488 73302
489 73351
490 73045
491 73663
492 73301
493 73689
494 72983
495 72508
496 71971
497 71643
498 71617
499 70395
500 69565
501 68684
502 67975
503 66618
504 65079
505 63954
506 62836
507 61554
508 60053
509 58286
510 56855
511 54537
512 53476
513 51870
514 49885
515 47996
516 46315
517 44962
518 42591
519 40878
520 39182
521 37706
522 35479
523 34038
524 31857
525 30362
526 29001
527 27359
528 25780
529 24528
530 22885
531 21299
532 20053
533 18577
534 16934
535 16229
536 14819
537 13504
538 12553
539 11865
540 10809
541 10139
542 9302
543 8514
544 7910
545 7092
546 6571
547 5892
548 5346
549 4918
550 4507
551 4014
552 3664
553 3234
554 2953
555 2577
556 2468
557 2167
558 1954
559 1694
560 1518
561 1344
562 1207
563 1132
564 964
565 895
566 720
567 695
568 584
569 525
570 441
571 381
572 365
573 312
574 273
575 255
576 220
577 159
578 160
579 120
580 147
581 100
582 100
583 86
584 85
585 74
586 84
587 61
588 73
589 57
590 60
591 54
592 52
593 42
594 59
595 62
596 45
597 51
598 45
599 44
600 38
601 17
602 32
603 34
604 23
605 32
606 28
607 35
608 34
609 23
610 21
611 26
612 37
613 32
614 27
615 18
616 31
617 33
618 25
619 21
620 22
621 19
622 27
623 14
624 27
625 21
626 25
627 26
628 33
629 32
630 18
631 24
632 17
633 22
634 11
635 27
636 13
637 15
638 18
639 16
640 21
641 16
642 30
643 19
644 22
645 26
646 27
647 24
648 17
649 28
650 24
651 27
652 24
653 31
654 38
655 36
656 33
657 41
658 32
659 43
660 25
661 39
662 29
663 36
664 35
665 21
666 38
667 35
668 25
669 33
670 41
671 42
672 27
673 31
674 38
675 33
676 34
677 33
678 27
679 22
680 23
681 21
682 27
683 29
684 18
685 22
686 28
687 22
688 23
689 23
690 24
691 27
692 29
693 14
694 20
695 26
696 17
697 31
698 14
699 17
700 11
701 15
702 16
703 14
704 13
705 16
706 14
707 10
708 15
709 18
710 14
711 9
712 21
713 13
714 17
715 13
716 18
717 10
718 16
719 10
720 17
721 10
722 11
723 13
724 18
725 8
726 12
727 13
728 15
729 13
730 20
731 7
732 7
733 11
734 13
735 6
736 8
737 9
738 15
739 10
740 4
741 5
742 10
743 11
744 16
745 12
746 13
747 11
748 11
749 10
750 10
751 7
752 6
753 4
754 4
755 6
756 5
757 8
758 8
759 6
760 3
761 10
762 4
763 3
764 8
765 8
766 6
767 9
768 3
769 6
770 5
771 7
772 4
773 6
774 7
775 9
776 3
777 10
778 2
779 8
780 7
781 12
782 7
783 9
784 9
785 10
786 7
787 11
788 9
789 10
790 10
791 7
792 7
793 10
794 5
795 6
796 14
797 14
798 10
799 16
800 5
801 6
802 5
803 5
804 4
805 2
806 5
807 5
808 11
809 7
810 6
811 10
812 11
813 7
814 8
815 2
816 4
817 5
818 3
819 6
820 6
821 7
822 8
823 4
824 4
825 7
826 7
827 7
828 12
829 9
830 9
831 8
832 5
833 8
834 12
835 11
836 10
837 10
838 9
839 9
840 5
841 15
842 12
843 18
844 22
845 22
846 10
847 23
848 31
849 23
850 34
851 23
852 34
853 38
854 56
855 39
856 52
857 52
858 64
859 68
860 46
861 56
862 56
863 71
864 52
865 54
866 58
867 64
868 63
869 52
870 80
871 84
872 68
873 70
874 86
875 95
876 83
877 109
878 91
879 90
880 100
881 111
882 116
883 118
884 124
885 137
886 125
887 144
888 155
889 153
890 149
891 160
892 151
893 154
894 166
895 158
896 164
897 158
898 149
899 182
900 168
901 152
902 167
903 146
904 177
905 197
906 185
907 190
908 231
909 202
910 207
911 236
912 214
913 186
914 197
915 202
916 182
917 248
918 202
919 212
920 198
921 205
922 212
923 203
924 226
925 221
926 221
927 199
928 219
929 209
930 221
931 222
932 187
933 188
934 205
935 193
936 175
937 198
938 183
939 177
940 183
941 189
942 175
943 177
944 194
945 162
946 165
947 159
948 197
949 172
950 165
951 169
952 171
953 167
954 180
955 170
956 170
957 203
958 168
959 169
960 179
961 178
962 185
963 226
964 231
965 199
966 208
967 217
968 233
969 232
970 220
971 252
972 218
973 280
974 231
975 249
976 245
977 246
978 238
979 225
980 230
981 230
982 227
983 226
984 221
985 227
986 205
987 204
988 229
989 215
990 227
991 209
992 217
993 230
994 217
995 248
996 232
997 242
998 193
999 179
1000 197
1001 206
1002 204
1003 197
1004 198
1005 208
1006 198
1007 209
1008 218
1009 220
1010 183
1011 188
1012 201
1013 192
1014 194
1015 157
1016 150
1017 186
1018 175
1019 173
1020 145
1021 132
1022 151
1023 145
1024 134
1025 114
1026 136
1027 120
1028 115
1029 111
1030 108
1031 126
1032 110
1033 137
1034 108
1035 94
1036 103
1037 101
1038 101
1039 100
1040 76
1041 86
1042 83
1043 69
1044 87
1045 77
1046 73
1047 51
1048 55
1049 54
1050 51
1051 45
1052 45
1053 40
1054 38
1055 38
1056 49
1057 38
1058 42
1059 30
1060 38
1061 32
1062 39
1063 33
1064 23
1065 33
1066 31
1067 29
1068 25
1069 14
1070 22
1071 28
1072 29
1073 22
1074 14
1075 27
1076 16
1077 27
1078 17
1079 25
1080 18
1081 16
1082 12
1083 13
1084 17
1085 15
1086 17
1087 5
1088 8
1089 8
1090 7
1091 6
1092 8
1093 5
1094 10
1095 9
1096 8
1097 7
1098 10
1099 13
1100 8
1101 7
1102 9
1103 7
1104 15
1105 20
1106 13
1107 14
1108 12
1109 22
1110 13
1111 19
1112 14
1113 17
1114 14
1115 14
1116 12
1117 13
1118 9
1119 10
1120 10
1121 10
1122 6
1123 7
1124 14
1125 11
1126 10
1127 14
1128 7
1129 14
1130 15
1131 6
1132 9
1133 9
1134 5
1135 4
1136 12
1137 7
1138 7
1139 8
1140 10
1141 5
1142 6
1143 11
1144 12
1145 6
1146 9
1147 5
1148 5
1149 7
1150 4
1151 9
1152 4
1153 5
1154 7
1155 3
1156 10
1157 7
1158 7
1159 3
1160 13
1161 14
1162 4
1163 11
1164 10
1165 6
1166 6
1167 4
1168 3
1169 8
1170 4
1171 8
1172 6
1173 9
1174 8
1175 8
1176 4
1177 3
1178 9
1179 4
1180 5
1181 10
1182 3
1183 5
1184 6
1185 4
1186 4
1187 3
1188 3
1189 4
1190 5
1191 2
1192 7
1193 5
1194 3
1195 7
1196 3
1197 7
1198 5
1199 3
1200 6
1201 4
1202 4
1203 4
1204 1
1205 7
1206 6
1207 6
1208 6
1209 3
1210 5
1211 4
1212 3
1213 3
1214 2
1215 6
1216 6
1217 5
1218 1
1219 5
1220 2
1221 4
1223 6
1224 4
1225 3
1226 2
1227 8
1228 4
1229 7
1230 8
1231 4
1232 7
1233 1
1234 7
1235 10
1236 2
1237 9
1238 9
1239 9
1240 3
1241 11
1242 16
1243 4
1244 4
1245 3
1246 6
1247 4
1248 5
1249 3
1250 3
1251 3
1252 3
1253 6
1254 5
1255 4
1256 5
1257 3
1258 3
1259 5
1260 2
1261 6
1262 5
1263 3
1264 5
1265 7
1266 6
1267 4
1268 6
1269 4
1270 8
1271 3
1272 8
1274 4
1275 8
1276 2
1277 6
1278 4
1279 9
1280 10
1281 5
1282 10
1283 6
1284 9
1285 14
1286 10
1287 11
1288 14
1289 15
1290 22
1291 15
1292 25
1293 15
1294 20
1295 24
1296 19
1297 15
1298 32
1299 27
1300 17
1301 28
1302 17
1303 20
1304 26
1305 28
1306 22
1307 22
1308 23
1309 38
1310 27
1311 23
1312 25
1313 30
1314 34
1315 37
1316 21
1317 34
1318 31
1319 37
1320 43
1321 34
1322 35
1323 49
1324 35
1325 46
1326 35
1327 31
1328 53
1329 54
1330 43
1331 55
1332 44
1333 50
1334 49
1335 64
1336 55
1337 69
1338 59
1339 72
1340 68
1341 66
1342 66
1343 75
1344 80
1345 65
1346 69
1347 80
1348 74
1349 98
1350 71
1351 83
1352 83
1353 86
1354 79
1355 103
1356 89
1357 77
1358 106
1359 96
1360 109
1361 95
1362 109
1363 119
1364 83
1365 111
1366 108
1367 117
1368 116
1369 112
1370 104
1371 118
1372 107
1373 116
1374 106
1375 113
1376 110
1377 114
1378 118
1379 102
1380 98
1381 103
1382 97
1383 119
1384 108
1385 126
1386 114
1387 101
1388 122
1389 101
1390 109
1391 125
1392 113
1393 112
1394 115
1395 101
1396 125
1397 90
1398 95
1399 97
1400 80
1401 87
1402 90
1403 80
1404 86
1405 91
1406 88
1407 74
1408 84
1409 67
1410 93
1411 76
1412 81
1413 72
1414 84
1415 76
1416 71
1417 55
1418 70
1419 75
1420 73
1421 79
1422 73
1423 63
1424 64
1425 65
1426 60
1427 60
1428 53
1429 50
1430 54
1431 48
1432 54
1433 55
1434 42
1435 53
1436 44
1437 39
1438 42
1439 34
1440 45
1441 39
1442 22
1443 32
1444 32
1445 41
1446 33
1447 27
1448 28
1449 28
1450 38
1451 18
1452 19
1453 29
1454 23
1455 17
1456 26
1457 23
1458 39
1459 24
1460 27
1461 27
1462 30
1463 21
1464 26
1465 22
1466 24
1467 24
1468 15
1469 21
1470 28
1471 12
1472 12
1473 17
1474 17
1475 20
1476 15
1477 15
1478 22
1479 17
1480 23
1481 14
1482 19
1483 21
1484 20
1485 21
1486 18
1487 19
1488 18
1489 9
1490 16
1491 16
1492 12
1493 15
1494 12
1495 17
1496 17
1497 12
1498 16
1499 14
1500 11
1501 10
1502 9
1503 17
1504 12
1505 16
1506 11
1507 17
1508 7
1509 9
1510 11
1511 8
1512 10
1513 12
1514 15
1515 11
1516 10
1517 9
1518 8
1519 10
1520 11
1521 8
1522 12
1523 11
1524 12
1525 15
1526 9
1527 16
1528 13
1529 11
1530 12
1531 14
1532 26
1533 14
1534 9
1535 20
1536 14
1537 13
1538 9
1539 14
1540 12
1541 16
1542 10
1543 9
1544 6
1545 13
1546 9
1547 7
1548 6
1549 7
1550 9
1551 8
1552 10
1553 16
1554 9
1555 14
1556 14
1557 14
1558 4
1559 11
1560 5
1561 10
1562 6
1563 9
1564 9
1565 8
1566 6
1567 7
1568 9
1569 10
1570 7
1571 8
1572 6
1573 9
1574 15
1575 7
1576 9
1577 4
1578 12
1579 12
1580 8
1581 6
1582 7
1583 4
1584 5
1585 11
1586 2
1587 4
1588 7
1589 9
1590 10
1591 6
1592 5
1593 8
1594 6
1595 11
1596 7
1597 13
1598 10
1599 11
1600 7
1601 16
1602 7
1603 10
1604 5
1605 6
1606 5
1607 4
1608 6
1609 6
1610 9
1611 6
1612 7
1613 1
1614 9
1615 4
1616 8
1617 2
1618 3
1619 4
1620 8
1621 5
1622 3
1623 3
1624 4
1625 4
1626 3
1627 1
1628 5
1629 5
1630 4
1631 5
1632 3
1633 7
1634 5
1635 7
1636 6
1637 7
1638 7
1639 10
1640 8
1641 9
1642 7
1643 7
1644 7
1645 5
1646 7
1647 2
1648 10
1649 6
1650 6
1651 8
1652 4
1653 7
1654 3
1655 5
1656 3
1657 12
1658 4
1659 5
1660 6
1661 10
1662 5
1663 6
1664 3
1665 1
1666 4
1667 4
1668 5
1669 2
1670 5
1671 4
1672 6
1673 4
1674 1
1675 1
1677 3
1678 3
1679 4
1680 4
1681 5
1682 4
1683 3
1684 2
1685 2
1686 1
1687 2
1688 1
1689 4
1690 2
1691 2
1692 4
1694 2
1695 1
1696 2
1697 2
1698 2
1699 2
1700 2
1701 1
1702 1
1703 3
1704 1
1705 3
1707 2
1708 2
1709 1
1710 1
1711 3
1712 1
1714 1
1715 2
1716 2
1718 1
1720 1
1721 2
1722 1
1725 1
1727 3
1728 3
1729 1
1730 3
1731 2
1732 4
1733 1
1734 9
1735 4
1736 2
1737 6
1738 4
1739 4
1740 2
1741 2
1742 4
1743 7
1744 5
1745 3
1746 6
1747 7
1748 7
1749 3
1750 4
1751 8
1752 5
1753 4
1754 4
1755 8
1756 3
1757 2
1758 7
1759 7
1760 9
1761 7
1762 8
1763 10
1764 8
1765 11
1766 10
1767 10
1768 8
1769 8
1770 8
1771 9
1772 10
1773 7
1774 10
1775 13
1776 9
1777 11
1778 17
1779 8
1780 12
1781 12
1782 21
1783 14
1784 13
1785 20
1786 14
1787 22
1788 19
1789 15
1790 15
1791 21
1792 18
1793 20
1794 13
1795 22
1796 16
1797 17
1798 19
1799 18
1800 16
1801 25
1802 19
1803 15
1804 23
1805 18
1806 19
1807 16
1808 20
1809 27
1810 28
1811 19
1812 18
1813 14
1814 25
1815 28
1816 22
1817 31
1818 33
1819 34
1820 27
1821 26
1822 31
1823 34
1824 45
1825 31
1826 28
1827 25
1828 27
1829 26
1830 31
1831 33
1832 35
1833 48
1834 44
1835 26
1836 22
1837 40
1838 33
1839 29
1840 35
1841 40
1842 34
1843 32
1844 38
1845 33
1846 38
1847 34
1848 33
1849 26
1850 34
1851 24
1852 35
1853 25
1854 24
1855 27
1856 32
1857 22
1858 32
1859 22
1860 20
1861 16
1862 23
1863 26
1864 23
1865 25
1866 21
1867 15
1868 24
1869 17
1870 22
1871 18
1872 18
1873 20
1874 23
1875 24
1876 18
1877 20
1878 20
1879 17
1880 12
1881 17
1882 12
1883 11
1884 21
1885 16
1886 17
1887 16
1888 11
1889 13
1890 8
1891 12
1892 15
1893 14
1894 8
1895 6
1896 13
1897 12
1898 11
1899 5
1900 16
1901 13
1902 12
1903 12
1904 13
1905 9
1906 11
1907 15
1908 15
1909 13
1910 16
1911 21
1912 15
1913 9
1914 16
1915 9
1916 20
1917 14
1918 11
1919 24
1920 15
1921 15
1922 14
1923 24
1924 11
1925 21
1926 18
1927 23
1928 22
1929 14
1930 31
1931 24
1932 24
1933 33
1934 18
1935 21
1936 28
1937 21
1938 19
1939 17
1940 19
1941 22
1942 13
1943 27
1944 19
1945 22
1946 22
1947 18
1948 16
1949 23
1950 20
1951 15
1952 14
1953 22
1954 11
1955 25
1956 13
1957 24
1958 27
1959 16
1960 27
1961 23
1962 25
1963 31
1964 26
1965 22
1966 24
1967 20
1968 35
1969 33
1970 27
1971 23
1972 32
1973 31
1974 20
1975 27
1976 28
1977 34
1978 35
1979 21
1980 26
1981 24
1982 25
1983 26
1984 30
1985 21
1986 30
1987 24
1988 33
1989 27
1990 21
1991 32
1992 34
1993 22
1994 20
1995 44
1996 26
1997 21
1998 30
1999 25
2000 36
2001 28
2002 27
2003 19
2004 24
2005 18
2006 29
2007 25
2008 17
2009 19
2010 23
2011 17
2012 14
2013 16
2014 30
2015 18
2016 24
2017 13
2018 16
2019 22
2020 24
2021 27
2022 15
2023 19
2024 29
2025 20
2026 12
2027 17
2028 22
2029 11
2030 24
2031 12
2032 18
2033 14
2034 21
2035 21
2036 14
2037 19
2038 20
2039 10
2040 13
2041 19
2042 7
2043 8
2044 15
2045 15
2046 8
2047 16
2048 10
2049 11
2050 7
2051 10
2052 11
2053 12
2054 9
2055 9
2056 9
2057 8
2058 7
2059 5
2060 10
2061 7
2062 9
2063 2
2064 5
2065 4
2066 7
2067 5
2068 6
2069 4
2070 2
2071 6
2072 2
2073 6
2074 4
2075 4
2076 7
2077 6
2078 6
2079 8
2080 4
2081 2
2082 5
2083 4
2084 1
2085 2
2086 3
2087 1
2088 2
2089 4
2090 5
2091 1
2093 2
2095 1
2096 1
2097 1
2098 1
2099 3
2101 1
2104 1
2105 4
2107 1
2108 1
2110 1
2111 1
2112 1
2115 1
2129 1
2140 1
2148 1
2149 1
2151 1
2158 1
2159 1
2160 2
2162 1
2163 1
2166 1
2167 1
2168 1
2169 1
2170 1
2178 1
2180 1
2181 1
2183 1
2185 1
2187 1
2188 2
2193 1
2194 1
2200 1
2202 1
2204 1
2206 1
2207 1
2208 2
2209 3
2211 1
2213 3
2214 4
2215 3
2216 6
2217 6
2218 4
2219 4
2220 5
2221 2
2222 3
2223 5
2224 8
2225 3
2226 8
2227 4
2228 5
2229 3
2230 5
2231 6
2232 5
2233 6
2234 8
2235 9
2236 7
2237 12
2238 3
2239 9
2240 11
2241 5
2242 11
2243 10
2244 12
2245 13
2246 12
2247 13
2248 7
2249 6
2250 22
2251 20
2252 16
2253 13
2254 12
2255 16
2256 24
2257 16
2258 13
2259 14
2260 14
2261 21
2262 13
2263 20
2264 18
2265 20
2266 16
2267 12
2268 20
2269 17
2270 16
2271 18
2272 24
2273 18
2274 15
2275 17
2276 21
2277 27
2278 15
2279 19
2280 22
2281 24
2282 28
2283 32
2284 29
2285 22
2286 33
2287 20
2288 26
2289 22
2290 27
2291 23
2292 21
2293 24
2294 25
2295 33
2296 29
2297 20
2298 15
2299 22
2300 15
2301 21
2302 18
2303 26
2304 21
2305 18
2306 23
2307 24
2308 26
2309 26
2310 16
2311 20
2312 18
2313 18
2314 25
2315 25
2316 13
2317 16
2318 12
2319 27
2320 20
2321 13
2322 18
2323 15
2324 21
2325 16
2326 16
2327 18
2328 13
2329 17
2330 14
2331 10
2332 10
2333 13
2334 12
2335 8
2336 8
2337 6
2338 10
2339 12
2340 6
2341 10
2342 9
2343 9
2344 10
2345 7
2346 9
2347 12
2348 6
2349 11
2350 6
2351 7
2352 9
2353 10
2354 15
2355 11
2356 10
2357 6
2358 5
2359 10
2360 9
2361 6
2362 5
2363 13
2364 7
2365 12
2366 6
2367 2
2368 8
2369 7
2370 4
2371 10
2372 4
2373 3
2374 2
2375 9
2376 4
2377 5
2378 4
2379 1
2380 4
2381 3
2382 2
2383 2
2384 4
2386 6
2387 7
2388 3
2389 5
2390 8
2391 4
2392 2
2393 1
2394 2
2395 3
2396 3
2397 3
2398 7
2399 2
2400 5
2401 3
2402 3
2403 3
2404 2
2405 2
2406 2
2407 2
2408 5
2409 5
2410 3
2411 3
2412 7
2413 5
2414 8
2415 9
2416 8
2417 5
2418 9
2419 3
2420 4
2421 6
2422 8
2423 5
2424 11
2425 13
2426 7
2427 7
2428 6
2429 10
2430 7
2431 10
2432 8
2433 14
2434 13
2435 11
2436 12
2437 14
2438 15
2439 8
2440 11
2441 6
2442 11
2443 9
2444 12
2445 10
2446 12
2447 12
2448 13
2449 16
2450 9
2451 17
2452 7
2453 9
2454 9
2455 3
2456 12
2457 6
2458 6
2459 6
2460 7
2461 5
2462 9
2463 8
2464 8
2465 10
2466 7
2467 8
2468 6
2469 10
2470 6
2471 5
2472 9
2473 11
2474 13
2475 10
2476 6
2477 3
2478 11
2479 10
2480 4
2481 6
2482 10
2483 11
2484 5
2485 14
2486 8
2487 9
2488 5
2489 9
2490 5
2491 9
2492 17
2493 6
2494 7
2495 9
2496 9
2497 10
2498 11
2499 10
2500 6
2501 16
2502 10
2503 12
2504 7
2505 10
2506 12
2507 7
2508 6
2509 8
2510 11
2511 12
2512 7
2513 10
2514 12
2515 9
2516 14
2517 7
2518 10
2519 6
2520 5
2521 4
2522 6
2523 6
2524 3
2525 4
2526 3
2527 7
2528 4
2529 4
2530 1
2531 4
2532 3
2533 1
2534 1
2535 4
2536 3
2537 1
2538 6
2539 5
2540 3
2541 3
2542 4
2543 4
2544 1
2545 4
2546 7
2547 5
2548 3
2549 2
2550 6
2551 5
2552 2
2553 6
2554 9
2555 1
2556 2
2557 6
2558 3
2559 3
2560 2
2561 2
2562 4
2563 5
2564 2
2565 7
2566 1
2567 3
2568 3
2569 6
2570 7
2571 6
2572 2
2573 4
2574 1
2575 1
2576 2
2577 2
2578 2
2579 2
2581 1
2582 2
2583 1
2584 2
2585 2
2586 4
2587 3
2588 1
2589 1
2590 2
2591 1
2592 1
2593 4
2594 2
2595 1
2596 1
2597 4
2598 2
2599 1
2600 2
2601 2
2602 1
2603 4
2604 3
2605 3
2606 1
2607 1
2608 2
2609 2
2610 4
2611 3
2612 6
2613 2
2614 3
2615 7
2617 4
2618 2
2619 2
2620 5
2621 4
2622 9
2623 5
2624 4
2625 3
2627 4
2628 6
2629 2
2630 1
2631 6
2632 6
2633 2
2634 1
2636 2
2637 5
2638 4
2639 1
2640 3
2641 2
2642 1
2643 2
2645 2
2646 4
2647 3
2648 2
2651 1
2652 2
2653 1
2654 1
2655 2
2656 2
2657 1
2658 4
2659 3
2660 5
2661 4
2662 5
2663 6
2664 9
2665 6
2666 4
2667 6
2668 8
2669 5
2670 4
2671 5
2672 4
2673 1
2674 5
2675 8
2676 8
2677 9
2678 11
2679 7
2680 3
2681 5
2682 12
2683 10
2684 5
2685 5
2686 12
2687 6
2688 5
2689 7
2690 6
2691 4
2692 5
2693 7
2694 6
2695 9
2696 6
2697 7
2698 6
2699 9
2700 6
2701 8
2702 6
2703 8
2704 6
2705 8
2706 6
2707 8
2708 8
2709 7
2710 8
2711 13
2712 10
2713 12
2714 18
2715 21
2716 21
2717 12
2718 6
2719 17
2720 21
2721 13
2722 19
2723 14
2724 13
2725 10
2726 6
2727 16
2728 13
2729 15
2730 18
2731 17
2732 18
2733 13
2734 20
2735 28
2736 15
2737 26
2738 21
2739 21
2740 19
2741 12
2742 17
2743 17
2744 19
2745 20
2746 23
2747 23
2748 14
2749 21
2750 27
2751 15
2752 20
2753 12
2754 21
2755 20
2756 19
2757 24
2758 20
2759 21
2760 21
2761 20
2762 24
2763 15
2764 19
2765 19
2766 25
2767 19
2768 16
2769 11
2770 12
2771 14
2772 12
2773 21
2774 19
2775 13
2776 14
2777 17
2778 13
2779 9
2780 12
2781 12
2782 16
2783 17
2784 12
2785 11
2786 8
2787 19
2788 8
2789 11
2790 11
2791 16
2792 16
2793 9
2794 12
2795 14
2796 11
2797 14
2798 8
2799 12
2800 6
2801 11
2802 8
2803 21
2804 9
2805 11
2806 10
2807 13
2808 10
2809 5
2810 7
2811 8
2812 8
2813 6
2814 4
2815 7
2816 7
2817 5
2818 7
2819 8
2820 7
2821 5
2822 7
2823 8
2824 5
2825 3
2826 5
2827 5
2828 3
2829 1
2830 1
2831 6
2832 9
2833 1
2834 2
2835 5
2836 3
2837 3
2838 2
2839 6
2841 4
2842 2
2843 3
2844 4
2845 7
2846 9
2847 3
2848 6
2849 5
2850 5
2851 5
2852 2
2853 3
2854 4
2855 4
2856 6
2857 3
2858 4
2859 5
2860 5
2861 6
2862 3
2863 1
2864 5
2865 3
2866 2
2867 1
2868 5
2869 2
2870 4
2871 1
2872 5
2873 1
2874 1
2877 2
2878 2
2879 1
2881 2
2882 2
2886 1
2887 1
2889 1
2891 1
2892 1
2894 1
2897 1
2904 1
2911 1
2912 1
2913 1
2918 1
2919 1
2921 1
2923 1
2925 2
2926 1
2927 2
2929 1
2930 2
2931 2
2932 4
2933 2
2934 2
2935 6
2936 4
2937 2
2938 4
2939 4
2941 9
2942 5
2943 4
2944 1
2945 1
2946 3
2947 1
2948 1
2949 2
2950 3
2951 1
2952 2
2953 1
2954 2
2955 4
2956 3
2957 1
2958 3
2959 4
2961 3
2962 3
2963 4
2964 2
2965 4
2966 3
2967 2
2968 1
2971 5
2972 1
2973 2
2974 1
2976 3
2977 2
2978 2
2979 2
2980 2
2981 2
2983 2
2984 2
2986 1
2987 1
2988 1
2991 1
2993 1
2997 2
2998 1
2999 2
3000 3
3001 3
3003 2
3004 1
3005 3
3007 1
3008 2
3010 1
3011 2
3013 1
3014 2
3015 2
3016 1
3017 4
3018 4
3019 1
3020 3
3021 2
3022 2
3023 1
3025 1
3027 2
3028 1
3029 2
3030 2
3031 2
3033 2
3036 2
3037 1
3039 1
3040 1
3041 2
3042 1
3043 2
3044 1
3045 1
3046 2
3047 2
3048 2
3049 1
3050 1
3052 1
3053 1
3054 2
3055 2
3056 1
3058 1
3059 2
3061 1
3064 1
3065 2
3066 1
3067 1
3068 3
3070 3
3071 4
3073 1
3074 2
3077 2
3079 1
3081 1
3082 1
3083 2
3084 3
3086 2
3087 1
3088 1
3089 2
3090 2
3091 3
3092 2
3094 1
3095 3
3097 4
3099 3
3100 1
3101 2
3104 5
3105 2
3106 3
3107 1
3109 1
3112 1
3113 4
3114 1
3115 2
3116 3
3117 2
3118 2
3119 3
3122 1
3123 3
3124 1
3125 1
3126 2
3127 2
3129 2
3130 2
3131 2
3132 1
3133 4
3134 2
3137 1
3138 1
3140 5
3143 2
3144 1
3145 2
3146 2
3147 2
3148 2
3149 3
3150 1
3151 1
3152 2
3156 2
3157 1
3161 1
3162 1
3163 4
3164 1
3165 1
3167 2
3168 3
3170 2
3172 1
3173 3
3174 1
3175 3
3177 2
3179 1
3180 4
3181 1
3183 1
3184 3
3185 1
3186 1
3187 1
3188 2
3189 2
3190 5
3191 2
3192 1
3193 3
3194 2
3195 4
3196 2
3197 5
3199 1
3200 3
3201 3
3203 2
3205 3
3208 9
3209 1
3210 1
3211 1
3212 1
3213 2
3215 1
3216 1
3217 2
3218 1
3219 1
3220 2
3221 1
3222 2
3223 3
3224 1
3225 1
3226 2
3227 5
3229 1
3230 1
3231 1
3233 3
3234 1
3235 4
3236 1
3237 4
3238 4
3240 2
3241 1
3242 2
3243 2
3244 3
3245 6
3246 4
3247 5
3249 3
3251 3
3252 3
3253 2
3254 1
3255 1
3257 2
3258 1
3259 2
3260 3
3261 3
3262 1
3263 1
3265 1
3266 2
3267 5
3270 1
3271 1
3274 1
3277 2
3278 1
3279 1
3281 1
3282 1
3283 1
3288 1
3289 1
3290 1
3298 1
3299 1
3323 1
3325 1
3326 2
3329 1
3336 1
3337 1
3347 1
3348 1
3354 1
3363 1
3379 1
3391 1
3394 1
3398 1
3446 1
3458 1
3462 1
3470 1
3481 1
3485 1
3486 1
3487 1
3489 1
3490 1
3495 1
3496 1
3497 1
3499 1
3501 2
3503 1
3513 2
3520 1
3528 1
3532 1
3536 3
3537 1
3541 2
3542 1
3546 1
3550 1
3557 1
3558 1
3564 2
3567 1
3568 1
3571 1
3574 1
3575 1
3576 2
3577 2
3588 1
3595 1
3597 1
3601 1
3603 3
3608 1
3609 1
3610 1
3614 1
3615 1
3619 1
3622 1
3628 2
3631 1
3636 1
3637 2
3638 3
3641 1
3642 2
3643 1
3644 1
3647 1
3648 1
3649 1
3652 1
3653 1
3654 3
3656 3
3657 2
3659 2
3660 2
3661 2
3664 1
3665 2
3666 1
3668 2
3671 1
3673 2
3674 1
3675 3
3676 1
3677 1
3678 1
3679 2
3680 3
3681 4
3682 2
3683 1
3684 2
3685 3
3687 2
3688 1
3689 2
3690 3
3691 5
3693 4
3694 3
3695 1
3697 4
3698 1
3699 3
3701 7
3702 4
3703 2
3704 1
3705 3
3706 3
3708 1
3709 3
3710 5
3711 1
3712 6
3713 1
3714 1
3715 2
3716 1
3717 2
3718 1
3719 3
3721 1
3722 2
3724 1
3725 1
3726 1
3728 2
3729 3
3730 1
3732 5
3733 2
3737 1
3738 2
3739 1
3740 2
3741 2
3742 1
3743 1
3744 1
3750 1
3752 1
3756 1
3760 2
3762 3
3763 2
3764 2
3766 1
3767 1
3770 1
3773 1
3774 1
3783 1
3784 1
3787 1
3788 1
3794 1
3795 1
3797 2
3798 1
3806 1
3826 1
3827 1
3828 1
3834 1
3847 1
3851 1
3864 2
3875 2
3880 1
3882 1
3883 1
3885 1
3887 1
3893 1
3894 2
3896 1
3897 1
3899 1
3904 1
3936 2
3937 1
3940 1
3967 1
3984 1
3996 1
4001 1
4005 1
4028 1
4030 1
4031 1
4032 1
4035 1
4041 2
4048 1
4053 2
4056 1
4057 1
4061 2
4064 1
4065 2
4066 1
4067 1
4076 1
4077 1
4078 1
4079 2
4081 2
4082 1
4083 1
4084 1
4085 2
4086 2
4087 1
4088 2
4089 3
4090 1
4091 2
4092 1
4093 2
4095 3
4096 3
4097 2
4098 1
4099 1
4100 2
4102 2
4103 1
4104 3
4105 1
4108 1
4109 2
4110 1
4111 2
4112 3
4113 4
4114 2
4116 2
4117 2
4119 1
4120 2
4121 3
4122 2
4124 1
4125 3
4126 3
4127 1
4128 3
4129 3
4130 1
4131 1
4132 2
4133 2
4134 1
4135 2
4136 3
4137 5
4138 3
4139 1
4140 3
4142 2
4143 1
4145 2
4149 1
4151 1
4152 1
4155 3
4159 1
4164 2
4169 1
4170 2
4173 1
4177 1
4178 2
4179 2
4180 2
4181 1
4182 3
4183 1
4185 1
4187 1
4188 1
4189 1
4191 1
4192 4
4193 1
4195 1
4197 2
4199 1
4200 1
4201 1
4202 1
4204 1
4211 1
4212 2
4225 1
4258 1
4292 1
4325 1
4369 1
4390 1
4408 2
4414 1
4419 1
4422 1
4423 2
4425 1
4427 1
4432 3
4434 3
4435 1
4436 2
4439 3
4440 1
4441 3
4442 2
4443 1
4445 1
4446 3
4447 1
4448 3
4449 1
4452 3
4457 1
4461 1
4462 1
4463 1
4466 2
4468 1
4469 1
4471 1
4477 1
4479 2
4480 1
4481 2
4483 2
4486 1
4491 1
4493 1
4495 3
4496 1
4497 2
4499 3
4500 1
4501 2
4502 1
4503 2
4504 4
4505 1
4507 5
4508 2
4509 2
4510 1
4511 1
4513 1
4515 1
4516 1
4517 2
4518 2
4520 2
4525 1
4526 1
4528 2
4529 1
4530 3
4532 1
4534 1
4535 3
4536 2
4537 3
4541 1
4544 2
4545 1
4546 3
4547 3
4548 2
4549 3
4551 1
4552 1
4554 1
4555 2
4556 2
4558 2
4559 1
4560 2
4561 6
4563 2
4565 2
4567 2
4569 1
4570 1
4571 1
4573 1
4575 2
4576 2
4577 4
4578 2
4579 1
4580 1
4582 1
4583 1
4584 2
4586 2
4589 1
4591 1
4592 4
4593 3
4594 3
4597 2
4598 3
4599 2
4600 3
4602 1
4603 3
4604 5
4605 3
4606 2
4607 4
4608 1
4609 2
4611 1
4612 1
4613 2
4614 2
4615 3
4616 2
4617 2
4619 3
4620 2
4622 1
4623 3
4624 4
4625 1
4626 1
4627 2
4628 1
4629 1
4630 1
4632 1
4633 1
4634 2
4635 2
4638 1
4640 1
4642 1
4643 1
4645 1
4656 1
4657 1
4659 2
4661 1
4662 4
4664 1
4666 1
4667 1
4669 1
4670 1
4672 2
4676 1
4678 1
4679 1
4683 1
4684 1
4685 2
4686 1
4698 1
4699 1
4701 1
4703 1
4714 1
4719 1
4725 1
4735 1
4765 1
4800 1
4839 1
4876 1
4878 1
4881 1
4882 1
4885 1
4886 1
4889 1
4890 1
4891 1
4895 1
4900 1
4903 1
4904 1
4906 2
4907 1
4909 2
4910 2
4911 1
4912 1
4913 1
4915 2
4916 2
4917 1
4918 2
4920 1
4921 4
4922 2
4923 2
4925 1
4926 2
4927 3
4928 3
4929 5
4930 1
4931 2
4932 2
4933 3
4934 2
4935 5
4937 2
4938 2
4939 4
4940 3
4941 4
4942 1
4943 2
4944 2
4945 2
4946 4
4947 2
4948 3
4949 3
4950 3
4951 4
4952 2
4953 2
4954 3
4955 1
4956 2
4957 6
4958 4
4959 3
4961 5
4962 2
4963 1
4964 3
4965 1
4966 1
4968 2
4969 1
4970 3
4972 2
4973 2
4975 1
4976 2
4977 4
4978 2
4979 1
4980 2
4982 3
4983 2
4984 1
4985 1
4986 3
4988 2
4989 1
4990 3
4991 2
4992 2
4993 1
4994 3
4995 1
4996 1
4997 5
4998 3
4999 3
5000 1
5001 2
5002 5
5003 1
5004 1
5005 2
5006 2
5007 3
5010 2
5011 2
5012 2
5013 1
5014 4
5015 1
5016 1
5017 1
5018 3
5019 5
5020 3
5021 2
5022 2
5023 1
5024 3
5025 2
5026 4
5027 1
5028 3
5029 3
5030 3
5031 2
5032 5
5033 4
5034 1
5035 3
5036 1
5037 1
5038 2
5039 2
5040 3
5042 2
5043 3
5044 2
5045 2
5046 1
5047 1
5048 2
5051 1
5052 1
5053 2
5054 1
5055 3
5056 1
5057 6
5058 1
5059 2
5060 4
5061 2
5062 2
5063 3
5064 3
5065 4
5066 3
5067 3
5068 3
5069 2
5070 2
5071 2
5072 4
5073 2
5074 2
5075 1
5076 4
5077 1
5078 2
5079 2
5080 4
5081 3
5082 1
5083 3
5084 4
5085 2
5086 3
5087 4
5088 3
5089 4
5090 1
5091 3
5092 1
5093 2
5095 6
5096 1
5097 2
5098 1
5099 4
5100 2
5101 1
5103 1
5104 7
5106 2
5107 2
5108 1
5110 3
5112 3
5113 1
5114 1
5115 3
5116 3
5118 3
5119 2
5120 3
5121 3
5122 1
5123 1
5124 1
5125 2
5126 1
5127 1
5129 1
5130 5
5131 2
5132 2
5133 1
5134 4
5135 1
5136 2
5138 4
5139 1
5141 2
5142 3
5147 1
5149 1
5151 1
5159 1
5162 1
5166 1
5170 2
5174 1
5178 1
5182 1
5188 1
5193 1
5195 1
5198 1
5203 1
5211 1
5214 1
5269 1
5293 1
5335 1
5352 1
5357 1
5359 1
5360 1
5361 2
5362 2
5366 2
5367 1
5369 2
5370 1
5372 1
5373 3
5374 1
5375 1
5377 1
5378 1
5379 2
5380 1
5382 1
5384 1
5387 1
5388 2
5390 3
5391 1
5392 2
5393 1
5396 1
5397 1
5399 2
5401 1
5402 3
5403 2
5407 1
5409 1
5410 1
5411 2
5412 2
5414 1
5415 2
5416 1
5418 2
5419 1
5420 1
5421 1
5422 1
5423 1
5427 1
5428 1
5430 1
5433 1
5435 1
5436 1
5437 2
5439 1
5442 1
5443 1
5444 1
5446 1
5448 2
5450 1
5453 1
5454 1
5455 2
5457 2
5458 2
5459 1
5460 2
5461 2
5463 1
5465 1
5466 1
5467 1
5469 1
5470 1
5471 1
5472 1
5473 1
5475 1
5477 1
5479 1
5480 2
5482 1
5484 1
5486 1
5489 1
5491 2
5492 1
5493 2
5495 1
5496 1
5497 1
5499 1
5508 2
5509 1
5510 1
5512 1
5514 1
5515 2
5517 2
5518 1
5519 2
5520 2
5521 2
5522 1
5523 1
5524 1
5525 1
5526 2
5527 1
5528 1
5529 1
5530 1
5531 1
5532 1
5535 2
5536 2
5537 1
5538 1
5539 2
5540 1
5541 1
5542 1
5546 1
5547 1
5551 2
5552 1
5556 1
5558 1
5561 1
5564 1
5566 1
5567 1
5568 1
5571 1
5572 3
5573 1
5574 1
5579 3
5580 2
5581 1
5583 2
5584 2
5586 3
5587 2
5588 2
5589 1
5590 3
5591 1
5592 1
5593 2
5594 2
5595 3
5596 1
5597 1
5598 3
5599 1
5600 1
5601 4
5602 1
5603 1
5604 2
5606 2
5607 1
5608 1
5609 1
5610 1
5613 3
5614 1
5615 1
5617 1
5618 1
5621 1
5623 2
5624 1
5625 1
5626 1
5627 3
5629 1
5630 1
5632 2
5633 2
5636 2
5642 1
5644 1
5683 1
5713 1
5759 1
5775 1
5807 1
5810 1
5822 1
5824 1
5827 1
5828 2
5830 1
5831 1
5833 3
5834 1
5836 1
5837 1
5838 1
5839 1
5842 1
5843 1
5845 1
5848 1
5849 1
5851 2
5852 4
5854 3
5855 2
5856 1
5859 1
5860 1
5863 1
5864 1
5865 1
5870 1
5871 1
5874 1
5875 1
5876 1
5877 1
5878 1
5879 1
5885 1
5887 3
5889 1
5890 2
5891 2
5893 2
5894 1
5896 3
5897 1
5899 1
5900 1
5902 1
5904 2
5907 1
5911 1
5912 1
5913 1
5914 1
5917 1
5919 2
5920 2
5921 2
5922 2
5923 2
5925 2
5928 1
5929 1
5930 1
5931 1
5932 1
5933 2
5934 1
5935 3
5936 2
5939 2
5940 1
5942 1
5943 2
5944 2
5945 1
5948 1
5950 2
5952 1
5953 1
5956 2
5957 1
5958 2
5959 2
5960 2
5961 1
5962 2
5966 2
5969 1
5971 2
5972 4
5973 1
5975 1
5977 1
5978 2
5979 1
5981 2
5982 3
5985 3
5986 1
5987 2
5988 2
5990 4
5991 2
5992 3
5993 2
5994 1
5996 1
5997 3
5998 1
5999 2
6000 2
6001 2
6003 4
6004 1
6005 2
6006 1
6007 4
6008 1
6009 1
6010 2
6012 2
6013 3
6014 1
6015 2
6016 2
6017 2
6018 1
6019 5
6020 3
6021 3
6023 2
6024 1
6026 1
6027 3
6028 4
6030 1
6032 3
6033 3
6034 3
6035 1
6036 2
6037 4
6038 1
6040 1
6041 3
6042 1
6044 1
6045 2
6046 2
6048 1
6049 1
6050 3
6051 4
6053 4
6054 2
6055 3
6056 1
6057 3
6058 1
6060 1
6061 1
6062 1
6063 4
6064 2
6065 4
6066 3
6067 1
6068 2
6069 3
6070 1
6071 1
6072 4
6073 1
6074 4
6075 2
6076 3
6077 5
6078 2
6079 2
6080 1
6081 7
6082 1
6084 2
6085 3
6086 3
6087 2
6088 1
6090 2
6091 1
6093 1
6094 1
6095 2
6096 1
6098 3
6103 1
6104 1
6106 1
6107 1
6117 1
6118 1
6121 1
6125 2
6126 1
6127 1
6132 2
6133 1
6134 1
6135 1
6138 1
6139 1
6142 2
6148 2
6150 1
6151 1
6154 1
6157 2
6160 1
6161 1
6163 2
6167 1
6174 1
6175 1
6178 1
6184 1
6188 1
6192 1
6206 1
6223 1
6227 1
6239 1
6246 1
6248 1
6251 1
6255 1
6263 1
6264 1
6275 2
6277 1
6287 1
6293 1
6352 1
6360 1
6368 1
6371 1
6372 1
6373 2
6375 1
6377 2
6379 2
6380 1
6382 1
6383 1
6392 3
6394 1
6396 2
6397 1
6398 6
6400 2
6402 1
6403 1
6404 1
6406 1
6407 1
6412 1
6413 1
6414 1
6416 1
6418 3
6419 1
6420 2
6421 2
6423 1
6426 1
6430 1
6434 1
6435 1
6436 2
6439 1
6441 2
6442 1
6443 2
6446 1
6447 1
6449 1
6450 1
6451 1
6454 1
6455 2
6463 2
6464 1
6465 1
6469 3
6470 1
6475 1
6476 2
6477 1
6478 1
6483 1
6484 1
6486 1
6488 2
6495 1
6499 1
6500 3
6502 1
6503 1
6504 2
6505 2
6506 1
6507 1
6508 1
6509 1
6510 3
6511 1
6513 1
6517 1
6518 1
6527 4
6528 1
6529 1
6530 2
6532 3
6533 1
6534 1
6536 1
6538 1
6542 1
6543 1
6545 1
6546 1
6547 1
6552 1
6553 1
6554 2
6555 4
6558 2
6567 1
6571 1
6576 1
6591 1
6657 1
6677 1
6694 1
6711 1
6730 1
6747 1
6757 2
6759 1
6766 1
6768 1
6769 2
6771 2
6772 2
6774 4
6775 1
6776 2
6777 1
6778 3
6781 1
6782 1
6783 4
6784 1
6786 1
6788 2
6789 1
6790 2
6791 1
6792 2
6794 2
6795 1
6796 1
6797 3
6798 1
6799 2
6801 4
6804 1
6805 1
6806 2
6807 3
6808 1
6811 1
6812 1
6813 2
6816 2
6817 3
6818 1
6820 1
6821 1
6827 2
6828 1
6829 2
6830 1
6831 2
6832 5
6834 2
6835 4
6837 4
6838 2
6839 3
6840 3
6842 1
6843 1
6844 2
6845 1
6847 2
6848 2
6850 1
6851 4
6852 2
6854 2
6856 3
6857 1
6858 5
6859 2
6860 4
6862 1
6863 1
6864 3
6865 2
6866 2
6867 2
6868 3
6869 2
6870 1
6871 3
6872 1
6873 5
6876 3
6878 1
6879 3
6880 3
6881 1
6882 3
6883 2
6884 1
6885 2
6886 3
6887 2
6888 4
6889 2
6890 4
6891 4
6892 2
6893 2
6894 3
6895 2
6896 2
6897 6
6898 4
6899 1
6902 2
6904 3
6905 3
6906 3
6908 1
6909 3
6910 1
6911 1
6912 3
6913 3
6914 6
6915 1
6916 1
6917 1
6918 2
6920 1
6921 1
6922 4
6923 3
6926 4
6927 1
6929 3
6930 3
6931 4
6932 1
6934 2
6936 1
6938 3
6940 1
6943 1
6944 4
6945 1
6946 1
6947 2
6948 2
6949 1
6950 2
6951 2
6952 3
6953 1
6954 1
6957 1
6958 1
6959 2
6960 1
6961 3
6962 1
6963 9
6964 1
6965 1
6966 1
6967 1
6968 1
6969 3
6970 2
6973 2
6974 2
6975 1
6976 1
6978 1
6979 1
6980 1
6981 2
6982 2
6984 1
6985 1
6988 3
6989 2
6992 1
6994 1
6996 1
6997 3
6998 3
6999 1
7000 2
7002 1
7003 3
7004 3
7006 1
7007 1
7010 1
7011 1
7012 2
7014 4
7015 1
7017 2
7021 1
7022 1
7024 1
7029 1
7030 1
7038 1
7045 1
7202 1
7210 1
7213 1
7216 1
7217 1
7241 1
7244 1
7245 1
7246 3
7247 1
7249 1
7254 2
7256 2
7257 3
7260 1
7261 1
7263 1
7269 1
7270 2
7271 1
7272 1
7273 1
7275 2
7276 1
7278 1
7279 1
7280 2
7283 1
7284 2
7285 2
7286 1
7287 1
7288 1
7290 1
7291 1
7293 1
7295 4
7296 2
7297 1
7298 1
7300 1
7301 2
7303 1
7306 2
7307 2
7309 3
7310 2
7311 2
7314 3
7316 1
7317 1
7318 1
7319 1
7320 1
7322 2
7323 1
7324 1
7325 2
7335 1
7342 1
7344 1
7345 1
7346 1
7350 1
7351 1
7352 2
7353 1
7354 1
7355 1
7356 1
7360 2
7361 2
7364 1
7366 2
7370 1
7372 1
7373 1
7375 2
7377 1
7384 1
7387 1
7394 2
7395 1
7414 1
7418 1
7423 1
7424 1
7432 1
7455 2
7457 1
7458 1
7459 1
7469 1
7476 1
7574 1
7696 1
7699 1
7701 1
7705 1
7706 1
7708 1
7710 1
7711 3
7715 2
7717 1
7718 3
7721 3
7722 3
7723 2
7724 2
7725 1
7726 1
7727 1
7729 2
7730 1
7731 3
7732 7
7733 2
7734 3
7735 5
7736 4
7737 2
7739 4
7740 2
7742 1
7743 2
7744 2
7745 3
7746 2
7747 1
7748 4
7749 1
7750 2
7751 2
7752 3
7753 2
7754 2
7755 3
7756 2
7757 2
7758 1
7760 5
7761 4
7762 1
7764 2
7765 1
7766 2
7767 2
7768 7
7771 1
7772 2
7773 3
7774 1
7775 3
7777 1
7778 5
7779 2
7781 1
7782 7
7783 2
7784 2
7785 2
7786 3
7787 3
7789 1
7790 5
7791 2
7792 2
7793 3
7795 2
7796 1
7797 5
7798 1
7800 1
7803 2
7806 1
7807 1
7810 1
7811 2
7812 1
7813 1
7815 2
7816 1
7819 1
7821 3
7826 1
7828 1
7833 1
7837 1
7856 1
7873 1
7881 2
7884 1
7885 1
7892 1
7899 1
7905 1
7907 1
7917 1
7943 1
7946 1
7960 1
7965 1
7967 1
8115 1
8126 2
8128 2
8129 1
8133 2
8137 1
8138 1
8139 1
8145 1
8150 1
8151 1
8153 1
8154 1
8155 2
8157 3
8158 2
8159 1
8160 2
8161 1
8162 2
8163 1
8164 1
8165 1
8166 3
8168 1
8169 3
8171 2
8173 1
8175 4
8176 2
8177 2
8178 1
8179 2
8184 1
8186 1
8188 1
8190 1
8192 1
8193 1
8194 2
8195 1
8198 1
8200 1
8201 1
8202 3
8205 1
8206 1
8208 1
8209 1
8210 1
8218 1
8224 1
8227 1
8228 1
8231 1
8232 1
8233 1
8247 1
8248 1
8249 1
8253 1
8254 1
8263 1
8265 1
8267 1
8272 3
8278 3
8279 2
8280 1
8282 1
8285 1
8286 2
8292 1
8293 1
8294 1
8295 1
8296 1
8302 1
8303 1
8304 2
8308 1
8318 1
8322 2
8334 1
8335 1
8339 1
8347 1
8348 1
8367 1
8438 1
8651 1
8672 1
8686 1
8690 1
8772 1
9183 2
9629 1
9637 1
9639 1
10001 83
