1 24588114
2 14360642
3 9172231
4 6767811
5 5568636
6 4823145
7 4204251
8 3598897
9 2977128
10 2374022
11 1835813
12 1387115
13 1037647
14 777597
15 600503
16 494216
17 451161
18 449016
19 471258
20 502114
21 530214
22 544633
23 540163
24 519692
25 480086
26 429451
27 372202
28 310376
29 253455
30 201178
31 160830
32 128420
33 106419
34 92655
35 85943
36 85487
37 88895
38 93969
39 99803
40 107287
41 112365
42 115533
43 117923
44 117712
45 114784
46 109600
47 102603
48 93624
49 84572
50 75230
51 65255
52 56928
53 50580
54 44734
55 40961
56 39344
57 39305
58 42934
59 48069
60 56334
61 66494
62 78977
63 94017
64 111195
65 130798
66 152093
67 174333
68 197196
69 220464
70 243090
71 266446
72 286704
73 303617
74 319304
75 330758
76 339011
77 343015
78 343428
79 338869
80 330332
81 319840
82 304732
83 286652
84 268686
85 249471
86 229047
87 207277
88 185894
89 164447
90 144115
91 124825
92 107863
93 91116
94 77334
95 65622
96 53892
97 44425
98 36771
99 29666
100 23938
101 19399
102 15693
103 12991
104 10289
105 8778
106 7568
107 6320
108 5922
109 5536
110 5253
111 5150
112 5193
113 5431
114 5811
115 5977
116 6349
117 6764
118 7033
119 7330
120 7632
121 7549
122 7657
123 7810
124 7567
125 7384
126 7420
127 7382
128 7035
129 6732
130 6659
131 6164
132 5996
133 5591
134 5032
135 4771
136 4341
137 3996
138 3668
139 3434
140 3136
141 2891
142 2600
143 2346
144 2280
145 2113
146 2002
147 1917
148 1835
149 1801
150 1732
151 1806
152 1776
153 1708
154 1657
155 1528
156 1514
157 1548
158 1400
159 1394
160 1449
161 1371
162 1370
163 1336
164 1315
165 1266
166 1173
167 1087
168 1025
169 1028
170 947
171 861
172 855
173 749
174 718
175 620
176 597
177 562
178 487
179 487
180 406
181 386
182 375
183 349
184 306
185 292
186 250
187 235
188 206
189 205
190 188
191 194
192 157
193 126
194 116
195 110
196 103
197 106
198 127
199 101
200 111
201 105
202 97
203 109
204 110
205 152
206 149
207 159
208 138
209 145
210 140
211 132
212 176
213 170
214 191
215 183
216 191
217 185
218 184
219 199
220 189
221 221
222 192
223 228
224 221
225 230
226 253
227 236
228 242
229 246
230 263
231 243
232 268
233 281
234 290
235 246
236 261
237 234
238 231
239 275
240 230
241 242
242 259
243 246
244 238
245 237
246 231
247 237
248 249
249 263
250 230
251 240
252 277
253 208
254 201
255 225
256 201
257 182
258 171
259 174
260 164
261 169
262 178
263 159
264 156
265 153
266 160
267 137
268 141
269 147
270 156
271 144
272 143
273 135
274 142
275 142
276 137
277 138
278 135
279 126
280 113
281 128
282 115
283 102
284 100
285 98
286 112
287 109
288 102
289 83
290 82
291 111
292 100
293 116
294 107
295 99
296 113
297 131
298 147
299 143
300 118
301 146
302 141
303 173
304 160
305 158
306 171
307 135
308 133
309 138
310 134
311 155
312 154
313 145
314 156
315 143
316 151
317 139
318 152
319 144
320 160
321 160
322 154
323 173
324 199
325 173
326 206
327 184
328 177
329 170
330 169
331 159
332 142
333 134
334 148
335 140
336 129
337 155
338 128
339 126
340 130
341 119
342 129
343 87
344 80
345 79
346 72
347 78
348 79
349 66
350 73
351 51
352 50
353 53
354 57
355 63
356 54
357 57
358 58
359 51
360 54
361 51
362 44
363 56
364 55
365 49
366 64
367 63
368 65
369 46
370 50
371 57
372 61
373 47
374 48
375 55
376 49
377 54
378 40
379 50
380 49
381 41
382 59
383 41
384 50
385 52
386 51
387 49
388 45
389 55
390 50
391 53
392 39
393 69
394 55
395 51
396 50
397 50
398 63
399 43
400 51
401 63
402 45
403 50
404 55
405 62
406 49
407 46
408 60
409 42
410 44
411 37
412 50
413 30
414 29
415 41
416 45
417 51
418 61
419 38
420 52
421 45
422 46
423 28
424 52
425 36
426 46
427 42
428 54
429 43
430 32
431 20
432 53
433 40
434 47
435 44
436 33
437 39
438 46
439 32
440 45
441 37
442 38
443 37
444 30
445 34
446 39
447 31
448 35
449 41
450 31
451 32
452 34
453 37
454 38
455 33
456 32
457 23
458 22
459 20
460 30
461 32
462 31
463 40
464 43
465 61
466 50
467 50
468 77
469 73
470 88
471 91
472 96
473 135
474 127
475 167
476 171
477 198
478 228
479 246
480 277
481 372
482 453
483 443
484 570
485 622
486 722
487 771
488 841
489 1009
490 1206
491 1321
492 1437
493 1600
494 1778
495 1969
496 2196
497 2430
498 2684
499 2975
500 3279
501 3576
502 3988
503 4398
504 4837
505 5311
506 5751
507 6360
508 6815
509 7328
510 8154
511 8624
512 9302
513 9852
514 10746
515 11352
516 12028
517 12998
518 13696
519 14585
520 15348
521 16114
522 17244
523 18060
524 19012
525 19981
526 21132
527 22055
528 22962
529 23780
530 25212
531 25947
532 26876
533 27762
534 28543
535 29433
536 30528
537 30922
538 32288
539 32737
540 33489
541 34056
542 34723
543 35347
544 35723
545 36099
546 36649
547 37206
548 37138
549 37264
550 37745
551 38118
552 37900
553 37344
554 36968
555 36888
556 36985
557 36149
558 36203
559 35763
560 35458
561 34438
562 33851
563 33135
564 32590
565 31698
566 31410
567 29996
568 29300
569 28369
570 27411
571 26427
572 25692
573 24962
574 23805
575 23161
576 22220
577 20927
578 20061
579 19184
580 18213
581 17117
582 16267
583 15217
584 14366
585 13727
586 12895
587 11808
588 11510
589 10763
590 9999
591 9079
592 8486
593 7778
594 7236
595 6646
596 6390
597 5845
598 5365
599 4999
600 4469
601 4354
602 3863
603 3533
604 3270
605 3048
606 2735
607 2552
608 2236
609 2087
610 1918
611 1701
612 1600
613 1402
614 1313
615 1149
616 1032
617 903
618 827
619 739
620 697
621 631
622 499
623 494
624 444
625 358
626 345
627 321
628 251
629 242
630 252
631 206
632 181
633 166
634 164
635 136
636 129
637 110
638 108
639 81
640 77
641 94
642 72
643 76
644 57
645 49
646 58
647 48
648 42
649 42
650 42
651 38
652 35
653 49
654 41
655 47
656 40
657 27
658 29
659 20
660 36
661 24
662 22
663 21
664 27
665 26
666 13
667 26
668 22
669 16
670 15
671 13
672 19
673 17
674 13
675 17
676 17
677 23
678 16
679 14
680 22
681 10
682 19
683 23
684 11
685 8
686 12
687 22
688 11
689 13
690 10
691 11
692 12
693 8
694 8
695 9
696 9
697 8
698 10
699 8
700 9
701 12
702 9
703 10
704 11
705 4
706 10
707 10
708 9
709 11
710 13
711 9
712 8
713 7
714 5
715 9
716 8
717 9
718 6
719 11
720 8
721 4
722 8
723 11
724 4
725 8
726 13
727 9
728 12
729 6
730 14
731 15
732 10
733 6
734 6
735 2
736 11
737 7
738 5
739 9
740 11
741 8
742 13
743 3
744 8
745 9
746 5
747 7
748 6
749 5
750 5
751 7
752 8
753 6
754 5
755 6
756 3
757 2
758 7
759 2
760 9
761 11
762 10
763 9
764 8
765 5
766 13
767 9
768 4
769 3
770 6
771 7
772 3
773 2
774 4
775 3
776 7
777 2
778 3
779 4
781 6
782 4
783 1
784 1
785 6
786 1
787 5
788 2
789 5
790 2
791 5
792 8
793 4
794 5
795 5
796 13
797 3
798 1
799 4
800 7
801 3
802 4
803 3
804 6
805 5
806 3
807 6
808 7
809 4
810 1
811 3
812 9
813 2
814 6
815 9
816 10
817 5
818 5
819 8
820 2
821 6
822 5
823 3
824 7
825 7
826 1
827 4
828 2
829 2
830 2
831 6
832 5
833 2
834 2
835 2
836 5
837 7
838 10
839 6
840 4
841 5
842 4
843 2
844 1
845 11
846 3
847 2
848 2
849 4
850 6
851 2
852 4
853 2
854 4
855 2
856 5
857 5
858 7
859 10
860 7
861 4
862 4
863 10
864 6
865 6
866 4
867 3
868 6
869 6
870 4
871 2
872 6
873 5
874 8
875 5
876 7
877 11
878 6
879 3
880 2
881 3
882 4
883 4
884 1
885 5
886 3
887 2
888 4
889 3
890 5
891 1
892 4
893 3
894 4
895 4
896 1
897 3
899 4
900 2
901 2
902 6
903 6
904 3
905 3
906 3
907 2
908 4
909 7
910 3
911 8
912 4
913 4
914 4
915 3
916 5
917 1
918 2
919 4
920 3
921 2
922 5
923 4
924 5
925 1
926 3
927 2
929 2
930 4
931 2
932 3
933 1
934 2
935 3
936 1
937 3
938 1
939 4
941 4
942 2
943 1
944 3
945 2
946 3
947 2
948 3
949 2
950 3
951 3
952 2
953 1
954 1
955 2
956 2
958 4
959 1
961 1
963 1
964 1
965 2
966 1
967 5
968 2
973 2
977 3
979 1
980 2
981 2
982 2
983 2
985 1
986 1
987 5
988 4
990 1
991 1
992 4
993 1
994 3
996 4
997 1
998 2
1002 4
1003 3
1006 3
1008 1
1009 2
1010 2
1011 1
1012 3
1014 1
1016 2
1017 6
1018 4
1019 3
1020 5
1021 3
1022 4
1023 6
1024 8
1025 3
1026 2
1027 4
1028 6
1029 7
1030 3
1031 6
1032 5
1033 8
1034 6
1035 7
1036 9
1037 11
1038 5
1039 10
1040 5
1041 12
1042 8
1043 7
1044 11
1045 9
1046 18
1047 12
1048 12
1049 13
1050 18
1051 7
1052 11
1053 13
1054 14
1055 19
1056 26
1057 14
1058 19
1059 20
1060 19
1061 16
1062 18
1063 18
1064 19
1065 25
1066 32
1067 29
1068 23
1069 34
1070 27
1071 23
1072 21
1073 27
1074 37
1075 28
1076 51
1077 39
1078 31
1079 29
1080 47
1081 49
1082 49
1083 55
1084 31
1085 50
1086 44
1087 38
1088 61
1089 54
1090 50
1091 59
1092 53
1093 64
1094 61
1095 41
1096 66
1097 59
1098 56
1099 61
1100 67
1101 70
1102 74
1103 62
1104 60
1105 60
1106 68
1107 72
1108 67
1109 75
1110 65
1111 70
1112 63
1113 70
1114 84
1115 67
1116 64
1117 53
1118 58
1119 59
1120 47
1121 62
1122 52
1123 69
1124 56
1125 45
1126 65
1127 55
1128 40
1129 63
1130 42
1131 47
1132 52
1133 55
1134 51
1135 43
1136 60
1137 64
1138 37
1139 37
1140 50
1141 40
1142 36
1143 18
1144 25
1145 29
1146 30
1147 35
1148 18
1149 28
1150 30
1151 38
1152 20
1153 32
1154 20
1155 23
1156 19
1157 21
1158 35
1159 20
1160 26
1161 19
1162 22
1163 6
1164 19
1165 14
1166 18
1167 16
1168 20
1169 16
1170 15
1171 21
1172 11
1173 11
1174 13
1175 13
1176 12
1177 14
1178 11
1179 14
1180 4
1181 11
1182 9
1183 8
1184 6
1185 3
1186 2
1187 6
1188 4
1189 2
1190 7
1191 6
1192 1
1193 1
1194 3
1195 4
1196 1
1197 1
1199 1
1201 1
1202 1
1203 1
1204 1
1205 2
1207 1
1208 1
1210 1
1213 1
1215 4
1219 1
1220 5
1221 1
1222 2
1224 1
1225 2
1226 2
1230 4
1232 1
1233 2
1234 1
1236 1
1237 1
1238 2
1239 2
1240 2
1241 5
1242 3
1243 1
1244 2
1246 2
1248 2
1249 1
1250 1
1251 1
1254 1
1257 1
1260 1
1261 1
1262 1
1264 3
1266 1
1267 1
1269 2
1271 1
1272 2
1273 1
1274 1
1275 1
1278 3
1279 1
1282 1
1283 2
1286 2
1287 1
1289 1
1291 2
1293 1
1295 3
1296 1
1298 2
1300 1
1301 2
1303 5
1307 1
1308 2
1309 1
1311 1
1312 1
1314 1
1315 3
1316 2
1317 2
1318 4
1319 2
1320 3
1321 6
1322 3
1323 1
1325 3
1326 7
1327 1
1328 3
1329 1
1330 3
1331 2
1332 2
1333 2
1334 1
1335 2
1336 4
1337 3
1340 2
1341 1
1344 1
1345 1
1346 1
1347 1
1348 1
1349 1
1356 2
1357 2
1358 2
1360 3
1362 3
1364 2
1366 1
1368 2
1369 2
1370 1
1371 2
1372 3
1375 1
1376 1
1378 1
1379 1
1380 1
1381 2
1383 1
1384 4
1386 1
1387 4
1388 2
1389 5
1390 1
1391 1
1392 1
1393 3
1395 1
1396 3
1398 1
1399 4
1400 1
1401 2
1402 2
1404 1
1407 1
1408 1
1411 1
1413 1
1416 1
1417 2
1418 4
1419 3
1420 3
1422 3
1423 2
1424 3
1425 1
1429 3
1430 2
1431 3
1432 3
1433 4
1434 2
1435 1
1437 2
1438 1
1439 3
1440 4
1441 2
1442 2
1443 2
1444 1
1445 3
1446 3
1447 5
1448 4
1449 2
1450 3
1451 4
1452 1
1453 1
1454 1
1455 3
1456 2
1458 2
1460 3
1461 2
1462 1
1463 1
1464 1
1466 2
1468 2
1470 3
1471 1
1473 3
1474 2
1476 1
1479 2
1480 2
1482 3
1483 1
1484 1
1485 1
1486 1
1487 1
1494 1
1496 1
1498 1
1500 1
1504 2
1507 1
1508 1
1511 1
1512 1
1517 3
1518 2
1519 2
1520 1
1521 2
1524 1
1525 2
1526 1
1527 1
1528 2
1530 1
1550 1
1551 1
1552 1
1555 1
1556 1
1559 1
1560 1
1561 2
1564 1
1566 1
1571 2
1574 1
1575 1
1578 3
1579 1
1582 1
1583 3
1584 2
1586 4
1587 1
1588 3
1589 1
1590 2
1591 1
1592 2
1594 1
1595 3
1596 1
1598 1
1599 3
1600 1
1601 1
1602 3
1603 2
1604 2
1605 1
1607 2
1608 1
1609 1
1610 2
1612 3
1613 5
1614 1
1615 2
1616 2
1617 1
1619 1
1620 3
1625 1
1626 4
1627 1
1628 5
1629 2
1630 5
1632 3
1633 2
1634 3
1635 1
1636 2
1637 2
1638 3
1639 6
1641 1
1642 5
1643 1
1644 3
1645 2
1646 7
1647 2
1648 4
1649 3
1650 1
1651 2
1652 3
1653 4
1654 3
1655 1
1656 3
1657 5
1658 3
1659 4
1660 2
1661 4
1662 4
1663 5
1664 6
1665 2
1666 3
1667 2
1668 3
1669 1
1670 3
1672 1
1673 3
1674 3
1675 5
1676 3
1677 4
1678 4
1679 2
1680 5
1681 1
1682 1
1683 2
1684 2
1686 3
1687 2
1688 2
1689 6
1690 2
1691 1
1692 2
1693 2
1694 3
1695 6
1696 3
1698 1
1699 6
1700 1
1702 1
1704 1
1706 1
1707 1
1708 1
1709 1
1710 5
1712 1
1713 1
1714 4
1715 1
1716 1
1717 2
1718 1
1719 2
1721 1
1723 3
1728 1
1729 1
1730 1
1731 1
1735 3
1737 3
1738 2
1739 1
1740 1
1741 1
1743 1
1747 1
1749 1
1754 1
1757 1
1769 1
1771 2
1772 1
1773 1
1774 1
1775 1
1777 1
1779 1
1780 1
1781 2
1782 1
1784 4
1785 1
1786 2
1788 1
1789 3
1790 1
1792 3
1793 1
1794 5
1795 2
1796 2
1798 2
1800 4
1802 4
1805 1
1806 1
1807 1
1809 1
1810 1
1811 1
1812 1
1815 1
1816 1
1820 2
1823 1
1824 1
1825 1
1828 1
1831 1
1832 1
1834 1
1836 1
1837 1
1842 2
1843 1
1847 1
1853 1
1854 1
1858 2
1859 1
1865 1
1866 1
1868 1
1873 1
1875 3
1876 1
1880 3
1881 1
1882 3
1884 2
1887 1
1888 1
1892 3
1893 1
1894 2
1895 1
1896 1
1897 2
1898 1
1899 2
1902 1
1903 1
1906 2
1907 1
1908 1
1909 1
1910 1
1913 3
1916 1
1917 1
1920 2
1921 1
1946 1
2076 1
2100 1
2108 1
2111 1
2113 1
2115 1
2118 1
2124 1
2127 1
2130 1
2131 1
2142 1
2151 2
2152 1
2153 1
2154 2
2156 1
2159 2
2160 2
2161 1
2163 2
2164 3
2167 3
2168 2
2169 2
2170 1
2178 1
2180 2
2182 2
2183 1
2185 1
2191 1
2193 1
2194 1
2235 1
2241 1
2246 1
2247 1
2249 3
2250 2
2252 2
2256 1
2259 1
2263 1
2266 2
2268 1
2270 1
2272 1
2273 2
2288 1
2291 1
2295 1
2298 1
2302 1
2312 1
2367 2
2370 1
2373 1
2374 1
2376 1
2428 1
2434 1
2439 1
2636 1
2681 1
2690 1
2695 1
2722 1
2725 1
2729 1
2747 1
2750 1
2761 1
2771 1
2776 1
2778 1
2784 3
2788 1
2791 1
2852 1
2861 1
2863 2
2867 1
2884 1
3223 1
3227 2
3231 1
3232 2
3236 1
3239 1
3245 1
3273 1
3282 1
3298 1
3302 1
3306 2
3312 1
3322 1
3329 1
3332 1
3333 1
3334 2
3335 3
3336 2
3337 1
3338 1
3339 1
3340 2
3342 1
3345 2
3346 2
3351 1
3419 1
3817 1
3829 1
3831 1
3884 1
3908 1
4349 1
4489 1
4514 1
5030 1
5046 1
5445 1
5460 1
6816 1
6818 1
6819 1
6820 1
6822 1
6823 1
6827 1
6828 1
6835 1
6837 1
