1 26669542
2 13425396
3 8116315
4 5045569
5 3149257
6 2086507
7 1516957
8 1209434
9 986460
10 802403
11 636876
12 503427
13 403493
14 337880
15 296168
16 276238
17 269235
18 273275
19 289021
20 319804
21 361483
22 411645
23 462720
24 515744
25 561594
26 587569
27 595970
28 587170
29 564049
30 520127
31 465455
32 404467
33 343571
34 284251
35 228667
36 179508
37 140710
38 106136
39 80409
40 60455
41 45806
42 35745
43 28139
44 23465
45 19566
46 16983
47 14546
48 12852
49 11404
50 10016
51 8762
52 8122
53 6974
54 6223
55 5362
56 4730
57 4195
58 3773
59 3253
60 3037
61 2570
62 2320
63 2092
64 1828
65 1593
66 1327
67 1141
68 1048
69 985
70 934
71 790
72 741
73 691
74 714
75 747
76 689
77 728
78 673
79 622
80 561
81 647
82 573
83 596
84 676
85 585
86 657
87 623
88 615
89 587
90 517
91 552
92 425
93 438
94 417
95 405
96 437
97 463
98 442
99 406
100 371
101 392
102 385
103 390
104 388
105 387
106 399
107 383
108 404
109 409
110 393
111 424
112 416
113 382
114 414
115 414
116 379
117 336
118 338
119 327
120 318
121 293
122 243
123 233
124 215
125 250
126 193
127 211
128 178
129 176
130 212
131 212
132 189
133 161
134 150
135 153
136 129
137 145
138 155
139 139
140 146
141 155
142 169
143 165
144 190
145 208
146 191
147 245
148 254
149 318
150 372
151 377
152 456
153 552
154 715
155 777
156 978
157 1191
158 1447
159 1887
160 2338
161 2884
162 3361
163 3935
164 4788
165 5532
166 6480
167 7675
168 8816
169 10039
170 11486
171 13048
172 14970
173 16764
174 18972
175 21366
176 23842
177 26463
178 28831
179 31671
180 34521
181 36772
182 40240
183 42873
184 45862
185 48265
186 51097
187 52831
188 55275
189 56747
190 59274
191 60599
192 61475
193 62421
194 62416
195 63219
196 63561
197 63057
198 61656
199 60652
200 59718
201 58104
202 56222
203 54041
204 51736
205 49936
206 47368
207 44822
208 42361
209 39791
210 36828
211 34475
212 31790
213 29410
214 26870
215 24689
216 22310
217 19966
218 18090
219 16291
220 14400
221 12750
222 11199
223 9793
224 8597
225 7412
226 6474
227 5442
228 4539
229 3964
230 3354
231 2718
232 2308
233 2124
234 1736
235 1380
236 1220
237 1052
238 918
239 722
240 548
241 461
242 401
243 353
244 313
245 204
246 208
247 187
248 143
249 103
250 104
251 96
252 81
253 74
254 63
255 46
256 48
257 41
258 26
259 31
260 25
261 28
262 24
263 31
264 20
265 16
266 21
267 17
268 16
269 13
270 13
271 18
272 16
273 27
274 18
275 13
276 25
277 21
278 13
279 19
280 27
281 28
282 19
283 18
284 13
285 11
286 11
287 14
288 12
289 7
290 11
291 8
292 13
293 9
294 7
295 17
296 15
297 7
298 14
299 9
300 17
301 27
302 18
303 16
304 19
305 12
306 17
307 20
308 11
309 9
310 8
311 9
312 13
313 16
314 13
315 7
316 11
317 12
318 8
319 11
320 4
321 11
322 5
323 6
324 10
325 8
326 14
327 13
328 11
329 18
330 9
331 7
332 3
333 9
334 14
335 10
336 12
337 8
338 10
339 6
340 7
341 5
342 2
343 8
344 3
345 10
346 19
347 11
348 11
349 14
350 25
351 23
352 19
353 18
354 14
355 27
356 23
357 30
358 29
359 26
360 27
361 21
362 31
363 28
364 35
365 44
366 46
367 54
368 47
369 61
370 70
371 52
372 68
373 80
374 82
375 72
376 87
377 79
378 72
379 86
380 72
381 119
382 102
383 123
384 114
385 125
386 103
387 109
388 114
389 123
390 129
391 129
392 141
393 113
394 111
395 117
396 101
397 123
398 88
399 86
400 101
401 96
402 82
403 91
404 94
405 87
406 78
407 60
408 61
409 66
410 59
411 62
412 56
413 46
414 47
415 52
416 33
417 41
418 40
419 46
420 36
421 31
422 29
423 23
424 22
425 30
426 17
427 13
428 20
429 16
430 11
431 8
432 16
433 12
434 12
435 9
436 15
437 11
438 10
439 9
440 8
441 12
442 6
443 7
444 8
445 3
446 4
447 1
448 3
449 6
450 9
451 3
452 8
453 6
454 10
455 3
456 9
457 3
458 4
459 8
460 5
461 2
462 6
463 4
464 4
465 5
466 4
467 5
468 2
469 3
470 1
471 1
473 2
474 3
475 2
476 1
477 1
478 1
480 3
481 2
482 2
483 3
485 2
486 6
487 9
488 6
489 5
490 2
491 6
492 4
493 3
494 3
496 4
497 6
498 3
499 8
500 7
501 5
502 4
503 8
504 6
505 7
506 3
507 5
508 6
509 2
510 9
511 6
512 8
513 3
514 6
515 8
516 9
517 9
518 7
519 4
520 6
521 2
522 3
523 5
524 2
525 3
526 5
527 3
528 1
529 5
530 1
531 1
532 2
533 2
534 4
535 4
536 2
537 3
538 5
539 2
540 4
541 2
542 1
543 4
544 3
545 2
546 4
547 3
548 1
549 6
550 1
551 2
552 5
553 3
554 1
556 5
557 6
558 5
559 2
560 3
561 1
562 4
564 1
565 3
566 2
567 1
568 4
569 3
570 3
571 3
572 2
573 2
574 6
575 7
576 3
577 5
578 1
579 4
580 3
582 2
583 10
584 5
585 5
586 5
587 3
588 4
589 8
590 9
591 7
592 4
593 3
594 8
595 3
596 3
597 3
598 6
599 4
600 2
601 5
602 7
603 3
604 4
605 3
606 5
607 4
608 3
609 8
610 4
611 5
612 1
613 4
614 3
615 2
616 7
617 9
618 8
619 3
620 2
621 1
622 3
624 2
630 2
631 4
633 1
634 1
635 1
636 2
637 3
638 5
639 3
640 1
641 6
642 1
643 5
644 4
645 5
646 6
647 6
648 2
649 1
650 5
651 2
652 4
653 2
654 1
655 8
656 4
657 2
658 2
659 3
660 1
661 1
662 2
663 3
664 1
665 2
666 2
667 6
668 6
669 2
670 3
671 1
672 3
673 3
674 3
675 2
677 2
678 2
679 3
680 2
682 2
683 2
685 1
686 2
687 4
688 1
691 1
705 1
706 1
708 1
709 1
711 1
712 1
715 1
716 1
727 1
741 2
743 2
744 1
745 1
746 1
747 1
749 1
750 1
752 1
754 1
755 1
758 1
761 1
763 2
771 1
778 1
779 1
780 1
781 1
782 1
784 3
785 1
786 1
787 4
789 1
790 3
791 1
793 1
796 1
799 1
800 2
804 1
805 5
808 2
813 1
815 1
818 1
820 1
825 1
830 1
831 3
832 1
834 1
835 2
836 3
837 4
838 2
840 2
922 1
924 1
925 1
927 1
928 1
932 2
934 1
938 1
940 1
948 1
967 1
968 2
995 2
996 2
999 3
1001 1
1004 1
1028 1
1122 1
1136 1
1178 1
1189 1
1210 1
1224 2
1225 1
1228 1
1229 2
1231 2
1233 2
1234 2
1236 1
1237 1
1239 1
1242 1
1243 1
1246 1
1248 1
1249 2
1250 1
1251 1
1253 1
1254 2
1256 3
1257 1
1259 2
1264 1
1273 1
1342 1
1376 1
1378 1
1382 1
1399 1
1527 1
1535 1
1550 1
1709 1
1746 1
1923 1
1925 1
2498 1
2503 1
2512 1
2513 1
2514 1
2515 1
2517 1
2518 2
2520 1
