1 14319465
2 12082860
3 9090321
4 6908967
5 5497673
6 4674288
7 4153517
8 3781381
9 3439173
10 3059970
11 2649390
12 2250392
13 1880569
14 1571726
15 1336407
16 1157859
17 1049972
18 983615
19 942918
20 908148
21 874356
22 829479
23 770280
24 700541
25 621408
26 537223
27 452666
28 375730
29 306932
30 251411
31 206137
32 172071
33 149215
34 134185
35 127175
36 125101
37 126010
38 131276
39 138495
40 147820
41 158122
42 168427
43 179516
44 190799
45 203969
46 218477
47 234740
48 250632
49 265445
50 278953
51 294792
52 308685
53 321268
54 330377
55 337798
56 344298
57 349255
58 351657
59 350646
60 348517
61 346868
62 345796
63 345888
64 346260
65 347023
66 349939
67 354415
68 357748
69 362392
70 368714
71 373480
72 378110
73 377240
74 378156
75 374610
76 367401
77 359184
78 347300
79 333076
80 317205
81 299789
82 282386
83 263761
84 246162
85 228846
86 211048
87 196973
88 184431
89 174507
90 166077
91 160525
92 156374
93 154396
94 154080
95 157847
96 161274
97 166220
98 172487
99 178083
100 184182
101 190122
102 195523
103 198408
104 201297
105 202132
106 200655
107 196555
108 193381
109 187622
110 180721
111 172877
112 163273
113 153388
114 143222
115 133349
116 121677
117 110547
118 99736
119 88018
120 78416
121 68995
122 60160
123 52487
124 44807
125 38899
126 33340
127 28769
128 24315
129 21681
130 19135
131 17231
132 16019
133 15404
134 15474
135 15768
136 17206
137 18429
138 20495
139 23284
140 25982
141 30779
142 35544
143 40472
144 46004
145 51808
146 58948
147 66774
148 74826
149 83948
150 92976
151 101986
152 112156
153 122996
154 133252
155 144463
156 156451
157 167414
158 179087
159 189977
160 201348
161 211901
162 223021
163 232525
164 242298
165 250538
166 259966
167 267870
168 275865
169 283355
170 290942
171 296401
172 302655
173 306325
174 308364
175 312177
176 314065
177 316828
178 317806
179 316741
180 315615
181 313415
182 312524
183 309569
184 306677
185 302937
186 299347
187 295925
188 291611
189 285901
190 280837
191 276847
192 269977
193 265778
194 259504
195 253765
196 247842
197 241891
198 235196
199 230547
200 224811
201 219593
202 214006
203 207528
204 201954
205 196420
206 188810
207 182318
208 176407
209 170006
210 163828
211 156650
212 149790
213 143104
214 135949
215 129151
216 122852
217 116274
218 109937
219 103624
220 96854
221 90592
222 84365
223 78264
224 72730
225 67489
226 61574
227 57307
228 52042
229 47716
230 43185
231 39526
232 35897
233 32429
234 29211
235 26832
236 24225
237 21731
238 19820
239 18046
240 16268
241 14729
242 13678
243 12488
244 11456
245 10986
246 10103
247 9680
248 9333
249 8706
250 8500
251 8385
252 8137
253 8234
254 8002
255 7837
256 7945
257 8098
258 7809
259 7768
260 7864
261 7794
262 7782
263 7842
264 7812
265 7688
266 7683
267 7529
268 7317
269 7225
270 7084
271 7019
272 6655
273 6410
274 6390
275 5963
276 5797
277 5644
278 5196
279 4956
280 4702
281 4473
282 4146
283 3902
284 3807
285 3583
286 3350
287 3093
288 2856
289 2746
290 2585
291 2368
292 2122
293 2100
294 1957
295 1922
296 1845
297 1772
298 1702
299 1722
300 1615
301 1515
302 1519
303 1521
304 1499
305 1564
306 1569
307 1599
308 1595
309 1585
310 1679
311 1574
312 1638
313 1687
314 1744
315 1719
316 1837
317 1771
318 1809
319 1826
320 1715
321 1803
322 1872
323 1848
324 1837
325 2020
326 1992
327 1988
328 1968
329 2060
330 1978
331 1840
332 1962
333 1917
334 1907
335 1875
336 1920
337 1847
338 1848
339 1770
340 1805
341 1854
342 1840
343 1824
344 1777
345 1690
346 1608
347 1585
348 1639
349 1558
350 1540
351 1485
352 1567
353 1472
354 1503
355 1402
356 1361
357 1383
358 1295
359 1292
360 1245
361 1281
362 1164
363 1254
364 1280
365 1218
366 1235
367 1163
368 1164
369 1060
370 1103
371 1073
372 1057
373 1059
374 1074
375 1023
376 1041
377 997
378 990
379 1001
380 955
381 997
382 899
383 932
384 889
385 918
386 944
387 931
388 974
389 872
390 882
391 849
392 806
393 803
394 802
395 807
396 753
397 697
398 729
399 674
400 673
401 675
402 696
403 728
404 673
405 677
406 603
407 632
408 636
409 574
410 596
411 549
412 581
413 518
414 595
415 544
416 532
417 582
418 556
419 584
420 560
421 542
422 510
423 509
424 529
425 472
426 456
427 448
428 409
429 434
430 387
431 421
432 375
433 414
434 375
435 355
436 345
437 361
438 316
439 290
440 299
441 339
442 321
443 256
444 251
445 273
446 227
447 232
448 244
449 210
450 238
451 238
452 214
453 228
454 187
455 205
456 176
457 169
458 148
459 152
460 148
461 142
462 111
463 116
464 114
465 125
466 134
467 110
468 109
469 121
470 101
471 97
472 113
473 105
474 100
475 98
476 104
477 120
478 119
479 103
480 132
481 111
482 106
483 108
484 112
485 100
486 114
487 102
488 103
489 112
490 89
491 102
492 104
493 107
494 98
495 83
496 86
497 87
498 95
499 101
500 102
501 108
502 112
503 107
504 95
505 112
506 107
507 110
508 108
509 108
510 119
511 143
512 138
513 125
514 137
515 148
516 161
517 168
518 157
519 161
520 156
521 156
522 181
523 196
524 158
525 165
526 184
527 131
528 172
529 156
530 150
531 162
532 178
533 167
534 180
535 160
536 175
537 142
538 198
539 171
540 159
541 169
542 141
543 148
544 169
545 147
546 170
547 153
548 161
549 170
550 170
551 169
552 172
553 184
554 178
555 182
556 189
557 162
558 190
559 185
560 159
561 162
562 173
563 177
564 154
565 171
566 146
567 153
568 138
569 132
570 161
571 156
572 150
573 141
574 175
575 151
576 150
577 137
578 156
579 163
580 146
581 146
582 159
583 156
584 153
585 155
586 174
587 168
588 143
589 178
590 142
591 154
592 150
593 148
594 135
595 134
596 149
597 163
598 147
599 136
600 169
601 165
602 159
603 157
604 158
605 144
606 154
607 171
608 152
609 147
610 156
611 162
612 130
613 121
614 154
615 154
616 130
617 145
618 151
619 141
620 144
621 133
622 143
623 161
624 133
625 131
626 130
627 148
628 152
629 111
630 132
631 147
632 147
633 131
634 155
635 149
636 131
637 167
638 148
639 136
640 159
641 157
642 155
643 139
644 169
645 129
646 146
647 132
648 150
649 134
650 142
651 127
652 141
653 120
654 134
655 117
656 124
657 131
658 131
659 112
660 107
661 117
662 117
663 109
664 125
665 110
666 122
667 104
668 102
669 83
670 96
671 94
672 92
673 99
674 99
675 112
676 105
677 115
678 93
679 114
680 109
681 85
682 85
683 112
684 99
685 88
686 101
687 78
688 92
689 88
690 93
691 76
692 94
693 96
694 74
695 87
696 102
697 101
698 79
699 71
700 70
701 77
702 75
703 88
704 77
705 74
706 82
707 93
708 82
709 104
710 83
711 72
712 94
713 89
714 102
715 98
716 87
717 112
718 105
719 101
720 93
721 93
722 113
723 108
724 104
725 81
726 104
727 75
728 67
729 81
730 53
731 78
732 74
733 77
734 61
735 83
736 58
737 71
738 66
739 82
740 76
741 50
742 52
743 65
744 53
745 47
746 42
747 57
748 55
749 41
750 38
751 39
752 37
753 50
754 45
755 34
756 41
757 37
758 31
759 38
760 32
761 42
762 43
763 22
764 32
765 32
766 40
767 34
768 25
769 26
770 26
771 28
772 22
773 20
774 32
775 31
776 25
777 29
778 31
779 23
780 30
781 25
782 30
783 12
784 22
785 24
786 34
787 45
788 25
789 26
790 40
791 23
792 24
793 26
794 27
795 28
796 20
797 17
798 28
799 17
800 31
801 27
802 27
803 22
804 33
805 17
806 24
807 31
808 24
809 36
810 27
811 35
812 45
813 48
814 47
815 48
816 63
817 53
818 49
819 52
820 63
821 44
822 67
823 58
824 55
825 57
826 61
827 56
828 48
829 68
830 78
831 57
832 45
833 50
834 56
835 53
836 54
837 71
838 62
839 52
840 48
841 57
842 62
843 60
844 62
845 60
846 79
847 76
848 64
849 80
850 74
851 63
852 55
853 68
854 78
855 68
856 81
857 71
858 58
859 65
860 66
861 74
862 80
863 71
864 67
865 81
866 73
867 83
868 75
869 67
870 57
871 89
872 55
873 88
874 92
875 66
876 73
877 87
878 79
879 69
880 83
881 74
882 51
883 70
884 67
885 71
886 67
887 52
888 50
889 72
890 60
891 68
892 52
893 71
894 68
895 60
896 57
897 65
898 65
899 55
900 66
901 58
902 56
903 53
904 38
905 50
906 50
907 64
908 45
909 50
910 54
911 43
912 44
913 44
914 41
915 44
916 35
917 64
918 45
919 39
920 45
921 45
922 42
923 49
924 43
925 46
926 41
927 48
928 34
929 47
930 33
931 39
932 33
933 40
934 54
935 34
936 42
937 37
938 46
939 43
940 33
941 44
942 39
943 33
944 43
945 42
946 43
947 33
948 38
949 35
950 29
951 28
952 38
953 35
954 36
955 41
956 47
957 29
958 35
959 32
960 38
961 36
962 33
963 44
964 30
965 30
966 31
967 32
968 34
969 43
970 31
971 26
972 39
973 29
974 32
975 28
976 27
977 15
978 22
979 31
980 29
981 24
982 26
983 31
984 31
985 26
986 28
987 25
988 33
989 23
990 32
991 25
992 28
993 23
994 31
995 17
996 22
997 33
998 24
999 20
1000 23
1001 26
1002 26
1003 17
1004 20
1005 19
1006 22
1007 17
1008 14
1009 12
1010 6
1011 18
1012 12
1013 19
1014 10
1015 19
1016 12
1017 17
1018 21
1019 10
1020 11
1021 16
1022 16
1023 20
1024 16
1025 21
1026 15
1027 18
1028 21
1029 20
1030 17
1031 16
1032 21
1033 20
1034 14
1035 20
1036 18
1037 21
1038 21
1039 20
1040 18
1041 16
1042 16
1043 7
1044 15
1045 19
1046 12
1047 17
1048 15
1049 15
1050 16
1051 12
1052 21
1053 11
1054 17
1055 15
1056 24
1057 19
1058 17
1059 26
1060 22
1061 17
1062 17
1063 19
1064 15
1065 26
1066 17
1067 15
1068 22
1069 13
1070 14
1071 25
1072 20
1073 17
1074 18
1075 17
1076 23
1077 22
1078 21
1079 17
1080 19
1081 21
1082 20
1083 17
1084 13
1085 24
1086 8
1087 11
1088 21
1089 17
1090 20
1091 15
1092 17
1093 20
1094 18
1095 15
1096 9
1097 21
1098 25
1099 18
1100 14
1101 16
1102 17
1103 17
1104 15
1105 13
1106 13
1107 11
1108 16
1109 12
1110 17
1111 12
1112 13
1113 11
1114 12
1115 12
1116 17
1117 11
1118 7
1119 16
1120 9
1121 9
1122 4
1123 7
1124 7
1125 10
1126 7
1127 8
1128 6
1129 4
1130 9
1131 11
1132 6
1133 9
1134 10
1135 16
1136 7
1137 11
1138 6
1139 14
1140 16
1141 15
1142 12
1143 18
1144 11
1145 14
1146 13
1147 8
1148 16
1149 19
1150 16
1151 15
1152 8
1153 15
1154 15
1155 14
1156 11
1157 14
1158 11
1159 9
1160 10
1161 12
1162 14
1163 19
1164 12
1165 12
1166 8
1167 9
1168 23
1169 17
1170 12
1171 2
1172 11
1173 16
1174 7
1175 9
1176 12
1177 9
1178 11
1179 14
1180 17
1181 14
1182 8
1183 12
1184 13
1185 9
1186 9
1187 6
1188 15
1189 14
1190 12
1191 14
1192 17
1193 10
1194 16
1195 11
1196 10
1197 11
1198 10
1199 4
1200 11
1201 7
1202 4
1203 8
1204 15
1205 17
1206 14
1207 9
1208 13
1209 10
1210 11
1211 14
1212 6
1213 11
1214 11
1215 17
1216 12
1217 13
1218 9
1219 19
1220 6
1221 7
1222 12
1223 6
1224 15
1225 7
1226 13
1227 18
1228 14
1229 9
1230 11
1231 13
1232 19
1233 9
1234 14
1235 14
1236 17
1237 19
1238 15
1239 10
1240 13
1241 16
1242 11
1243 10
1244 13
1245 18
1246 14
1247 23
1248 12
1249 14
1250 11
1251 15
1252 10
1253 6
1254 12
1255 7
1256 9
1257 13
1258 10
1259 12
1260 7
1261 13
1262 14
1263 8
1264 15
1265 13
1266 15
1267 13
1268 5
1269 9
1270 9
1271 12
1272 13
1273 10
1274 10
1275 13
1276 13
1277 13
1278 15
1279 9
1280 6
1281 14
1282 7
1283 7
1284 5
1285 3
1286 8
1287 5
1288 10
1289 4
1290 4
1291 7
1292 6
1293 8
1294 12
1295 6
1296 10
1297 9
1298 17
1299 10
1300 19
1301 7
1302 4
1303 12
1304 8
1305 15
1306 4
1307 16
1308 6
1309 18
1310 11
1311 14
1312 10
1313 8
1314 18
1315 10
1316 22
1317 15
1318 13
1319 5
1320 15
1321 11
1322 13
1323 14
1324 10
1325 14
1326 12
1327 4
1328 10
1329 17
1330 17
1331 13
1332 9
1333 14
1334 11
1335 12
1336 9
1337 10
1338 14
1339 11
1340 9
1341 13
1342 15
1343 13
1344 13
1345 9
1346 18
1347 16
1348 10
1349 8
1350 10
1351 5
1352 8
1353 7
1354 8
1355 5
1356 7
1357 6
1358 8
1359 8
1360 13
1361 14
1362 7
1363 8
1364 7
1365 10
1366 17
1367 14
1368 9
1369 10
1370 7
1371 12
1372 12
1373 8
1374 9
1375 8
1376 8
1377 9
1378 9
1379 9
1380 13
1381 8
1382 9
1383 9
1384 9
1385 10
1386 13
1387 8
1388 8
1389 9
1390 5
1391 10
1392 17
1393 8
1394 3
1395 12
1396 10
1397 10
1398 7
1399 7
1400 9
1401 9
1402 6
1403 13
1404 8
1405 7
1406 9
1407 11
1408 10
1409 6
1410 4
1411 3
1412 5
1413 6
1414 1
1415 4
1416 9
1417 8
1418 8
1419 5
1420 9
1421 9
1422 3
1423 7
1424 10
1425 7
1426 8
1427 8
1428 10
1429 6
1430 3
1431 5
1432 6
1433 3
1434 3
1435 6
1436 6
1437 3
1438 5
1439 3
1440 7
1441 3
1442 2
1443 5
1444 8
1445 6
1446 4
1447 5
1448 3
1449 1
1450 1
1451 6
1453 5
1455 1
1456 2
1457 5
1458 1
1459 1
1460 2
1461 2
1462 1
1463 1
1464 1
1465 2
1466 2
1467 2
1468 3
1469 2
1470 1
1471 3
1472 2
1473 2
1474 1
1475 3
1476 4
1477 7
1478 2
1479 4
1480 4
1481 5
1482 1
1483 2
1484 7
1485 3
1486 2
1487 1
1488 7
1489 2
1490 3
1491 4
1492 2
1494 10
1495 9
1496 5
1498 4
1499 5
1500 9
1501 4
1502 2
1503 4
1504 6
1505 4
1506 4
1507 1
1508 3
1509 2
1510 4
1511 3
1512 2
1513 3
1514 4
1515 3
1516 3
1517 2
1518 2
1519 5
1520 1
1521 5
1522 2
1523 4
1524 3
1525 1
1526 5
1527 1
1528 6
1529 7
1530 1
1531 5
1532 8
1533 2
1534 2
1535 8
1536 2
1537 2
1538 2
1539 4
1540 1
1541 3
1542 4
1543 3
1544 3
1545 2
1546 2
1547 3
1548 2
1549 2
1550 1
1552 2
1553 3
1554 2
1556 1
1558 1
1559 4
1561 1
1562 2
1563 1
1565 3
1566 4
1567 1
1568 1
1569 2
1570 1
1571 3
1572 3
1573 2
1574 2
1575 2
1577 3
1578 4
1579 3
1580 1
1581 2
1582 4
1583 4
1584 3
1585 5
1586 2
1587 7
1588 5
1589 2
1590 1
1591 3
1592 3
1593 3
1594 1
1595 3
1597 3
1598 2
1599 3
1601 4
1602 5
1603 3
1604 2
1605 3
1606 3
1608 3
1609 2
1610 2
1611 4
1612 6
1613 7
1614 2
1615 3
1616 2
1617 1
1618 4
1619 4
1620 3
1621 2
1622 3
1623 5
1624 1
1625 2
1626 2
1627 3
1628 5
1629 2
1630 2
1631 2
1632 4
1633 3
1634 2
1635 3
1636 3
1637 3
1638 2
1639 2
1640 4
1641 2
1642 2
1643 5
1644 5
1645 7
1646 2
1647 5
1648 3
1649 3
1650 2
1651 6
1652 2
1653 3
1654 1
1655 3
1656 5
1657 1
1658 2
1659 2
1660 7
1661 5
1662 1
1663 9
1664 4
1665 5
1666 2
1667 1
1668 3
1669 2
1670 4
1671 4
1672 3
1673 5
1674 3
1675 3
1676 2
1677 3
1678 1
1680 2
1681 3
1682 1
1683 5
1684 4
1686 6
1687 3
1688 4
1689 2
1691 3
1692 5
1693 3
1694 1
1695 3
1696 1
1697 1
1698 1
1699 1
1700 2
1701 3
1702 3
1703 1
1704 1
1705 2
1708 1
1709 2
1711 1
1712 1
1714 2
1718 1
1720 1
1721 2
1723 1
1724 1
1725 1
1726 1
1729 1
1730 3
1731 3
1732 2
1733 1
1734 2
1737 1
1738 2
1739 1
1740 2
1741 1
1742 2
1743 1
1744 2
1745 3
1746 1
1747 1
1748 1
1750 3
1752 1
1754 1
1756 1
1757 2
1758 6
1759 4
1760 1
1761 2
1762 3
1763 6
1764 3
1765 4
1766 3
1767 4
1769 5
1770 3
1771 4
1772 5
1773 2
1774 3
1775 2
1776 5
1777 1
1778 3
1780 4
1781 1
1782 3
1784 3
1786 1
1787 3
1788 2
1789 1
1790 2
1791 1
1792 4
1793 2
1794 5
1795 4
1797 1
1799 2
1800 2
1801 1
1802 1
1804 1
1805 4
1806 1
1808 4
1809 3
1810 1
1813 1
1814 2
1815 1
1816 3
1817 2
1818 4
1819 2
1820 1
1821 4
1822 2
1823 1
1824 4
1825 3
1826 2
1827 3
1829 2
1830 2
1831 1
1832 2
1833 2
1834 2
1835 3
1836 2
1837 2
1838 3
1839 5
1840 2
1841 3
1842 1
1843 3
1844 2
1845 2
1846 2
1847 2
1848 1
1849 1
1851 1
1852 4
1853 4
1854 3
1856 1
1857 6
1858 7
1859 5
1860 3
1861 1
1863 2
1864 2
1865 3
1866 2
1867 4
1868 1
1869 3
1870 2
1871 3
1872 2
1873 2
1874 2
1875 2
1877 4
1878 3
1879 3
1880 2
1881 6
1882 3
1883 1
1884 5
1885 1
1886 4
1887 3
1888 4
1889 5
1891 6
1892 2
1893 3
1894 2
1895 1
1896 2
1897 10
1898 1
1899 2
1900 2
1901 2
1902 3
1903 1
1904 2
1905 3
1906 5
1908 1
1909 3
1910 2
1911 2
1912 2
1913 2
1915 2
1916 2
1917 1
1919 1
1920 1
1921 1
1922 2
1923 1
1924 1
1925 1
1927 3
1928 4
1930 1
1931 1
1932 2
1933 1
1934 1
1935 1
1936 1
1937 1
1938 2
1939 4
1940 1
1941 2
1942 3
1943 2
1944 1
1946 2
1947 2
1948 2
1949 1
1950 1
1951 1
1952 4
1953 1
1954 3
1955 1
1956 4
1957 3
1958 3
1959 1
1961 2
1962 3
1963 6
1964 3
1965 8
1966 2
1967 4
1968 3
1969 3
1970 3
1971 8
1972 4
1973 4
1974 2
1975 4
1976 5
1977 2
1978 4
1979 4
1980 4
1981 6
1982 2
1983 1
1984 2
1985 3
1987 4
1988 2
1989 4
1990 4
1991 6
1992 3
1993 2
1994 2
1995 3
1996 4
1997 2
1998 1
1999 1
2000 4
2001 4
2002 1
2003 3
2004 6
2005 3
2006 3
2007 3
2008 1
2009 4
2010 3
2011 5
2012 3
2013 6
2014 4
2015 6
2016 5
2017 2
2018 3
2019 3
2020 5
2021 1
2022 5
2023 3
2024 5
2025 1
2026 3
2027 3
2028 7
2029 4
2030 3
2031 7
2032 3
2033 2
2034 4
2035 2
2036 5
2037 4
2038 1
2039 2
2040 3
2041 3
2042 4
2044 1
2045 1
2046 1
2047 3
2048 2
2049 3
2050 1
2051 3
2053 2
2054 4
2055 2
2056 2
2057 4
2058 2
2059 4
2060 1
2061 2
2062 2
2063 1
2064 4
2065 1
2066 2
2067 2
2068 1
2070 2
2071 1
2073 2
2074 1
2075 3
2076 1
2077 5
2078 3
2079 2
2080 3
2081 4
2083 4
2084 5
2085 2
2086 4
2087 3
2088 1
2089 2
2090 4
2091 1
2092 6
2093 1
2094 2
2095 2
2096 1
2097 2
2098 1
2100 3
2101 4
2102 1
2103 5
2104 3
2105 3
2106 2
2107 9
2108 1
2109 2
2110 4
2111 3
2112 2
2113 2
2114 4
2116 3
2117 1
2118 1
2119 1
2120 1
2121 1
2122 1
2123 1
2124 2
2125 2
2126 4
2129 3
2130 1
2135 1
2136 1
2139 1
2141 1
2142 1
2143 1
2144 2
2146 3
2147 4
2148 1
2149 2
2150 3
2151 5
2152 3
2153 3
2154 1
2155 1
2156 2
2157 2
2158 2
2159 4
2161 3
2162 1
2163 3
2164 2
2165 3
2166 1
2167 2
2168 2
2169 3
2170 2
2171 2
2173 2
2174 1
2175 1
2176 3
2177 2
2178 2
2179 2
2180 1
2181 2
2182 2
2183 1
2185 3
2186 1
2187 3
2189 2
2190 1
2191 1
2192 3
2193 1
2194 2
2195 3
2197 1
2198 2
2199 3
2200 1
2201 3
2202 2
2203 7
2204 1
2205 3
2206 4
2207 2
2208 2
2209 4
2210 3
2211 4
2212 4
2213 3
2214 7
2215 4
2216 4
2217 1
2218 2
2219 5
2220 4
2221 6
2222 5
2223 2
2224 1
2225 5
2226 2
2227 1
2228 4
2229 4
2230 1
2231 3
2232 2
2233 4
2234 4
2235 2
2236 3
2237 6
2238 4
2239 2
2240 3
2241 5
2242 3
2243 5
2244 4
2245 2
2246 4
2247 1
2248 3
2250 2
2252 1
2253 2
2254 4
2255 1
2256 2
2257 3
2258 1
2259 2
2260 4
2261 2
2262 2
2263 1
2264 1
2265 2
2267 1
2268 3
2269 6
2270 2
2271 4
2272 4
2273 3
2274 1
2275 3
2276 6
2277 3
2278 2
2279 6
2280 4
2281 2
2282 3
2284 9
2285 5
2287 2
2288 3
2289 1
2290 7
2291 4
2292 4
2293 3
2294 4
2295 6
2296 4
2297 4
2298 1
2299 6
2300 3
2302 2
2303 3
2304 1
2305 5
2306 1
2307 2
2308 2
2309 1
2311 1
2312 2
2313 2
2314 4
2315 4
2317 2
2318 7
2319 1
2320 4
2322 2
2323 2
2324 4
2325 3
2326 5
2327 7
2328 3
2329 4
2330 4
2331 6
2332 1
2333 3
2334 1
2335 2
2336 2
2337 3
2338 2
2339 2
2340 1
2342 3
2343 1
2344 2
2345 2
2346 3
2347 2
2348 2
2351 1
2352 1
2353 1
2354 3
2355 1
2357 3
2358 2
2359 2
2361 3
2362 2
2363 3
2364 6
2365 1
2366 3
2367 1
2368 4
2369 8
2370 5
2371 4
2372 4
2373 3
2374 2
2375 2
2376 2
2377 1
2378 2
2379 1
2380 1
2381 1
2383 5
2384 4
2385 5
2386 4
2387 4
2388 2
2389 3
2390 3
2391 2
2392 6
2393 1
2395 1
2396 3
2397 2
2398 2
2400 3
2401 3
2402 3
2403 2
2404 4
2405 2
2406 3
2407 1
2408 1
2409 2
2410 4
2411 2
2412 3
2413 1
2414 5
2415 3
2416 7
2417 3
2418 3
2419 2
2420 2
2421 4
2422 6
2423 9
2424 8
2425 6
2426 5
2427 4
2428 6
2429 6
2430 6
2431 3
2432 4
2433 5
2434 6
2435 4
2436 12
2437 11
2438 6
2439 8
2440 6
2441 4
2442 6
2443 7
2444 3
2445 11
2446 5
2447 4
2448 1
2449 5
2450 3
2451 2
2452 8
2453 9
2454 9
2455 5
2456 12
2457 6
2458 7
2459 7
2460 6
2461 8
2462 6
2463 5
2464 4
2465 4
2466 3
2467 5
2468 5
2469 5
2470 5
2471 2
2472 7
2473 8
2474 3
2475 5
2476 7
2477 2
2478 2
2479 7
2480 5
2481 5
2482 4
2483 8
2484 9
2485 4
2486 4
2487 2
2488 2
2489 8
2490 2
2491 7
2492 8
2493 8
2494 4
2495 2
2496 1
2497 6
2498 4
2499 2
2500 4
2501 1
2502 2
2503 4
2504 5
2505 2
2507 4
2508 5
2509 3
2510 4
2511 3
2512 1
2513 2
2514 2
2515 3
2516 1
2517 1
2519 3
2521 2
2522 3
2524 1
2525 2
2526 3
2527 1
2530 2
2531 2
2532 1
2535 4
2536 1
2537 1
2538 2
2542 1
2544 1
2545 1
2547 1
2550 2
2551 2
2553 2
2556 1
2557 1
2559 2
2560 1
2562 2
2563 2
2567 1
2569 1
2571 1
2572 2
2575 1
2576 1
2577 2
2579 2
2581 1
2583 1
2585 2
2587 2
2588 1
2592 3
2594 1
2596 1
2599 2
2600 1
2604 1
2605 1
2606 2
2608 2
2609 2
2610 3
2611 1
2612 1
2613 4
2615 1
2616 1
2617 2
2618 1
2619 2
2622 2
2623 1
2624 1
2627 1
2628 2
2629 1
2630 1
2631 2
2632 1
2633 3
2637 1
2638 1
2640 2
2641 2
2642 1
2643 3
2644 2
2645 1
2646 3
2647 3
2648 3
2649 2
2650 1
2651 2
2652 7
2653 1
2654 5
2655 4
2656 2
2657 2
2658 1
2659 4
2661 3
2662 2
2664 1
2665 3
2666 3
2668 1
2669 1
2670 1
2671 2
2673 1
2674 2
2675 4
2677 1
2679 1
2680 2
2681 1
2682 1
2683 1
2684 1
2685 3
2686 4
2687 2
2688 1
2689 1
2690 1
2691 1
2692 2
2694 3
2699 1
2700 1
2703 1
2704 2
2705 3
2706 1
2709 1
2710 2
2711 1
2712 1
2713 2
2717 1
2718 2
2719 2
2720 2
2721 1
2723 1
2724 2
2725 1
2726 1
2727 2
2729 1
2730 1
2731 2
2732 1
2733 1
2734 1
2737 3
2738 1
2739 3
2742 2
2744 1
2745 1
2749 2
2750 1
2751 2
2752 2
2753 1
2755 3
2756 1
2762 2
2764 2
2766 1
2767 1
2769 1
2770 1
2771 1
2773 2
2774 1
2779 1
2780 1
2787 1
2788 2
2791 2
2792 1
2799 1
2802 1
2815 1
2822 1
2825 2
2828 1
2830 1
2834 1
2836 3
2839 2
2842 1
2846 2
2849 1
2856 2
2857 1
2858 3
2860 1
2866 1
2867 1
2874 1
2884 1
2906 1
2907 1
2909 1
2911 1
2914 1
2918 1
2923 1
2926 1
2934 2
2936 1
2937 3
2941 1
2943 2
2944 1
2945 3
2946 1
2947 1
2948 1
2950 1
2951 2
2953 1
2955 2
2958 1
2962 2
2963 2
2965 1
2966 1
2967 1
2968 1
2969 2
2971 2
2975 1
2976 3
2979 2
2981 2
2982 1
2984 2
2985 1
2987 1
2988 1
2990 2
2993 2
2995 2
3001 2
3002 1
3006 1
3010 1
3016 1
3043 1
3044 1
3053 1
3084 1
3086 1
3101 1
3112 1
3151 1
3167 1
3169 1
3180 1
3181 2
3183 1
3185 3
3187 1
3194 1
3195 1
3196 1
3199 1
3202 1
3215 1
3223 1
3227 1
3231 1
3232 1
3233 1
3240 1
3243 1
3245 1
3246 1
3247 1
3251 1
3253 1
3254 1
3255 1
3262 1
3263 2
3267 1
3271 1
3280 2
3286 1
3293 1
3294 1
3295 1
3299 1
3306 1
3309 1
3312 1
3323 1
3327 1
3328 1
3329 1
3332 1
3333 1
3335 1
3336 1
3337 1
3338 1
3339 1
3340 1
3342 2
3343 1
3344 1
3345 1
3350 1
3353 1
3357 2
3364 1
3369 2
3409 1
3427 1
3433 1
3442 1
3443 1
3444 1
3453 1
3463 1
3465 1
3475 1
3476 1
3497 1
3505 1
3512 1
3516 2
3522 1
3524 1
3531 1
3533 1
3537 1
3546 1
3549 1
3552 1
3555 1
3557 1
3560 1
3562 1
3563 1
3564 1
3566 1
3567 2
3568 1
3569 1
3599 1
3609 1
3611 1
3613 1
3695 1
3720 1
3733 1
3741 1
3745 1
3751 1
3758 1
3771 1
3777 1
3778 1
3783 1
3787 1
3789 1
3812 1
3845 1
3986 1
4117 1
4118 1
4121 1
4129 1
4131 1
4136 1
4138 1
4145 1
4151 1
4165 1
4168 1
4171 1
4174 1
4177 1
4182 1
4188 1
4224 1
4253 1
4335 1
4339 1
4358 1
4367 1
4372 1
4374 1
4387 1
4391 1
4398 2
4399 2
4402 1
4404 1
4408 1
4409 1
4410 1
4414 1
4415 2
4500 1
4612 1
4644 1
4651 1
4665 1
4736 1
4771 1
4786 1
4793 1
5001 1
5046 1
5132 1
5140 1
5142 1
5143 1
5158 1
5160 1
5165 1
5177 1
5193 1
5230 1
5278 1
5327 1
5341 1
5343 1
5366 1
5409 1
5423 1
5430 1
5460 1
5468 1
5473 1
5479 1
5487 1
5532 1
5534 1
5535 1
5539 1
5543 2
5545 1
5547 1
5548 1
5562 1
5563 1
5567 1
5574 1
5575 1
5581 1
5625 1
5630 1
5632 1
5645 1
5650 1
5657 1
5664 1
5698 1
5781 1
5807 1
5831 1
5837 1
5845 1
5849 1
5850 1
5851 1
5861 1
5868 1
5873 1
5874 1
5876 1
5878 1
5882 1
5887 2
5888 2
5889 1
5891 1
5919 1
6005 1
6025 1
6044 1
6046 1
6058 1
6157 1
6187 1
6188 1
6199 1
6281 1
6575 1
6719 1
6728 1
6738 1
6756 1
6810 1
6899 1
6908 1
6913 1
6920 1
6926 3
6931 1
6936 1
6937 1
6938 1
6943 1
6944 1
6946 1
6947 1
7039 1
7045 1
7114 1
7126 1
7141 1
7142 2
7379 1
7380 1
8091 1
8102 1
8104 1
8108 1
8120 1
8123 1
8334 1
8356 1
8363 1
8372 2
8373 1
8378 2
8381 1
8389 1
8397 2
8483 1
10001 17
