1 10594220
2 10640003
3 8775666
4 6959847
5 5596493
6 4564783
7 3824278
8 3360393
9 3087702
10 2920345
11 2804470
12 2684303
13 2526441
14 2324148
15 2099995
16 1857225
17 1617712
18 1389933
19 1183498
20 1011006
21 861159
22 740086
23 654260
24 589358
25 548814
26 521946
27 506853
28 498077
29 486160
30 473707
31 456874
32 438395
33 407373
34 380103
35 340317
36 311881
37 267682
38 244391
39 198077
40 189666
41 144231
42 152656
43 105953
44 132926
45 85419
46 134437
47 76661
48 146440
49 77240
50 168153
51 84904
52 195007
53 96531
54 220846
55 109308
56 248272
57 121863
58 268632
59 134172
60 283985
61 143696
62 294350
63 154165
64 299512
65 164745
66 306266
67 178090
68 308973
69 194286
70 313276
71 212853
72 316299
73 232670
74 321049
75 250783
76 322427
77 263118
78 319083
79 272312
80 314840
81 274177
82 302434
83 266052
84 284604
85 256293
86 268308
87 245338
88 250922
89 235243
90 238038
91 228054
92 231823
93 227190
94 232012
95 231981
96 239251
97 242641
98 251073
99 256202
100 263010
101 269740
102 276177
103 281429
104 286312
105 290971
106 292448
107 294136
108 293461
109 288980
110 283626
111 276491
112 270145
113 258205
114 247846
115 234792
116 221914
117 208360
118 194482
119 179492
120 166152
121 153018
122 141744
123 128713
124 118726
125 109327
126 101581
127 94569
128 89379
129 84966
130 82725
131 80637
132 80659
133 81429
134 83838
135 86994
136 91358
137 96223
138 102393
139 108943
140 115273
141 122799
142 130107
143 136256
144 141867
145 147888
146 154367
147 159087
148 163226
149 165399
150 167257
151 166829
152 167220
153 165287
154 162779
155 159592
156 154102
157 148319
158 142086
159 134776
160 128860
161 120690
162 113436
163 105702
164 97535
165 89723
166 82118
167 74285
168 67199
169 60593
170 54279
171 47517
172 41941
173 36973
174 32230
175 27907
176 24254
177 20972
178 18002
179 15422
180 13305
181 11032
182 9403
183 7988
184 6797
185 5558
186 4996
187 4343
188 4080
189 3744
190 3683
191 3761
192 3863
193 4121
194 4584
195 5013
196 5788
197 6680
198 7693
199 8635
200 9868
201 11509
202 12812
203 14710
204 17458
205 19471
206 22001
207 25007
208 28164
209 31597
210 35108
211 39294
212 43202
213 47724
214 52504
215 58090
216 62570
217 68082
218 74281
219 79942
220 86525
221 92456
222 99118
223 104863
224 111157
225 117404
226 123656
227 129831
228 136805
229 142941
230 149759
231 155406
232 160764
233 166636
234 173270
235 178172
236 183682
237 189044
238 195683
239 200459
240 205537
241 208907
242 213669
243 216641
244 219506
245 223387
246 225487
247 227701
248 230094
249 232241
250 233546
251 234244
252 235377
253 236622
254 236931
255 237045
256 236691
257 236260
258 235076
259 232937
260 233072
261 230638
262 228590
263 225660
264 223866
265 220415
266 217526
267 214163
268 211991
269 209282
270 206049
271 202088
272 198330
273 195569
274 192393
275 189224
276 186413
277 183445
278 180623
279 177272
280 174982
281 171663
282 168456
283 165958
284 163455
285 161066
286 158393
287 155971
288 153476
289 151669
290 147370
291 145365
292 143223
293 139908
294 137125
295 134480
296 132116
297 127862
298 125649
299 121911
300 118531
301 114293
302 112100
303 107767
304 103975
305 99992
306 96230
307 92529
308 88691
309 84503
310 80743
311 76516
312 73200
313 69403
314 65844
315 62123
316 58723
317 55509
318 51859
319 48671
320 45444
321 42310
322 39839
323 36981
324 34357
325 31402
326 29249
327 26911
328 24637
329 22555
330 20596
331 19280
332 17556
333 15892
334 14541
335 13348
336 11859
337 10878
338 9955
339 8991
340 8354
341 7697
342 7166
343 6692
344 6141
345 5621
346 5250
347 5001
348 4731
349 4507
350 4421
351 4301
352 4262
353 4202
354 4222
355 4254
356 4363
357 4498
358 4563
359 4708
360 4802
361 4869
362 4933
363 5186
364 5364
365 5554
366 5658
367 5628
368 5860
369 5864
370 5962
371 6021
372 6109
373 6390
374 6367
375 6280
376 6479
377 6275
378 6389
379 6373
380 6111
381 6067
382 6017
383 5931
384 5732
385 5644
386 5638
387 5402
388 5282
389 5122
390 4958
391 4738
392 4779
393 4448
394 4299
395 4124
396 3908
397 3933
398 3615
399 3441
400 3191
401 3044
402 2822
403 2659
404 2551
405 2406
406 2262
407 2125
408 1996
409 1832
410 1731
411 1669
412 1533
413 1451
414 1284
415 1271
416 1196
417 1109
418 1102
419 1002
420 962
421 888
422 921
423 851
424 817
425 786
426 795
427 757
428 754
429 784
430 716
431 786
432 799
433 785
434 790
435 835
436 812
437 909
438 926
439 936
440 1014
441 1044
442 1051
443 1056
444 1067
445 1165
446 1041
447 1201
448 1189
449 1210
450 1272
451 1286
452 1328
453 1378
454 1386
455 1398
456 1397
457 1459
458 1449
459 1542
460 1582
461 1548
462 1499
463 1558
464 1586
465 1571
466 1698
467 1560
468 1602
469 1535
470 1525
471 1549
472 1533
473 1549
474 1587
475 1622
476 1522
477 1494
478 1516
479 1376
480 1446
481 1352
482 1359
483 1344
484 1322
485 1321
486 1261
487 1257
488 1209
489 1247
490 1161
491 1082
492 1139
493 1103
494 1076
495 1041
496 1028
497 1116
498 1015
499 995
500 1055
501 1040
502 1037
503 951
504 989
505 925
506 936
507 860
508 946
509 935
510 910
511 937
512 916
513 907
514 864
515 927
516 892
517 895
518 900
519 866
520 831
521 857
522 762
523 815
524 825
525 753
526 749
527 796
528 734
529 752
530 730
531 731
532 668
533 722
534 682
535 764
536 712
537 718
538 660
539 697
540 730
541 665
542 664
543 662
544 622
545 618
546 626
547 645
548 589
549 603
550 616
551 661
552 641
553 576
554 608
555 569
556 571
557 594
558 651
559 565
560 569
561 578
562 547
563 587
564 550
565 590
566 555
567 595
568 589
569 550
570 598
571 540
572 535
573 546
574 494
575 492
576 506
577 513
578 539
579 536
580 463
581 503
582 502
583 467
584 511
585 491
586 457
587 446
588 427
589 444
590 422
591 392
592 427
593 392
594 414
595 402
596 417
597 395
598 356
599 387
600 381
601 329
602 356
603 351
604 364
605 334
606 353
607 327
608 345
609 306
610 298
611 312
612 308
613 302
614 307
615 256
616 254
617 250
618 271
619 270
620 235
621 284
622 289
623 252
624 244
625 250
626 234
627 230
628 224
629 244
630 215
631 230
632 194
633 203
634 176
635 190
636 174
637 162
638 171
639 145
640 149
641 134
642 145
643 131
644 133
645 123
646 130
647 127
648 117
649 109
650 138
651 111
652 114
653 111
654 107
655 92
656 103
657 91
658 92
659 78
660 76
661 79
662 81
663 68
664 82
665 78
666 66
667 65
668 83
669 82
670 68
671 91
672 63
673 66
674 51
675 59
676 67
677 57
678 63
679 52
680 59
681 69
682 65
683 63
684 73
685 75
686 73
687 91
688 63
689 85
690 78
691 86
692 67
693 73
694 63
695 81
696 74
697 86
698 76
699 68
700 66
701 57
702 57
703 57
704 59
705 56
706 61
707 81
708 62
709 55
710 66
711 57
712 82
713 73
714 80
715 81
716 86
717 75
718 83
719 60
720 64
721 87
722 91
723 83
724 79
725 65
726 60
727 87
728 81
729 69
730 79
731 67
732 88
733 76
734 78
735 88
736 110
737 110
738 90
739 111
740 110
741 127
742 112
743 114
744 123
745 127
746 124
747 108
748 126
749 154
750 140
751 129
752 118
753 125
754 141
755 133
756 125
757 132
758 145
759 161
760 155
761 155
762 147
763 125
764 148
765 149
766 128
767 129
768 151
769 139
770 109
771 152
772 123
773 96
774 116
775 114
776 127
777 115
778 114
779 125
780 123
781 123
782 104
783 100
784 89
785 144
786 115
787 107
788 121
789 124
790 93
791 82
792 95
793 91
794 84
795 103
796 71
797 85
798 93
799 76
800 97
801 77
802 93
803 73
804 81
805 75
806 82
807 85
808 80
809 98
810 83
811 95
812 84
813 87
814 89
815 67
816 72
817 78
818 70
819 91
820 82
821 79
822 62
823 85
824 88
825 91
826 96
827 84
828 76
829 87
830 79
831 91
832 99
833 98
834 92
835 93
836 87
837 104
838 83
839 90
840 96
841 108
842 92
843 85
844 117
845 115
846 102
847 122
848 132
849 128
850 104
851 107
852 95
853 89
854 98
855 118
856 113
857 94
858 93
859 93
860 92
861 107
862 107
863 92
864 96
865 77
866 80
867 97
868 97
869 93
870 93
871 106
872 100
873 102
874 97
875 96
876 106
877 106
878 87
879 117
880 95
881 93
882 117
883 113
884 116
885 113
886 104
887 109
888 124
889 108
890 116
891 113
892 112
893 130
894 125
895 143
896 124
897 125
898 130
899 124
900 119
901 127
902 114
903 114
904 117
905 118
906 128
907 98
908 127
909 117
910 119
911 113
912 93
913 103
914 106
915 96
916 108
917 111
918 124
919 136
920 125
921 110
922 121
923 117
924 118
925 114
926 131
927 97
928 99
929 109
930 103
931 91
932 89
933 84
934 100
935 88
936 106
937 89
938 84
939 85
940 107
941 90
942 89
943 83
944 84
945 105
946 88
947 86
948 89
949 86
950 95
951 89
952 93
953 84
954 75
955 91
956 77
957 86
958 66
959 70
960 70
961 78
962 73
963 62
964 58
965 95
966 72
967 55
968 62
969 61
970 76
971 58
972 63
973 80
974 75
975 61
976 72
977 77
978 94
979 76
980 74
981 73
982 73
983 57
984 72
985 52
986 58
987 69
988 76
989 59
990 56
991 61
992 71
993 71
994 66
995 70
996 78
997 57
998 70
999 66
1000 62
1001 54
1002 55
1003 80
1004 79
1005 65
1006 66
1007 44
1008 56
1009 57
1010 57
1011 54
1012 67
1013 66
1014 59
1015 53
1016 74
1017 68
1018 65
1019 75
1020 82
1021 82
1022 88
1023 63
1024 75
1025 57
1026 70
1027 64
1028 54
1029 63
1030 69
1031 59
1032 59
1033 65
1034 54
1035 64
1036 53
1037 64
1038 50
1039 42
1040 57
1041 54
1042 50
1043 44
1044 53
1045 49
1046 36
1047 42
1048 52
1049 46
1050 31
1051 35
1052 31
1053 35
1054 38
1055 24
1056 39
1057 26
1058 28
1059 35
1060 41
1061 41
1062 31
1063 46
1064 46
1065 39
1066 39
1067 45
1068 36
1069 35
1070 46
1071 39
1072 30
1073 36
1074 30
1075 38
1076 21
1077 25
1078 17
1079 24
1080 25
1081 21
1082 15
1083 34
1084 27
1085 22
1086 23
1087 25
1088 22
1089 18
1090 22
1091 14
1092 15
1093 15
1094 12
1095 15
1096 21
1097 19
1098 15
1099 15
1100 15
1101 19
1102 18
1103 22
1104 12
1105 16
1106 25
1107 13
1108 18
1109 21
1110 19
1111 24
1112 11
1113 12
1114 20
1115 26
1116 24
1117 26
1118 16
1119 20
1120 15
1121 21
1122 14
1123 18
1124 22
1125 19
1126 19
1127 20
1128 23
1129 18
1130 18
1131 13
1132 15
1133 21
1134 18
1135 12
1136 11
1137 20
1138 13
1139 19
1140 12
1141 17
1142 21
1143 12
1144 24
1145 21
1146 8
1147 25
1148 16
1149 17
1150 22
1151 17
1152 21
1153 21
1154 12
1155 19
1156 23
1157 27
1158 18
1159 26
1160 24
1161 23
1162 27
1163 33
1164 26
1165 26
1166 26
1167 28
1168 34
1169 23
1170 32
1171 26
1172 35
1173 27
1174 29
1175 41
1176 29
1177 29
1178 34
1179 42
1180 23
1181 25
1182 31
1183 25
1184 43
1185 30
1186 31
1187 35
1188 33
1189 31
1190 22
1191 39
1192 42
1193 33
1194 35
1195 50
1196 33
1197 33
1198 50
1199 39
1200 33
1201 35
1202 56
1203 42
1204 40
1205 20
1206 51
1207 34
1208 40
1209 38
1210 36
1211 40
1212 50
1213 45
1214 49
1215 47
1216 44
1217 59
1218 54
1219 57
1220 53
1221 55
1222 63
1223 63
1224 49
1225 50
1226 49
1227 55
1228 60
1229 62
1230 47
1231 42
1232 59
1233 43
1234 50
1235 62
1236 44
1237 57
1238 33
1239 50
1240 32
1241 57
1242 51
1243 44
1244 52
1245 42
1246 50
1247 50
1248 49
1249 38
1250 38
1251 52
1252 40
1253 44
1254 44
1255 58
1256 60
1257 59
1258 50
1259 54
1260 50
1261 56
1262 63
1263 42
1264 68
1265 63
1266 46
1267 57
1268 58
1269 71
1270 62
1271 59
1272 62
1273 60
1274 56
1275 74
1276 41
1277 56
1278 57
1279 47
1280 52
1281 43
1282 52
1283 46
1284 48
1285 44
1286 44
1287 49
1288 51
1289 55
1290 47
1291 52
1292 46
1293 38
1294 48
1295 60
1296 33
1297 34
1298 57
1299 41
1300 38
1301 43
1302 40
1303 45
1304 42
1305 43
1306 43
1307 34
1308 39
1309 37
1310 45
1311 44
1312 40
1313 34
1314 40
1315 47
1316 38
1317 31
1318 38
1319 38
1320 29
1321 26
1322 39
1323 30
1324 34
1325 25
1326 25
1327 35
1328 20
1329 34
1330 23
1331 28
1332 34
1333 29
1334 24
1335 34
1336 22
1337 20
1338 34
1339 24
1340 26
1341 20
1342 28
1343 27
1344 28
1345 26
1346 29
1347 31
1348 25
1349 29
1350 32
1351 29
1352 28
1353 26
1354 27
1355 33
1356 42
1357 29
1358 21
1359 32
1360 28
1361 20
1362 19
1363 31
1364 28
1365 18
1366 23
1367 30
1368 28
1369 24
1370 21
1371 23
1372 20
1373 23
1374 29
1375 18
1376 26
1377 24
1378 26
1379 28
1380 25
1381 16
1382 20
1383 21
1384 22
1385 27
1386 29
1387 24
1388 31
1389 22
1390 23
1391 19
1392 22
1393 22
1394 24
1395 23
1396 22
1397 24
1398 22
1399 23
1400 21
1401 19
1402 14
1403 23
1404 18
1405 21
1406 26
1407 15
1408 16
1409 15
1410 10
1411 27
1412 20
1413 21
1414 20
1415 28
1416 17
1417 15
1418 12
1419 20
1420 12
1421 9
1422 14
1423 19
1424 11
1425 11
1426 12
1427 10
1428 9
1429 12
1430 20
1431 3
1432 9
1433 3
1434 10
1435 12
1436 9
1437 9
1438 4
1439 8
1440 7
1441 1
1442 9
1443 5
1444 7
1445 9
1446 11
1447 15
1448 7
1449 8
1450 9
1451 8
1452 10
1453 11
1454 11
1455 13
1456 9
1457 11
1458 14
1459 13
1460 8
1461 10
1462 6
1463 10
1464 2
1465 11
1466 6
1467 2
1468 4
1469 4
1470 5
1471 4
1472 6
1473 6
1474 1
1475 11
1476 10
1477 6
1478 9
1479 11
1480 15
1481 2
1482 7
1483 8
1484 6
1485 9
1486 7
1487 7
1488 9
1489 7
1490 12
1491 12
1492 13
1493 9
1494 6
1495 11
1496 8
1497 12
1498 8
1499 10
1500 9
1501 11
1502 9
1503 7
1504 9
1505 11
1506 10
1507 5
1508 14
1509 11
1510 7
1511 8
1512 8
1513 6
1514 7
1515 10
1516 9
1517 10
1518 8
1519 8
1520 9
1521 12
1522 15
1523 7
1524 11
1525 15
1526 10
1527 16
1528 10
1529 17
1530 12
1531 16
1532 17
1533 23
1534 14
1535 11
1536 14
1537 9
1538 15
1539 12
1540 9
1541 14
1542 18
1543 21
1544 14
1545 17
1546 15
1547 15
1548 16
1549 6
1550 17
1551 20
1552 13
1553 14
1554 21
1555 10
1556 15
1557 15
1558 15
1559 19
1560 15
1561 12
1562 13
1563 9
1564 11
1565 19
1566 11
1567 13
1568 11
1569 11
1570 14
1571 18
1572 18
1573 22
1574 10
1575 11
1576 11
1577 12
1578 18
1579 12
1580 14
1581 11
1582 16
1583 10
1584 10
1585 14
1586 9
1587 12
1588 7
1589 8
1590 16
1591 11
1592 15
1593 13
1594 12
1595 12
1596 6
1597 7
1598 12
1599 17
1600 7
1601 7
1602 5
1603 4
1604 6
1605 11
1606 10
1607 9
1608 9
1609 4
1610 13
1611 7
1612 11
1613 8
1614 9
1615 8
1616 5
1617 7
1618 6
1619 7
1620 7
1621 4
1622 5
1623 4
1624 4
1625 6
1626 7
1627 10
1628 6
1629 11
1630 5
1631 4
1632 8
1633 6
1634 8
1635 5
1636 7
1637 7
1638 6
1639 13
1640 6
1641 4
1642 12
1643 6
1644 8
1645 10
1646 3
1647 7
1648 7
1649 11
1650 6
1651 9
1652 4
1653 9
1654 7
1655 8
1656 3
1657 9
1658 8
1659 9
1660 12
1661 10
1662 10
1663 9
1664 6
1665 6
1666 7
1667 4
1668 12
1669 5
1670 9
1671 7
1672 3
1673 5
1674 9
1675 4
1676 7
1677 4
1678 8
1679 3
1680 4
1681 10
1682 7
1683 10
1684 9
1685 3
1686 10
1687 13
1688 8
1689 11
1690 9
1691 13
1692 11
1693 9
1694 14
1695 12
1696 14
1697 17
1698 11
1699 8
1700 10
1701 10
1702 9
1703 6
1704 7
1705 12
1706 6
1707 10
1708 6
1709 6
1710 9
1711 12
1712 12
1713 13
1714 14
1715 4
1716 13
1717 10
1718 13
1719 11
1720 12
1721 15
1722 11
1723 14
1724 9
1725 12
1726 11
1727 11
1728 10
1729 13
1730 9
1731 4
1732 6
1733 12
1734 7
1735 11
1736 8
1737 9
1738 11
1739 11
1740 11
1741 16
1742 6
1743 7
1744 8
1745 8
1746 7
1747 9
1748 6
1749 6
1750 12
1751 12
1752 7
1753 6
1754 6
1755 10
1756 9
1757 10
1758 9
1759 8
1760 8
1761 5
1762 6
1763 9
1764 6
1765 8
1766 7
1767 5
1768 10
1769 6
1770 9
1771 7
1772 7
1773 6
1774 9
1775 6
1776 12
1777 6
1778 7
1779 12
1780 4
1781 6
1782 5
1783 8
1784 4
1785 10
1786 11
1787 8
1788 6
1789 8
1790 11
1791 12
1792 11
1793 6
1794 6
1795 5
1796 12
1797 4
1798 8
1799 9
1800 7
1801 6
1802 7
1803 7
1804 7
1805 5
1806 10
1807 7
1808 12
1809 10
1810 7
1811 12
1812 6
1813 10
1814 7
1815 5
1816 8
1817 5
1818 5
1819 5
1820 9
1821 7
1822 4
1823 7
1824 7
1825 2
1826 11
1827 7
1828 6
1829 3
1830 5
1831 5
1832 3
1833 6
1834 3
1835 9
1836 6
1837 6
1838 4
1839 5
1840 4
1841 3
1842 10
1843 7
1844 5
1845 5
1846 7
1847 4
1848 9
1849 7
1850 9
1851 6
1852 7
1853 7
1854 4
1855 5
1856 8
1857 8
1858 6
1859 7
1860 5
1861 1
1862 3
1863 2
1864 7
1865 6
1866 7
1867 8
1868 9
1869 6
1870 3
1871 4
1872 5
1873 5
1874 9
1875 3
1876 8
1877 8
1878 11
1879 9
1880 2
1881 5
1882 6
1883 10
1884 5
1885 9
1886 6
1887 8
1888 9
1889 6
1890 6
1891 5
1892 11
1893 11
1894 8
1895 8
1896 11
1897 8
1898 6
1899 7
1900 16
1901 16
1902 10
1903 19
1904 7
1905 6
1906 20
1907 16
1908 8
1909 10
1910 20
1911 14
1912 8
1913 12
1914 16
1915 11
1916 10
1917 19
1918 14
1919 17
1920 18
1921 12
1922 10
1923 8
1924 10
1925 7
1926 13
1927 8
1928 5
1929 6
1930 9
1931 10
1932 9
1933 15
1934 11
1935 10
1936 7
1937 11
1938 14
1939 11
1940 11
1941 9
1942 9
1943 7
1944 1
1945 10
1946 13
1947 12
1948 9
1949 12
1950 8
1951 8
1952 10
1953 9
1954 9
1955 13
1956 9
1957 8
1958 18
1959 12
1960 7
1961 5
1962 11
1963 12
1964 9
1965 9
1966 8
1967 6
1968 8
1969 4
1970 4
1971 6
1972 8
1973 14
1974 5
1975 5
1976 10
1977 9
1978 9
1979 6
1980 6
1981 4
1982 9
1983 11
1984 8
1985 7
1986 4
1987 8
1988 7
1989 9
1990 6
1992 3
1993 2
1994 2
1995 2
1996 9
1997 7
1998 5
1999 1
2000 4
2001 2
2002 4
2003 5
2004 3
2005 2
2006 1
2007 2
2008 7
2009 5
2010 5
2011 2
2012 4
2013 4
2014 4
2015 4
2016 4
2017 4
2018 4
2019 3
2020 8
2021 3
2022 3
2023 2
2024 1
2025 1
2026 4
2027 3
2028 4
2029 4
2030 3
2031 3
2032 3
2033 3
2034 1
2035 2
2036 3
2037 1
2038 1
2039 2
2040 2
2041 1
2042 3
2043 2
2044 5
2045 4
2046 2
2047 2
2048 5
2049 1
2051 2
2052 5
2053 4
2054 4
2055 1
2056 1
2057 5
2058 3
2059 2
2060 1
2062 3
2063 3
2064 2
2066 2
2070 1
2071 1
2074 2
2075 3
2076 1
2077 1
2078 4
2079 2
2080 1
2081 1
2082 2
2083 3
2084 3
2085 5
2086 5
2087 3
2088 3
2089 3
2090 2
2091 6
2092 3
2093 2
2094 2
2095 3
2096 3
2097 4
2098 2
2099 4
2100 2
2101 2
2102 4
2103 3
2104 3
2105 2
2106 3
2107 1
2108 3
2109 1
2110 2
2111 7
2112 9
2113 4
2114 4
2115 5
2116 4
2117 2
2118 9
2119 9
2120 3
2121 1
2122 2
2123 3
2124 6
2125 1
2126 8
2127 5
2128 2
2129 4
2130 2
2131 4
2132 3
2133 5
2134 4
2135 4
2136 4
2137 8
2138 4
2139 4
2140 3
2142 3
2143 5
2144 5
2145 2
2147 1
2148 5
2149 7
2150 2
2151 5
2152 1
2153 6
2154 8
2155 3
2156 2
2157 4
2158 1
2159 7
2160 4
2162 5
2163 2
2164 2
2165 5
2167 3
2168 1
2169 3
2170 3
2171 2
2174 2
2175 3
2176 2
2177 2
2178 2
2179 2
2180 1
2181 2
2182 1
2183 3
2184 2
2185 3
2186 7
2187 2
2189 1
2191 1
2193 2
2194 2
2195 1
2196 1
2197 4
2198 1
2199 1
2200 3
2201 3
2203 3
2204 3
2205 3
2206 5
2207 2
2208 2
2209 3
2210 5
2211 4
2212 1
2213 2
2214 2
2216 1
2217 2
2218 1
2219 2
2220 1
2221 4
2222 2
2223 3
2226 2
2227 1
2228 1
2229 3
2235 2
2236 2
2238 3
2239 1
2240 2
2241 1
2243 2
2244 2
2249 3
2250 3
2251 1
2253 1
2255 1
2256 2
2257 1
2259 2
2260 2
2261 1
2262 2
2263 1
2264 1
2266 1
2268 3
2269 2
2270 2
2271 1
2272 1
2273 1
2275 2
2278 1
2280 2
2282 2
2284 2
2285 2
2286 1
2287 2
2288 1
2289 2
2291 1
2292 2
2293 2
2295 2
2297 2
2298 2
2299 2
2301 1
2302 2
2303 2
2304 1
2307 1
2309 1
2310 1
2311 1
2312 1
2313 1
2314 1
2317 1
2318 1
2319 3
2320 1
2321 1
2322 3
2325 1
2326 2
2327 3
2328 4
2329 2
2331 3
2332 2
2333 1
2334 4
2335 2
2336 1
2337 2
2338 2
2339 3
2340 2
2341 4
2342 4
2343 3
2344 3
2345 2
2346 2
2347 3
2348 1
2349 2
2350 3
2351 2
2352 6
2353 2
2354 1
2355 1
2356 2
2357 1
2358 1
2359 1
2360 1
2363 1
2364 1
2366 1
2367 2
2368 1
2369 1
2370 1
2371 1
2373 4
2374 1
2375 1
2376 5
2377 1
2378 3
2379 1
2380 2
2381 1
2382 2
2383 1
2384 2
2385 4
2386 2
2387 3
2388 1
2389 2
2390 1
2392 1
2394 1
2396 2
2398 2
2399 1
2400 1
2401 1
2403 2
2405 1
2406 3
2407 5
2408 5
2409 3
2410 1
2412 1
2413 2
2414 3
2416 5
2417 2
2418 1
2419 2
2420 5
2421 1
2422 1
2423 1
2425 2
2427 1
2428 1
2431 1
2433 1
2435 1
2436 2
2438 1
2439 1
2440 1
2441 4
2443 1
2445 1
2446 1
2447 1
2448 1
2449 1
2452 2
2453 1
2454 2
2455 1
2458 1
2459 1
2461 1
2464 2
2465 1
2467 2
2468 2
2472 2
2474 1
2475 1
2476 1
2477 1
2478 3
2479 1
2480 4
2481 2
2483 3
2484 3
2485 3
2486 1
2487 1
2488 1
2489 2
2490 2
2491 1
2492 1
2493 1
2494 3
2495 3
2496 4
2497 1
2498 2
2499 3
2500 3
2501 1
2504 3
2505 2
2506 1
2508 1
2513 2
2514 1
2515 1
2516 2
2518 4
2519 2
2520 1
2521 2
2523 1
2524 2
2529 1
2530 3
2532 2
2533 3
2534 1
2535 3
2536 2
2537 1
2538 5
2539 5
2540 2
2541 1
2542 3
2543 3
2544 4
2545 4
2546 3
2547 4
2548 2
2550 3
2551 3
2552 1
2553 2
2554 1
2555 4
2556 1
2557 3
2558 2
2559 1
2561 4
2562 3
2564 1
2565 1
2566 2
2567 1
2568 1
2569 1
2570 4
2571 1
2574 1
2575 2
2576 1
2578 3
2579 2
2580 3
2581 2
2582 2
2583 3
2584 3
2585 5
2586 1
2587 2
2589 6
2590 3
2591 1
2594 3
2595 2
2596 2
2598 1
2599 1
2600 3
2601 2
2602 1
2603 3
2604 3
2605 2
2606 2
2607 3
2608 3
2609 9
2610 1
2611 2
2612 1
2613 2
2614 5
2615 1
2616 5
2617 4
2619 1
2620 1
2621 2
2622 4
2623 1
2625 2
2627 1
2628 4
2629 3
2630 1
2635 3
2636 2
2637 1
2638 1
2639 1
2644 2
2645 1
2646 3
2647 2
2648 1
2649 2
2650 1
2654 1
2656 2
2657 3
2658 1
2659 1
2660 1
2664 1
2666 1
2668 1
2669 1
2675 1
2676 4
2678 1
2681 2
2682 5
2684 2
2686 2
2687 1
2688 3
2689 1
2690 1
2691 4
2693 3
2694 1
2696 2
2697 2
2698 2
2701 1
2702 4
2704 2
2705 3
2706 2
2708 1
2709 2
2710 1
2711 2
2712 2
2713 1
2714 2
2716 1
2718 2
2719 1
2720 2
2721 1
2723 3
2724 1
2726 1
2727 1
2728 3
2731 3
2732 2
2733 2
2734 1
2736 2
2737 1
2738 1
2739 2
2740 2
2741 2
2742 1
2743 2
2744 2
2747 5
2749 1
2750 2
2751 2
2752 2
2753 1
2754 2
2755 1
2757 3
2758 2
2759 3
2760 3
2761 3
2763 2
2764 2
2765 1
2766 3
2767 1
2768 4
2769 1
2770 2
2771 3
2772 1
2773 3
2774 2
2775 3
2776 3
2778 2
2779 1
2780 2
2781 3
2782 2
2783 3
2784 1
2786 3
2787 3
2789 3
2790 3
2791 2
2792 1
2793 1
2794 1
2796 1
2797 2
2798 2
2799 4
2800 1
2801 1
2802 4
2803 1
2804 1
2805 2
2806 4
2807 2
2808 3
2809 2
2812 3
2813 5
2814 2
2815 3
2816 1
2817 1
2818 1
2819 1
2820 1
2821 3
2822 3
2823 5
2824 2
2828 1
2830 1
2831 1
2832 1
2833 1
2836 4
2837 2
2838 4
2839 1
2842 1
2843 1
2845 2
2846 1
2847 3
2848 1
2849 1
2850 2
2852 3
2853 3
2854 4
2855 4
2856 5
2857 2
2859 3
2860 2
2861 4
2862 4
2863 3
2864 2
2865 1
2866 4
2867 6
2868 3
2869 4
2870 5
2871 5
2872 4
2873 7
2874 2
2875 2
2876 3
2877 1
2878 4
2879 4
2880 1
2882 4
2884 2
2885 7
2886 3
2887 2
2888 2
2889 2
2891 2
2892 2
2893 6
2895 2
2896 1
2897 4
2898 2
2899 3
2900 3
2901 3
2902 2
2903 2
2904 1
2905 3
2907 4
2908 4
2909 1
2910 4
2911 4
2912 2
2914 4
2915 1
2918 1
2919 3
2920 2
2921 1
2922 3
2923 2
2924 2
2925 3
2926 4
2927 5
2928 5
2929 4
2930 3
2931 2
2932 6
2933 6
2934 3
2935 1
2936 4
2937 1
2938 3
2939 4
2940 5
2941 3
2942 1
2943 1
2944 3
2945 2
2946 4
2948 1
2949 1
2950 1
2951 2
2952 2
2955 1
2957 3
2958 1
2959 1
2961 2
2963 1
2964 2
2965 2
2968 2
2970 2
2971 1
2974 1
2975 1
2976 1
2977 1
2978 1
2979 2
2980 1
2981 1
2983 2
2984 1
2985 2
2986 1
2988 1
2989 5
2990 1
2991 1
2992 1
2994 3
2995 1
2996 6
2997 1
2998 3
2999 2
3000 2
3001 2
3002 1
3003 1
3004 1
3005 4
3006 3
3007 1
3010 1
3013 1
3014 2
3015 1
3017 1
3019 1
3020 1
3023 1
3024 2
3025 2
3027 2
3028 3
3030 3
3032 1
3034 1
3035 1
3036 3
3037 1
3038 1
3039 1
3041 1
3042 1
3043 1
3044 4
3046 1
3047 1
3049 1
3051 1
3052 1
3053 1
3054 1
3056 1
3057 1
3058 2
3060 1
3062 1
3063 2
3064 2
3069 2
3071 1
3072 3
3074 1
3075 2
3076 2
3077 1
3078 1
3079 2
3080 3
3082 1
3083 2
3084 1
3085 1
3086 1
3087 1
3088 1
3089 4
3090 3
3091 1
3092 4
3093 2
3094 3
3096 4
3097 3
3098 4
3101 4
3102 1
3103 1
3104 2
3105 2
3106 1
3108 4
3109 1
3110 1
3113 2
3114 2
3116 1
3117 3
3118 1
3119 1
3120 1
3121 1
3122 1
3123 1
3127 4
3128 1
3129 1
3130 2
3133 2
3134 7
3136 2
3137 2
3138 3
3139 1
3140 1
3141 1
3143 1
3144 1
3145 1
3146 2
3147 2
3148 2
3149 1
3150 3
3151 2
3153 2
3154 1
3155 1
3156 3
3157 1
3159 2
3160 2
3162 2
3164 2
3165 1
3166 3
3167 2
3168 1
3171 1
3172 3
3173 2
3174 1
3175 1
3176 1
3177 2
3178 3
3179 2
3180 3
3182 2
3183 2
3184 3
3185 2
3186 4
3187 2
3188 2
3189 1
3190 4
3191 3
3193 2
3194 2
3195 2
3196 2
3197 6
3198 1
3199 2
3200 1
3201 2
3202 1
3203 1
3205 4
3206 5
3207 2
3208 1
3210 4
3211 2
3212 1
3213 1
3215 2
3217 2
3219 1
3220 2
3221 4
3222 1
3223 1
3226 3
3227 4
3228 1
3230 3
3231 3
3232 1
3233 1
3234 2
3236 5
3237 5
3238 3
3239 1
3240 2
3241 1
3242 1
3243 1
3245 1
3246 3
3247 1
3248 1
3249 1
3250 4
3252 2
3253 1
3254 2
3255 1
3256 2
3257 2
3258 1
3259 3
3260 2
3261 2
3262 3
3263 4
3264 3
3265 1
3266 4
3267 1
3268 4
3269 1
3270 1
3271 1
3272 1
3273 2
3274 2
3275 1
3276 2
3277 3
3280 4
3281 2
3282 2
3283 2
3284 2
3285 2
3286 3
3287 1
3288 1
3289 1
3290 2
3291 2
3292 4
3293 1
3294 2
3295 4
3296 3
3297 4
3298 3
3299 2
3300 5
3301 5
3302 5
3303 4
3304 4
3305 2
3306 6
3307 3
3308 7
3309 5
3310 4
3311 4
3312 1
3313 4
3314 3
3315 3
3316 3
3317 3
3318 3
3319 2
3320 8
3321 2
3322 5
3323 1
3324 2
3325 2
3326 1
3327 3
3329 1
3330 2
3331 4
3333 5
3334 1
3335 2
3336 1
3339 2
3340 1
3341 2
3342 3
3343 4
3344 1
3345 1
3346 2
3347 5
3348 4
3349 1
3350 1
3351 2
3352 2
3353 2
3354 2
3355 3
3358 1
3360 1
3361 4
3362 3
3363 1
3364 2
3365 4
3366 4
3367 2
3368 2
3369 1
3371 3
3372 2
3373 2
3374 3
3376 2
3377 1
3378 4
3380 3
3381 2
3382 3
3383 1
3385 2
3386 1
3387 1
3388 1
3389 4
3390 4
3391 1
3392 4
3393 1
3394 2
3395 1
3397 1
3398 2
3399 7
3400 1
3401 2
3402 1
3403 1
3404 1
3405 4
3408 1
3409 1
3411 1
3412 1
3413 1
3414 3
3418 3
3419 1
3423 1
3425 1
3426 3
3427 1
3428 2
3429 2
3430 1
3431 1
3432 2
3434 1
3436 1
3438 1
3444 1
3445 1
3446 1
3450 1
3453 2
3454 1
3457 3
3458 1
3459 1
3460 1
3461 1
3463 3
3464 3
3465 1
3468 1
3469 1
3470 2
3471 1
3472 1
3474 2
3479 1
3480 2
3481 1
3482 1
3483 1
3486 3
3487 1
3488 1
3489 4
3490 1
3491 1
3492 3
3493 1
3494 4
3495 4
3496 3
3498 1
3500 2
3501 4
3502 1
3503 1
3504 3
3505 2
3506 4
3507 1
3508 7
3509 1
3510 1
3511 4
3512 2
3513 1
3514 1
3515 4
3516 2
3518 2
3519 4
3521 2
3522 4
3523 1
3524 3
3525 2
3526 2
3527 5
3528 3
3529 7
3530 5
3531 5
3532 5
3533 2
3535 4
3536 6
3537 4
3538 6
3539 2
3540 3
3541 7
3542 1
3543 3
3544 3
3545 5
3546 6
3547 12
3548 7
3549 9
3550 4
3551 5
3552 8
3553 5
3554 5
3555 4
3556 4
3557 7
3558 8
3559 4
3560 8
3561 6
3562 8
3563 6
3564 8
3565 7
3566 5
3567 2
3568 4
3569 9
3570 7
3571 4
3572 6
3573 4
3574 4
3575 5
3576 3
3577 3
3578 5
3579 9
3580 6
3581 4
3582 4
3583 5
3584 4
3585 5
3586 6
3587 5
3588 2
3589 3
3590 3
3591 3
3592 5
3593 1
3594 3
3595 3
3596 3
3597 4
3598 4
3599 2
3600 3
3601 4
3602 1
3603 2
3604 4
3605 2
3606 4
3607 5
3608 7
3609 3
3610 2
3611 5
3612 4
3613 2
3614 1
3615 3
3616 2
3617 1
3618 2
3619 3
3620 1
3621 1
3622 1
3623 1
3624 2
3626 1
3627 1
3628 1
3629 1
3630 3
3633 1
3634 1
3635 3
3636 2
3637 1
3639 1
3643 1
3646 1
3648 1
3649 1
3650 1
3652 1
3658 1
3659 2
3660 1
3661 1
3662 3
3663 2
3664 1
3667 2
3668 1
3669 3
3670 2
3671 1
3672 1
3673 1
3674 2
3676 3
3677 2
3678 1
3680 1
3682 1
3683 1
3686 2
3688 1
3689 4
3690 1
3691 2
3692 1
3694 2
3695 1
3696 2
3697 1
3698 2
3702 2
3703 1
3704 2
3707 1
3711 2
3712 1
3716 1
3717 1
3722 1
3725 2
3726 2
3727 1
3731 1
3733 1
3735 1
3739 2
3740 3
3741 1
3742 2
3745 1
3746 1
3747 1
3748 1
3749 2
3750 3
3752 4
3753 3
3754 2
3755 3
3756 2
3758 1
3759 3
3761 2
3767 2
3768 1
3769 1
3770 2
3771 1
3772 1
3776 2
3777 2
3778 2
3779 2
3781 1
3782 1
3783 1
3784 2
3786 1
3787 1
3788 1
3789 2
3791 1
3792 1
3793 1
3795 1
3796 1
3797 1
3798 1
3799 2
3800 1
3802 1
3805 1
3807 1
3812 1
3813 1
3814 1
3817 1
3820 1
3822 1
3823 2
3827 1
3832 1
3836 1
3840 1
3842 2
3847 1
3850 1
3853 2
3855 1
3856 2
3857 1
3859 1
3860 1
3863 1
3865 1
3867 1
3875 1
3876 2
3881 1
3886 1
3888 2
3893 1
3894 2
3895 2
3896 1
3897 1
3898 1
3899 3
3900 3
3902 1
3907 1
3908 1
3909 1
3914 2
3915 1
3920 3
3922 1
3923 1
3924 2
3925 2
3929 1
3934 1
3935 1
3938 1
3939 1
3940 1
3941 1
3943 1
3947 2
3948 2
3949 1
3950 2
3951 1
3954 2
3958 2
3959 2
3960 1
3961 3
3962 1
3963 1
3966 1
3968 1
3970 2
3971 1
3972 1
3977 1
3978 3
3980 2
3982 1
3983 1
3986 1
3987 1
3988 1
3990 2
3992 1
3993 1
3994 2
3995 1
3998 1
3999 1
4000 1
4001 1
4004 1
4005 1
4007 1
4015 1
4022 1
4026 1
4039 2
4040 1
4042 1
4045 1
4046 1
4050 1
4052 1
4061 1
4062 1
4069 1
4076 1
4077 1
4081 1
4084 2
4085 1
4094 1
4097 1
4099 1
4100 1
4101 1
4104 1
4107 1
4112 1
4113 1
4118 2
4125 1
4127 1
4129 1
4133 1
4135 1
4137 1
4140 1
4145 1
4146 2
4149 1
4150 1
4152 1
4154 1
4157 1
4158 1
4166 1
4170 1
4179 1
4182 1
4185 1
4186 1
4190 2
4192 1
4193 1
4194 1
4197 2
4201 1
4204 1
4205 1
4208 1
4211 1
4226 2
4232 1
4235 1
4239 2
4241 1
4246 1
4255 1
4259 1
4263 2
4267 1
4271 1
4273 1
4283 1
4284 1
4285 1
4288 1
4289 1
4291 1
4292 1
4296 1
4304 1
4306 1
4307 1
4310 2
4314 1
4316 1
4323 1
4378 1
4386 1
4402 1
4409 1
4422 1
4426 1
4433 1
4442 1
4453 1
4454 2
4458 1
4472 1
4476 1
4480 1
4488 1
4510 1
4525 1
4534 2
4535 1
4539 1
4547 1
4548 1
4551 1
4552 1
4556 1
4559 1
4597 1
4599 1
4603 1
4615 1
4626 1
4639 1
4640 1
4651 1
4657 1
4658 1
4660 2
4661 1
4662 1
4673 1
4678 1
4681 1
4682 3
4684 1
4687 1
4690 2
4692 1
4696 3
4697 1
4699 2
4700 2
4702 1
4703 1
4708 1
4710 1
4713 1
4718 1
4720 2
4723 1
4724 1
4751 1
4753 1
4785 1
4791 1
4795 1
4803 1
4804 1
4806 1
4807 1
4808 1
4809 2
4812 2
4815 1
4818 2
4819 2
4820 1
4821 1
4825 1
4826 1
4827 1
4828 1
4829 1
4831 1
4832 1
4835 1
4840 1
4852 1
4854 1
4877 1
4895 1
4907 1
4916 2
4919 1
4963 1
4987 1
5042 1
5063 1
5094 1
5179 1
5183 1
5189 1
5195 1
5223 1
5233 1
5239 1
5244 1
5245 1
5259 1
5266 1
5267 1
5271 1
5277 2
5281 1
5282 1
5291 1
5294 1
5303 1
5486 1
5555 1
5560 1
5564 1
5571 1
5577 1
5579 1
5582 1
5589 1
5599 1
5619 1
5640 1
5664 1
5674 2
5680 1
5686 1
5687 1
5700 1
5704 1
5902 1
5943 1
5948 1
5958 1
5967 1
5974 1
6007 1
6138 1
6143 1
6145 2
6244 1
6259 1
6264 1
6266 1
6276 1
6285 1
6293 1
6297 1
6311 1
6334 1
6407 1
6435 1
6519 1
6526 1
6527 1
6529 1
6534 1
6537 1
6538 3
6643 1
6652 1
6680 1
6690 1
6739 1
6830 1
6837 1
6864 1
7132 1
7152 1
7311 1
7318 1
7327 1
7343 1
7356 1
7361 1
7376 2
7380 1
7452 1
7596 1
7610 1
7622 1
7644 1
7651 1
7662 1
7697 1
7859 1
7862 1
7863 1
7874 1
7886 1
7914 1
7924 1
7925 1
7926 1
7936 1
7967 1
7994 1
7999 1
8000 2
8027 1
8050 1
8056 1
8071 1
8078 3
8089 1
8093 1
8107 1
8138 1
8142 1
8151 1
8155 1
8158 1
8162 1
8163 2
8165 1
8168 1
8172 1
8173 1
8174 1
8175 1
8179 2
8182 1
8184 2
8203 1
8205 1
8217 1
8278 1
8296 1
8472 1
8500 1
8510 1
8512 1
8516 1
8517 1
8530 1
8776 1
8782 1
8792 1
8859 1
8901 1
9346 1
9454 1
9472 2
9755 1
9761 1
9775 1
9866 1
9892 1
9898 1
9943 1
9973 1
9976 1
9979 1
10001 52
