1 12950015
2 6128086
3 3844961
4 2510205
5 1666461
6 1081043
7 649016
8 363165
9 191625
10 94560
11 45499
12 22780
13 14156
14 13598
15 18179
16 27964
17 42838
18 66522
19 97108
20 135648
21 181585
22 230922
23 278022
24 327408
25 368021
26 397879
27 415822
28 421435
29 413160
30 392323
31 359811
32 320430
33 276415
34 233636
35 191129
36 153331
37 119735
38 90704
39 68328
40 49053
41 34311
42 23733
43 15831
44 10393
45 7019
46 4790
47 3379
48 2521
49 2116
50 1837
51 1883
52 1745
53 1605
54 1639
55 1841
56 1720
57 1723
58 1662
59 1643
60 1570
61 1500
62 1473
63 1253
64 1241
65 1112
66 1048
67 958
68 787
69 830
70 790
71 727
72 674
73 701
74 734
75 704
76 676
77 731
78 714
79 687
80 621
81 649
82 653
83 648
84 573
85 550
86 513
87 515
88 454
89 411
90 407
91 354
92 332
93 292
94 246
95 248
96 211
97 190
98 206
99 199
100 248
101 212
102 246
103 233
104 197
105 210
106 245
107 211
108 204
109 227
110 236
111 215
112 230
113 247
114 224
115 217
116 214
117 187
118 212
119 215
120 209
121 186
122 204
123 230
124 242
125 217
126 253
127 188
128 199
129 185
130 190
131 169
132 167
133 154
134 140
135 121
136 116
137 113
138 110
139 123
140 127
141 133
142 143
143 124
144 143
145 136
146 114
147 131
148 100
149 104
150 107
151 106
152 93
153 109
154 112
155 114
156 116
157 111
158 110
159 112
160 107
161 86
162 139
163 109
164 88
165 85
166 101
167 88
168 101
169 73
170 95
171 78
172 80
173 70
174 50
175 46
176 66
177 56
178 47
179 51
180 41
181 43
182 39
183 48
184 40
185 20
186 28
187 26
188 14
189 8
190 14
191 11
192 13
193 11
194 8
195 10
196 8
197 14
198 15
199 16
200 22
201 17
202 18
203 14
204 14
205 7
206 15
207 8
208 7
209 8
210 10
211 14
212 5
213 15
214 12
215 11
216 8
217 6
218 6
219 17
220 8
221 11
222 12
223 13
224 10
225 8
226 5
227 13
228 10
229 7
230 8
231 9
232 8
233 6
234 12
235 7
236 5
237 7
238 9
239 10
240 7
241 4
242 15
243 2
244 3
245 5
246 2
247 2
248 3
249 3
250 6
251 10
252 3
253 15
254 12
255 19
256 17
257 6
258 6
259 4
260 6
261 2
262 2
263 7
264 10
265 8
266 8
267 7
268 14
269 11
270 15
271 18
272 21
273 20
274 18
275 17
276 14
277 10
278 16
279 23
280 19
281 17
282 19
283 18
284 23
285 19
286 32
287 34
288 22
289 19
290 13
291 16
292 14
293 15
294 12
295 11
296 9
297 23
298 12
299 16
300 12
301 18
302 18
303 26
304 16
305 13
306 18
307 16
308 12
309 10
310 12
311 5
312 15
313 10
314 12
315 14
316 7
317 8
318 12
319 15
320 10
321 12
322 12
323 16
324 15
325 12
326 13
327 13
328 12
329 9
330 10
331 9
332 10
333 14
334 13
335 11
336 6
337 4
338 9
339 12
340 12
341 10
342 10
343 9
344 19
345 20
346 18
347 18
348 12
349 15
350 13
351 12
352 12
353 9
354 10
355 19
356 9
357 21
358 16
359 10
360 7
361 5
362 10
363 7
364 5
365 9
366 8
367 13
368 10
369 16
370 10
371 7
372 11
373 7
374 12
375 12
376 10
377 19
378 10
379 10
380 12
381 15
382 9
383 8
384 10
385 8
386 10
387 6
388 11
389 5
390 7
391 5
392 6
393 7
394 12
395 9
396 13
397 10
398 12
399 18
400 11
401 15
402 12
403 11
404 10
405 16
406 9
407 10
408 7
409 10
410 8
411 6
412 7
413 7
414 9
415 7
416 7
417 13
418 15
419 11
420 11
421 18
422 11
423 12
424 11
425 11
426 14
427 11
428 13
429 10
430 10
431 10
432 7
433 11
434 7
435 9
436 11
437 13
438 7
439 4
440 5
441 5
442 7
443 3
444 7
445 8
446 7
447 2
448 2
449 4
450 4
451 3
452 4
453 5
454 7
455 6
456 7
457 12
458 5
459 5
460 3
461 5
462 7
463 5
464 3
465 4
466 10
467 2
468 8
469 10
470 6
471 2
472 10
473 9
474 4
475 9
476 10
477 5
478 7
479 5
480 4
481 7
482 3
483 1
484 6
485 3
486 1
487 3
488 1
489 1
491 3
492 4
493 3
494 4
495 4
496 1
497 3
498 2
500 2
501 4
503 2
504 2
509 1
510 1
514 1
515 1
516 1
518 2
520 1
533 1
538 1
582 1
591 1
599 2
606 1
609 1
611 1
615 2
616 1
618 1
621 3
624 2
626 1
627 1
630 1
631 1
637 1
643 1
650 1
654 1
655 1
658 1
663 1
676 1
690 1
704 1
707 1
708 2
710 2
712 2
714 1
716 1
768 1
776 1
798 1
805 1
809 1
811 1
848 1
860 1
925 1
937 1
956 2
961 1
962 1
966 1
970 1
994 1
995 2
1006 1
1010 1
1012 1
1014 1
1015 1
1017 1
1019 1
1020 1
1022 1
1023 1
1037 1
1038 1
1084 1
1104 1
1117 1
1144 1
1170 1
1173 1
1178 1
1179 1
1180 1
1184 1
1190 1
1198 1
1204 1
1344 1
