1 22014235
2 8715306
3 5001968
4 3885466
5 3403632
6 2998621
7 2633569
8 2362450
9 2208361
10 2152763
11 2127825
12 2080087
13 1980428
14 1812767
15 1587969
16 1321824
17 1050778
18 798860
19 582388
20 409862
21 281736
22 189503
23 125472
24 83985
25 54794
26 37669
27 26376
28 18745
29 14335
30 10973
31 8872
32 7100
33 5779
34 4753
35 3920
36 3407
37 3013
38 2714
39 2413
40 2231
41 2005
42 2027
43 1857
44 1797
45 1646
46 1543
47 1423
48 1351
49 1273
50 1271
51 1130
52 1079
53 1111
54 1013
55 990
56 1012
57 933
58 855
59 770
60 720
61 682
62 647
63 546
64 546
65 489
66 521
67 499
68 506
69 486
70 441
71 390
72 371
73 387
74 344
75 327
76 282
77 336
78 281
79 282
80 259
81 236
82 176
83 207
84 217
85 207
86 201
87 195
88 166
89 142
90 165
91 125
92 141
93 116
94 116
95 102
96 105
97 113
98 108
99 126
100 127
101 125
102 102
103 82
104 69
105 66
106 62
107 49
108 59
109 62
110 46
111 48
112 36
113 39
114 41
115 42
116 29
117 35
118 28
119 30
120 31
121 37
122 46
123 43
124 38
125 28
126 46
127 33
128 49
129 41
130 33
131 23
132 19
133 32
134 33
135 27
136 33
137 35
138 32
139 45
140 47
141 34
142 48
143 49
144 39
145 55
146 46
147 51
148 24
149 33
150 24
151 36
152 41
153 43
154 45
155 27
156 42
157 37
158 26
159 28
160 31
161 32
162 23
163 24
164 25
165 21
166 37
167 43
168 36
169 38
170 38
171 33
172 35
173 30
174 39
175 43
176 40
177 35
178 34
179 37
180 42
181 34
182 25
183 23
184 25
185 14
186 16
187 29
188 26
189 32
190 31
191 30
192 27
193 22
194 15
195 15
196 15
197 9
198 13
199 9
200 12
201 4
202 8
203 8
204 5
205 3
206 8
207 6
208 11
209 6
210 4
211 3
212 7
213 11
214 2
215 7
216 9
217 10
218 8
219 3
220 4
222 4
223 10
224 3
225 2
226 2
227 2
228 5
230 5
231 3
232 5
233 4
234 2
235 3
236 2
238 2
239 4
240 3
241 1
242 1
243 1
244 2
245 2
247 3
248 2
249 4
250 3
251 5
252 7
253 2
254 4
256 1
257 2
258 2
259 2
260 1
261 3
262 3
263 4
264 1
267 2
272 2
277 1
283 3
285 1
286 1
290 1
296 1
298 1
299 1
300 2
301 2
302 2
303 2
304 1
305 3
308 1
309 1
314 1
316 1
318 2
324 1
325 1
326 2
327 1
328 1
329 1
330 1
332 2
334 4
335 1
337 4
340 1
342 1
346 1
349 1
351 1
364 2
369 1
371 2
373 2
374 4
375 4
376 3
377 3
379 1
380 2
381 2
382 1
395 3
396 1
397 2
398 3
399 1
400 2
401 3
402 1
403 1
404 2
405 2
407 1
411 1
413 1
414 1
415 1
416 1
417 1
418 2
419 2
420 4
421 2
423 1
424 2
428 1
430 2
431 2
438 1
439 1
442 1
453 1
465 1
466 1
467 1
468 1
473 2
474 1
476 1
479 1
480 1
481 2
483 1
484 1
485 2
486 1
487 1
488 1
514 1
516 1
531 1
534 1
553 2
556 1
558 1
559 1
564 2
582 2
584 4
587 1
589 2
590 1
592 1
612 1
613 1
614 3
617 1
631 1
851 1
855 1
873 1
874 1
936 1
953 1
1232 1
1238 1
1239 1
1243 1
1244 1
1247 1
1252 2
1255 1
1256 1
1267 1
