1 22490241
2 11922765
3 7131761
4 4135319
5 2397320
6 1550796
7 1210273
8 1076153
9 989860
10 877820
11 743308
12 599523
13 474110
14 382278
15 328633
16 316493
17 335253
18 378259
19 436620
20 499242
21 562502
22 615676
23 659822
24 689861
25 704678
26 704027
27 690186
28 669960
29 642619
30 613295
31 586036
32 557298
33 533535
34 513355
35 498253
36 487048
37 482900
38 478412
39 472838
40 468014
41 460228
42 447395
43 433434
44 410799
45 386724
46 361402
47 332351
48 302773
49 271150
50 241753
51 212514
52 187409
53 165164
54 147482
55 133447
56 122703
57 114587
58 110336
59 108241
60 108914
61 111359
62 114570
63 117622
64 120608
65 122109
66 122484
67 123027
68 121607
69 118929
70 118040
71 115908
72 113758
73 112215
74 110882
75 110201
76 110458
77 112005
78 112801
79 115573
80 120159
81 124903
82 129323
83 134198
84 138210
85 141512
86 144641
87 146522
88 149250
89 149340
90 148823
91 148924
92 146008
93 142299
94 137825
95 134217
96 129507
97 125029
98 121119
99 117489
100 115044
101 112933
102 113302
103 112999
104 115053
105 116333
106 119415
107 121986
108 124878
109 128216
110 132840
111 136370
112 138613
113 142231
114 145028
115 146520
116 145975
117 145625
118 144522
119 142472
120 137774
121 132904
122 126949
123 120190
124 113159
125 105609
126 98170
127 90391
128 82672
129 75005
130 68182
131 60282
132 54076
133 47616
134 41862
135 36298
136 31554
137 26979
138 23109
139 19532
140 16348
141 13753
142 11580
143 9414
144 7772
145 6558
146 5349
147 4470
148 3691
149 2950
150 2467
151 2094
152 1712
153 1458
154 1284
155 1051
156 949
157 870
158 850
159 786
160 824
161 746
162 737
163 712
164 678
165 668
166 763
167 780
168 757
169 798
170 774
171 825
172 841
173 856
174 838
175 892
176 909
177 912
178 926
179 885
180 870
181 858
182 829
183 796
184 735
185 760
186 708
187 757
188 733
189 686
190 693
191 698
192 637
193 633
194 623
195 602
196 522
197 553
198 561
199 467
200 436
201 417
202 401
203 411
204 386
205 353
206 344
207 348
208 300
209 288
210 318
211 332
212 303
213 295
214 326
215 298
216 296
217 274
218 315
219 335
220 309
221 361
222 328
223 349
224 387
225 382
226 370
227 388
228 417
229 404
230 474
231 457
232 448
233 471
234 452
235 464
236 438
237 443
238 452
239 415
240 411
241 401
242 406
243 405
244 428
245 430
246 403
247 418
248 399
249 419
250 411
251 407
252 374
253 369
254 363
255 349
256 327
257 302
258 314
259 300
260 335
261 295
262 338
263 282
264 304
265 283
266 286
267 313
268 317
269 288
270 288
271 264
272 287
273 251
274 246
275 261
276 211
277 204
278 209
279 201
280 178
281 183
282 158
283 132
284 122
285 113
286 102
287 83
288 102
289 102
290 88
291 77
292 74
293 86
294 72
295 80
296 71
297 47
298 76
299 70
300 62
301 84
302 74
303 70
304 56
305 74
306 67
307 79
308 62
309 71
310 94
311 86
312 88
313 104
314 103
315 95
316 96
317 110
318 129
319 130
320 145
321 155
322 135
323 147
324 133
325 125
326 111
327 150
328 143
329 131
330 140
331 133
332 146
333 167
334 140
335 168
336 178
337 168
338 161
339 187
340 183
341 161
342 154
343 197
344 175
345 178
346 183
347 201
348 155
349 195
350 185
351 166
352 203
353 193
354 189
355 182
356 160
357 204
358 184
359 166
360 152
361 137
362 151
363 150
364 145
365 121
366 129
367 134
368 145
369 157
370 140
371 123
372 127
373 122
374 140
375 128
376 140
377 130
378 118
379 125
380 136
381 123
382 123
383 118
384 126
385 128
386 113
387 95
388 109
389 108
390 112
391 93
392 93
393 91
394 86
395 87
396 93
397 100
398 100
399 97
400 87
401 96
402 71
403 82
404 80
405 72
406 80
407 90
408 97
409 93
410 83
411 77
412 80
413 64
414 66
415 59
416 69
417 50
418 54
419 44
420 41
421 49
422 53
423 43
424 40
425 42
426 35
427 45
428 26
429 30
430 33
431 31
432 31
433 29
434 22
435 36
436 25
437 33
438 39
439 20
440 29
441 33
442 47
443 37
444 36
445 37
446 41
447 54
448 37
449 47
450 37
451 43
452 36
453 43
454 34
455 31
456 30
457 37
458 39
459 26
460 39
461 41
462 33
463 50
464 35
465 36
466 32
467 32
468 27
469 35
470 31
471 33
472 29
473 38
474 36
475 44
476 42
477 38
478 33
479 41
480 35
481 35
482 36
483 58
484 35
485 30
486 40
487 37
488 38
489 24
490 27
491 16
492 16
493 17
494 18
495 22
496 18
497 8
498 15
499 20
500 12
501 16
502 18
503 17
504 11
505 10
506 4
507 12
508 18
509 8
510 11
511 18
512 13
513 12
514 16
515 11
516 8
517 11
518 13
519 7
520 13
521 12
522 13
523 6
524 14
525 10
526 9
527 12
528 21
529 28
530 20
531 24
532 22
533 24
534 23
535 30
536 35
537 27
538 32
539 43
540 45
541 51
542 64
543 99
544 89
545 114
546 133
547 156
548 177
549 214
550 215
551 267
552 293
553 373
554 425
555 452
556 553
557 577
558 702
559 743
560 834
561 941
562 1031
563 1183
564 1335
565 1434
566 1598
567 1852
568 2006
569 2210
570 2446
571 2778
572 2932
573 3270
574 3483
575 3978
576 4120
577 4468
578 4916
579 5412
580 5716
581 6168
582 6623
583 7148
584 7646
585 8257
586 8806
587 9627
588 10011
589 10783
590 11554
591 12099
592 12804
593 13475
594 14268
595 14912
596 15740
597 16645
598 17364
599 18103
600 19366
601 19933
602 20735
603 21974
604 22741
605 23698
606 24511
607 25369
608 26039
609 27196
610 27960
611 28970
612 29687
613 30902
614 31614
615 32292
616 32835
617 33544
618 34536
619 35352
620 36202
621 36604
622 37045
623 37826
624 38285
625 38823
626 39148
627 39496
628 40284
629 40504
630 40789
631 41570
632 41628
633 42779
634 42548
635 42772
636 43507
637 44095
638 44026
639 44212
640 44514
641 44628
642 44995
643 45074
644 45617
645 46037
646 46191
647 46393
648 47024
649 47416
650 48066
651 48118
652 48767
653 49109
654 50230
655 50121
656 51003
657 51230
658 51962
659 52271
660 53222
661 53591
662 54317
663 54212
664 54686
665 54949
666 55306
667 56071
668 56565
669 56802
670 56951
671 56870
672 57617
673 57495
674 57575
675 57834
676 57999
677 57751
678 57848
679 58228
680 57964
681 57734
682 57997
683 57252
684 57388
685 56812
686 56426
687 55846
688 55699
689 55124
690 54533
691 53887
692 52877
693 52070
694 51660
695 50307
696 49342
697 47927
698 47355
699 45877
700 44748
701 43969
702 42401
703 41002
704 40065
705 38911
706 37465
707 36136
708 35041
709 33252
710 31925
711 31050
712 29491
713 28089
714 27122
715 25998
716 24566
717 23567
718 22363
719 21353
720 20472
721 19110
722 18484
723 17502
724 16568
725 15365
726 14671
727 13689
728 12816
729 12003
730 11616
731 10617
732 9966
733 9293
734 8531
735 7990
736 7567
737 6938
738 6417
739 5983
740 5361
741 4984
742 4641
743 4260
744 3962
745 3600
746 3225
747 2987
748 2843
749 2499
750 2316
751 2159
752 1923
753 1814
754 1581
755 1451
756 1286
757 1186
758 1061
759 982
760 858
761 711
762 651
763 667
764 559
765 480
766 437
767 386
768 375
769 322
770 306
771 259
772 231
773 181
774 193
775 168
776 157
777 134
778 136
779 110
780 101
781 98
782 95
783 88
784 76
785 80
786 85
787 66
788 62
789 54
790 54
791 48
792 51
793 42
794 44
795 36
796 32
797 32
798 42
799 28
800 49
801 40
802 32
803 27
804 27
805 38
806 28
807 23
808 31
809 21
810 20
811 19
812 23
813 24
814 20
815 24
816 20
817 32
818 16
819 19
820 21
821 21
822 18
823 24
824 17
825 26
826 21
827 18
828 20
829 18
830 20
831 24
832 21
833 13
834 24
835 19
836 24
837 24
838 26
839 24
840 18
841 21
842 32
843 11
844 23
845 13
846 20
847 20
848 19
849 28
850 26
851 17
852 20
853 16
854 22
855 20
856 17
857 14
858 17
859 35
860 24
861 23
862 25
863 19
864 16
865 27
866 24
867 28
868 17
869 16
870 22
871 30
872 26
873 17
874 21
875 16
876 26
877 17
878 28
879 29
880 26
881 28
882 25
883 24
884 34
885 23
886 17
887 20
888 15
889 18
890 20
891 23
892 23
893 21
894 15
895 11
896 18
897 13
898 21
899 19
900 26
901 21
902 27
903 23
904 21
905 22
906 33
907 26
908 36
909 31
910 28
911 44
912 35
913 34
914 34
915 36
916 27
917 18
918 21
919 17
920 31
921 21
922 25
923 9
924 30
925 18
926 19
927 12
928 22
929 19
930 9
931 15
932 14
933 19
934 19
935 11
936 15
937 17
938 13
939 16
940 16
941 18
942 10
943 17
944 13
945 12
946 20
947 17
948 22
949 19
950 19
951 14
952 22
953 11
954 19
955 13
956 12
957 15
958 13
959 15
960 13
961 15
962 18
963 18
964 14
965 15
966 15
967 11
968 14
969 8
970 12
971 10
972 8
973 5
974 8
975 5
976 13
977 8
978 7
979 9
980 8
981 14
982 6
983 6
984 11
985 7
986 5
987 6
988 4
989 8
990 6
992 3
993 8
994 1
995 3
996 4
997 2
999 4
1000 2
1001 4
1002 1
1004 1
1005 3
1006 2
1007 3
1009 2
1010 2
1011 1
1012 1
1013 3
1014 3
1015 2
1016 4
1017 2
1018 3
1019 4
1020 8
1021 6
1022 5
1023 6
1024 3
1025 7
1026 5
1027 8
1028 4
1029 4
1030 1
1031 5
1032 3
1033 10
1034 2
1035 4
1036 5
1037 5
1038 7
1039 6
1040 6
1041 4
1042 6
1043 6
1044 8
1045 2
1046 8
1047 8
1048 7
1049 8
1050 6
1051 9
1052 5
1053 8
1054 11
1055 6
1056 11
1057 8
1058 2
1059 7
1060 5
1061 3
1062 5
1063 10
1064 6
1065 2
1066 16
1067 6
1068 6
1069 2
1070 7
1071 6
1072 7
1073 10
1074 4
1075 4
1076 5
1077 6
1078 5
1079 5
1080 8
1081 6
1082 7
1083 6
1084 8
1085 5
1086 9
1087 8
1088 4
1089 5
1090 9
1091 5
1092 4
1093 4
1094 4
1095 1
1096 7
1097 5
1098 10
1099 7
1100 5
1101 1
1102 3
1103 8
1104 4
1105 5
1106 5
1107 6
1108 5
1109 5
1110 4
1111 4
1112 4
1113 6
1114 1
1115 1
1116 2
1117 3
1118 1
1119 2
1120 2
1121 2
1122 3
1124 5
1125 3
1126 1
1127 4
1128 1
1129 1
1130 2
1131 5
1132 4
1133 4
1134 4
1135 9
1136 3
1137 2
1138 4
1139 4
1140 3
1141 3
1142 5
1143 5
1144 1
1145 3
1146 5
1147 9
1148 7
1149 5
1150 4
1151 8
1152 5
1153 4
1154 13
1155 4
1156 7
1157 5
1158 7
1159 10
1160 8
1161 11
1162 7
1163 5
1164 11
1165 12
1166 11
1167 8
1168 11
1169 15
1170 14
1171 12
1172 18
1173 16
1174 9
1175 20
1176 19
1177 18
1178 30
1179 20
1180 23
1181 15
1182 31
1183 18
1184 23
1185 33
1186 26
1187 37
1188 33
1189 37
1190 31
1191 37
1192 28
1193 42
1194 36
1195 37
1196 43
1197 51
1198 70
1199 60
1200 51
1201 67
1202 69
1203 64
1204 61
1205 70
1206 77
1207 87
1208 80
1209 77
1210 58
1211 82
1212 86
1213 93
1214 105
1215 116
1216 120
1217 99
1218 107
1219 121
1220 101
1221 105
1222 105
1223 110
1224 128
1225 113
1226 141
1227 128
1228 138
1229 135
1230 126
1231 129
1232 118
1233 137
1234 141
1235 169
1236 131
1237 151
1238 188
1239 161
1240 162
1241 170
1242 171
1243 180
1244 185
1245 174
1246 168
1247 195
1248 174
1249 178
1250 207
1251 174
1252 171
1253 166
1254 168
1255 161
1256 164
1257 167
1258 189
1259 173
1260 166
1261 175
1262 181
1263 179
1264 178
1265 153
1266 158
1267 176
1268 164
1269 155
1270 161
1271 155
1272 156
1273 150
1274 140
1275 149
1276 136
1277 152
1278 130
1279 141
1280 117
1281 154
1282 163
1283 132
1284 156
1285 145
1286 125
1287 128
1288 131
1289 136
1290 140
1291 123
1292 125
1293 133
1294 129
1295 134
1296 123
1297 116
1298 119
1299 135
1300 108
1301 126
1302 107
1303 102
1304 127
1305 119
1306 111
1307 99
1308 137
1309 105
1310 114
1311 106
1312 105
1313 125
1314 113
1315 127
1316 110
1317 80
1318 115
1319 108
1320 122
1321 123
1322 107
1323 117
1324 142
1325 118
1326 128
1327 109
1328 124
1329 123
1330 129
1331 139
1332 125
1333 164
1334 126
1335 155
1336 138
1337 123
1338 157
1339 149
1340 156
1341 167
1342 139
1343 166
1344 175
1345 146
1346 163
1347 168
1348 176
1349 168
1350 163
1351 195
1352 185
1353 189
1354 208
1355 217
1356 201
1357 210
1358 226
1359 210
1360 240
1361 219
1362 191
1363 233
1364 219
1365 199
1366 206
1367 206
1368 214
1369 211
1370 230
1371 215
1372 223
1373 194
1374 169
1375 186
1376 193
1377 190
1378 177
1379 163
1380 170
1381 159
1382 161
1383 160
1384 162
1385 130
1386 155
1387 157
1388 152
1389 152
1390 151
1391 160
1392 130
1393 142
1394 135
1395 114
1396 139
1397 130
1398 101
1399 114
1400 109
1401 95
1402 119
1403 99
1404 96
1405 86
1406 101
1407 108
1408 97
1409 81
1410 71
1411 79
1412 76
1413 71
1414 86
1415 59
1416 60
1417 65
1418 70
1419 61
1420 80
1421 63
1422 64
1423 60
1424 59
1425 44
1426 46
1427 50
1428 45
1429 46
1430 44
1431 35
1432 47
1433 38
1434 29
1435 33
1436 30
1437 36
1438 36
1439 32
1440 22
1441 25
1442 26
1443 26
1444 28
1445 25
1446 12
1447 21
1448 17
1449 19
1450 15
1451 19
1452 14
1453 22
1454 17
1455 14
1456 15
1457 12
1458 8
1459 11
1460 16
1461 7
1462 5
1463 17
1464 9
1465 14
1466 9
1467 7
1468 7
1469 9
1470 7
1471 9
1472 9
1473 10
1474 13
1475 4
1476 7
1477 11
1478 13
1479 5
1480 6
1481 17
1482 14
1483 9
1484 7
1485 4
1486 3
1487 1
1488 8
1489 6
1490 4
1491 7
1492 6
1493 6
1494 5
1495 3
1496 9
1497 5
1498 6
1499 7
1500 6
1501 8
1502 5
1503 10
1504 7
1505 10
1506 7
1507 5
1508 9
1509 4
1510 9
1511 6
1512 3
1513 3
1514 3
1515 4
1516 7
1517 3
1518 7
1519 5
1520 2
1521 5
1522 5
1523 3
1524 8
1525 4
1526 10
1527 7
1528 8
1529 6
1530 6
1531 6
1532 8
1533 6
1534 9
1535 12
1536 6
1537 8
1538 4
1539 3
1540 5
1541 7
1542 14
1543 4
1544 6
1545 6
1546 7
1547 5
1548 2
1549 3
1550 4
1551 7
1552 4
1553 3
1554 1
1555 4
1556 4
1557 3
1558 4
1559 1
1560 4
1561 7
1562 10
1563 10
1564 7
1565 11
1566 10
1567 7
1568 10
1569 7
1570 8
1571 3
1572 8
1573 6
1574 3
1575 3
1576 6
1577 6
1578 7
1579 3
1580 4
1581 7
1582 4
1583 5
1584 1
1585 4
1586 4
1587 4
1588 11
1589 5
1590 6
1591 5
1592 4
1593 9
1594 6
1595 11
1596 9
1597 8
1598 5
1599 8
1600 7
1601 3
1602 7
1603 3
1604 9
1605 5
1606 9
1607 3
1608 7
1609 7
1610 5
1611 6
1612 4
1613 5
1614 5
1615 6
1616 6
1617 2
1618 3
1619 4
1620 5
1621 2
1622 7
1623 9
1624 5
1625 6
1626 9
1627 7
1628 10
1629 9
1630 5
1631 8
1632 8
1633 11
1634 7
1635 8
1636 3
1637 8
1638 7
1639 4
1640 6
1641 8
1642 7
1643 3
1644 9
1645 9
1646 7
1647 9
1648 5
1649 4
1650 7
1651 2
1652 4
1653 7
1654 1
1655 4
1656 5
1657 3
1658 3
1659 4
1660 9
1661 2
1662 2
1663 2
1664 1
1665 3
1666 4
1667 2
1668 5
1669 3
1670 3
1671 1
1672 5
1673 2
1674 2
1675 3
1676 3
1677 3
1678 2
1679 5
1680 4
1681 2
1682 6
1683 4
1684 2
1685 6
1686 3
1687 3
1688 4
1689 6
1690 3
1691 1
1692 1
1694 3
1695 3
1696 6
1697 4
1698 1
1699 5
1700 2
1701 1
1702 2
1703 3
1704 6
1705 2
1707 1
1708 3
1709 2
1710 6
1711 1
1712 3
1713 3
1714 2
1715 2
1716 4
1717 2
1718 3
1719 2
1720 3
1721 3
1722 4
1723 3
1724 4
1725 6
1726 4
1727 5
1728 6
1729 6
1730 9
1731 3
1732 4
1733 6
1734 5
1735 5
1736 1
1737 8
1738 7
1739 5
1740 6
1741 4
1742 4
1743 4
1744 3
1745 8
1746 4
1747 7
1748 7
1749 1
1750 5
1751 9
1752 9
1753 5
1754 6
1755 9
1756 3
1757 8
1758 5
1759 2
1760 3
1761 5
1762 6
1763 5
1764 8
1765 3
1766 6
1767 5
1768 2
1769 5
1770 3
1771 8
1772 7
1773 10
1774 9
1775 8
1776 7
1777 9
1778 15
1779 9
1780 8
1781 5
1782 13
1783 10
1784 7
1785 6
1786 11
1787 13
1788 11
1789 15
1790 16
1791 16
1792 5
1793 18
1794 17
1795 14
1796 16
1797 20
1798 24
1799 12
1800 17
1801 15
1802 20
1803 20
1804 23
1805 29
1806 21
1807 27
1808 23
1809 30
1810 24
1811 20
1812 20
1813 21
1814 16
1815 20
1816 27
1817 49
1818 45
1819 30
1820 36
1821 27
1822 38
1823 34
1824 30
1825 32
1826 36
1827 35
1828 46
1829 37
1830 41
1831 50
1832 49
1833 49
1834 40
1835 42
1836 43
1837 33
1838 51
1839 52
1840 41
1841 45
1842 56
1843 46
1844 59
1845 47
1846 68
1847 60
1848 61
1849 72
1850 70
1851 68
1852 71
1853 86
1854 77
1855 76
1856 85
1857 87
1858 92
1859 86
1860 95
1861 98
1862 76
1863 82
1864 77
1865 87
1866 78
1867 85
1868 84
1869 108
1870 108
1871 115
1872 89
1873 81
1874 111
1875 105
1876 83
1877 127
1878 98
1879 98
1880 111
1881 87
1882 89
1883 114
1884 74
1885 105
1886 105
1887 92
1888 107
1889 110
1890 100
1891 120
1892 98
1893 122
1894 91
1895 82
1896 103
1897 96
1898 108
1899 90
1900 93
1901 84
1902 88
1903 81
1904 100
1905 77
1906 84
1907 72
1908 71
1909 84
1910 82
1911 66
1912 49
1913 75
1914 72
1915 73
1916 75
1917 76
1918 81
1919 82
1920 71
1921 58
1922 82
1923 76
1924 64
1925 68
1926 61
1927 48
1928 51
1929 51
1930 46
1931 42
1932 53
1933 36
1934 47
1935 46
1936 54
1937 46
1938 42
1939 41
1940 38
1941 34
1942 41
1943 38
1944 33
1945 34
1946 44
1947 45
1948 37
1949 27
1950 36
1951 31
1952 30
1953 38
1954 47
1955 29
1956 29
1957 43
1958 32
1959 27
1960 36
1961 35
1962 27
1963 27
1964 29
1965 22
1966 21
1967 18
1968 31
1969 28
1970 22
1971 16
1972 23
1973 17
1974 18
1975 16
1976 17
1977 13
1978 12
1979 14
1980 10
1981 13
1982 18
1983 9
1984 13
1985 23
1986 11
1987 8
1988 12
1989 11
1990 20
1991 9
1992 10
1993 10
1994 7
1995 9
1996 13
1997 13
1998 11
1999 13
2000 6
2001 12
2002 9
2003 14
2004 11
2005 14
2006 8
2007 11
2008 9
2009 7
2010 9
2011 9
2012 9
2013 5
2014 12
2015 6
2016 10
2017 14
2018 11
2019 13
2020 17
2021 6
2022 16
2023 12
2024 19
2025 16
2026 11
2027 21
2028 15
2029 16
2030 18
2031 16
2032 13
2033 20
2034 16
2035 27
2036 12
2037 17
2038 10
2039 16
2040 23
2041 11
2042 24
2043 11
2044 18
2045 14
2046 16
2047 14
2048 6
2049 11
2050 8
2051 15
2052 14
2053 8
2054 15
2055 13
2056 10
2057 16
2058 7
2059 16
2060 17
2061 12
2062 7
2063 12
2064 11
2065 12
2066 12
2067 7
2068 12
2069 9
2070 9
2071 17
2072 10
2073 12
2074 11
2075 15
2076 13
2077 12
2078 22
2079 10
2080 12
2081 9
2082 9
2083 12
2084 8
2085 8
2086 10
2087 5
2088 5
2089 10
2090 8
2091 12
2092 5
2093 7
2094 9
2095 7
2096 4
2097 7
2098 11
2099 9
2100 10
2101 7
2102 5
2103 10
2104 7
2105 10
2106 9
2107 10
2108 7
2109 10
2110 14
2111 11
2112 12
2113 9
2114 4
2115 6
2116 11
2117 4
2118 10
2119 10
2120 7
2121 8
2122 7
2123 3
2124 6
2125 9
2126 7
2127 5
2128 5
2129 10
2130 5
2131 5
2132 8
2133 8
2134 5
2135 10
2136 3
2137 9
2138 7
2139 7
2140 10
2141 4
2142 3
2143 4
2144 7
2145 12
2146 10
2147 8
2148 3
2149 8
2150 2
2151 5
2152 7
2153 5
2154 11
2155 9
2156 5
2157 5
2158 5
2159 3
2160 3
2161 6
2162 4
2163 8
2164 10
2165 6
2166 7
2167 10
2168 7
2169 7
2170 8
2171 5
2172 3
2173 11
2174 10
2175 4
2176 6
2177 2
2178 9
2179 2
2180 4
2181 4
2182 4
2183 7
2184 2
2185 6
2186 8
2187 8
2188 2
2189 5
2190 7
2191 4
2192 9
2193 4
2194 3
2195 8
2196 5
2197 7
2198 7
2199 5
2200 4
2201 8
2202 5
2203 6
2204 7
2205 5
2206 5
2207 6
2208 5
2209 3
2210 6
2211 2
2212 7
2213 4
2214 3
2215 5
2216 3
2217 5
2218 7
2219 2
2220 4
2221 7
2222 5
2223 7
2224 5
2225 3
2226 3
2227 3
2228 8
2229 7
2230 4
2231 8
2232 2
2233 3
2234 8
2235 5
2236 5
2237 3
2238 4
2239 5
2240 3
2242 2
2243 2
2244 4
2245 2
2246 4
2247 2
2248 4
2249 4
2250 3
2251 4
2252 1
2253 1
2254 5
2255 9
2256 2
2257 3
2258 2
2259 3
2260 1
2261 2
2262 2
2265 1
2266 1
2268 3
2269 1
2270 3
2271 1
2272 1
2273 1
2276 1
2277 1
2279 3
2280 2
2282 2
2284 2
2286 3
2287 1
2288 1
2289 1
2291 3
2293 2
2295 5
2296 3
2297 1
2298 3
2299 2
2300 1
2301 5
2302 6
2303 2
2304 2
2305 2
2310 3
2311 3
2312 1
2313 3
2314 3
2315 3
2316 1
2318 2
2319 1
2321 3
2324 1
2325 2
2327 1
2329 1
2331 2
2335 1
2336 1
2339 1
2341 1
2342 1
2344 3
2345 1
2347 1
2348 1
2349 2
2351 2
2352 1
2353 1
2357 2
2361 1
2367 2
2368 2
2370 1
2371 1
2373 2
2376 1
2377 2
2378 1
2380 2
2382 1
2384 2
2385 1
2386 3
2387 4
2389 1
2390 4
2391 4
2392 1
2393 4
2394 2
2395 2
2396 4
2397 4
2398 3
2399 3
2400 5
2401 1
2402 4
2403 2
2404 5
2405 9
2406 7
2407 7
2408 6
2409 3
2410 5
2411 9
2412 1
2413 2
2414 4
2415 5
2416 6
2417 3
2418 4
2419 3
2420 1
2421 3
2423 3
2424 5
2425 5
2426 5
2427 6
2428 7
2429 9
2430 8
2431 15
2432 4
2433 9
2434 5
2435 6
2436 12
2437 7
2438 8
2439 14
2440 12
2441 14
2442 6
2443 5
2444 5
2445 8
2446 8
2447 9
2448 12
2449 12
2450 8
2451 17
2452 20
2453 7
2454 15
2455 22
2456 18
2457 18
2458 17
2459 16
2460 21
2461 20
2462 14
2463 15
2464 19
2465 16
2466 20
2467 25
2468 10
2469 16
2470 15
2471 15
2472 17
2473 12
2474 19
2475 21
2476 18
2477 19
2478 22
2479 28
2480 21
2481 24
2482 17
2483 13
2484 34
2485 26
2486 29
2487 25
2488 28
2489 25
2490 34
2491 17
2492 17
2493 27
2494 16
2495 26
2496 29
2497 27
2498 23
2499 24
2500 29
2501 25
2502 25
2503 31
2504 26
2505 33
2506 32
2507 21
2508 20
2509 28
2510 31
2511 26
2512 20
2513 33
2514 29
2515 34
2516 36
2517 24
2518 38
2519 25
2520 35
2521 40
2522 29
2523 32
2524 34
2525 26
2526 25
2527 24
2528 24
2529 32
2530 16
2531 28
2532 25
2533 15
2534 22
2535 23
2536 21
2537 24
2538 21
2539 17
2540 26
2541 17
2542 25
2543 22
2544 13
2545 20
2546 27
2547 18
2548 23
2549 23
2550 21
2551 15
2552 17
2553 10
2554 12
2555 14
2556 10
2557 14
2558 21
2559 22
2560 14
2561 18
2562 17
2563 17
2564 13
2565 8
2566 8
2567 12
2568 11
2569 10
2570 9
2571 12
2572 9
2573 13
2574 9
2575 8
2576 9
2577 14
2578 8
2579 5
2580 8
2581 7
2582 17
2583 10
2584 6
2585 6
2586 5
2587 5
2588 9
2589 9
2590 9
2591 9
2592 5
2593 10
2594 6
2595 6
2596 6
2597 13
2598 6
2599 6
2600 10
2601 5
2602 8
2603 11
2604 4
2605 2
2606 4
2607 3
2608 6
2609 1
2610 3
2611 3
2612 2
2614 1
2615 2
2616 5
2617 3
2618 4
2619 4
2620 5
2621 4
2622 4
2623 5
2624 1
2625 1
2626 5
2627 6
2628 5
2629 3
2630 7
2631 5
2632 6
2633 8
2634 1
2635 4
2636 3
2637 4
2638 2
2639 6
2640 4
2641 3
2642 3
2643 3
2644 5
2645 5
2646 6
2647 7
2648 9
2649 4
2650 6
2651 7
2652 8
2653 12
2654 8
2655 12
2656 7
2657 9
2658 7
2659 12
2660 8
2661 11
2662 6
2663 18
2664 12
2665 7
2666 9
2667 11
2668 8
2669 6
2670 17
2671 13
2672 11
2673 13
2674 13
2675 10
2676 10
2677 13
2678 9
2679 11
2680 12
2681 16
2682 13
2683 14
2684 13
2685 18
2686 15
2687 15
2688 19
2689 13
2690 21
2691 15
2692 14
2693 21
2694 17
2695 18
2696 13
2697 17
2698 12
2699 8
2700 20
2701 17
2702 17
2703 20
2704 16
2705 13
2706 18
2707 15
2708 22
2709 13
2710 25
2711 24
2712 19
2713 23
2714 27
2715 21
2716 21
2717 15
2718 26
2719 18
2720 21
2721 17
2722 18
2723 18
2724 20
2725 16
2726 19
2727 16
2728 24
2729 19
2730 25
2731 20
2732 12
2733 12
2734 16
2735 26
2736 18
2737 23
2738 19
2739 12
2740 24
2741 20
2742 20
2743 15
2744 21
2745 23
2746 21
2747 20
2748 24
2749 25
2750 18
2751 15
2752 22
2753 27
2754 26
2755 11
2756 20
2757 22
2758 25
2759 21
2760 22
2761 21
2762 22
2763 18
2764 25
2765 19
2766 16
2767 16
2768 19
2769 33
2770 20
2771 13
2772 17
2773 14
2774 11
2775 13
2776 21
2777 17
2778 15
2779 13
2780 12
2781 17
2782 13
2783 12
2784 14
2785 9
2786 14
2787 10
2788 13
2789 16
2790 15
2791 11
2792 8
2793 15
2794 18
2795 21
2796 14
2797 16
2798 18
2799 25
2800 7
2801 11
2802 10
2803 13
2804 14
2805 9
2806 7
2807 6
2808 9
2809 10
2810 9
2811 7
2812 10
2813 4
2814 8
2815 5
2816 11
2817 16
2818 10
2819 11
2820 8
2821 7
2822 8
2823 7
2824 16
2825 9
2826 11
2827 9
2828 8
2829 9
2830 12
2831 9
2832 9
2833 8
2834 6
2835 8
2836 11
2837 4
2838 6
2839 5
2840 5
2841 8
2842 8
2843 3
2844 5
2845 5
2846 5
2847 5
2848 4
2849 6
2850 8
2851 3
2852 6
2853 8
2854 7
2855 5
2856 3
2857 1
2858 2
2859 2
2860 1
2861 1
2862 2
2863 3
2864 1
2865 2
2866 2
2867 3
2868 4
2869 2
2870 2
2871 2
2872 4
2873 1
2874 2
2875 2
2876 2
2877 3
2879 1
2880 5
2881 1
2882 3
2883 1
2886 1
2887 1
2888 1
2889 1
2890 1
2891 1
2916 2
2918 1
2922 1
2926 1
2927 1
2928 1
2930 1
2931 1
2940 2
2941 1
2942 1
2947 1
2952 1
2953 2
2971 1
2977 1
2978 1
2979 1
2981 2
2982 1
2984 1
2985 1
2986 1
2987 1
2994 3
2995 1
2997 2
2999 1
3000 1
3001 5
3002 4
3003 1
3004 1
3006 2
3007 2
3008 2
3010 1
3011 4
3012 1
3013 3
3014 3
3015 4
3016 3
3017 2
3018 5
3019 3
3021 2
3022 5
3023 7
3024 4
3025 1
3026 4
3027 2
3028 5
3029 1
3030 3
3031 2
3033 2
3034 1
3035 5
3036 5
3037 3
3038 2
3039 2
3040 1
3041 5
3042 8
3043 6
3044 6
3045 2
3046 2
3047 4
3048 7
3049 6
3050 1
3051 5
3052 3
3053 4
3054 6
3055 2
3056 4
3057 6
3058 5
3059 6
3060 7
3061 6
3062 9
3063 5
3064 4
3065 8
3066 9
3067 8
3068 6
3069 7
3070 7
3071 11
3072 10
3073 11
3074 9
3075 9
3076 7
3077 11
3078 11
3079 7
3080 10
3081 8
3082 15
3083 5
3084 11
3085 10
3086 5
3087 10
3088 12
3089 9
3090 11
3091 2
3092 9
3093 3
3094 5
3095 9
3096 14
3097 8
3098 9
3099 7
3100 7
3101 10
3102 8
3103 10
3104 17
3105 5
3106 7
3107 11
3108 8
3109 13
3110 17
3111 8
3112 11
3113 10
3114 11
3115 8
3116 11
3117 11
3118 12
3119 10
3120 14
3121 15
3122 20
3123 18
3124 11
3125 14
3126 12
3127 12
3128 20
3129 22
3130 13
3131 24
3132 8
3133 12
3134 11
3135 16
3136 12
3137 14
3138 12
3139 12
3140 7
3141 10
3142 14
3143 15
3144 18
3145 14
3146 9
3147 7
3148 17
3149 12
3150 12
3151 18
3152 10
3153 8
3154 13
3155 14
3156 13
3157 12
3158 12
3159 9
3160 13
3161 15
3162 13
3163 9
3164 7
3165 16
3166 11
3167 15
3168 12
3169 10
3170 8
3171 20
3172 9
3173 14
3174 6
3175 12
3176 6
3177 5
3178 11
3179 9
3180 8
3181 8
3182 5
3183 7
3184 9
3185 8
3186 16
3187 14
3188 21
3189 16
3190 15
3191 14
3192 11
3193 16
3194 18
3195 21
3196 14
3197 14
3198 11
3199 14
3200 10
3201 12
3202 11
3203 8
3204 12
3205 17
3206 17
3207 20
3208 5
3209 17
3210 17
3211 10
3212 7
3213 7
3214 7
3215 11
3216 18
3217 6
3218 9
3219 8
3220 7
3221 7
3222 10
3223 8
3224 4
3225 4
3226 13
3227 10
3228 5
3229 8
3230 8
3231 13
3232 5
3233 7
3234 4
3235 11
3236 13
3237 7
3238 6
3239 6
3240 8
3241 6
3242 4
3243 8
3244 2
3245 5
3246 6
3247 2
3248 2
3249 3
3250 6
3251 4
3252 3
3253 5
3254 5
3255 6
3256 9
3257 5
3258 3
3259 4
3260 6
3261 6
3262 8
3263 3
3264 2
3265 3
3266 2
3267 1
3268 1
3269 3
3270 1
3271 2
3274 1
3277 1
3278 1
3279 1
3281 3
3282 1
3285 2
3287 1
3289 2
3292 2
3293 1
3294 1
3295 3
3296 4
3297 2
3298 2
3299 4
3300 4
3301 3
3302 1
3304 3
3305 4
3306 2
3307 2
3308 2
3309 1
3311 1
3312 2
3314 1
3315 2
3316 2
3317 1
3319 3
3320 3
3321 1
3322 3
3324 3
3326 1
3328 3
3329 2
3330 2
3331 1
3332 1
3334 1
3335 2
3336 1
3338 3
3341 2
3344 2
3345 4
3346 1
3348 2
3349 3
3350 2
3351 3
3352 5
3353 1
3354 5
3355 4
3356 3
3357 4
3358 7
3359 7
3360 5
3361 4
3362 4
3363 4
3364 4
3365 9
3366 7
3367 4
3368 4
3369 6
3370 7
3371 8
3372 5
3373 6
3374 2
3375 5
3376 12
3377 5
3378 6
3379 4
3380 9
3381 6
3382 15
3383 14
3384 9
3385 11
3386 8
3387 11
3388 11
3389 11
3390 7
3391 12
3392 5
3393 8
3394 9
3395 9
3396 13
3397 10
3398 14
3399 7
3400 7
3401 3
3402 6
3403 11
3404 9
3405 8
3406 6
3407 7
3408 6
3409 9
3410 5
3411 8
3412 7
3413 10
3414 4
3415 8
3416 9
3417 11
3418 11
3419 15
3420 11
3421 9
3422 14
3423 8
3424 16
3425 8
3426 13
3427 18
3428 14
3429 7
3430 10
3431 13
3432 13
3433 10
3434 8
3435 18
3436 11
3437 15
3438 7
3439 14
3440 7
3441 8
3442 10
3443 10
3444 9
3445 5
3446 6
3447 13
3448 7
3449 5
3450 8
3451 5
3452 7
3453 4
3454 10
3455 4
3456 4
3457 8
3458 9
3459 2
3460 8
3461 3
3462 6
3463 10
3464 4
3465 5
3466 4
3467 5
3468 11
3469 10
3470 9
3471 10
3472 11
3473 8
3474 8
3475 3
3476 4
3477 11
3478 4
3479 1
3480 13
3481 9
3482 3
3483 7
3484 7
3485 8
3486 2
3487 6
3488 4
3489 8
3490 7
3491 5
3492 4
3493 7
3494 4
3495 11
3496 6
3497 2
3498 7
3499 4
3500 8
3501 5
3502 3
3503 6
3504 3
3505 7
3506 4
3507 7
3508 6
3509 3
3510 3
3511 5
3512 3
3513 3
3514 1
3515 3
3516 5
3517 8
3518 4
3519 4
3520 5
3522 1
3523 3
3524 2
3526 1
3527 2
3528 2
3529 1
3530 2
3531 2
3532 1
3534 4
3536 1
3537 2
3538 2
3539 1
3540 2
3542 2
3543 2
3544 1
3546 1
3548 1
3549 1
3550 2
3551 1
3552 1
3554 1
3555 3
3560 1
3562 1
3563 1
3565 2
3569 1
3571 1
3572 2
3573 1
3577 1
3578 1
3580 1
3581 2
3583 2
3584 1
3585 1
3587 2
3588 1
3591 1
3594 1
3596 1
3603 1
3613 2
3614 1
3615 2
3625 1
3626 2
3628 2
3629 1
3630 2
3631 3
3632 3
3633 4
3634 2
3635 5
3636 3
3637 1
3638 1
3639 1
3640 3
3641 3
3642 1
3643 1
3644 1
3645 4
3646 3
3647 1
3648 4
3649 2
3650 2
3651 2
3652 1
3653 1
3654 1
3655 1
3656 2
3657 4
3658 1
3659 1
3660 3
3661 6
3662 2
3663 3
3664 2
3665 7
3666 4
3667 5
3668 7
3669 4
3670 4
3671 3
3672 4
3673 2
3674 5
3675 6
3676 5
3677 4
3678 3
3679 2
3680 4
3681 3
3682 4
3683 5
3684 4
3685 12
3686 7
3687 4
3688 8
3689 5
3690 4
3691 4
3692 6
3693 7
3694 5
3695 12
3696 6
3697 5
3698 7
3699 9
3700 5
3701 8
3702 9
3703 11
3704 7
3705 10
3706 13
3707 12
3708 9
3709 14
3710 12
3711 7
3712 13
3713 6
3714 11
3715 13
3716 8
3717 16
3718 6
3719 12
3720 8
3721 8
3722 12
3723 9
3724 10
3725 6
3726 16
3727 8
3728 11
3729 8
3730 17
3731 16
3732 11
3733 16
3734 9
3735 7
3736 15
3737 16
3738 11
3739 16
3740 14
3741 9
3742 15
3743 15
3744 11
3745 15
3746 22
3747 13
3748 17
3749 16
3750 21
3751 20
3752 23
3753 32
3754 26
3755 17
3756 20
3757 13
3758 21
3759 15
3760 13
3761 13
3762 13
3763 15
3764 6
3765 12
3766 3
3767 15
3768 16
3769 10
3770 14
3771 13
3772 12
3773 16
3774 8
3775 8
3776 7
3777 11
3778 12
3779 20
3780 10
3781 8
3782 9
3783 7
3784 15
3785 8
3786 6
3787 17
3788 12
3789 7
3790 9
3791 9
3792 5
3793 15
3794 7
3795 18
3796 10
3797 8
3798 12
3799 12
3800 18
3801 14
3802 10
3803 10
3804 13
3805 8
3806 13
3807 12
3808 17
3809 9
3810 14
3811 8
3812 16
3813 12
3814 13
3815 14
3816 21
3817 9
3818 17
3819 12
3820 10
3821 11
3822 10
3823 10
3824 10
3825 11
3826 16
3827 7
3828 8
3829 13
3830 12
3831 8
3832 9
3833 9
3834 10
3835 7
3836 4
3837 10
3838 11
3839 6
3840 8
3841 5
3842 10
3843 6
3844 7
3845 4
3846 6
3847 9
3848 3
3849 5
3850 7
3851 3
3852 5
3853 3
3854 4
3855 5
3856 7
3857 9
3858 4
3859 5
3860 7
3861 5
3862 4
3863 1
3864 5
3865 2
3866 4
3867 2
3868 4
3869 4
3870 1
3871 2
3873 4
3874 5
3875 1
3876 2
3877 1
3878 3
3879 3
3880 2
3881 3
3882 1
3883 4
3884 4
3885 1
3886 1
3887 1
3888 6
3889 2
3890 2
3891 3
3893 3
3894 3
3895 5
3896 2
3898 3
3899 2
3900 4
3902 1
3903 1
3904 1
3905 1
3906 1
3907 1
3909 1
3910 2
3911 2
3912 1
3914 2
3915 1
3916 1
3917 1
3918 2
3919 1
3920 1
3921 1
3923 4
3925 1
3930 1
3931 1
3932 1
3936 1
3937 1
3938 1
3940 2
3941 1
3949 3
3955 2
3958 1
3961 1
3964 1
3970 1
3971 1
3974 2
3976 1
3978 1
3982 1
3983 2
3986 1
3987 1
3988 2
3989 1
3990 1
3991 4
3992 1
3993 4
3994 2
3995 1
3996 2
3997 1
3999 1
4000 1
4002 1
4004 3
4005 1
4006 1
4008 1
4013 3
4016 1
4017 2
4018 1
4019 2
4023 2
4024 2
4025 1
4027 2
4028 2
4029 1
4030 1
4031 2
4033 3
4034 1
4035 1
4036 2
4037 1
4038 1
4039 1
4040 4
4041 1
4043 3
4044 1
4045 3
4046 2
4047 2
4048 2
4049 6
4050 3
4052 1
4053 3
4054 3
4056 3
4057 2
4058 2
4059 1
4060 4
4061 2
4062 3
4063 3
4064 1
4065 2
4067 1
4068 1
4069 3
4070 1
4071 2
4072 3
4073 1
4074 2
4075 1
4076 2
4077 3
4081 2
4083 1
4086 1
4087 2
4088 3
4089 3
4093 2
4094 2
4095 2
4096 2
4097 2
4098 1
4099 1
4100 1
4101 1
4102 1
4103 2
4105 2
4106 4
4107 1
4110 2
4111 5
4112 2
4113 1
4114 1
4115 4
4116 1
4117 3
4118 2
4119 1
4121 1
4122 2
4123 3
4125 3
4126 2
4127 1
4128 2
4129 1
4131 1
4132 2
4133 1
4134 3
4137 1
4138 2
4139 2
4140 5
4141 3
4142 3
4145 2
4146 3
4147 2
4148 2
4151 2
4153 2
4154 4
4157 1
4159 1
4161 3
4162 1
4163 1
4169 1
4171 1
4173 1
4174 1
4175 1
4176 3
4180 1
4181 1
4182 1
4183 1
4186 1
4189 1
4193 2
4196 1
4214 1
4216 1
4221 1
4222 1
4225 1
4228 2
4229 1
4230 1
4232 2
4238 2
4240 1
4242 1
4245 1
4247 2
4248 1
4249 1
4250 1
4253 1
4254 1
4260 1
4268 1
4270 1
4272 1
4277 2
4279 1
4280 1
4294 1
4295 1
4296 1
4297 1
4302 1
4304 1
4306 1
4324 1
4327 1
4330 1
4331 1
4333 1
4336 1
4337 2
4338 1
4339 1
4340 5
4341 2
4342 2
4343 2
4345 1
4348 3
4349 2
4350 3
4351 1
4353 2
4354 3
4355 2
4356 1
4357 1
4358 2
4359 4
4360 1
4362 3
4363 1
4364 3
4365 1
4366 1
4367 2
4368 1
4369 2
4370 1
4371 2
4372 2
4373 2
4374 1
4375 4
4377 1
4378 1
4379 2
4380 4
4382 1
4383 1
4384 2
4385 3
4386 2
4388 4
4389 1
4390 2
4392 1
4393 1
4394 2
4395 4
4396 1
4397 3
4399 5
4400 3
4401 2
4402 1
4403 2
4404 3
4405 2
4406 2
4407 1
4408 3
4409 1
4410 3
4411 2
4412 2
4413 1
4414 3
4416 3
4417 2
4418 3
4419 2
4420 2
4422 2
4423 1
4425 2
4426 1
4427 2
4429 2
4430 1
4431 1
4433 3
4434 3
4436 1
4437 2
4439 1
4440 1
4443 2
4444 1
4445 1
4446 3
4447 4
4450 2
4455 1
4458 1
4460 1
4462 1
4463 1
4465 2
4466 1
4467 1
4468 1
4471 1
4473 1
4474 1
4475 1
4476 1
4477 1
4479 1
4481 2
4482 1
4487 1
4491 2
4493 1
4494 2
4495 1
4496 1
4497 2
4499 2
4500 2
4502 1
4503 1
4504 1
4505 3
4507 1
4508 1
4510 2
4511 2
4512 1
4513 2
4515 2
4518 1
4519 1
4520 1
4522 1
4526 2
4527 1
4528 1
4529 1
4531 1
4532 1
4535 2
4536 1
4539 2
4540 1
4544 2
4549 2
4551 1
4553 2
4558 1
4567 3
4572 1
4574 1
4577 1
4579 1
4586 1
4596 1
4597 1
4652 1
4686 1
4724 1
4731 1
4757 1
4780 1
4792 1
4794 1
4809 1
4812 1
4814 1
4817 2
4818 2
4821 2
4822 2
4825 2
4837 1
4848 1
4849 1
4851 1
4852 1
4854 1
4858 1
4861 1
4862 1
4863 1
4865 1
4868 3
4870 2
4872 1
4875 1
4877 1
4878 1
4881 1
4883 1
4884 1
4886 3
4894 1
4896 1
4899 1
4904 1
4912 1
4915 2
4918 1
4919 1
4921 2
4924 2
4925 2
4926 1
4928 1
4930 2
4932 1
4934 1
4935 2
4936 1
4938 3
4941 3
4942 1
4947 2
4948 4
4949 1
4950 1
4951 2
4952 2
4953 1
4954 1
4955 3
4956 1
4957 5
4958 1
4960 2
4961 3
4962 2
4965 3
4966 1
4968 4
4969 1
4970 5
4971 1
4972 2
4974 2
4975 2
4976 4
4977 4
4978 1
4979 2
4980 3
4981 2
4982 3
4983 1
4984 2
4985 4
4986 1
4988 1
4989 2
4990 2
4991 2
4993 2
4994 1
4995 2
4996 1
4998 1
4999 1
5000 1
5001 1
5002 1
5003 1
5004 1
5005 1
5012 1
5014 1
5015 1
5016 2
5017 2
5018 1
5021 1
5022 1
5023 1
5026 1
5030 1
5031 1
5035 3
5036 1
5037 1
5038 1
5040 1
5042 2
5043 1
5044 3
5045 4
5046 1
5047 3
5048 1
5051 2
5052 1
5053 1
5055 4
5056 1
5057 2
5059 3
5060 1
5061 3
5063 2
5065 1
5068 1
5069 1
5070 2
5071 1
5074 2
5077 2
5078 1
5079 2
5089 2
5096 1
5099 1
5108 1
5113 3
5114 1
5115 2
5121 1
5125 1
5141 1
5154 1
5179 1
5256 1
5273 1
5281 1
5282 1
5298 1
5303 1
5306 1
5309 1
5316 1
5322 3
5327 1
5338 1
5340 1
5352 1
5371 1
5392 1
5396 1
5402 1
5406 1
5437 1
5447 1
5451 1
5452 1
5459 1
5487 1
5492 1
5511 1
5512 1
5523 2
5539 1
5558 1
5559 1
5566 1
5569 1
5571 3
5572 1
5575 1
5578 1
5579 2
5581 1
5582 1
5585 1
5587 1
5590 3
5596 2
5597 1
5598 1
5600 2
5602 3
5604 1
5605 2
5606 1
5607 1
5608 1
5609 3
5610 1
5611 1
5612 1
5613 2
5617 1
5619 1
5621 1
5622 1
5625 1
5626 1
5627 1
5628 1
5629 2
5631 1
5632 1
5633 1
5634 1
5635 2
5637 1
5638 1
5641 2
5642 1
5643 2
5644 1
5645 2
5646 3
5648 2
5649 2
5650 1
5651 2
5652 2
5653 5
5654 1
5655 3
5656 2
5657 1
5661 1
5663 1
5664 1
5667 1
5677 1
5680 1
5681 1
5682 1
5683 1
5684 1
5685 1
5686 1
5689 2
5694 1
5696 1
5700 2
5702 1
5705 2
5706 1
5709 1
5711 1
5712 1
5713 1
5715 1
5721 2
5722 2
5723 2
5725 2
5726 1
5728 2
5730 1
5732 4
5733 4
5734 2
5735 1
5736 2
5737 1
5738 1
5739 1
5741 2
5742 3
5743 2
5744 1
5745 1
5747 1
5749 1
5751 2
5753 1
5755 2
5763 2
5765 1
5768 1
5772 1
5775 1
5779 1
5785 1
5786 3
5790 1
5792 1
5794 1
5795 1
5797 1
5858 1
5883 1
5969 1
5980 1
5998 1
6054 1
6069 1
6074 1
6105 1
6123 1
6146 1
6147 1
6152 1
6159 1
6160 1
6161 1
6162 2
6164 1
6168 1
6173 1
6176 2
6178 1
6179 1
6187 1
6189 1
6191 1
6193 1
6200 1
6201 2
6203 1
6204 1
6205 1
6206 1
6207 1
6209 1
6210 1
6211 3
6212 1
6213 1
6214 1
6216 1
6217 1
6218 1
6219 2
6220 1
6221 2
6222 1
6223 2
6224 1
6225 1
6227 2
6228 1
6229 2
6230 2
6231 2
6232 4
6233 2
6234 1
6236 2
6237 2
6238 2
6239 5
6241 5
6242 2
6243 4
6244 4
6245 3
6246 1
6247 3
6248 2
6249 4
6250 3
6251 1
6252 2
6253 2
6254 1
6255 3
6256 1
6259 1
6260 3
6262 2
6263 2
6264 1
6266 1
6268 1
6269 3
6270 1
6272 1
6273 1
6275 1
6279 1
6283 1
6286 3
6287 2
6288 1
6290 2
6292 1
6293 4
6294 1
6297 1
6298 2
6299 1
6303 2
6305 2
6306 1
6308 3
6310 3
6312 1
6313 1
6315 3
6319 1
6324 2
6325 1
6327 1
6328 1
6329 1
6332 1
6334 1
6335 1
6340 1
6341 1
6345 4
6347 1
6352 1
6354 3
6355 1
6356 1
6358 1
6359 1
6361 1
6364 1
6365 1
6368 4
6370 3
6371 4
6372 1
6374 2
6376 1
6378 1
6380 1
6381 1
6383 3
6384 1
6385 2
6386 1
6387 2
6388 3
6389 2
6391 2
6392 1
6394 1
6395 1
6397 1
6398 3
6399 1
6400 2
6402 1
6403 1
6404 1
6406 1
6407 2
6408 1
6409 1
6410 4
6411 1
6412 1
6413 2
6416 1
6417 2
6418 2
6420 1
6421 1
6422 3
6424 2
6425 1
6426 1
6428 1
6435 1
6437 1
6438 1
6439 1
6443 1
6444 2
6452 2
6453 1
6456 2
6459 2
6462 1
6464 1
6469 1
6472 2
6493 1
6527 1
6551 1
6611 1
6624 1
6669 1
6695 1
6705 1
6714 1
6716 1
6717 1
6718 2
6719 2
6721 2
6725 1
6728 1
6729 1
6730 3
6732 1
6734 1
6739 1
6744 1
6747 1
6748 2
6751 2
6752 3
6753 2
6755 2
6757 1
6764 1
6768 1
6770 1
6774 1
6775 1
6777 2
6778 1
6779 1
6780 1
6781 1
6783 1
6785 1
6786 1
6787 1
6788 2
6790 1
6791 1
6794 1
6795 3
6797 2
6798 3
6799 1
6800 1
6801 2
6802 1
6804 1
6805 2
6806 4
6807 3
6808 2
6809 1
6810 1
6811 2
6812 6
6814 2
6815 4
6816 1
6817 6
6818 4
6819 3
6820 4
6821 2
6822 4
6823 3
6824 4
6825 3
6826 2
6827 2
6828 1
6829 2
6830 5
6831 2
6832 2
6833 2
6834 3
6835 3
6836 3
6837 5
6838 5
6839 3
6840 3
6841 4
6842 3
6843 3
6844 1
6845 2
6846 3
6847 2
6848 1
6850 1
6851 3
6852 1
6853 2
6856 6
6857 1
6858 2
6859 2
6860 3
6861 2
6863 2
6864 3
6866 1
6867 2
6868 1
6869 2
6870 3
6871 1
6872 2
6873 4
6874 4
6876 2
6877 1
6878 2
6879 3
6880 6
6881 3
6882 2
6884 1
6885 2
6886 2
6887 2
6889 2
6890 1
6891 1
6892 1
6893 2
6894 1
6895 1
6896 3
6897 1
6898 3
6899 2
6900 1
6901 2
6902 4
6903 1
6904 2
6905 2
6906 1
6909 1
6910 3
6911 1
6912 1
6913 1
6914 1
6915 1
6916 2
6918 1
6919 1
6921 1
6922 1
6923 1
6924 1
6925 1
6929 1
6930 1
6931 1
6934 1
6936 2
6938 2
6941 2
6943 2
6944 2
6945 4
6946 2
6947 2
6948 1
6949 1
6950 2
6951 2
6953 2
6954 1
6955 1
6959 1
6960 1
6961 1
6962 1
6963 1
6964 1
6966 1
6967 1
6968 1
6969 1
6970 3
6971 2
6973 3
6974 3
6975 1
6976 1
6977 4
6979 3
6980 6
6981 1
6982 3
6983 3
6984 2
6985 1
6986 3
6987 6
6988 2
6989 2
6990 2
6991 1
6992 3
6993 1
6994 4
6995 1
6996 4
6997 3
6998 4
6999 1
7000 2
7002 1
7003 1
7004 5
7005 1
7006 4
7007 3
7009 1
7010 1
7012 1
7014 3
7015 3
7016 1
7017 1
7018 1
7019 1
7020 4
7022 5
7026 2
7032 1
7033 2
7034 1
7036 2
7038 1
7040 1
7044 1
7046 1
7048 1
7049 1
7050 2
7055 1
7062 1
7064 1
7067 1
7068 2
7070 2
7071 1
7072 2
7074 1
7077 3
7078 2
7079 2
7081 2
7086 1
7089 2
7091 1
7094 1
7096 1
7098 1
7099 1
7124 1
7200 1
7229 1
7289 1
7294 1
7302 1
7313 1
7314 1
7321 1
7324 1
7333 1
7337 1
7340 1
7341 1
7342 1
7355 1
7374 1
7387 1
7389 1
7391 1
7394 1
7395 3
7399 2
7400 1
7401 1
7403 1
7405 1
7408 1
7409 1
7410 1
7411 1
7412 3
7413 1
7414 1
7416 1
7420 3
7421 3
7425 2
7427 1
7430 1
7431 1
7434 2
7435 2
7436 1
7438 1
7439 1
7441 4
7442 1
7443 2
7444 2
7445 1
7446 1
7448 2
7450 2
7451 3
7453 1
7454 1
7455 1
7457 1
7458 2
7459 1
7461 3
7464 1
7466 4
7467 7
7468 1
7470 3
7471 2
7472 2
7473 3
7477 1
7478 1
7479 1
7480 1
7481 1
7484 1
7486 1
7487 2
7488 2
7490 1
7492 1
7493 4
7494 2
7496 1
7498 2
7499 1
7501 1
7503 1
7504 2
7506 2
7507 1
7508 1
7509 1
7511 1
7512 2
7514 2
7515 2
7516 1
7519 1
7520 1
7522 1
7523 1
7525 2
7526 3
7527 1
7531 2
7532 1
7534 1
7535 1
7536 1
7537 4
7538 1
7539 1
7542 1
7543 4
7544 1
7546 1
7548 1
7550 1
7551 1
7555 1
7560 4
7562 1
7563 1
7568 1
7569 1
7573 1
7576 1
7577 1
7579 1
7580 1
7583 2
7584 5
7585 1
7587 2
7589 2
7590 1
7591 1
7593 2
7596 2
7598 1
7599 3
7600 2
7601 2
7602 1
7603 1
7604 1
7605 3
7606 2
7607 2
7608 2
7609 3
7616 1
7618 1
7621 2
7624 1
7626 1
7628 1
7629 2
7630 1
7638 1
7648 3
7651 1
7653 1
7654 1
7657 1
7664 2
7665 1
7666 2
7669 1
7675 1
7689 2
7694 1
7697 1
7786 1
7807 1
7871 1
7888 1
7891 1
7899 1
7901 1
7902 1
7913 1
7914 1
7915 1
7916 1
7920 1
7921 1
7923 1
7927 1
7929 3
7930 2
7931 1
7932 2
7933 1
7934 1
7935 1
7936 1
7937 1
7940 1
7942 1
7943 2
7944 1
7945 1
7946 1
7947 3
7948 2
7949 2
7950 4
7952 1
7953 1
7954 1
7956 4
7957 1
7960 2
7961 1
7962 1
7965 3
7966 1
7967 1
7968 1
7970 1
7971 1
7972 1
7974 2
7976 1
7978 1
7979 2
7982 2
7983 1
7984 2
7985 1
7986 2
7987 1
7988 1
7989 1
7990 1
7991 2
7993 1
7994 1
7995 2
7996 1
7997 1
8005 2
8006 1
8007 1
8008 1
8009 1
8010 1
8013 2
8014 2
8015 1
8016 1
8019 1
8023 2
8029 2
8032 1
8036 1
8038 1
8041 2
8042 2
8047 3
8049 1
8050 3
8051 1
8052 1
8053 1
8056 1
8057 2
8058 2
8060 1
8061 2
8062 1
8064 1
8066 1
8067 1
8068 1
8069 1
8070 4
8071 3
8072 1
8073 3
8074 3
8075 1
8076 5
8077 1
8078 1
8079 2
8080 2
8081 1
8083 1
8084 1
8085 1
8086 2
8087 1
8088 1
8089 3
8091 2
8092 1
8094 2
8096 1
8097 2
8099 1
8101 4
8102 1
8104 2
8105 2
8107 1
8108 1
8109 2
8110 1
8111 1
8112 4
8115 2
8117 1
8119 2
8122 1
8123 1
8125 3
8126 2
8127 2
8128 1
8129 1
8130 1
8131 1
8132 2
8133 3
8134 2
8137 5
8138 1
8140 1
8141 1
8143 2
8144 2
8147 1
8148 2
8149 1
8153 1
8154 1
8157 1
8159 1
8160 2
8161 2
8163 1
8164 1
8166 2
8167 3
8168 1
8169 3
8170 1
8172 1
8174 1
8178 1
8179 1
8180 2
8183 1
8184 2
8185 1
8186 3
8187 2
8191 2
8193 1
8194 1
8195 1
8197 2
8198 2
8200 1
8203 3
8204 1
8207 2
8208 1
8210 1
8213 1
8216 1
8218 1
8220 1
8222 1
8226 1
8231 1
8260 1
8264 1
8265 1
8267 1
8274 2
8275 1
8279 2
8280 2
8282 1
8286 1
8288 3
8291 1
8294 1
8296 1
8299 1
8302 1
8304 1
8309 1
8311 1
8316 2
8320 1
8323 1
8327 3
8340 1
8343 1
8347 1
8349 2
8350 1
8354 1
8359 1
8363 1
8365 1
8367 1
8372 1
8377 2
8380 2
8384 1
8386 1
8387 1
8388 1
8389 1
8390 1
8392 1
8396 1
8399 1
8401 1
8403 1
8408 1
8409 1
8410 2
8413 2
8414 1
8415 1
8416 1
8417 3
8418 1
8419 2
8420 1
8421 1
8425 1
8426 1
8427 1
8428 3
8429 1
8430 1
8431 1
8433 3
8434 1
8436 2
8439 1
8440 1
8441 1
8447 1
8457 1
8459 2
8461 1
8465 1
8473 2
8475 1
8476 1
8487 1
8612 1
8631 1
8636 1
8641 1
8649 1
8658 1
8661 1
8666 1
8671 1
8675 1
8676 1
8686 1
8688 1
8691 2
8697 1
8701 1
8702 1
8705 1
8715 1
8721 1
8724 1
8725 1
8728 1
8729 1
8731 1
8732 1
8734 1
8739 1
8744 1
8746 1
8754 2
8755 3
8759 1
8760 2
8764 1
8765 2
8767 2
8768 1
8769 1
8771 1
8773 2
8774 1
8775 1
8776 1
8777 1
8778 2
8779 1
8780 1
8781 1
8782 1
8784 3
8788 1
8789 2
8790 1
8791 1
8792 1
8794 3
8795 1
8797 1
8798 3
8800 2
8803 2
8805 2
8807 1
8810 1
8811 1
8812 1
8818 2
8819 1
8820 1
8823 2
8824 1
8828 1
8830 1
8832 1
8833 1
8834 4
8835 1
8837 2
8838 1
8839 2
8841 1
8843 1
8844 1
8846 1
8849 1
8850 1
8851 1
8852 1
8853 3
8857 2
8859 1
8862 1
8864 1
8870 4
8871 1
8874 1
8875 1
8876 1
8878 1
8880 1
8881 1
8886 1
8889 1
8892 1
8894 1
8915 1
8952 1
8953 1
8958 1
9275 1
9280 1
9282 1
9285 2
9289 1
9291 2
9292 2
9297 1
9299 2
9300 1
9302 2
9303 1
9305 2
9306 1
9307 1
9308 2
9309 1
9311 1
9312 1
9314 2
9317 1
9318 1
9321 2
9324 1
9325 1
9328 2
9329 1
9330 1
9332 1
9333 1
9336 1
9338 1
9339 2
9340 2
9341 1
9343 1
9344 2
9346 2
9347 1
9348 1
9349 1
9350 1
9351 2
9352 1
9353 3
9354 1
9355 1
9356 2
9357 2
9358 1
9359 1
9361 2
9363 1
9367 2
9369 3
9371 2
9372 2
9373 3
9374 1
9375 2
9376 2
9377 1
9378 1
9379 1
9380 1
9382 3
9383 2
9384 3
9387 1
9388 2
9389 4
9393 2
9395 2
9396 1
9397 1
9398 4
9400 2
9401 1
9403 1
9404 2
9405 2
9406 3
9407 1
9408 2
9409 2
9410 1
9411 4
9412 5
9414 3
9415 3
9416 3
9417 2
9418 5
9420 2
9421 2
9422 6
9423 4
9424 4
9425 5
9426 3
9427 2
9428 2
9429 2
9430 4
9431 6
9432 1
9433 1
9434 2
9436 2
9437 6
9438 5
9440 3
9441 3
9442 1
9443 7
9444 3
9445 3
9446 4
9447 1
9448 1
9449 3
9450 3
9451 6
9452 5
9453 5
9454 4
9455 2
9456 2
9457 4
9458 2
9459 2
9460 2
9461 1
9462 2
9463 5
9464 2
9465 2
9466 2
9467 1
9469 1
9470 1
9471 5
9473 1
9474 2
9475 1
9477 1
9479 2
9480 6
9481 2
9482 2
9483 1
9484 1
9485 3
9486 3
9487 3
9488 1
9489 2
9490 3
9491 1
9492 2
9493 3
9495 2
9496 2
9498 1
9499 2
9500 2
9501 1
9505 1
9510 3
9517 1
9519 1
9524 1
9527 1
9528 2
9529 1
9530 1
9531 1
9534 1
9539 2
9540 2
9542 1
9545 1
9546 1
9549 1
9550 1
9554 1
9558 1
9564 1
9573 1
9583 1
9584 2
9588 1
9597 1
9599 1
9601 1
9603 1
9606 1
9607 2
9608 1
9617 1
9620 2
9623 1
9634 1
9882 1
9899 1
9937 1
9941 1
9946 1
9947 1
9955 1
9956 1
9963 1
10001 553
