1 25085026
2 14227505
3 9129587
4 6869551
5 5671971
6 4805523
7 4005024
8 3239144
9 2506493
10 1870565
11 1374013
12 1009259
13 765713
14 621902
15 561866
16 550615
17 564327
18 583478
19 594495
20 586601
21 558226
22 510228
23 448751
24 381004
25 313285
26 252442
27 201815
28 162814
29 135228
30 117867
31 110873
32 109364
33 110397
34 114963
35 120254
36 125616
37 127875
38 127062
39 124029
40 118792
41 110016
42 100135
43 90794
44 82361
45 72536
46 64832
47 59571
48 56251
49 55516
50 59189
51 65364
52 74832
53 88444
54 104583
55 124584
56 146454
57 171467
58 197155
59 223191
60 251177
61 276161
62 300478
63 321840
64 339883
65 354537
66 366187
67 369395
68 368679
69 363216
70 354261
71 340462
72 321773
73 300978
74 277556
75 253646
76 229216
77 204947
78 180591
79 157670
80 135641
81 114996
82 96393
83 81069
84 66621
85 54539
86 44453
87 36154
88 28607
89 23212
90 18561
91 15020
92 12146
93 10303
94 8871
95 7914
96 7238
97 7143
98 6998
99 6982
100 7065
101 7427
102 7539
103 7758
104 8117
105 8226
106 8322
107 8429
108 8376
109 8124
110 7814
111 7691
112 7365
113 7157
114 6784
115 6546
116 5884
117 5593
118 5224
119 4769
120 4413
121 3983
122 3679
123 3401
124 3108
125 2951
126 2811
127 2592
128 2433
129 2339
130 2328
131 2280
132 2160
133 2102
134 1958
135 1909
136 1838
137 1764
138 1610
139 1621
140 1538
141 1488
142 1413
143 1336
144 1276
145 1217
146 1152
147 1047
148 1004
149 1015
150 927
151 813
152 753
153 676
154 614
155 639
156 525
157 426
158 443
159 391
160 371
161 324
162 327
163 259
164 258
165 242
166 203
167 194
168 195
169 177
170 193
171 175
172 169
173 184
174 170
175 169
176 177
177 197
178 156
179 163
180 155
181 156
182 157
183 160
184 175
185 155
186 172
187 172
188 188
189 199
190 181
191 204
192 195
193 212
194 224
195 249
196 265
197 281
198 263
199 310
200 261
201 308
202 313
203 317
204 342
205 326
206 300
207 334
208 358
209 299
210 325
211 269
212 270
213 300
214 346
215 278
216 308
217 315
218 249
219 254
220 247
221 268
222 251
223 223
224 215
225 218
226 219
227 203
228 178
229 185
230 167
231 158
232 139
233 147
234 147
235 148
236 143
237 147
238 128
239 135
240 146
241 132
242 118
243 134
244 147
245 142
246 142
247 144
248 154
249 123
250 137
251 163
252 138
253 145
254 163
255 143
256 178
257 158
258 155
259 138
260 140
261 132
262 129
263 128
264 175
265 155
266 170
267 165
268 185
269 184
270 163
271 175
272 186
273 186
274 194
275 177
276 209
277 170
278 194
279 185
280 185
281 162
282 179
283 166
284 185
285 184
286 199
287 169
288 163
289 170
290 139
291 172
292 134
293 124
294 106
295 119
296 119
297 132
298 134
299 121
300 119
301 121
302 87
303 114
304 86
305 109
306 91
307 73
308 78
309 112
310 101
311 95
312 77
313 83
314 78
315 55
316 56
317 83
318 64
319 70
320 79
321 71
322 63
323 75
324 76
325 67
326 57
327 82
328 52
329 61
330 50
331 38
332 45
333 50
334 53
335 60
336 50
337 68
338 68
339 60
340 64
341 61
342 65
343 69
344 69
345 51
346 62
347 63
348 76
349 60
350 59
351 60
352 49
353 55
354 51
355 62
356 37
357 44
358 69
359 43
360 61
361 49
362 51
363 62
364 40
365 60
366 52
367 47
368 41
369 54
370 65
371 46
372 54
373 57
374 43
375 62
376 40
377 35
378 48
379 37
380 36
381 54
382 33
383 42
384 47
385 35
386 46
387 51
388 46
389 48
390 49
391 36
392 33
393 44
394 49
395 59
396 45
397 54
398 55
399 57
400 62
401 74
402 71
403 69
404 106
405 114
406 117
407 148
408 156
409 202
410 222
411 258
412 292
413 334
414 380
415 454
416 519
417 619
418 748
419 723
420 895
421 1067
422 1154
423 1298
424 1450
425 1639
426 1927
427 2022
428 2169
429 2543
430 2714
431 3135
432 3439
433 3808
434 4103
435 4589
436 5101
437 5595
438 6243
439 6852
440 7524
441 7994
442 8672
443 9440
444 10106
445 10825
446 11690
447 12528
448 13428
449 14581
450 15583
451 16447
452 17345
453 18649
454 19729
455 20764
456 21755
457 23373
458 24295
459 25564
460 26726
461 27737
462 28877
463 30085
464 30947
465 31831
466 32632
467 33798
468 35037
469 35377
470 36706
471 36883
472 37847
473 38440
474 38708
475 39448
476 39850
477 39669
478 40229
479 39929
480 40616
481 40203
482 39942
483 39782
484 39638
485 39346
486 38616
487 38174
488 37598
489 36774
490 36083
491 35032
492 34181
493 33501
494 32300
495 31840
496 30792
497 29589
498 28692
499 27736
500 26931
501 25622
502 24750
503 23588
504 22361
505 21520
506 20285
507 19225
508 18648
509 17221
510 16314
511 15509
512 14380
513 13447
514 12803
515 11853
516 11059
517 10139
518 9415
519 8896
520 7993
521 7583
522 6853
523 6532
524 5952
525 5384
526 4982
527 4448
528 4088
529 3765
530 3421
531 3160
532 2744
533 2548
534 2277
535 2099
536 1853
537 1708
538 1461
539 1353
540 1157
541 1116
542 947
543 832
544 764
545 656
546 558
547 530
548 448
549 401
550 352
551 286
552 244
553 242
554 221
555 177
556 142
557 145
558 119
559 120
560 81
561 89
562 84
563 103
564 58
565 64
566 61
567 59
568 67
569 43
570 50
571 31
572 49
573 38
574 38
575 48
576 44
577 36
578 29
579 31
580 31
581 25
582 23
583 21
584 22
585 14
586 11
587 19
588 9
589 6
590 18
591 12
592 12
593 9
594 16
595 9
596 15
597 13
598 16
599 7
600 12
601 10
602 15
603 16
604 12
605 13
606 15
607 13
608 7
609 18
610 17
611 15
612 12
613 5
614 13
615 12
616 15
617 13
618 12
619 7
620 5
621 7
622 5
623 10
624 10
625 6
626 11
627 7
628 13
629 5
630 6
631 13
632 16
633 15
634 6
635 19
636 10
637 7
638 9
639 7
640 15
641 11
642 12
643 12
644 7
645 9
646 7
647 4
648 10
649 5
650 8
651 11
652 4
653 7
654 9
655 12
656 10
657 10
658 9
659 7
660 12
661 5
662 4
663 15
664 8
665 5
666 6
667 10
668 1
669 7
670 7
671 3
672 2
673 13
674 4
675 9
676 6
677 5
678 6
679 7
680 7
681 7
682 4
683 6
684 10
685 4
686 1
687 3
688 4
689 4
690 6
691 2
692 7
693 5
694 7
695 3
696 2
697 5
698 5
699 5
700 3
701 4
702 6
703 9
704 8
705 6
706 9
707 8
708 3
709 2
710 4
711 3
712 3
713 2
714 4
715 6
716 5
717 3
718 3
719 7
720 6
721 6
722 7
723 6
724 7
725 4
726 3
727 11
728 11
729 6
730 6
731 6
732 6
733 3
734 7
735 7
736 4
737 6
738 4
739 5
740 4
741 6
742 7
743 10
744 10
745 7
746 5
747 7
748 3
749 4
750 5
751 2
752 2
753 5
754 9
755 5
756 7
757 5
758 6
759 4
761 9
762 7
763 8
764 5
765 8
766 5
767 7
768 3
769 7
770 2
771 4
772 4
773 3
774 4
775 2
776 6
778 5
779 5
780 8
781 2
782 6
783 1
784 6
785 5
786 4
787 2
788 5
789 2
790 6
791 6
792 2
793 4
794 1
795 5
796 3
797 2
798 9
799 6
801 4
802 1
803 3
804 4
805 7
806 3
807 3
808 1
809 9
810 5
812 1
813 2
814 2
815 2
816 2
817 1
818 2
819 1
820 2
821 2
822 1
823 4
824 5
826 1
827 1
828 4
829 1
830 2
831 3
833 1
834 3
835 2
836 1
837 1
838 1
839 3
840 1
841 1
842 3
843 2
844 2
845 3
846 3
847 1
848 2
849 1
851 3
852 2
853 2
855 5
856 1
857 1
858 1
859 3
860 2
861 2
862 1
863 4
864 1
865 3
866 1
867 4
868 1
869 2
870 3
871 3
873 1
874 2
875 1
876 1
877 2
878 1
879 3
880 2
881 5
882 2
883 4
884 4
885 4
886 5
887 4
888 5
889 6
890 1
891 8
892 5
893 7
894 8
895 11
896 14
897 12
898 7
899 12
900 13
901 13
902 8
903 11
904 21
905 14
906 20
907 24
908 18
909 20
910 29
911 27
912 18
913 21
914 22
915 29
916 23
917 25
918 28
919 18
920 27
921 29
922 30
923 29
924 32
925 39
926 36
927 36
928 31
929 47
930 42
931 36
932 32
933 37
934 49
935 40
936 43
937 47
938 46
939 48
940 41
941 49
942 46
943 46
944 45
945 45
946 50
947 53
948 60
949 51
950 64
951 48
952 57
953 52
954 63
955 44
956 56
957 61
958 43
959 51
960 54
961 44
962 51
963 38
964 53
965 51
966 56
967 40
968 56
969 56
970 43
971 58
972 56
973 61
974 66
975 65
976 74
977 52
978 52
979 59
980 53
981 48
982 59
983 41
984 54
985 55
986 52
987 38
988 48
989 64
990 54
991 60
992 56
993 52
994 50
995 50
996 40
997 55
998 50
999 36
1000 44
1001 40
1002 36
1003 38
1004 39
1005 44
1006 37
1007 30
1008 32
1009 34
1010 33
1011 32
1012 24
1013 29
1014 27
1015 24
1016 15
1017 30
1018 21
1019 18
1020 13
1021 20
1022 7
1023 9
1024 16
1025 13
1026 14
1027 12
1028 6
1029 6
1030 9
1031 5
1032 5
1033 7
1034 5
1035 6
1036 6
1037 6
1038 1
1039 3
1040 4
1041 7
1042 8
1043 7
1044 1
1045 5
1046 2
1047 2
1048 5
1049 6
1051 1
1052 4
1053 1
1054 3
1055 3
1056 3
1057 3
1058 3
1059 5
1060 2
1061 1
1062 6
1063 3
1064 5
1065 6
1066 3
1067 2
1068 3
1069 3
1070 2
1071 6
1072 1
1074 6
1075 3
1076 3
1077 3
1078 4
1079 2
1080 3
1081 2
1082 2
1083 1
1084 1
1085 2
1086 2
1087 2
1088 3
1089 1
1090 2
1091 2
1092 1
1093 4
1094 2
1095 1
1096 1
1098 2
1099 2
1100 1
1101 1
1102 1
1103 2
1104 1
1105 1
1106 1
1107 2
1108 1
1109 1
1110 1
1111 1
1112 1
1114 3
1115 1
1116 2
1117 2
1118 2
1119 3
1120 1
1121 2
1122 2
1123 1
1125 4
1126 2
1127 4
1128 4
1129 4
1130 2
1131 4
1132 1
1133 3
1134 5
1135 1
1136 3
1137 3
1138 5
1139 7
1140 6
1141 8
1142 3
1143 3
1144 2
1145 5
1146 2
1147 1
1148 2
1149 3
1150 2
1152 1
1153 1
1163 1
1168 1
1169 2
1170 1
1172 1
1176 2
1178 1
1179 1
1180 1
1181 1
1182 1
1186 2
1188 1
1189 3
1190 1
1191 1
1192 1
1193 1
1194 2
1195 1
1199 1
1202 1
1203 2
1204 2
1205 2
1206 1
1207 1
1208 2
1209 1
1210 1
1211 4
1212 2
1214 3
1217 2
1220 2
1221 1
1225 1
1226 3
1227 3
1229 1
1231 1
1232 1
1233 1
1234 1
1235 1
1238 3
1240 1
1243 3
1246 2
1247 1
1248 1
1249 1
1251 4
1252 1
1254 5
1255 4
1256 2
1257 2
1258 2
1262 1
1263 2
1264 3
1266 2
1268 1
1269 2
1272 1
1273 1
1274 2
1275 3
1276 2
1277 1
1278 5
1279 3
1280 5
1281 4
1283 2
1285 4
1286 3
1287 2
1288 3
1289 1
1291 4
1292 2
1293 2
1294 3
1295 2
1296 3
1297 1
1299 1
1302 1
1303 1
1304 1
1307 1
1308 1
1311 1
1313 2
1315 1
1316 1
1319 1
1320 1
1321 1
1322 2
1326 4
1327 1
1330 1
1332 2
1333 2
1334 2
1336 1
1337 4
1339 2
1340 1
1342 2
1343 1
1344 3
1345 1
1346 1
1347 3
1348 3
1349 3
1350 3
1351 2
1352 1
1353 6
1354 1
1356 2
1357 2
1358 1
1366 1
1368 1
1371 1
1374 1
1375 1
1376 1
1377 1
1378 1
1381 1
1382 1
1384 1
1387 1
1388 1
1389 1
1390 5
1391 1
1392 2
1395 1
1396 1
1397 2
1398 1
1399 2
1400 2
1401 1
1403 1
1405 1
1406 1
1407 2
1408 1
1409 1
1410 7
1411 2
1412 2
1413 5
1414 4
1415 6
1416 4
1417 9
1418 5
1419 6
1420 4
1421 3
1423 5
1424 6
1425 2
1426 3
1427 3
1429 2
1430 5
1431 5
1432 3
1433 2
1434 5
1435 3
1436 3
1437 6
1438 2
1439 2
1440 3
1441 6
1442 3
1444 3
1446 2
1447 2
1448 4
1449 3
1450 1
1451 5
1452 2
1453 3
1454 5
1455 2
1456 2
1457 2
1458 7
1459 3
1460 1
1461 5
1464 3
1465 1
1466 2
1467 1
1468 3
1469 3
1470 3
1471 2
1472 1
1473 3
1476 1
1477 4
1478 3
1479 3
1480 3
1481 3
1482 2
1483 2
1484 2
1485 1
1488 1
1489 2
1491 2
1492 1
1493 2
1496 1
1497 1
1500 1
1501 1
1502 1
1504 4
1505 3
1506 1
1507 1
1508 1
1510 2
1511 3
1513 2
1515 3
1516 2
1517 2
1518 5
1519 2
1521 1
1522 3
1523 1
1524 1
1527 1
1529 1
1531 1
1533 1
1534 1
1535 1
1558 1
1559 2
1560 1
1564 1
1565 1
1566 1
1567 3
1568 1
1570 1
1572 3
1573 3
1574 1
1576 4
1577 2
1578 2
1579 1
1580 1
1581 1
1582 2
1584 2
1586 2
1588 1
1589 2
1590 2
1592 1
1593 2
1594 3
1595 2
1598 3
1600 4
1601 3
1602 3
1603 2
1604 4
1605 3
1606 2
1607 1
1608 1
1609 2
1611 2
1612 1
1613 3
1614 1
1615 1
1617 2
1620 1
1621 1
1622 1
1623 1
1624 2
1625 1
1626 1
1628 5
1629 1
1630 1
1631 1
1632 2
1633 1
1634 2
1636 2
1637 1
1638 2
1639 4
1641 1
1642 2
1644 1
1647 1
1648 1
1653 1
1655 1
1670 1
1794 1
1795 1
1804 2
1806 1
1810 2
1813 1
1822 1
1832 2
1835 3
1841 1
1844 1
1849 1
1852 1
1855 1
1856 1
1860 1
1866 1
1869 1
1872 1
1877 1
1878 1
1881 1
1887 1
1888 1
1893 1
1894 1
1895 1
1899 2
1902 1
1904 2
1906 1
1907 1
1908 1
1909 1
1910 2
1911 1
1912 3
1914 1
1915 1
1917 1
1918 1
1920 1
1921 1
1922 1
1930 1
1932 1
1933 1
1934 1
1955 1
1961 1
1963 2
1964 1
1967 1
1968 1
1975 2
1977 1
1979 1
1981 1
1983 1
1987 1
2001 1
2030 1
2037 1
2042 1
2050 1
2130 1
2141 1
2145 1
2197 1
2204 1
2205 1
2287 1
2366 1
2376 1
2380 1
2381 1
2384 1
2387 1
2389 1
2391 2
2397 1
2398 1
2399 1
2401 1
2402 1
2405 1
2406 1
2409 1
2412 1
2417 1
2420 1
2439 1
2504 1
2514 1
2730 1
2732 1
2733 1
2746 1
2754 1
2759 1
2847 1
2864 1
2875 1
2877 1
2883 1
2890 1
2944 1
2952 1
2953 1
2956 1
2957 1
2958 1
2959 1
2962 1
2963 1
2965 1
2966 1
2968 1
2969 1
2973 1
2977 1
2978 1
3010 1
3012 1
3013 1
3015 1
3020 1
3022 1
3030 1
3040 1
3049 1
3055 1
3057 1
3322 1
3342 1
3345 1
3348 1
3485 1
3763 1
3765 1
3796 1
4240 1
4273 1
4726 1
4731 1
5885 1
5886 1
5895 1
5900 1
5901 1
5905 1
5921 1
5927 2
5932 1
