1 15950874
2 12540656
3 9145707
4 6956299
5 5640068
6 4852346
7 4271604
8 3754949
9 3225967
10 2692142
11 2226776
12 1844570
13 1553693
14 1352349
15 1214261
16 1122662
17 1052464
18 986776
19 908543
20 821283
21 720922
22 614467
23 512025
24 422331
25 343372
26 279768
27 232331
28 198473
29 176806
30 166153
31 163140
32 167592
33 174205
34 186428
35 200401
36 216233
37 230925
38 249209
39 268443
40 287267
41 306760
42 326496
43 343734
44 361724
45 377293
46 389594
47 397361
48 403441
49 407331
50 410598
51 413886
52 415937
53 417823
54 419106
55 421573
56 422934
57 424289
58 427732
59 431339
60 433243
61 432554
62 430074
63 423102
64 415472
65 404314
66 388089
67 370805
68 351932
69 331301
70 310878
71 290591
72 272712
73 254811
74 237092
75 223808
76 213177
77 206489
78 202017
79 198840
80 199756
81 202018
82 204175
83 209796
84 213657
85 218899
86 221231
87 223565
88 223763
89 222025
90 218908
91 213511
92 208260
93 198959
94 187927
95 176778
96 165375
97 154025
98 139998
99 126187
100 113114
101 100853
102 88965
103 77558
104 67244
105 58812
106 50403
107 43771
108 38106
109 33164
110 29740
111 27803
112 26285
113 26385
114 27321
115 29311
116 32079
117 36267
118 41035
119 47415
120 54237
121 61476
122 70317
123 79951
124 90245
125 102215
126 114458
127 126415
128 139431
129 152690
130 167001
131 180709
132 194880
133 208387
134 224330
135 237417
136 252426
137 265419
138 278450
139 291352
140 302414
141 313668
142 322726
143 331061
144 339949
145 346018
146 351229
147 357321
148 359683
149 363581
150 363837
151 363572
152 363291
153 361812
154 358662
155 355790
156 350354
157 347512
158 342601
159 334582
160 328623
161 321896
162 315305
163 308527
164 302101
165 294394
166 286687
167 278596
168 270967
169 263310
170 253851
171 245310
172 235048
173 226891
174 216679
175 208406
176 199047
177 189725
178 180847
179 171761
180 162161
181 153844
182 144961
183 136614
184 127346
185 118927
186 110797
187 102974
188 95051
189 87335
190 80554
191 74413
192 68319
193 62111
194 56537
195 51499
196 46587
197 41956
198 38109
199 34006
200 30825
201 27720
202 25191
203 22943
204 20563
205 18499
206 17084
207 15372
208 14162
209 13275
210 12255
211 11573
212 11103
213 10458
214 10129
215 9843
216 9572
217 9263
218 9186
219 8906
220 8939
221 8842
222 8854
223 8652
224 8506
225 8185
226 8105
227 7957
228 7600
229 7441
230 7512
231 7270
232 7004
233 6683
234 6628
235 6352
236 5932
237 5683
238 5288
239 5062
240 4743
241 4379
242 4187
243 4109
244 3816
245 3520
246 3283
247 3100
248 2854
249 2672
250 2568
251 2329
252 2252
253 2170
254 2154
255 2073
256 2014
257 1923
258 1886
259 1937
260 1929
261 2010
262 1983
263 1934
264 2036
265 1940
266 1980
267 2039
268 2014
269 2193
270 2106
271 2181
272 2138
273 2193
274 2196
275 2248
276 2248
277 2161
278 2145
279 2140
280 2212
281 2251
282 2193
283 2358
284 2279
285 2246
286 2247
287 2095
288 2066
289 1998
290 2012
291 1938
292 1911
293 1758
294 1793
295 1746
296 1732
297 1690
298 1712
299 1580
300 1610
301 1574
302 1534
303 1536
304 1484
305 1542
306 1447
307 1406
308 1363
309 1353
310 1329
311 1301
312 1308
313 1279
314 1276
315 1273
316 1196
317 1256
318 1126
319 1186
320 1204
321 1157
322 1129
323 1077
324 1122
325 1104
326 1101
327 1054
328 1007
329 1035
330 965
331 917
332 965
333 989
334 1023
335 1012
336 936
337 931
338 873
339 841
340 866
341 797
342 745
343 731
344 703
345 707
346 800
347 674
348 727
349 647
350 693
351 646
352 655
353 594
354 646
355 578
356 587
357 589
358 525
359 536
360 509
361 529
362 538
363 490
364 446
365 479
366 422
367 450
368 412
369 407
370 425
371 383
372 385
373 374
374 389
375 347
376 310
377 330
378 340
379 335
380 297
381 293
382 270
383 287
384 282
385 274
386 229
387 223
388 205
389 194
390 171
391 180
392 187
393 169
394 159
395 143
396 154
397 137
398 141
399 127
400 122
401 130
402 127
403 119
404 134
405 118
406 115
407 120
408 119
409 96
410 101
411 122
412 108
413 104
414 145
415 128
416 130
417 126
418 119
419 148
420 138
421 137
422 139
423 130
424 144
425 143
426 151
427 138
428 143
429 160
430 157
431 167
432 170
433 153
434 154
435 147
436 189
437 139
438 187
439 182
440 182
441 200
442 198
443 214
444 195
445 207
446 186
447 191
448 203
449 185
450 165
451 186
452 181
453 184
454 165
455 170
456 189
457 206
458 177
459 188
460 174
461 206
462 196
463 197
464 215
465 214
466 192
467 189
468 194
469 219
470 202
471 188
472 208
473 190
474 188
475 181
476 200
477 173
478 165
479 177
480 203
481 193
482 170
483 178
484 157
485 150
486 167
487 179
488 175
489 205
490 200
491 183
492 170
493 189
494 215
495 189
496 190
497 194
498 162
499 161
500 162
501 179
502 163
503 148
504 171
505 184
506 161
507 183
508 150
509 157
510 174
511 169
512 155
513 156
514 160
515 161
516 156
517 170
518 156
519 169
520 153
521 140
522 153
523 175
524 150
525 168
526 183
527 167
528 161
529 157
530 156
531 175
532 172
533 167
534 174
535 188
536 215
537 150
538 174
539 140
540 159
541 147
542 162
543 173
544 196
545 169
546 146
547 183
548 164
549 160
550 161
551 166
552 173
553 173
554 152
555 172
556 166
557 177
558 181
559 163
560 166
561 177
562 179
563 151
564 151
565 164
566 142
567 130
568 123
569 120
570 120
571 112
572 96
573 78
574 82
575 71
576 93
577 117
578 114
579 108
580 118
581 112
582 107
583 106
584 103
585 100
586 102
587 92
588 94
589 117
590 109
591 90
592 99
593 114
594 119
595 103
596 106
597 110
598 104
599 100
600 120
601 136
602 105
603 104
604 108
605 88
606 101
607 134
608 101
609 109
610 102
611 114
612 104
613 83
614 105
615 100
616 89
617 89
618 89
619 90
620 99
621 89
622 91
623 74
624 88
625 78
626 87
627 72
628 54
629 65
630 72
631 70
632 60
633 71
634 67
635 63
636 49
637 43
638 39
639 20
640 36
641 39
642 27
643 25
644 25
645 26
646 21
647 29
648 21
649 33
650 22
651 26
652 33
653 38
654 39
655 31
656 40
657 53
658 46
659 39
660 31
661 37
662 27
663 34
664 31
665 29
666 34
667 31
668 36
669 27
670 34
671 34
672 42
673 35
674 38
675 42
676 34
677 24
678 27
679 44
680 37
681 38
682 52
683 42
684 33
685 45
686 33
687 37
688 55
689 41
690 43
691 47
692 58
693 53
694 61
695 42
696 42
697 53
698 55
699 47
700 43
701 55
702 45
703 65
704 64
705 74
706 66
707 54
708 70
709 83
710 69
711 80
712 78
713 76
714 73
715 61
716 64
717 66
718 69
719 77
720 61
721 69
722 75
723 77
724 87
725 82
726 69
727 81
728 63
729 91
730 75
731 75
732 85
733 89
734 86
735 94
736 91
737 80
738 93
739 88
740 79
741 84
742 105
743 88
744 92
745 88
746 79
747 84
748 84
749 68
750 61
751 65
752 69
753 63
754 71
755 75
756 65
757 60
758 62
759 67
760 54
761 66
762 58
763 49
764 51
765 60
766 64
767 49
768 49
769 47
770 61
771 60
772 60
773 62
774 70
775 68
776 67
777 61
778 63
779 67
780 53
781 64
782 69
783 44
784 57
785 60
786 48
787 78
788 77
789 60
790 69
791 65
792 68
793 74
794 58
795 69
796 58
797 43
798 51
799 56
800 50
801 53
802 64
803 59
804 42
805 43
806 45
807 51
808 37
809 55
810 32
811 49
812 45
813 55
814 48
815 56
816 40
817 57
818 40
819 58
820 47
821 60
822 48
823 41
824 53
825 41
826 48
827 33
828 39
829 31
830 37
831 35
832 35
833 37
834 32
835 26
836 34
837 45
838 24
839 21
840 22
841 23
842 30
843 24
844 28
845 22
846 17
847 15
848 31
849 18
850 24
851 21
852 16
853 15
854 20
855 14
856 19
857 13
858 8
859 11
860 13
861 14
862 12
863 11
864 7
865 16
866 12
867 13
868 18
869 13
870 7
871 8
872 12
873 10
874 16
875 14
876 24
877 8
878 10
879 22
880 23
881 16
882 15
883 18
884 18
885 16
886 14
887 27
888 23
889 17
890 15
891 18
892 14
893 24
894 25
895 23
896 15
897 18
898 22
899 26
900 21
901 24
902 28
903 17
904 17
905 20
906 19
907 9
908 16
909 21
910 9
911 27
912 13
913 24
914 24
915 31
916 20
917 23
918 16
919 22
920 20
921 29
922 17
923 17
924 16
925 20
926 21
927 16
928 19
929 17
930 22
931 25
932 20
933 14
934 19
935 14
936 17
937 16
938 16
939 16
940 17
941 17
942 12
943 13
944 13
945 17
946 15
947 17
948 9
949 17
950 10
951 12
952 12
953 13
954 14
955 19
956 21
957 10
958 16
959 13
960 17
961 10
962 25
963 14
964 10
965 22
966 19
967 19
968 18
969 16
970 21
971 18
972 20
973 16
974 16
975 19
976 20
977 17
978 16
979 11
980 19
981 17
982 13
983 25
984 19
985 26
986 29
987 28
988 20
989 12
990 17
991 22
992 13
993 18
994 21
995 16
996 16
997 18
998 10
999 21
1000 8
1001 17
1002 10
1003 18
1004 19
1005 14
1006 21
1007 18
1008 17
1009 13
1010 17
1011 21
1012 24
1013 17
1014 20
1015 19
1016 21
1017 18
1018 19
1019 15
1020 13
1021 17
1022 20
1023 13
1024 12
1025 17
1026 12
1027 14
1028 18
1029 18
1030 15
1031 7
1032 13
1033 16
1034 17
1035 12
1036 13
1037 16
1038 11
1039 13
1040 17
1041 10
1042 14
1043 12
1044 9
1045 9
1046 7
1047 8
1048 9
1049 17
1050 11
1051 7
1052 11
1053 7
1054 13
1055 15
1056 13
1057 10
1058 10
1059 12
1060 10
1061 10
1062 12
1063 10
1064 7
1065 14
1066 10
1067 11
1068 14
1069 8
1070 16
1071 9
1072 16
1073 10
1074 8
1075 9
1076 11
1077 11
1078 8
1079 8
1080 14
1081 7
1082 7
1083 12
1084 9
1085 12
1086 10
1087 13
1088 13
1089 9
1090 11
1091 14
1092 4
1093 8
1094 9
1095 7
1096 9
1097 5
1098 8
1099 18
1100 7
1101 6
1102 2
1103 13
1104 10
1105 10
1106 19
1107 11
1108 11
1109 9
1110 7
1111 10
1112 15
1113 9
1114 11
1115 8
1116 10
1117 14
1118 10
1119 17
1120 17
1121 15
1122 18
1123 13
1124 12
1125 18
1126 18
1127 14
1128 11
1129 13
1130 7
1131 6
1132 10
1133 11
1134 13
1135 10
1136 7
1137 13
1138 10
1139 11
1140 12
1141 14
1142 14
1143 7
1144 12
1145 13
1146 10
1147 8
1148 11
1149 15
1150 12
1151 15
1152 11
1153 13
1154 9
1155 11
1156 6
1157 5
1158 8
1159 12
1160 6
1161 10
1162 13
1163 12
1164 11
1165 11
1166 18
1167 12
1168 11
1169 10
1170 7
1171 9
1172 13
1173 11
1174 6
1175 16
1176 8
1177 12
1178 14
1179 16
1180 9
1181 17
1182 14
1183 14
1184 13
1185 14
1186 13
1187 18
1188 20
1189 15
1190 12
1191 9
1192 21
1193 14
1194 9
1195 6
1196 12
1197 15
1198 17
1199 6
1200 8
1201 9
1202 7
1203 15
1204 12
1205 9
1206 13
1207 3
1208 10
1209 10
1210 7
1211 10
1212 4
1213 7
1214 7
1215 5
1216 5
1217 2
1218 2
1219 3
1220 4
1221 3
1222 4
1223 2
1224 4
1225 5
1226 3
1227 4
1228 8
1229 5
1230 6
1231 3
1232 10
1233 7
1234 7
1235 5
1236 7
1237 5
1238 4
1239 5
1240 10
1241 6
1242 4
1243 3
1244 6
1245 3
1246 3
1247 3
1248 6
1249 4
1250 5
1251 4
1252 8
1253 4
1254 5
1255 3
1256 1
1257 6
1258 2
1259 4
1260 4
1261 4
1262 4
1263 6
1264 2
1265 7
1266 3
1267 4
1268 4
1269 6
1270 4
1271 6
1272 3
1273 3
1274 1
1275 2
1276 4
1277 2
1278 3
1279 5
1280 5
1284 3
1285 1
1287 2
1288 1
1289 3
1290 4
1291 3
1292 1
1293 3
1294 1
1295 3
1296 4
1297 2
1298 2
1299 3
1300 3
1301 4
1302 4
1303 6
1304 4
1305 6
1306 4
1307 4
1308 1
1309 6
1310 2
1311 3
1312 6
1313 6
1314 4
1315 3
1316 2
1317 4
1318 2
1319 2
1320 3
1322 3
1324 3
1326 2
1327 4
1329 3
1330 2
1331 1
1332 3
1333 3
1335 2
1337 1
1338 1
1339 2
1341 2
1342 2
1343 2
1344 4
1345 3
1346 3
1347 3
1348 2
1349 7
1350 5
1351 7
1352 1
1353 2
1354 2
1355 3
1356 1
1357 4
1358 1
1359 5
1360 6
1361 3
1362 5
1363 3
1364 1
1365 4
1366 4
1367 7
1368 4
1369 12
1370 4
1371 7
1372 5
1373 3
1374 9
1375 1
1376 4
1377 10
1378 6
1379 3
1380 1
1381 8
1382 3
1383 5
1384 2
1385 5
1386 3
1387 8
1388 5
1389 1
1390 3
1391 4
1392 2
1393 3
1394 4
1395 2
1396 4
1397 4
1398 3
1399 3
1400 8
1401 3
1402 5
1403 5
1404 6
1405 5
1406 2
1407 4
1408 4
1409 4
1410 4
1411 4
1412 1
1413 5
1414 1
1415 3
1416 4
1418 5
1419 3
1420 3
1421 1
1423 3
1424 4
1425 2
1426 2
1427 2
1428 2
1430 1
1431 1
1432 2
1433 2
1436 1
1437 3
1438 1
1439 1
1440 2
1441 1
1442 1
1443 1
1445 2
1446 2
1447 3
1448 1
1453 1
1455 1
1456 3
1457 2
1458 1
1459 2
1460 3
1461 3
1463 5
1464 1
1465 1
1466 3
1467 3
1469 1
1470 1
1471 1
1472 3
1473 3
1474 1
1475 1
1478 1
1479 1
1480 2
1481 2
1482 2
1484 1
1485 3
1486 2
1487 1
1488 3
1489 2
1490 4
1491 1
1492 1
1493 2
1494 1
1495 1
1496 3
1497 2
1498 1
1499 1
1500 2
1501 1
1503 2
1504 2
1506 1
1507 1
1508 2
1509 4
1510 1
1511 1
1512 3
1513 3
1514 3
1515 5
1516 3
1517 1
1518 2
1519 2
1520 1
1521 2
1522 1
1523 2
1524 2
1525 3
1526 6
1527 3
1528 1
1529 2
1530 3
1531 6
1532 3
1533 7
1534 2
1535 3
1536 5
1537 2
1538 1
1539 5
1540 1
1541 2
1542 3
1543 1
1544 1
1545 3
1546 2
1547 1
1548 4
1549 1
1551 4
1552 3
1553 1
1554 2
1555 1
1556 2
1557 4
1558 5
1559 2
1560 4
1561 2
1562 3
1563 3
1564 3
1565 3
1566 7
1567 4
1568 5
1569 5
1570 3
1571 2
1572 4
1573 2
1574 3
1575 7
1576 6
1577 2
1578 3
1579 3
1580 3
1581 2
1582 2
1584 2
1586 3
1587 2
1588 4
1589 3
1590 3
1591 3
1592 2
1593 3
1594 1
1595 1
1596 4
1597 4
1598 2
1599 2
1600 3
1601 5
1602 1
1603 2
1604 6
1605 3
1606 3
1607 4
1608 3
1609 4
1610 1
1611 4
1612 2
1613 2
1614 2
1615 1
1617 3
1618 1
1619 3
1620 1
1621 1
1622 3
1623 4
1624 4
1625 7
1627 3
1628 4
1630 4
1631 3
1632 2
1633 4
1634 3
1635 3
1636 3
1637 2
1638 1
1639 4
1640 7
1641 5
1642 2
1643 4
1644 4
1645 9
1646 4
1647 8
1648 3
1649 4
1650 7
1651 8
1652 3
1653 7
1654 8
1655 6
1656 3
1657 5
1658 2
1659 2
1660 3
1661 5
1662 1
1663 5
1664 3
1665 5
1666 6
1667 3
1668 2
1669 6
1670 5
1671 4
1672 5
1673 7
1674 4
1675 6
1676 13
1677 7
1678 8
1679 3
1680 8
1681 2
1682 2
1683 2
1684 4
1685 3
1686 3
1687 7
1688 2
1689 4
1690 9
1691 1
1692 6
1693 1
1694 3
1695 1
1696 3
1697 4
1698 5
1699 3
1700 4
1701 3
1702 4
1703 1
1704 3
1705 3
1706 4
1708 3
1709 3
1710 4
1711 3
1713 1
1714 3
1715 2
1716 1
1717 1
1718 2
1719 3
1720 4
1721 2
1722 5
1723 3
1724 4
1725 2
1726 4
1727 5
1728 4
1729 6
1730 6
1731 5
1732 1
1733 5
1734 4
1735 3
1736 2
1737 4
1738 3
1739 3
1740 3
1741 5
1742 5
1743 6
1744 3
1745 4
1746 5
1747 1
1748 4
1749 6
1750 4
1751 3
1752 10
1753 4
1754 4
1755 2
1756 4
1757 1
1759 1
1760 1
1761 4
1762 2
1764 3
1766 1
1767 1
1768 1
1769 2
1770 1
1771 1
1772 2
1773 1
1775 3
1776 1
1777 2
1778 2
1780 1
1781 3
1783 2
1784 1
1787 2
1789 1
1790 1
1791 3
1792 3
1794 1
1795 1
1796 1
1797 2
1798 2
1799 3
1800 2
1801 1
1802 2
1803 1
1804 2
1805 2
1806 1
1807 3
1808 2
1809 1
1810 1
1812 2
1814 1
1815 2
1816 1
1820 1
1821 2
1822 2
1823 1
1824 1
1825 4
1826 1
1829 1
1830 3
1831 1
1832 1
1833 2
1834 1
1836 2
1837 4
1838 1
1839 2
1840 1
1841 1
1842 1
1843 1
1844 1
1845 2
1848 2
1849 5
1850 1
1851 2
1852 2
1853 6
1854 3
1855 1
1856 1
1857 3
1858 3
1859 3
1860 3
1861 1
1862 2
1863 2
1864 1
1865 2
1867 2
1868 3
1869 3
1871 5
1872 2
1873 4
1874 1
1875 1
1876 4
1877 1
1879 5
1880 3
1881 6
1882 2
1883 1
1884 5
1885 1
1886 4
1887 8
1888 3
1889 3
1890 4
1891 3
1892 5
1894 1
1895 2
1896 4
1898 3
1899 5
1900 7
1901 7
1902 5
1903 6
1904 5
1905 10
1906 4
1907 5
1908 3
1909 3
1910 9
1911 3
1912 6
1913 6
1914 5
1915 3
1916 4
1917 4
1918 6
1919 5
1920 5
1921 6
1922 5
1923 6
1924 6
1925 5
1926 2
1927 6
1928 4
1929 8
1930 10
1931 5
1932 5
1933 7
1934 10
1935 3
1936 6
1937 5
1938 4
1939 6
1940 4
1941 1
1942 5
1943 3
1944 2
1945 7
1946 6
1947 3
1948 4
1949 6
1950 6
1951 5
1952 5
1953 6
1954 3
1955 5
1956 7
1957 9
1958 6
1959 3
1960 6
1961 4
1962 8
1963 4
1964 4
1965 3
1966 2
1967 2
1970 3
1971 2
1972 2
1973 3
1974 2
1975 3
1977 2
1978 2
1979 3
1980 2
1981 1
1982 2
1983 5
1984 2
1985 2
1986 2
1987 3
1988 4
1989 5
1990 1
1991 2
1992 3
1993 2
1994 2
1995 2
1996 2
1997 4
1998 3
1999 4
2000 3
2001 2
2002 5
2004 2
2006 2
2007 5
2008 1
2009 1
2010 4
2011 3
2012 6
2013 5
2014 4
2015 5
2016 4
2017 5
2018 5
2019 4
2020 6
2021 5
2022 6
2023 1
2024 3
2025 2
2026 5
2027 6
2028 8
2029 4
2030 7
2031 5
2032 4
2033 8
2034 5
2035 2
2036 6
2037 5
2038 1
2039 5
2040 6
2041 5
2042 3
2043 1
2044 5
2045 4
2047 2
2048 1
2050 7
2051 2
2052 4
2053 3
2054 1
2055 5
2056 4
2057 1
2058 2
2059 3
2060 8
2061 3
2062 2
2063 2
2064 2
2065 4
2066 4
2067 7
2068 5
2069 6
2070 3
2071 4
2072 9
2073 8
2074 3
2075 8
2076 9
2077 7
2078 6
2079 6
2080 9
2081 10
2082 8
2083 6
2084 2
2085 7
2086 2
2087 6
2088 6
2089 9
2090 5
2091 10
2092 6
2093 10
2094 3
2095 5
2096 3
2097 4
2098 4
2099 9
2100 8
2101 4
2102 8
2103 5
2104 6
2105 8
2106 3
2107 2
2108 8
2109 7
2110 6
2111 3
2112 4
2113 4
2114 10
2115 2
2116 3
2117 2
2118 5
2119 5
2120 4
2121 4
2122 1
2123 6
2124 7
2125 6
2126 1
2127 4
2129 2
2130 3
2131 2
2132 3
2133 2
2136 3
2137 2
2138 3
2139 1
2140 1
2141 3
2142 2
2143 3
2145 1
2147 2
2148 3
2149 1
2150 2
2151 1
2152 1
2153 3
2154 3
2155 6
2156 3
2157 1
2158 1
2159 2
2160 3
2161 1
2163 2
2165 2
2167 1
2169 2
2170 2
2172 2
2181 1
2182 1
2184 2
2185 2
2187 1
2188 3
2189 1
2190 1
2192 1
2194 1
2196 2
2197 1
2199 1
2200 2
2201 1
2205 2
2206 4
2208 1
2209 1
2210 3
2211 1
2212 2
2213 3
2214 2
2215 1
2216 1
2217 1
2219 2
2220 1
2221 4
2222 3
2224 3
2225 4
2226 2
2227 2
2228 1
2229 4
2230 3
2231 2
2232 2
2233 5
2234 2
2235 4
2236 3
2237 7
2238 4
2239 4
2240 2
2241 5
2242 5
2243 1
2244 3
2245 3
2246 2
2247 2
2248 1
2249 2
2250 4
2251 4
2253 2
2254 4
2255 5
2257 3
2258 1
2260 1
2261 4
2264 1
2265 2
2267 2
2268 2
2272 2
2274 3
2275 2
2276 1
2277 2
2278 1
2279 6
2283 1
2284 1
2285 1
2286 3
2287 3
2288 1
2289 2
2291 1
2292 1
2294 1
2295 1
2298 1
2301 2
2311 1
2316 1
2319 1
2326 1
2328 1
2329 1
2330 1
2332 1
2335 1
2337 1
2339 1
2340 1
2342 2
2345 1
2356 2
2366 1
2367 2
2368 1
2374 2
2376 2
2377 1
2382 1
2383 2
2385 3
2390 1
2391 1
2392 1
2393 1
2395 1
2397 2
2399 1
2417 1
2418 1
2420 1
2421 1
2422 1
2423 1
2424 1
2425 1
2426 1
2427 1
2431 2
2433 3
2436 2
2437 1
2438 1
2439 2
2460 1
2461 1
2462 2
2463 1
2466 1
2469 1
2470 2
2474 1
2476 2
2477 2
2478 2
2479 4
2480 4
2481 3
2482 2
2483 1
2484 1
2485 1
2486 2
2487 1
2488 2
2489 1
2490 1
2491 3
2492 1
2493 1
2497 1
2500 1
2505 2
2517 1
2521 1
2522 1
2524 1
2525 1
2531 1
2540 1
2546 1
2554 2
2555 2
2567 2
2569 1
2570 1
2575 1
2578 1
2590 1
2595 1
2645 1
2668 2
2694 1
2695 1
2699 1
2704 1
2706 1
2707 1
2715 1
2716 1
2720 1
2724 1
2727 1
2729 1
2732 1
2737 1
2738 1
2740 1
2741 2
2743 1
2746 2
2748 1
2753 1
2757 4
2760 1
2762 1
2763 1
2765 1
2766 1
2767 1
2768 1
2773 1
2778 1
2779 1
2780 1
2783 1
2785 1
2805 1
2813 1
2814 2
2816 1
2821 1
2828 1
2839 1
2841 1
2849 1
2851 1
2853 1
2854 1
2856 1
2857 2
2862 1
2866 1
2869 1
2874 1
2885 1
2903 1
2979 1
2981 2
2982 1
2991 1
2993 1
2997 1
2998 1
3001 1
3013 1
3019 1
3026 1
3027 1
3030 1
3033 3
3039 1
3043 1
3046 1
3048 1
3070 1
3073 1
3074 3
3075 1
3076 1
3077 1
3080 1
3081 2
3082 1
3083 1
3084 1
3087 1
3098 1
3115 1
3134 1
3165 1
3170 1
3185 1
3188 1
3190 1
3191 1
3193 1
3201 1
3202 1
3210 1
3228 1
3239 1
3248 1
3308 1
3318 1
3425 1
3494 1
3516 2
3519 1
3522 2
3532 1
3533 1
3534 1
3577 1
3580 1
3591 1
3598 1
3604 1
3611 1
3612 1
3683 1
3688 1
3699 1
3703 1
3713 1
3719 1
3722 1
3728 2
3730 1
3734 1
3741 1
3751 1
3819 1
3823 1
3833 1
3835 2
3836 1
3838 1
3840 1
3841 1
3889 1
3894 1
3901 1
3906 1
3951 1
4084 1
4099 1
4104 1
4113 1
4268 1
4288 1
4336 1
4377 1
4380 1
4384 1
4388 1
4391 1
4408 1
4409 1
4469 1
4492 1
4515 1
4571 1
4576 1
4582 1
4588 1
4620 1
4631 2
4632 1
4634 1
4637 1
4642 1
4649 1
4654 1
4664 1
4666 1
4668 1
4676 1
4751 1
4757 1
4760 1
4764 1
4770 2
4775 1
4776 1
4784 1
4785 1
4786 1
4788 1
4791 2
4795 1
4799 1
4802 1
4816 1
4821 1
4825 1
4827 1
4831 1
4835 1
4836 1
4837 1
4838 1
4840 1
4844 1
4848 3
4854 2
4861 1
4865 1
4920 1
4942 1
4980 1
5008 1
5150 1
5152 1
5158 1
5169 2
5183 1
5289 1
5317 1
5332 1
5333 1
5353 1
5642 1
5650 1
5665 1
5673 1
5795 1
5813 1
5823 1
5885 1
5969 1
5970 1
5981 1
5989 1
6022 1
6031 1
6087 1
6088 1
6091 1
6105 1
6111 1
6115 1
6123 1
6136 1
6144 1
6150 1
6170 1
6179 1
6316 1
6324 1
6542 1
6547 1
6986 1
6993 1
6994 1
7000 1
7002 1
7011 1
7165 1
7167 1
7170 2
7173 1
7180 1
7189 1
7195 1
7198 1
7206 1
7208 1
7222 1
7438 1
10001 17
