1 12953235
2 11653665
3 9022658
4 6923148
5 5484887
6 4570188
7 4002587
8 3643624
9 3391582
10 3144721
11 2854468
12 2534139
13 2208091
14 1882370
15 1590539
16 1348713
17 1153649
18 1013719
19 920262
20 861027
21 834172
22 821453
23 805162
24 788112
25 757062
26 716777
27 662603
28 596467
29 526838
30 456124
31 382793
32 316336
33 257706
34 212441
35 176651
36 147559
37 127347
38 113296
39 105100
40 101698
41 101298
42 105029
43 109337
44 115262
45 121795
46 128013
47 136944
48 145051
49 152779
50 161648
51 172298
52 181112
53 191253
54 202481
55 215561
56 228168
57 243860
58 257719
59 269233
60 281193
61 291151
62 298428
63 304030
64 309004
65 310728
66 310842
67 309812
68 307581
69 304382
70 301704
71 298852
72 296302
73 296425
74 295980
75 299083
76 302505
77 307970
78 315022
79 320845
80 325866
81 332130
82 336210
83 338616
84 342733
85 341332
86 340196
87 335392
88 328511
89 319504
90 306873
91 293952
92 279995
93 263089
94 247041
95 229356
96 212894
97 197535
98 181437
99 167367
100 154511
101 145479
102 136901
103 130718
104 126933
105 124169
106 123286
107 125722
108 128028
109 131373
110 136615
111 142704
112 148861
113 156005
114 162602
115 168546
116 174135
117 178724
118 181988
119 183956
120 185957
121 185623
122 184593
123 182769
124 178310
125 172600
126 165644
127 157588
128 148643
129 140106
130 130271
131 121165
132 111896
133 102306
134 92547
135 83080
136 74603
137 65761
138 57937
139 50642
140 44294
141 38571
142 33038
143 28457
144 24312
145 20851
146 18216
147 15279
148 13290
149 11746
150 11034
151 9886
152 9261
153 9489
154 9889
155 10656
156 11701
157 13191
158 14756
159 16874
160 19214
161 22022
162 25263
163 28816
164 32854
165 37007
166 42186
167 47251
168 52675
169 59404
170 65388
171 72817
172 80186
173 87812
174 95693
175 104624
176 112971
177 122351
178 130556
179 139801
180 148832
181 158367
182 167266
183 175816
184 185542
185 193876
186 202256
187 211218
188 218544
189 226223
190 232952
191 241348
192 246554
193 253160
194 257859
195 264021
196 268869
197 272413
198 276339
199 278699
200 280750
201 281926
202 283988
203 284506
204 284078
205 282417
206 282508
207 280357
208 279083
209 276355
210 275694
211 271358
212 268795
213 265187
214 261230
215 258327
216 254393
217 250829
218 246863
219 241821
220 238129
221 232516
222 228756
223 224218
224 219941
225 214193
226 210024
227 205233
228 200843
229 197252
230 191893
231 187686
232 183898
233 177945
234 173480
235 168867
236 163961
237 158588
238 153357
239 148839
240 143307
241 138995
242 132481
243 128073
244 122043
245 117057
246 112122
247 106781
248 101095
249 95748
250 90048
251 85378
252 79278
253 74923
254 70142
255 65374
256 60635
257 56528
258 52252
259 48426
260 44678
261 41425
262 37637
263 34295
264 31294
265 28391
266 25841
267 23562
268 21381
269 19679
270 18056
271 16192
272 14870
273 13670
274 12360
275 11199
276 10609
277 9671
278 9097
279 8563
280 7901
281 7512
282 7148
283 7025
284 6828
285 6621
286 6574
287 6484
288 6607
289 6532
290 6638
291 6623
292 6771
293 6866
294 6748
295 6833
296 6793
297 7054
298 7042
299 7088
300 7032
301 7058
302 7018
303 7046
304 7104
305 6940
306 6869
307 6634
308 6595
309 6438
310 6251
311 6023
312 6020
313 5624
314 5315
315 5327
316 5130
317 4805
318 4497
319 4369
320 4024
321 3888
322 3727
323 3451
324 3230
325 3070
326 2842
327 2665
328 2609
329 2252
330 2233
331 2077
332 1886
333 1823
334 1602
335 1497
336 1472
337 1374
338 1333
339 1321
340 1329
341 1241
342 1289
343 1234
344 1267
345 1180
346 1308
347 1193
348 1190
349 1245
350 1268
351 1312
352 1248
353 1316
354 1353
355 1386
356 1358
357 1445
358 1427
359 1463
360 1490
361 1490
362 1544
363 1627
364 1612
365 1702
366 1699
367 1677
368 1727
369 1737
370 1652
371 1793
372 1777
373 1685
374 1773
375 1716
376 1815
377 1796
378 1834
379 1960
380 1852
381 1906
382 1847
383 1854
384 1815
385 1788
386 1630
387 1759
388 1640
389 1622
390 1658
391 1585
392 1575
393 1479
394 1465
395 1452
396 1429
397 1374
398 1357
399 1246
400 1326
401 1264
402 1248
403 1236
404 1193
405 1204
406 1180
407 1155
408 1143
409 1124
410 1122
411 1095
412 1020
413 1042
414 1066
415 1009
416 990
417 982
418 968
419 949
420 957
421 981
422 948
423 861
424 913
425 876
426 908
427 836
428 894
429 850
430 863
431 872
432 810
433 773
434 772
435 813
436 830
437 794
438 747
439 742
440 771
441 786
442 799
443 812
444 788
445 798
446 752
447 786
448 757
449 735
450 703
451 817
452 748
453 742
454 803
455 752
456 757
457 763
458 773
459 712
460 694
461 753
462 656
463 693
464 614
465 617
466 619
467 645
468 584
469 623
470 565
471 575
472 552
473 543
474 535
475 556
476 533
477 498
478 487
479 503
480 469
481 467
482 412
483 468
484 456
485 375
486 371
487 395
488 453
489 425
490 342
491 368
492 356
493 320
494 305
495 299
496 276
497 281
498 276
499 270
500 266
501 258
502 235
503 244
504 221
505 229
506 248
507 228
508 209
509 194
510 231
511 179
512 191
513 199
514 158
515 166
516 158
517 160
518 133
519 150
520 134
521 151
522 149
523 130
524 140
525 133
526 136
527 122
528 131
529 135
530 124
531 127
532 134
533 124
534 144
535 123
536 121
537 115
538 114
539 104
540 117
541 107
542 126
543 119
544 100
545 91
546 106
547 117
548 100
549 94
550 97
551 96
552 82
553 75
554 87
555 82
556 69
557 88
558 94
559 98
560 97
561 76
562 72
563 82
564 85
565 83
566 86
567 98
568 95
569 88
570 84
571 79
572 104
573 93
574 91
575 105
576 84
577 88
578 89
579 92
580 97
581 116
582 98
583 121
584 107
585 121
586 130
587 116
588 96
589 112
590 102
591 127
592 126
593 123
594 135
595 128
596 124
597 121
598 154
599 143
600 148
601 149
602 154
603 175
604 168
605 154
606 172
607 191
608 184
609 187
610 168
611 187
612 191
613 174
614 172
615 176
616 188
617 191
618 166
619 163
620 186
621 168
622 165
623 165
624 145
625 178
626 172
627 162
628 167
629 132
630 149
631 121
632 121
633 118
634 135
635 130
636 111
637 112
638 106
639 114
640 121
641 109
642 116
643 109
644 107
645 101
646 108
647 98
648 94
649 106
650 96
651 112
652 98
653 108
654 91
655 99
656 112
657 116
658 82
659 107
660 95
661 108
662 106
663 118
664 99
665 121
666 140
667 128
668 117
669 120
670 119
671 122
672 138
673 122
674 112
675 104
676 147
677 120
678 118
679 113
680 113
681 132
682 135
683 119
684 117
685 120
686 130
687 109
688 126
689 119
690 139
691 123
692 119
693 119
694 131
695 114
696 117
697 131
698 136
699 110
700 112
701 99
702 108
703 118
704 124
705 135
706 119
707 131
708 124
709 148
710 106
711 125
712 140
713 130
714 118
715 148
716 126
717 106
718 137
719 133
720 158
721 120
722 149
723 154
724 140
725 139
726 126
727 138
728 150
729 162
730 152
731 153
732 138
733 154
734 156
735 154
736 133
737 127
738 134
739 130
740 133
741 149
742 122
743 123
744 129
745 138
746 138
747 116
748 119
749 127
750 128
751 134
752 106
753 123
754 115
755 101
756 126
757 121
758 125
759 134
760 127
761 130
762 129
763 115
764 128
765 127
766 102
767 119
768 105
769 134
770 121
771 115
772 105
773 111
774 116
775 84
776 94
777 88
778 96
779 84
780 89
781 99
782 89
783 98
784 95
785 97
786 94
787 103
788 99
789 80
790 87
791 93
792 101
793 111
794 79
795 94
796 100
797 100
798 67
799 80
800 74
801 78
802 75
803 71
804 108
805 93
806 91
807 83
808 94
809 75
810 75
811 73
812 74
813 66
814 68
815 69
816 63
817 69
818 57
819 59
820 55
821 66
822 66
823 55
824 59
825 58
826 52
827 51
828 53
829 51
830 35
831 47
832 54
833 52
834 47
835 44
836 43
837 55
838 45
839 41
840 41
841 54
842 50
843 52
844 55
845 56
846 51
847 45
848 47
849 52
850 54
851 54
852 46
853 53
854 53
855 45
856 57
857 36
858 35
859 48
860 42
861 38
862 33
863 49
864 37
865 42
866 34
867 42
868 21
869 31
870 34
871 34
872 35
873 30
874 27
875 27
876 20
877 22
878 24
879 13
880 29
881 21
882 27
883 21
884 26
885 33
886 28
887 40
888 31
889 24
890 40
891 28
892 22
893 19
894 22
895 22
896 22
897 31
898 23
899 20
900 21
901 27
902 21
903 16
904 18
905 25
906 19
907 33
908 27
909 17
910 20
911 23
912 21
913 27
914 19
915 28
916 23
917 19
918 25
919 26
920 19
921 24
922 30
923 20
924 24
925 33
926 39
927 32
928 28
929 21
930 28
931 17
932 25
933 30
934 24
935 24
936 24
937 21
938 28
939 26
940 29
941 37
942 33
943 35
944 40
945 35
946 41
947 49
948 47
949 51
950 35
951 37
952 46
953 54
954 49
955 44
956 48
957 40
958 53
959 54
960 50
961 42
962 54
963 66
964 60
965 71
966 65
967 56
968 59
969 57
970 53
971 37
972 51
973 50
974 63
975 48
976 57
977 59
978 70
979 56
980 66
981 67
982 49
983 63
984 49
985 70
986 78
987 69
988 72
989 69
990 72
991 83
992 70
993 76
994 80
995 67
996 86
997 77
998 88
999 70
1000 71
1001 86
1002 68
1003 68
1004 72
1005 87
1006 67
1007 76
1008 78
1009 64
1010 57
1011 67
1012 78
1013 41
1014 59
1015 63
1016 55
1017 58
1018 61
1019 68
1020 52
1021 52
1022 54
1023 40
1024 56
1025 54
1026 50
1027 42
1028 42
1029 43
1030 34
1031 54
1032 52
1033 51
1034 58
1035 30
1036 59
1037 50
1038 56
1039 55
1040 60
1041 44
1042 47
1043 53
1044 45
1045 43
1046 47
1047 27
1048 50
1049 38
1050 29
1051 32
1052 31
1053 19
1054 42
1055 29
1056 29
1057 40
1058 26
1059 29
1060 31
1061 35
1062 39
1063 34
1064 29
1065 24
1066 38
1067 25
1068 21
1069 35
1070 30
1071 38
1072 27
1073 36
1074 20
1075 47
1076 32
1077 48
1078 39
1079 25
1080 45
1081 40
1082 34
1083 33
1084 41
1085 30
1086 29
1087 42
1088 35
1089 39
1090 48
1091 33
1092 32
1093 28
1094 38
1095 29
1096 30
1097 26
1098 23
1099 29
1100 30
1101 25
1102 19
1103 23
1104 29
1105 30
1106 27
1107 26
1108 22
1109 25
1110 33
1111 22
1112 23
1113 22
1114 18
1115 26
1116 20
1117 26
1118 14
1119 24
1120 23
1121 12
1122 42
1123 25
1124 35
1125 32
1126 37
1127 21
1128 31
1129 24
1130 24
1131 24
1132 24
1133 15
1134 21
1135 26
1136 19
1137 19
1138 19
1139 22
1140 18
1141 18
1142 21
1143 19
1144 23
1145 14
1146 17
1147 18
1148 12
1149 17
1150 16
1151 17
1152 15
1153 11
1154 12
1155 24
1156 18
1157 26
1158 20
1159 25
1160 16
1161 17
1162 7
1163 15
1164 13
1165 15
1166 12
1167 10
1168 5
1169 6
1170 11
1171 14
1172 11
1173 13
1174 13
1175 14
1176 14
1177 10
1178 11
1179 12
1180 20
1181 9
1182 24
1183 9
1184 16
1185 12
1186 21
1187 14
1188 15
1189 16
1190 8
1191 9
1192 9
1193 10
1194 15
1195 10
1196 15
1197 12
1198 9
1199 9
1200 8
1201 18
1202 10
1203 15
1204 12
1205 12
1206 10
1207 16
1208 20
1209 7
1210 12
1211 10
1212 16
1213 11
1214 13
1215 12
1216 19
1217 17
1218 12
1219 10
1220 18
1221 15
1222 14
1223 20
1224 11
1225 20
1226 16
1227 14
1228 22
1229 21
1230 18
1231 22
1232 21
1233 18
1234 19
1235 17
1236 22
1237 17
1238 23
1239 29
1240 13
1241 22
1242 16
1243 27
1244 21
1245 16
1246 26
1247 19
1248 23
1249 19
1250 23
1251 18
1252 16
1253 18
1254 21
1255 23
1256 22
1257 27
1258 23
1259 18
1260 17
1261 20
1262 17
1263 14
1264 15
1265 13
1266 15
1267 10
1268 14
1269 13
1270 12
1271 24
1272 18
1273 15
1274 20
1275 12
1276 12
1277 16
1278 12
1279 13
1280 14
1281 9
1282 11
1283 12
1284 15
1285 12
1286 12
1287 6
1288 11
1289 17
1290 17
1291 12
1292 14
1293 13
1294 14
1295 10
1296 6
1297 9
1298 15
1299 11
1300 12
1301 17
1302 17
1303 7
1304 13
1305 13
1306 9
1307 7
1308 10
1309 11
1310 12
1311 11
1312 14
1313 10
1314 13
1315 8
1316 12
1317 10
1318 8
1319 3
1320 8
1321 13
1322 9
1323 3
1324 6
1325 12
1326 5
1327 8
1328 10
1329 8
1330 14
1331 7
1332 1
1333 7
1334 12
1335 13
1336 9
1337 6
1338 5
1339 3
1340 5
1341 5
1342 6
1343 2
1344 3
1345 7
1346 4
1347 6
1348 3
1349 6
1350 7
1351 10
1352 8
1353 7
1354 5
1355 8
1356 7
1357 4
1358 9
1359 7
1360 12
1361 9
1362 7
1363 5
1364 12
1365 10
1366 10
1367 9
1368 10
1369 5
1370 11
1371 15
1372 10
1373 15
1374 13
1375 17
1376 7
1377 17
1378 16
1379 13
1380 9
1381 11
1382 21
1383 14
1384 10
1385 19
1386 17
1387 15
1388 17
1389 14
1390 21
1391 20
1392 12
1393 17
1394 11
1395 14
1396 10
1397 20
1398 20
1399 11
1400 11
1401 7
1402 13
1403 8
1404 3
1405 15
1406 11
1407 9
1408 12
1409 9
1410 10
1411 14
1412 11
1413 9
1414 13
1415 12
1416 13
1417 12
1418 6
1419 12
1420 8
1421 7
1422 10
1423 13
1424 7
1425 4
1426 13
1427 2
1428 3
1429 9
1430 10
1431 10
1432 9
1433 2
1434 7
1435 13
1436 4
1437 6
1438 8
1439 8
1440 15
1441 9
1442 10
1443 7
1444 7
1445 9
1446 9
1447 8
1448 7
1449 6
1450 6
1451 7
1452 6
1453 13
1454 9
1455 10
1456 6
1457 6
1458 5
1459 11
1460 4
1461 12
1462 10
1463 3
1464 11
1465 7
1466 7
1467 6
1468 11
1469 5
1470 3
1471 8
1472 4
1473 9
1474 4
1475 8
1476 12
1477 4
1478 5
1479 8
1480 8
1481 9
1482 4
1483 7
1484 6
1485 7
1486 5
1487 8
1488 11
1489 12
1490 10
1491 14
1492 9
1493 11
1494 15
1495 14
1496 9
1497 10
1498 14
1499 12
1500 7
1501 11
1502 10
1503 16
1504 11
1505 14
1506 13
1507 13
1508 16
1509 9
1510 10
1511 17
1512 12
1513 10
1514 9
1515 13
1516 14
1517 19
1518 14
1519 10
1520 15
1521 14
1522 16
1523 22
1524 10
1525 13
1526 18
1527 15
1528 14
1529 18
1530 6
1531 17
1532 9
1533 15
1534 9
1535 14
1536 11
1537 10
1538 3
1539 4
1540 5
1541 7
1542 6
1543 11
1544 8
1545 11
1546 16
1547 8
1548 13
1549 5
1550 5
1551 9
1552 3
1553 6
1554 14
1555 4
1556 7
1557 6
1558 11
1559 13
1560 9
1561 9
1562 16
1563 6
1564 12
1565 11
1566 12
1567 11
1568 8
1569 9
1570 9
1571 13
1572 13
1573 16
1574 8
1575 12
1576 8
1577 9
1578 6
1579 10
1580 7
1581 4
1582 9
1583 8
1584 10
1585 6
1586 7
1587 12
1588 9
1589 7
1590 9
1591 10
1592 5
1593 8
1594 8
1595 4
1596 7
1597 10
1598 2
1599 6
1600 7
1601 2
1602 10
1603 5
1604 5
1605 5
1606 7
1607 4
1608 3
1609 8
1610 4
1611 3
1612 4
1613 5
1614 6
1615 3
1616 4
1617 3
1618 3
1619 5
1620 2
1621 5
1622 6
1623 3
1624 2
1625 4
1626 2
1627 1
1628 3
1629 5
1630 6
1631 1
1632 1
1633 4
1634 3
1635 2
1636 3
1637 1
1638 5
1639 2
1640 5
1641 4
1642 5
1643 2
1644 7
1645 6
1646 6
1647 3
1648 6
1649 5
1650 4
1651 1
1652 3
1653 2
1654 5
1655 7
1656 4
1657 5
1658 6
1659 3
1660 4
1661 2
1662 8
1663 3
1664 6
1665 2
1666 3
1667 4
1668 1
1669 4
1670 1
1671 3
1672 2
1673 3
1674 3
1675 2
1676 2
1677 3
1678 3
1679 4
1680 4
1681 6
1682 4
1683 4
1684 2
1685 4
1686 4
1687 2
1688 2
1689 1
1690 3
1691 1
1692 1
1693 2
1694 1
1695 1
1696 1
1697 2
1698 2
1701 6
1702 4
1703 3
1705 2
1706 4
1707 7
1709 4
1710 2
1711 8
1712 3
1713 4
1714 6
1715 4
1716 2
1717 1
1718 4
1719 1
1720 2
1721 2
1722 2
1723 4
1724 2
1725 3
1726 2
1727 2
1728 1
1729 1
1730 1
1732 1
1733 1
1735 3
1736 5
1737 2
1738 1
1739 2
1740 1
1741 5
1742 1
1744 3
1745 3
1747 1
1748 1
1749 3
1750 1
1751 4
1752 2
1753 4
1754 4
1755 2
1756 4
1757 4
1758 2
1759 1
1760 2
1761 3
1762 5
1763 1
1764 2
1765 3
1766 1
1767 6
1768 5
1769 1
1770 1
1772 1
1773 2
1774 2
1775 2
1776 3
1777 2
1778 3
1779 2
1780 4
1781 1
1782 3
1783 3
1784 1
1785 3
1786 2
1787 5
1788 2
1789 3
1790 3
1791 3
1792 3
1793 1
1794 4
1795 6
1796 1
1797 2
1798 3
1799 6
1801 3
1802 7
1803 3
1804 3
1805 2
1806 6
1809 1
1810 2
1811 3
1812 2
1813 3
1814 1
1815 3
1816 2
1820 4
1821 2
1823 3
1824 4
1825 5
1826 2
1827 3
1828 2
1829 3
1830 2
1831 3
1832 2
1833 5
1834 2
1835 4
1836 2
1837 3
1838 5
1839 4
1840 5
1841 1
1842 4
1843 1
1844 2
1845 5
1846 5
1847 3
1849 3
1850 4
1851 4
1852 4
1854 2
1855 2
1856 3
1857 5
1858 6
1859 2
1860 3
1861 3
1862 1
1863 6
1864 4
1865 3
1866 3
1867 1
1868 3
1869 3
1871 3
1872 1
1873 1
1875 1
1876 4
1877 2
1878 1
1879 1
1883 2
1884 1
1885 2
1887 1
1888 2
1889 3
1890 2
1892 1
1893 2
1894 1
1895 2
1897 1
1899 1
1900 2
1901 2
1902 1
1903 1
1904 2
1905 1
1906 2
1908 1
1909 2
1910 1
1911 2
1912 2
1913 2
1914 1
1915 2
1916 4
1917 8
1918 2
1919 6
1920 4
1921 1
1922 3
1923 7
1924 2
1925 2
1926 2
1927 3
1928 5
1929 1
1930 1
1932 3
1933 1
1934 4
1936 1
1937 2
1938 3
1939 4
1940 3
1941 3
1942 2
1943 1
1945 3
1946 2
1947 3
1948 2
1949 1
1950 1
1951 3
1952 5
1953 3
1954 4
1956 2
1957 4
1958 4
1959 4
1960 1
1961 3
1962 3
1963 1
1964 1
1967 2
1968 3
1969 2
1973 1
1974 1
1975 2
1976 1
1978 3
1979 1
1980 1
1982 1
1983 6
1984 2
1985 2
1986 3
1987 3
1988 5
1989 1
1990 3
1991 3
1992 1
1994 1
1997 1
1998 5
1999 1
2000 4
2001 2
2002 2
2003 1
2004 2
2006 1
2007 1
2008 2
2010 1
2011 1
2012 2
2013 1
2015 1
2016 4
2017 3
2018 2
2021 2
2026 1
2027 1
2028 3
2030 1
2033 1
2034 3
2035 1
2036 2
2039 2
2040 3
2041 3
2042 3
2043 5
2044 2
2045 3
2046 5
2047 2
2048 3
2049 2
2050 3
2051 3
2052 2
2053 1
2054 4
2055 4
2056 1
2057 1
2058 4
2059 3
2060 2
2061 1
2062 2
2063 1
2064 1
2065 5
2066 1
2067 3
2068 3
2069 2
2070 4
2071 2
2072 3
2073 1
2074 2
2076 1
2077 2
2078 3
2081 1
2082 1
2083 3
2085 5
2086 1
2087 4
2088 4
2089 4
2091 1
2092 2
2093 3
2094 3
2095 4
2096 3
2097 4
2098 1
2099 7
2100 3
2102 4
2103 1
2104 2
2105 4
2107 6
2108 1
2109 2
2110 2
2111 2
2112 2
2113 2
2114 2
2115 1
2117 1
2119 2
2120 1
2121 1
2122 1
2123 1
2124 1
2125 1
2127 1
2128 1
2133 1
2134 2
2138 2
2139 3
2140 1
2141 1
2142 1
2143 2
2144 2
2145 2
2146 1
2149 2
2150 3
2151 2
2152 1
2153 2
2154 3
2155 4
2156 2
2157 1
2158 2
2160 3
2161 3
2162 1
2163 1
2164 3
2165 3
2166 4
2167 2
2168 2
2169 3
2170 1
2172 2
2173 1
2174 1
2175 1
2177 2
2178 1
2179 2
2180 1
2181 2
2182 3
2183 2
2184 2
2185 2
2186 2
2187 1
2188 4
2189 1
2190 4
2191 3
2192 4
2193 3
2194 2
2196 6
2197 3
2198 5
2199 2
2200 2
2201 3
2202 4
2203 1
2204 2
2205 5
2206 6
2207 5
2208 4
2209 6
2210 4
2211 1
2212 2
2213 5
2214 1
2215 4
2216 10
2217 1
2218 3
2219 4
2220 4
2221 3
2222 1
2223 4
2224 2
2225 4
2226 1
2227 1
2228 3
2229 2
2230 4
2231 3
2232 3
2234 3
2235 1
2236 1
2237 4
2239 2
2240 2
2241 2
2242 3
2243 2
2244 4
2245 5
2246 4
2247 3
2248 7
2249 4
2250 2
2251 1
2252 2
2253 5
2254 1
2255 1
2256 2
2257 1
2258 5
2259 3
2260 3
2261 1
2262 2
2263 3
2264 3
2265 1
2266 3
2267 4
2268 9
2269 2
2270 2
2271 2
2272 4
2273 1
2274 4
2276 3
2277 4
2278 4
2279 1
2280 2
2281 2
2282 2
2283 2
2284 4
2285 6
2286 1
2287 4
2288 4
2289 3
2290 2
2291 2
2292 1
2293 1
2294 2
2295 1
2296 4
2297 2
2298 4
2299 5
2300 2
2301 2
2302 1
2303 1
2304 2
2305 1
2306 3
2307 5
2308 2
2309 5
2311 1
2312 1
2313 1
2314 2
2315 1
2316 4
2317 1
2319 3
2320 1
2321 2
2322 2
2323 3
2324 2
2326 3
2327 1
2328 4
2329 6
2330 5
2331 2
2332 1
2333 5
2334 5
2335 5
2336 2
2337 2
2338 3
2339 4
2340 4
2341 1
2342 2
2343 1
2344 2
2346 1
2347 1
2348 2
2350 1
2351 2
2352 1
2355 1
2356 2
2357 1
2358 4
2359 2
2360 1
2361 1
2362 2
2364 1
2365 1
2366 1
2367 1
2368 1
2369 2
2370 1
2371 1
2373 4
2374 2
2375 1
2376 1
2380 3
2381 1
2382 1
2383 2
2385 1
2388 3
2389 1
2390 1
2393 1
2400 1
2402 2
2403 3
2404 2
2405 1
2406 1
2407 1
2408 2
2409 1
2410 4
2411 2
2412 2
2413 4
2414 3
2416 1
2417 2
2418 2
2419 1
2420 1
2421 1
2422 3
2423 2
2425 3
2426 4
2427 2
2429 2
2430 2
2431 2
2433 2
2434 2
2436 1
2437 1
2438 1
2440 1
2442 1
2444 3
2445 3
2446 1
2447 1
2451 2
2454 2
2455 1
2456 1
2457 1
2458 2
2459 3
2460 3
2461 1
2462 2
2463 2
2464 2
2465 3
2466 2
2468 1
2469 3
2470 2
2472 3
2476 2
2477 2
2479 2
2480 1
2481 2
2482 3
2483 1
2484 2
2485 2
2486 3
2487 3
2488 1
2489 6
2490 2
2491 1
2492 1
2493 3
2494 1
2495 1
2496 2
2497 2
2499 2
2500 2
2501 1
2502 1
2504 1
2505 4
2506 3
2507 1
2509 2
2510 2
2511 2
2512 2
2513 2
2514 1
2515 1
2516 3
2517 1
2518 2
2519 1
2520 1
2521 2
2522 1
2523 4
2524 1
2527 2
2528 1
2529 2
2530 2
2531 1
2532 1
2534 2
2535 2
2537 2
2538 5
2539 2
2540 2
2541 2
2543 2
2544 2
2545 2
2546 3
2547 1
2548 4
2549 1
2550 4
2551 2
2552 2
2553 2
2554 3
2555 3
2556 3
2557 3
2558 1
2559 5
2560 5
2561 5
2562 4
2563 5
2564 4
2565 2
2566 2
2567 6
2568 5
2569 5
2570 2
2571 3
2572 4
2573 3
2574 2
2575 4
2576 3
2577 2
2578 2
2579 2
2580 1
2581 3
2582 1
2583 2
2584 2
2585 1
2586 1
2587 2
2588 2
2589 2
2590 2
2591 2
2592 5
2593 2
2594 1
2596 2
2597 2
2598 1
2599 3
2600 4
2601 1
2602 4
2603 7
2604 1
2605 3
2606 6
2607 5
2608 5
2609 5
2610 3
2612 2
2613 3
2614 1
2615 2
2616 1
2619 4
2620 1
2621 3
2622 2
2623 6
2624 1
2625 1
2626 3
2627 1
2628 2
2631 5
2634 6
2635 1
2636 1
2637 2
2638 1
2639 1
2640 1
2641 1
2642 1
2646 1
2648 2
2649 4
2650 1
2651 3
2652 3
2653 1
2654 1
2656 4
2657 3
2658 2
2659 1
2660 3
2661 1
2662 3
2663 1
2664 8
2665 2
2666 3
2667 3
2668 6
2669 4
2670 2
2671 4
2672 2
2673 3
2674 5
2675 3
2676 3
2677 2
2679 1
2682 3
2683 2
2684 4
2685 2
2686 3
2687 1
2688 1
2689 1
2690 2
2691 3
2693 3
2694 1
2695 3
2696 2
2697 1
2698 3
2699 2
2700 2
2701 5
2702 5
2703 2
2704 2
2705 2
2706 4
2707 3
2708 2
2709 5
2710 4
2711 4
2712 1
2713 4
2714 4
2715 5
2716 7
2717 7
2718 4
2719 3
2720 3
2721 5
2722 3
2723 2
2724 3
2725 1
2726 2
2727 3
2728 5
2729 4
2730 1
2731 1
2732 8
2733 2
2734 1
2735 2
2736 3
2737 2
2738 4
2739 2
2740 3
2741 4
2742 4
2743 6
2744 1
2745 2
2747 2
2748 5
2750 2
2751 4
2752 2
2753 9
2754 4
2756 8
2757 2
2758 2
2759 8
2760 6
2761 2
2762 4
2763 7
2764 3
2765 5
2766 2
2767 1
2768 6
2769 4
2770 4
2771 3
2772 4
2773 4
2774 2
2775 7
2776 8
2777 7
2778 2
2779 5
2780 5
2781 11
2782 10
2783 9
2784 4
2785 4
2786 10
2787 4
2788 13
2789 8
2790 4
2791 5
2792 9
2793 9
2794 8
2795 10
2796 10
2797 5
2798 9
2799 7
2800 7
2801 4
2802 6
2803 9
2804 7
2805 2
2806 6
2807 8
2808 14
2809 4
2810 7
2811 10
2812 10
2813 10
2814 13
2815 8
2816 6
2817 6
2818 4
2819 9
2820 9
2821 8
2822 6
2823 5
2824 6
2825 4
2826 4
2827 5
2828 5
2829 4
2830 2
2831 2
2832 2
2833 4
2834 8
2835 3
2836 2
2838 2
2839 1
2840 2
2841 2
2842 5
2844 1
2845 1
2846 4
2847 1
2848 4
2849 4
2850 1
2851 2
2853 3
2854 1
2855 1
2856 2
2858 3
2859 1
2860 2
2861 1
2862 1
2863 1
2865 1
2866 1
2867 1
2868 1
2870 3
2877 1
2880 1
2882 2
2883 1
2884 2
2887 1
2888 2
2892 2
2894 1
2895 1
2896 1
2897 2
2900 1
2901 2
2905 1
2906 1
2910 1
2917 1
2919 1
2922 2
2929 1
2930 1
2933 1
2937 1
2939 1
2941 1
2949 1
2950 1
2953 1
2955 1
2956 1
2957 1
2958 1
2961 2
2962 1
2966 1
2969 1
2973 1
2978 1
2986 1
2992 3
2993 1
2999 1
3003 1
3005 1
3006 1
3007 1
3008 1
3009 1
3011 2
3017 1
3018 1
3019 1
3021 1
3022 1
3023 2
3024 1
3026 3
3028 1
3029 1
3032 2
3033 1
3034 1
3037 2
3040 2
3043 4
3044 3
3046 4
3048 1
3049 2
3050 1
3051 3
3052 3
3053 1
3054 3
3055 4
3056 2
3057 2
3059 3
3060 3
3061 4
3062 3
3063 4
3064 1
3067 2
3068 1
3069 2
3070 3
3071 1
3072 1
3073 2
3075 1
3076 1
3077 2
3078 2
3079 2
3080 1
3081 1
3082 1
3083 3
3084 3
3085 3
3086 2
3087 1
3088 3
3089 1
3090 1
3092 2
3094 2
3095 2
3099 1
3101 2
3102 2
3104 2
3105 1
3107 1
3108 3
3109 1
3110 2
3111 2
3112 1
3113 1
3114 1
3116 2
3117 2
3120 1
3121 1
3122 1
3123 1
3124 1
3126 1
3127 2
3129 1
3130 1
3131 1
3132 3
3133 2
3134 1
3136 1
3137 2
3141 2
3143 2
3144 1
3145 1
3146 1
3147 1
3148 1
3151 1
3154 1
3155 2
3157 2
3158 2
3159 1
3164 3
3168 2
3169 2
3170 1
3171 1
3177 2
3180 1
3194 1
3203 1
3206 1
3214 1
3220 2
3226 1
3227 1
3229 1
3230 1
3234 2
3235 1
3236 1
3237 2
3239 1
3242 1
3244 1
3245 1
3246 1
3249 1
3250 1
3254 1
3272 1
3294 1
3295 2
3300 1
3301 1
3305 1
3307 2
3308 1
3309 1
3311 1
3316 2
3322 1
3328 1
3329 1
3332 2
3334 1
3337 2
3338 1
3339 3
3342 1
3345 1
3346 3
3348 3
3349 1
3350 1
3351 1
3352 1
3353 1
3355 2
3356 1
3357 2
3359 1
3360 1
3361 1
3362 1
3363 1
3364 1
3365 1
3366 1
3367 2
3371 1
3373 2
3377 4
3378 1
3385 1
3412 1
3435 1
3450 1
3452 1
3453 1
3461 1
3469 1
3473 1
3474 1
3475 1
3478 1
3486 1
3489 2
3490 1
3498 1
3504 1
3513 1
3519 1
3529 1
3532 1
3533 1
3537 1
3540 1
3562 1
3577 1
3595 1
3607 1
3615 2
3618 1
3630 1
3637 1
3654 1
3663 1
3670 1
3674 2
3677 1
3679 1
3699 1
3703 1
3704 1
3705 1
3712 1
3713 1
3715 2
3716 1
3719 1
3726 1
3732 1
3747 1
3759 1
3760 1
3780 1
3786 1
3793 1
3801 1
3809 1
3820 2
3821 2
3823 1
3825 1
3834 1
3841 1
3842 1
3843 1
3848 1
3854 1
3858 1
3861 1
3863 1
3864 1
3865 1
3866 1
3867 2
3871 1
3875 1
3880 1
3887 1
3937 1
3945 2
3946 1
3949 1
3956 2
3958 1
3961 1
3963 1
3974 1
3977 1
3979 1
3988 1
3996 1
4004 1
4009 1
4017 1
4021 1
4023 1
4031 1
4061 1
4066 1
4069 1
4071 1
4097 1
4160 1
4162 1
4166 1
4172 1
4173 1
4179 1
4187 1
4189 1
4190 1
4192 1
4194 1
4195 1
4196 2
4201 1
4202 1
4208 1
4212 1
4236 1
4317 1
4324 1
4355 1
4357 1
4369 1
4373 2
4378 1
4383 1
4387 1
4404 1
4413 1
4415 1
4489 1
4655 1
4738 1
4740 1
4744 1
4745 2
4749 1
4753 1
4755 1
4765 1
4767 1
4768 1
4774 1
4777 1
4939 1
4945 1
4963 1
4984 1
4992 1
4993 1
4999 1
5009 1
5013 1
5014 1
5023 1
5032 1
5036 1
5038 1
5060 1
5159 1
5161 1
5167 2
5168 1
5175 1
5177 2
5184 1
5193 1
5198 1
5367 1
5385 1
5390 1
5409 1
5422 3
5447 1
5664 1
5706 1
5766 1
5773 1
5779 1
5781 2
5788 1
5790 1
5901 1
5924 1
5983 1
6012 1
6025 1
6054 1
6066 1
6109 1
6127 1
6237 1
6267 1
6275 1
6278 1
6283 1
6284 1
6290 1
6304 1
6316 1
6317 1
6379 1
6389 1
6395 1
6396 1
6403 1
6404 1
6418 1
6437 1
6439 1
6441 1
6447 2
6455 1
6468 1
6472 2
6475 2
6476 2
6477 1
6479 1
6481 2
6489 1
6496 1
6499 1
6500 1
6502 1
6504 1
6515 2
6522 1
6525 1
6527 1
6563 1
6646 1
6653 1
6659 1
6719 1
6735 1
6937 1
6942 1
6943 1
6957 1
6971 1
7015 1
7044 1
7124 1
7165 2
7185 1
7495 1
7649 1
7657 1
7661 1
7777 1
7806 1
7808 1
7901 1
7903 1
7907 1
7986 1
8006 1
8030 1
8062 1
8238 1
8269 1
8274 1
8280 1
8281 2
8284 1
8291 1
8297 1
8302 1
8308 1
8338 1
8533 1
8534 1
8810 1
8811 1
9505 1
9506 1
9510 1
9532 1
9539 1
9547 1
9770 1
9841 1
9851 1
9852 1
9856 2
9863 2
9868 1
9871 2
9890 1
9941 1
10001 17
