1 22502979
2 11927944
3 7140453
4 4130533
5 2386870
6 1545626
7 1210127
8 1079610
9 992253
10 882984
11 738664
12 593999
13 476796
14 380999
15 326873
16 315723
17 335818
18 379849
19 438379
20 502695
21 564079
22 619772
23 661660
24 687513
25 702681
26 704091
27 692851
28 671800
29 646329
30 616124
31 584854
32 556206
33 531368
34 510458
35 498420
36 488856
37 482184
38 475883
39 474296
40 467470
41 460504
42 448755
43 432143
44 410275
45 387390
46 360373
47 331869
48 301126
49 269549
50 238801
51 210329
52 185452
53 162499
54 145954
55 132678
56 122203
57 116356
58 112737
59 110868
60 111439
61 114044
62 116049
63 117676
64 120372
65 122097
66 122508
67 122968
68 121514
69 119839
70 118337
71 115648
72 112689
73 111245
74 109709
75 109085
76 108848
77 111441
78 113464
79 116362
80 120677
81 124206
82 128916
83 134212
84 139330
85 143727
86 147175
87 148216
88 149238
89 149683
90 148711
91 147437
92 143961
93 140365
94 137952
95 133156
96 129360
97 125457
98 121549
99 117700
100 114911
101 113098
102 113148
103 113472
104 114249
105 116380
106 119696
107 122941
108 126181
109 129845
110 133825
111 137124
112 140825
113 142588
114 144634
115 145894
116 146046
117 144957
118 142316
119 139197
120 136264
121 130728
122 124813
123 119251
124 112610
125 105131
126 97934
127 90208
128 83180
129 75178
130 68069
131 61031
132 54276
133 48227
134 42382
135 36372
136 31828
137 27204
138 23147
139 19675
140 16445
141 13934
142 11548
143 9756
144 8282
145 6609
146 5529
147 4485
148 3808
149 3084
150 2497
151 2109
152 1827
153 1642
154 1333
155 1253
156 1093
157 1052
158 928
159 898
160 873
161 763
162 806
163 834
164 808
165 862
166 845
167 874
168 852
169 922
170 870
171 898
172 921
173 885
174 941
175 968
176 958
177 938
178 828
179 976
180 915
181 817
182 894
183 834
184 825
185 768
186 804
187 798
188 715
189 705
190 700
191 660
192 638
193 593
194 556
195 539
196 509
197 438
198 484
199 440
200 468
201 404
202 345
203 354
204 331
205 326
206 325
207 263
208 312
209 288
210 299
211 261
212 297
213 293
214 310
215 316
216 309
217 321
218 292
219 316
220 342
221 361
222 350
223 398
224 359
225 351
226 346
227 385
228 369
229 363
230 334
231 430
232 413
233 418
234 411
235 373
236 379
237 405
238 407
239 405
240 404
241 395
242 399
243 434
244 455
245 422
246 467
247 462
248 451
249 439
250 421
251 385
252 396
253 393
254 364
255 370
256 402
257 379
258 372
259 355
260 362
261 345
262 303
263 295
264 256
265 294
266 254
267 296
268 281
269 245
270 268
271 246
272 269
273 290
274 262
275 226
276 232
277 233
278 189
279 145
280 176
281 162
282 156
283 158
284 172
285 140
286 149
287 151
288 103
289 94
290 86
291 77
292 81
293 77
294 64
295 77
296 59
297 69
298 86
299 74
300 83
301 79
302 84
303 75
304 76
305 63
306 59
307 71
308 77
309 75
310 68
311 86
312 78
313 89
314 74
315 93
316 90
317 84
318 79
319 93
320 112
321 109
322 125
323 122
324 132
325 134
326 146
327 130
328 174
329 176
330 146
331 175
332 157
333 170
334 180
335 165
336 156
337 154
338 164
339 170
340 175
341 173
342 208
343 184
344 184
345 201
346 208
347 183
348 187
349 161
350 170
351 161
352 184
353 141
354 140
355 144
356 153
357 150
358 159
359 147
360 136
361 141
362 138
363 120
364 130
365 140
366 140
367 130
368 157
369 159
370 161
371 154
372 137
373 152
374 171
375 154
376 139
377 159
378 155
379 157
380 152
381 129
382 157
383 146
384 147
385 121
386 145
387 139
388 142
389 120
390 155
391 132
392 136
393 97
394 103
395 107
396 94
397 75
398 86
399 86
400 80
401 80
402 74
403 63
404 88
405 61
406 78
407 80
408 86
409 76
410 64
411 62
412 61
413 82
414 68
415 52
416 43
417 53
418 43
419 26
420 39
421 36
422 33
423 37
424 30
425 26
426 28
427 34
428 21
429 24
430 24
431 28
432 19
433 25
434 25
435 24
436 29
437 13
438 25
439 16
440 21
441 23
442 16
443 21
444 22
445 19
446 26
447 26
448 32
449 22
450 29
451 39
452 29
453 45
454 35
455 42
456 43
457 29
458 41
459 26
460 34
461 32
462 37
463 29
464 31
465 48
466 35
467 43
468 36
469 37
470 31
471 41
472 35
473 31
474 31
475 36
476 34
477 37
478 35
479 27
480 41
481 35
482 40
483 35
484 33
485 37
486 35
487 48
488 40
489 40
490 46
491 32
492 36
493 34
494 25
495 29
496 27
497 26
498 24
499 26
500 25
501 31
502 24
503 29
504 25
505 28
506 30
507 24
508 22
509 7
510 22
511 19
512 12
513 27
514 20
515 13
516 21
517 22
518 29
519 21
520 26
521 23
522 19
523 20
524 18
525 12
526 22
527 27
528 20
529 13
530 21
531 21
532 31
533 27
534 29
535 32
536 34
537 48
538 61
539 60
540 58
541 69
542 116
543 119
544 119
545 158
546 158
547 156
548 209
549 221
550 247
551 299
552 366
553 373
554 470
555 481
556 575
557 592
558 672
559 743
560 832
561 979
562 1048
563 1201
564 1315
565 1365
566 1661
567 1769
568 1928
569 2204
570 2391
571 2584
572 2800
573 3193
574 3322
575 3710
576 4003
577 4465
578 4747
579 5274
580 5648
581 6197
582 6605
583 7142
584 7616
585 8122
586 8561
587 9272
588 9993
589 10827
590 11462
591 12005
592 12652
593 13481
594 14203
595 15206
596 15915
597 16628
598 17527
599 18399
600 19206
601 20065
602 21195
603 21933
604 22529
605 23552
606 24577
607 25102
608 26317
609 27121
610 28059
611 29078
612 29831
613 30709
614 31347
615 32032
616 32710
617 33710
618 34663
619 35188
620 35777
621 36396
622 37046
623 38064
624 38238
625 38839
626 39436
627 39872
628 40176
629 40691
630 41355
631 41797
632 41955
633 42269
634 42481
635 43280
636 43378
637 43775
638 44234
639 44435
640 44815
641 45205
642 45147
643 45782
644 46436
645 45881
646 46673
647 46946
648 47654
649 47809
650 48243
651 48460
652 49184
653 49198
654 49962
655 50118
656 50419
657 51300
658 51623
659 51928
660 52558
661 53343
662 53259
663 53835
664 54811
665 55044
666 55187
667 55880
668 55900
669 56921
670 56847
671 57530
672 57909
673 57496
674 57973
675 57717
676 58237
677 57960
678 58025
679 58252
680 58028
681 57863
682 57705
683 57455
684 56900
685 56423
686 56071
687 55370
688 55562
689 54738
690 54159
691 53071
692 52384
693 51745
694 50709
695 49308
696 49017
697 47744
698 46672
699 45574
700 44529
701 43612
702 42826
703 41609
704 40185
705 38685
706 37721
707 36419
708 35454
709 33732
710 32754
711 31156
712 30119
713 28643
714 27571
715 26320
716 24811
717 23949
718 22481
719 21388
720 20687
721 19301
722 18309
723 17481
724 16415
725 15706
726 14777
727 13669
728 13055
729 12229
730 11487
731 10580
732 9847
733 9252
734 8540
735 7950
736 7351
737 6763
738 6400
739 5874
740 5477
741 5000
742 4607
743 4266
744 3982
745 3629
746 3334
747 3120
748 2858
749 2661
750 2268
751 1999
752 1915
753 1707
754 1573
755 1339
756 1231
757 1101
758 959
759 937
760 829
761 751
762 668
763 560
764 493
765 463
766 389
767 373
768 325
769 313
770 277
771 266
772 206
773 206
774 181
775 171
776 149
777 134
778 147
779 106
780 114
781 100
782 94
783 86
784 65
785 58
786 51
787 50
788 44
789 33
790 41
791 30
792 38
793 30
794 34
795 26
796 34
797 30
798 31
799 39
800 22
801 30
802 28
803 32
804 27
805 38
806 36
807 29
808 36
809 35
810 35
811 50
812 27
813 42
814 33
815 21
816 20
817 32
818 26
819 28
820 24
821 24
822 29
823 22
824 25
825 20
826 22
827 18
828 18
829 17
830 22
831 23
832 17
833 26
834 17
835 23
836 22
837 23
838 24
839 30
840 10
841 22
842 20
843 19
844 26
845 14
846 15
847 13
848 17
849 23
850 22
851 14
852 22
853 16
854 14
855 19
856 20
857 23
858 10
859 14
860 13
861 13
862 16
863 9
864 17
865 15
866 11
867 12
868 18
869 14
870 22
871 21
872 14
873 15
874 22
875 30
876 29
877 31
878 27
879 38
880 34
881 29
882 18
883 30
884 30
885 25
886 28
887 24
888 24
889 29
890 29
891 26
892 20
893 29
894 24
895 31
896 31
897 19
898 16
899 20
900 30
901 16
902 23
903 25
904 17
905 14
906 18
907 19
908 19
909 22
910 23
911 20
912 13
913 20
914 27
915 22
916 25
917 22
918 12
919 26
920 17
921 16
922 11
923 21
924 25
925 11
926 18
927 9
928 20
929 10
930 12
931 13
932 11
933 13
934 20
935 16
936 13
937 11
938 12
939 17
940 7
941 22
942 10
943 15
944 14
945 10
946 11
947 16
948 14
949 15
950 21
951 11
952 22
953 15
954 19
955 13
956 14
957 14
958 12
959 11
960 8
961 10
962 5
963 6
964 9
965 7
966 14
967 15
968 7
969 7
970 7
971 11
972 12
973 8
974 2
975 4
976 4
977 4
978 3
979 3
980 6
981 5
982 7
983 8
984 4
985 1
986 1
987 5
988 3
989 6
990 3
991 7
992 1
993 4
994 3
995 4
996 3
997 5
998 4
999 3
1000 5
1001 5
1002 2
1003 1
1004 5
1005 4
1006 9
1007 6
1008 10
1009 7
1010 7
1011 8
1012 7
1013 8
1014 6
1015 4
1016 11
1017 10
1018 11
1019 11
1020 8
1021 8
1022 7
1023 9
1024 7
1025 5
1026 2
1027 12
1028 8
1029 7
1030 5
1031 7
1032 8
1033 9
1034 4
1035 9
1036 4
1037 4
1038 10
1039 5
1040 8
1041 7
1042 8
1043 3
1044 7
1045 8
1046 5
1047 7
1048 7
1049 4
1050 8
1051 9
1052 10
1053 6
1054 10
1055 8
1056 8
1057 3
1058 3
1059 13
1060 4
1061 8
1062 4
1063 7
1064 7
1065 10
1066 9
1067 5
1068 3
1069 4
1070 7
1071 4
1072 6
1073 3
1074 5
1075 7
1076 10
1077 9
1078 6
1079 6
1080 14
1081 7
1082 8
1083 5
1084 16
1085 8
1086 7
1087 3
1088 4
1089 5
1090 5
1091 6
1092 5
1093 4
1094 7
1095 3
1096 8
1097 2
1098 4
1099 1
1100 5
1101 3
1102 6
1103 2
1104 1
1105 6
1106 4
1107 6
1108 7
1109 5
1110 4
1111 8
1112 2
1113 5
1114 7
1115 7
1116 5
1117 7
1118 5
1119 5
1120 6
1121 3
1122 3
1123 3
1124 2
1125 2
1126 1
1127 2
1128 3
1129 1
1130 1
1131 6
1132 2
1133 3
1134 1
1135 2
1136 3
1137 2
1138 1
1139 1
1140 4
1141 1
1142 3
1143 2
1144 3
1145 5
1146 4
1147 7
1148 2
1149 4
1150 1
1151 5
1152 3
1153 9
1154 4
1155 7
1156 4
1157 4
1158 9
1159 8
1160 4
1161 10
1162 7
1163 11
1164 10
1165 19
1166 21
1167 15
1168 16
1169 15
1170 18
1171 17
1172 16
1173 16
1174 16
1175 13
1176 22
1177 20
1178 19
1179 15
1180 18
1181 17
1182 19
1183 30
1184 22
1185 24
1186 24
1187 29
1188 28
1189 18
1190 39
1191 32
1192 40
1193 30
1194 43
1195 43
1196 45
1197 41
1198 53
1199 37
1200 44
1201 61
1202 48
1203 43
1204 51
1205 68
1206 58
1207 62
1208 54
1209 82
1210 81
1211 68
1212 75
1213 73
1214 78
1215 73
1216 85
1217 85
1218 119
1219 89
1220 108
1221 102
1222 90
1223 106
1224 106
1225 135
1226 123
1227 118
1228 136
1229 112
1230 131
1231 129
1232 112
1233 138
1234 142
1235 133
1236 135
1237 139
1238 139
1239 166
1240 149
1241 152
1242 154
1243 139
1244 162
1245 145
1246 184
1247 183
1248 166
1249 167
1250 199
1251 180
1252 168
1253 201
1254 158
1255 173
1256 167
1257 154
1258 186
1259 151
1260 173
1261 174
1262 182
1263 179
1264 161
1265 162
1266 187
1267 177
1268 179
1269 143
1270 185
1271 179
1272 193
1273 173
1274 142
1275 165
1276 182
1277 160
1278 160
1279 163
1280 138
1281 164
1282 173
1283 169
1284 168
1285 139
1286 131
1287 164
1288 152
1289 153
1290 128
1291 140
1292 154
1293 132
1294 138
1295 97
1296 131
1297 127
1298 137
1299 123
1300 110
1301 117
1302 121
1303 132
1304 131
1305 125
1306 123
1307 119
1308 123
1309 103
1310 134
1311 123
1312 121
1313 103
1314 120
1315 135
1316 119
1317 118
1318 120
1319 115
1320 136
1321 128
1322 125
1323 112
1324 116
1325 127
1326 123
1327 112
1328 132
1329 111
1330 134
1331 122
1332 105
1333 142
1334 133
1335 121
1336 147
1337 125
1338 154
1339 138
1340 144
1341 143
1342 156
1343 160
1344 163
1345 153
1346 159
1347 141
1348 165
1349 173
1350 173
1351 168
1352 171
1353 193
1354 171
1355 169
1356 164
1357 141
1358 144
1359 179
1360 164
1361 133
1362 155
1363 166
1364 150
1365 174
1366 181
1367 188
1368 171
1369 172
1370 188
1371 166
1372 170
1373 180
1374 197
1375 139
1376 179
1377 179
1378 198
1379 180
1380 170
1381 178
1382 170
1383 178
1384 173
1385 186
1386 174
1387 209
1388 178
1389 200
1390 160
1391 174
1392 169
1393 141
1394 144
1395 160
1396 142
1397 152
1398 144
1399 139
1400 120
1401 142
1402 110
1403 125
1404 140
1405 137
1406 121
1407 113
1408 123
1409 102
1410 115
1411 95
1412 118
1413 87
1414 86
1415 90
1416 86
1417 87
1418 86
1419 74
1420 75
1421 82
1422 72
1423 67
1424 58
1425 87
1426 65
1427 71
1428 53
1429 46
1430 50
1431 43
1432 54
1433 50
1434 37
1435 44
1436 44
1437 33
1438 30
1439 27
1440 35
1441 26
1442 37
1443 24
1444 19
1445 20
1446 27
1447 32
1448 25
1449 25
1450 29
1451 19
1452 30
1453 27
1454 10
1455 21
1456 13
1457 19
1458 15
1459 13
1460 16
1461 14
1462 12
1463 6
1464 12
1465 10
1466 10
1467 10
1468 7
1469 9
1470 7
1471 5
1472 5
1473 5
1474 5
1475 2
1476 5
1477 4
1478 4
1479 4
1480 4
1481 5
1482 3
1483 3
1484 8
1485 7
1486 4
1487 8
1488 1
1489 3
1490 5
1491 8
1492 9
1493 1
1494 2
1495 4
1496 5
1497 7
1498 4
1499 3
1500 7
1501 3
1502 5
1503 2
1504 3
1505 5
1506 3
1507 4
1508 9
1509 7
1510 10
1511 11
1512 7
1513 11
1514 5
1515 9
1516 18
1517 8
1518 11
1519 18
1520 7
1521 4
1522 10
1523 5
1524 18
1525 13
1526 10
1527 8
1528 14
1529 11
1530 10
1531 5
1532 3
1533 6
1534 4
1535 4
1536 7
1537 5
1538 6
1539 2
1540 12
1541 12
1542 12
1543 10
1544 4
1545 11
1546 11
1547 8
1548 13
1549 8
1550 17
1551 14
1552 10
1553 12
1554 11
1555 9
1556 12
1557 9
1558 8
1559 11
1560 3
1561 6
1562 2
1563 7
1564 4
1565 5
1566 6
1567 4
1568 5
1569 4
1570 9
1571 4
1572 8
1573 7
1574 9
1575 8
1576 2
1577 8
1578 7
1579 2
1580 6
1581 10
1582 5
1583 6
1584 8
1585 3
1586 7
1587 2
1588 5
1589 4
1590 9
1591 3
1592 3
1593 3
1594 4
1595 4
1596 6
1597 7
1598 5
1599 3
1600 1
1601 2
1602 3
1603 4
1604 2
1605 5
1606 3
1607 7
1608 3
1609 3
1610 2
1611 3
1612 1
1613 2
1614 2
1615 2
1616 3
1617 4
1618 4
1619 3
1620 4
1621 3
1622 1
1623 10
1624 5
1625 7
1626 4
1627 7
1628 2
1629 10
1630 10
1631 3
1632 5
1633 7
1634 3
1635 3
1636 1
1637 4
1638 2
1639 2
1640 4
1641 2
1642 4
1643 7
1644 3
1645 1
1646 6
1647 2
1648 4
1649 1
1650 7
1651 3
1652 4
1653 10
1654 4
1655 10
1656 4
1657 11
1658 8
1659 5
1660 3
1661 8
1662 8
1663 7
1664 2
1665 6
1666 3
1667 3
1668 3
1669 8
1670 7
1671 2
1672 8
1673 3
1674 4
1675 2
1676 4
1677 5
1678 5
1679 5
1680 3
1681 4
1682 3
1683 11
1684 6
1685 4
1686 1
1687 1
1688 3
1689 4
1690 2
1691 3
1692 5
1693 6
1694 5
1695 4
1696 4
1697 2
1698 2
1699 1
1700 3
1701 2
1702 4
1703 5
1704 3
1705 1
1706 3
1707 2
1708 2
1709 2
1710 4
1711 2
1712 6
1713 6
1714 2
1715 7
1716 6
1717 1
1718 7
1719 9
1720 9
1721 4
1722 9
1723 3
1724 9
1725 6
1726 5
1727 9
1728 4
1729 7
1730 7
1731 4
1732 1
1733 6
1734 6
1735 1
1736 4
1737 8
1738 2
1739 5
1740 4
1741 2
1742 4
1743 7
1744 4
1745 1
1746 2
1747 3
1748 4
1749 7
1750 1
1751 1
1752 3
1753 7
1754 5
1755 3
1756 8
1757 4
1758 2
1759 4
1760 3
1761 5
1762 2
1763 3
1764 3
1765 3
1766 3
1767 1
1768 1
1769 6
1770 7
1771 1
1772 4
1773 7
1774 8
1775 10
1776 9
1777 9
1778 6
1779 9
1780 10
1781 8
1782 18
1783 9
1784 9
1785 13
1786 11
1787 10
1788 14
1789 11
1790 10
1791 19
1792 8
1793 10
1794 15
1795 26
1796 23
1797 20
1798 17
1799 20
1800 12
1801 26
1802 18
1803 28
1804 25
1805 18
1806 25
1807 17
1808 24
1809 33
1810 42
1811 17
1812 19
1813 32
1814 31
1815 17
1816 28
1817 32
1818 35
1819 35
1820 30
1821 38
1822 36
1823 40
1824 48
1825 50
1826 46
1827 53
1828 43
1829 56
1830 47
1831 38
1832 49
1833 59
1834 71
1835 50
1836 34
1837 53
1838 60
1839 69
1840 60
1841 73
1842 80
1843 58
1844 76
1845 61
1846 66
1847 69
1848 91
1849 67
1850 83
1851 85
1852 79
1853 64
1854 83
1855 76
1856 64
1857 86
1858 92
1859 77
1860 90
1861 83
1862 101
1863 72
1864 91
1865 99
1866 85
1867 83
1868 92
1869 89
1870 97
1871 94
1872 108
1873 101
1874 86
1875 83
1876 80
1877 97
1878 84
1879 88
1880 78
1881 92
1882 97
1883 84
1884 92
1885 79
1886 103
1887 98
1888 77
1889 81
1890 96
1891 85
1892 80
1893 91
1894 85
1895 82
1896 107
1897 91
1898 86
1899 87
1900 96
1901 80
1902 88
1903 81
1904 89
1905 80
1906 78
1907 73
1908 92
1909 81
1910 85
1911 87
1912 68
1913 72
1914 82
1915 68
1916 72
1917 85
1918 87
1919 69
1920 66
1921 60
1922 73
1923 59
1924 66
1925 55
1926 52
1927 51
1928 51
1929 61
1930 61
1931 51
1932 44
1933 55
1934 44
1935 40
1936 41
1937 46
1938 43
1939 46
1940 44
1941 45
1942 41
1943 48
1944 40
1945 47
1946 41
1947 38
1948 27
1949 34
1950 41
1951 24
1952 35
1953 28
1954 36
1955 27
1956 24
1957 30
1958 26
1959 25
1960 21
1961 21
1962 23
1963 34
1964 28
1965 21
1966 25
1967 26
1968 26
1969 18
1970 26
1971 17
1972 22
1973 29
1974 18
1975 21
1976 18
1977 23
1978 18
1979 18
1980 23
1981 25
1982 12
1983 12
1984 15
1985 19
1986 22
1987 18
1988 20
1989 18
1990 29
1991 8
1992 19
1993 16
1994 11
1995 11
1996 7
1997 8
1998 10
1999 17
2000 17
2001 7
2002 6
2003 14
2004 14
2005 4
2006 14
2007 9
2008 12
2009 12
2010 19
2011 12
2012 9
2013 12
2014 12
2015 9
2016 12
2017 9
2018 8
2019 11
2020 10
2021 8
2022 17
2023 13
2024 14
2025 10
2026 9
2027 19
2028 13
2029 11
2030 13
2031 10
2032 11
2033 13
2034 8
2035 13
2036 10
2037 9
2038 12
2039 14
2040 12
2041 10
2042 12
2043 11
2044 11
2045 12
2046 4
2047 8
2048 7
2049 8
2050 9
2051 7
2052 6
2053 10
2054 14
2055 9
2056 5
2057 8
2058 5
2059 5
2060 7
2061 14
2062 8
2063 8
2064 8
2065 8
2066 7
2067 14
2068 11
2069 15
2070 14
2071 3
2072 12
2073 5
2074 14
2075 8
2076 10
2077 10
2078 9
2079 9
2080 6
2081 15
2082 5
2083 6
2084 6
2085 8
2086 7
2087 7
2088 8
2089 9
2090 11
2091 11
2092 7
2093 5
2094 8
2095 5
2096 5
2097 11
2098 9
2099 14
2100 12
2101 11
2102 10
2103 10
2104 7
2105 12
2106 13
2107 12
2108 9
2109 15
2110 7
2111 8
2112 9
2113 14
2114 17
2115 12
2116 11
2117 15
2118 12
2119 8
2120 7
2121 14
2122 9
2123 8
2124 15
2125 12
2126 9
2127 10
2128 9
2129 4
2130 12
2131 16
2132 13
2133 13
2134 12
2135 8
2136 13
2137 3
2138 9
2139 12
2140 8
2141 10
2142 5
2143 6
2144 5
2145 11
2146 10
2147 7
2148 17
2149 12
2150 14
2151 12
2152 10
2153 10
2154 12
2155 12
2156 12
2157 14
2158 11
2159 11
2160 15
2161 14
2162 12
2163 9
2164 12
2165 11
2166 12
2167 7
2168 9
2169 11
2170 15
2171 11
2172 15
2173 8
2174 10
2175 10
2176 5
2177 10
2178 8
2179 5
2180 6
2181 9
2182 3
2183 9
2184 1
2185 7
2186 1
2187 2
2188 6
2189 8
2190 2
2191 7
2192 4
2193 10
2194 10
2195 3
2196 4
2197 8
2198 7
2199 6
2200 3
2201 5
2202 7
2203 5
2204 2
2205 2
2206 6
2207 5
2208 4
2209 2
2210 3
2211 2
2212 3
2213 3
2214 3
2215 2
2216 6
2217 3
2218 1
2219 1
2220 2
2221 3
2222 2
2223 5
2224 2
2225 3
2226 2
2227 3
2228 1
2229 4
2230 3
2231 1
2232 1
2233 2
2234 2
2235 2
2236 1
2237 2
2238 1
2239 1
2240 6
2241 1
2242 2
2243 1
2244 1
2245 1
2246 1
2247 2
2248 3
2249 1
2250 1
2251 1
2252 2
2253 1
2254 1
2255 1
2256 1
2257 2
2258 1
2259 1
2260 1
2261 1
2262 1
2263 1
2264 1
2265 1
2266 1
2267 3
2268 1
2269 2
2270 1
2271 3
2272 1
2273 1
2274 1
2275 1
2276 1
2277 2
2278 2
2279 4
2280 1
2281 1
2282 1
2283 1
2284 1
2285 1
2286 1
2287 1
2288 1
2289 1
2290 1
2291 2
2292 2
2293 4
2294 2
2295 2
2296 1
2297 2
2298 1
2299 1
2300 1
2301 3
2302 1
2303 1
2304 1
2305 1
2306 1
2307 5
2308 1
2309 2
2310 2
2311 3
2312 1
2313 2
2314 3
2315 3
2316 4
2317 3
2318 4
2319 3
2320 3
2321 5
2322 4
2323 2
2324 5
2325 1
2326 10
2327 10
2328 7
2329 5
2330 2
2331 5
2332 4
2333 7
2334 7
2335 7
2336 7
2337 6
2338 10
2339 6
2340 14
2341 7
2342 5
2343 7
2344 10
2345 6
2346 9
2347 8
2348 7
2349 16
2350 6
2351 10
2352 10
2353 7
2354 8
2355 8
2356 12
2357 17
2358 9
2359 12
2360 7
2361 16
2362 10
2363 14
2364 13
2365 10
2366 8
2367 16
2368 14
2369 16
2370 19
2371 16
2372 14
2373 20
2374 17
2375 29
2376 11
2377 27
2378 23
2379 18
2380 20
2381 24
2382 21
2383 19
2384 22
2385 18
2386 23
2387 20
2388 19
2389 22
2390 26
2391 18
2392 19
2393 27
2394 24
2395 19
2396 21
2397 23
2398 26
2399 26
2400 29
2401 21
2402 17
2403 17
2404 22
2405 35
2406 20
2407 25
2408 39
2409 34
2410 30
2411 32
2412 31
2413 19
2414 35
2415 27
2416 35
2417 22
2418 23
2419 30
2420 31
2421 25
2422 32
2423 33
2424 25
2425 23
2426 22
2427 29
2428 27
2429 26
2430 29
2431 27
2432 24
2433 26
2434 29
2435 30
2436 26
2437 25
2438 29
2439 25
2440 22
2441 25
2442 16
2443 24
2444 14
2445 19
2446 30
2447 16
2448 17
2449 15
2450 14
2451 14
2452 20
2453 20
2454 15
2455 15
2456 12
2457 21
2458 12
2459 12
2460 15
2461 18
2462 18
2463 13
2464 19
2465 12
2466 16
2467 19
2468 11
2469 13
2470 22
2471 17
2472 9
2473 15
2474 15
2475 18
2476 17
2477 15
2478 13
2479 9
2480 15
2481 14
2482 20
2483 12
2484 12
2485 15
2486 9
2487 14
2488 15
2489 14
2490 19
2491 19
2492 6
2493 11
2494 18
2495 13
2496 17
2497 14
2498 10
2499 9
2500 6
2501 7
2502 8
2503 5
2504 4
2505 6
2506 8
2507 3
2508 1
2509 4
2510 2
2511 1
2512 3
2513 6
2514 1
2515 4
2516 6
2517 2
2518 7
2519 1
2520 2
2521 1
2522 2
2523 3
2524 4
2525 4
2526 4
2527 3
2528 2
2529 2
2530 3
2531 2
2532 2
2533 4
2534 1
2535 1
2536 2
2537 4
2538 3
2539 3
2540 3
2541 3
2542 5
2543 5
2544 5
2545 9
2546 3
2547 5
2548 5
2549 8
2550 4
2551 7
2552 2
2553 1
2554 4
2555 5
2556 9
2557 6
2558 1
2559 3
2560 4
2561 5
2562 7
2563 8
2564 3
2565 7
2566 8
2567 11
2568 7
2569 2
2570 7
2571 4
2572 7
2573 10
2574 10
2575 9
2576 8
2577 5
2578 11
2579 8
2580 11
2581 6
2582 13
2583 11
2584 8
2585 9
2586 13
2587 13
2588 13
2589 15
2590 14
2591 23
2592 16
2593 16
2594 17
2595 18
2596 22
2597 16
2598 15
2599 18
2600 15
2601 12
2602 14
2603 15
2604 16
2605 21
2606 17
2607 20
2608 14
2609 20
2610 14
2611 17
2612 17
2613 30
2614 17
2615 23
2616 24
2617 30
2618 28
2619 31
2620 19
2621 28
2622 19
2623 43
2624 27
2625 23
2626 25
2627 36
2628 24
2629 28
2630 22
2631 27
2632 30
2633 32
2634 20
2635 29
2636 26
2637 28
2638 28
2639 25
2640 21
2641 37
2642 24
2643 22
2644 26
2645 29
2646 20
2647 37
2648 19
2649 21
2650 25
2651 26
2652 33
2653 21
2654 26
2655 23
2656 16
2657 20
2658 24
2659 19
2660 24
2661 24
2662 23
2663 23
2664 23
2665 21
2666 20
2667 13
2668 25
2669 12
2670 22
2671 20
2672 24
2673 16
2674 18
2675 21
2676 16
2677 18
2678 23
2679 18
2680 26
2681 29
2682 16
2683 13
2684 27
2685 20
2686 17
2687 23
2688 11
2689 11
2690 12
2691 15
2692 20
2693 14
2694 15
2695 15
2696 15
2697 16
2698 16
2699 13
2700 11
2701 13
2702 12
2703 21
2704 12
2705 6
2706 18
2707 11
2708 8
2709 12
2710 12
2711 11
2712 11
2713 9
2714 15
2715 10
2716 9
2717 10
2718 9
2719 6
2720 4
2721 9
2722 8
2723 3
2724 3
2725 5
2726 3
2727 8
2728 6
2729 5
2730 6
2731 1
2732 1
2733 7
2734 2
2735 6
2736 2
2737 2
2738 5
2739 3
2740 3
2741 4
2742 2
2743 3
2744 4
2745 6
2746 1
2747 2
2748 1
2749 2
2750 1
2751 1
2752 3
2753 1
2754 4
2755 3
2756 1
2757 3
2758 3
2759 3
2760 3
2761 2
2762 2
2763 3
2764 1
2765 1
2766 2
2767 1
2768 1
2769 1
2770 2
2771 2
2772 1
2773 1
2774 1
2775 3
2776 2
2777 2
2778 1
2779 1
2780 3
2781 1
2782 2
2783 4
2784 1
2785 2
2786 2
2787 3
2788 2
2789 1
2790 1
2791 1
2792 1
2793 2
2794 1
2795 5
2796 3
2797 1
2798 2
2799 1
2800 3
2801 1
2802 1
2803 1
2804 1
2805 1
2806 1
2807 1
2808 1
2809 1
2810 1
2811 1
2812 1
2813 1
2814 1
2815 2
2816 1
2817 1
2818 1
2819 1
2820 1
2821 1
2822 1
2823 1
2824 1
2825 2
2826 1
2827 2
2828 1
2829 2
2830 2
2831 3
2832 1
2833 2
2834 2
2835 1
2836 1
2837 1
2838 1
2839 1
2840 2
2841 1
2842 1
2843 1
2844 2
2845 2
2846 2
2847 1
2848 1
2849 2
2850 1
2851 3
2852 1
2853 2
2854 1
2855 4
2856 3
2857 1
2858 1
2859 1
2860 2
2861 2
2862 1
2863 1
2864 1
2865 2
2866 1
2867 4
2868 4
2869 2
2870 4
2871 7
2872 3
2873 2
2874 6
2875 3
2876 2
2877 4
2878 5
2879 5
2880 2
2881 4
2882 5
2883 7
2884 3
2885 4
2886 7
2887 10
2888 5
2889 9
2890 4
2891 8
2892 9
2893 11
2894 4
2895 6
2896 6
2897 6
2898 10
2899 11
2900 9
2901 14
2902 9
2903 17
2904 16
2905 15
2906 11
2907 19
2908 13
2909 14
2910 6
2911 17
2912 16
2913 8
2914 21
2915 12
2916 10
2917 20
2918 20
2919 19
2920 15
2921 19
2922 21
2923 13
2924 19
2925 15
2926 18
2927 12
2928 16
2929 15
2930 15
2931 11
2932 13
2933 20
2934 23
2935 12
2936 21
2937 23
2938 16
2939 22
2940 22
2941 23
2942 22
2943 14
2944 22
2945 17
2946 20
2947 21
2948 20
2949 14
2950 15
2951 20
2952 19
2953 19
2954 17
2955 17
2956 17
2957 21
2958 14
2959 14
2960 19
2961 15
2962 24
2963 17
2964 13
2965 12
2966 18
2967 17
2968 22
2969 21
2970 18
2971 13
2972 15
2973 15
2974 15
2975 18
2976 17
2977 22
2978 14
2979 9
2980 16
2981 10
2982 18
2983 7
2984 11
2985 19
2986 16
2987 22
2988 16
2989 17
2990 13
2991 9
2992 11
2993 20
2994 4
2995 10
2996 13
2997 10
2998 9
2999 4
3000 11
3001 10
3002 12
3003 11
3004 8
3005 9
3006 5
3007 10
3008 6
3009 7
3010 11
3011 7
3012 7
3013 6
3014 9
3015 12
3016 15
3017 4
3018 7
3019 9
3020 8
3021 9
3022 7
3023 6
3024 4
3025 6
3026 6
3027 6
3028 5
3029 3
3030 4
3031 9
3032 11
3033 7
3034 5
3035 3
3036 3
3037 5
3038 7
3039 3
3040 6
3041 3
3042 4
3043 7
3044 6
3045 6
3046 9
3047 1
3048 3
3049 5
3050 5
3051 8
3052 1
3053 2
3054 6
3055 5
3056 2
3057 3
3058 3
3059 2
3060 2
3061 2
3062 4
3063 6
3064 3
3065 2
3066 7
3067 2
3068 2
3069 3
3070 5
3071 3
3072 2
3073 1
3074 4
3075 2
3076 4
3077 3
3078 3
3079 2
3080 1
3081 1
3082 1
3083 4
3084 1
3085 2
3086 1
3087 2
3088 1
3089 4
3090 1
3091 1
3092 3
3093 2
3094 4
3095 1
3096 1
3097 3
3098 1
3099 5
3100 1
3101 1
3102 2
3103 1
3104 2
3105 1
3106 1
3107 3
3108 1
3109 1
3110 4
3111 1
3112 2
3113 1
3114 1
3115 4
3116 4
3117 2
3118 3
3119 1
3120 1
3121 6
3122 5
3123 3
3124 6
3125 3
3126 3
3127 6
3128 9
3129 5
3130 3
3131 12
3132 6
3133 5
3134 7
3135 3
3136 2
3137 6
3138 6
3139 7
3140 3
3141 3
3142 6
3143 8
3144 5
3145 6
3146 6
3147 5
3148 3
3149 6
3150 2
3151 6
3152 6
3153 5
3154 6
3155 4
3156 6
3157 1
3158 1
3159 6
3160 5
3161 6
3162 3
3163 4
3164 12
3165 9
3166 8
3167 8
3168 3
3169 5
3170 9
3171 6
3172 8
3173 4
3174 6
3175 5
3176 4
3177 5
3178 10
3179 8
3180 4
3181 8
3182 8
3183 13
3184 12
3185 9
3186 5
3187 9
3188 12
3189 13
3190 17
3191 15
3192 13
3193 6
3194 10
3195 12
3196 12
3197 9
3198 10
3199 10
3200 7
3201 9
3202 7
3203 8
3204 11
3205 8
3206 10
3207 14
3208 10
3209 13
3210 10
3211 14
3212 9
3213 14
3214 9
3215 8
3216 15
3217 15
3218 12
3219 17
3220 12
3221 6
3222 18
3223 11
3224 10
3225 10
3226 19
3227 12
3228 14
3229 13
3230 13
3231 9
3232 8
3233 14
3234 9
3235 8
3236 12
3237 7
3238 5
3239 6
3240 7
3241 7
3242 8
3243 5
3244 11
3245 7
3246 6
3247 7
3248 4
3249 8
3250 4
3251 7
3252 7
3253 14
3254 5
3255 14
3256 5
3257 4
3258 5
3259 10
3260 4
3261 8
3262 4
3263 5
3264 4
3265 2
3266 5
3267 5
3268 6
3269 5
3270 1
3271 3
3272 3
3273 1
3274 7
3275 4
3276 2
3277 5
3278 5
3279 3
3280 1
3281 5
3282 4
3283 2
3284 3
3285 4
3286 3
3287 4
3288 2
3289 2
3290 2
3291 3
3292 4
3293 1
3294 2
3295 2
3296 1
3297 2
3298 2
3299 1
3300 2
3301 4
3302 1
3303 2
3304 5
3305 3
3306 2
3307 5
3308 1
3309 4
3310 2
3311 7
3312 1
3313 1
3314 4
3315 3
3316 2
3317 1
3318 3
3319 2
3320 1
3321 4
3322 3
3323 2
3324 2
3325 2
3326 1
3327 3
3328 1
3329 1
3330 2
3331 2
3332 1
3333 1
3334 2
3335 1
3336 1
3337 2
3338 1
3339 1
3340 2
3341 2
3342 1
3343 1
3344 3
3345 4
3346 2
3347 2
3348 1
3349 1
3350 2
3351 3
3352 2
3353 5
3354 3
3355 4
3356 3
3357 1
3358 2
3359 1
3360 2
3361 3
3362 3
3363 5
3364 1
3365 1
3366 1
3367 2
3368 1
3369 1
3370 2
3371 2
3372 1
3373 5
3374 1
3375 1
3376 1
3377 1
3378 3
3379 2
3380 2
3381 1
3382 2
3383 2
3384 3
3385 2
3386 2
3387 4
3388 3
3389 2
3390 2
3391 3
3392 1
3393 2
3394 7
3395 2
3396 6
3397 2
3398 6
3399 5
3400 2
3401 7
3402 7
3403 3
3404 10
3405 10
3406 6
3407 4
3408 10
3409 10
3410 5
3411 2
3412 10
3413 10
3414 6
3415 7
3416 7
3417 10
3418 9
3419 9
3420 4
3421 10
3422 10
3423 13
3424 8
3425 13
3426 19
3427 9
3428 16
3429 17
3430 9
3431 12
3432 16
3433 11
3434 10
3435 10
3436 13
3437 12
3438 11
3439 14
3440 14
3441 10
3442 14
3443 13
3444 14
3445 11
3446 12
3447 15
3448 18
3449 13
3450 5
3451 12
3452 8
3453 11
3454 8
3455 10
3456 13
3457 11
3458 13
3459 17
3460 17
3461 19
3462 10
3463 15
3464 13
3465 13
3466 18
3467 16
3468 11
3469 8
3470 16
3471 18
3472 11
3473 16
3474 17
3475 17
3476 16
3477 17
3478 9
3479 20
3480 19
3481 10
3482 21
3483 12
3484 17
3485 18
3486 13
3487 18
3488 19
3489 13
3490 12
3491 24
3492 10
3493 16
3494 11
3495 17
3496 15
3497 13
3498 16
3499 15
3500 11
3501 9
3502 11
3503 11
3504 11
3505 10
3506 9
3507 5
3508 6
3509 8
3510 6
3511 5
3512 6
3513 7
3514 10
3515 5
3516 9
3517 8
3518 6
3519 5
3520 7
3521 1
3522 6
3523 11
3524 9
3525 8
3526 13
3527 6
3528 9
3529 14
3530 8
3531 8
3532 11
3533 7
3534 13
3535 6
3536 13
3537 10
3538 8
3539 8
3540 5
3541 10
3542 8
3543 6
3544 13
3545 10
3546 7
3547 7
3548 8
3549 11
3550 9
3551 17
3552 10
3553 3
3554 9
3555 5
3556 6
3557 10
3558 12
3559 12
3560 8
3561 6
3562 6
3563 12
3564 11
3565 11
3566 13
3567 6
3568 12
3569 10
3570 8
3571 11
3572 11
3573 4
3574 1
3575 7
3576 2
3577 6
3578 7
3579 3
3580 5
3581 2
3582 4
3583 4
3584 7
3585 3
3586 4
3587 2
3588 7
3589 7
3590 5
3591 6
3592 2
3593 1
3594 3
3595 4
3596 5
3597 3
3598 4
3599 5
3600 3
3601 5
3602 5
3603 1
3604 8
3605 6
3606 7
3607 3
3608 2
3609 4
3610 7
3611 1
3612 3
3613 1
3614 2
3615 1
3616 3
3617 2
3618 1
3619 1
3620 1
3621 2
3622 2
3623 2
3624 1
3625 1
3626 2
3627 1
3628 1
3629 1
3630 1
3631 2
3632 1
3633 1
3634 1
3635 2
3636 1
3637 1
3638 1
3639 1
3640 1
3641 1
3642 1
3643 1
3644 2
3645 1
3646 1
3647 1
3648 1
3649 1
3650 1
3651 1
3652 1
3653 1
3654 1
3655 1
3656 2
3657 2
3658 1
3659 1
3660 2
3661 2
3662 2
3663 1
3664 2
3665 2
3666 1
3667 1
3668 3
3669 2
3670 1
3671 3
3672 3
3673 1
3674 2
3675 1
3676 4
3677 1
3678 1
3679 2
3680 2
3681 3
3682 1
3683 1
3684 1
3685 4
3686 1
3687 4
3688 1
3689 2
3690 1
3691 3
3692 1
3693 2
3694 2
3695 3
3696 3
3697 2
3698 2
3699 3
3700 3
3701 2
3702 3
3703 3
3704 2
3705 2
3706 5
3707 1
3708 2
3709 1
3710 1
3711 3
3712 5
3713 1
3714 2
3715 4
3716 3
3717 3
3718 5
3719 4
3720 3
3721 4
3722 1
3723 1
3724 2
3725 2
3726 2
3727 2
3728 1
3729 1
3730 5
3731 1
3732 5
3733 1
3734 6
3735 3
3736 1
3737 2
3738 2
3739 2
3740 2
3741 5
3742 1
3743 3
3744 3
3745 4
3746 1
3747 4
3748 3
3749 2
3750 1
3751 2
3752 1
3753 2
3754 5
3755 3
3756 2
3757 3
3758 3
3759 1
3760 2
3761 1
3762 1
3763 1
3764 1
3765 1
3766 1
3767 3
3768 1
3769 1
3770 1
3771 1
3772 2
3773 2
3774 1
3775 1
3776 2
3777 3
3778 1
3779 1
3780 2
3781 1
3782 1
3783 2
3784 1
3785 2
3786 2
3787 1
3788 1
3789 1
3790 1
3791 1
3792 1
3793 1
3794 1
3795 1
3796 1
3797 1
3798 1
3799 1
3800 1
3801 1
3802 1
3803 1
3804 1
3805 1
3806 1
3807 3
3808 1
3809 1
3810 1
3811 1
3812 1
3813 1
3814 1
3815 2
3816 2
3817 1
3818 1
3819 1
3820 1
3821 3
3822 1
3823 3
3824 2
3825 1
3826 4
3827 1
3828 1
3829 2
3830 3
3831 3
3832 1
3833 1
3834 2
3835 2
3836 1
3837 1
3838 2
3839 2
3840 4
3841 2
3842 1
3843 1
3844 2
3845 1
3846 5
3847 5
3848 2
3849 3
3850 1
3851 1
3852 2
3853 2
3854 5
3855 2
3856 4
3857 4
3858 1
3859 3
3860 2
3861 3
3862 2
3863 1
3864 2
3865 3
3866 3
3867 3
3868 4
3869 4
3870 4
3871 3
3872 7
3873 4
3874 3
3875 2
3876 4
3877 1
3878 3
3879 2
3880 2
3881 1
3882 1
3883 5
3884 5
3885 1
3886 2
3887 3
3888 4
3889 1
3890 2
3891 2
3892 2
3893 2
3894 2
3895 1
3896 4
3897 2
3898 2
3899 2
3900 4
3901 2
3902 2
3903 3
3904 1
3905 2
3906 2
3907 1
3908 1
3909 4
3910 1
3911 1
3912 2
3913 1
3914 3
3915 1
3916 2
3917 2
3918 2
3919 1
3920 3
3921 3
3922 3
3923 2
3924 1
3925 2
3926 3
3927 1
3928 1
3929 1
3930 1
3931 1
3932 2
3933 1
3934 3
3935 1
3936 1
3937 1
3938 1
3939 1
3940 1
3941 1
3942 1
3943 1
3944 1
3945 3
3946 1
3947 1
3948 3
3949 1
3950 1
3951 1
3952 1
3953 1
3954 1
3955 1
3956 1
3957 1
3958 1
3959 1
3960 1
3961 1
3962 1
3963 1
3964 1
3965 1
3966 1
3967 1
3968 1
3969 1
3970 1
3971 1
3972 1
3973 1
3974 1
3975 1
3976 1
3977 1
3978 2
3979 1
3980 1
3981 1
3982 1
3983 1
3984 1
3985 1
3986 1
3987 1
3988 3
3989 2
3990 2
3991 3
3992 1
3993 2
3994 2
3995 1
3996 1
3997 3
3998 2
3999 1
4000 3
4001 2
4002 3
4003 1
4004 1
4005 2
4006 2
4007 2
4008 1
4009 1
4010 2
4011 1
4012 1
4013 2
4014 2
4015 2997
