1 21284914
2 13685529
3 9394532
4 6886999
5 5132470
6 3862224
7 2936326
8 2296433
9 1834585
10 1464746
11 1162497
12 913733
13 718406
14 591833
15 516546
16 489848
17 497829
18 526970
19 573285
20 622876
21 673001
22 716690
23 750757
24 784382
25 804768
26 816345
27 819494
28 813867
29 802740
30 778786
31 751514
32 714727
33 680151
34 643232
35 603461
36 568069
37 533582
38 502317
39 475882
40 451365
41 428081
42 407363
43 385589
44 363290
45 342124
46 319019
47 294564
48 270226
49 243871
50 222973
51 203273
52 185698
53 173715
54 166359
55 164200
56 169575
57 178555
58 195329
59 216112
60 242176
61 273256
62 305773
63 341673
64 377584
65 413416
66 447815
67 480829
68 515462
69 544445
70 567727
71 586916
72 605243
73 615559
74 621157
75 622127
76 620600
77 611883
78 599371
79 583211
80 565195
81 542492
82 515611
83 490735
84 463052
85 435434
86 407448
87 378464
88 348707
89 319519
90 291221
91 264588
92 238231
93 212260
94 189806
95 168355
96 148787
97 130378
98 114151
99 98824
100 85908
101 74471
102 64411
103 56308
104 48641
105 41210
106 35741
107 31845
108 28171
109 24383
110 21921
111 19512
112 17790
113 15913
114 14712
115 13359
116 12186
117 11471
118 10545
119 9821
120 9151
121 8341
122 7786
123 7082
124 6832
125 6387
126 5993
127 5781
128 5559
129 5187
130 4908
131 4757
132 4566
133 4496
134 4606
135 4379
136 4371
137 4259
138 4058
139 3986
140 3942
141 3872
142 3765
143 3724
144 3597
145 3585
146 3480
147 3432
148 3140
149 3043
150 2930
151 2881
152 2834
153 2790
154 2627
155 2613
156 2548
157 2477
158 2420
159 2282
160 2240
161 2145
162 2047
163 1883
164 1961
165 1807
166 1734
167 1780
168 1727
169 1603
170 1554
171 1559
172 1343
173 1354
174 1273
175 1280
176 1208
177 1168
178 1111
179 1061
180 1031
181 843
182 894
183 829
184 727
185 649
186 638
187 637
188 643
189 617
190 580
191 548
192 486
193 460
194 411
195 410
196 414
197 364
198 386
199 379
200 322
201 306
202 308
203 323
204 335
205 365
206 344
207 333
208 332
209 305
210 333
211 345
212 310
213 365
214 319
215 317
216 347
217 305
218 294
219 328
220 311
221 291
222 346
223 343
224 338
225 331
226 316
227 336
228 326
229 354
230 350
231 348
232 383
233 399
234 371
235 347
236 390
237 375
238 360
239 366
240 366
241 380
242 371
243 380
244 365
245 364
246 348
247 378
248 369
249 337
250 328
251 298
252 333
253 346
254 330
255 327
256 318
257 365
258 369
259 385
260 340
261 356
262 311
263 330
264 366
265 304
266 306
267 310
268 285
269 270
270 311
271 282
272 253
273 282
274 311
275 274
276 262
277 274
278 271
279 273
280 234
281 259
282 242
283 241
284 249
285 240
286 233
287 248
288 221
289 219
290 226
291 217
292 238
293 213
294 205
295 210
296 205
297 178
298 185
299 193
300 188
301 157
302 165
303 154
304 159
305 144
306 179
307 137
308 139
309 114
310 134
311 119
312 122
313 110
314 139
315 136
316 142
317 141
318 127
319 130
320 120
321 144
322 126
323 124
324 113
325 115
326 119
327 90
328 117
329 97
330 93
331 95
332 108
333 103
334 108
335 104
336 93
337 95
338 88
339 109
340 96
341 116
342 117
343 98
344 124
345 122
346 128
347 113
348 110
349 143
350 125
351 142
352 129
353 133
354 110
355 125
356 109
357 115
358 116
359 136
360 144
361 120
362 153
363 148
364 143
365 130
366 168
367 129
368 136
369 131
370 129
371 129
372 127
373 160
374 134
375 155
376 147
377 137
378 160
379 135
380 139
381 132
382 138
383 142
384 122
385 112
386 101
387 103
388 101
389 93
390 121
391 108
392 100
393 97
394 103
395 110
396 92
397 100
398 93
399 89
400 88
401 108
402 90
403 90
404 89
405 80
406 109
407 116
408 79
409 74
410 80
411 94
412 73
413 65
414 49
415 60
416 50
417 69
418 60
419 63
420 58
421 61
422 72
423 44
424 35
425 40
426 37
427 41
428 29
429 47
430 50
431 37
432 58
433 44
434 49
435 41
436 49
437 40
438 31
439 43
440 26
441 24
442 37
443 34
444 37
445 24
446 40
447 32
448 27
449 27
450 18
451 43
452 24
453 28
454 34
455 30
456 30
457 31
458 42
459 36
460 29
461 33
462 36
463 32
464 31
465 34
466 29
467 35
468 36
469 30
470 26
471 31
472 23
473 30
474 29
475 21
476 27
477 28
478 24
479 26
480 23
481 26
482 21
483 29
484 25
485 35
486 39
487 30
488 34
489 30
490 32
491 34
492 28
493 35
494 29
495 40
496 29
497 36
498 40
499 27
500 30
501 32
502 30
503 33
504 37
505 43
506 33
507 32
508 46
509 44
510 27
511 26
512 34
513 17
514 28
515 18
516 28
517 31
518 24
519 28
520 24
521 28
522 34
523 26
524 23
525 24
526 25
527 27
528 21
529 22
530 15
531 17
532 13
533 16
534 22
535 28
536 21
537 25
538 28
539 27
540 22
541 24
542 27
543 24
544 21
545 30
546 28
547 29
548 30
549 34
550 22
551 34
552 31
553 22
554 26
555 23
556 28
557 21
558 17
559 17
560 18
561 17
562 14
563 18
564 29
565 17
566 36
567 21
568 12
569 24
570 23
571 22
572 23
573 31
574 40
575 33
576 23
577 20
578 23
579 25
580 23
581 21
582 24
583 14
584 31
585 12
586 11
587 17
588 18
589 17
590 14
591 18
592 18
593 22
594 12
595 15
596 16
597 14
598 14
599 15
600 10
601 10
602 8
603 5
604 8
605 8
606 8
607 7
608 6
609 7
610 8
611 13
612 9
613 6
614 8
615 14
616 9
617 6
618 11
619 9
620 16
621 16
622 9
623 7
624 9
625 8
626 3
627 13
628 17
629 12
630 11
631 8
632 7
633 9
634 7
635 7
636 7
637 8
638 15
639 7
640 4
641 8
642 5
643 4
644 1
645 3
646 8
647 9
648 4
649 3
650 11
651 4
652 6
653 7
654 4
655 4
656 5
657 2
658 6
659 4
660 6
661 5
662 5
663 8
664 9
665 5
666 8
667 5
668 6
669 5
670 6
671 12
672 4
673 13
674 6
675 10
676 7
677 7
678 9
679 7
680 5
681 3
682 3
683 5
684 5
685 3
686 3
687 2
688 2
689 3
690 2
691 3
692 3
693 6
694 9
695 4
696 8
697 4
698 2
699 7
700 5
701 4
702 3
703 6
704 7
705 4
706 5
707 6
708 3
709 6
710 4
711 8
712 10
713 14
714 6
715 12
716 7
717 9
718 8
719 6
720 7
721 9
722 5
723 4
724 2
725 4
726 5
727 5
728 9
729 4
730 4
731 9
732 7
733 7
734 5
735 7
736 4
737 7
738 6
739 3
740 4
741 6
742 8
743 5
744 6
745 4
746 3
747 9
748 8
749 9
750 5
751 8
752 3
753 8
754 5
755 5
756 4
757 7
758 5
759 3
760 6
761 3
762 9
763 6
764 8
765 5
766 5
767 7
768 6
769 5
770 3
771 6
772 2
773 6
774 4
775 7
776 3
777 8
778 9
779 5
780 5
781 6
782 5
783 4
784 3
785 4
786 4
787 2
788 8
789 6
790 5
791 1
792 2
793 2
794 5
795 2
796 4
797 4
798 11
799 11
800 10
801 13
802 4
803 7
804 8
806 7
807 6
808 6
809 11
810 11
811 6
812 5
813 10
814 5
815 4
816 5
817 10
818 6
819 3
820 2
821 4
822 7
823 3
824 11
825 6
826 3
827 5
828 6
829 7
830 3
831 3
832 4
833 5
834 4
835 12
836 7
837 10
838 7
839 11
840 10
841 9
842 11
843 3
844 11
845 7
846 12
847 7
848 6
849 11
850 4
851 3
852 11
853 12
854 3
855 6
856 3
857 3
858 8
859 6
860 7
861 6
862 1
863 1
864 2
865 4
866 4
867 3
868 4
869 2
870 3
871 3
872 2
873 4
874 5
875 4
876 4
877 5
878 1
879 2
880 6
881 4
882 3
883 5
884 2
885 8
886 6
887 2
888 3
889 6
890 8
891 6
892 3
893 6
894 2
895 3
896 1
897 2
898 4
899 2
900 3
901 2
902 5
903 1
904 4
905 4
906 4
907 3
908 2
909 3
910 2
911 6
912 3
914 7
915 4
916 3
917 4
918 5
919 3
920 1
921 8
922 5
923 6
924 3
925 2
926 5
927 2
928 1
929 5
930 3
931 6
932 5
933 6
934 7
935 3
936 9
937 5
938 13
939 9
940 3
941 4
942 5
943 3
944 6
945 5
946 4
947 5
948 5
949 3
950 5
951 6
952 6
953 7
954 6
955 10
956 5
957 7
958 5
959 8
960 12
961 10
962 12
963 12
964 6
965 7
966 12
967 5
968 8
969 7
970 11
971 7
972 4
973 7
974 12
975 6
976 7
977 10
978 7
979 7
980 12
981 7
982 8
983 6
984 8
985 13
986 5
987 5
988 6
989 8
990 6
991 8
992 13
993 10
994 10
995 15
996 19
997 11
998 6
999 14
1000 5
1001 5
1002 3
1003 10
1004 9
1005 9
1006 9
1007 12
1008 10
1009 12
1010 9
1011 7
1012 10
1013 12
1014 12
1015 6
1016 10
1017 14
1018 7
1019 11
1020 15
1021 8
1022 13
1023 9
1024 10
1025 7
1026 11
1027 11
1028 9
1029 10
1030 4
1031 9
1032 11
1033 19
1034 5
1035 5
1036 8
1037 8
1038 10
1039 7
1040 9
1041 6
1042 10
1043 10
1044 5
1045 4
1046 8
1047 4
1048 7
1049 8
1050 6
1051 5
1052 3
1053 7
1054 3
1055 6
1056 2
1057 4
1058 3
1059 5
1060 4
1061 7
1062 6
1063 3
1064 1
1065 4
1066 4
1067 5
1068 6
1069 2
1070 8
1071 1
1072 9
1073 3
1074 1
1076 4
1077 2
1078 3
1079 6
1080 5
1081 2
1082 3
1083 1
1084 5
1085 2
1086 1
1087 1
1089 3
1090 2
1091 3
1092 4
1093 2
1094 7
1096 1
1097 1
1098 1
1099 3
1100 1
1107 1
1109 2
1114 1
1115 1
1116 5
1117 2
1118 2
1119 1
1120 2
1122 1
1123 1
1124 1
1125 1
1126 1
1129 7
1130 2
1131 3
1132 1
1134 4
1135 4
1136 1
1137 2
1138 4
1140 2
1141 5
1142 1
1143 2
1144 1
1145 1
1146 2
1147 1
1148 2
1149 4
1150 8
1152 4
1153 4
1154 3
1155 2
1156 5
1157 4
1158 6
1159 4
1160 3
1161 9
1162 1
1163 7
1164 4
1165 4
1166 8
1167 3
1168 5
1169 13
1170 6
1171 6
1172 3
1173 3
1174 3
1175 3
1176 1
1177 1
1178 2
1179 3
1180 4
1183 1
1184 3
1185 1
1186 1
1187 5
1188 1
1190 2
1192 1
1193 2
1194 1
1195 2
1196 3
1201 3
1202 3
1205 1
1209 1
1210 2
1211 1
1214 1
1216 2
1217 1
1218 1
1219 2
1220 2
1226 1
1234 1
1236 3
1237 1
1238 1
1241 1
1243 4
1244 2
1245 1
1246 1
1248 1
1249 1
1251 1
1252 3
1253 1
1255 3
1256 1
1257 1
1259 1
1260 1
1262 3
1263 1
1264 1
1266 1
1267 2
1269 1
1270 1
1271 2
1272 3
1274 3
1275 1
1276 1
1277 1
1278 1
1280 1
1281 2
1289 2
1290 1
1292 1
1293 2
1294 3
1295 1
1296 1
1298 1
1300 1
1302 1
1310 1
1318 1
1320 1
1324 1
1326 1
1331 2
1332 1
1339 1
1340 1
1343 1
1344 1
1345 2
1346 3
1351 1
1352 2
1353 1
1354 1
1357 1
1360 1
1363 2
1364 1
1366 3
1368 2
1369 1
1370 1
1372 1
1374 3
1375 1
1376 2
1377 1
1378 1
1380 1
1382 1
1383 2
1384 1
1385 1
1387 2
1389 1
1390 3
1391 2
1393 1
1397 2
1403 1
1405 1
1408 2
1409 1
1410 2
1413 1
1415 2
1416 3
1417 1
1421 1
1447 1
1448 1
1469 1
1477 2
1478 2
1480 1
1483 2
1491 1
1493 2
1494 1
1495 1
1496 1
1497 1
1508 1
1510 1
1514 1
1516 1
1519 1
1522 1
1523 1
1525 1
1560 1
1582 1
1591 1
1594 1
1598 1
1599 1
1602 1
1603 1
1604 1
1616 1
1618 1
1621 1
1623 1
1625 1
1628 1
1630 1
1635 1
1637 1
1645 1
1650 1
1676 1
1695 1
1710 1
1760 1
1764 2
1765 1
1766 1
1771 1
1776 1
1777 1
1783 1
1784 1
1794 1
1795 1
1825 1
1828 1
1837 1
1840 1
1846 1
1851 1
1853 1
1854 1
1910 2
1912 1
1914 3
1920 1
1927 1
1928 1
1936 1
1939 1
1941 1
1944 1
1995 1
2005 1
2008 1
2050 1
2091 1
2115 1
2118 1
2178 1
2195 1
2196 1
2197 1
2201 1
2203 1
2204 1
2205 1
2214 3
2218 1
2219 1
2223 1
2225 2
2230 1
2235 1
2266 1
2273 2
2274 1
2277 1
2288 1
2289 1
2290 1
2294 2
2296 2
2300 2
2305 1
2306 1
2339 1
2340 1
2342 1
2345 1
2348 1
2349 1
2354 1
2360 1
2365 1
2366 1
2389 1
2405 1
2408 1
2417 1
2429 1
2430 1
2432 1
2433 1
2435 1
2436 1
2438 1
2439 1
2441 1
2442 1
2444 1
2445 2
2447 1
2448 2
2462 1
2475 1
2499 1
2511 1
2512 1
2514 1
2518 1
2529 1
2592 1
2595 1
2603 1
2650 1
2658 1
2753 1
2773 1
2779 1
2791 1
2793 1
2799 1
2805 1
2826 1
2858 1
2864 1
2865 1
2874 1
2881 1
2886 1
2897 1
2898 1
2908 1
2914 1
2920 1
2922 1
2926 1
2929 1
2957 1
2966 1
2990 1
2995 2
2998 1
3048 1
3049 1
3371 1
3378 1
3383 1
3385 2
3386 1
3479 1
3495 2
3497 1
3502 1
3503 1
3508 1
3509 1
3510 1
3512 1
3518 1
3523 1
3524 1
5101 1
5125 1
5256 1
5403 1
5778 1
5785 1
7318 1
7379 1
7388 2
7390 1
7396 1
7397 1
7399 1
7400 1
7404 1
7405 1
