1 20735421
2 7813947
3 3624640
4 2160091
5 1573905
6 1297367
7 1215671
8 1252232
9 1329187
10 1389430
11 1406329
12 1390933
13 1340011
14 1255760
15 1167256
16 1068837
17 972345
18 873958
19 775842
20 680012
21 588249
22 511537
23 446473
24 395019
25 355715
26 329450
27 311494
28 298176
29 294459
30 294232
31 298865
32 302469
33 305460
34 307735
35 311740
36 313588
37 313739
38 313870
39 313261
40 310297
41 307197
42 306261
43 303487
44 297752
45 293326
46 286769
47 279593
48 267404
49 254521
50 239454
51 221845
52 202290
53 183660
54 162633
55 142198
56 122546
57 103468
58 86965
59 72493
60 59092
61 47549
62 36823
63 28084
64 21668
65 16305
66 12581
67 9412
68 7291
69 5647
70 4480
71 3863
72 3074
73 2639
74 2240
75 2033
76 1808
77 1666
78 1615
79 1486
80 1485
81 1277
82 1242
83 1169
84 1055
85 979
86 1041
87 970
88 963
89 909
90 1003
91 990
92 960
93 900
94 971
95 939
96 932
97 995
98 907
99 916
100 926
101 945
102 801
103 802
104 798
105 764
106 734
107 728
108 725
109 662
110 597
111 565
112 595
113 562
114 525
115 520
116 456
117 493
118 447
119 404
120 366
121 400
122 354
123 331
124 317
125 311
126 281
127 272
128 257
129 236
130 291
131 276
132 294
133 303
134 329
135 357
136 353
137 357
138 392
139 382
140 419
141 390
142 422
143 370
144 376
145 397
146 379
147 400
148 376
149 361
150 384
151 379
152 346
153 308
154 327
155 318
156 254
157 254
158 242
159 281
160 250
161 219
162 192
163 217
164 179
165 210
166 197
167 179
168 170
169 178
170 181
171 165
172 156
173 160
174 133
175 145
176 138
177 116
178 117
179 115
180 110
181 117
182 115
183 106
184 102
185 144
186 135
187 136
188 116
189 108
190 88
191 100
192 70
193 68
194 72
195 72
196 89
197 86
198 114
199 104
200 111
201 108
202 121
203 131
204 147
205 164
206 178
207 236
208 284
209 350
210 432
211 476
212 563
213 693
214 845
215 962
216 1198
217 1512
218 1669
219 1981
220 2300
221 2688
222 3131
223 3614
224 4206
225 4952
226 5727
227 6533
228 7604
229 8574
230 9878
231 10892
232 12528
233 14073
234 15512
235 17469
236 19314
237 21348
238 23279
239 26156
240 28387
241 30759
242 33681
243 36289
244 39409
245 42280
246 45066
247 48359
248 51807
249 54878
250 58021
251 60985
252 63571
253 67753
254 70642
255 73573
256 76693
257 79738
258 82604
259 85621
260 88028
261 90215
262 92615
263 95312
264 97761
265 99615
266 101516
267 103178
268 104718
269 106857
270 107447
271 108126
272 109420
273 109555
274 110033
275 110921
276 110381
277 110338
278 110137
279 109118
280 108389
281 106322
282 105332
283 103832
284 101829
285 99215
286 97643
287 94895
288 92134
289 89867
290 86617
291 84025
292 80977
293 77450
294 74212
295 70299
296 66505
297 63168
298 59484
299 56568
300 53202
301 50017
302 45974
303 43647
304 40530
305 37427
306 34388
307 31935
308 29217
309 26689
310 24217
311 22087
312 20427
313 18411
314 16623
315 15132
316 13405
317 11969
318 10530
319 9429
320 8349
321 7285
322 6316
323 5661
324 4896
325 4372
326 3771
327 3375
328 2849
329 2440
330 2100
331 1751
332 1550
333 1246
334 1094
335 985
336 841
337 708
338 548
339 511
340 424
341 368
342 314
343 280
344 226
345 209
346 184
347 117
348 146
349 110
350 103
351 95
352 74
353 90
354 74
355 78
356 71
357 69
358 69
359 73
360 73
361 34
362 47
363 42
364 43
365 56
366 50
367 58
368 43
369 49
370 56
371 62
372 64
373 50
374 53
375 51
376 44
377 48
378 47
379 58
380 42
381 33
382 49
383 45
384 28
385 39
386 46
387 37
388 24
389 43
390 41
391 44
392 38
393 34
394 46
395 45
396 40
397 35
398 41
399 42
400 37
401 34
402 34
403 33
404 37
405 42
406 25
407 40
408 24
409 22
410 30
411 21
412 20
413 27
414 19
415 11
416 15
417 14
418 23
419 17
420 18
421 18
422 15
423 13
424 16
425 12
426 17
427 16
428 16
429 13
430 15
431 21
432 17
433 14
434 23
435 20
436 20
437 21
438 21
439 14
440 19
441 17
442 15
443 28
444 18
445 25
446 23
447 15
448 15
449 12
450 20
451 17
452 21
453 18
454 13
455 10
456 17
457 7
458 13
459 13
460 10
461 8
462 17
463 12
464 10
465 8
466 15
467 14
468 19
469 16
470 19
471 17
472 31
473 25
474 28
475 37
476 32
477 29
478 57
479 52
480 44
481 57
482 66
483 60
484 62
485 79
486 84
487 79
488 76
489 90
490 125
491 117
492 123
493 151
494 157
495 165
496 194
497 183
498 197
499 245
500 209
501 224
502 217
503 232
504 204
505 254
506 231
507 250
508 264
509 264
510 292
511 262
512 303
513 300
514 269
515 278
516 288
517 317
518 303
519 314
520 330
521 337
522 362
523 338
524 356
525 327
526 363
527 375
528 367
529 378
530 373
531 368
532 338
533 326
534 369
535 276
536 308
537 320
538 339
539 331
540 308
541 290
542 294
543 289
544 318
545 333
546 319
547 319
548 327
549 339
550 334
551 365
552 361
553 352
554 404
555 342
556 384
557 373
558 403
559 402
560 410
561 366
562 378
563 329
564 327
565 324
566 349
567 323
568 293
569 295
570 307
571 294
572 283
573 308
574 259
575 265
576 251
577 271
578 277
579 256
580 267
581 225
582 218
583 219
584 213
585 209
586 204
587 213
588 213
589 183
590 169
591 183
592 163
593 157
594 150
595 144
596 133
597 113
598 131
599 103
600 104
601 92
602 97
603 92
604 126
605 96
606 89
607 84
608 78
609 86
610 74
611 68
612 71
613 58
614 56
615 46
616 46
617 43
618 38
619 44
620 41
621 38
622 27
623 25
624 35
625 37
626 28
627 37
628 24
629 21
630 21
631 31
632 30
633 31
634 29
635 23
636 19
637 24
638 24
639 19
640 23
641 21
642 19
643 22
644 25
645 24
646 9
647 7
648 16
649 21
650 19
651 16
652 13
653 21
654 17
655 20
656 27
657 15
658 26
659 17
660 15
661 17
662 11
663 11
664 23
665 15
666 10
667 8
668 18
669 11
670 26
671 8
672 16
673 15
674 13
675 11
676 5
677 12
678 11
679 18
680 7
681 17
682 9
683 17
684 13
685 9
686 12
687 18
688 14
689 16
690 15
691 11
692 16
693 2
694 15
695 10
696 13
697 13
698 14
699 17
700 14
701 11
702 14
703 8
704 12
705 9
706 15
707 14
708 14
709 15
710 12
711 14
712 13
713 16
714 19
715 16
716 26
717 14
718 24
719 29
720 22
721 28
722 14
723 21
724 33
725 30
726 26
727 29
728 26
729 22
730 22
731 26
732 29
733 38
734 26
735 35
736 44
737 48
738 50
739 35
740 44
741 56
742 71
743 66
744 78
745 62
746 73
747 94
748 72
749 85
750 87
751 82
752 85
753 85
754 103
755 87
756 87
757 89
758 89
759 101
760 90
761 120
762 124
763 125
764 111
765 131
766 108
767 130
768 139
769 151
770 130
771 129
772 131
773 139
774 144
775 151
776 149
777 161
778 157
779 141
780 168
781 133
782 150
783 162
784 162
785 146
786 159
787 142
788 133
789 127
790 145
791 136
792 147
793 140
794 169
795 153
796 149
797 139
798 129
799 152
800 142
801 166
802 167
803 117
804 129
805 120
806 95
807 114
808 122
809 130
810 124
811 103
812 125
813 111
814 83
815 112
816 99
817 89
818 85
819 90
820 86
821 79
822 69
823 74
824 78
825 65
826 61
827 64
828 64
829 62
830 53
831 60
832 40
833 50
834 36
835 32
836 46
837 31
838 50
839 40
840 38
841 32
842 36
843 26
844 31
845 27
846 45
847 31
848 29
849 25
850 22
851 20
852 20
853 30
854 30
855 25
856 27
857 24
858 20
859 19
860 23
861 21
862 23
863 20
864 26
865 23
866 19
867 28
868 19
869 25
870 21
871 17
872 29
873 22
874 18
875 19
876 26
877 16
878 27
879 26
880 29
881 37
882 33
883 30
884 22
885 24
886 27
887 24
888 25
889 13
890 21
891 21
892 13
893 8
894 18
895 18
896 9
897 21
898 22
899 25
900 15
901 16
902 14
903 13
904 17
905 10
906 14
907 12
908 19
909 13
910 14
911 12
912 10
913 11
914 12
915 12
916 14
917 11
918 16
919 5
920 14
921 16
922 13
923 14
924 15
925 21
926 12
927 13
928 17
929 10
930 9
931 9
932 3
933 11
934 7
935 4
936 8
937 9
938 5
939 8
940 12
941 4
942 7
943 7
944 6
945 5
946 11
947 6
948 5
949 4
950 2
951 9
952 7
953 2
954 3
955 1
956 2
957 4
958 4
959 4
960 5
961 2
962 2
963 1
964 5
965 5
966 6
967 4
968 3
969 3
970 4
971 2
972 7
973 1
974 3
975 3
976 6
977 3
978 2
979 5
980 3
981 7
982 3
983 5
984 5
985 1
986 4
987 8
988 11
989 6
990 7
991 11
992 5
993 8
994 13
995 12
996 19
997 16
998 10
999 18
1000 10
1001 17
1002 17
1003 27
1004 26
1005 31
1006 21
1007 23
1008 19
1009 29
1010 22
1011 29
1012 30
1013 20
1014 23
1015 26
1016 30
1017 36
1018 38
1019 30
1020 39
1021 34
1022 40
1023 38
1024 40
1025 49
1026 44
1027 45
1028 51
1029 48
1030 49
1031 46
1032 51
1033 50
1034 43
1035 38
1036 46
1037 42
1038 41
1039 54
1040 42
1041 38
1042 44
1043 44
1044 39
1045 46
1046 41
1047 41
1048 37
1049 45
1050 38
1051 42
1052 40
1053 36
1054 47
1055 31
1056 37
1057 47
1058 47
1059 42
1060 38
1061 32
1062 56
1063 36
1064 23
1065 40
1066 36
1067 39
1068 37
1069 27
1070 33
1071 24
1072 25
1073 35
1074 31
1075 28
1076 22
1077 35
1078 26
1079 20
1080 25
1081 26
1082 20
1083 36
1084 27
1085 20
1086 30
1087 38
1088 21
1089 26
1090 31
1091 26
1092 31
1093 21
1094 18
1095 39
1096 29
1097 35
1098 41
1099 45
1100 35
1101 33
1102 33
1103 32
1104 30
1105 28
1106 35
1107 42
1108 47
1109 44
1110 40
1111 57
1112 33
1113 37
1114 38
1115 57
1116 34
1117 51
1118 44
1119 44
1120 41
1121 43
1122 46
1123 41
1124 35
1125 48
1126 42
1127 38
1128 34
1129 41
1130 32
1131 35
1132 42
1133 33
1134 32
1135 41
1136 28
1137 31
1138 22
1139 38
1140 27
1141 47
1142 25
1143 32
1144 33
1145 23
1146 23
1147 25
1148 33
1149 27
1150 19
1151 34
1152 22
1153 29
1154 20
1155 27
1156 26
1157 26
1158 20
1159 31
1160 38
1161 30
1162 29
1163 33
1164 29
1165 23
1166 28
1167 18
1168 21
1169 25
1170 20
1171 17
1172 21
1173 20
1174 16
1175 14
1176 20
1177 13
1178 9
1179 15
1180 17
1181 13
1182 9
1183 10
1184 10
1185 16
1186 10
1187 6
1188 9
1189 4
1190 7
1191 5
1192 4
1193 6
1194 9
1195 2
1196 5
1197 2
1198 4
1199 2
1200 3
1201 3
1203 5
1204 1
1206 4
1207 3
1208 1
1210 1
1211 2
1212 6
1213 1
1214 1
1215 1
1216 2
1217 2
1218 3
1220 2
1221 3
1222 1
1223 1
1224 4
1225 2
1226 6
1227 4
1228 6
1229 5
1230 5
1231 5
1232 4
1233 3
1234 4
1235 7
1236 6
1237 8
1238 6
1239 6
1240 2
1241 4
1242 7
1243 2
1244 9
1245 11
1246 5
1247 10
1248 11
1249 6
1250 11
1251 14
1252 10
1253 8
1254 11
1255 8
1256 17
1257 12
1258 19
1259 13
1260 17
1261 19
1262 9
1263 23
1264 15
1265 16
1266 13
1267 17
1268 20
1269 15
1270 12
1271 9
1272 12
1273 29
1274 18
1275 28
1276 10
1277 18
1278 19
1279 28
1280 22
1281 21
1282 23
1283 22
1284 17
1285 24
1286 27
1287 27
1288 32
1289 23
1290 24
1291 33
1292 35
1293 29
1294 32
1295 27
1296 22
1297 21
1298 27
1299 32
1300 32
1301 27
1302 23
1303 20
1304 27
1305 33
1306 32
1307 38
1308 28
1309 24
1310 28
1311 16
1312 23
1313 21
1314 31
1315 24
1316 29
1317 36
1318 34
1319 29
1320 30
1321 22
1322 28
1323 28
1324 30
1325 21
1326 23
1327 21
1328 21
1329 26
1330 20
1331 9
1332 16
1333 19
1334 15
1335 16
1336 15
1337 22
1338 13
1339 17
1340 16
1341 9
1342 9
1343 9
1344 14
1345 9
1346 10
1347 17
1348 8
1349 9
1350 5
1351 9
1352 9
1353 10
1354 7
1355 9
1356 10
1357 10
1358 17
1359 16
1360 15
1361 4
1362 13
1363 9
1364 6
1365 13
1366 12
1367 14
1368 7
1369 8
1370 9
1371 8
1372 13
1373 10
1374 11
1375 13
1376 10
1377 11
1378 6
1379 14
1380 12
1381 14
1382 6
1383 12
1384 15
1385 10
1386 16
1387 19
1388 12
1389 11
1390 9
1391 8
1392 14
1393 15
1394 18
1395 16
1396 16
1397 17
1398 16
1399 17
1400 18
1401 13
1402 14
1403 12
1404 21
1405 17
1406 14
1407 16
1408 10
1409 14
1410 19
1411 11
1412 15
1413 12
1414 8
1415 7
1416 17
1417 20
1418 17
1419 17
1420 25
1421 20
1422 17
1423 19
1424 19
1425 20
1426 12
1427 16
1428 17
1429 12
1430 16
1431 14
1432 18
1433 11
1434 15
1435 9
1436 10
1437 17
1438 18
1439 16
1440 13
1441 9
1442 9
1443 12
1444 13
1445 5
1446 11
1447 15
1448 7
1449 10
1450 6
1451 10
1452 3
1453 11
1454 10
1455 8
1456 7
1457 10
1458 5
1459 8
1460 12
1461 7
1462 9
1463 9
1464 8
1465 5
1466 5
1467 4
1468 4
1469 6
1470 3
1471 6
1472 8
1473 1
1474 3
1475 2
1476 2
1477 1
1478 3
1479 1
1480 5
1481 2
1482 3
1483 2
1484 2
1485 4
1486 9
1487 4
1488 4
1489 9
1490 6
1491 4
1492 7
1493 6
1494 4
1495 9
1496 6
1497 6
1498 7
1499 7
1500 9
1501 12
1502 8
1503 11
1504 9
1505 8
1506 6
1507 7
1508 11
1509 7
1510 11
1511 8
1512 11
1513 9
1514 16
1515 15
1516 16
1517 12
1518 19
1519 11
1520 16
1521 25
1522 13
1523 16
1524 15
1525 17
1526 18
1527 16
1528 22
1529 17
1530 31
1531 15
1532 15
1533 23
1534 15
1535 23
1536 19
1537 17
1538 21
1539 21
1540 28
1541 22
1542 24
1543 22
1544 22
1545 23
1546 20
1547 29
1548 19
1549 24
1550 22
1551 34
1552 20
1553 20
1554 19
1555 24
1556 31
1557 30
1558 22
1559 27
1560 24
1561 20
1562 26
1563 25
1564 24
1565 11
1566 18
1567 19
1568 16
1569 13
1570 16
1571 24
1572 18
1573 20
1574 27
1575 16
1576 22
1577 22
1578 18
1579 22
1580 26
1581 14
1582 18
1583 17
1584 12
1585 17
1586 9
1587 10
1588 17
1589 13
1590 15
1591 12
1592 13
1593 10
1594 12
1595 11
1596 11
1597 12
1598 12
1599 11
1600 14
1601 12
1602 16
1603 5
1604 8
1605 10
1606 8
1607 9
1608 11
1609 8
1610 7
1611 9
1612 11
1613 8
1614 11
1615 5
1616 4
1617 5
1618 12
1619 8
1620 10
1621 8
1622 8
1623 6
1624 5
1625 5
1626 4
1627 3
1628 3
1629 3
1630 7
1631 5
1632 6
1633 5
1634 2
1635 7
1636 4
1637 4
1638 5
1639 5
1640 5
1641 2
1642 1
1643 6
1644 4
1645 6
1646 4
1647 2
1648 4
1649 6
1650 2
1651 8
1652 5
1653 4
1654 8
1655 5
1656 6
1657 4
1658 4
1659 6
1660 6
1661 5
1662 6
1663 6
1664 5
1665 6
1666 5
1667 11
1668 6
1669 4
1670 7
1671 1
1672 4
1674 2
1675 5
1676 2
1677 3
1678 2
1679 2
1680 3
1681 2
1682 3
1683 3
1684 1
1685 7
1686 3
1687 3
1688 5
1689 6
1690 4
1691 1
1692 4
1693 4
1694 5
1695 4
1696 8
1697 1
1698 4
1699 3
1700 5
1701 4
1702 1
1703 3
1704 2
1705 4
1706 4
1707 7
1708 4
1709 2
1710 4
1711 5
1712 8
1713 5
1714 2
1715 5
1716 1
1717 3
1718 6
1719 1
1720 2
1721 1
1723 1
1725 2
1726 5
1727 3
1728 3
1730 1
1731 1
1732 2
1734 1
1735 3
1736 1
1737 1
1738 1
1739 1
1740 3
1741 1
1742 2
1745 1
1746 1
1747 1
1749 2
1750 1
1751 1
1752 2
1757 1
1759 1
1762 1
1763 1
1764 1
1765 2
1766 2
1768 1
1769 1
1770 2
1771 1
1772 2
1773 1
1774 4
1776 2
1777 2
1778 8
1779 2
1780 5
1782 5
1783 3
1784 4
1785 3
1786 3
1787 6
1788 4
1789 4
1790 3
1791 6
1792 1
1793 2
1794 3
1795 2
1797 8
1798 5
1799 2
1800 6
1801 6
1802 2
1803 1
1804 1
1805 3
1807 3
1808 1
1809 2
1810 2
1811 4
1812 1
1813 3
1814 5
1815 3
1816 5
1817 2
1818 5
1819 1
1820 1
1821 4
1822 3
1823 3
1824 2
1825 2
1826 3
1827 3
1828 2
1829 2
1830 3
1831 3
1833 6
1834 4
1836 5
1837 3
1838 4
1839 6
1840 4
1841 1
1842 2
1844 5
1845 2
1848 2
1849 3
1850 1
1851 2
1852 1
1854 1
1855 1
1856 1
1857 3
1858 1
1859 7
1860 4
1861 7
1862 2
1863 1
1864 4
1865 3
1866 4
1867 4
1868 5
1870 1
1871 1
1872 1
1874 1
1875 2
1876 1
1878 1
1879 1
1881 2
1882 1
1884 2
1886 1
1888 1
1889 1
1894 1
1898 1
1900 1
1912 1
1914 1
1924 1
1926 1
1928 1
1930 1
1933 1
1936 1
1939 1
1944 1
1946 3
1947 1
1954 2
1956 2
1961 1
1962 2
1965 2
1967 2
1969 1
1973 1
1975 1
1976 1
1980 1
1982 1
1983 2
1987 1
1988 2
1992 1
1994 1
1997 1
1998 1
2003 2
2004 1
2005 2
2007 3
2008 1
2009 1
2010 1
2011 1
2012 1
2013 1
2014 1
2016 1
2018 1
2020 1
2021 2
2022 2
2023 1
2024 1
2025 1
2026 2
2027 1
2028 1
2031 1
2033 1
2035 1
2036 2
2038 2
2040 2
2041 3
2042 1
2043 1
2044 2
2045 2
2046 3
2047 1
2048 1
2049 1
2051 1
2054 1
2055 1
2056 2
2061 1
2062 2
2064 2
2065 1
2067 1
2072 1
2073 2
2075 1
2079 1
2080 2
2081 1
2083 1
2085 1
2087 1
2088 2
2089 2
2090 2
2092 1
2095 2
2096 1
2097 2
2098 3
2099 2
2100 1
2101 3
2102 2
2104 1
2105 1
2106 1
2107 1
2108 2
2109 1
2110 3
2111 1
2112 3
2113 2
2114 4
2115 3
2116 2
2117 2
2118 3
2120 2
2122 1
2124 5
2125 3
2126 1
2127 3
2128 5
2129 3
2130 7
2132 1
2133 2
2134 3
2135 2
2136 4
2137 1
2138 3
2140 3
2141 3
2142 1
2143 1
2144 3
2145 1
2146 3
2147 1
2148 1
2149 2
2150 1
2151 2
2152 3
2154 1
2155 3
2156 1
2157 3
2158 1
2159 6
2160 1
2161 1
2165 1
2166 1
2167 1
2170 2
2172 1
2181 1
2184 1
2188 1
2191 1
2193 1
2204 2
2206 2
2208 1
2209 1
2210 1
2211 2
2212 4
2213 3
2214 2
2215 1
2216 1
2217 1
2221 1
2222 2
2223 1
2224 2
2225 1
2227 2
2228 1
2229 1
2230 2
2231 1
2235 1
2238 1
2240 1
2249 1
2251 1
2253 1
2258 1
2260 2
2263 1
2265 2
2266 1
2268 1
2269 1
2274 2
2275 1
2276 1
2284 2
2285 4
2286 2
2287 1
2289 2
2290 2
2292 1
2293 4
2294 3
2295 3
2297 2
2298 1
2299 1
2301 3
2303 3
2304 6
2305 3
2306 4
2307 1
2308 1
2309 2
2310 1
2311 1
2312 1
2313 1
2314 2
2315 1
2316 2
2317 1
2319 1
2321 2
2322 2
2323 5
2324 2
2325 1
2326 4
2327 2
2328 3
2329 2
2330 1
2331 3
2332 4
2334 4
2336 2
2337 3
2338 2
2339 3
2342 1
2343 1
2344 1
2347 2
2370 1
2372 1
2373 1
2376 1
2378 2
2380 2
2383 2
2384 2
2388 2
2389 2
2390 3
2393 1
2396 1
2398 2
2400 2
2404 2
2406 1
2407 2
2408 1
2413 1
2414 1
2416 1
2419 3
2422 1
2427 1
2451 1
2455 1
2465 1
2467 1
2475 3
2479 1
2481 1
2484 1
2485 1
2486 1
2492 1
2494 1
2495 2
2496 1
2497 1
2501 2
2504 2
2507 1
2509 1
2512 1
2513 1
2514 1
2515 2
2519 1
2521 4
2522 1
2523 1
2524 1
2526 1
2529 1
2530 1
2531 1
2533 1
2534 1
2536 1
2538 1
2540 1
2541 3
2545 1
2546 2
2549 3
2551 1
2553 1
2554 1
2555 3
2556 3
2557 3
2558 1
2559 3
2560 2
2561 2
2563 1
2564 5
2565 1
2566 2
2567 1
2569 1
2571 3
2573 1
2574 1
2575 2
2578 1
2579 3
2580 1
2581 1
2582 2
2583 1
2584 4
2585 1
2586 1
2587 2
2588 4
2589 3
2590 1
2591 4
2592 2
2593 2
2594 1
2595 4
2596 1
2597 4
2598 3
2599 5
2600 2
2601 1
2602 2
2603 5
2604 4
2605 3
2606 1
2607 1
2609 1
2610 3
2611 2
2613 2
2614 1
2615 6
2616 2
2617 1
2619 4
2620 4
2621 2
2622 3
2623 3
2624 2
2625 6
2626 2
2627 1
2628 3
2629 4
2630 2
2631 5
2632 1
2633 1
2634 2
2635 3
2636 2
2637 2
2638 1
2639 2
2640 1
2641 1
2642 2
2643 1
2644 1
2645 1
2646 1
2647 5
2648 3
2649 2
2650 3
2652 1
2653 2
2654 2
2655 1
2656 4
2657 2
2658 1
2659 2
2660 2
2661 3
2662 4
2664 2
2665 2
2667 1
2669 1
2670 1
2671 1
2674 1
2682 1
2684 1
2690 2
2691 1
2701 1
2704 2
2706 1
2714 1
2716 1
2718 1
2719 1
2720 1
2722 2
2723 1
2725 2
2728 1
2729 1
2730 2
2732 1
2733 1
2734 2
2741 1
2742 2
2747 1
2748 1
2751 1
2753 1
2754 2
2755 4
2756 2
2757 2
2758 1
2759 2
2760 1
2764 1
2767 1
2769 2
2771 2
2773 1
2774 2
2775 3
2776 1
2778 1
2779 1
2780 1
2781 2
2785 1
2789 1
2791 1
2792 2
2794 2
2795 1
2798 2
2802 1
2803 1
2806 2
2807 3
2808 1
2810 2
2812 2
2813 2
2815 2
2816 2
2817 1
2818 2
2819 2
2820 1
2822 1
2823 1
2824 1
2825 3
2826 4
2827 4
2828 3
2829 4
2830 6
2831 3
2833 3
2835 3
2836 4
2837 1
2838 6
2839 3
2840 3
2841 2
2842 1
2843 2
2845 1
2846 2
2850 2
2851 3
2853 2
2854 1
2855 2
2856 3
2857 1
2859 3
2860 2
2861 5
2862 3
2863 4
2864 4
2865 3
2866 6
2867 4
2868 2
2869 2
2870 2
2871 4
2872 3
2873 9
2874 4
2875 4
2876 4
2877 1
2878 3
2879 5
2880 3
2881 8
2882 9
2883 6
2884 5
2885 9
2886 9
2887 6
2888 7
2889 6
2890 4
2891 6
2892 8
2893 4
2894 6
2895 3
2896 6
2897 3
2898 5
2899 6
2900 11
2901 2
2902 4
2903 4
2904 2
2905 3
2906 3
2907 5
2908 7
2909 8
2910 6
2911 2
2912 2
2913 4
2914 4
2915 2
2916 2
2917 2
2918 3
2919 5
2920 3
2921 3
2922 4
2923 2
2924 5
2925 7
2926 4
2927 4
2928 2
2929 1
2930 2
2931 5
2932 2
2933 1
2934 1
2935 1
2936 2
2937 2
2938 3
2939 3
2941 1
2942 1
2943 1
2944 2
2945 2
2946 1
2947 1
2948 2
2949 1
2951 1
2952 1
2954 2
2959 1
2961 1
2963 1
2965 2
2967 1
2968 1
2969 1
2982 1
2997 1
2998 1
3002 1
3003 1
3004 2
3006 2
3007 3
3010 1
3011 3
3012 1
3015 1
3016 1
3017 2
3018 1
3022 1
3023 3
3024 1
3025 1
3026 1
3027 2
3028 2
3029 2
3030 1
3031 2
3032 1
3033 4
3036 1
3038 1
3046 2
3047 1
3053 1
3057 1
3063 1
3065 1
3066 1
3068 2
3069 1
3071 1
3072 1
3073 1
3074 3
3075 1
3077 1
3084 1
3087 2
3088 1
3089 1
3099 1
3101 2
3102 1
3104 1
3105 1
3106 1
3107 1
3108 3
3109 1
3110 4
3111 4
3112 2
3113 2
3114 1
3115 1
3116 2
3117 4
3118 3
3119 3
3120 2
3121 1
3122 2
3123 2
3124 3
3125 1
3126 6
3127 1
3128 2
3129 2
3130 1
3131 3
3132 3
3133 1
3134 3
3135 3
3137 2
3138 1
3139 2
3140 2
3142 2
3143 2
3144 2
3145 3
3146 4
3147 3
3148 3
3149 2
3150 1
3151 2
3154 3
3155 2
3156 1
3159 1
3160 2
3161 1
3163 1
3164 2
3165 1
3167 1
3168 1
3169 2
3171 2
3172 3
3174 1
3175 1
3176 2
3177 1
3178 1
3179 1
3180 2
3181 2
3182 2
3183 1
3184 2
3186 2
3187 2
3189 1
3190 1
3191 1
3192 1
3193 2
3195 1
3196 5
3204 1
3205 1
3206 2
3209 2
3211 1
3214 2
3215 1
3216 1
3217 1
3219 1
3222 1
3225 1
3226 1
3229 1
3230 1
3231 1
3235 1
3236 1
3237 1
3240 1
3242 1
3243 2
3245 1
3246 1
3247 2
3248 1
3249 3
3252 1
3253 1
3256 1
3257 1
3258 1
3260 3
3261 1
3263 1
3265 1
3266 1
3267 1
3268 1
3269 2
3270 1
3271 1
3272 2
3274 3
3276 3
3277 4
3278 2
3280 1
3282 1
3283 1
3285 1
3287 1
3288 1
3289 1
3290 1
3292 1
3293 1
3294 1
3295 1
3296 2
3299 1
3302 4
3303 1
3306 1
3307 1
3308 1
3309 1
3310 2
3311 4
3314 1
3315 2
3317 1
3318 1
3319 2
3320 1
3321 2
3324 1
3325 5
3326 2
3327 1
3328 2
3329 1
3330 2
3331 6
3333 2
3336 2
3337 1
3340 1
3343 2
3348 3
3349 3
3350 1
3351 3
3353 2
3354 1
3355 2
3356 4
3357 2
3359 2
3360 5
3361 3
3362 3
3363 1
3364 3
3366 2
3367 1
3368 2
3369 4
3370 1
3371 3
3372 1
3373 2
3374 1
3375 3
3376 1
3377 1
3378 2
3379 1
3380 4
3381 1
3382 2
3383 2
3384 5
3385 6
3386 3
3387 2
3388 4
3389 3
3390 3
3391 4
3392 3
3393 3
3394 2
3395 3
3397 4
3398 4
3399 2
3400 2
3401 5
3402 1
3403 1
3404 3
3406 2
3408 3
3409 2
3410 1
3411 4
3414 1
3415 2
3417 2
3418 1
3419 1
3420 3
3421 1
3423 1
3425 1
3432 1
3433 2
3435 1
3436 1
3438 2
3441 1
3444 1
3446 1
3447 1
3448 1
3449 1
3452 3
3454 1
3455 1
3457 1
3458 2
3459 1
3462 1
3465 2
3466 1
3469 1
3471 5
3472 4
3473 2
3477 1
3478 2
3480 3
3481 1
3482 3
3483 3
3485 1
3486 1
3488 2
3492 1
3493 1
3494 1
3495 1
3496 1
3497 1
3499 1
3503 2
3507 3
3509 1
3510 2
3511 1
3512 1
3517 1
3518 2
3520 1
3521 1
3522 1
3524 1
3525 2
3526 1
3529 2
3531 1
3532 1
3534 1
3535 3
3537 4
3538 1
3540 2
3541 1
3543 2
3545 1
3547 7
3548 1
3549 1
3550 5
3551 2
3553 2
3554 3
3555 3
3556 5
3557 2
3558 6
3559 2
3560 2
3561 4
3562 3
3563 2
3564 1
3565 2
3566 2
3567 1
3568 3
3569 1
3570 2
3571 1
3572 5
3573 3
3574 2
3575 1
3577 3
3578 2
3579 4
3580 1
3583 5
3584 1
3585 1
3588 1
3591 1
3592 1
3593 1
3594 2
3596 5
3597 2
3599 1
3601 3
3602 4
3603 4
3604 1
3605 1
3606 6
3608 4
3609 1
3610 2
3611 1
3613 2
3614 2
3615 1
3617 1
3619 3
3620 2
3621 2
3622 4
3623 2
3625 2
3626 1
3631 3
3633 1
3634 1
3636 1
3637 1
3638 1
3643 2
3644 1
3645 1
3647 2
3650 2
3653 1
3662 1
3665 1
3679 1
3681 2
3683 1
3686 1
3689 1
3691 1
3694 2
3695 2
3696 3
3701 1
3703 1
3706 1
3715 1
3719 1
3727 1
3732 1
3736 1
3753 1
3768 1
3777 1
3778 1
3782 2
3783 1
3787 1
3788 2
3789 1
3791 1
3793 1
3794 1
3795 2
3796 3
3797 3
3798 4
3799 1
3800 2
3801 1
3802 1
3804 2
3805 4
3806 3
3807 2
3808 1
3809 1
3810 2
3812 3
3816 2
3818 1
3821 1
3824 1
3825 2
3826 3
3827 1
3828 3
3830 1
3832 1
3833 1
3835 2
3836 2
3837 1
3838 4
3839 1
3840 2
3841 1
3843 4
3845 2
3847 2
3848 1
3849 1
3850 2
3851 5
3852 1
3853 1
3855 1
3856 2
3857 1
3859 3
3860 1
3861 1
3862 1
3864 3
3865 3
3866 3
3867 4
3869 2
3870 2
3872 3
3873 1
3874 3
3876 1
3877 2
3878 1
3880 1
3881 3
3882 3
3883 1
3884 2
3885 2
3886 1
3887 2
3888 2
3889 6
3890 2
3892 5
3893 2
3895 3
3896 3
3897 2
3898 1
3899 2
3900 2
3901 1
3902 5
3903 1
3904 2
3905 1
3906 1
3907 4
3908 4
3909 1
3912 4
3913 1
3914 1
3915 2
3916 1
3918 3
3919 2
3921 3
3922 1
3923 1
3924 5
3925 7
3926 4
3927 4
3928 4
3929 8
3930 4
3931 4
3932 5
3933 2
3934 5
3935 2
3936 6
3937 4
3938 7
3939 11
3940 1
3941 4
3942 5
3943 2
3944 7
3945 4
3946 4
3947 3
3948 3
3949 4
3950 2
3951 1
3952 5
3953 3
3954 1
3955 3
3957 1
3959 1
3960 1
3964 1
3965 1
3969 1
3971 1
3972 1
3975 2
3976 1
3979 1
3980 3
3982 3
3983 1
3984 1
3986 3
3987 1
3988 1
3989 1
3990 1
3992 1
3994 1
3996 1
3997 2
3999 1
4000 1
4001 2
4002 1
4003 4
4007 3
4008 1
4018 1
4020 1
4021 2
4035 1
4041 1
4043 1
4053 1
4058 1
4059 2
4062 1
4063 2
4064 2
4076 1
4081 2
4082 1
4086 1
4087 1
4090 3
4094 2
4095 1
4096 1
4099 1
4100 1
4101 1
4102 1
4103 1
4104 1
4105 1
4106 1
4107 1
4109 1
4110 2
4115 1
4116 1
4118 1
4119 1
4120 1
4121 1
4122 1
4126 1
4127 2
4129 3
4131 1
4133 1
4137 1
4138 1
4140 1
4141 3
4142 1
4143 1
4145 2
4146 1
4147 2
4149 1
4152 2
4153 1
4156 2
4157 1
4158 1
4159 1
4163 1
4167 2
4168 1
4172 1
4173 1
4174 1
4176 3
4177 2
4178 2
4179 3
4183 2
4184 3
4186 3
4187 2
4188 2
4190 2
4192 3
4193 1
4194 4
4195 2
4196 1
4197 3
4198 1
4201 2
4207 1
4222 1
4224 1
4247 1
4248 1
4253 1
4258 1
4262 1
4330 1
4333 1
4343 1
4346 1
4349 1
4350 2
4351 2
4352 1
4359 1
4362 1
4363 2
4366 2
4368 1
4369 1
4372 1
4375 2
4376 2
4381 2
4382 2
4383 2
4384 1
4386 1
4390 2
4393 2
4395 2
4396 1
4398 1
4399 2
4401 1
4405 1
4406 1
4407 2
4408 2
4409 2
4410 1
4411 1
4412 2
4413 3
4414 4
4415 2
4416 1
4418 4
4420 2
4421 1
4422 3
4423 1
4424 1
4426 6
4429 5
4431 2
4433 1
4434 1
4435 1
4436 1
4437 3
4438 5
4439 2
4441 2
4442 2
4444 2
4447 2
4448 1
4449 2
4451 2
4453 1
4454 1
4456 1
4457 2
4458 1
4459 2
4462 2
4466 1
4470 2
4472 2
4473 1
4475 3
4476 2
4479 2
4484 2
4485 2
4487 1
4489 2
4493 1
4494 1
4495 3
4496 2
4497 2
4499 1
4502 3
4503 1
4504 2
4505 1
4506 2
4509 2
4511 1
4512 1
4513 1
4515 2
4518 1
4519 2
4520 1
4522 2
4523 3
4524 3
4526 4
4527 4
4528 3
4529 3
4530 5
4531 1
4532 1
4533 1
4534 3
4536 3
4537 3
4538 1
4541 1
4548 1
4550 1
4554 1
4628 1
4631 1
4634 1
4640 1
4641 1
4646 1
4647 3
4648 1
4649 1
4650 1
4651 1
4652 1
4653 1
4655 1
4656 1
4658 4
4660 1
4661 1
4662 2
4665 1
4667 1
4668 2
4669 1
4670 2
4673 1
4677 1
4678 1
4680 1
4681 1
4682 3
4683 1
4684 1
4687 2
4688 1
4691 2
4692 1
4693 1
4694 2
4696 2
4698 1
4699 1
4703 1
4705 1
4706 2
4714 1
4716 1
4717 1
4719 2
4722 1
4723 1
4724 1
4726 1
4728 2
4730 1
4731 1
4732 1
4734 2
4735 1
4736 2
4739 1
4740 1
4742 1
4744 1
4745 1
4748 2
4749 1
4753 1
4761 1
4765 1
4770 1
4781 2
4785 1
4787 1
4791 1
4797 1
4803 1
4806 1
4807 2
4811 1
4816 1
4818 1
4820 1
4824 1
4827 1
4828 1
4829 1
4831 2
4833 1
4838 1
4842 1
4845 2
4847 1
4851 1
4855 2
4857 2
4973 1
4996 1
5020 1
5022 1
5039 1
5185 1
5191 1
5432 1
5437 1
5546 1
5808 1
5997 1
6032 1
6089 1
6215 1
6227 1
6284 1
6366 1
6368 1
6372 2
6373 1
6374 2
6376 1
6381 1
6392 1
6430 2
6439 1
6441 1
6445 1
6447 2
6448 1
6458 1
6605 1
6710 1
6918 1
6924 1
6928 1
6937 1
6938 1
6942 1
6948 1
6954 1
6959 1
7115 1
7207 1
7382 1
7483 1
7598 1
7604 1
7661 1
7859 1
8138 1
8696 1
9185 1
9190 1
9194 1
9451 1
9452 1
9460 1
9472 1
9495 1
9497 1
9498 2
9670 1
9742 1
9745 1
9776 1
9777 2
9781 1
9786 1
9807 1
10001 16
