1 18581441
2 13150426
3 9288422
4 7149515
5 5792942
6 4758091
7 3868740
8 3107043
9 2497385
10 2039376
11 1716606
12 1491382
13 1320512
14 1154986
15 993340
16 833777
17 679635
18 549773
19 439161
20 360516
21 306504
22 276176
23 267707
24 272574
25 288625
26 309864
27 337843
28 367079
29 397527
30 427325
31 455452
32 482852
33 503792
34 523931
35 535450
36 547217
37 558550
38 565208
39 568192
40 572045
41 574235
42 574634
43 572959
44 568089
45 556339
46 541814
47 523911
48 503521
49 481989
50 455642
51 429224
52 404379
53 377390
54 355017
55 336613
56 320247
57 307534
58 298112
59 291423
60 289069
61 287020
62 284250
63 281233
64 278106
65 271994
66 262012
67 252295
68 239931
69 225272
70 208102
71 191431
72 174984
73 156781
74 140112
75 123356
76 109142
77 96491
78 85750
79 77007
80 71054
81 67819
82 66963
83 69005
84 72915
85 79421
86 87973
87 99576
88 112176
89 126912
90 143940
91 163388
92 183109
93 203463
94 224688
95 246940
96 268262
97 290545
98 313038
99 333596
100 353826
101 372365
102 391223
103 407527
104 421222
105 433693
106 444531
107 451848
108 459225
109 464556
110 467877
111 464930
112 462414
113 458968
114 452624
115 446055
116 438663
117 430415
118 417499
119 406146
120 392630
121 379589
122 366113
123 351000
124 334302
125 319234
126 303599
127 286877
128 273333
129 258659
130 242069
131 225724
132 211203
133 196743
134 182596
135 168894
136 155023
137 141693
138 129247
139 117177
140 105965
141 95704
142 85543
143 76797
144 67889
145 60615
146 54058
147 47833
148 41932
149 37857
150 33606
151 29948
152 26778
153 24372
154 21899
155 19889
156 18322
157 16730
158 15667
159 14675
160 13753
161 13296
162 12602
163 12026
164 11482
165 10842
166 10468
167 10052
168 9692
169 9200
170 8857
171 8442
172 7897
173 7456
174 7015
175 6739
176 5998
177 6020
178 5629
179 5201
180 4867
181 4551
182 4398
183 4183
184 4127
185 3773
186 3582
187 3458
188 3366
189 3145
190 3143
191 3065
192 2936
193 2931
194 2963
195 2954
196 2904
197 2968
198 2939
199 3094
200 3108
201 3009
202 3008
203 2920
204 2903
205 2939
206 3046
207 2884
208 2809
209 2749
210 2673
211 2658
212 2526
213 2501
214 2424
215 2418
216 2410
217 2267
218 2041
219 2108
220 1971
221 2029
222 2022
223 2012
224 1958
225 1933
226 1994
227 1783
228 1741
229 1773
230 1735
231 1602
232 1654
233 1636
234 1581
235 1572
236 1505
237 1494
238 1460
239 1454
240 1388
241 1543
242 1480
243 1406
244 1358
245 1334
246 1311
247 1324
248 1270
249 1168
250 1189
251 1123
252 1076
253 1076
254 1063
255 1008
256 974
257 989
258 933
259 902
260 861
261 813
262 783
263 688
264 725
265 684
266 687
267 662
268 600
269 587
270 560
271 496
272 495
273 462
274 388
275 375
276 352
277 335
278 344
279 334
280 333
281 275
282 230
283 247
284 231
285 222
286 200
287 204
288 172
289 176
290 186
291 207
292 178
293 186
294 184
295 170
296 177
297 153
298 157
299 186
300 173
301 173
302 158
303 164
304 139
305 192
306 157
307 189
308 181
309 184
310 209
311 229
312 246
313 214
314 253
315 237
316 281
317 237
318 281
319 258
320 266
321 301
322 289
323 266
324 295
325 275
326 283
327 290
328 329
329 316
330 284
331 313
332 249
333 289
334 254
335 279
336 274
337 263
338 238
339 235
340 232
341 232
342 207
343 226
344 233
345 223
346 238
347 218
348 245
349 254
350 227
351 241
352 241
353 228
354 240
355 242
356 218
357 258
358 224
359 237
360 235
361 238
362 234
363 205
364 221
365 235
366 214
367 227
368 222
369 246
370 247
371 273
372 244
373 253
374 253
375 243
376 241
377 235
378 262
379 242
380 244
381 235
382 257
383 246
384 230
385 211
386 208
387 209
388 214
389 228
390 193
391 197
392 231
393 224
394 214
395 229
396 236
397 218
398 235
399 207
400 231
401 192
402 185
403 190
404 185
405 184
406 182
407 202
408 170
409 192
410 181
411 163
412 179
413 166
414 186
415 178
416 178
417 154
418 169
419 148
420 162
421 172
422 180
423 152
424 162
425 133
426 172
427 173
428 148
429 138
430 128
431 152
432 133
433 160
434 143
435 150
436 158
437 155
438 167
439 160
440 162
441 143
442 157
443 150
444 151
445 140
446 156
447 137
448 119
449 148
450 109
451 138
452 106
453 106
454 115
455 114
456 103
457 86
458 108
459 106
460 85
461 102
462 78
463 91
464 52
465 82
466 89
467 84
468 69
469 62
470 69
471 81
472 78
473 87
474 55
475 58
476 70
477 61
478 61
479 59
480 66
481 49
482 48
483 67
484 67
485 62
486 50
487 73
488 68
489 69
490 60
491 80
492 62
493 60
494 61
495 62
496 42
497 55
498 58
499 43
500 44
501 48
502 68
503 50
504 52
505 70
506 71
507 68
508 74
509 63
510 77
511 85
512 87
513 98
514 81
515 82
516 104
517 68
518 95
519 86
520 100
521 100
522 109
523 115
524 140
525 89
526 129
527 104
528 108
529 114
530 98
531 101
532 96
533 109
534 88
535 107
536 104
537 104
538 91
539 115
540 108
541 100
542 96
543 99
544 106
545 109
546 85
547 92
548 102
549 91
550 106
551 84
552 93
553 98
554 80
555 88
556 92
557 95
558 92
559 92
560 103
561 90
562 80
563 80
564 81
565 81
566 77
567 94
568 89
569 68
570 85
571 79
572 59
573 72
574 78
575 70
576 57
577 61
578 56
579 54
580 53
581 67
582 71
583 73
584 71
585 72
586 73
587 64
588 86
589 76
590 75
591 85
592 62
593 76
594 53
595 63
596 54
597 63
598 53
599 48
600 61
601 60
602 54
603 40
604 58
605 39
606 54
607 53
608 40
609 48
610 35
611 29
612 31
613 49
614 31
615 43
616 32
617 38
618 36
619 42
620 35
621 19
622 24
623 20
624 31
625 20
626 21
627 25
628 25
629 27
630 30
631 26
632 25
633 26
634 26
635 33
636 38
637 18
638 26
639 30
640 30
641 22
642 18
643 20
644 26
645 18
646 15
647 27
648 14
649 18
650 19
651 21
652 21
653 11
654 14
655 17
656 23
657 35
658 25
659 25
660 19
661 27
662 22
663 15
664 15
665 21
666 19
667 18
668 22
669 32
670 35
671 33
672 27
673 29
674 23
675 26
676 18
677 28
678 17
679 27
680 22
681 15
682 24
683 18
684 36
685 24
686 29
687 18
688 17
689 17
690 15
691 13
692 19
693 14
694 13
695 17
696 9
697 19
698 24
699 18
700 11
701 6
702 8
703 18
704 13
705 13
706 14
707 13
708 17
709 21
710 16
711 18
712 18
713 13
714 22
715 28
716 30
717 26
718 18
719 28
720 35
721 24
722 28
723 24
724 30
725 35
726 32
727 36
728 26
729 37
730 23
731 24
732 23
733 31
734 28
735 28
736 22
737 19
738 24
739 21
740 22
741 29
742 23
743 27
744 24
745 18
746 15
747 15
748 13
749 15
750 9
751 10
752 10
753 13
754 8
755 13
756 14
757 14
758 17
759 14
760 19
761 14
762 13
763 27
764 17
765 21
766 23
767 19
768 13
769 17
770 24
771 23
772 17
773 17
774 14
775 17
776 20
777 15
778 12
779 6
780 11
781 9
782 6
783 7
784 12
785 9
786 9
787 11
788 13
789 13
790 8
791 13
792 10
793 9
794 13
795 17
796 14
797 9
798 10
799 9
800 15
801 10
802 13
803 14
804 18
805 14
806 18
807 8
808 13
809 8
810 16
811 22
812 13
813 17
814 14
815 14
816 18
817 18
818 33
819 18
820 24
821 12
822 17
823 20
824 27
825 21
826 14
827 18
828 24
829 19
830 26
831 30
832 18
833 19
834 29
835 24
836 24
837 34
838 27
839 18
840 25
841 26
842 23
843 31
844 26
845 29
846 23
847 25
848 19
849 20
850 20
851 24
852 14
853 16
854 12
855 13
856 15
857 18
858 16
859 11
860 7
861 10
862 14
863 20
864 15
865 14
866 13
867 4
868 14
869 12
870 11
871 12
872 17
873 10
874 10
875 16
876 16
877 13
878 12
879 10
880 10
881 6
882 2
883 7
884 13
885 7
886 8
887 7
888 17
889 13
890 5
891 11
892 13
893 9
894 4
895 9
896 3
897 5
898 4
899 8
900 3
901 1
902 8
903 10
904 5
905 9
906 8
907 9
908 5
909 8
910 9
911 7
912 9
913 5
914 7
915 8
916 6
917 3
918 3
919 3
920 3
921 8
922 7
923 4
924 8
925 4
926 9
927 4
928 15
929 9
930 7
931 9
932 10
933 5
934 2
935 10
936 3
937 2
938 5
939 5
940 2
941 8
942 7
943 5
944 2
945 10
946 6
947 1
948 2
949 9
950 3
951 7
952 3
953 2
954 2
955 2
956 3
957 4
958 3
959 7
960 2
961 3
963 2
964 2
966 3
967 3
968 1
969 5
970 7
971 3
972 3
973 5
974 6
975 7
976 7
977 7
978 3
979 5
980 10
981 3
982 4
983 5
984 5
985 2
986 3
987 3
988 2
989 1
990 6
991 2
993 2
995 4
996 2
997 6
998 4
999 2
1000 3
1001 2
1002 4
1003 4
1004 2
1005 5
1006 3
1007 3
1008 3
1009 4
1010 3
1011 3
1012 2
1013 3
1014 4
1015 3
1016 7
1017 2
1018 2
1019 1
1020 1
1021 4
1022 1
1023 2
1024 5
1025 5
1026 3
1027 4
1029 3
1030 6
1031 5
1032 2
1033 5
1034 1
1035 1
1036 5
1037 4
1038 8
1039 4
1040 2
1041 5
1042 8
1043 3
1044 7
1045 5
1046 3
1047 3
1048 7
1049 5
1050 3
1051 3
1052 3
1053 2
1055 2
1056 1
1057 2
1059 2
1060 3
1061 2
1062 5
1063 2
1064 2
1065 1
1066 3
1067 8
1068 6
1069 3
1070 2
1071 5
1072 4
1073 3
1075 2
1076 2
1077 2
1078 1
1079 2
1080 1
1081 4
1082 4
1083 1
1084 2
1085 7
1086 2
1087 4
1088 7
1089 1
1090 2
1091 5
1092 3
1093 3
1094 2
1095 3
1096 3
1097 6
1098 5
1099 4
1100 5
1101 1
1102 4
1103 5
1104 2
1105 5
1106 3
1107 1
1108 3
1109 3
1110 3
1111 1
1112 2
1113 2
1114 1
1115 3
1116 1
1117 4
1118 4
1119 2
1121 5
1122 5
1123 5
1124 4
1125 4
1126 5
1127 3
1128 4
1129 3
1130 5
1131 8
1132 8
1133 5
1134 6
1135 4
1136 4
1137 4
1138 4
1139 3
1140 2
1141 5
1142 4
1143 6
1144 3
1145 3
1146 5
1147 6
1148 4
1149 4
1150 5
1151 4
1152 5
1153 5
1154 3
1155 7
1156 3
1157 3
1158 2
1159 5
1160 4
1161 3
1162 4
1163 1
1164 4
1165 3
1166 5
1167 3
1168 2
1169 3
1170 3
1171 7
1172 4
1173 5
1174 9
1175 10
1176 5
1177 9
1178 8
1179 7
1180 8
1181 2
1182 9
1183 11
1184 12
1185 13
1186 10
1187 5
1188 3
1189 7
1190 7
1191 6
1192 5
1193 8
1194 1
1195 5
1196 6
1197 5
1198 3
1199 5
1200 6
1201 6
1202 1
1203 5
1204 4
1205 4
1206 4
1207 6
1208 5
1209 4
1210 7
1211 9
1212 3
1213 9
1214 7
1215 5
1216 3
1217 6
1218 6
1219 4
1220 2
1221 3
1222 4
1223 3
1224 3
1225 5
1226 3
1227 3
1228 2
1229 5
1230 1
1231 4
1232 5
1233 2
1234 4
1235 4
1236 5
1237 6
1238 2
1239 2
1240 6
1241 5
1242 5
1243 4
1244 8
1245 2
1246 3
1247 5
1248 3
1249 4
1250 5
1251 4
1252 5
1253 6
1254 2
1255 4
1256 4
1257 4
1258 7
1259 1
1260 4
1261 5
1262 3
1263 8
1264 6
1265 6
1266 5
1267 3
1268 5
1269 2
1270 1
1271 2
1272 1
1273 1
1274 2
1276 4
1277 2
1278 1
1279 2
1280 2
1281 3
1282 1
1283 1
1284 3
1286 1
1287 2
1289 1
1290 4
1291 3
1293 3
1294 6
1295 2
1296 3
1297 1
1298 1
1299 4
1300 4
1301 8
1302 2
1303 6
1304 4
1305 4
1306 3
1307 5
1308 3
1309 5
1310 10
1311 2
1312 1
1313 5
1314 2
1315 3
1316 2
1317 3
1318 2
1319 3
1320 3
1321 2
1322 3
1323 3
1324 2
1325 4
1326 1
1327 2
1328 4
1329 4
1330 2
1331 2
1332 3
1333 3
1334 3
1335 1
1336 3
1337 3
1338 4
1339 2
1340 3
1341 5
1342 2
1343 4
1344 7
1345 3
1346 3
1347 1
1348 1
1350 2
1351 8
1352 2
1353 1
1356 2
1357 1
1358 4
1359 2
1362 2
1363 3
1364 2
1365 2
1366 1
1367 2
1368 6
1369 5
1370 3
1371 2
1372 7
1373 4
1374 4
1375 2
1376 3
1377 1
1378 5
1379 7
1380 5
1381 8
1382 6
1383 9
1384 4
1385 4
1386 7
1387 2
1388 7
1389 4
1390 8
1391 4
1392 4
1393 4
1394 4
1395 7
1396 6
1397 3
1398 1
1399 3
1400 4
1401 3
1402 6
1403 4
1404 8
1405 5
1406 3
1407 6
1408 7
1409 3
1410 8
1411 5
1412 4
1413 6
1414 10
1415 12
1416 3
1417 8
1418 2
1419 5
1421 15
1422 4
1423 10
1424 3
1425 11
1426 4
1427 4
1428 8
1429 2
1430 5
1431 4
1432 5
1433 3
1434 4
1435 7
1436 4
1437 7
1438 9
1439 7
1440 9
1441 5
1442 7
1443 11
1444 10
1445 7
1446 6
1447 7
1448 3
1449 5
1450 6
1451 9
1452 8
1453 9
1454 5
1455 1
1456 3
1457 8
1458 6
1459 5
1460 8
1461 3
1462 3
1463 6
1464 3
1465 6
1466 9
1467 5
1468 6
1469 2
1470 5
1471 6
1472 11
1473 3
1474 6
1475 4
1476 2
1477 8
1478 8
1479 6
1480 5
1481 8
1482 2
1483 1
1484 5
1485 4
1486 4
1487 3
1488 7
1489 9
1490 6
1491 8
1492 4
1493 3
1494 7
1495 3
1496 5
1497 3
1498 9
1499 2
1500 8
1501 3
1502 7
1503 8
1504 4
1505 4
1506 7
1507 2
1508 1
1509 8
1510 5
1511 1
1512 7
1513 4
1514 6
1515 6
1516 7
1517 3
1518 6
1519 8
1520 3
1521 3
1522 2
1523 4
1524 6
1525 7
1526 7
1527 2
1528 5
1529 6
1530 5
1531 9
1532 5
1533 4
1534 2
1535 2
1536 4
1537 4
1538 1
1539 1
1540 7
1541 2
1542 2
1543 3
1545 3
1546 4
1547 2
1548 5
1549 4
1550 2
1551 4
1552 1
1553 4
1554 6
1555 4
1556 2
1557 5
1558 4
1559 6
1560 5
1561 5
1562 2
1563 2
1564 2
1565 1
1566 3
1567 9
1568 5
1569 3
1570 2
1571 3
1572 8
1573 9
1574 2
1575 6
1576 5
1577 4
1578 2
1579 4
1580 2
1581 2
1582 2
1583 4
1584 3
1586 3
1587 2
1588 1
1590 3
1592 2
1593 2
1594 1
1595 2
1596 3
1597 4
1598 3
1599 4
1600 3
1601 2
1602 4
1603 2
1604 3
1605 6
1606 7
1607 4
1609 9
1610 3
1611 6
1612 6
1613 7
1614 2
1615 8
1616 4
1617 5
1618 2
1619 6
1620 7
1621 6
1622 7
1623 7
1624 4
1625 5
1626 7
1627 3
1628 5
1629 4
1630 4
1631 4
1632 2
1633 4
1634 4
1635 2
1636 2
1637 4
1638 2
1639 2
1640 1
1641 1
1642 1
1643 2
1644 3
1645 5
1646 3
1647 3
1648 2
1649 1
1650 2
1651 1
1652 1
1653 4
1654 3
1655 2
1656 1
1657 1
1658 1
1661 3
1662 4
1663 1
1664 3
1665 1
1666 3
1667 1
1670 2
1672 1
1673 2
1675 1
1676 1
1678 1
1680 1
1681 2
1682 2
1683 1
1693 1
1697 1
1698 2
1702 1
1703 3
1704 2
1705 1
1707 1
1710 1
1714 1
1717 2
1720 2
1724 1
1725 1
1729 2
1736 1
1737 1
1738 1
1740 2
1742 1
1743 2
1744 1
1745 1
1746 1
1749 2
1753 2
1756 1
1757 1
1758 1
1759 2
1760 1
1761 1
1763 3
1764 2
1769 2
1770 2
1771 1
1772 1
1773 2
1774 1
1778 3
1779 1
1780 3
1782 1
1787 1
1791 1
1799 1
1801 1
1802 1
1803 1
1804 1
1807 1
1818 1
1822 2
1825 1
1830 1
1833 1
1834 1
1835 1
1839 1
1842 2
1844 1
1845 2
1850 1
1851 1
1857 1
1858 1
1859 2
1865 1
1871 1
1898 1
1899 1
1903 1
1921 1
1924 2
1928 1
1941 1
1943 1
1946 1
1953 1
1958 1
1964 1
1983 1
1986 1
1988 1
1989 1
1991 1
1992 1
1994 1
1995 1
1999 1
2000 1
2001 2
2003 1
2011 1
2014 1
2015 1
2016 1
2017 1
2018 1
2019 1
2021 1
2022 1
2024 1
2026 1
2029 1
2036 1
2057 1
2058 1
2060 1
2061 1
2069 1
2070 1
2073 1
2075 3
2076 2
2080 1
2081 1
2082 1
2085 2
2088 1
2090 1
2096 1
2099 2
2100 2
2101 2
2106 2
2107 3
2110 1
2111 1
2112 1
2113 2
2114 1
2117 2
2120 1
2122 1
2125 1
2158 1
2165 1
2187 1
2194 1
2196 1
2203 1
2205 1
2207 4
2210 1
2214 4
2215 1
2216 1
2217 1
2219 1
2223 1
2226 1
2228 1
2230 1
2238 1
2269 1
2276 1
2296 1
2301 1
2326 1
2349 1
2356 1
2359 3
2361 1
2363 1
2372 3
2426 1
2473 1
2475 2
2477 1
2478 2
2481 1
2546 1
2553 1
2561 1
2594 1
2610 1
2611 1
2616 1
2618 1
2619 2
2630 1
2661 1
2672 1
2673 2
2681 2
2686 1
2719 2
2731 1
2739 1
2769 1
2805 1
2814 1
2817 2
2821 1
2825 1
2829 2
2837 1
2845 1
2848 2
2850 1
2882 1
2904 1
2937 1
2986 1
3058 1
3112 1
3135 1
3195 1
3204 2
3206 1
3216 1
3223 1
3225 1
3233 2
3317 1
3319 1
3320 1
3335 1
3336 1
3337 1
3343 1
3345 1
3350 1
3351 1
3353 1
3358 1
3365 1
3368 1
3371 1
3374 1
3377 1
3412 1
3435 1
3436 1
3438 2
3440 1
3441 1
3444 1
3447 1
3450 1
3455 1
3456 2
3457 1
3461 1
3464 1
3468 1
3469 1
3472 3
3473 1
3474 2
3475 1
3476 1
3480 1
3481 1
3485 1
3486 1
3495 1
3498 2
3501 1
3509 1
3512 1
3571 1
3587 1
3589 1
3616 1
3625 1
3670 1
3676 1
3677 1
3679 1
3682 1
3790 1
3793 1
3799 1
3851 1
3861 1
3971 1
4251 2
4259 1
4281 1
4293 1
4295 1
4330 1
4358 1
4360 1
4373 1
4386 1
4391 1
4394 2
4403 1
4404 1
4406 1
4411 1
4415 1
4418 1
4419 2
4529 1
4536 1
4538 1
4540 1
4541 1
4630 1
4644 1
4982 1
4989 1
4994 1
5005 1
5014 1
5017 1
5134 1
5271 1
5275 1
5292 1
5293 1
5299 2
5302 1
5303 1
5309 1
5320 1
5322 1
5323 1
7344 1
7398 1
7959 1
8225 1
8308 1
8766 1
10001 11
