1 19929856
2 7136514
3 3338200
4 2079531
5 1611770
6 1466696
7 1485714
8 1557187
9 1597461
10 1583477
11 1529425
12 1440942
13 1317522
14 1193251
15 1060193
16 932660
17 816542
18 704323
19 607047
20 524144
21 458153
22 410966
23 379897
24 362113
25 350009
26 349103
27 350007
28 352998
29 358200
30 361994
31 361891
32 359712
33 359093
34 358969
35 355927
36 351672
37 345281
38 340344
39 330721
40 318949
41 304124
42 288399
43 269587
44 248875
45 225026
46 200293
47 175818
48 151087
49 127631
50 106213
51 87797
52 70803
53 55144
54 43314
55 33244
56 25100
57 18956
58 14321
59 10936
60 7935
61 6149
62 4773
63 3750
64 3156
65 2593
66 2321
67 2203
68 1960
69 1708
70 1573
71 1322
72 1211
73 1203
74 1204
75 1159
76 1034
77 1040
78 1035
79 1001
80 1038
81 997
82 1073
83 1096
84 1147
85 1049
86 1069
87 1073
88 1032
89 1041
90 1013
91 954
92 913
93 870
94 801
95 858
96 770
97 654
98 632
99 593
100 587
101 534
102 482
103 476
104 441
105 422
106 368
107 353
108 359
109 335
110 304
111 323
112 324
113 333
114 371
115 377
116 409
117 415
118 424
119 405
120 432
121 402
122 366
123 401
124 393
125 396
126 407
127 399
128 411
129 439
130 428
131 418
132 392
133 372
134 373
135 369
136 345
137 349
138 325
139 303
140 281
141 254
142 253
143 239
144 225
145 221
146 208
147 184
148 155
149 173
150 175
151 159
152 149
153 137
154 140
155 134
156 99
157 115
158 117
159 116
160 88
161 95
162 103
163 86
164 120
165 123
166 112
167 129
168 121
169 131
170 124
171 138
172 153
173 172
174 218
175 240
176 340
177 383
178 481
179 527
180 639
181 855
182 1010
183 1233
184 1508
185 1791
186 2185
187 2524
188 2988
189 3581
190 4184
191 4908
192 5911
193 6963
194 8133
195 9377
196 10664
197 12130
198 13781
199 15387
200 17504
201 19481
202 21817
203 24260
204 26917
205 30153
206 32788
207 35927
208 39538
209 42562
210 46281
211 49877
212 53347
213 57173
214 61336
215 64984
216 68804
217 73034
218 76926
219 81008
220 84620
221 88941
222 92105
223 95553
224 98850
225 102346
226 105423
227 108461
228 110912
229 112968
230 115075
231 117287
232 118198
233 120419
234 121455
235 122365
236 123603
237 123816
238 123989
239 122999
240 121652
241 120267
242 118721
243 117585
244 115467
245 112835
246 109528
247 106847
248 104386
249 100591
250 97010
251 93035
252 89168
253 85314
254 81365
255 77362
256 74474
257 69056
258 65154
259 61012
260 56931
261 53063
262 49423
263 45700
264 42137
265 38787
266 35266
267 32292
268 29018
269 26334
270 23849
271 21337
272 19167
273 17336
274 15333
275 13705
276 12061
277 10492
278 9389
279 8029
280 7031
281 6058
282 5387
283 4654
284 3919
285 3279
286 2839
287 2438
288 1986
289 1860
290 1496
291 1294
292 1098
293 991
294 833
295 713
296 597
297 416
298 393
299 323
300 275
301 259
302 194
303 172
304 126
305 146
306 104
307 110
308 87
309 83
310 90
311 74
312 55
313 62
314 72
315 71
316 62
317 63
318 57
319 56
320 63
321 62
322 58
323 58
324 52
325 56
326 52
327 49
328 65
329 56
330 49
331 42
332 47
333 52
334 48
335 56
336 37
337 48
338 47
339 33
340 25
341 22
342 40
343 35
344 23
345 29
346 31
347 34
348 27
349 32
350 52
351 32
352 27
353 31
354 30
355 26
356 32
357 40
358 33
359 28
360 22
361 23
362 26
363 25
364 23
365 20
366 16
367 22
368 27
369 23
370 25
371 11
372 21
373 18
374 24
375 18
376 19
377 20
378 20
379 17
380 18
381 16
382 32
383 24
384 21
385 30
386 30
387 25
388 31
389 24
390 27
391 17
392 22
393 14
394 22
395 13
396 17
397 15
398 27
399 20
400 21
401 12
402 8
403 17
404 28
405 16
406 39
407 42
408 35
409 37
410 78
411 72
412 74
413 74
414 73
415 86
416 86
417 104
418 136
419 123
420 149
421 142
422 144
423 140
424 159
425 167
426 192
427 199
428 208
429 192
430 207
431 230
432 251
433 255
434 258
435 248
436 260
437 262
438 303
439 318
440 293
441 317
442 290
443 333
444 313
445 348
446 350
447 363
448 308
449 366
450 344
451 366
452 404
453 374
454 376
455 375
456 398
457 381
458 404
459 420
460 401
461 419
462 400
463 383
464 370
465 381
466 345
467 403
468 374
469 386
470 369
471 372
472 393
473 366
474 351
475 370
476 374
477 350
478 341
479 381
480 382
481 385
482 332
483 378
484 387
485 366
486 384
487 344
488 325
489 363
490 342
491 322
492 300
493 329
494 318
495 326
496 319
497 317
498 304
499 301
500 313
501 266
502 297
503 303
504 283
505 262
506 286
507 262
508 253
509 254
510 237
511 221
512 220
513 188
514 186
515 226
516 190
517 140
518 156
519 121
520 134
521 107
522 112
523 113
524 104
525 113
526 94
527 113
528 95
529 101
530 80
531 83
532 92
533 58
534 67
535 44
536 40
537 49
538 47
539 50
540 31
541 42
542 36
543 41
544 36
545 36
546 43
547 34
548 32
549 21
550 29
551 23
552 22
553 14
554 18
555 16
556 9
557 20
558 22
559 11
560 26
561 17
562 32
563 21
564 17
565 24
566 13
567 16
568 16
569 12
570 20
571 10
572 13
573 8
574 8
575 13
576 13
577 7
578 7
579 12
580 18
581 15
582 14
583 8
584 8
585 5
586 13
587 11
588 15
589 14
590 10
591 13
592 17
593 12
594 7
595 10
596 21
597 18
598 13
599 15
600 14
601 23
602 14
603 20
604 29
605 11
606 33
607 16
608 29
609 25
610 40
611 31
612 26
613 26
614 25
615 17
616 24
617 20
618 26
619 30
620 23
621 17
622 28
623 30
624 34
625 35
626 42
627 38
628 47
629 50
630 53
631 63
632 46
633 66
634 74
635 60
636 73
637 67
638 67
639 55
640 71
641 82
642 92
643 83
644 99
645 83
646 89
647 115
648 128
649 136
650 114
651 133
652 122
653 153
654 144
655 146
656 142
657 164
658 154
659 145
660 161
661 150
662 140
663 136
664 157
665 158
666 143
667 143
668 178
669 170
670 186
671 185
672 192
673 174
674 163
675 168
676 168
677 169
678 167
679 159
680 159
681 154
682 140
683 140
684 144
685 151
686 149
687 144
688 140
689 152
690 144
691 119
692 113
693 132
694 119
695 107
696 119
697 109
698 102
699 97
700 107
701 89
702 111
703 89
704 85
705 85
706 83
707 94
708 79
709 84
710 79
711 73
712 86
713 65
714 61
715 69
716 60
717 65
718 63
719 48
720 63
721 58
722 49
723 46
724 50
725 44
726 43
727 38
728 48
729 44
730 35
731 47
732 27
733 40
734 25
735 31
736 29
737 31
738 30
739 30
740 26
741 23
742 37
743 27
744 29
745 27
746 32
747 23
748 31
749 23
750 29
751 30
752 19
753 26
754 28
755 14
756 32
757 22
758 24
759 29
760 27
761 17
762 21
763 19
764 20
765 19
766 24
767 20
768 23
769 18
770 20
771 25
772 16
773 19
774 22
775 13
776 22
777 24
778 22
779 24
780 18
781 8
782 13
783 25
784 10
785 10
786 12
787 12
788 10
789 13
790 18
791 13
792 11
793 10
794 15
795 7
796 14
797 4
798 10
799 9
800 12
801 9
802 11
803 7
804 9
805 1
806 11
807 17
808 10
809 6
810 8
811 7
812 4
813 4
814 4
815 3
816 6
817 4
818 6
819 3
820 7
821 4
822 7
823 4
824 8
825 4
826 4
827 3
828 3
829 2
830 7
831 4
832 9
833 5
834 3
835 7
836 6
837 5
838 8
839 13
840 3
841 4
842 5
843 7
844 5
845 7
846 7
847 13
848 10
849 13
850 9
851 7
852 17
853 15
854 23
855 20
856 24
857 19
858 19
859 19
860 20
861 19
862 22
863 21
864 32
865 34
866 34
867 34
868 31
869 32
870 43
871 50
872 45
873 42
874 36
875 31
876 44
877 25
878 43
879 26
880 37
881 24
882 27
883 29
884 32
885 35
886 29
887 27
888 44
889 34
890 33
891 30
892 37
893 42
894 45
895 39
896 35
897 52
898 55
899 52
900 43
901 47
902 55
903 49
904 59
905 48
906 46
907 46
908 63
909 63
910 46
911 47
912 42
913 44
914 39
915 46
916 47
917 35
918 36
919 39
920 33
921 44
922 35
923 29
924 31
925 23
926 26
927 29
928 34
929 28
930 17
931 25
932 33
933 29
934 32
935 32
936 29
937 29
938 27
939 25
940 26
941 26
942 24
943 30
944 27
945 41
946 39
947 32
948 37
949 33
950 43
951 31
952 39
953 34
954 36
955 26
956 47
957 30
958 45
959 38
960 42
961 42
962 49
963 56
964 45
965 49
966 45
967 53
968 49
969 59
970 43
971 52
972 50
973 54
974 56
975 37
976 52
977 50
978 60
979 56
980 54
981 53
982 57
983 56
984 44
985 42
986 41
987 35
988 47
989 38
990 43
991 39
992 47
993 38
994 42
995 45
996 35
997 38
998 40
999 33
1000 35
1001 38
1002 27
1003 30
1004 23
1005 41
1006 32
1007 33
1008 29
1009 18
1010 24
1011 30
1012 27
1013 20
1014 20
1015 19
1016 9
1017 10
1018 9
1019 10
1020 9
1021 9
1022 9
1023 15
1024 7
1025 5
1026 9
1027 7
1028 8
1029 8
1030 4
1031 3
1032 5
1033 7
1034 11
1035 3
1036 6
1037 6
1038 4
1039 7
1040 4
1041 1
1042 4
1043 4
1044 3
1045 3
1046 5
1047 4
1048 4
1049 6
1050 9
1051 5
1052 5
1053 6
1054 2
1055 7
1056 5
1057 7
1058 5
1059 4
1060 6
1061 5
1062 1
1063 5
1064 1
1065 3
1066 4
1067 3
1068 3
1069 10
1070 7
1071 11
1072 8
1073 9
1074 3
1075 7
1076 10
1077 9
1078 12
1079 8
1080 19
1081 6
1082 10
1083 10
1084 17
1085 20
1086 20
1087 17
1088 30
1089 16
1090 23
1091 17
1092 23
1093 19
1094 21
1095 15
1096 34
1097 22
1098 16
1099 23
1100 24
1101 19
1102 24
1103 19
1104 17
1105 23
1106 18
1107 25
1108 16
1109 19
1110 20
1111 17
1112 23
1113 24
1114 21
1115 15
1116 24
1117 18
1118 26
1119 30
1120 22
1121 24
1122 23
1123 25
1124 25
1125 36
1126 23
1127 29
1128 30
1129 24
1130 28
1131 33
1132 29
1133 20
1134 30
1135 25
1136 25
1137 15
1138 20
1139 23
1140 25
1141 14
1142 21
1143 23
1144 20
1145 29
1146 13
1147 29
1148 25
1149 29
1150 26
1151 24
1152 30
1153 22
1154 20
1155 19
1156 22
1157 21
1158 29
1159 22
1160 20
1161 19
1162 18
1163 20
1164 21
1165 20
1166 25
1167 13
1168 17
1169 19
1170 13
1171 8
1172 14
1173 15
1174 18
1175 7
1176 19
1177 16
1178 15
1179 18
1180 16
1181 25
1182 13
1183 19
1184 14
1185 14
1186 10
1187 15
1188 18
1189 29
1190 12
1191 15
1192 25
1193 14
1194 22
1195 17
1196 12
1197 21
1198 22
1199 26
1200 24
1201 22
1202 19
1203 16
1204 21
1205 22
1206 15
1207 25
1208 28
1209 23
1210 27
1211 23
1212 20
1213 14
1214 22
1215 23
1216 18
1217 18
1218 22
1219 18
1220 21
1221 27
1222 19
1223 16
1224 22
1225 21
1226 15
1227 21
1228 18
1229 15
1230 18
1231 12
1232 12
1233 16
1234 17
1235 14
1236 13
1237 9
1238 20
1239 13
1240 7
1241 14
1242 9
1243 9
1244 7
1245 11
1246 8
1247 10
1248 14
1249 10
1250 7
1251 7
1252 6
1253 10
1254 13
1255 15
1256 1
1257 6
1258 10
1259 11
1260 2
1261 5
1262 3
1263 5
1264 2
1265 7
1266 7
1267 5
1268 1
1269 4
1270 2
1271 4
1272 7
1273 3
1274 3
1275 2
1277 6
1278 2
1279 7
1280 6
1281 11
1282 9
1283 6
1284 4
1285 7
1286 4
1287 5
1288 9
1289 11
1290 11
1291 8
1292 3
1293 11
1294 11
1295 6
1296 8
1297 10
1298 12
1299 10
1300 10
1301 11
1302 18
1303 10
1304 14
1305 11
1306 10
1307 23
1308 18
1309 12
1310 24
1311 20
1312 30
1313 20
1314 18
1315 32
1316 25
1317 24
1318 28
1319 22
1320 28
1321 35
1322 27
1323 27
1324 25
1325 24
1326 28
1327 18
1328 40
1329 28
1330 29
1331 28
1332 32
1333 28
1334 27
1335 29
1336 25
1337 26
1338 22
1339 24
1340 20
1341 26
1342 22
1343 12
1344 20
1345 18
1346 14
1347 10
1348 10
1349 12
1350 15
1351 17
1352 14
1353 17
1354 14
1355 14
1356 17
1357 13
1358 19
1359 11
1360 14
1361 19
1362 21
1363 17
1364 17
1365 13
1366 25
1367 16
1368 24
1369 16
1370 23
1371 19
1372 15
1373 16
1374 15
1375 17
1376 16
1377 12
1378 14
1379 16
1380 14
1381 22
1382 15
1383 14
1384 12
1385 9
1386 24
1387 12
1388 13
1389 10
1390 9
1391 9
1392 7
1393 13
1394 16
1395 15
1396 14
1397 7
1398 11
1399 9
1400 7
1401 6
1402 5
1403 18
1404 6
1405 16
1406 5
1407 11
1408 12
1409 7
1410 8
1411 3
1412 7
1413 9
1414 8
1415 7
1416 4
1417 4
1418 10
1419 6
1420 9
1421 3
1422 4
1423 6
1424 9
1425 8
1426 2
1427 4
1428 4
1429 13
1430 3
1431 4
1432 8
1433 12
1434 13
1435 7
1436 4
1437 5
1438 3
1439 4
1440 3
1441 8
1442 3
1443 7
1444 6
1445 3
1446 3
1447 5
1448 3
1449 5
1450 5
1451 3
1452 3
1453 4
1454 1
1455 4
1456 3
1457 5
1458 4
1459 4
1460 1
1461 2
1462 4
1463 2
1464 2
1465 5
1466 9
1467 2
1468 2
1469 4
1470 1
1471 1
1472 3
1473 4
1474 2
1475 4
1476 4
1477 3
1478 4
1479 1
1480 6
1481 6
1482 2
1483 6
1484 2
1485 4
1486 1
1487 1
1488 2
1489 3
1490 2
1491 1
1492 4
1493 2
1494 1
1495 1
1496 1
1497 2
1498 2
1499 1
1500 1
1501 4
1503 5
1504 1
1505 4
1506 3
1507 3
1508 4
1509 5
1510 4
1511 3
1512 5
1513 3
1514 5
1515 2
1516 1
1517 2
1518 1
1519 4
1520 4
1521 4
1522 4
1523 5
1524 4
1525 3
1526 2
1527 2
1528 5
1529 2
1530 2
1531 4
1532 2
1533 1
1534 4
1537 1
1538 1
1540 1
1541 4
1542 4
1543 1
1545 2
1546 1
1547 1
1548 2
1550 1
1551 2
1552 2
1553 2
1554 3
1556 4
1557 3
1558 2
1559 4
1560 4
1561 7
1562 2
1563 2
1564 3
1565 7
1566 5
1567 9
1568 6
1569 6
1570 8
1571 6
1572 3
1573 6
1574 8
1575 4
1576 8
1577 5
1578 3
1579 3
1580 5
1581 6
1582 6
1583 2
1584 2
1585 5
1586 4
1587 10
1588 4
1589 3
1590 4
1591 3
1592 5
1593 3
1594 2
1595 5
1596 3
1598 3
1599 2
1600 4
1601 1
1602 3
1603 3
1604 1
1605 2
1606 2
1607 1
1608 1
1610 1
1611 2
1612 2
1615 3
1616 1
1617 2
1619 1
1621 1
1623 1
1624 1
1628 3
1629 1
1630 1
1631 2
1633 1
1634 3
1636 1
1637 1
1638 2
1644 1
1647 2
1658 1
1663 1
1667 1
1675 1
1685 2
1694 1
1696 1
1714 1
1724 2
1736 1
1738 1
1742 1
1743 1
1747 2
1748 1
1751 1
1753 5
1754 2
1755 1
1757 1
1758 1
1759 3
1760 1
1761 1
1762 3
1764 4
1765 1
1766 1
1767 3
1768 5
1769 3
1771 2
1772 2
1773 2
1774 3
1775 5
1776 3
1777 6
1778 4
1779 5
1780 4
1781 6
1782 1
1783 6
1784 2
1785 4
1786 3
1787 5
1788 4
1789 1
1791 1
1792 5
1793 1
1794 2
1795 3
1796 1
1797 2
1798 2
1803 1
1804 3
1806 3
1807 1
1808 2
1809 1
1810 3
1812 1
1814 3
1815 1
1816 4
1817 1
1818 1
1819 1
1820 4
1821 2
1822 3
1823 4
1824 5
1825 4
1826 3
1827 4
1828 2
1829 3
1830 2
1831 3
1832 2
1833 2
1834 1
1835 3
1837 3
1839 2
1840 2
1841 2
1843 2
1844 2
1845 1
1846 1
1847 1
1848 1
1849 1
1850 1
1853 3
1854 1
1855 2
1857 1
1858 1
1862 2
1863 5
1864 1
1865 1
1866 1
1869 2
1870 1
1872 3
1873 3
1874 2
1878 2
1879 1
1880 1
1881 2
1884 1
1885 2
1886 1
1889 1
1893 1
1895 2
1896 2
1899 2
1901 1
1902 1
1903 1
1907 1
1908 2
1909 1
1912 1
1918 2
1919 1
1921 1
1926 1
1927 1
1928 1
1929 2
1930 1
1931 1
1932 2
1933 1
1935 2
1937 1
1944 1
1948 1
1953 1
1956 2
1957 1
1958 3
1959 2
1960 2
1961 1
1963 4
1964 2
1966 1
1970 1
1971 2
1972 1
1974 1
1975 2
1977 1
1978 2
1979 1
1980 1
1982 2
1984 1
1985 1
1987 3
1988 1
1989 3
1990 3
1991 1
1992 2
1993 1
1994 3
1995 2
1996 2
1997 2
1998 1
2000 2
2001 2
2002 1
2003 2
2004 1
2005 2
2006 1
2009 2
2010 2
2012 1
2013 5
2014 2
2016 1
2017 2
2018 3
2020 2
2021 1
2022 1
2024 1
2025 1
2027 1
2029 1
2031 1
2034 1
2035 1
2037 3
2039 1
2040 1
2041 1
2042 1
2044 1
2046 2
2048 1
2049 1
2051 2
2052 1
2053 1
2054 1
2057 1
2059 1
2060 1
2062 2
2063 1
2064 1
2066 2
2067 1
2070 3
2071 2
2074 2
2075 2
2076 1
2077 1
2078 3
2080 1
2081 2
2082 4
2083 1
2084 2
2085 2
2086 2
2087 2
2089 1
2091 2
2092 1
2094 2
2095 1
2096 1
2097 3
2105 1
2122 1
2132 1
2139 1
2151 1
2154 3
2156 1
2157 2
2159 1
2161 2
2166 1
2167 1
2168 1
2170 1
2171 1
2173 4
2174 3
2175 1
2176 1
2177 5
2178 2
2180 2
2182 1
2183 1
2184 5
2185 2
2186 1
2187 1
2188 1
2189 2
2190 4
2191 3
2192 1
2193 3
2194 1
2195 1
2197 1
2199 1
2200 2
2201 3
2202 1
2203 2
2204 1
2205 2
2206 3
2207 2
2209 1
2210 2
2211 1
2212 3
2214 4
2215 2
2216 4
2217 3
2218 3
2219 2
2220 3
2221 4
2222 3
2223 1
2224 1
2225 2
2226 2
2227 2
2228 5
2229 2
2230 3
2231 3
2232 2
2233 4
2234 1
2235 3
2236 1
2238 2
2239 3
2240 3
2241 4
2242 7
2243 2
2244 2
2245 3
2246 4
2248 3
2249 3
2253 3
2254 1
2256 3
2257 1
2258 2
2259 1
2260 1
2263 1
2265 1
2266 5
2267 1
2270 1
2272 1
2276 1
2277 3
2278 2
2280 3
2281 1
2282 3
2283 3
2286 3
2287 1
2289 1
2290 1
2291 1
2292 2
2295 1
2296 3
2297 4
2298 1
2299 3
2300 3
2302 2
2304 1
2305 3
2306 1
2307 2
2308 3
2309 3
2310 1
2311 2
2312 3
2313 1
2314 3
2315 4
2316 2
2317 3
2318 3
2319 2
2320 1
2321 1
2322 2
2323 1
2324 3
2325 1
2326 1
2327 1
2336 1
2337 1
2342 2
2347 1
2349 1
2351 1
2354 1
2356 2
2359 1
2360 1
2362 1
2363 2
2364 1
2365 1
2368 2
2369 2
2371 1
2373 2
2374 3
2376 1
2377 1
2379 5
2380 2
2383 3
2387 1
2389 3
2390 2
2391 1
2393 2
2394 1
2395 2
2396 2
2397 3
2398 2
2402 3
2403 1
2404 1
2405 3
2406 3
2407 4
2408 3
2409 1
2410 2
2413 1
2414 8
2416 1
2417 1
2418 2
2420 2
2422 2
2423 1
2424 2
2426 4
2427 2
2428 4
2430 1
2432 5
2433 2
2434 3
2435 2
2436 2
2437 6
2438 2
2439 4
2440 4
2441 2
2442 3
2443 3
2444 2
2445 1
2446 2
2447 3
2448 5
2449 3
2450 9
2451 3
2452 2
2453 7
2454 6
2455 6
2456 5
2457 6
2458 6
2459 7
2460 7
2461 10
2462 6
2463 6
2464 7
2465 6
2466 10
2467 9
2468 7
2469 5
2470 7
2471 7
2472 6
2473 9
2474 2
2475 7
2476 8
2477 6
2478 5
2479 6
2480 4
2481 2
2482 8
2483 9
2484 4
2485 7
2486 4
2487 5
2488 5
2489 3
2490 4
2491 2
2492 4
2493 2
2494 1
2495 2
2496 3
2497 2
2498 3
2500 1
2502 2
2503 2
2504 1
2506 3
2508 1
2509 1
2510 1
2512 1
2513 1
2514 5
2515 1
2517 2
2518 4
2521 2
2522 2
2523 2
2525 2
2526 1
2527 4
2529 2
2531 2
2532 2
2533 2
2534 1
2535 4
2536 3
2537 1
2538 1
2539 2
2540 3
2541 1
2542 3
2545 1
2547 1
2553 1
2555 1
2559 1
2562 1
2563 1
2564 2
2567 1
2568 1
2571 1
2573 2
2577 1
2578 1
2579 1
2580 1
2583 1
2584 1
2585 2
2586 1
2587 1
2588 1
2590 1
2591 1
2595 1
2599 1
2602 1
2603 1
2604 1
2617 1
2625 1
2626 2
2629 1
2630 1
2632 1
2643 2
2645 2
2650 2
2655 1
2656 2
2658 1
2659 1
2661 2
2662 1
2663 1
2664 1
2666 1
2669 1
2670 2
2671 1
2673 2
2674 1
2675 1
2676 1
2677 1
2678 2
2679 5
2680 2
2681 1
2682 1
2683 3
2684 1
2685 2
2686 2
2687 1
2688 3
2690 1
2691 3
2692 1
2693 5
2694 1
2695 1
2696 5
2697 2
2698 2
2699 2
2700 1
2701 2
2702 3
2703 4
2704 5
2705 7
2706 3
2707 4
2708 2
2709 3
2711 2
2713 4
2714 3
2715 3
2716 4
2717 2
2718 3
2719 3
2720 2
2721 1
2722 1
2723 4
2724 3
2725 2
2726 4
2727 1
2728 1
2729 3
2730 4
2731 1
2732 5
2733 1
2734 1
2735 1
2736 2
2737 3
2738 2
2739 1
2740 2
2741 4
2742 1
2743 1
2744 2
2745 1
2746 1
2748 3
2749 3
2750 1
2751 1
2752 2
2753 1
2754 2
2755 2
2756 3
2757 3
2758 3
2759 1
2760 1
2761 4
2762 3
2763 3
2764 1
2765 1
2767 1
2769 1
2771 1
2773 1
2775 1
2776 4
2778 2
2779 2
2781 1
2783 1
2785 2
2788 1
2790 1
2791 1
2793 1
2806 1
2809 1
2821 1
2831 1
2834 1
2835 1
2837 2
2838 1
2840 1
2845 1
2846 1
2847 1
2849 3
2851 1
2853 1
2856 1
2857 3
2859 2
2860 2
2861 1
2862 1
2864 2
2865 2
2866 1
2868 4
2870 1
2872 2
2873 1
2874 2
2876 4
2877 2
2879 2
2880 1
2881 5
2882 1
2883 1
2884 3
2886 2
2887 2
2888 2
2889 1
2890 2
2891 4
2892 2
2893 3
2894 4
2895 2
2896 1
2897 2
2898 3
2899 5
2900 3
2901 5
2902 1
2903 8
2904 1
2905 3
2906 4
2907 8
2908 5
2909 6
2910 4
2911 3
2912 3
2913 2
2914 6
2915 3
2916 8
2917 6
2918 2
2919 3
2920 2
2921 2
2922 3
2923 2
2924 1
2925 6
2926 3
2927 2
2928 2
2929 2
2930 6
2931 6
2932 2
2933 3
2934 3
2935 1
2936 3
2937 1
2938 3
2939 1
2940 2
2941 2
2942 1
2943 2
2944 3
2945 1
2946 1
2947 1
2948 2
2950 3
2951 2
2952 2
2953 1
2954 2
2955 2
2956 8
2957 1
2958 1
2959 2
2960 2
2961 2
2962 2
2963 1
2964 3
2965 1
2966 1
2967 1
2968 2
2969 4
2970 1
2972 2
2973 1
2975 2
2977 1
2979 2
2980 3
2981 1
2983 2
2984 3
2987 1
2988 2
2989 2
2992 1
2993 2
2996 2
2997 1
3002 2
3003 1
3004 2
3006 3
3007 1
3011 1
3016 1
3018 1
3019 1
3022 1
3026 2
3027 2
3029 1
3030 5
3031 1
3032 1
3033 2
3035 1
3036 1
3038 4
3039 1
3040 3
3041 5
3042 1
3043 2
3044 1
3045 3
3047 2
3048 1
3049 2
3050 1
3054 3
3056 2
3057 2
3058 2
3059 1
3060 2
3062 3
3063 1
3064 1
3067 4
3068 1
3069 2
3070 1
3071 3
3073 1
3074 1
3075 3
3076 4
3077 1
3078 1
3079 1
3080 6
3081 3
3082 1
3083 3
3084 7
3085 5
3086 3
3089 3
3090 2
3091 3
3093 2
3094 1
3095 1
3097 2
3099 4
3100 3
3101 1
3102 4
3103 3
3104 1
3105 1
3106 2
3110 2
3113 1
3114 1
3115 2
3118 1
3119 1
3120 2
3121 1
3122 3
3123 2
3124 2
3126 1
3127 4
3129 1
3130 2
3132 3
3134 3
3135 2
3136 3
3137 1
3138 1
3139 1
3140 1
3142 3
3145 1
3148 2
3150 2
3151 1
3152 1
3154 2
3155 1
3156 1
3165 1
3166 1
3174 1
3181 1
3185 1
3188 1
3194 2
3199 1
3208 1
3210 1
3212 1
3215 1
3219 1
3220 1
3221 2
3226 1
3227 1
3228 1
3230 1
3232 2
3234 4
3235 1
3236 2
3237 1
3240 1
3241 1
3245 2
3246 2
3248 1
3251 1
3262 1
3263 1
3264 1
3266 1
3267 2
3268 2
3269 1
3270 1
3271 1
3272 2
3273 1
3274 3
3276 1
3277 1
3279 2
3280 2
3281 2
3282 5
3283 1
3284 2
3285 1
3286 3
3287 2
3288 2
3289 3
3290 1
3291 4
3292 2
3293 1
3294 1
3295 2
3296 1
3297 5
3298 5
3299 2
3300 3
3301 1
3302 4
3303 2
3304 5
3305 4
3306 3
3307 2
3308 3
3309 3
3310 2
3311 1
3312 4
3313 3
3314 4
3315 2
3317 1
3319 6
3320 5
3321 6
3322 4
3323 1
3324 1
3325 3
3326 1
3327 6
3328 3
3329 1
3330 1
3331 7
3332 2
3333 2
3334 3
3335 4
3336 2
3337 5
3338 4
3339 3
3340 3
3341 2
3342 3
3343 4
3344 2
3345 2
3346 1
3347 5
3348 2
3349 2
3350 2
3351 1
3352 2
3353 3
3354 3
3355 1
3356 3
3357 1
3358 3
3359 1
3360 3
3361 3
3362 1
3363 3
3364 4
3365 2
3366 1
3367 4
3368 2
3369 3
3370 2
3371 3
3372 1
3373 1
3374 3
3375 2
3376 4
3377 1
3378 2
3379 2
3380 2
3383 1
3384 3
3385 1
3386 3
3389 3
3390 1
3391 2
3393 1
3394 1
3395 2
3396 3
3397 2
3398 2
3399 3
3400 7
3401 2
3402 1
3403 3
3404 2
3405 1
3406 2
3407 3
3408 2
3409 1
3410 2
3412 3
3413 2
3414 2
3415 2
3416 2
3417 2
3418 2
3419 2
3420 1
3421 1
3425 1
3427 1
3428 1
3429 2
3431 2
3432 2
3433 3
3434 2
3435 2
3437 1
3438 1
3441 1
3443 3
3444 2
3445 1
3446 1
3449 1
3450 1
3453 2
3454 1
3456 1
3460 1
3462 2
3463 1
3467 1
3468 3
3469 1
3470 2
3471 1
3473 1
3475 2
3476 2
3478 1
3480 1
3482 1
3484 1
3485 1
3486 2
3488 1
3491 2
3492 1
3493 2
3494 1
3496 1
3497 3
3498 1
3500 1
3501 1
3502 2
3503 4
3505 1
3506 3
3507 2
3508 1
3509 2
3510 1
3511 2
3513 1
3516 1
3517 1
3520 1
3523 1
3524 1
3526 1
3530 1
3534 1
3535 1
3536 1
3538 1
3539 1
3541 1
3543 1
3544 1
3547 1
3548 1
3549 1
3550 1
3551 1
3552 1
3556 1
3560 2
3562 1
3563 2
3573 1
3578 1
3579 1
3592 1
3607 1
3612 1
3613 1
3619 1
3624 1
3625 2
3627 2
3628 2
3633 1
3636 1
3639 1
3644 1
3645 2
3646 2
3647 1
3648 2
3649 1
3651 1
3652 1
3653 2
3654 1
3656 1
3657 3
3658 1
3659 2
3660 3
3661 1
3665 1
3667 1
3668 2
3669 1
3673 2
3674 1
3678 2
3682 1
3685 1
3687 1
3688 1
3690 1
3700 2
3703 1
3704 1
3705 2
3707 1
3709 1
3710 3
3711 2
3713 3
3716 1
3718 1
3720 1
3725 1
3731 1
3734 2
3740 1
3747 1
3749 1
3751 1
3756 1
3762 1
3763 1
3768 2
3769 2
3770 1
3771 1
3772 2
3774 1
3775 1
3776 1
3777 1
3778 2
3779 3
3780 4
3781 1
3784 2
3785 1
3787 2
3788 2
3789 2
3790 2
3791 2
3792 1
3793 1
3794 1
3795 1
3797 1
3799 1
3801 1
3802 1
3803 1
3804 3
3805 5
3806 1
3807 2
3808 2
3812 2
3813 1
3814 2
3815 2
3817 5
3819 2
3820 2
3822 2
3825 1
3826 1
3828 1
3832 1
3833 1
3834 4
3835 2
3837 1
3838 3
3839 2
3840 1
3841 1
3842 3
3844 3
3845 1
3847 1
3848 1
3851 1
3853 1
3854 1
3856 1
3857 1
3860 2
3861 2
3862 1
3863 1
3864 1
3865 1
3867 1
3868 1
3869 1
3870 2
3871 3
3874 3
3876 1
3877 1
3878 1
3879 1
3880 3
3881 2
3882 2
3883 1
3884 1
3886 1
3887 1
3888 1
3891 3
3892 2
3893 2
3894 2
3896 2
3898 2
3899 1
3900 2
3901 2
3902 3
3903 2
3904 3
3905 2
3907 1
3908 1
3909 3
3911 3
3912 3
3913 2
3914 1
3915 3
3916 2
3917 1
3918 3
3919 8
3920 3
3921 7
3922 1
3923 2
3924 3
3925 2
3926 2
3927 1
3928 3
3929 2
3930 3
3931 3
3932 4
3935 1
3936 1
3937 2
3938 3
3939 2
3940 1
3941 2
3943 1
3944 3
3946 1
3949 1
3951 1
3952 1
3955 2
3956 1
3958 1
3961 1
3964 1
3965 3
3966 1
3967 3
3968 1
3969 1
3970 2
3973 3
3974 1
3975 3
3977 1
3978 1
3979 1
3981 1
3982 2
3983 3
3984 3
3985 2
3990 4
3995 2
3996 1
4003 2
4035 1
4095 1
4336 1
4339 1
4340 1
4342 1
4389 1
4394 1
4395 1
4628 1
4637 1
4911 1
5107 1
5157 1
5158 1
5234 1
5236 1
5240 1
5424 1
5425 1
5432 1
5437 1
5445 1
5450 1
5453 1
5456 1
5457 1
5464 1
5466 1
5468 1
5469 1
5471 1
5484 1
5491 1
5494 1
5497 1
5499 1
5513 1
5680 1
5790 1
5896 1
5898 1
5908 1
5910 1
5914 1
5916 1
5921 1
5928 1
5930 1
6056 1
6083 1
6215 1
6447 1
6547 1
6701 1
6780 1
6800 1
6995 1
7633 1
7956 1
7966 2
8079 1
8161 1
8173 1
8178 1
8180 1
8183 1
8185 1
8196 1
8198 1
8346 1
8357 1
8367 1
8371 2
8377 1
8380 1
8402 1
8716 1
8744 1
8796 1
8946 1
9036 1
9278 1
9513 1
9768 1
9784 1
9785 1
9789 1
9796 1
9802 1
10001 3
