1 21260394
2 13657698
3 9393891
4 6888643
5 5165851
6 3861803
7 2932066
8 2289277
9 1830222
10 1466821
11 1167637
12 919587
13 722520
14 590767
15 516168
16 488596
17 498071
18 530319
19 570971
20 620077
21 673429
22 716356
23 756214
24 782179
25 803662
26 814589
27 818775
28 811989
29 800284
30 779199
31 749943
32 717204
33 681175
34 641631
35 603024
36 567504
37 532816
38 500425
39 473579
40 450805
41 428824
42 407191
43 387277
44 367359
45 346287
46 321850
47 296136
48 269594
49 246054
50 222786
51 202775
52 185281
53 172918
54 165907
55 164518
56 168746
57 179478
58 194706
59 215514
60 241956
61 271304
62 302497
63 338320
64 375252
65 411641
66 448615
67 482518
68 514667
69 542761
70 568404
71 587338
72 603298
73 616002
74 621169
75 622401
76 619593
77 614589
78 601205
79 583184
80 565759
81 543540
82 519175
83 492540
84 464111
85 436027
86 406734
87 375821
88 347042
89 318058
90 290309
91 263776
92 237687
93 212846
94 189708
95 168637
96 149152
97 130251
98 114283
99 100045
100 86796
101 74789
102 64849
103 55821
104 48385
105 41913
106 36012
107 31670
108 28013
109 24799
110 22152
111 19902
112 17866
113 15975
114 14587
115 13141
116 11991
117 11208
118 10300
119 9574
120 8893
121 8110
122 7526
123 7130
124 6673
125 6322
126 6042
127 5648
128 5332
129 5125
130 4948
131 4742
132 4618
133 4459
134 4420
135 4330
136 4130
137 4189
138 4065
139 3995
140 4031
141 4077
142 3979
143 3938
144 3869
145 3661
146 3401
147 3318
148 3241
149 3319
150 3177
151 3057
152 2992
153 2887
154 2702
155 2657
156 2664
157 2475
158 2436
159 2346
160 2330
161 2179
162 2027
163 2031
164 1949
165 1832
166 1819
167 1672
168 1652
169 1684
170 1636
171 1556
172 1472
173 1347
174 1298
175 1171
176 1152
177 1103
178 1064
179 1000
180 943
181 871
182 825
183 770
184 744
185 708
186 601
187 596
188 554
189 568
190 520
191 493
192 503
193 470
194 439
195 381
196 413
197 413
198 437
199 412
200 355
201 368
202 344
203 328
204 345
205 339
206 316
207 323
208 324
209 322
210 339
211 325
212 379
213 374
214 350
215 350
216 381
217 354
218 389
219 348
220 350
221 326
222 332
223 320
224 330
225 303
226 336
227 317
228 322
229 339
230 385
231 345
232 376
233 361
234 352
235 304
236 305
237 312
238 303
239 308
240 286
241 329
242 299
243 325
244 369
245 340
246 357
247 368
248 349
249 338
250 367
251 358
252 360
253 347
254 328
255 361
256 322
257 346
258 339
259 350
260 329
261 337
262 325
263 333
264 303
265 322
266 289
267 329
268 303
269 347
270 332
271 333
272 334
273 316
274 318
275 295
276 286
277 278
278 290
279 277
280 244
281 248
282 244
283 222
284 221
285 223
286 213
287 244
288 208
289 222
290 173
291 205
292 227
293 186
294 221
295 209
296 178
297 197
298 185
299 194
300 186
301 187
302 172
303 173
304 202
305 147
306 168
307 171
308 153
309 155
310 170
311 168
312 173
313 141
314 160
315 165
316 123
317 147
318 142
319 128
320 133
321 118
322 137
323 98
324 95
325 114
326 103
327 99
328 115
329 94
330 109
331 96
332 95
333 101
334 74
335 75
336 97
337 109
338 87
339 96
340 99
341 114
342 120
343 123
344 102
345 125
346 137
347 107
348 133
349 121
350 130
351 124
352 119
353 135
354 155
355 158
356 143
357 150
358 136
359 126
360 148
361 140
362 152
363 138
364 146
365 135
366 125
367 138
368 135
369 131
370 116
371 126
372 159
373 127
374 121
375 131
376 128
377 136
378 148
379 134
380 119
381 124
382 143
383 113
384 140
385 129
386 126
387 120
388 111
389 114
390 116
391 113
392 109
393 94
394 108
395 101
396 107
397 91
398 101
399 60
400 69
401 64
402 77
403 54
404 74
405 67
406 64
407 54
408 57
409 58
410 62
411 72
412 60
413 55
414 71
415 46
416 41
417 44
418 46
419 45
420 37
421 37
422 53
423 42
424 52
425 46
426 45
427 54
428 52
429 42
430 41
431 52
432 49
433 45
434 57
435 33
436 35
437 39
438 28
439 42
440 33
441 42
442 36
443 34
444 38
445 41
446 37
447 25
448 34
449 28
450 35
451 41
452 35
453 37
454 40
455 39
456 36
457 36
458 26
459 47
460 37
461 22
462 32
463 41
464 42
465 37
466 43
467 39
468 27
469 25
470 31
471 28
472 25
473 19
474 30
475 17
476 16
477 20
478 20
479 25
480 32
481 25
482 27
483 27
484 15
485 31
486 22
487 24
488 29
489 28
490 19
491 14
492 12
493 35
494 19
495 19
496 25
497 21
498 20
499 23
500 22
501 23
502 29
503 23
504 25
505 29
506 24
507 21
508 29
509 25
510 24
511 24
512 23
513 25
514 34
515 31
516 32
517 42
518 37
519 26
520 38
521 21
522 30
523 24
524 32
525 31
526 30
527 17
528 23
529 30
530 21
531 23
532 23
533 17
534 24
535 19
536 20
537 29
538 31
539 24
540 23
541 26
542 26
543 24
544 29
545 30
546 25
547 22
548 32
549 30
550 31
551 31
552 31
553 40
554 29
555 43
556 33
557 26
558 29
559 26
560 25
561 40
562 24
563 23
564 17
565 17
566 21
567 24
568 22
569 28
570 30
571 23
572 42
573 32
574 20
575 35
576 27
577 22
578 33
579 22
580 14
581 19
582 18
583 19
584 16
585 21
586 16
587 15
588 8
589 15
590 12
591 20
592 16
593 21
594 11
595 19
596 17
597 14
598 16
599 11
600 10
601 6
602 9
603 10
604 5
605 5
606 7
607 9
608 14
609 11
610 13
611 12
612 17
613 15
614 13
615 14
616 4
617 10
618 15
619 15
620 13
621 7
622 14
623 16
624 11
625 7
626 5
627 4
628 8
629 7
630 13
631 9
632 8
633 15
634 4
635 5
636 5
637 8
638 4
639 5
640 5
641 9
642 7
643 9
644 7
645 10
646 10
647 8
648 8
649 6
650 7
651 5
652 9
653 8
654 6
655 6
656 4
657 6
658 7
659 9
660 7
661 9
662 6
663 5
664 3
665 3
666 1
667 3
668 4
669 6
670 7
671 3
672 5
673 6
674 3
675 6
676 2
677 5
678 5
679 5
680 7
681 6
682 7
683 4
684 3
685 4
686 5
687 2
688 4
689 6
690 4
691 7
692 6
693 6
694 4
695 4
696 6
697 5
698 6
699 3
700 11
701 5
702 6
703 11
704 7
705 5
706 6
707 2
708 3
709 9
710 8
711 5
712 8
713 6
714 11
715 5
716 5
717 5
718 3
719 3
720 4
721 4
722 6
723 5
724 7
725 5
726 6
727 4
728 8
729 12
730 9
731 5
732 10
733 4
734 3
735 6
736 7
737 6
738 5
739 9
740 1
741 5
742 5
743 13
744 4
745 6
746 4
747 6
748 4
749 6
750 2
751 1
752 8
753 3
754 4
755 5
756 4
757 5
758 1
759 5
760 8
761 1
762 4
763 4
764 3
765 5
766 4
767 6
768 5
769 4
770 3
771 4
772 4
773 4
774 3
775 6
776 5
777 4
778 5
779 4
780 6
781 4
782 6
783 8
784 10
785 5
786 4
787 5
788 8
789 8
790 6
791 6
792 5
793 4
794 7
795 4
796 5
797 2
798 10
799 7
800 4
801 5
802 4
803 4
804 2
805 4
806 5
807 1
808 3
809 4
810 2
811 7
812 7
813 5
814 6
815 4
816 5
817 7
818 10
819 9
820 7
821 8
822 5
823 5
824 19
825 8
826 10
827 8
828 5
829 3
830 6
831 8
832 4
833 3
834 9
835 3
836 4
837 10
838 2
839 5
840 10
841 11
842 6
843 7
844 9
845 4
846 5
847 8
848 9
849 9
850 8
851 8
852 7
853 6
854 4
855 6
856 7
857 3
858 5
859 9
860 7
861 12
862 6
863 9
864 7
865 10
866 10
867 5
868 9
869 10
870 5
871 5
872 3
873 7
874 3
875 7
876 7
877 6
878 7
879 3
880 7
881 3
882 4
883 2
884 3
885 3
886 3
887 7
888 3
889 3
890 3
891 11
892 6
893 5
894 2
895 7
896 9
897 9
898 9
899 5
900 6
901 5
902 5
904 1
905 3
906 5
907 3
908 2
909 5
910 2
912 4
913 6
915 5
916 2
917 2
918 5
919 2
920 5
921 3
922 3
923 7
924 5
925 4
926 9
927 5
928 8
929 9
930 6
931 4
932 9
933 4
934 16
935 11
936 12
937 5
938 5
939 2
940 7
941 9
942 5
943 6
944 7
945 6
946 19
947 5
948 11
949 8
950 4
951 9
952 7
953 6
954 12
955 10
956 11
957 9
958 9
959 12
960 6
961 9
962 10
963 8
964 8
965 9
966 8
967 4
968 5
969 5
970 5
971 8
972 4
973 5
974 6
975 5
976 9
977 7
978 4
979 7
980 4
981 3
982 11
983 8
984 3
985 5
986 12
987 5
988 8
989 7
990 6
991 7
992 12
993 11
994 4
995 10
996 4
997 8
998 5
999 9
1000 6
1001 7
1002 7
1003 5
1004 3
1005 5
1006 4
1007 9
1008 8
1009 4
1010 9
1011 7
1012 5
1013 7
1014 3
1015 3
1016 7
1017 8
1018 6
1019 10
1020 6
1021 9
1022 4
1023 11
1024 6
1025 4
1026 7
1027 10
1028 7
1029 11
1030 4
1031 6
1032 3
1033 7
1034 8
1035 7
1036 15
1037 7
1038 6
1039 10
1040 13
1041 9
1042 12
1043 13
1044 7
1045 6
1046 4
1047 13
1048 5
1049 7
1050 3
1051 8
1052 6
1053 4
1054 9
1055 4
1056 8
1057 6
1058 5
1059 6
1060 4
1061 7
1062 4
1063 4
1064 4
1065 3
1066 7
1067 4
1068 5
1069 1
1070 5
1071 5
1072 5
1073 4
1074 6
1075 5
1076 5
1077 4
1078 5
1079 4
1080 2
1081 3
1082 1
1083 1
1084 1
1085 4
1086 2
1087 4
1088 3
1089 2
1090 7
1091 6
1092 1
1093 6
1094 6
1095 5
1096 4
1097 6
1098 1
1099 2
1100 5
1101 4
1102 2
1103 3
1104 2
1105 6
1106 3
1107 8
1108 6
1109 6
1110 2
1111 5
1112 4
1113 5
1114 4
1115 6
1116 4
1117 2
1118 5
1120 4
1121 5
1122 4
1123 2
1124 1
1125 4
1126 3
1127 2
1129 1
1130 3
1131 2
1132 6
1133 2
1134 2
1135 2
1136 1
1138 2
1139 2
1140 1
1141 2
1142 2
1143 1
1144 5
1145 4
1146 4
1147 3
1151 2
1152 2
1154 1
1157 1
1158 1
1159 1
1162 2
1163 1
1165 2
1166 2
1167 1
1168 1
1169 2
1170 1
1171 1
1172 2
1174 1
1176 1
1177 1
1180 1
1183 1
1187 1
1189 2
1190 4
1199 1
1203 2
1209 1
1210 1
1212 2
1213 2
1214 1
1215 1
1217 2
1218 1
1222 1
1223 2
1225 2
1227 3
1229 2
1230 1
1231 2
1232 2
1233 1
1234 1
1235 2
1236 4
1237 2
1239 2
1240 5
1241 5
1242 2
1243 2
1244 1
1245 2
1247 2
1250 1
1251 1
1253 1
1256 1
1257 1
1264 3
1266 2
1270 2
1271 1
1272 1
1274 1
1283 1
1285 2
1291 1
1295 1
1296 1
1303 1
1304 1
1305 2
1307 1
1309 1
1310 1
1312 3
1315 1
1316 2
1317 1
1319 1
1321 1
1324 1
1325 2
1331 2
1332 1
1334 1
1335 1
1337 1
1338 1
1339 1
1340 1
1341 2
1345 1
1347 1
1348 1
1352 1
1353 2
1356 1
1357 2
1358 1
1361 1
1363 2
1364 1
1367 1
1369 3
1370 1
1374 2
1375 1
1376 1
1378 1
1384 1
1385 1
1386 2
1387 2
1388 1
1389 2
1393 2
1396 1
1397 1
1398 2
1399 1
1402 1
1404 1
1409 1
1412 1
1413 1
1416 1
1424 1
1428 1
1438 1
1442 1
1444 1
1446 1
1448 2
1449 1
1455 1
1465 1
1481 1
1485 1
1524 1
1527 2
1529 1
1533 1
1537 1
1543 1
1544 1
1545 1
1546 2
1547 1
1548 1
1550 1
1552 2
1553 2
1554 1
1556 2
1557 1
1558 1
1559 1
1564 2
1566 2
1569 2
1575 1
1581 1
1585 1
1625 1
1626 1
1631 1
1637 1
1641 1
1653 1
1654 1
1658 1
1662 1
1675 1
1694 1
1726 1
1727 1
1728 1
1731 1
1732 2
1739 1
1741 1
1747 1
1790 1
1795 1
1798 3
1807 1
1810 1
1812 1
1814 1
1816 2
1842 1
1869 1
1880 1
1886 2
1890 1
1892 1
1897 1
1898 1
1900 1
1902 1
1904 1
1958 1
1973 2
1974 1
1977 1
1982 2
2050 1
2081 1
2109 1
2142 1
2145 1
2179 1
2184 1
2186 2
2188 2
2189 1
2196 1
2245 1
2249 1
2250 1
2253 1
2256 1
2257 1
2258 1
2262 1
2264 1
2265 1
2273 1
2280 1
2284 1
2288 1
2289 1
2290 1
2321 1
2324 1
2326 1
2330 1
2332 1
2333 1
2334 1
2336 1
2338 1
2349 2
2350 1
2355 1
2362 1
2363 1
2365 1
2366 2
2367 1
2368 1
2369 1
2372 1
2373 1
2377 2
2379 1
2380 1
2381 1
2383 1
2385 1
2387 1
2393 1
2395 1
2398 1
2400 1
2401 1
2407 1
2441 1
2444 1
2456 1
2472 1
2476 1
2477 1
2478 1
2502 1
2550 1
2551 1
2568 1
2589 1
2593 1
2627 1
2728 1
2845 1
2847 1
2902 1
2941 1
2943 1
2945 1
2949 1
2993 1
3036 1
3041 1
3044 1
3047 2
3049 1
3051 1
3054 1
3065 1
3068 1
3069 1
3070 1
3079 1
3084 1
3137 1
3138 1
3145 1
3152 1
3159 1
3243 1
3244 1
3344 1
3345 1
3348 1
3352 1
3357 1
3362 1
3438 1
3489 1
3492 1
3494 1
3495 1
3496 1
3500 1
3501 1
3503 1
3504 1
3512 1
3515 1
3655 1
4929 1
5002 1
5483 1
5620 1
5768 1
6122 1
7324 1
7450 1
7473 2
7474 1
7479 1
7482 2
7485 1
7486 1
7492 1
