1 23808333
2 13398505
3 8286162
4 5354018
5 3561301
6 2461991
7 1761409
8 1347106
9 1124439
10 1045223
11 1058959
12 1122822
13 1193096
14 1244288
15 1275035
16 1271180
17 1243780
18 1200033
19 1130722
20 1048015
21 963790
22 881822
23 803342
24 733683
25 662549
26 598395
27 541446
28 493847
29 457579
30 431020
31 419865
32 424783
33 444136
34 476654
35 522439
36 575951
37 636629
38 694817
39 753820
40 802943
41 841559
42 874602
43 893783
44 894017
45 883348
46 862124
47 828656
48 784640
49 734498
50 679515
51 615970
52 552590
53 489916
54 430264
55 372573
56 320042
57 272608
58 230145
59 193337
60 159913
61 132916
62 108261
63 89315
64 72780
65 59576
66 49477
67 40961
68 33717
69 27981
70 23810
71 20220
72 17571
73 15478
74 13658
75 12420
76 11228
77 10380
78 9319
79 8607
80 7930
81 7522
82 7119
83 6717
84 6388
85 6107
86 5732
87 5333
88 5111
89 4994
90 4849
91 4532
92 4253
93 3895
94 3584
95 3430
96 3229
97 3001
98 2917
99 2700
100 2474
101 2376
102 2281
103 2151
104 2015
105 1870
106 1814
107 1651
108 1487
109 1442
110 1234
111 1190
112 1127
113 991
114 928
115 829
116 826
117 768
118 711
119 714
120 701
121 678
122 666
123 618
124 619
125 641
126 604
127 640
128 589
129 574
130 615
131 576
132 563
133 560
134 589
135 654
136 637
137 659
138 645
139 571
140 621
141 641
142 575
143 567
144 573
145 615
146 572
147 576
148 600
149 610
150 565
151 572
152 587
153 596
154 585
155 554
156 555
157 532
158 500
159 514
160 540
161 464
162 469
163 450
164 449
165 391
166 350
167 376
168 350
169 361
170 341
171 364
172 330
173 292
174 295
175 300
176 317
177 307
178 278
179 247
180 223
181 191
182 206
183 200
184 202
185 213
186 224
187 224
188 191
189 188
190 178
191 211
192 188
193 198
194 187
195 201
196 224
197 215
198 233
199 241
200 233
201 236
202 243
203 217
204 208
205 187
206 222
207 212
208 217
209 264
210 220
211 261
212 251
213 254
214 252
215 241
216 246
217 205
218 215
219 227
220 200
221 210
222 174
223 203
224 195
225 194
226 181
227 176
228 156
229 138
230 135
231 129
232 127
233 110
234 134
235 120
236 137
237 145
238 138
239 114
240 130
241 102
242 106
243 107
244 98
245 101
246 98
247 100
248 91
249 87
250 97
251 85
252 103
253 75
254 93
255 74
256 84
257 62
258 81
259 59
260 74
261 54
262 61
263 61
264 54
265 42
266 51
267 44
268 43
269 36
270 54
271 44
272 69
273 59
274 50
275 44
276 54
277 44
278 46
279 63
280 54
281 55
282 48
283 46
284 54
285 59
286 57
287 43
288 56
289 63
290 50
291 48
292 34
293 50
294 49
295 39
296 53
297 57
298 43
299 51
300 58
301 52
302 52
303 66
304 73
305 51
306 52
307 53
308 64
309 69
310 45
311 66
312 64
313 59
314 52
315 57
316 48
317 37
318 48
319 39
320 43
321 47
322 47
323 36
324 51
325 44
326 47
327 43
328 46
329 41
330 36
331 40
332 33
333 36
334 39
335 35
336 52
337 43
338 44
339 32
340 26
341 25
342 26
343 27
344 34
345 16
346 24
347 20
348 22
349 21
350 17
351 15
352 17
353 24
354 17
355 16
356 12
357 14
358 11
359 18
360 20
361 23
362 14
363 27
364 23
365 15
366 20
367 12
368 12
369 13
370 9
371 12
372 13
373 6
374 9
375 7
376 4
377 3
378 4
379 3
380 8
381 15
382 3
383 9
384 6
385 9
386 5
387 8
388 8
389 6
390 5
391 7
392 7
393 6
394 6
395 17
396 10
397 13
398 11
399 16
400 9
401 18
402 16
403 12
404 9
405 12
406 10
407 8
408 12
409 11
410 4
411 15
412 13
413 9
414 7
415 11
416 7
417 4
418 12
419 7
420 4
421 7
422 7
423 5
424 9
425 13
426 13
427 7
428 10
430 9
431 7
432 10
433 12
434 9
435 2
436 7
437 7
438 7
439 9
440 2
441 12
442 8
443 6
444 8
445 10
446 13
447 17
448 6
449 14
450 4
451 17
452 11
453 10
454 6
455 9
456 7
457 13
458 7
459 9
460 8
461 8
462 3
463 10
464 8
465 8
466 16
467 11
468 6
469 10
470 6
471 10
472 6
473 14
474 5
475 11
476 16
477 17
478 16
479 13
480 12
481 22
482 19
483 14
484 12
485 15
486 17
487 15
488 14
489 9
490 14
491 8
492 8
493 14
494 6
495 10
496 5
497 11
498 7
499 8
500 7
501 6
502 2
503 3
504 8
505 6
506 4
507 4
508 9
509 12
510 9
511 5
512 7
513 7
514 3
515 5
516 15
517 19
518 11
519 16
520 8
521 11
522 8
523 9
524 7
525 9
526 9
527 9
528 12
529 9
530 5
531 9
532 13
533 10
534 13
535 6
536 14
537 11
538 13
539 14
540 9
541 12
542 10
543 10
544 13
545 10
546 11
547 6
548 8
549 15
550 13
551 10
552 15
553 8
554 9
555 8
556 9
557 15
558 10
559 12
560 10
561 8
562 14
563 10
564 11
565 12
566 13
567 18
568 12
569 11
570 12
571 12
572 14
573 15
574 15
575 6
576 10
577 18
578 8
579 12
580 12
581 5
582 7
583 5
584 14
585 7
586 10
587 11
588 13
589 15
590 12
591 15
592 21
593 12
594 14
595 21
596 8
597 19
598 16
599 22
600 19
601 17
602 11
603 21
604 16
605 17
606 23
607 11
608 13
609 12
610 10
611 13
612 8
613 13
614 12
615 11
616 10
617 14
618 13
619 14
620 16
621 6
622 10
623 11
624 5
625 11
626 3
627 4
628 3
629 6
630 3
631 4
632 4
633 9
634 4
635 7
636 7
637 3
638 6
639 9
640 10
641 4
642 5
643 10
644 7
645 5
646 3
647 4
648 4
649 5
651 2
652 7
653 4
654 6
655 2
656 6
657 6
658 4
659 5
660 6
661 5
662 5
663 4
664 3
665 3
666 4
667 7
668 7
669 5
670 11
671 7
672 1
673 4
674 1
675 2
676 4
677 1
678 2
679 3
680 2
681 5
682 1
683 2
684 2
685 2
692 1
694 1
695 1
697 2
698 2
699 3
700 2
701 2
702 1
703 2
704 1
705 2
706 2
707 1
709 1
710 2
711 3
712 3
713 2
714 4
715 1
716 3
717 5
718 3
721 1
722 3
723 1
725 5
726 3
728 2
729 2
730 3
731 2
732 1
733 1
734 3
735 1
736 2
737 2
738 1
739 3
740 1
741 1
742 1
744 1
746 2
747 1
748 1
749 2
751 1
753 1
754 2
761 1
762 2
763 1
765 2
766 1
768 1
769 2
771 3
772 2
774 2
775 3
776 4
777 2
778 2
779 4
781 2
782 3
783 1
784 1
787 1
788 1
791 1
792 1
793 1
796 1
797 1
798 1
799 3
801 2
802 1
803 1
806 1
807 1
810 1
812 1
813 3
814 2
816 1
817 2
818 2
819 1
820 1
821 1
822 1
823 2
825 3
827 1
828 2
829 2
830 1
831 1
833 3
834 1
835 1
836 1
840 2
843 2
844 1
863 2
868 1
870 2
871 1
872 1
877 3
878 1
879 2
881 2
884 1
885 1
886 2
887 1
888 1
891 1
896 1
911 1
917 1
944 3
946 1
951 1
952 1
953 2
965 2
966 1
967 1
974 1
975 1
976 1
978 1
982 1
984 1
985 1
1009 1
1029 1
1031 1
1033 1
1067 1
1073 1
1075 2
1076 1
1077 1
1085 1
1091 1
1094 1
1097 1
1110 1
1112 1
1117 1
1122 2
1124 1
1125 1
1127 1
1130 1
1131 1
1134 1
1136 1
1153 1
1154 1
1156 1
1157 1
1160 1
1162 1
1164 1
1170 1
1174 1
1206 1
1216 1
1226 1
1232 1
1235 1
1255 1
1280 1
1281 1
1282 2
1284 1
1291 1
1298 1
1302 2
1307 1
1310 2
1317 1
1318 1
1325 1
1327 1
1331 1
1334 1
1335 1
1346 2
1347 1
1348 2
1349 1
1350 1
1351 2
1356 1
1358 2
1361 1
1362 4
1365 3
1367 1
1368 1
1369 2
1370 1
1372 2
1374 1
1376 1
1384 1
1386 1
1388 1
1389 2
1390 1
1391 1
1396 3
1397 1
1399 2
1401 1
1402 1
1405 1
1406 1
1409 1
1410 2
1411 1
1418 1
1437 1
1446 1
1460 1
1475 1
1477 1
1486 1
1487 1
1532 1
1611 1
1624 2
1633 1
1658 1
1666 1
1673 1
1675 1
1676 1
1677 1
1680 1
1683 1
1684 2
1686 1
1688 1
1698 1
1705 1
1717 1
1737 1
1754 1
1759 2
1815 3
1827 1
1872 1
1876 1
1878 1
2007 1
2013 1
2014 2
2022 1
2027 1
2033 1
2038 1
2046 1
2050 1
2052 1
2056 1
2063 1
2074 1
2076 1
2077 1
2078 1
2079 1
2082 1
2980 1
2996 1
3050 1
3161 1
3349 1
3387 1
4302 1
4332 1
4335 1
4344 1
4347 1
4349 1
4355 1
4360 1
4365 1
4367 1
4374 1
