1 22419978
2 10333327
3 5189634
4 2810286
5 1822052
6 1402621
7 1147550
8 920073
9 747488
10 647563
11 621558
12 653992
13 727786
14 808768
15 885379
16 934295
17 956233
18 954523
19 931360
20 897833
21 861329
22 820103
23 786731
24 748471
25 714929
26 685451
27 655656
28 621682
29 583513
30 541327
31 493380
32 444705
33 393123
34 349941
35 308915
36 273189
37 242395
38 220522
39 203468
40 191239
41 184950
42 180623
43 177871
44 177144
45 176140
46 174830
47 174397
48 174880
49 175897
50 176983
51 179519
52 181091
53 184445
54 188615
55 192343
56 196548
57 199199
58 200045
59 201232
60 202242
61 200745
62 200855
63 196876
64 195925
65 192314
66 191409
67 189315
68 189005
69 188023
70 187736
71 188675
72 189645
73 190189
74 191898
75 191746
76 191086
77 189163
78 187753
79 183384
80 177614
81 170858
82 163003
83 153090
84 142963
85 131658
86 119608
87 108290
88 96018
89 85285
90 74793
91 64900
92 55554
93 47087
94 39711
95 32797
96 26908
97 21765
98 17580
99 14368
100 11679
101 9361
102 7476
103 5929
104 4661
105 3851
106 3163
107 2557
108 2202
109 1968
110 1749
111 1492
112 1414
113 1387
114 1310
115 1191
116 1226
117 1224
118 1238
119 1150
120 1143
121 1143
122 1125
123 1133
124 1099
125 1121
126 969
127 1016
128 949
129 951
130 915
131 870
132 890
133 790
134 746
135 741
136 687
137 719
138 685
139 685
140 619
141 595
142 549
143 507
144 516
145 470
146 475
147 507
148 523
149 557
150 573
151 602
152 576
153 500
154 578
155 614
156 621
157 618
158 633
159 620
160 669
161 622
162 550
163 571
164 578
165 544
166 559
167 562
168 527
169 536
170 475
171 489
172 521
173 516
174 452
175 447
176 465
177 471
178 409
179 402
180 379
181 409
182 393
183 383
184 377
185 338
186 354
187 350
188 266
189 247
190 243
191 189
192 212
193 188
194 186
195 184
196 161
197 155
198 138
199 117
200 154
201 135
202 172
203 143
204 126
205 136
206 149
207 133
208 111
209 134
210 154
211 134
212 149
213 160
214 136
215 192
216 177
217 193
218 206
219 214
220 219
221 214
222 230
223 229
224 224
225 249
226 238
227 225
228 235
229 231
230 236
231 249
232 244
233 223
234 257
235 286
236 244
237 272
238 267
239 279
240 306
241 248
242 225
243 263
244 216
245 215
246 211
247 208
248 192
249 224
250 175
251 190
252 179
253 207
254 162
255 162
256 162
257 166
258 163
259 177
260 144
261 143
262 128
263 154
264 137
265 121
266 116
267 97
268 120
269 88
270 92
271 114
272 112
273 101
274 107
275 91
276 93
277 98
278 78
279 72
280 88
281 82
282 86
283 68
284 77
285 75
286 74
287 66
288 88
289 68
290 79
291 70
292 69
293 57
294 71
295 52
296 57
297 61
298 67
299 62
300 71
301 58
302 55
303 48
304 36
305 51
306 40
307 57
308 69
309 65
310 42
311 44
312 46
313 45
314 52
315 37
316 49
317 50
318 33
319 35
320 36
321 39
322 41
323 38
324 32
325 39
326 40
327 38
328 41
329 37
330 43
331 41
332 30
333 38
334 39
335 24
336 30
337 33
338 21
339 34
340 38
341 22
342 35
343 40
344 51
345 55
346 56
347 63
348 61
349 73
350 89
351 117
352 111
353 142
354 145
355 179
356 218
357 249
358 304
359 339
360 392
361 496
362 553
363 641
364 801
365 814
366 1033
367 1145
368 1285
369 1461
370 1643
371 1942
372 2157
373 2544
374 2714
375 3140
376 3549
377 4012
378 4345
379 4931
380 5451
381 6007
382 6687
383 7248
384 8237
385 8931
386 9687
387 10761
388 11392
389 12449
390 13642
391 14424
392 15858
393 17082
394 18229
395 19504
396 20594
397 22114
398 23349
399 24639
400 26106
401 27493
402 28928
403 30465
404 31984
405 33748
406 35644
407 36692
408 38681
409 39986
410 41510
411 43093
412 44879
413 46216
414 47374
415 49037
416 50472
417 51755
418 52945
419 54012
420 55192
421 56259
422 57912
423 58678
424 60203
425 60774
426 61948
427 63265
428 64039
429 65212
430 66152
431 66515
432 67961
433 68730
434 69191
435 70383
436 71157
437 71809
438 72264
439 73259
440 73593
441 74463
442 74585
443 75061
444 75538
445 76458
446 75947
447 76959
448 77067
449 77861
450 77836
451 78299
452 77579
453 77010
454 77324
455 76820
456 76289
457 76249
458 75563
459 74555
460 73350
461 72656
462 71602
463 70780
464 69352
465 68433
466 67002
467 65385
468 64205
469 62590
470 60621
471 58895
472 57093
473 55666
474 53341
475 51754
476 49787
477 47760
478 46095
479 43694
480 41853
481 39387
482 37801
483 35650
484 33517
485 32003
486 29963
487 28132
488 26202
489 24980
490 23359
491 21427
492 20129
493 18713
494 17285
495 16169
496 14820
497 13527
498 12471
499 11413
500 10577
501 9752
502 9011
503 8080
504 7453
505 6749
506 6092
507 5558
508 4948
509 4541
510 4048
511 3701
512 3361
513 3004
514 2789
515 2449
516 2117
517 1876
518 1703
519 1459
520 1330
521 1142
522 965
523 853
524 803
525 706
526 612
527 523
528 425
529 393
530 308
531 229
532 238
533 180
534 196
535 170
536 136
537 113
538 119
539 109
540 91
541 96
542 66
543 70
544 72
545 59
546 68
547 68
548 64
549 61
550 46
551 45
552 42
553 48
554 47
555 39
556 31
557 35
558 50
559 42
560 36
561 23
562 39
563 42
564 51
565 27
566 36
567 39
568 35
569 45
570 47
571 41
572 35
573 29
574 28
575 42
576 29
577 34
578 31
579 32
580 33
581 30
582 31
583 39
584 25
585 39
586 36
587 47
588 46
589 37
590 42
591 52
592 31
593 44
594 44
595 44
596 54
597 59
598 45
599 60
600 44
601 50
602 36
603 45
604 44
605 47
606 48
607 43
608 36
609 46
610 32
611 36
612 20
613 26
614 22
615 23
616 26
617 22
618 16
619 24
620 21
621 9
622 18
623 14
624 20
625 17
626 25
627 6
628 15
629 22
630 17
631 22
632 13
633 17
634 23
635 24
636 17
637 21
638 21
639 10
640 16
641 8
642 11
643 10
644 9
645 9
646 7
647 8
648 4
649 4
650 8
651 8
652 12
653 6
654 4
655 7
656 7
657 7
658 8
659 13
660 12
661 14
662 16
663 16
664 9
665 6
666 12
667 9
668 5
669 10
670 8
671 8
672 10
673 5
674 10
675 12
676 10
677 9
678 8
679 10
680 8
681 8
682 7
683 7
684 11
685 7
686 12
687 5
688 6
689 6
690 4
691 6
692 5
693 8
694 4
695 5
696 10
697 11
698 7
699 13
700 10
701 10
702 8
703 12
704 13
705 8
706 12
707 14
708 16
709 14
710 15
711 16
712 14
713 14
714 15
715 13
716 9
717 8
718 6
719 9
720 11
721 6
722 6
723 11
724 10
725 3
726 9
727 11
728 7
729 18
730 8
731 7
732 3
733 8
734 9
735 7
736 1
737 9
738 10
739 4
740 8
741 2
742 6
743 9
744 12
745 6
746 10
747 4
748 6
749 4
750 12
751 8
752 6
753 14
754 8
755 6
756 7
757 3
758 8
759 4
760 8
761 4
762 5
763 7
764 6
765 5
766 3
767 6
768 1
769 5
770 9
771 11
772 5
773 11
774 6
775 11
776 8
777 6
778 12
779 19
780 9
781 16
782 20
783 19
784 22
785 20
786 28
787 31
788 38
789 38
790 52
791 45
792 39
793 46
794 52
795 63
796 60
797 54
798 70
799 46
800 66
801 54
802 78
803 73
804 80
805 100
806 77
807 95
808 105
809 113
810 113
811 135
812 111
813 119
814 140
815 146
816 134
817 126
818 132
819 147
820 161
821 158
822 173
823 184
824 197
825 197
826 167
827 189
828 194
829 195
830 182
831 212
832 215
833 191
834 231
835 226
836 225
837 237
838 212
839 193
840 251
841 223
842 218
843 224
844 226
845 212
846 216
847 233
848 244
849 235
850 255
851 243
852 219
853 235
854 211
855 218
856 253
857 240
858 230
859 200
860 187
861 224
862 231
863 235
864 226
865 203
866 221
867 203
868 192
869 193
870 170
871 193
872 182
873 170
874 195
875 189
876 190
877 199
878 173
879 182
880 220
881 204
882 184
883 232
884 189
885 205
886 206
887 228
888 234
889 234
890 236
891 229
892 198
893 218
894 220
895 279
896 235
897 261
898 236
899 235
900 234
901 231
902 238
903 231
904 248
905 253
906 238
907 246
908 227
909 221
910 229
911 244
912 229
913 209
914 221
915 236
916 239
917 239
918 245
919 254
920 223
921 251
922 255
923 247
924 245
925 249
926 221
927 223
928 219
929 211
930 234
931 212
932 217
933 187
934 205
935 194
936 190
937 173
938 175
939 162
940 200
941 180
942 165
943 160
944 158
945 166
946 123
947 146
948 140
949 126
950 121
951 114
952 132
953 117
954 104
955 107
956 86
957 90
958 110
959 91
960 89
961 104
962 81
963 78
964 80
965 79
966 62
967 80
968 65
969 64
970 64
971 61
972 69
973 41
974 48
975 41
976 35
977 32
978 45
979 36
980 38
981 34
982 40
983 23
984 35
985 19
986 21
987 20
988 13
989 18
990 18
991 22
992 17
993 25
994 18
995 9
996 14
997 14
998 12
999 10
1000 7
1001 9
1002 6
1003 7
1004 7
1005 3
1006 7
1007 5
1008 8
1009 9
1010 10
1011 12
1012 9
1013 5
1014 10
1015 6
1016 12
1017 2
1018 5
1019 7
1020 5
1021 10
1022 7
1023 10
1024 10
1025 9
1026 9
1027 8
1028 9
1029 9
1030 10
1031 10
1032 12
1033 9
1034 15
1035 11
1036 9
1037 9
1038 7
1039 14
1040 14
1041 8
1042 8
1043 19
1044 10
1045 10
1046 7
1047 9
1048 13
1049 10
1050 6
1051 9
1052 14
1053 7
1054 6
1055 8
1056 10
1057 8
1058 5
1059 11
1060 8
1061 10
1062 7
1063 10
1064 12
1065 10
1066 9
1067 8
1068 10
1069 11
1070 8
1071 10
1072 7
1073 11
1074 11
1075 7
1076 11
1077 8
1078 10
1079 5
1080 8
1081 14
1082 8
1083 8
1084 8
1085 20
1086 6
1087 9
1088 2
1089 10
1090 5
1091 4
1092 8
1093 5
1094 6
1095 8
1096 5
1097 9
1098 11
1099 8
1100 7
1101 5
1102 7
1103 13
1104 7
1105 5
1106 10
1107 5
1108 5
1109 11
1110 5
1111 5
1112 9
1113 8
1114 9
1115 5
1116 4
1117 7
1118 10
1119 1
1120 6
1121 5
1122 3
1123 7
1124 6
1125 3
1126 8
1127 6
1128 12
1129 9
1130 16
1131 12
1132 18
1133 14
1134 14
1135 9
1136 10
1137 11
1138 6
1139 6
1140 5
1141 1
1142 9
1143 5
1144 6
1145 3
1146 8
1147 8
1148 5
1149 2
1150 6
1151 2
1152 5
1153 3
1154 8
1155 6
1156 4
1157 7
1158 10
1159 6
1160 4
1161 6
1162 7
1163 3
1164 4
1165 11
1166 13
1167 7
1168 8
1169 5
1170 12
1171 4
1172 11
1173 14
1174 9
1175 12
1176 13
1177 17
1178 21
1179 12
1180 17
1181 15
1182 11
1183 16
1184 21
1185 23
1186 27
1187 18
1188 25
1189 12
1190 16
1191 15
1192 16
1193 18
1194 23
1195 18
1196 16
1197 15
1198 21
1199 25
1200 27
1201 30
1202 25
1203 25
1204 23
1205 34
1206 43
1207 42
1208 31
1209 41
1210 44
1211 41
1212 41
1213 43
1214 43
1215 48
1216 33
1217 48
1218 40
1219 59
1220 46
1221 41
1222 56
1223 59
1224 62
1225 52
1226 54
1227 48
1228 75
1229 76
1230 61
1231 71
1232 70
1233 64
1234 69
1235 63
1236 94
1237 76
1238 86
1239 81
1240 100
1241 82
1242 87
1243 88
1244 94
1245 93
1246 92
1247 90
1248 83
1249 106
1250 109
1251 115
1252 91
1253 107
1254 115
1255 102
1256 117
1257 119
1258 94
1259 105
1260 142
1261 139
1262 116
1263 134
1264 146
1265 136
1266 118
1267 121
1268 123
1269 105
1270 128
1271 112
1272 133
1273 118
1274 131
1275 141
1276 121
1277 122
1278 102
1279 123
1280 101
1281 120
1282 111
1283 125
1284 109
1285 111
1286 108
1287 88
1288 107
1289 112
1290 112
1291 113
1292 95
1293 86
1294 84
1295 98
1296 91
1297 91
1298 87
1299 83
1300 67
1301 91
1302 88
1303 76
1304 71
1305 92
1306 76
1307 82
1308 69
1309 63
1310 74
1311 60
1312 58
1313 67
1314 64
1315 58
1316 63
1317 60
1318 46
1319 57
1320 34
1321 51
1322 50
1323 32
1324 49
1325 49
1326 43
1327 27
1328 26
1329 34
1330 34
1331 30
1332 29
1333 34
1334 27
1335 27
1336 21
1337 22
1338 24
1339 24
1340 25
1341 22
1342 21
1343 21
1344 28
1345 21
1346 15
1347 15
1348 24
1349 18
1350 15
1351 14
1352 12
1353 24
1354 23
1355 20
1356 13
1357 17
1358 16
1359 20
1360 19
1361 11
1362 15
1363 9
1364 19
1365 18
1366 18
1367 21
1368 15
1369 19
1370 21
1371 13
1372 22
1373 14
1374 12
1375 17
1376 16
1377 13
1378 16
1379 22
1380 20
1381 19
1382 13
1383 17
1384 14
1385 21
1386 17
1387 15
1388 14
1389 17
1390 12
1391 15
1392 20
1393 16
1394 14
1395 13
1396 17
1397 16
1398 7
1399 14
1400 14
1401 13
1402 15
1403 5
1404 15
1405 11
1406 8
1407 15
1408 8
1409 10
1410 13
1411 10
1412 13
1413 14
1414 8
1415 17
1416 14
1417 8
1418 16
1419 11
1420 8
1421 14
1422 11
1423 13
1424 13
1425 14
1426 6
1427 5
1428 8
1429 7
1430 6
1431 8
1432 15
1433 16
1434 9
1435 10
1436 10
1437 8
1438 17
1439 11
1440 9
1441 13
1442 5
1443 8
1444 7
1445 11
1446 8
1447 8
1448 6
1449 10
1450 7
1451 3
1452 6
1453 7
1454 3
1455 7
1456 7
1457 8
1458 5
1459 6
1460 10
1461 5
1462 10
1463 7
1464 11
1465 7
1466 8
1467 7
1468 7
1469 8
1470 15
1471 8
1472 5
1473 7
1474 9
1475 4
1476 4
1477 4
1478 9
1479 11
1480 10
1481 6
1482 10
1483 10
1484 8
1485 3
1486 4
1487 5
1488 9
1489 4
1490 4
1491 4
1492 4
1493 5
1494 8
1495 8
1496 3
1497 5
1498 7
1499 5
1500 5
1501 7
1502 5
1503 6
1504 5
1505 6
1506 8
1507 9
1508 8
1509 8
1510 6
1511 8
1512 7
1513 8
1514 14
1515 10
1516 6
1517 9
1518 14
1519 5
1520 6
1521 7
1522 10
1523 5
1524 10
1525 9
1526 6
1527 7
1528 5
1529 5
1530 1
1531 4
1532 2
1533 3
1534 1
1535 5
1536 1
1537 2
1538 1
1539 1
1540 1
1541 2
1542 2
1544 1
1545 2
1546 2
1547 3
1548 1
1549 1
1551 1
1552 1
1553 2
1555 1
1556 3
1557 1
1558 4
1559 1
1563 1
1565 1
1567 1
1568 2
1572 3
1575 2
1578 2
1580 1
1581 1
1582 1
1584 2
1585 3
1587 4
1588 2
1589 2
1590 3
1591 4
1592 6
1593 7
1594 4
1595 7
1596 2
1597 2
1598 1
1599 6
1600 4
1601 6
1602 1
1603 5
1604 2
1605 2
1606 3
1607 2
1608 1
1609 1
1610 9
1611 5
1612 5
1613 9
1614 10
1615 10
1616 2
1617 8
1618 9
1619 6
1620 10
1621 6
1622 4
1623 7
1624 9
1625 10
1626 5
1627 8
1628 13
1629 8
1630 9
1631 13
1632 14
1633 16
1634 14
1635 11
1636 14
1637 14
1638 12
1639 16
1640 18
1641 29
1642 17
1643 22
1644 12
1645 27
1646 12
1647 20
1648 22
1649 18
1650 19
1651 22
1652 21
1653 28
1654 25
1655 21
1656 32
1657 23
1658 27
1659 24
1660 30
1661 27
1662 36
1663 30
1664 40
1665 40
1666 36
1667 35
1668 38
1669 41
1670 28
1671 40
1672 32
1673 35
1674 36
1675 40
1676 55
1677 39
1678 54
1679 49
1680 43
1681 35
1682 60
1683 41
1684 45
1685 43
1686 44
1687 40
1688 51
1689 31
1690 30
1691 37
1692 37
1693 38
1694 25
1695 41
1696 33
1697 35
1698 26
1699 33
1700 28
1701 30
1702 36
1703 25
1704 30
1705 29
1706 24
1707 32
1708 28
1709 25
1710 17
1711 24
1712 25
1713 18
1714 24
1715 26
1716 20
1717 19
1718 16
1719 19
1720 15
1721 23
1722 14
1723 21
1724 26
1725 20
1726 13
1727 17
1728 9
1729 12
1730 17
1731 5
1732 8
1733 18
1734 14
1735 12
1736 21
1737 10
1738 14
1739 13
1740 12
1741 10
1742 15
1743 15
1744 11
1745 10
1746 12
1747 9
1748 10
1749 5
1750 8
1751 16
1752 7
1753 11
1754 11
1755 9
1756 7
1757 10
1758 10
1759 12
1760 8
1761 9
1762 10
1763 11
1764 8
1765 9
1766 13
1767 11
1768 10
1769 19
1770 14
1771 11
1772 18
1773 13
1774 12
1775 17
1776 23
1777 25
1778 18
1779 13
1780 23
1781 24
1782 21
1783 36
1784 26
1785 24
1786 35
1787 25
1788 33
1789 31
1790 30
1791 30
1792 33
1793 29
1794 35
1795 30
1796 29
1797 34
1798 45
1799 33
1800 40
1801 23
1802 32
1803 31
1804 29
1805 40
1806 40
1807 34
1808 49
1809 27
1810 36
1811 31
1812 37
1813 31
1814 29
1815 21
1816 27
1817 26
1818 24
1819 31
1820 28
1821 37
1822 30
1823 42
1824 28
1825 36
1826 22
1827 27
1828 32
1829 29
1830 32
1831 35
1832 23
1833 33
1834 26
1835 20
1836 20
1837 22
1838 21
1839 21
1840 24
1841 26
1842 20
1843 31
1844 28
1845 20
1846 20
1847 18
1848 19
1849 21
1850 27
1851 19
1852 22
1853 24
1854 17
1855 26
1856 18
1857 16
1858 19
1859 15
1860 23
1861 26
1862 27
1863 17
1864 16
1865 18
1866 16
1867 18
1868 9
1869 18
1870 10
1871 8
1872 11
1873 10
1874 14
1875 17
1876 8
1877 13
1878 20
1879 11
1880 20
1881 12
1882 5
1883 7
1884 6
1885 10
1886 3
1887 13
1888 9
1889 5
1890 6
1891 6
1892 9
1893 2
1894 7
1895 6
1896 7
1897 4
1898 3
1899 5
1900 5
1901 2
1902 5
1903 2
1904 2
1905 8
1906 2
1907 3
1908 5
1909 4
1910 3
1911 5
1912 4
1913 5
1914 1
1915 2
1916 2
1917 2
1918 4
1919 3
1920 1
1921 2
1923 2
1926 1
1932 1
1933 1
1946 1
1950 1
1951 1
1952 1
1953 1
1957 1
1958 1
1960 3
1961 2
1963 1
1976 1
1979 1
1980 1
1981 1
1985 1
1986 1
1987 1
1988 2
1989 1
1990 2
1991 1
1992 2
1993 3
1994 5
1995 2
1996 1
1997 2
1999 2
2000 2
2001 2
2002 2
2003 1
2004 1
2005 1
2009 2
2012 2
2013 2
2014 6
2015 3
2016 3
2017 4
2018 3
2019 3
2020 6
2021 2
2024 5
2025 1
2026 3
2027 12
2028 10
2029 5
2030 9
2031 4
2032 8
2033 5
2034 9
2035 12
2036 10
2037 7
2038 10
2039 3
2040 9
2041 13
2042 7
2043 10
2044 10
2045 8
2046 11
2047 7
2048 4
2049 14
2050 11
2051 5
2052 1
2053 13
2054 9
2055 16
2056 4
2057 7
2058 11
2059 11
2060 13
2061 10
2062 20
2063 10
2064 8
2065 9
2066 9
2067 14
2068 8
2069 11
2070 14
2071 8
2072 15
2073 11
2074 14
2075 13
2076 11
2077 17
2078 14
2079 10
2080 17
2081 25
2082 13
2083 16
2084 14
2085 14
2086 13
2087 24
2088 20
2089 10
2090 13
2091 18
2092 24
2093 20
2094 11
2095 20
2096 17
2097 14
2098 17
2099 16
2100 19
2101 25
2102 19
2103 27
2104 28
2105 29
2106 19
2107 22
2108 24
2109 21
2110 25
2111 22
2112 17
2113 24
2114 26
2115 28
2116 11
2117 19
2118 20
2119 14
2120 20
2121 14
2122 24
2123 25
2124 18
2125 21
2126 15
2127 15
2128 19
2129 15
2130 18
2131 13
2132 16
2133 12
2134 12
2135 13
2136 17
2137 21
2138 19
2139 14
2140 20
2141 19
2142 11
2143 14
2144 15
2145 28
2146 12
2147 12
2148 18
2149 21
2150 18
2151 16
2152 14
2153 13
2154 15
2155 16
2156 10
2157 5
2158 12
2159 9
2160 10
2161 10
2162 4
2163 8
2164 14
2165 13
2166 16
2167 17
2168 6
2169 10
2170 16
2171 9
2172 11
2173 7
2174 11
2175 3
2176 10
2177 4
2178 5
2179 8
2180 4
2181 4
2182 4
2183 6
2184 4
2185 2
2186 2
2187 3
2188 6
2189 5
2190 4
2191 2
2192 3
2193 5
2194 5
2195 7
2196 7
2197 1
2198 3
2199 2
2200 2
2201 6
2202 1
2203 4
2204 3
2205 2
2206 5
2207 6
2208 1
2209 2
2210 4
2211 4
2212 3
2213 2
2214 2
2215 2
2216 4
2217 3
2218 4
2219 5
2220 8
2221 3
2222 2
2223 2
2224 1
2225 3
2226 9
2227 3
2228 1
2229 4
2230 6
2231 5
2232 6
2233 6
2234 2
2235 3
2237 5
2238 3
2239 4
2240 9
2241 3
2242 5
2243 1
2244 3
2245 3
2246 3
2247 6
2248 3
2249 3
2250 3
2251 5
2252 3
2253 10
2254 2
2255 7
2256 6
2257 3
2258 3
2259 11
2261 10
2262 4
2263 8
2264 5
2265 8
2266 7
2267 11
2268 8
2269 9
2270 7
2271 3
2272 10
2273 8
2274 5
2275 10
2276 5
2277 7
2278 13
2279 10
2280 11
2281 8
2282 5
2283 9
2284 7
2285 11
2286 7
2287 7
2288 7
2289 11
2290 4
2291 15
2292 13
2293 10
2294 11
2295 8
2296 6
2297 16
2298 10
2299 10
2300 7
2301 12
2302 12
2303 13
2304 14
2305 7
2306 15
2307 17
2308 14
2309 9
2310 10
2311 12
2312 8
2313 11
2314 14
2315 12
2316 7
2317 21
2318 11
2319 10
2320 8
2321 8
2322 10
2323 14
2324 3
2325 12
2326 14
2327 8
2328 14
2329 7
2330 9
2331 10
2332 13
2333 16
2334 18
2335 10
2336 8
2337 8
2338 7
2339 14
2340 8
2341 8
2342 11
2343 13
2344 9
2345 9
2346 6
2347 8
2348 4
2349 3
2350 3
2351 7
2352 7
2353 2
2354 8
2355 7
2356 6
2357 7
2358 8
2359 5
2360 6
2361 5
2362 9
2363 8
2364 3
2365 12
2366 5
2367 6
2368 7
2369 10
2370 5
2371 6
2372 2
2373 5
2374 5
2375 7
2376 3
2377 5
2378 5
2379 6
2380 3
2381 6
2383 9
2384 2
2385 9
2386 9
2387 3
2388 4
2389 6
2390 6
2391 6
2392 5
2393 5
2394 4
2395 2
2396 7
2397 4
2398 3
2399 2
2400 3
2401 3
2402 2
2403 1
2404 2
2405 2
2406 1
2407 5
2408 3
2409 2
2410 2
2411 1
2412 5
2413 2
2415 1
2416 3
2418 2
2419 5
2420 3
2421 4
2422 5
2423 5
2425 4
2426 1
2427 3
2428 2
2429 1
2430 2
2431 3
2432 2
2434 1
2435 2
2436 1
2437 1
2438 3
2439 2
2440 1
2441 3
2442 3
2443 5
2444 5
2445 5
2446 2
2447 7
2448 5
2449 4
2450 3
2451 5
2452 13
2453 7
2454 6
2455 6
2456 11
2457 6
2458 9
2459 12
2460 7
2461 5
2462 8
2463 11
2464 7
2465 10
2466 7
2467 9
2468 10
2469 16
2470 9
2471 9
2472 14
2473 9
2474 11
2475 14
2476 11
2477 10
2478 15
2479 10
2480 4
2481 6
2482 14
2483 6
2484 12
2485 11
2486 12
2487 9
2488 10
2489 12
2490 11
2491 14
2492 16
2493 14
2494 15
2495 16
2496 8
2497 11
2498 11
2499 10
2500 16
2501 8
2502 17
2503 9
2504 12
2505 14
2506 21
2507 14
2508 14
2509 11
2510 14
2511 18
2512 18
2513 19
2514 14
2515 16
2516 15
2517 20
2518 14
2519 19
2520 24
2521 20
2522 23
2523 19
2524 19
2525 20
2526 16
2527 18
2528 20
2529 29
2530 20
2531 26
2532 22
2533 22
2534 28
2535 23
2536 22
2537 13
2538 16
2539 17
2540 16
2541 15
2542 22
2543 20
2544 20
2545 29
2546 15
2547 15
2548 16
2549 16
2550 10
2551 15
2552 11
2553 4
2554 11
2555 10
2556 12
2557 10
2558 10
2559 4
2560 12
2561 11
2562 13
2563 2
2564 6
2565 6
2566 9
2567 11
2568 12
2569 14
2570 14
2571 13
2572 6
2573 7
2574 11
2575 8
2576 6
2577 10
2578 4
2579 13
2580 4
2581 12
2582 9
2583 2
2584 5
2585 10
2586 9
2587 8
2588 7
2589 11
2590 14
2591 6
2592 9
2593 11
2594 3
2595 10
2596 11
2597 6
2598 3
2599 11
2600 11
2601 8
2602 8
2603 9
2604 9
2605 7
2606 8
2607 6
2608 10
2609 8
2610 10
2611 7
2612 3
2613 3
2614 5
2615 2
2616 5
2617 12
2618 3
2619 8
2620 3
2621 3
2622 10
2623 2
2624 7
2625 8
2626 7
2627 6
2628 5
2629 1
2630 8
2631 4
2632 3
2633 6
2634 7
2635 3
2636 6
2637 3
2638 6
2639 3
2640 3
2641 3
2642 3
2643 1
2646 3
2647 1
2648 4
2649 1
2651 2
2652 1
2654 1
2656 1
2657 1
2658 1
2659 2
2660 4
2661 1
2662 3
2663 1
2664 2
2665 1
2666 1
2667 1
2669 1
2670 2
2671 1
2673 1
2674 1
2675 1
2676 1
2678 2
2679 1
2680 3
2681 5
2682 1
2683 1
2684 1
2685 2
2686 2
2688 1
2692 1
2693 2
2694 2
2695 2
2696 1
2697 2
2698 1
2699 2
2700 2
2701 3
2702 2
2703 1
2704 1
2705 3
2706 1
2707 2
2708 2
2709 3
2712 1
2714 4
2715 2
2716 1
2718 2
2721 1
2723 1
2725 1
2727 1
2732 1
2733 3
2734 4
2735 1
2736 3
2737 3
2739 3
2740 3
2741 3
2742 2
2745 1
2746 3
2747 3
2748 3
2750 3
2751 2
2752 1
2753 4
2754 2
2756 2
2758 1
2759 1
2760 2
2761 2
2762 2
2764 1
2765 1
2766 2
2767 1
2768 1
2769 3
2771 1
2773 3
2774 1
2775 5
2777 2
2778 2
2779 1
2780 3
2781 1
2782 1
2783 1
2784 1
2785 1
2786 5
2788 2
2790 2
2791 1
2792 2
2794 2
2796 4
2797 3
2798 5
2799 2
2800 1
2801 4
2802 3
2803 2
2805 2
2807 2
2808 2
2810 2
2811 1
2812 3
2813 1
2815 4
2817 2
2818 3
2820 1
2821 2
2824 2
2827 1
2828 1
2829 2
2832 2
2833 3
2834 2
2835 1
2837 2
2838 2
2839 3
2841 1
2842 3
2843 2
2844 2
2845 1
2846 1
2848 3
2849 2
2851 2
2852 1
2853 1
2854 1
2855 1
2856 1
2859 2
2860 1
2861 5
2862 1
2863 2
2864 3
2865 3
2866 4
2867 3
2868 1
2869 1
2870 2
2871 1
2872 4
2873 1
2874 1
2875 7
2876 2
2877 3
2878 3
2879 2
2880 4
2882 1
2883 1
2884 4
2885 4
2886 3
2887 4
2888 1
2889 1
2890 2
2891 3
2893 1
2894 2
2895 4
2897 1
2898 2
2899 3
2900 1
2901 2
2902 1
2903 4
2904 3
2905 3
2906 5
2908 4
2909 4
2910 3
2911 4
2912 2
2913 3
2914 1
2916 7
2917 2
2918 5
2919 3
2920 3
2921 1
2922 1
2923 2
2924 4
2925 1
2926 3
2927 4
2928 1
2929 2
2930 1
2931 2
2932 1
2934 1
2935 2
2936 2
2939 3
2940 2
2941 2
2943 4
2944 1
2945 2
2946 2
2947 1
2949 1
2950 4
2951 3
2952 2
2953 3
2954 5
2955 3
2957 2
2958 4
2959 4
2961 1
2962 2
2963 2
2964 1
2965 3
2966 3
2967 3
2968 1
2970 1
2971 4
2973 1
2974 2
2975 1
2976 2
2977 1
2978 1
2979 1
2981 1
2983 1
2984 1
2987 2
2988 1
2998 1
2999 1
3002 1
3003 1
3007 2
3008 3
3009 1
3011 3
3012 2
3013 2
3017 3
3018 1
3019 2
3020 3
3022 1
3023 2
3024 3
3025 1
3028 1
3029 1
3031 1
3032 1
3037 1
3038 1
3039 1
3040 2
3043 2
3044 1
3046 3
3047 2
3048 1
3050 1
3051 1
3053 1
3055 1
3058 1
3059 2
3060 1
3083 1
3107 1
3112 1
3116 1
3120 1
3145 2
3154 1
3158 1
3163 1
3174 1
3212 1
3233 1
3234 2
3253 1
3255 1
3262 1
3264 1
3267 1
3268 3
3272 3
3274 3
3275 1
3276 2
3278 1
3279 1
3280 1
3281 1
3283 2
3284 1
3287 1
3288 1
3292 1
3294 2
3296 1
3297 1
3301 1
3302 1
3303 2
3305 3
3306 2
3307 2
3308 2
3309 1
3310 4
3311 2
3312 2
3313 6
3314 1
3315 2
3317 3
3319 2
3320 3
3321 1
3323 2
3324 1
3327 1
3329 3
3330 1
3331 2
3333 2
3334 1
3335 1
3336 1
3337 2
3338 1
3339 2
3340 1
3341 1
3342 2
3344 3
3345 4
3347 3
3348 2
3350 3
3351 1
3352 1
3354 2
3355 2
3356 2
3357 2
3358 2
3359 1
3360 1
3361 4
3362 2
3363 2
3364 1
3366 1
3367 2
3368 2
3371 3
3372 3
3373 4
3375 1
3376 1
3377 1
3379 3
3380 1
3381 2
3382 4
3383 3
3384 2
3385 2
3386 1
3387 1
3388 1
3389 2
3390 1
3391 1
3392 1
3394 3
3396 1
3397 1
3398 2
3399 1
3400 1
3401 1
3403 2
3407 2
3408 1
3409 1
3410 1
3412 1
3413 4
3415 1
3417 2
3421 1
3423 1
3428 2
3431 1
3439 3
3440 2
3441 1
3442 1
3446 1
3447 3
3450 2
3451 1
3452 1
3456 1
3457 1
3458 2
3462 3
3463 3
3464 1
3466 2
3467 1
3468 1
3469 1
3470 1
3473 1
3474 1
3477 1
3478 2
3486 1
3491 1
3493 1
3496 1
3501 1
3504 1
3524 1
3530 3
3536 1
3538 1
3543 1
3552 1
3553 1
3575 1
3578 1
3581 1
3582 1
3583 1
3597 1
3600 1
3612 1
3644 1
3649 1
3651 1
3653 1
3658 1
3663 2
3665 1
3667 1
3669 1
3670 1
3672 1
3674 1
3679 1
3681 1
3684 1
3690 2
3691 1
3692 2
3698 1
3699 1
3701 2
3702 2
3706 1
3708 1
3709 1
3710 2
3712 2
3713 2
3714 1
3715 1
3716 2
3717 1
3718 2
3720 1
3721 3
3722 3
3723 3
3724 1
3725 1
3728 2
3729 3
3730 1
3731 4
3732 3
3733 5
3734 2
3735 2
3736 6
3738 1
3739 2
3740 1
3741 4
3742 1
3743 1
3744 1
3745 1
3746 1
3748 2
3749 2
3750 2
3751 1
3752 1
3754 7
3755 4
3757 2
3758 2
3761 1
3763 1
3764 1
3765 1
3766 1
3767 1
3768 1
3771 2
3773 1
3774 1
3775 2
3777 1
3778 1
3779 2
3780 3
3783 2
3785 4
3786 4
3787 2
3788 2
3790 1
3792 2
3794 4
3796 1
3797 1
3798 1
3799 2
3800 2
3801 1
3804 1
3806 3
3808 1
3811 1
3813 1
3815 1
3818 1
3819 1
3821 1
3822 1
3825 1
3828 1
3830 2
3831 1
3848 1
3850 1
3852 1
3854 1
3857 1
3867 1
3870 1
3880 1
3882 1
3888 1
3944 1
3957 1
3998 1
4026 1
4063 1
4081 1
4085 1
4086 1
4087 1
4094 2
4097 1
4101 1
4104 2
4105 1
4107 1
4108 2
4112 1
4116 1
4120 1
4122 1
4123 1
4124 1
4127 1
4129 1
4131 2
4133 2
4134 1
4135 1
4136 1
4137 1
4138 1
4139 2
4140 1
4142 1
4144 2
4145 1
4146 1
4147 2
4148 3
4149 1
4152 1
4154 1
4155 5
4156 1
4157 1
4158 2
4159 1
4161 3
4162 1
4163 2
4164 1
4165 1
4167 1
4168 1
4169 4
4170 2
4171 2
4172 3
4173 2
4175 3
4176 2
4177 7
4178 1
4179 3
4180 4
4181 8
4182 3
4183 2
4184 2
4185 3
4186 7
4187 2
4188 3
4189 2
4190 3
4191 4
4192 2
4193 5
4194 1
4195 4
4196 1
4198 1
4200 2
4201 1
4203 2
4205 2
4206 2
4208 1
4210 1
4211 2
4212 3
4213 4
4214 1
4216 3
4218 1
4219 3
4220 2
4221 1
4222 2
4224 4
4225 2
4226 4
4228 3
4230 2
4231 3
4232 1
4233 1
4234 2
4236 1
4237 1
4238 2
4239 1
4242 1
4243 4
4244 3
4246 1
4248 3
4250 1
4252 1
4253 1
4255 1
4256 2
4258 1
4259 1
4260 1
4261 3
4262 2
4263 2
4265 1
4266 1
4268 2
4269 2
4272 2
4273 2
4274 1
4275 1
4276 1
4278 1
4279 1
4281 1
4282 1
4283 3
4288 1
4292 3
4294 1
4295 1
4296 1
4299 1
4301 2
4304 2
4305 2
4307 1
4310 1
4311 2
4314 2
4315 1
4316 1
4317 3
4318 3
4319 1
4322 1
4323 1
4328 1
4330 1
4354 1
4371 1
4429 1
4440 1
4470 1
4471 1
4476 1
4495 1
4499 1
4508 1
4513 1
4514 1
4515 1
4517 1
4520 1
4522 1
4524 2
4525 1
4526 1
4528 1
4530 1
4533 2
4534 1
4535 1
4537 5
4538 2
4540 4
4541 1
4542 1
4543 1
4545 3
4546 5
4547 2
4548 2
4549 3
4550 1
4551 3
4552 6
4553 3
4554 1
4555 3
4556 4
4557 3
4558 2
4559 4
4560 3
4561 2
4562 1
4563 3
4565 1
4566 3
4567 2
4569 1
4570 2
4571 3
4573 3
4575 3
4576 1
4578 1
4579 1
4580 2
4581 1
4582 2
4583 2
4584 3
4586 4
4587 3
4588 2
4589 2
4591 1
4592 2
4593 3
4594 1
4596 1
4597 4
4598 1
4600 3
4601 2
4602 1
4603 3
4605 5
4606 4
4607 3
4608 6
4609 2
4610 4
4611 2
4612 5
4613 6
4614 5
4615 2
4616 3
4617 4
4618 2
4619 3
4620 3
4621 1
4622 5
4623 4
4624 1
4625 3
4626 4
4627 2
4628 2
4629 4
4630 2
4631 4
4632 2
4633 3
4634 4
4635 5
4636 3
4637 2
4638 3
4639 1
4640 3
4641 4
4642 2
4643 4
4644 1
4645 3
4646 1
4647 2
4648 1
4649 2
4651 1
4652 4
4654 1
4655 1
4656 3
4657 3
4658 2
4659 2
4660 2
4661 1
4662 2
4663 2
4664 2
4665 2
4666 5
4667 3
4668 4
4669 4
4670 6
4671 3
4672 5
4673 2
4674 4
4675 2
4676 2
4677 5
4678 4
4680 5
4681 1
4682 5
4683 3
4684 4
4686 2
4687 1
4688 3
4690 4
4691 3
4692 1
4693 3
4694 1
4695 2
4696 1
4700 1
4701 1
4702 2
4703 1
4705 1
4706 1
4707 1
4708 1
4709 1
4712 1
4714 2
4715 1
4718 4
4720 3
4722 1
4724 1
4725 3
4726 1
4727 1
4728 2
4729 1
4730 2
4731 1
4732 4
4733 2
4735 2
4736 1
4737 2
4738 3
4741 3
4742 2
4744 1
4745 2
4746 1
4749 2
4750 1
4752 3
4753 1
4756 2
4758 2
4762 1
4764 1
4765 2
4766 2
4767 1
4770 4
4771 1
4772 1
4773 3
4774 1
4775 2
4777 3
4779 1
4780 2
4787 1
4788 1
4792 2
4796 2
4797 2
4798 1
4800 1
4801 2
4802 1
4804 1
4809 1
4847 1
4848 1
4856 1
4860 1
4875 1
4876 1
4880 1
4908 1
4917 1
4921 1
4923 1
4930 3
4937 1
4938 1
4939 2
4940 1
4941 3
4942 1
4944 2
4945 2
4946 1
4947 1
4948 3
4949 2
4950 2
4952 2
4953 3
4954 1
4955 2
4956 3
4957 1
4958 2
4959 1
4960 1
4962 1
4963 2
4964 1
4967 1
4968 1
4974 3
4975 2
4976 1
4977 1
4982 3
4984 1
4989 2
4990 3
4991 1
4994 2
4997 1
4998 1
4999 1
5000 1
5001 1
5002 4
5003 1
5005 1
5007 2
5009 1
5011 1
5012 1
5014 2
5015 1
5017 1
5018 1
5019 4
5021 1
5022 1
5023 1
5025 1
5026 1
5027 1
5028 1
5029 2
5030 2
5032 3
5035 1
5036 3
5038 5
5039 2
5040 2
5041 1
5043 2
5044 2
5045 1
5048 1
5049 2
5050 1
5051 1
5054 1
5056 2
5057 1
5060 2
5061 2
5062 1
5063 1
5065 1
5066 2
5067 2
5068 1
5069 3
5070 3
5071 2
5072 1
5073 1
5074 1
5075 1
5078 1
5079 1
5080 1
5081 3
5082 1
5083 2
5084 1
5085 2
5087 1
5088 2
5089 2
5090 1
5092 1
5093 1
5095 1
5096 1
5097 1
5099 2
5102 2
5103 2
5105 2
5108 1
5110 1
5111 2
5112 1
5113 1
5115 2
5116 2
5117 2
5118 1
5119 1
5120 3
5122 1
5123 2
5124 1
5125 1
5126 1
5127 3
5128 2
5129 2
5132 1
5133 1
5134 1
5135 1
5137 1
5139 4
5140 1
5142 2
5144 1
5145 1
5146 1
5147 2
5148 3
5149 2
5150 2
5151 1
5152 1
5154 1
5157 1
5159 1
5161 1
5162 1
5163 1
5166 1
5170 1
5178 1
5220 1
5224 1
5294 1
5299 1
5311 1
5312 2
5315 1
5318 1
5322 1
5323 1
5324 4
5325 2
5326 1
5328 1
5329 1
5332 1
5333 1
5337 1
5339 1
5343 1
5348 2
5351 1
5367 1
5368 1
5375 1
5381 1
5389 1
5392 1
5400 1
5401 1
5407 1
5409 1
5410 2
5413 2
5414 1
5417 2
5420 2
5421 2
5422 2
5424 1
5425 1
5428 4
5429 4
5430 2
5431 1
5432 1
5433 2
5434 3
5437 2
5439 2
5440 1
5441 2
5442 1
5445 9
5446 1
5447 1
5450 2
5451 2
5453 3
5454 1
5455 1
5456 2
5457 1
5458 4
5460 1
5461 1
5462 2
5463 3
5464 1
5466 1
5467 3
5468 1
5469 1
5470 1
5471 1
5472 1
5473 1
5474 1
5475 4
5476 2
5477 1
5478 1
5481 2
5482 4
5483 1
5484 5
5485 3
5486 3
5487 3
5488 4
5489 2
5490 2
5491 4
5492 6
5493 2
5495 4
5496 2
5497 2
5498 1
5499 1
5500 1
5501 1
5503 1
5504 1
5505 2
5506 3
5507 1
5508 1
5509 2
5511 1
5512 1
5515 2
5517 2
5518 2
5519 1
5520 1
5521 2
5527 1
5529 1
5530 1
5534 2
5537 1
5541 1
5542 1
5548 2
5551 1
5552 2
5553 1
5554 1
5555 1
5556 2
5560 1
5561 2
5562 1
5563 4
5569 3
5571 2
5572 1
5574 1
5575 1
5577 2
5578 1
5579 1
5580 2
5581 1
5583 1
5584 2
5585 2
5586 2
5587 2
5588 2
5589 1
5590 2
5591 2
5592 1
5593 3
5594 3
5595 2
5596 2
5597 2
5598 1
5599 2
5600 1
5601 2
5602 2
5603 1
5604 6
5605 1
5606 1
5607 2
5609 2
5610 2
5611 1
5613 2
5614 1
5616 1
5618 3
5619 1
5620 1
5621 1
5624 1
5626 2
5627 3
5628 2
5629 1
5630 1
5632 1
5633 1
5634 1
5639 1
5640 2
5641 1
5645 1
5646 1
5647 1
5650 1
5651 1
5656 1
5689 1
5712 1
5758 1
5761 1
5762 1
5763 1
5765 1
5767 1
5770 1
5772 1
5773 1
5774 1
5780 1
5781 1
5783 1
5786 1
5787 1
5790 2
5792 1
5793 1
5794 1
5795 1
5796 1
5798 1
5803 3
5805 1
5806 1
5807 1
5808 2
5809 1
5810 1
5811 1
5813 1
5816 1
5818 1
5820 1
5821 1
5822 1
5825 1
5829 2
5837 2
5839 1
5840 1
5841 1
5842 2
5846 1
5850 2
5853 1
5864 1
5865 1
5866 1
5868 1
5876 3
5880 1
5883 1
5884 1
5885 1
5887 2
5888 1
5889 3
5890 2
5891 1
5892 1
5893 1
5894 1
5895 2
5897 2
5898 3
5899 1
5900 1
5901 1
5902 1
5903 1
5904 2
5906 1
5907 2
5908 2
5909 1
5910 2
5911 3
5914 1
5915 3
5916 1
5918 1
5920 4
5921 3
5922 2
5923 2
5924 1
5925 2
5926 3
5928 3
5929 1
5930 4
5932 2
5933 2
5934 2
5935 2
5936 3
5937 1
5940 1
5941 1
5942 2
5943 1
5945 1
5946 2
5947 2
5949 1
5950 1
5951 3
5952 3
5953 3
5954 4
5956 1
5958 2
5962 1
5966 1
5967 1
5968 1
5970 1
5972 1
5973 1
5974 2
5975 2
5977 1
5978 1
5979 2
5980 1
5983 3
5990 1
5995 1
5996 1
5997 2
5998 3
5999 3
6000 1
6002 2
6003 1
6004 2
6009 1
6010 1
6011 1
6012 2
6014 1
6015 1
6016 1
6017 1
6021 2
6024 1
6028 1
6029 1
6033 1
6054 1
6172 1
6182 1
6200 1
6207 1
6210 1
6212 1
6221 1
6234 1
6235 1
6237 1
6242 1
6244 1
6252 1
6253 2
6254 1
6260 2
6261 1
6262 1
6263 3
6264 2
6267 2
6268 1
6269 1
6271 4
6272 1
6273 3
6275 3
6276 1
6277 1
6278 1
6280 1
6281 3
6283 2
6284 3
6285 2
6286 2
6287 3
6288 2
6289 4
6290 4
6291 3
6293 1
6294 1
6295 2
6297 3
6298 5
6299 4
6300 2
6301 2
6303 2
6304 4
6305 3
6308 1
6310 1
6311 2
6312 2
6313 1
6314 3
6315 2
6316 3
6317 3
6318 1
6320 1
6321 3
6322 1
6323 2
6324 3
6326 1
6327 1
6328 1
6330 2
6331 1
6332 1
6333 2
6334 4
6335 2
6336 1
6337 3
6338 2
6339 1
6340 6
6341 1
6342 1
6344 3
6345 1
6347 4
6348 1
6349 2
6350 1
6351 2
6352 3
6354 1
6355 3
6356 3
6358 3
6359 3
6360 5
6361 1
6362 1
6363 3
6365 5
6366 4
6367 2
6368 2
6369 3
6370 5
6371 1
6372 3
6373 5
6374 2
6375 4
6376 1
6377 1
6378 2
6379 4
6380 2
6382 2
6383 3
6384 2
6388 4
6389 2
6390 5
6391 2
6392 3
6393 2
6394 3
6396 1
6398 1
6399 1
6400 6
6402 2
6403 3
6404 1
6405 1
6407 3
6408 4
6409 4
6410 1
6411 1
6412 3
6413 2
6414 2
6415 1
6416 2
6417 5
6419 3
6420 2
6421 2
6423 1
6424 3
6425 2
6426 1
6429 1
6430 1
6431 1
6432 3
6433 1
6435 3
6438 2
6439 1
6440 5
6441 2
6443 1
6444 1
6445 1
6446 1
6447 3
6448 3
6449 2
6450 1
6451 2
6452 1
6453 1
6454 2
6456 2
6457 2
6458 1
6459 1
6461 2
6463 1
6468 2
6470 2
6473 1
6477 1
6481 1
6484 1
6485 1
6491 1
6492 1
6497 2
6499 1
6500 1
6501 1
6503 1
6504 1
6509 1
6513 2
6526 1
6593 1
6620 1
6624 1
6625 1
6626 1
6632 2
6633 2
6634 2
6635 1
6636 1
6639 1
6641 1
6642 1
6643 1
6645 1
6647 2
6648 3
6650 1
6651 2
6652 2
6655 1
6661 1
6666 1
6670 1
6674 1
6675 1
6677 1
6678 1
6679 1
6684 1
6695 2
6696 2
6702 2
6704 2
6706 1
6709 1
6710 1
6711 1
6712 1
6713 1
6717 1
6718 1
6719 1
6722 2
6723 2
6724 3
6725 2
6729 1
6730 2
6732 1
6739 1
6740 1
6744 2
6746 1
6751 1
6752 2
6756 1
6759 2
6763 1
6767 3
6770 2
6772 1
6773 1
6775 2
6777 1
6779 3
6781 2
6782 1
6783 1
6784 2
6785 1
6786 1
6787 2
6788 1
6789 2
6798 2
6799 2
6800 1
6802 1
6803 1
6805 1
6809 1
6810 1
6817 1
6818 1
6828 1
6848 1
6849 1
6864 1
6869 2
6871 1
6874 1
6875 1
6881 1
7014 1
7016 1
7027 1
7028 1
7032 1
7039 1
7051 1
7054 1
7058 1
7071 1
7078 1
7084 1
7086 1
7089 1
7090 1
7093 1
7101 2
7103 1
7104 1
7105 1
7108 1
7110 2
7111 1
7113 1
7114 2
7116 2
7117 2
7119 3
7120 1
7121 2
7123 1
7125 2
7127 2
7130 1
7131 2
7133 1
7135 4
7136 2
7137 1
7139 1
7141 1
7143 1
7144 2
7146 2
7149 1
7150 1
7151 1
7152 1
7154 1
7157 2
7158 1
7161 1
7162 1
7164 1
7165 1
7166 2
7167 3
7168 1
7172 1
7174 2
7175 2
7176 1
7179 2
7180 1
7181 1
7182 3
7183 2
7184 2
7185 4
7187 1
7188 1
7189 2
7190 3
7192 1
7193 1
7194 1
7197 2
7198 2
7200 2
7202 2
7203 3
7204 1
7205 3
7206 1
7209 1
7211 1
7212 1
7213 1
7215 1
7216 1
7217 2
7218 4
7220 1
7222 1
7223 2
7224 7
7225 2
7226 1
7227 1
7228 1
7229 5
7230 2
7232 2
7234 4
7236 1
7238 3
7244 1
7246 3
7248 1
7250 1
7251 1
7253 2
7256 1
7257 2
7260 2
7261 2
7262 1
7264 1
7266 2
7272 1
7280 2
7281 1
7287 1
7292 2
7293 1
7297 1
7300 1
7304 2
7319 1
7326 1
7330 1
7339 1
7341 1
7345 1
7346 1
7348 1
7351 2
7354 1
7357 1
7360 1
7361 2
7363 2
7596 1
7598 1
7605 1
7607 1
7618 1
7620 1
7621 1
7623 1
7625 1
7633 2
7635 1
7640 1
7641 1
7643 1
7646 1
7648 2
7651 1
7652 1
7658 1
7662 1
7664 1
7666 2
7669 2
7670 1
7673 1
7675 1
7677 2
7683 2
7684 1
7685 2
7686 1
7689 3
7692 2
7694 2
7695 2
7698 1
7699 2
7700 1
7702 1
7703 2
7706 1
7707 1
7709 1
7710 2
7711 3
7712 2
7715 2
7717 2
7718 1
7720 2
7721 1
7722 1
7723 2
7724 1
7726 1
7727 3
7728 1
7729 3
7731 3
7732 2
7733 2
7734 1
7735 1
7736 3
7738 3
7739 2
7740 1
7741 1
7742 2
7744 1
7745 2
7746 1
7748 2
7749 1
7750 1
7754 1
7756 2
7760 1
7763 1
7766 2
7781 1
7998 1
8006 1
8012 1
8036 1
8127 1
8496 1
8510 1
8745 1
8890 1
8896 1
9308 1
9579 1
9592 1
9605 1
10001 79
