1 23988024
2 14554411
3 9261658
4 6683362
5 5416914
6 4710674
7 4221748
8 3758552
9 3272244
10 2757370
11 2252341
12 1799593
13 1401708
14 1069620
15 806856
16 607356
17 477001
18 400232
19 369932
20 371917
21 394102
22 428776
23 465597
24 495883
25 512465
26 509175
27 491724
28 454197
29 410688
30 360250
31 306311
32 253028
33 204943
34 162697
35 128656
36 102629
37 84215
38 73019
39 67815
40 66243
41 69725
42 74720
43 81727
44 89776
45 96486
46 102779
47 107195
48 109010
49 109581
50 109251
51 105585
52 101581
53 93795
54 85841
55 78151
56 69904
57 61738
58 53365
59 45977
60 39242
61 34156
62 31001
63 28222
64 28332
65 28846
66 31556
67 36067
68 42560
69 50091
70 60054
71 72263
72 86678
73 102776
74 119725
75 138069
76 157460
77 176886
78 197489
79 219040
80 238559
81 256579
82 273262
83 288129
84 300708
85 310208
86 316365
87 320824
88 320012
89 316608
90 310868
91 301811
92 289608
93 274858
94 258947
95 241416
96 224159
97 205374
98 186389
99 168357
100 150434
101 132865
102 116724
103 102052
104 87766
105 75322
106 63895
107 53935
108 44937
109 37194
110 30263
111 24971
112 20709
113 17033
114 13773
115 11008
116 9113
117 7487
118 6230
119 5370
120 4783
121 4300
122 4136
123 4084
124 4292
125 4337
126 4446
127 4788
128 4882
129 5224
130 5548
131 5760
132 5803
133 6211
134 6564
135 6819
136 6860
137 6951
138 7242
139 7099
140 7186
141 6805
142 7066
143 6774
144 6553
145 6354
146 6058
147 5756
148 5453
149 5081
150 4717
151 4687
152 4285
153 3937
154 3664
155 3316
156 2920
157 2721
158 2576
159 2369
160 2162
161 2070
162 1890
163 1746
164 1688
165 1609
166 1487
167 1473
168 1470
169 1477
170 1359
171 1395
172 1308
173 1364
174 1357
175 1356
176 1312
177 1278
178 1258
179 1328
180 1319
181 1302
182 1273
183 1236
184 1253
185 1222
186 1195
187 1116
188 1150
189 1088
190 1027
191 944
192 927
193 863
194 820
195 726
196 660
197 606
198 543
199 487
200 485
201 406
202 416
203 384
204 367
205 322
206 291
207 305
208 275
209 240
210 250
211 220
212 198
213 180
214 192
215 193
216 164
217 140
218 119
219 158
220 112
221 108
222 114
223 108
224 120
225 110
226 116
227 105
228 101
229 128
230 128
231 115
232 100
233 105
234 110
235 116
236 96
237 93
238 96
239 106
240 122
241 133
242 108
243 142
244 149
245 180
246 168
247 184
248 173
249 178
250 169
251 189
252 182
253 184
254 175
255 201
256 220
257 201
258 250
259 213
260 207
261 201
262 212
263 231
264 232
265 210
266 216
267 235
268 213
269 261
270 264
271 259
272 261
273 271
274 286
275 284
276 294
277 258
278 250
279 221
280 251
281 250
282 274
283 211
284 196
285 202
286 202
287 195
288 201
289 209
290 218
291 180
292 215
293 169
294 162
295 154
296 140
297 129
298 134
299 137
300 100
301 114
302 104
303 100
304 110
305 106
306 84
307 88
308 119
309 90
310 99
311 83
312 95
313 83
314 85
315 74
316 86
317 99
318 84
319 93
320 90
321 78
322 90
323 91
324 109
325 99
326 108
327 87
328 80
329 83
330 76
331 74
332 88
333 92
334 98
335 86
336 114
337 131
338 122
339 157
340 138
341 133
342 127
343 126
344 132
345 137
346 151
347 149
348 134
349 146
350 106
351 145
352 141
353 125
354 132
355 131
356 157
357 126
358 153
359 161
360 134
361 169
362 134
363 145
364 149
365 140
366 161
367 158
368 155
369 138
370 149
371 155
372 143
373 161
374 167
375 160
376 150
377 157
378 141
379 158
380 134
381 136
382 139
383 124
384 98
385 108
386 108
387 92
388 83
389 74
390 68
391 75
392 47
393 77
394 76
395 72
396 48
397 59
398 63
399 54
400 70
401 49
402 52
403 56
404 40
405 36
406 43
407 33
408 37
409 44
410 26
411 26
412 28
413 44
414 49
415 52
416 48
417 54
418 45
419 49
420 42
421 43
422 36
423 31
424 44
425 39
426 39
427 42
428 45
429 57
430 56
431 47
432 62
433 49
434 43
435 40
436 53
437 48
438 41
439 48
440 41
441 55
442 66
443 55
444 44
445 59
446 47
447 41
448 39
449 42
450 47
451 53
452 50
453 41
454 45
455 47
456 43
457 44
458 38
459 38
460 44
461 56
462 33
463 51
464 41
465 41
466 41
467 39
468 42
469 42
470 28
471 42
472 34
473 38
474 39
475 33
476 37
477 35
478 41
479 29
480 32
481 40
482 42
483 43
484 38
485 44
486 31
487 39
488 42
489 37
490 30
491 29
492 33
493 30
494 28
495 41
496 29
497 27
498 28
499 40
500 38
501 46
502 52
503 43
504 51
505 38
506 44
507 32
508 26
509 26
510 23
511 25
512 25
513 18
514 19
515 26
516 20
517 13
518 14
519 19
520 15
521 15
522 18
523 19
524 20
525 16
526 23
527 21
528 28
529 28
530 37
531 44
532 49
533 46
534 67
535 85
536 106
537 109
538 125
539 128
540 126
541 197
542 200
543 225
544 257
545 255
546 309
547 318
548 378
549 432
550 480
551 541
552 617
553 712
554 756
555 855
556 919
557 1068
558 1182
559 1331
560 1493
561 1600
562 1775
563 1930
564 2124
565 2315
566 2567
567 2796
568 3080
569 3399
570 3601
571 3875
572 4325
573 4613
574 5085
575 5597
576 5867
577 6369
578 6827
579 7335
580 8058
581 8533
582 9056
583 9777
584 10549
585 10991
586 11842
587 12801
588 13395
589 13917
590 15301
591 15879
592 16625
593 17542
594 18424
595 19374
596 20181
597 21319
598 22067
599 23086
600 23578
601 24645
602 25568
603 26363
604 27231
605 28008
606 28582
607 29642
608 30160
609 30784
610 31787
611 32025
612 32454
613 32833
614 33157
615 33857
616 34484
617 35015
618 34961
619 35031
620 34993
621 35422
622 34973
623 34965
624 35633
625 35492
626 35371
627 34454
628 34716
629 34484
630 34127
631 33426
632 33331
633 32622
634 31981
635 31542
636 30407
637 29715
638 29598
639 28583
640 27771
641 26972
642 26518
643 25644
644 24517
645 23847
646 22905
647 21890
648 21120
649 20145
650 19367
651 18304
652 17730
653 16842
654 15878
655 15223
656 14524
657 13735
658 12952
659 12508
660 11582
661 11178
662 10269
663 9635
664 9216
665 8574
666 7982
667 7377
668 6777
669 6487
670 6070
671 5515
672 5036
673 4705
674 4372
675 3952
676 3604
677 3421
678 3138
679 2909
680 2577
681 2393
682 2189
683 2041
684 1883
685 1647
686 1623
687 1450
688 1309
689 1183
690 1081
691 946
692 811
693 758
694 692
695 626
696 548
697 496
698 471
699 381
700 379
701 363
702 300
703 275
704 275
705 249
706 230
707 219
708 190
709 186
710 171
711 132
712 125
713 110
714 128
715 106
716 121
717 92
718 97
719 89
720 65
721 67
722 58
723 57
724 59
725 58
726 63
727 59
728 41
729 47
730 46
731 55
732 28
733 35
734 41
735 47
736 37
737 24
738 33
739 31
740 24
741 25
742 31
743 26
744 21
745 18
746 21
747 21
748 15
749 15
750 28
751 19
752 24
753 24
754 17
755 21
756 20
757 22
758 22
759 10
760 23
761 21
762 20
763 15
764 13
765 13
766 16
767 14
768 15
769 16
770 18
771 14
772 13
773 10
774 7
775 14
776 11
777 8
778 6
779 7
780 7
781 10
782 11
783 8
784 12
785 12
786 15
787 8
788 15
789 14
790 9
791 6
792 4
793 8
794 3
795 10
796 7
797 6
798 8
799 2
800 10
801 4
802 8
803 5
804 10
805 8
806 5
807 11
808 10
809 10
810 7
811 6
812 10
813 7
814 14
815 7
816 9
817 3
818 7
819 4
820 10
821 7
822 11
823 11
824 1
825 8
826 9
827 5
828 9
829 4
830 11
831 9
832 7
833 11
834 10
835 9
836 13
837 6
838 10
839 7
840 8
841 9
842 3
843 3
844 3
845 5
846 6
847 6
848 7
849 11
850 6
851 7
852 4
853 5
854 9
855 9
856 3
857 5
858 7
859 1
860 3
861 12
862 6
863 7
864 8
865 4
866 3
867 5
868 6
869 2
870 1
871 3
872 3
873 4
874 2
875 4
876 1
877 4
878 11
879 2
880 5
881 1
882 5
883 3
884 5
885 3
886 3
887 3
888 4
889 4
890 5
891 5
892 4
893 4
894 3
895 6
896 7
897 4
898 5
899 2
900 6
901 1
902 1
903 3
904 4
905 11
906 6
907 4
908 4
910 4
911 6
912 9
913 4
914 1
915 7
916 4
917 2
918 4
919 2
920 4
921 5
922 3
923 4
924 4
925 6
926 4
927 3
928 2
929 1
930 2
931 1
932 3
933 3
934 3
935 5
936 4
937 3
938 3
939 2
940 2
941 3
942 5
943 1
944 5
945 5
946 1
947 2
948 3
949 2
950 4
951 2
952 2
953 8
954 2
955 8
956 2
957 5
958 3
959 2
960 3
961 6
962 1
963 3
964 9
965 3
966 1
967 3
968 3
969 6
970 3
971 5
972 3
973 4
974 4
975 6
976 2
977 6
978 3
979 5
980 7
981 4
982 4
983 5
984 2
985 3
986 5
987 4
988 7
989 2
990 6
991 2
992 1
993 1
994 3
995 1
996 2
997 5
998 2
999 3
1000 4
1001 4
1002 3
1003 3
1004 4
1005 2
1006 5
1007 5
1008 4
1009 3
1010 4
1011 1
1012 4
1013 2
1014 7
1015 4
1016 3
1017 1
1018 5
1019 4
1020 5
1021 3
1022 4
1023 5
1024 4
1025 1
1026 4
1027 3
1028 7
1029 3
1030 4
1031 7
1032 6
1033 3
1034 4
1035 7
1036 1
1037 1
1038 7
1039 4
1040 3
1041 1
1042 1
1043 4
1045 3
1046 2
1047 9
1048 3
1049 4
1050 3
1051 2
1052 3
1053 2
1054 3
1055 4
1056 2
1057 3
1058 4
1059 1
1060 2
1061 2
1062 5
1063 1
1065 4
1066 2
1067 2
1068 2
1069 3
1070 1
1071 2
1072 1
1073 1
1074 2
1075 2
1076 1
1079 2
1080 4
1081 2
1082 1
1084 3
1086 2
1087 2
1088 6
1089 2
1090 1
1091 2
1092 2
1093 3
1094 4
1095 3
1096 2
1097 4
1098 2
1099 1
1100 1
1101 3
1102 1
1103 2
1105 2
1106 2
1107 3
1109 1
1110 3
1111 3
1112 1
1113 2
1114 1
1115 3
1117 1
1121 3
1124 1
1125 2
1126 1
1129 2
1133 1
1134 3
1135 3
1136 2
1139 1
1140 3
1141 4
1142 2
1143 1
1144 3
1145 2
1146 1
1147 4
1148 2
1149 3
1150 3
1151 5
1152 3
1153 5
1154 4
1155 7
1156 4
1157 10
1158 1
1159 4
1160 4
1161 5
1162 8
1163 8
1164 5
1165 13
1166 15
1167 10
1168 11
1169 8
1170 19
1171 9
1172 9
1173 11
1174 12
1175 11
1176 6
1177 14
1178 10
1179 17
1180 15
1181 19
1182 13
1183 18
1184 16
1185 14
1186 24
1187 21
1188 19
1189 20
1190 14
1191 12
1192 16
1193 10
1194 22
1195 21
1196 22
1197 29
1198 18
1199 23
1200 22
1201 21
1202 25
1203 32
1204 25
1205 28
1206 25
1207 33
1208 24
1209 40
1210 41
1211 38
1212 33
1213 37
1214 35
1215 37
1216 44
1217 45
1218 32
1219 39
1220 41
1221 44
1222 39
1223 43
1224 45
1225 46
1226 41
1227 41
1228 42
1229 37
1230 38
1231 43
1232 35
1233 33
1234 50
1235 42
1236 45
1237 41
1238 48
1239 46
1240 44
1241 61
1242 54
1243 67
1244 64
1245 66
1246 66
1247 72
1248 82
1249 71
1250 66
1251 67
1252 68
1253 65
1254 75
1255 64
1256 61
1257 71
1258 70
1259 62
1260 58
1261 66
1262 52
1263 56
1264 50
1265 49
1266 36
1267 43
1268 37
1269 44
1270 47
1271 44
1272 54
1273 51
1274 39
1275 48
1276 50
1277 45
1278 48
1279 36
1280 37
1281 42
1282 39
1283 38
1284 24
1285 27
1286 34
1287 30
1288 41
1289 33
1290 26
1291 22
1292 32
1293 24
1294 21
1295 22
1296 23
1297 19
1298 22
1299 20
1300 14
1301 18
1302 14
1303 17
1304 13
1305 12
1306 7
1307 12
1308 4
1309 9
1310 7
1311 15
1312 11
1313 11
1314 2
1315 7
1316 8
1317 5
1318 5
1319 8
1320 7
1321 7
1322 5
1323 6
1324 3
1325 6
1326 5
1327 8
1328 1
1329 3
1330 7
1331 1
1332 5
1333 3
1334 10
1335 2
1336 5
1337 3
1338 2
1339 7
1340 6
1341 2
1342 3
1343 2
1344 2
1345 4
1346 1
1347 1
1348 1
1349 1
1351 2
1352 1
1357 1
1358 2
1359 2
1360 2
1361 2
1362 2
1363 1
1364 2
1365 1
1366 3
1367 3
1368 3
1369 5
1371 1
1374 2
1376 1
1377 2
1378 2
1384 1
1385 2
1387 1
1390 1
1391 1
1395 1
1396 1
1397 1
1401 1
1402 2
1403 1
1408 2
1414 1
1418 2
1420 1
1421 1
1425 2
1426 2
1427 1
1428 2
1430 1
1433 1
1435 1
1437 2
1439 1
1442 2
1446 1
1447 1
1448 1
1449 2
1450 2
1452 1
1453 1
1455 1
1456 1
1457 1
1458 5
1459 1
1460 2
1461 1
1463 1
1464 2
1465 1
1466 1
1467 1
1468 2
1469 3
1470 1
1471 3
1472 1
1473 1
1474 1
1475 1
1478 1
1479 2
1480 2
1483 1
1488 1
1489 1
1490 1
1491 2
1493 1
1494 1
1495 2
1497 2
1500 1
1502 2
1503 2
1505 1
1507 3
1511 1
1513 2
1515 1
1516 2
1517 2
1518 5
1519 3
1520 3
1521 1
1522 1
1524 3
1525 2
1526 2
1527 5
1528 6
1529 5
1530 3
1531 4
1533 1
1535 2
1536 1
1537 3
1538 1
1539 4
1540 4
1541 3
1544 3
1546 3
1547 5
1548 2
1549 4
1550 3
1551 6
1552 3
1553 1
1554 1
1555 2
1556 2
1558 2
1560 1
1563 1
1564 3
1565 1
1567 1
1568 2
1571 1
1572 2
1574 2
1575 1
1576 1
1577 2
1578 2
1579 3
1580 3
1581 1
1582 2
1584 3
1585 3
1586 1
1587 2
1589 1
1590 3
1591 1
1593 1
1594 1
1596 2
1600 1
1601 1
1602 1
1603 2
1604 1
1606 1
1607 1
1609 1
1610 3
1611 3
1612 3
1613 1
1615 3
1616 3
1618 1
1619 1
1620 1
1621 1
1630 1
1631 5
1632 3
1633 4
1634 1
1635 1
1636 2
1637 2
1638 1
1640 1
1641 1
1642 2
1643 1
1644 4
1645 2
1646 2
1647 3
1650 1
1651 2
1652 6
1655 2
1656 4
1657 7
1659 2
1660 2
1661 2
1662 4
1663 2
1664 4
1665 1
1666 1
1667 3
1668 2
1669 1
1670 1
1672 2
1673 1
1681 1
1682 1
1686 1
1687 1
1691 1
1695 1
1698 1
1699 1
1700 1
1703 1
1707 1
1713 1
1714 1
1717 2
1732 2
1740 3
1743 1
1747 1
1754 2
1759 1
1770 1
1772 2
1773 1
1776 1
1777 2
1778 1
1779 2
1781 3
1782 1
1784 1
1785 1
1789 1
1791 1
1794 1
1797 1
1799 2
1801 1
1804 1
1805 2
1806 2
1808 1
1811 2
1813 3
1814 2
1815 1
1817 2
1818 3
1819 2
1820 2
1821 1
1823 2
1825 3
1827 4
1829 3
1830 2
1831 2
1832 2
1833 3
1834 4
1835 3
1836 2
1837 7
1838 3
1839 4
1840 6
1841 2
1842 5
1843 5
1844 6
1846 4
1848 2
1849 1
1850 1
1851 3
1852 4
1853 3
1854 1
1855 3
1856 3
1857 5
1858 3
1859 3
1860 3
1861 2
1862 2
1863 3
1864 5
1865 1
1866 2
1867 1
1868 4
1870 3
1871 4
1872 1
1873 3
1874 5
1876 3
1877 3
1878 2
1879 4
1880 8
1881 2
1882 2
1883 2
1884 3
1885 2
1886 2
1887 2
1888 2
1889 1
1890 4
1891 2
1892 2
1893 2
1894 1
1895 4
1896 1
1897 2
1898 5
1899 2
1901 1
1902 3
1903 4
1904 4
1905 2
1906 3
1907 3
1908 4
1909 1
1911 2
1914 1
1915 3
1916 1
1918 2
1919 3
1920 1
1921 4
1922 2
1923 2
1924 2
1926 1
1928 1
1929 2
1930 2
1931 2
1932 1
1933 1
1936 1
1939 1
1940 1
1947 2
1949 1
1951 1
1966 1
1970 1
1982 1
1990 2
1995 1
1997 2
1998 1
1999 1
2001 1
2004 1
2017 1
2028 1
2029 1
2031 1
2034 1
2039 1
2042 1
2045 1
2048 2
2052 1
2053 1
2056 1
2057 1
2060 1
2064 1
2068 2
2069 2
2074 1
2082 1
2084 1
2085 4
2087 1
2089 2
2092 2
2093 4
2097 1
2098 1
2100 1
2102 3
2103 3
2104 3
2105 3
2106 1
2107 3
2108 4
2109 4
2110 2
2111 2
2113 2
2114 2
2115 2
2116 2
2117 1
2118 5
2119 1
2121 2
2123 2
2124 3
2125 1
2126 1
2127 4
2128 2
2129 3
2130 3
2131 3
2132 3
2134 2
2135 4
2136 3
2139 1
2142 1
2143 1
2145 1
2147 1
2149 1
2150 1
2152 1
2153 1
2155 1
2158 2
2161 1
2178 1
2370 1
2388 1
2395 1
2397 1
2401 1
2403 1
2406 1
2407 1
2410 1
2413 1
2415 1
2419 1
2426 1
2427 1
2428 1
2443 1
2453 1
2459 1
2461 1
2462 1
2466 1
2467 1
2470 1
2471 1
2472 1
2475 1
2476 1
2477 1
2478 2
2479 1
2480 2
2481 4
2482 1
2483 1
2484 1
2485 1
2487 1
2488 2
2505 1
2509 1
2512 1
2513 1
2514 3
2519 1
2520 1
2522 1
2524 1
2526 1
2528 1
2529 1
2532 3
2536 1
2554 1
2559 1
2560 2
2569 2
2570 1
2574 1
2578 1
2580 2
2582 1
2658 1
2659 1
2660 1
3021 1
3038 1
3066 1
3070 3
3072 1
3084 2
3088 1
3089 1
3095 1
3101 1
3110 1
3122 1
3124 1
3127 1
3128 1
3133 2
3134 2
3137 1
3142 1
3204 1
3220 1
3231 1
3236 1
3247 1
3250 1
3578 1
3672 1
3685 1
3689 1
3723 1
3729 1
3730 1
3735 1
3736 1
3738 1
3750 1
3774 2
3775 2
3778 1
3781 2
3786 1
3787 2
3792 1
3794 1
3796 1
3800 1
3803 1
3811 1
3884 1
3997 2
3999 1
4001 1
4002 1
4004 1
4008 2
4012 1
4017 1
4021 1
4160 1
4170 1
4173 1
4252 1
4288 1
4782 1
5024 1
5034 1
5574 1
5619 1
6085 1
6089 1
7744 1
7762 1
7796 1
7800 3
7801 1
7804 1
7806 1
7817 1
