1 24137557
2 13122782
3 7797157
4 4891684
5 3210539
6 2197310
7 1626948
8 1334660
9 1230809
10 1253748
11 1304286
12 1363248
13 1401666
14 1403763
15 1376892
16 1321233
17 1236765
18 1142093
19 1043481
20 942839
21 844117
22 755351
23 681520
24 618258
25 564907
26 531839
27 512929
28 512761
29 531272
30 570471
31 620558
32 680234
33 745215
34 813084
35 871579
36 919994
37 954398
38 971535
39 970705
40 957673
41 925983
42 882357
43 823879
44 757978
45 686691
46 611896
47 536269
48 468040
49 401319
50 341935
51 286731
52 236857
53 194423
54 158069
55 126920
56 102992
57 82921
58 66626
59 53340
60 43382
61 35556
62 29206
63 24478
64 20997
65 17784
66 15465
67 13550
68 11864
69 10599
70 9681
71 8747
72 8313
73 7923
74 7535
75 7152
76 6587
77 6263
78 6004
79 5615
80 5224
81 5060
82 4614
83 4449
84 4044
85 3862
86 3361
87 3170
88 2999
89 2674
90 2446
91 2320
92 2189
93 2031
94 1905
95 1696
96 1558
97 1502
98 1344
99 1199
100 1184
101 1038
102 978
103 923
104 878
105 835
106 814
107 700
108 707
109 737
110 691
111 724
112 734
113 843
114 753
115 722
116 765
117 755
118 760
119 710
120 723
121 683
122 731
123 728
124 702
125 690
126 672
127 674
128 669
129 683
130 666
131 633
132 649
133 609
134 598
135 611
136 561
137 606
138 505
139 554
140 480
141 512
142 484
143 475
144 464
145 448
146 452
147 451
148 480
149 444
150 444
151 420
152 397
153 371
154 373
155 385
156 358
157 373
158 290
159 304
160 242
161 278
162 225
163 236
164 217
165 235
166 219
167 200
168 230
169 242
170 189
171 237
172 189
173 178
174 179
175 233
176 195
177 191
178 205
179 210
180 180
181 247
182 284
183 295
184 278
185 273
186 282
187 270
188 261
189 251
190 300
191 263
192 242
193 281
194 251
195 234
196 226
197 250
198 231
199 233
200 199
201 193
202 182
203 171
204 153
205 177
206 150
207 128
208 140
209 118
210 142
211 125
212 139
213 139
214 126
215 99
216 101
217 109
218 96
219 88
220 83
221 103
222 90
223 77
224 84
225 96
226 79
227 84
228 69
229 62
230 107
231 109
232 96
233 88
234 95
235 110
236 102
237 107
238 88
239 72
240 89
241 85
242 64
243 56
244 57
245 40
246 40
247 36
248 44
249 47
250 65
251 61
252 61
253 74
254 65
255 54
256 80
257 62
258 52
259 60
260 62
261 51
262 65
263 66
264 64
265 60
266 59
267 59
268 80
269 66
270 53
271 58
272 64
273 41
274 78
275 63
276 82
277 55
278 69
279 51
280 41
281 53
282 67
283 47
284 66
285 46
286 50
287 42
288 45
289 55
290 57
291 33
292 35
293 38
294 38
295 26
296 44
297 26
298 21
299 53
300 51
301 36
302 52
303 38
304 31
305 40
306 34
307 20
308 22
309 23
310 17
311 22
312 25
313 25
314 23
315 29
316 21
317 17
318 16
319 13
320 14
321 9
322 7
323 8
324 14
325 12
326 12
327 15
328 14
329 14
330 18
331 19
332 16
333 16
334 15
335 12
336 7
337 10
338 8
339 11
340 5
341 13
342 8
343 8
344 9
345 6
346 8
347 1
348 10
349 13
350 7
351 8
352 9
353 14
354 12
355 12
356 16
357 9
358 12
359 22
360 10
361 15
362 26
363 6
364 13
365 14
366 14
367 10
368 7
369 5
370 9
371 3
372 16
373 15
374 12
375 14
376 6
377 9
378 9
379 9
380 9
381 7
382 9
383 7
384 7
385 4
386 6
387 5
388 7
389 9
390 8
391 11
392 3
393 6
394 9
395 22
396 14
397 14
398 12
399 8
400 13
401 10
402 14
403 7
404 14
405 10
406 16
407 11
408 21
409 15
410 17
411 15
412 16
413 17
414 21
415 20
416 19
417 14
418 22
419 19
420 21
421 8
422 16
423 13
424 7
425 12
426 4
427 7
428 1
429 3
430 7
431 2
432 6
433 9
434 7
435 5
436 11
437 8
438 9
439 9
440 14
441 9
442 7
443 9
444 9
445 9
446 7
447 14
448 8
449 5
450 9
451 7
452 3
453 6
454 5
455 7
456 7
457 3
458 5
459 6
460 5
461 6
462 9
463 8
464 6
465 5
466 8
467 5
468 15
469 18
470 16
471 16
472 15
473 12
474 18
475 12
476 13
477 15
478 9
479 18
480 9
481 12
482 14
483 11
484 19
485 15
486 6
487 8
488 16
489 14
490 21
491 25
492 27
493 18
494 27
495 31
496 37
497 25
498 17
499 20
500 17
501 14
502 18
503 19
504 13
505 16
506 20
507 14
508 8
509 14
510 22
511 8
512 15
513 9
514 9
515 18
516 8
517 7
518 14
519 11
520 15
521 9
522 18
523 11
524 13
525 6
526 14
527 8
528 9
529 10
530 6
531 10
532 11
533 9
534 14
535 12
536 9
537 10
538 10
539 14
540 5
541 12
542 8
543 7
544 1
545 8
546 5
547 2
548 5
549 5
550 3
551 9
552 4
553 5
554 5
555 6
556 7
557 4
558 9
559 8
560 4
561 3
562 8
563 11
564 8
565 16
566 9
567 8
568 10
569 6
570 5
571 8
572 6
573 5
574 1
575 9
576 3
577 2
578 3
579 4
580 8
581 5
582 3
583 6
584 2
585 8
586 2
587 5
588 5
589 4
590 6
591 6
592 3
593 2
594 10
595 3
596 3
597 9
598 9
599 5
600 4
601 3
602 5
603 4
604 5
605 3
606 1
607 1
608 4
609 6
610 7
611 6
612 4
613 7
614 3
615 3
616 3
617 5
618 4
619 1
620 2
621 3
622 3
623 5
624 2
625 5
626 2
627 3
628 5
629 3
630 4
631 1
632 7
633 3
634 2
637 2
641 1
642 1
643 1
644 1
646 3
647 2
648 1
649 1
650 1
651 3
652 3
653 1
654 2
655 3
656 3
657 2
658 1
659 1
663 1
664 1
666 1
667 2
668 2
669 1
670 3
671 1
672 1
673 3
676 1
679 1
680 1
684 2
685 2
686 1
687 1
688 1
689 1
690 1
692 4
693 2
696 1
698 1
701 3
705 2
708 1
709 1
711 3
712 2
713 2
715 1
716 2
717 1
719 1
720 5
723 4
724 2
728 2
735 1
737 1
738 1
741 1
742 1
743 1
745 1
746 1
749 1
752 2
753 2
754 1
755 1
758 1
759 2
760 1
761 1
762 1
763 1
764 1
765 3
766 2
767 1
768 3
769 2
770 1
773 1
776 1
778 1
781 1
784 1
785 2
786 1
788 1
792 2
794 1
795 1
796 1
798 1
808 1
811 3
812 1
813 1
850 3
851 1
853 1
855 1
859 1
861 1
864 1
866 2
867 1
869 1
922 1
934 1
940 1
942 1
944 1
948 1
950 1
952 1
954 2
956 2
992 1
997 2
998 1
999 2
1001 2
1002 2
1003 2
1004 2
1007 1
1008 1
1009 1
1012 1
1031 1
1037 1
1039 1
1041 1
1044 2
1064 1
1065 1
1092 1
1094 1
1100 1
1103 2
1106 2
1107 1
1109 1
1116 1
1117 2
1122 1
1141 1
1143 1
1147 1
1166 1
1171 1
1179 1
1191 1
1195 1
1196 1
1219 1
1221 1
1222 1
1224 1
1225 1
1226 2
1227 1
1228 2
1233 1
1234 1
1238 1
1256 1
1258 1
1259 1
1260 1
1261 1
1262 1
1263 1
1264 2
1266 1
1267 1
1270 1
1271 1
1277 1
1297 1
1299 1
1300 2
1302 3
1304 1
1305 2
1306 1
1308 1
1309 2
1310 2
1311 3
1314 3
1321 2
1325 1
1326 1
1333 1
1336 2
1337 1
1339 1
1353 1
1390 1
1434 1
1480 1
1489 1
1490 1
1494 1
1501 2
1502 1
1508 1
1539 1
1540 3
1542 1
1544 1
1547 2
1548 3
1553 1
1556 1
1562 1
1585 1
1592 2
1599 1
1623 1
1627 1
1652 1
1805 1
1821 2
1830 1
1837 1
1839 1
1840 1
1842 1
1843 1
1845 2
1884 1
1888 1
1889 1
1891 1
1893 1
1894 1
1896 1
1945 1
2592 1
2639 1
2820 1
2878 1
2923 1
3058 1
3914 1
3951 1
3953 1
3956 1
3959 1
3960 1
3961 1
3962 1
3972 3
