1 26723342
2 13413486
3 8105426
4 5040281
5 3160209
6 2093495
7 1519030
8 1204775
9 980603
10 802238
11 635936
12 499952
13 403687
14 337046
15 296525
16 276060
17 268246
18 273650
19 287652
20 318800
21 360720
22 413249
23 465819
24 516845
25 561176
26 589460
27 598607
28 590946
29 563348
30 518562
31 466586
32 405946
33 343943
34 282383
35 227788
36 180343
37 139393
38 105665
39 80299
40 60615
41 45859
42 35397
43 28158
44 23258
45 19408
46 16291
47 13891
48 12486
49 11158
50 9882
51 8957
52 7894
53 7125
54 6362
55 5590
56 5058
57 4585
58 3835
59 3357
60 2827
61 2555
62 2249
63 1992
64 1703
65 1471
66 1312
67 1187
68 1032
69 936
70 898
71 794
72 689
73 672
74 696
75 574
76 605
77 536
78 574
79 597
80 607
81 564
82 551
83 558
84 547
85 558
86 533
87 578
88 569
89 566
90 507
91 481
92 468
93 496
94 491
95 547
96 501
97 477
98 450
99 473
100 423
101 418
102 433
103 400
104 389
105 373
106 369
107 387
108 351
109 374
110 313
111 309
112 313
113 338
114 305
115 323
116 357
117 313
118 363
119 374
120 324
121 349
122 346
123 322
124 327
125 256
126 267
127 237
128 247
129 229
130 226
131 197
132 201
133 199
134 199
135 207
136 141
137 180
138 141
139 123
140 141
141 148
142 148
143 154
144 179
145 193
146 223
147 268
148 277
149 324
150 285
151 385
152 444
153 534
154 638
155 745
156 887
157 1122
158 1357
159 1732
160 2135
161 2543
162 3085
163 3792
164 4243
165 5373
166 6086
167 7211
168 8457
169 9918
170 11385
171 13212
172 15182
173 17045
174 19373
175 21520
176 24136
177 26598
178 29411
179 31980
180 34493
181 37342
182 40670
183 42915
184 45580
185 48498
186 50347
187 52885
188 55199
189 57682
190 59128
191 60715
192 61510
193 62221
194 62436
195 63213
196 63543
197 63113
198 62497
199 61464
200 60661
201 58562
202 56973
203 54986
204 52584
205 50495
206 47210
207 44866
208 42450
209 39512
210 36685
211 33798
212 31122
213 28133
214 26223
215 24054
216 21943
217 19719
218 17544
219 15654
220 13854
221 12389
222 11137
223 9696
224 8335
225 7163
226 6250
227 5456
228 4705
229 3990
230 3538
231 3049
232 2520
233 2154
234 1902
235 1562
236 1401
237 1120
238 917
239 800
240 640
241 562
242 487
243 370
244 295
245 271
246 224
247 187
248 135
249 111
250 91
251 85
252 76
253 46
254 53
255 48
256 36
257 24
258 32
259 30
260 26
261 22
262 28
263 12
264 17
265 26
266 33
267 22
268 18
269 20
270 28
271 18
272 23
273 31
274 27
275 34
276 16
277 18
278 14
279 16
280 7
281 13
282 13
283 15
284 18
285 21
286 21
287 17
288 12
289 18
290 13
291 20
292 17
293 18
294 12
295 15
296 14
297 10
298 9
299 9
300 18
301 10
302 4
303 15
304 7
305 15
306 5
307 13
308 10
309 10
310 9
311 12
312 12
313 14
314 13
315 10
316 12
317 5
318 14
319 6
320 9
321 7
322 11
323 6
324 5
325 5
326 7
327 8
328 8
329 3
330 9
331 7
332 9
333 9
334 7
335 8
336 11
337 7
338 5
339 7
340 7
341 5
342 2
343 8
344 1
345 8
346 5
347 10
348 8
349 10
350 6
351 8
352 12
353 4
354 17
355 12
356 10
357 4
358 6
359 9
360 13
361 11
362 16
363 20
364 22
365 43
366 39
367 47
368 47
369 39
370 56
371 73
372 51
373 60
374 69
375 100
376 75
377 76
378 74
379 90
380 66
381 105
382 78
383 100
384 100
385 113
386 94
387 101
388 139
389 98
390 118
391 122
392 114
393 107
394 116
395 114
396 103
397 100
398 115
399 93
400 117
401 117
402 110
403 110
404 88
405 117
406 92
407 103
408 80
409 86
410 82
411 81
412 65
413 66
414 57
415 60
416 57
417 47
418 44
419 40
420 51
421 34
422 35
423 32
424 30
425 35
426 36
427 27
428 24
429 25
430 20
431 19
432 13
433 17
434 16
435 21
436 14
437 14
438 11
439 20
440 13
441 8
442 9
443 3
444 3
445 2
446 3
447 7
448 3
449 4
450 8
451 5
452 5
453 4
454 8
455 5
456 8
458 4
459 4
460 7
461 6
462 3
463 4
464 6
465 3
466 3
467 4
468 7
469 8
470 5
471 6
472 10
473 4
474 5
475 4
476 1
477 3
478 5
479 5
480 5
481 4
482 7
483 3
484 9
485 1
486 6
487 5
488 3
491 3
492 2
493 2
494 2
495 2
496 3
497 4
498 3
499 4
500 3
501 2
502 2
503 2
504 3
505 4
506 6
507 2
508 5
509 8
510 2
511 4
512 5
513 2
514 6
515 4
516 3
517 4
518 8
519 3
520 4
521 4
522 1
523 3
524 2
525 2
526 2
527 6
528 2
529 1
530 2
531 3
532 4
533 6
534 5
535 7
536 3
537 4
538 4
539 6
540 1
541 4
542 1
543 4
544 2
545 3
546 1
547 1
548 2
549 2
550 1
552 3
553 1
554 4
555 3
556 2
557 4
558 3
559 5
560 2
561 6
562 3
563 4
564 2
566 7
567 4
568 7
569 4
570 2
571 6
572 6
573 9
574 3
575 8
576 8
577 9
578 9
579 9
580 10
581 5
582 7
583 4
584 6
585 6
586 4
587 3
588 5
589 5
590 3
591 3
592 2
593 2
594 5
595 3
596 5
597 3
598 3
599 4
600 4
601 4
602 7
603 10
604 5
605 8
606 6
607 9
608 7
609 9
610 6
611 5
612 3
613 5
614 3
615 4
616 3
617 5
618 3
619 3
620 1
621 1
622 4
623 1
626 5
627 3
629 3
630 1
632 2
633 2
634 2
635 3
636 1
637 3
638 1
640 1
642 1
644 2
647 2
655 1
656 2
659 1
660 1
662 3
663 1
667 3
668 4
669 1
670 3
672 3
674 1
675 3
676 3
677 2
678 1
679 3
680 2
681 5
682 3
683 4
684 5
685 3
686 1
687 2
688 2
689 4
690 1
691 7
692 2
693 2
694 5
695 2
696 3
697 4
698 4
699 4
700 1
702 1
713 1
733 1
735 1
742 1
743 1
747 1
748 1
749 1
751 1
753 2
754 1
757 3
759 2
760 2
763 2
764 1
765 2
766 1
767 5
770 1
771 2
776 2
778 1
779 2
781 3
782 1
783 1
788 3
789 1
793 1
795 1
797 1
799 1
802 3
804 4
805 3
806 5
807 3
809 2
810 1
812 1
814 1
819 1
823 1
827 1
832 1
833 1
834 1
837 1
838 1
840 1
841 1
914 1
926 1
932 1
934 1
935 1
940 1
941 1
955 1
980 2
981 1
982 1
984 1
985 1
987 1
988 1
989 1
993 1
995 1
997 3
1000 1
1046 1
1114 1
1150 2
1153 1
1154 1
1155 1
1158 1
1177 1
1183 1
1185 1
1193 1
1242 1
1253 1
1257 1
1260 1
1261 1
1264 1
1265 1
1268 1
1270 1
1271 1
1272 1
1275 1
1279 2
1280 1
1281 1
1283 2
1284 1
1286 1
1287 1
1290 1
1292 1
1293 2
1294 1
1295 1
1298 1
1344 2
1351 1
1354 1
1389 1
1521 1
1543 1
1544 1
1707 1
1727 1
1877 1
1882 1
2345 1
2346 1
2347 1
2353 1
2360 1
2364 1
2372 1
2382 1
2384 1
2390 1
