1 10622520
2 10621861
3 8791323
4 6960103
5 5578113
6 4551193
7 3838418
8 3367140
9 3078803
10 2920069
11 2800879
12 2681844
13 2521621
14 2329157
15 2103516
16 1869745
17 1628217
18 1401795
19 1202457
20 1030330
21 896115
22 792471
23 718267
24 671478
25 650644
26 645240
27 651469
28 661126
29 667605
30 666864
31 657207
32 633280
33 598354
34 554635
35 501112
36 447626
37 392716
38 335736
39 282568
40 235963
41 195928
42 163023
43 135782
44 113793
45 96867
46 85213
47 78138
48 74113
49 72617
50 72525
51 73367
52 76130
53 79810
54 84542
55 90157
56 94288
57 99111
58 103431
59 108823
60 113530
61 118069
62 123075
63 127240
64 132526
65 139223
66 145336
67 151983
68 159481
69 169475
70 179975
71 189707
72 200365
73 210336
74 220474
75 230258
76 238663
77 247128
78 252684
79 257729
80 260327
81 260399
82 261010
83 256933
84 254584
85 249981
86 245210
87 241497
88 237370
89 233897
90 230078
91 225922
92 225865
93 225812
94 228565
95 231461
96 236397
97 242110
98 248302
99 254609
100 260233
101 267629
102 274447
103 281263
104 284717
105 288788
106 291229
107 293196
108 292514
109 288988
110 284787
111 277824
112 270143
113 260508
114 248680
115 236657
116 222979
117 208259
118 194739
119 179918
120 166276
121 152781
122 140257
123 128622
124 118040
125 108794
126 101154
127 93640
128 88508
129 84071
130 80450
131 79475
132 79900
133 81586
134 83910
135 87840
136 92830
137 97783
138 104162
139 109992
140 117096
141 123251
142 129944
143 136923
144 144306
145 149621
146 154718
147 159507
148 162395
149 165072
150 166291
151 166075
152 165405
153 164013
154 161368
155 157901
156 152734
157 148039
158 141555
159 134423
160 128309
161 120471
162 111966
163 103938
164 96213
165 88784
166 81121
167 73601
168 66820
169 60037
170 53608
171 47481
172 41649
173 36825
174 32332
175 27784
176 23906
177 20322
178 17720
179 15149
180 12709
181 11018
182 9502
183 8081
184 6988
185 5952
186 5309
187 4657
188 4207
189 3991
190 3744
191 3855
192 3926
193 4327
194 4643
195 5219
196 5928
197 6702
198 7598
199 8619
200 9863
201 11362
202 12816
203 14787
204 17054
205 19316
206 21941
207 24516
208 27726
209 30957
210 34548
211 38867
212 43283
213 48029
214 52365
215 57671
216 63230
217 68294
218 74122
219 79965
220 86229
221 92314
222 98388
223 104916
224 111238
225 116815
226 124069
227 130067
228 136376
229 142295
230 148848
231 156389
232 162609
233 167757
234 174315
235 179321
236 185396
237 190066
238 194691
239 199448
240 204259
241 207598
242 211830
243 216536
244 219376
245 222778
246 225780
247 228104
248 230879
249 233012
250 233539
251 235384
252 235722
253 236016
254 236720
255 236308
256 235120
257 235259
258 234380
259 232708
260 231128
261 229734
262 228727
263 224658
264 223713
265 220860
266 217386
267 214798
268 212816
269 209540
270 206043
271 202060
272 199663
273 196045
274 192515
275 190591
276 187836
277 183277
278 181069
279 178085
280 173773
281 171457
282 169068
283 166316
284 163597
285 161250
286 158559
287 156281
288 152648
289 149944
290 147748
291 144608
292 142452
293 140046
294 136435
295 134650
296 131249
297 127368
298 124720
299 120436
300 117901
301 114874
302 110740
303 107021
304 104424
305 100609
306 96865
307 93390
308 89831
309 85392
310 81618
311 77526
312 73630
313 69532
314 65971
315 62414
316 58592
317 55405
318 51705
319 48660
320 45523
321 42395
322 39770
323 36831
324 34203
325 31984
326 29055
327 27141
328 24858
329 23005
330 20875
331 19227
332 17914
333 15990
334 14617
335 13335
336 11636
337 10778
338 9946
339 9076
340 8324
341 7537
342 6801
343 6300
344 5846
345 5412
346 5144
347 4954
348 4642
349 4483
350 4412
351 4249
352 4109
353 4125
354 4056
355 4139
356 4217
357 4264
358 4281
359 4611
360 4641
361 4780
362 4755
363 4806
364 5012
365 5140
366 5360
367 5492
368 5519
369 5549
370 5818
371 5813
372 5957
373 6112
374 6149
375 6284
376 6243
377 6238
378 6094
379 6207
380 6076
381 6115
382 6001
383 5929
384 5661
385 5625
386 5696
387 5543
388 5293
389 5225
390 4967
391 4907
392 4682
393 4579
394 4528
395 4118
396 4071
397 3997
398 3737
399 3454
400 3223
401 3292
402 2919
403 2862
404 2749
405 2564
406 2474
407 2205
408 2125
409 2051
410 1838
411 1795
412 1659
413 1512
414 1423
415 1320
416 1328
417 1234
418 1126
419 1071
420 1030
421 969
422 1032
423 897
424 903
425 882
426 932
427 843
428 879
429 755
430 770
431 810
432 846
433 797
434 800
435 838
436 827
437 886
438 918
439 867
440 996
441 945
442 1054
443 1076
444 1067
445 1062
446 1176
447 1255
448 1262
449 1228
450 1311
451 1303
452 1302
453 1255
454 1407
455 1419
456 1443
457 1398
458 1451
459 1412
460 1453
461 1599
462 1496
463 1565
464 1561
465 1643
466 1544
467 1577
468 1579
469 1573
470 1666
471 1551
472 1560
473 1570
474 1573
475 1493
476 1437
477 1447
478 1359
479 1390
480 1397
481 1353
482 1353
483 1391
484 1338
485 1353
486 1331
487 1274
488 1299
489 1182
490 1148
491 1081
492 1097
493 1070
494 1101
495 1005
496 982
497 1014
498 918
499 981
500 924
501 968
502 1004
503 892
504 914
505 895
506 927
507 917
508 912
509 880
510 910
511 918
512 839
513 860
514 887
515 853
516 875
517 796
518 795
519 765
520 854
521 774
522 800
523 764
524 785
525 727
526 767
527 741
528 738
529 731
530 709
531 710
532 653
533 718
534 687
535 702
536 680
537 671
538 731
539 693
540 700
541 689
542 645
543 673
544 637
545 638
546 651
547 639
548 650
549 617
550 623
551 628
552 646
553 569
554 575
555 557
556 618
557 562
558 606
559 577
560 519
561 564
562 532
563 560
564 552
565 548
566 552
567 568
568 542
569 556
570 516
571 527
572 522
573 538
574 534
575 554
576 549
577 524
578 532
579 486
580 488
581 490
582 434
583 519
584 455
585 441
586 437
587 452
588 418
589 399
590 417
591 412
592 389
593 417
594 390
595 380
596 383
597 365
598 347
599 359
600 388
601 347
602 377
603 346
604 321
605 354
606 370
607 366
608 371
609 344
610 345
611 336
612 318
613 335
614 345
615 326
616 319
617 321
618 281
619 277
620 242
621 250
622 256
623 263
624 224
625 275
626 226
627 249
628 255
629 227
630 227
631 198
632 190
633 205
634 209
635 174
636 167
637 185
638 161
639 164
640 165
641 178
642 164
643 142
644 170
645 153
646 155
647 124
648 149
649 141
650 129
651 94
652 124
653 115
654 117
655 78
656 90
657 99
658 87
659 108
660 107
661 87
662 99
663 86
664 84
665 85
666 120
667 84
668 71
669 87
670 93
671 97
672 65
673 66
674 75
675 57
676 71
677 75
678 56
679 68
680 69
681 74
682 73
683 52
684 65
685 61
686 72
687 59
688 71
689 78
690 51
691 79
692 74
693 63
694 79
695 54
696 88
697 78
698 74
699 75
700 65
701 74
702 67
703 69
704 81
705 59
706 70
707 83
708 71
709 75
710 68
711 74
712 76
713 78
714 106
715 82
716 85
717 81
718 93
719 94
720 93
721 95
722 68
723 75
724 72
725 95
726 78
727 86
728 86
729 107
730 96
731 90
732 92
733 99
734 108
735 103
736 122
737 99
738 107
739 110
740 91
741 101
742 124
743 107
744 120
745 109
746 135
747 131
748 136
749 138
750 138
751 140
752 129
753 120
754 150
755 146
756 161
757 145
758 143
759 134
760 129
761 127
762 113
763 114
764 121
765 114
766 107
767 112
768 110
769 123
770 106
771 137
772 115
773 118
774 120
775 117
776 109
777 119
778 107
779 107
780 112
781 107
782 117
783 117
784 124
785 114
786 117
787 115
788 110
789 108
790 113
791 98
792 97
793 116
794 105
795 112
796 108
797 102
798 105
799 101
800 90
801 103
802 115
803 89
804 102
805 67
806 108
807 93
808 104
809 120
810 97
811 84
812 103
813 104
814 95
815 101
816 76
817 93
818 92
819 76
820 82
821 98
822 105
823 94
824 98
825 81
826 113
827 90
828 104
829 70
830 78
831 89
832 71
833 74
834 91
835 96
836 71
837 83
838 82
839 97
840 78
841 98
842 95
843 97
844 68
845 90
846 107
847 98
848 111
849 97
850 119
851 95
852 105
853 113
854 107
855 93
856 103
857 103
858 104
859 100
860 121
861 101
862 105
863 106
864 106
865 105
866 101
867 112
868 98
869 112
870 95
871 91
872 113
873 104
874 73
875 103
876 95
877 96
878 74
879 80
880 80
881 89
882 97
883 99
884 101
885 90
886 99
887 92
888 92
889 84
890 84
891 83
892 77
893 81
894 64
895 81
896 86
897 100
898 84
899 81
900 95
901 83
902 87
903 75
904 92
905 79
906 96
907 94
908 114
909 91
910 115
911 107
912 120
913 102
914 108
915 123
916 110
917 104
918 109
919 128
920 102
921 125
922 100
923 108
924 119
925 117
926 105
927 124
928 110
929 113
930 109
931 107
932 120
933 114
934 108
935 122
936 112
937 124
938 101
939 103
940 120
941 96
942 96
943 118
944 89
945 101
946 101
947 117
948 124
949 128
950 98
951 106
952 96
953 90
954 100
955 112
956 93
957 81
958 72
959 69
960 89
961 72
962 74
963 83
964 70
965 84
966 69
967 78
968 75
969 77
970 66
971 85
972 67
973 71
974 77
975 60
976 87
977 74
978 86
979 67
980 68
981 76
982 66
983 63
984 71
985 70
986 75
987 72
988 62
989 57
990 76
991 63
992 64
993 64
994 77
995 73
996 73
997 67
998 80
999 68
1000 70
1001 78
1002 63
1003 80
1004 57
1005 64
1006 57
1007 75
1008 58
1009 51
1010 70
1011 62
1012 67
1013 60
1014 66
1015 70
1016 59
1017 47
1018 67
1019 56
1020 60
1021 73
1022 46
1023 63
1024 64
1025 59
1026 58
1027 68
1028 75
1029 60
1030 67
1031 46
1032 71
1033 58
1034 67
1035 61
1036 65
1037 70
1038 80
1039 74
1040 62
1041 70
1042 55
1043 53
1044 60
1045 52
1046 66
1047 56
1048 59
1049 46
1050 60
1051 60
1052 42
1053 51
1054 42
1055 36
1056 55
1057 36
1058 41
1059 43
1060 39
1061 50
1062 32
1063 37
1064 28
1065 31
1066 27
1067 29
1068 22
1069 27
1070 16
1071 25
1072 28
1073 25
1074 14
1075 23
1076 17
1077 16
1078 14
1079 12
1080 17
1081 19
1082 16
1083 12
1084 17
1085 11
1086 12
1087 11
1088 11
1089 17
1090 15
1091 14
1092 7
1093 16
1094 23
1095 8
1096 11
1097 14
1098 16
1099 21
1100 17
1101 15
1102 15
1103 17
1104 19
1105 20
1106 30
1107 24
1108 23
1109 19
1110 19
1111 22
1112 25
1113 27
1114 24
1115 21
1116 25
1117 15
1118 23
1119 22
1120 15
1121 16
1122 16
1123 19
1124 30
1125 34
1126 18
1127 23
1128 20
1129 20
1130 16
1131 20
1132 18
1133 20
1134 18
1135 19
1136 21
1137 19
1138 28
1139 13
1140 24
1141 20
1142 23
1143 22
1144 28
1145 21
1146 21
1147 21
1148 20
1149 27
1150 16
1151 18
1152 24
1153 26
1154 32
1155 25
1156 27
1157 18
1158 35
1159 30
1160 25
1161 18
1162 26
1163 28
1164 19
1165 29
1166 35
1167 26
1168 28
1169 25
1170 30
1171 17
1172 26
1173 13
1174 29
1175 28
1176 26
1177 25
1178 24
1179 26
1180 18
1181 33
1182 28
1183 23
1184 30
1185 23
1186 24
1187 23
1188 23
1189 20
1190 20
1191 31
1192 22
1193 18
1194 28
1195 22
1196 28
1197 38
1198 37
1199 24
1200 40
1201 31
1202 34
1203 42
1204 36
1205 37
1206 43
1207 33
1208 44
1209 39
1210 41
1211 33
1212 31
1213 27
1214 35
1215 38
1216 40
1217 29
1218 29
1219 34
1220 37
1221 40
1222 44
1223 48
1224 50
1225 40
1226 46
1227 48
1228 40
1229 41
1230 43
1231 35
1232 41
1233 44
1234 58
1235 45
1236 51
1237 54
1238 36
1239 40
1240 49
1241 51
1242 42
1243 41
1244 44
1245 34
1246 61
1247 58
1248 44
1249 61
1250 42
1251 66
1252 48
1253 52
1254 51
1255 40
1256 43
1257 48
1258 63
1259 57
1260 58
1261 57
1262 59
1263 60
1264 56
1265 66
1266 69
1267 40
1268 62
1269 49
1270 48
1271 45
1272 60
1273 46
1274 49
1275 54
1276 51
1277 53
1278 60
1279 45
1280 51
1281 59
1282 53
1283 59
1284 52
1285 68
1286 57
1287 48
1288 58
1289 56
1290 59
1291 64
1292 50
1293 44
1294 44
1295 41
1296 53
1297 40
1298 44
1299 61
1300 35
1301 31
1302 45
1303 35
1304 39
1305 42
1306 39
1307 45
1308 38
1309 40
1310 32
1311 38
1312 35
1313 33
1314 45
1315 33
1316 21
1317 24
1318 25
1319 25
1320 35
1321 20
1322 28
1323 34
1324 13
1325 27
1326 18
1327 29
1328 27
1329 26
1330 39
1331 26
1332 21
1333 33
1334 23
1335 36
1336 40
1337 29
1338 24
1339 25
1340 26
1341 32
1342 26
1343 31
1344 22
1345 46
1346 21
1347 28
1348 36
1349 33
1350 20
1351 28
1352 34
1353 34
1354 33
1355 21
1356 27
1357 20
1358 26
1359 38
1360 38
1361 38
1362 29
1363 40
1364 33
1365 37
1366 30
1367 29
1368 42
1369 32
1370 40
1371 25
1372 34
1373 29
1374 34
1375 33
1376 36
1377 32
1378 27
1379 28
1380 23
1381 20
1382 25
1383 24
1384 22
1385 35
1386 26
1387 22
1388 17
1389 29
1390 30
1391 34
1392 21
1393 35
1394 30
1395 26
1396 29
1397 18
1398 17
1399 17
1400 14
1401 27
1402 20
1403 22
1404 19
1405 17
1406 17
1407 12
1408 17
1409 19
1410 14
1411 19
1412 12
1413 19
1414 19
1415 19
1416 11
1417 18
1418 17
1419 23
1420 15
1421 14
1422 14
1423 16
1424 19
1425 20
1426 15
1427 13
1428 17
1429 17
1430 19
1431 13
1432 10
1433 11
1434 16
1435 17
1436 9
1437 9
1438 9
1439 8
1440 12
1441 10
1442 10
1443 5
1444 8
1445 7
1446 14
1447 18
1448 9
1449 11
1450 8
1451 11
1452 9
1453 14
1454 8
1455 16
1456 10
1457 7
1458 10
1459 7
1460 5
1461 6
1462 6
1463 7
1464 8
1465 8
1466 3
1467 9
1468 8
1469 8
1470 6
1471 11
1472 5
1473 7
1474 10
1475 12
1476 8
1477 10
1478 14
1479 5
1480 6
1481 13
1482 13
1483 7
1484 8
1485 10
1486 9
1487 12
1488 3
1489 9
1490 9
1491 11
1492 8
1493 14
1494 12
1495 15
1496 5
1497 11
1498 11
1499 11
1500 11
1501 5
1502 9
1503 11
1504 13
1505 10
1506 10
1507 11
1508 9
1509 8
1510 11
1511 20
1512 9
1513 10
1514 12
1515 13
1516 13
1517 12
1518 15
1519 7
1520 15
1521 5
1522 13
1523 14
1524 12
1525 12
1526 12
1527 18
1528 13
1529 12
1530 18
1531 11
1532 11
1533 23
1534 14
1535 21
1536 12
1537 18
1538 15
1539 14
1540 23
1541 12
1542 20
1543 16
1544 13
1545 6
1546 9
1547 15
1548 12
1549 15
1550 15
1551 10
1552 18
1553 13
1554 8
1555 11
1556 13
1557 21
1558 17
1559 13
1560 8
1561 10
1562 13
1563 15
1564 15
1565 15
1566 18
1567 13
1568 14
1569 7
1570 11
1571 2
1572 8
1573 12
1574 15
1575 8
1576 6
1577 12
1578 12
1579 12
1580 10
1581 11
1582 5
1583 9
1584 13
1585 9
1586 6
1587 6
1588 4
1589 6
1590 5
1591 9
1592 4
1593 12
1594 14
1595 14
1596 10
1597 7
1598 7
1599 7
1600 7
1601 5
1602 7
1603 13
1604 4
1605 6
1606 7
1607 10
1608 11
1609 8
1610 7
1611 6
1612 8
1613 7
1614 9
1615 4
1616 6
1617 4
1618 7
1619 9
1620 5
1621 12
1622 8
1623 11
1624 8
1625 7
1626 7
1627 8
1628 5
1629 7
1630 3
1631 8
1632 10
1633 6
1634 7
1635 8
1636 7
1637 12
1638 8
1639 15
1640 7
1641 5
1642 9
1643 7
1644 2
1645 15
1646 14
1647 8
1648 11
1649 8
1650 4
1651 11
1652 8
1653 6
1654 6
1655 5
1656 2
1657 11
1658 3
1659 14
1660 7
1661 4
1662 8
1663 4
1664 8
1665 5
1666 5
1667 3
1668 12
1669 8
1670 4
1671 7
1672 7
1673 10
1674 8
1675 12
1676 8
1677 8
1678 5
1679 16
1680 12
1681 9
1682 11
1683 16
1684 11
1685 7
1686 13
1687 8
1688 9
1689 5
1690 7
1691 11
1692 9
1693 15
1694 15
1695 8
1696 11
1697 12
1698 8
1699 15
1700 16
1701 16
1702 17
1703 12
1704 17
1705 9
1706 9
1707 16
1708 18
1709 16
1710 18
1711 12
1712 13
1713 16
1714 11
1715 13
1716 15
1717 10
1718 9
1719 14
1720 11
1721 11
1722 11
1723 10
1724 7
1725 6
1726 8
1727 14
1728 4
1729 8
1730 7
1731 11
1732 12
1733 10
1734 8
1735 10
1736 9
1737 6
1738 8
1739 5
1740 9
1741 8
1742 12
1743 6
1744 10
1745 14
1746 8
1747 8
1748 3
1749 9
1750 6
1751 8
1752 6
1753 8
1754 8
1755 10
1756 7
1757 13
1758 15
1759 9
1760 10
1761 7
1762 5
1763 7
1764 10
1765 13
1766 11
1767 7
1768 5
1769 4
1770 15
1771 8
1772 6
1773 9
1774 13
1775 8
1776 5
1777 7
1778 13
1779 11
1780 6
1781 11
1782 9
1783 8
1784 11
1785 11
1786 9
1787 11
1788 8
1789 8
1790 4
1791 8
1792 7
1793 11
1794 1
1795 11
1796 6
1797 4
1798 6
1799 6
1800 1
1801 8
1802 5
1803 6
1804 2
1805 5
1806 5
1807 7
1808 3
1809 8
1810 4
1811 5
1812 5
1813 2
1814 5
1815 8
1816 5
1817 7
1818 4
1819 2
1820 4
1821 3
1822 4
1823 2
1824 2
1825 1
1826 2
1827 5
1828 2
1829 2
1830 3
1831 2
1832 4
1833 8
1834 12
1835 8
1836 2
1837 7
1838 10
1839 10
1840 12
1841 5
1842 2
1843 13
1844 6
1845 9
1846 11
1847 5
1848 8
1849 4
1850 8
1851 16
1852 17
1853 5
1854 14
1855 13
1856 7
1857 11
1858 6
1859 5
1860 10
1861 8
1862 13
1863 11
1864 11
1865 8
1866 9
1867 9
1868 8
1869 4
1870 7
1871 4
1872 7
1873 8
1874 5
1875 4
1876 9
1877 12
1878 12
1879 9
1880 7
1881 9
1882 7
1883 7
1884 6
1885 4
1886 4
1887 7
1888 10
1889 5
1890 7
1891 5
1892 8
1893 4
1894 7
1895 6
1896 6
1897 1
1898 1
1899 9
1900 3
1901 1
1902 3
1903 9
1904 3
1905 11
1906 3
1907 9
1908 8
1909 4
1910 12
1911 6
1912 10
1913 7
1914 6
1915 12
1916 8
1917 5
1918 10
1919 13
1920 8
1921 18
1922 14
1923 13
1924 12
1925 17
1926 19
1927 17
1928 10
1929 20
1930 12
1931 18
1932 13
1933 12
1934 9
1935 7
1936 11
1937 11
1938 10
1939 15
1940 17
1941 12
1942 10
1943 10
1944 12
1945 5
1946 7
1947 9
1948 7
1949 12
1950 6
1951 9
1952 9
1953 7
1954 6
1955 11
1956 5
1957 6
1958 4
1959 8
1960 9
1961 6
1962 3
1963 6
1964 6
1965 4
1966 7
1967 4
1968 7
1969 6
1970 6
1971 4
1972 6
1973 3
1974 1
1975 4
1976 4
1977 6
1978 7
1979 6
1980 1
1981 7
1982 9
1983 7
1984 5
1985 5
1986 6
1987 10
1988 5
1989 5
1990 4
1991 7
1992 10
1993 4
1994 2
1995 10
1996 5
1997 3
1998 7
1999 5
2000 1
2001 5
2002 1
2003 4
2004 2
2005 4
2006 1
2007 3
2008 1
2009 2
2010 3
2011 2
2012 5
2014 1
2015 5
2016 3
2017 1
2018 4
2019 8
2020 5
2022 3
2023 2
2024 3
2025 1
2026 4
2027 2
2028 2
2030 3
2031 4
2032 1
2033 1
2034 3
2035 3
2036 1
2037 1
2038 1
2039 5
2040 4
2041 4
2042 3
2043 2
2044 1
2045 2
2046 3
2047 3
2049 2
2050 4
2051 4
2052 2
2053 1
2054 1
2055 1
2056 2
2058 3
2059 3
2061 3
2062 3
2063 3
2064 2
2066 1
2067 2
2068 2
2069 1
2070 3
2071 2
2073 4
2074 3
2075 3
2076 3
2077 3
2078 1
2079 2
2080 2
2081 1
2082 3
2083 2
2084 4
2085 3
2086 2
2087 2
2088 2
2089 3
2090 1
2091 6
2092 5
2093 4
2095 2
2096 1
2097 4
2098 2
2099 3
2100 3
2101 2
2102 2
2103 3
2104 2
2105 3
2106 3
2107 2
2108 3
2109 4
2111 5
2112 1
2113 6
2114 2
2115 5
2117 3
2118 6
2119 4
2120 1
2121 1
2122 3
2123 5
2124 5
2125 5
2126 2
2127 2
2128 4
2129 5
2130 5
2131 4
2132 4
2133 3
2134 7
2135 5
2136 1
2137 4
2138 3
2139 11
2140 3
2141 2
2142 6
2143 4
2144 6
2145 7
2146 2
2147 3
2148 6
2149 5
2150 6
2151 4
2152 4
2153 4
2154 2
2155 6
2156 4
2157 1
2158 3
2159 2
2160 1
2161 2
2162 4
2163 3
2164 1
2166 2
2167 2
2168 1
2169 1
2173 1
2174 4
2175 3
2176 1
2177 1
2180 2
2182 2
2183 2
2184 1
2185 2
2186 2
2187 1
2189 3
2190 1
2191 4
2192 1
2193 3
2194 1
2195 2
2196 2
2198 6
2199 1
2200 2
2201 2
2202 2
2204 1
2205 4
2206 1
2208 3
2209 5
2210 3
2214 2
2215 2
2216 3
2218 2
2219 1
2220 1
2221 4
2222 1
2223 2
2225 1
2227 1
2229 2
2231 1
2233 1
2235 3
2237 2
2239 4
2240 2
2241 2
2242 2
2243 2
2244 3
2245 3
2246 5
2247 3
2248 1
2249 5
2250 3
2251 1
2252 2
2253 3
2254 6
2256 3
2257 3
2258 2
2259 2
2260 2
2263 2
2264 2
2266 2
2267 1
2268 1
2270 1
2271 2
2272 2
2275 1
2276 4
2277 1
2279 4
2280 3
2281 3
2282 3
2284 1
2285 3
2286 1
2287 3
2288 2
2289 1
2290 2
2291 2
2292 2
2293 2
2294 1
2295 4
2296 6
2297 5
2298 3
2300 5
2301 3
2303 2
2304 1
2305 3
2306 3
2307 3
2308 1
2309 5
2310 2
2311 3
2312 1
2313 1
2315 1
2316 4
2317 1
2320 2
2321 1
2323 2
2324 2
2325 1
2327 2
2328 2
2329 3
2331 2
2332 1
2334 2
2335 2
2337 1
2338 1
2339 2
2340 2
2342 2
2343 3
2345 1
2347 2
2348 3
2349 1
2350 2
2352 2
2353 2
2354 3
2356 3
2357 2
2358 3
2359 4
2360 3
2361 3
2362 1
2363 3
2364 2
2365 4
2366 2
2368 3
2370 3
2372 1
2374 2
2376 3
2378 1
2379 2
2380 2
2382 2
2386 1
2387 1
2388 1
2390 2
2391 1
2392 3
2394 1
2396 1
2398 3
2400 1
2401 1
2402 1
2404 3
2405 1
2406 2
2407 1
2408 1
2409 2
2411 1
2412 1
2413 2
2414 1
2415 2
2416 3
2418 2
2419 1
2420 2
2421 2
2423 1
2429 2
2430 1
2431 3
2432 1
2433 2
2434 4
2436 3
2437 1
2438 2
2439 1
2440 1
2442 1
2445 1
2446 1
2447 3
2448 2
2449 1
2450 2
2451 3
2452 2
2454 1
2455 1
2457 1
2458 1
2459 2
2460 2
2462 1
2463 1
2464 1
2468 1
2469 1
2470 1
2471 1
2472 2
2474 2
2475 1
2476 1
2477 2
2478 1
2479 1
2480 1
2481 4
2482 2
2483 2
2484 2
2486 1
2487 3
2488 2
2489 1
2490 4
2492 1
2493 1
2494 4
2495 1
2496 1
2498 1
2499 3
2500 1
2501 2
2503 4
2504 4
2506 2
2507 1
2508 2
2509 1
2510 4
2511 1
2513 4
2514 6
2515 1
2516 2
2517 3
2518 5
2520 3
2523 1
2525 1
2526 2
2527 1
2528 1
2529 1
2531 2
2532 2
2534 1
2537 1
2541 1
2542 1
2544 3
2545 1
2547 1
2549 1
2550 2
2551 2
2552 2
2553 1
2554 3
2555 4
2556 1
2558 1
2559 2
2560 3
2561 1
2562 2
2563 2
2564 1
2566 2
2568 2
2571 1
2572 1
2573 2
2574 3
2576 3
2578 2
2580 2
2581 1
2582 1
2583 2
2587 2
2591 1
2592 1
2593 1
2595 1
2596 4
2597 1
2598 1
2599 4
2600 2
2601 4
2602 1
2605 2
2606 4
2608 1
2609 3
2610 2
2611 2
2612 2
2613 2
2614 3
2615 1
2616 5
2617 1
2618 3
2619 1
2620 2
2621 2
2622 4
2626 3
2627 2
2628 1
2629 2
2630 4
2631 2
2632 2
2633 2
2634 5
2635 2
2636 4
2637 3
2638 3
2640 3
2642 2
2643 1
2644 1
2645 1
2647 1
2648 1
2649 2
2651 1
2652 3
2653 2
2654 4
2655 2
2657 3
2658 1
2659 3
2661 3
2662 1
2663 1
2664 2
2665 4
2666 2
2667 3
2668 2
2669 3
2670 1
2671 1
2672 4
2673 1
2674 3
2678 2
2679 2
2682 2
2683 4
2684 1
2685 3
2686 4
2687 4
2688 4
2689 4
2690 2
2691 6
2692 3
2693 3
2694 2
2695 1
2696 7
2697 5
2698 2
2699 1
2700 1
2701 5
2703 1
2705 3
2706 3
2707 2
2708 1
2709 3
2710 5
2711 2
2713 3
2714 4
2715 3
2716 2
2717 1
2718 2
2719 3
2722 1
2725 3
2726 1
2728 1
2730 4
2731 2
2732 4
2733 1
2734 2
2735 2
2736 2
2738 3
2739 3
2740 1
2741 1
2745 1
2746 3
2747 1
2748 1
2749 1
2750 1
2754 2
2755 1
2756 1
2757 1
2758 2
2759 2
2760 1
2761 2
2765 4
2767 1
2768 2
2770 4
2771 1
2772 2
2773 2
2774 3
2775 4
2776 3
2777 3
2778 2
2779 2
2780 2
2782 1
2783 3
2784 4
2785 2
2786 3
2787 3
2788 2
2789 4
2790 1
2791 1
2792 1
2793 2
2794 1
2795 3
2796 3
2797 2
2798 4
2799 5
2800 2
2801 3
2802 3
2803 1
2804 1
2805 3
2806 4
2807 3
2808 2
2809 4
2810 2
2811 4
2812 2
2813 3
2814 3
2815 2
2816 4
2817 4
2818 3
2819 5
2820 3
2821 4
2822 6
2823 2
2824 5
2825 1
2826 1
2827 1
2828 6
2829 5
2830 4
2831 4
2832 3
2834 3
2835 5
2836 2
2837 1
2838 1
2839 1
2840 5
2842 6
2843 2
2844 1
2845 1
2846 2
2847 3
2848 2
2849 1
2850 4
2851 3
2852 1
2853 1
2854 2
2855 4
2856 6
2859 2
2860 1
2861 2
2862 1
2863 1
2864 2
2866 3
2868 2
2871 1
2876 2
2877 1
2878 1
2879 1
2880 1
2881 1
2882 2
2883 2
2884 1
2885 4
2886 1
2888 3
2890 1
2891 1
2892 4
2894 3
2898 4
2899 1
2900 2
2903 2
2905 1
2906 1
2908 1
2909 2
2910 1
2911 1
2912 1
2914 3
2917 3
2918 1
2919 3
2920 1
2921 1
2922 2
2923 2
2924 2
2927 2
2928 1
2929 2
2930 2
2931 1
2932 1
2933 1
2934 3
2935 2
2936 3
2937 2
2938 3
2940 1
2941 3
2942 1
2943 3
2944 2
2945 1
2947 1
2948 2
2949 1
2950 1
2956 1
2958 1
2959 1
2960 2
2962 2
2963 1
2964 1
2966 1
2967 2
2968 1
2969 1
2971 3
2973 1
2974 2
2975 1
2977 3
2978 3
2979 3
2980 1
2981 1
2982 2
2983 2
2985 5
2986 5
2987 3
2988 2
2991 3
2992 1
2993 1
2994 2
2995 2
2996 2
2998 1
2999 2
3000 2
3002 2
3003 1
3004 4
3005 2
3006 2
3007 2
3008 5
3009 7
3010 4
3011 5
3013 1
3014 5
3015 5
3016 2
3017 3
3018 1
3019 2
3020 4
3021 5
3022 2
3025 3
3026 2
3027 1
3028 1
3029 1
3032 2
3033 1
3034 2
3035 2
3036 2
3038 1
3041 3
3043 1
3044 1
3046 5
3047 1
3049 2
3050 2
3052 1
3053 1
3054 1
3056 1
3059 2
3061 1
3062 1
3063 2
3065 3
3066 2
3067 1
3068 1
3069 2
3070 1
3072 4
3073 1
3075 2
3076 1
3078 3
3079 2
3080 2
3083 1
3086 1
3089 2
3092 2
3093 2
3097 1
3101 1
3102 2
3103 1
3104 1
3105 1
3107 1
3108 1
3109 2
3111 1
3113 3
3114 2
3116 1
3118 1
3119 2
3128 1
3129 1
3130 1
3132 1
3133 1
3136 2
3138 2
3139 1
3140 2
3143 1
3144 1
3145 2
3146 1
3147 2
3148 2
3150 1
3152 3
3154 3
3156 1
3158 3
3159 1
3160 3
3161 3
3162 4
3163 3
3165 2
3166 3
3167 3
3168 1
3169 4
3171 3
3172 4
3173 2
3174 3
3175 4
3176 3
3177 4
3178 2
3179 3
3180 2
3182 2
3183 5
3184 3
3185 4
3187 5
3188 4
3190 2
3191 1
3192 5
3193 2
3195 2
3196 1
3197 1
3199 1
3200 1
3202 1
3204 3
3205 1
3206 2
3207 1
3209 1
3210 2
3212 1
3213 3
3216 4
3217 1
3219 1
3220 2
3221 2
3222 2
3223 1
3224 1
3225 1
3226 1
3227 5
3228 3
3229 2
3230 5
3231 1
3232 5
3233 6
3234 2
3235 4
3237 3
3238 4
3239 2
3240 6
3241 1
3242 1
3243 1
3244 3
3245 5
3246 4
3247 4
3248 4
3249 3
3250 4
3251 5
3252 3
3253 3
3254 2
3255 3
3256 1
3257 1
3258 4
3259 4
3260 2
3261 2
3262 2
3263 7
3264 8
3265 6
3266 5
3267 3
3268 2
3269 3
3270 1
3273 2
3274 2
3275 1
3277 4
3278 1
3279 2
3280 4
3281 2
3282 3
3283 2
3284 1
3285 2
3286 2
3287 4
3288 3
3293 3
3294 3
3296 4
3297 1
3298 2
3299 2
3300 2
3303 1
3304 1
3305 2
3306 5
3307 3
3308 2
3309 2
3310 3
3311 1
3312 2
3313 3
3314 5
3315 2
3316 1
3317 3
3318 3
3319 1
3320 1
3321 1
3322 2
3323 4
3324 1
3325 2
3326 1
3327 4
3328 1
3331 2
3332 2
3333 1
3334 3
3337 4
3338 2
3341 1
3342 1
3343 3
3344 1
3345 3
3346 1
3347 4
3348 4
3349 4
3350 3
3351 3
3352 5
3353 3
3354 1
3355 2
3356 4
3357 2
3358 3
3359 1
3361 4
3362 2
3364 2
3366 2
3367 4
3369 1
3370 1
3371 1
3372 2
3373 1
3374 1
3375 1
3377 2
3378 3
3379 2
3382 3
3383 3
3384 2
3385 2
3386 2
3387 1
3388 2
3389 2
3390 3
3391 3
3392 2
3393 3
3394 1
3395 3
3396 3
3398 2
3400 3
3401 2
3403 1
3404 1
3405 3
3406 2
3407 2
3410 2
3411 1
3412 1
3413 2
3414 2
3415 1
3416 1
3417 2
3418 2
3419 2
3420 2
3422 3
3423 1
3424 1
3425 2
3426 2
3427 2
3428 1
3429 2
3430 4
3431 1
3432 4
3433 5
3434 3
3435 3
3436 1
3437 4
3438 5
3439 2
3440 3
3441 4
3443 2
3444 2
3445 3
3446 3
3447 1
3448 6
3449 2
3450 4
3451 1
3452 3
3453 4
3454 2
3455 2
3456 2
3457 1
3458 2
3461 4
3463 3
3468 1
3469 4
3470 3
3471 3
3472 3
3473 2
3474 2
3477 1
3478 2
3480 1
3481 2
3482 5
3484 4
3485 1
3486 2
3487 4
3488 4
3489 3
3490 3
3491 1
3492 2
3494 1
3495 5
3496 4
3497 2
3498 2
3499 1
3500 2
3501 2
3502 4
3503 6
3504 4
3506 1
3507 1
3508 4
3509 2
3510 7
3511 3
3512 4
3513 1
3514 3
3515 1
3516 6
3517 1
3518 7
3520 4
3521 4
3522 3
3524 6
3525 2
3526 4
3527 3
3528 4
3529 2
3530 5
3531 5
3532 6
3533 5
3534 1
3535 1
3536 6
3537 6
3538 2
3539 4
3540 3
3541 2
3542 2
3543 3
3544 2
3545 1
3546 3
3547 5
3548 3
3549 1
3550 3
3551 7
3552 6
3553 5
3554 5
3555 1
3556 3
3557 3
3558 4
3559 1
3560 3
3562 1
3563 6
3565 3
3566 1
3567 1
3569 4
3571 3
3572 2
3573 3
3574 2
3575 4
3576 3
3577 2
3578 3
3580 3
3581 3
3582 1
3583 5
3584 3
3586 3
3587 7
3588 3
3590 6
3591 3
3592 5
3593 7
3594 2
3595 4
3596 3
3597 2
3598 6
3599 5
3600 1
3601 4
3602 2
3603 3
3604 3
3605 3
3606 1
3607 3
3609 5
3610 1
3611 3
3612 4
3613 3
3614 6
3615 3
3616 4
3617 1
3618 2
3619 5
3620 2
3621 1
3622 3
3623 1
3625 5
3627 1
3629 4
3630 1
3631 2
3633 3
3634 1
3635 4
3636 3
3637 1
3638 2
3639 3
3640 5
3642 3
3643 1
3645 1
3646 1
3647 1
3648 2
3650 1
3651 3
3653 3
3654 2
3658 1
3659 1
3661 1
3663 1
3669 1
3674 1
3676 1
3679 2
3680 1
3688 1
3693 1
3695 2
3696 1
3697 1
3700 2
3701 2
3706 1
3714 1
3716 1
3717 1
3718 1
3721 1
3723 2
3724 1
3725 2
3733 1
3734 1
3741 1
3753 1
3758 1
3760 1
3763 1
3764 1
3766 1
3767 1
3771 1
3775 1
3780 1
3784 2
3786 1
3789 1
3790 3
3793 1
3794 2
3796 1
3798 1
3800 1
3810 2
3811 1
3814 1
3816 3
3818 1
3819 1
3820 2
3825 3
3826 1
3828 1
3830 2
3831 1
3832 1
3833 1
3834 1
3835 2
3836 1
3837 1
3838 1
3839 2
3840 2
3841 1
3842 1
3843 1
3844 2
3845 2
3846 1
3848 5
3849 1
3850 1
3851 2
3852 1
3853 3
3854 2
3855 2
3856 1
3857 2
3858 3
3859 1
3862 2
3863 2
3864 3
3865 2
3867 2
3868 2
3873 1
3874 1
3876 2
3877 3
3878 1
3880 1
3881 1
3882 3
3883 4
3884 2
3885 4
3886 5
3887 4
3888 1
3889 2
3890 1
3892 3
3893 1
3894 3
3895 2
3896 4
3897 1
3898 1
3899 1
3902 1
3903 1
3904 3
3906 1
3908 3
3909 3
3910 1
3912 2
3913 2
3914 1
3915 1
3916 1
3917 4
3918 2
3919 2
3920 2
3923 4
3924 2
3925 1
3927 1
3928 1
3929 2
3931 2
3932 1
3934 1
3935 1
3936 1
3939 1
3941 1
3943 1
3944 1
3946 1
3948 1
3986 1
3989 1
3998 1
3999 1
4000 1
4002 1
4006 1
4009 1
4039 1
4041 1
4046 2
4047 1
4049 1
4052 2
4056 1
4057 3
4059 1
4061 2
4062 1
4064 1
4069 2
4071 1
4072 1
4074 1
4077 2
4082 1
4083 2
4088 1
4106 1
4109 1
4111 1
4117 1
4118 1
4120 1
4124 1
4125 1
4126 1
4128 1
4130 1
4132 1
4133 1
4134 1
4135 1
4136 4
4137 1
4140 1
4152 1
4154 1
4155 1
4157 1
4178 2
4210 1
4215 1
4261 1
4267 1
4281 1
4282 1
4283 1
4287 2
4288 2
4289 1
4290 1
4292 1
4293 1
4294 1
4295 1
4296 2
4298 2
4300 1
4301 1
4302 1
4304 1
4306 1
4308 1
4312 1
4324 1
4330 1
4335 1
4344 1
4350 2
4356 1
4367 1
4371 1
4383 1
4387 1
4398 1
4413 1
4469 1
4474 1
4476 1
4477 1
4514 1
4538 1
4549 1
4566 1
4570 1
4572 1
4574 1
4575 1
4582 1
4583 1
4584 1
4585 1
4587 2
4588 1
4592 1
4594 2
4605 1
4606 1
4614 1
4616 1
4618 1
4629 1
4634 1
4642 1
4643 1
4646 1
4649 1
4650 2
4651 1
4653 2
4654 1
4656 1
4659 1
4676 1
4679 2
4684 1
4688 1
4694 1
4696 1
4697 1
4699 2
4701 1
4707 1
4710 1
4715 1
4730 1
4732 1
4735 1
4741 1
4782 1
4803 1
4827 1
4829 1
4842 2
4847 1
4848 1
4850 1
4855 1
4857 1
4858 1
4859 2
4860 1
4862 1
4863 2
4864 1
4867 1
4868 1
4869 1
4872 1
4894 1
4905 1
4941 1
4943 1
4956 1
4965 1
4967 1
4972 1
5025 1
5030 3
5032 1
5033 1
5038 1
5046 1
5049 1
5050 1
5059 1
5063 2
5064 1
5066 1
5071 1
5073 1
5123 1
5237 1
5254 1
5255 2
5257 2
5260 1
5262 1
5264 1
5275 2
5286 1
5322 1
5334 1
5364 1
5588 1
5725 1
5727 1
5739 1
5741 1
5742 1
5746 1
5757 1
5774 1
5991 1
5997 1
6012 1
6014 1
6016 1
6017 1
6021 1
6029 1
6102 1
6113 1
6187 1
6204 1
6231 1
6246 1
6263 1
6312 1
6331 2
6332 1
6341 1
6348 1
6404 1
6429 1
6553 1
6566 1
6575 1
6640 1
6642 1
6644 1
6647 1
6650 1
6652 1
6653 1
6656 1
6663 1
6726 1
6853 1
6877 1
6879 1
6903 1
7146 1
7148 1
7151 1
7155 1
7187 1
7200 1
7216 1
7238 1
7248 1
7336 1
7440 1
7441 1
7476 1
7477 1
7627 1
7637 1
7643 2
7651 1
7655 1
7660 1
7679 1
7737 1
7885 1
7889 1
7895 1
7898 1
7900 1
7902 1
7903 1
7904 1
7909 3
7915 1
7917 1
7920 1
7931 1
7934 2
7935 1
7938 1
7943 1
7950 1
7957 2
7958 1
7968 1
7971 1
7973 1
7975 1
7982 1
8061 1
8094 1
8098 1
8100 1
8108 1
8119 2
8120 1
8132 1
8143 1
8217 1
8226 1
8238 1
8253 2
8318 1
8496 1
8648 1
8756 1
8757 1
8769 1
8772 1
8790 1
8793 1
8992 1
9028 1
9044 1
9049 1
9380 1
9593 1
9599 1
9604 1
9817 1
9904 1
9905 1
9908 1
9913 1
9920 1
9934 1
9936 1
9948 1
9963 1
10001 52
