1 12945891
2 6145185
3 3837763
4 2503702
5 1662510
6 1072657
7 653418
8 367060
9 193998
10 95956
11 44780
12 23278
13 14521
14 14199
15 19070
16 28933
17 45573
18 68922
19 97982
20 134517
21 177671
22 224586
23 275581
24 322498
25 365458
26 398652
27 417408
28 422821
29 415843
30 394681
31 362525
32 323630
33 278805
34 234341
35 192870
36 153318
37 118104
38 89821
39 66705
40 48043
41 33539
42 22978
43 16117
44 10696
45 7355
46 5086
47 3622
48 2655
49 2044
50 1819
51 1614
52 1632
53 1671
54 1740
55 1635
56 1669
57 1638
58 1627
59 1661
60 1632
61 1482
62 1444
63 1298
64 1127
65 1066
66 973
67 880
68 822
69 728
70 710
71 645
72 631
73 585
74 638
75 600
76 575
77 554
78 552
79 533
80 545
81 573
82 573
83 584
84 548
85 504
86 472
87 470
88 513
89 477
90 422
91 358
92 352
93 319
94 306
95 281
96 218
97 265
98 241
99 253
100 253
101 258
102 233
103 273
104 247
105 282
106 250
107 262
108 228
109 213
110 233
111 272
112 237
113 241
114 237
115 235
116 252
117 231
118 234
119 191
120 241
121 259
122 257
123 245
124 206
125 207
126 212
127 163
128 183
129 183
130 169
131 182
132 161
133 166
134 190
135 150
136 156
137 156
138 148
139 147
140 144
141 112
142 114
143 97
144 108
145 153
146 115
147 120
148 104
149 108
150 117
151 126
152 97
153 101
154 107
155 106
156 103
157 85
158 120
159 107
160 105
161 108
162 89
163 96
164 117
165 102
166 102
167 89
168 64
169 76
170 56
171 75
172 58
173 44
174 37
175 47
176 33
177 41
178 37
179 39
180 33
181 38
182 43
183 26
184 23
185 23
186 33
187 31
188 26
189 21
190 33
191 27
192 35
193 27
194 24
195 31
196 25
197 19
198 23
199 9
200 11
201 14
202 9
203 5
204 11
205 20
206 15
207 15
208 15
209 8
210 11
211 8
212 10
213 10
214 16
215 9
216 6
217 5
218 6
219 10
220 11
221 9
222 12
223 15
224 15
225 9
226 7
227 6
228 2
229 2
230 5
231 6
232 2
233 5
234 7
235 3
236 5
237 9
238 7
239 12
240 6
241 11
242 4
243 11
244 10
245 16
246 6
247 14
248 14
249 14
250 19
251 11
252 19
253 18
254 15
255 20
256 15
257 6
258 10
259 8
260 6
261 10
262 13
263 6
264 6
265 8
266 7
267 7
268 9
269 10
270 16
271 14
272 18
273 11
274 11
275 12
276 10
277 9
278 9
279 13
280 12
281 19
282 6
283 8
284 11
285 16
286 11
287 11
288 20
289 23
290 26
291 11
292 21
293 16
294 13
295 16
296 9
297 21
298 10
299 17
300 18
301 11
302 16
303 17
304 8
305 13
306 11
307 13
308 8
309 19
310 7
311 13
312 11
313 10
314 21
315 6
316 10
317 15
318 13
319 9
320 8
321 4
322 11
323 15
324 9
325 18
326 11
327 13
328 22
329 12
330 11
331 10
332 13
333 17
334 14
335 16
336 12
337 12
338 12
339 18
340 10
341 13
342 9
343 11
344 6
345 6
346 11
347 13
348 12
349 10
350 15
351 18
352 17
353 20
354 12
355 17
356 7
357 7
358 4
359 2
360 6
361 9
362 4
363 11
364 11
365 20
366 9
367 18
368 12
369 14
370 16
371 14
372 13
373 12
374 11
375 18
376 13
377 17
378 23
379 12
380 15
381 25
382 16
383 14
384 16
385 15
386 16
387 9
388 10
389 9
390 11
391 4
392 10
393 10
394 17
395 12
396 15
397 13
398 13
399 16
400 18
401 19
402 14
403 18
404 12
405 12
406 5
407 6
408 11
409 6
410 6
411 11
412 12
413 4
414 6
415 3
416 7
417 3
418 12
419 8
420 7
421 6
422 9
423 5
424 3
425 7
426 9
427 7
428 9
429 5
430 11
431 6
432 3
433 12
434 7
435 7
436 7
437 11
438 10
439 7
440 9
441 3
442 9
443 4
444 5
445 2
446 3
447 4
448 6
449 4
450 2
451 6
452 2
453 2
454 1
456 2
457 3
458 2
459 1
460 2
461 2
462 1
463 6
464 4
465 2
466 4
467 4
468 3
469 6
470 4
472 4
473 4
474 5
475 7
476 4
477 5
478 1
479 3
480 4
481 3
482 2
483 3
485 3
486 6
487 6
488 7
489 6
490 12
491 15
492 7
493 8
494 4
495 6
496 5
497 2
498 5
499 6
500 2
501 3
502 5
504 1
506 5
507 2
508 3
510 2
511 3
512 3
513 1
514 3
515 3
516 2
517 4
518 3
519 1
520 1
521 1
522 2
524 1
525 4
526 1
548 1
549 2
585 1
595 1
611 1
616 1
620 1
633 1
635 1
638 1
639 1
649 4
651 1
652 1
653 1
655 1
658 1
669 2
672 2
675 1
676 1
689 3
695 1
701 1
734 1
736 1
737 1
738 1
740 2
742 1
743 2
748 1
751 1
781 1
786 1
806 1
830 1
833 1
835 1
838 1
897 1
939 2
940 1
965 1
968 1
970 1
971 1
973 1
976 1
977 1
987 1
988 1
995 1
1002 1
1004 1
1009 1
1010 2
1011 1
1013 1
1065 1
1080 1
1082 1
1085 1
1123 1
1142 1
1158 1
1160 1
1161 1
1163 1
1165 1
1168 1
1179 1
1186 1
1252 1
1324 1
