1 22551546
2 10715387
3 5549131
4 3003555
5 1885739
6 1445022
7 1196387
8 979164
9 783710
10 637864
11 561950
12 550572
13 586443
14 647758
15 728425
16 802158
17 855116
18 892920
19 904420
20 889683
21 862987
22 828286
23 788134
24 752340
25 717743
26 690893
27 663684
28 642118
29 617017
30 588899
31 558268
32 527001
33 487707
34 448778
35 404466
36 359492
37 315874
38 277255
39 244798
40 218585
41 198648
42 182407
43 173419
44 166655
45 162848
46 162550
47 161355
48 162067
49 161284
50 160862
51 161882
52 160161
53 159670
54 160018
55 162835
56 164959
57 168503
58 171956
59 176149
60 179857
61 183069
62 185401
63 187867
64 190400
65 189316
66 187830
67 185696
68 182619
69 180615
70 177536
71 174799
72 173483
73 171107
74 171441
75 172467
76 171851
77 171754
78 174149
79 176136
80 178354
81 179199
82 181176
83 180254
84 179092
85 176945
86 172981
87 168162
88 162049
89 154352
90 146034
91 135929
92 125177
93 113430
94 103678
95 93419
96 83201
97 73197
98 63401
99 54678
100 46621
101 39716
102 33620
103 28212
104 23014
105 18696
106 15643
107 12605
108 10260
109 8028
110 6455
111 5198
112 4124
113 3253
114 2701
115 2388
116 1851
117 1725
118 1461
119 1474
120 1389
121 1385
122 1175
123 1272
124 1199
125 1173
126 1043
127 1129
128 1129
129 1101
130 1106
131 1117
132 1076
133 1031
134 998
135 1094
136 999
137 920
138 896
139 841
140 833
141 799
142 771
143 760
144 755
145 728
146 695
147 670
148 674
149 611
150 616
151 537
152 532
153 567
154 524
155 526
156 503
157 516
158 446
159 503
160 524
161 538
162 507
163 516
164 506
165 562
166 560
167 556
168 575
169 545
170 606
171 624
172 565
173 591
174 609
175 562
176 581
177 557
178 562
179 543
180 505
181 540
182 470
183 432
184 463
185 424
186 425
187 397
188 416
189 426
190 419
191 384
192 403
193 379
194 376
195 337
196 339
197 336
198 346
199 281
200 281
201 287
202 258
203 273
204 253
205 221
206 248
207 211
208 206
209 192
210 184
211 168
212 139
213 120
214 136
215 102
216 87
217 98
218 85
219 76
220 106
221 123
222 100
223 108
224 113
225 147
226 138
227 135
228 130
229 153
230 131
231 128
232 147
233 159
234 179
235 195
236 207
237 184
238 217
239 205
240 211
241 227
242 223
243 233
244 246
245 227
246 224
247 259
248 263
249 250
250 260
251 265
252 274
253 240
254 248
255 250
256 215
257 215
258 211
259 224
260 230
261 235
262 199
263 243
264 206
265 221
266 197
267 226
268 202
269 220
270 214
271 181
272 177
273 222
274 193
275 200
276 183
277 180
278 172
279 155
280 153
281 167
282 171
283 144
284 131
285 151
286 167
287 139
288 136
289 137
290 151
291 147
292 110
293 110
294 110
295 89
296 89
297 87
298 82
299 75
300 82
301 84
302 68
303 57
304 56
305 54
306 48
307 53
308 40
309 46
310 40
311 48
312 56
313 43
314 59
315 52
316 55
317 50
318 50
319 48
320 46
321 42
322 49
323 58
324 43
325 45
326 47
327 54
328 45
329 47
330 52
331 38
332 29
333 38
334 37
335 42
336 41
337 28
338 29
339 55
340 42
341 46
342 60
343 34
344 44
345 46
346 33
347 27
348 22
349 32
350 27
351 28
352 41
353 35
354 49
355 37
356 47
357 28
358 34
359 36
360 32
361 42
362 26
363 32
364 32
365 24
366 21
367 33
368 10
369 30
370 21
371 32
372 27
373 24
374 22
375 25
376 35
377 28
378 57
379 47
380 56
381 92
382 88
383 88
384 109
385 120
386 138
387 161
388 198
389 184
390 266
391 334
392 386
393 410
394 430
395 576
396 579
397 702
398 825
399 886
400 1054
401 1203
402 1421
403 1532
404 1833
405 1924
406 2239
407 2407
408 2789
409 3089
410 3446
411 3765
412 4313
413 4540
414 5036
415 5477
416 6064
417 6751
418 7449
419 7988
420 8816
421 9544
422 10262
423 11164
424 12193
425 13067
426 14187
427 15028
428 16351
429 17166
430 18542
431 19827
432 21078
433 22023
434 23737
435 24897
436 26390
437 27469
438 28704
439 30302
440 31422
441 32987
442 34547
443 35954
444 37177
445 38833
446 39753
447 41528
448 42655
449 43740
450 44711
451 45950
452 47071
453 47754
454 49283
455 50606
456 52230
457 52550
458 53720
459 54320
460 54878
461 56802
462 57491
463 58413
464 59102
465 60226
466 60837
467 61448
468 62702
469 62888
470 63524
471 64963
472 65343
473 66677
474 67101
475 68066
476 68326
477 68787
478 69520
479 69807
480 71079
481 70975
482 71363
483 71804
484 72152
485 72272
486 72734
487 72541
488 72422
489 72776
490 72237
491 72237
492 72204
493 72579
494 71732
495 71453
496 71227
497 71301
498 70231
499 69819
500 69114
501 68606
502 68113
503 66603
504 65200
505 64520
506 63070
507 61815
508 60709
509 58716
510 57426
511 55340
512 54183
513 52483
514 50245
515 48862
516 47402
517 45294
518 42854
519 41590
520 39548
521 37600
522 35729
523 34083
524 32558
525 30635
526 28762
527 27276
528 25867
529 24458
530 22749
531 21520
532 19952
533 18608
534 17505
535 15966
536 14722
537 13742
538 12833
539 11722
540 10799
541 9858
542 9089
543 8238
544 7677
545 6928
546 6169
547 5804
548 5105
549 4652
550 4384
551 3794
552 3470
553 3063
554 2801
555 2546
556 2282
557 2065
558 1855
559 1668
560 1485
561 1277
562 1099
563 957
564 865
565 805
566 692
567 602
568 578
569 482
570 416
571 375
572 351
573 320
574 257
575 248
576 226
577 201
578 132
579 127
580 118
581 113
582 118
583 104
584 99
585 80
586 84
587 73
588 67
589 51
590 43
591 60
592 59
593 35
594 41
595 36
596 33
597 26
598 35
599 42
600 34
601 32
602 36
603 35
604 20
605 23
606 27
607 36
608 31
609 40
610 27
611 24
612 42
613 32
614 36
615 35
616 41
617 27
618 30
619 40
620 32
621 26
622 37
623 28
624 32
625 22
626 22
627 28
628 21
629 14
630 26
631 20
632 21
633 17
634 24
635 18
636 21
637 15
638 20
639 18
640 22
641 19
642 36
643 22
644 17
645 21
646 28
647 22
648 18
649 31
650 35
651 32
652 34
653 30
654 38
655 35
656 42
657 31
658 34
659 33
660 35
661 38
662 45
663 34
664 26
665 41
666 40
667 34
668 21
669 29
670 30
671 30
672 33
673 32
674 25
675 33
676 32
677 18
678 21
679 30
680 23
681 38
682 34
683 32
684 27
685 31
686 24
687 19
688 22
689 20
690 18
691 21
692 20
693 20
694 26
695 12
696 27
697 24
698 16
699 14
700 14
701 24
702 16
703 17
704 23
705 14
706 21
707 14
708 22
709 18
710 14
711 14
712 17
713 15
714 11
715 13
716 15
717 10
718 9
719 7
720 17
721 9
722 10
723 13
724 12
725 6
726 11
727 14
728 13
729 15
730 8
731 8
732 12
733 15
734 15
735 8
736 9
737 10
738 8
739 11
740 10
741 5
742 6
743 4
744 10
745 8
746 8
747 8
748 10
749 11
750 6
751 5
752 11
753 9
754 8
755 10
756 10
757 15
758 16
759 11
760 13
761 14
762 14
763 5
764 3
765 6
766 9
767 6
768 11
769 4
770 5
771 6
772 7
773 8
774 6
775 4
776 11
777 7
778 8
779 9
780 11
781 8
782 3
783 11
784 5
785 8
786 4
787 10
788 10
789 9
790 4
791 6
792 8
793 1
794 6
795 7
796 6
798 2
799 5
800 3
801 2
802 5
803 9
804 4
805 2
807 4
808 3
809 2
810 4
811 1
813 1
814 5
815 4
817 2
818 8
819 4
820 4
821 4
822 2
823 2
824 4
825 2
826 4
827 6
828 3
829 2
830 6
831 4
832 5
833 9
834 8
835 7
836 3
837 9
838 7
839 9
840 9
841 11
842 12
843 17
844 17
845 18
846 22
847 16
848 22
849 23
850 18
851 24
852 24
853 36
854 26
855 38
856 35
857 42
858 38
859 32
860 48
861 62
862 52
863 59
864 75
865 64
866 80
867 84
868 92
869 74
870 92
871 83
872 87
873 92
874 97
875 109
876 102
877 111
878 113
879 122
880 137
881 106
882 141
883 124
884 137
885 139
886 146
887 115
888 161
889 142
890 150
891 174
892 166
893 175
894 173
895 166
896 200
897 205
898 201
899 193
900 235
901 198
902 192
903 197
904 192
905 241
906 226
907 215
908 190
909 205
910 201
911 209
912 220
913 230
914 206
915 210
916 238
917 189
918 209
919 252
920 198
921 215
922 203
923 224
924 202
925 179
926 188
927 201
928 182
929 197
930 188
931 207
932 182
933 180
934 186
935 186
936 171
937 191
938 160
939 180
940 168
941 152
942 141
943 152
944 179
945 160
946 147
947 143
948 149
949 126
950 162
951 154
952 148
953 180
954 160
955 158
956 165
957 150
958 122
959 168
960 164
961 175
962 160
963 182
964 187
965 187
966 179
967 200
968 189
969 194
970 189
971 213
972 205
973 207
974 193
975 211
976 209
977 245
978 225
979 234
980 236
981 224
982 255
983 244
984 216
985 232
986 235
987 234
988 240
989 261
990 225
991 239
992 238
993 228
994 234
995 259
996 222
997 224
998 216
999 224
1000 225
1001 188
1002 223
1003 222
1004 225
1005 191
1006 181
1007 185
1008 211
1009 183
1010 220
1011 172
1012 198
1013 178
1014 187
1015 187
1016 182
1017 177
1018 174
1019 183
1020 165
1021 150
1022 145
1023 132
1024 150
1025 166
1026 164
1027 148
1028 135
1029 141
1030 148
1031 130
1032 105
1033 113
1034 109
1035 101
1036 114
1037 93
1038 77
1039 84
1040 77
1041 80
1042 77
1043 78
1044 69
1045 64
1046 63
1047 54
1048 61
1049 61
1050 82
1051 57
1052 56
1053 51
1054 55
1055 49
1056 57
1057 60
1058 57
1059 42
1060 33
1061 27
1062 35
1063 26
1064 27
1065 23
1066 28
1067 25
1068 27
1069 27
1070 23
1071 15
1072 18
1073 12
1074 14
1075 15
1076 15
1077 21
1078 14
1079 18
1080 13
1081 15
1082 10
1083 15
1084 14
1085 8
1086 17
1087 10
1088 7
1089 10
1090 10
1091 9
1092 11
1093 6
1094 13
1095 6
1096 21
1097 15
1098 15
1099 14
1100 16
1101 13
1102 10
1103 15
1104 9
1105 16
1106 15
1107 9
1108 9
1109 7
1110 8
1111 5
1112 8
1113 9
1114 10
1115 9
1116 11
1117 8
1118 9
1119 6
1120 6
1121 4
1122 7
1123 12
1124 5
1125 11
1126 5
1127 2
1128 12
1129 5
1130 5
1131 4
1132 8
1133 7
1134 3
1135 4
1136 4
1137 3
1138 4
1139 4
1140 10
1141 5
1142 6
1143 7
1144 2
1145 7
1146 7
1147 17
1148 6
1149 8
1150 5
1151 9
1152 9
1153 6
1154 6
1155 12
1156 11
1157 6
1158 10
1159 7
1160 10
1161 8
1162 20
1163 9
1164 12
1165 9
1166 14
1167 14
1168 11
1169 9
1170 9
1171 7
1172 7
1173 7
1174 9
1175 16
1176 12
1177 6
1178 6
1179 9
1180 12
1181 11
1182 7
1183 11
1184 6
1185 5
1186 7
1187 7
1188 8
1189 2
1190 4
1191 3
1192 3
1193 7
1194 4
1195 3
1196 5
1197 4
1198 6
1199 2
1200 6
1202 4
1203 12
1204 5
1205 13
1206 7
1207 8
1208 5
1209 3
1210 1
1211 1
1212 3
1213 8
1214 2
1215 6
1216 3
1217 7
1218 2
1219 6
1220 4
1221 1
1222 2
1224 10
1225 4
1226 3
1227 1
1228 2
1229 2
1230 2
1232 3
1233 3
1234 2
1235 2
1236 2
1237 3
1238 3
1239 3
1240 3
1241 4
1242 3
1243 3
1244 10
1245 6
1246 6
1247 7
1248 6
1249 4
1250 9
1251 8
1252 4
1253 4
1254 4
1255 5
1256 11
1257 7
1258 8
1259 9
1260 4
1261 10
1262 4
1263 3
1264 7
1265 5
1266 11
1267 9
1268 9
1269 9
1270 16
1271 11
1272 10
1273 18
1274 9
1275 11
1276 11
1277 11
1278 17
1279 13
1280 10
1281 12
1282 8
1283 15
1284 19
1285 10
1286 8
1287 9
1288 15
1289 9
1290 6
1291 12
1292 8
1293 18
1294 17
1295 13
1296 12
1297 23
1298 25
1299 18
1300 25
1301 11
1302 22
1303 17
1304 20
1305 29
1306 28
1307 32
1308 32
1309 29
1310 39
1311 26
1312 34
1313 37
1314 36
1315 35
1316 34
1317 38
1318 30
1319 53
1320 41
1321 45
1322 42
1323 47
1324 45
1325 48
1326 49
1327 47
1328 50
1329 45
1330 55
1331 60
1332 69
1333 72
1334 77
1335 59
1336 60
1337 85
1338 78
1339 81
1340 88
1341 92
1342 97
1343 81
1344 107
1345 89
1346 99
1347 93
1348 99
1349 100
1350 106
1351 101
1352 105
1353 95
1354 104
1355 114
1356 115
1357 110
1358 106
1359 134
1360 113
1361 122
1362 131
1363 108
1364 109
1365 117
1366 110
1367 109
1368 102
1369 109
1370 120
1371 126
1372 121
1373 107
1374 112
1375 125
1376 95
1377 89
1378 113
1379 124
1380 105
1381 100
1382 107
1383 110
1384 111
1385 106
1386 93
1387 95
1388 97
1389 120
1390 97
1391 106
1392 92
1393 87
1394 87
1395 114
1396 95
1397 82
1398 98
1399 80
1400 112
1401 97
1402 73
1403 93
1404 78
1405 81
1406 89
1407 75
1408 65
1409 70
1410 74
1411 61
1412 68
1413 56
1414 63
1415 58
1416 49
1417 46
1418 58
1419 63
1420 58
1421 40
1422 66
1423 48
1424 34
1425 43
1426 44
1427 42
1428 42
1429 42
1430 29
1431 40
1432 44
1433 39
1434 32
1435 27
1436 32
1437 21
1438 27
1439 32
1440 26
1441 22
1442 30
1443 28
1444 27
1445 30
1446 22
1447 22
1448 17
1449 24
1450 20
1451 26
1452 17
1453 21
1454 23
1455 29
1456 22
1457 18
1458 22
1459 23
1460 26
1461 32
1462 19
1463 7
1464 22
1465 20
1466 14
1467 20
1468 16
1469 16
1470 23
1471 19
1472 16
1473 11
1474 14
1475 17
1476 16
1477 24
1478 17
1479 10
1480 18
1481 11
1482 15
1483 19
1484 12
1485 14
1486 21
1487 16
1488 17
1489 24
1490 14
1491 17
1492 13
1493 9
1494 13
1495 12
1496 8
1497 17
1498 20
1499 13
1500 20
1501 14
1502 14
1503 14
1504 15
1505 16
1506 29
1507 21
1508 16
1509 20
1510 20
1511 10
1512 13
1513 6
1514 17
1515 19
1516 12
1517 10
1518 14
1519 7
1520 16
1521 12
1522 14
1523 11
1524 8
1525 16
1526 14
1527 19
1528 13
1529 11
1530 15
1531 15
1532 15
1533 12
1534 10
1535 13
1536 13
1537 10
1538 12
1539 14
1540 17
1541 16
1542 19
1543 14
1544 9
1545 14
1546 12
1547 13
1548 8
1549 13
1550 12
1551 6
1552 13
1553 8
1554 5
1555 10
1556 8
1557 7
1558 7
1559 13
1560 12
1561 6
1562 14
1563 14
1564 8
1565 6
1566 11
1567 11
1568 8
1569 6
1570 8
1571 11
1572 5
1573 11
1574 8
1575 8
1576 4
1577 7
1578 7
1579 8
1580 9
1581 7
1582 9
1583 12
1584 8
1585 9
1586 8
1587 9
1588 7
1589 6
1590 3
1591 7
1592 11
1593 8
1594 7
1595 12
1596 5
1597 7
1598 6
1599 17
1600 14
1601 11
1602 12
1603 16
1604 8
1605 14
1606 12
1607 8
1608 9
1609 4
1610 4
1611 4
1612 13
1613 8
1614 8
1615 5
1616 8
1617 3
1618 2
1619 7
1620 2
1621 3
1622 5
1623 5
1624 4
1625 4
1626 8
1627 5
1628 3
1629 3
1630 4
1631 6
1632 12
1633 4
1634 4
1635 4
1636 5
1637 2
1638 5
1639 2
1640 4
1641 1
1642 1
1643 3
1644 11
1645 2
1646 3
1647 4
1648 6
1649 4
1650 3
1651 1
1652 4
1653 1
1654 2
1655 6
1656 4
1657 4
1658 1
1659 2
1660 3
1661 1
1662 2
1663 1
1665 1
1666 2
1668 2
1669 2
1670 3
1671 4
1672 7
1673 1
1674 4
1675 3
1676 3
1677 1
1678 2
1679 2
1680 3
1681 1
1682 1
1683 2
1684 2
1685 1
1686 1
1687 1
1688 1
1689 1
1690 4
1691 2
1692 3
1693 1
1694 3
1695 2
1696 5
1697 3
1698 1
1699 2
1700 2
1701 2
1704 3
1705 1
1706 2
1707 1
1708 1
1710 1
1712 1
1713 1
1716 1
1717 1
1719 1
1722 1
1723 2
1726 1
1727 2
1728 1
1730 2
1731 2
1732 3
1733 1
1734 4
1735 1
1736 1
1737 1
1738 1
1739 6
1740 3
1741 3
1742 4
1743 2
1744 3
1745 3
1746 4
1747 4
1748 4
1749 1
1750 2
1751 3
1752 3
1754 2
1755 6
1756 4
1757 5
1758 2
1759 3
1760 1
1761 5
1762 4
1763 5
1764 5
1765 4
1766 2
1767 7
1768 5
1769 5
1770 11
1771 6
1772 11
1773 9
1774 11
1775 11
1776 9
1777 8
1778 15
1779 10
1780 10
1781 11
1782 12
1783 18
1784 14
1785 19
1786 10
1787 10
1788 19
1789 18
1790 16
1791 22
1792 24
1793 13
1794 32
1795 13
1796 26
1797 32
1798 21
1799 29
1800 40
1801 29
1802 23
1803 26
1804 29
1805 26
1806 33
1807 34
1808 17
1809 25
1810 29
1811 37
1812 46
1813 43
1814 33
1815 32
1816 39
1817 33
1818 27
1819 30
1820 38
1821 43
1822 28
1823 34
1824 30
1825 28
1826 33
1827 40
1828 25
1829 29
1830 34
1831 33
1832 33
1833 37
1834 41
1835 50
1836 25
1837 39
1838 28
1839 30
1840 37
1841 31
1842 38
1843 45
1844 23
1845 28
1846 39
1847 26
1848 30
1849 27
1850 37
1851 22
1852 27
1853 30
1854 29
1855 38
1856 12
1857 25
1858 19
1859 18
1860 24
1861 31
1862 16
1863 19
1864 16
1865 14
1866 19
1867 15
1868 16
1869 19
1870 23
1871 12
1872 15
1873 14
1874 17
1875 16
1876 18
1877 16
1878 17
1879 17
1880 17
1881 14
1882 24
1883 17
1884 18
1885 17
1886 21
1887 26
1888 21
1889 18
1890 19
1891 21
1892 17
1893 19
1894 12
1895 18
1896 10
1897 11
1898 21
1899 11
1900 18
1901 11
1902 19
1903 15
1904 17
1905 18
1906 18
1907 12
1908 14
1909 17
1910 7
1911 20
1912 13
1913 15
1914 14
1915 11
1916 15
1917 16
1918 10
1919 16
1920 17
1921 17
1922 14
1923 21
1924 21
1925 23
1926 16
1927 13
1928 29
1929 20
1930 18
1931 32
1932 22
1933 23
1934 22
1935 22
1936 18
1937 24
1938 33
1939 27
1940 29
1941 18
1942 24
1943 17
1944 19
1945 23
1946 25
1947 17
1948 20
1949 24
1950 20
1951 19
1952 38
1953 25
1954 32
1955 36
1956 28
1957 27
1958 26
1959 29
1960 30
1961 29
1962 27
1963 28
1964 31
1965 26
1966 25
1967 26
1968 24
1969 27
1970 32
1971 26
1972 20
1973 24
1974 20
1975 25
1976 29
1977 24
1978 21
1979 25
1980 25
1981 27
1982 34
1983 27
1984 36
1985 30
1986 21
1987 25
1988 31
1989 31
1990 28
1991 31
1992 20
1993 36
1994 27
1995 16
1996 31
1997 31
1998 29
1999 15
2000 16
2001 22
2002 30
2003 23
2004 11
2005 22
2006 26
2007 16
2008 21
2009 20
2010 28
2011 18
2012 22
2013 26
2014 26
2015 25
2016 17
2017 23
2018 17
2019 21
2020 16
2021 15
2022 14
2023 21
2024 18
2025 17
2026 14
2027 13
2028 12
2029 14
2030 11
2031 15
2032 9
2033 15
2034 11
2035 12
2036 8
2037 10
2038 7
2039 8
2040 15
2041 7
2042 5
2043 10
2044 5
2045 8
2046 5
2047 10
2048 3
2049 5
2050 3
2051 4
2052 3
2053 7
2054 3
2055 6
2056 8
2057 8
2058 5
2059 3
2060 7
2061 2
2062 1
2063 4
2064 2
2066 5
2067 2
2068 1
2069 2
2070 3
2071 1
2073 1
2075 2
2076 1
2077 1
2078 1
2081 1
2082 1
2083 1
2084 1
2085 1
2087 1
2088 3
2089 1
2090 1
2093 1
2094 1
2095 1
2096 2
2097 1
2098 3
2099 5
2100 1
2102 2
2103 1
2104 1
2105 3
2106 1
2109 1
2110 3
2111 2
2112 3
2113 4
2115 2
2116 2
2117 1
2118 4
2121 1
2123 1
2124 1
2126 1
2127 1
2132 1
2177 1
2178 1
2182 1
2184 2
2185 1
2188 2
2189 1
2191 3
2192 2
2193 1
2194 1
2196 1
2197 1
2198 2
2199 4
2200 2
2201 3
2202 1
2203 4
2204 6
2205 1
2206 6
2207 2
2208 8
2209 5
2210 6
2211 1
2212 4
2213 4
2214 5
2215 4
2216 6
2217 6
2218 6
2219 4
2220 6
2221 3
2222 6
2223 3
2224 3
2225 4
2226 4
2227 6
2228 3
2229 4
2230 2
2231 3
2232 5
2233 4
2234 4
2235 3
2236 3
2237 2
2238 5
2239 3
2240 6
2241 4
2242 5
2243 4
2244 3
2245 10
2246 8
2247 7
2248 9
2249 12
2250 10
2251 6
2252 15
2253 11
2254 8
2255 13
2256 15
2257 14
2258 16
2259 14
2260 20
2261 21
2262 24
2263 17
2264 13
2265 19
2266 22
2267 24
2268 18
2269 15
2270 14
2271 20
2272 20
2273 11
2274 20
2275 17
2276 22
2277 20
2278 24
2279 22
2280 19
2281 21
2282 18
2283 21
2284 19
2285 26
2286 25
2287 14
2288 25
2289 17
2290 19
2291 17
2292 19
2293 11
2294 20
2295 32
2296 19
2297 19
2298 20
2299 18
2300 16
2301 22
2302 24
2303 27
2304 21
2305 23
2306 20
2307 25
2308 22
2309 22
2310 17
2311 13
2312 16
2313 17
2314 22
2315 12
2316 25
2317 14
2318 22
2319 18
2320 30
2321 17
2322 23
2323 16
2324 24
2325 14
2326 22
2327 13
2328 16
2329 14
2330 14
2331 12
2332 17
2333 18
2334 14
2335 9
2336 16
2337 7
2338 8
2339 11
2340 12
2341 9
2342 9
2343 10
2344 13
2345 8
2346 9
2347 17
2348 9
2349 13
2350 10
2351 8
2352 7
2353 15
2354 5
2355 8
2356 11
2357 11
2358 11
2359 11
2360 14
2361 10
2362 4
2363 9
2364 5
2365 12
2366 10
2367 4
2368 6
2369 9
2370 8
2371 6
2372 8
2373 6
2374 8
2375 13
2376 2
2377 3
2378 5
2379 5
2380 7
2381 4
2382 6
2383 7
2384 2
2385 7
2386 6
2387 6
2388 6
2389 4
2390 4
2391 3
2392 7
2393 3
2394 3
2395 5
2396 5
2397 4
2398 1
2399 3
2400 2
2401 3
2402 4
2403 1
2404 4
2405 4
2406 4
2407 4
2408 3
2409 4
2410 2
2411 2
2412 1
2413 3
2414 3
2415 2
2416 1
2417 4
2418 1
2419 5
2420 1
2421 1
2422 5
2423 4
2425 3
2427 1
2428 3
2429 9
2430 4
2431 6
2432 1
2433 8
2434 5
2435 3
2436 1
2437 2
2438 4
2439 10
2440 5
2441 4
2442 5
2443 6
2444 8
2445 5
2446 6
2447 7
2448 3
2449 5
2450 2
2451 4
2452 5
2453 8
2454 6
2455 3
2456 7
2457 7
2458 9
2459 11
2460 8
2461 8
2462 5
2463 9
2464 5
2465 6
2466 7
2467 11
2468 17
2469 15
2470 11
2471 7
2472 10
2473 8
2474 13
2475 10
2476 9
2477 5
2478 13
2479 5
2480 14
2481 9
2482 8
2483 13
2484 9
2485 14
2486 15
2487 7
2488 10
2489 7
2490 6
2491 14
2492 19
2493 11
2494 7
2495 5
2496 15
2497 12
2498 15
2499 16
2500 17
2501 13
2502 13
2503 18
2504 14
2505 9
2506 14
2507 8
2508 13
2509 6
2510 13
2511 13
2512 13
2513 19
2514 11
2515 14
2516 8
2517 16
2518 12
2519 12
2520 9
2521 17
2522 10
2523 13
2524 10
2525 14
2526 11
2527 8
2528 6
2529 10
2530 7
2531 12
2532 19
2533 15
2534 10
2535 9
2536 14
2537 13
2538 9
2539 10
2540 10
2541 13
2542 7
2543 8
2544 11
2545 4
2546 10
2547 10
2548 8
2549 6
2550 10
2551 3
2552 12
2553 6
2554 4
2555 8
2556 6
2557 2
2558 1
2559 6
2560 3
2561 3
2562 6
2563 6
2564 1
2565 5
2566 4
2567 3
2568 4
2569 3
2571 4
2572 2
2573 1
2574 3
2576 2
2578 1
2579 2
2582 1
2584 1
2588 3
2589 1
2590 3
2591 1
2592 3
2594 3
2595 4
2597 2
2599 1
2600 1
2602 1
2604 1
2605 2
2609 1
2611 2
2613 1
2614 1
2615 1
2616 1
2618 2
2619 2
2620 2
2623 1
2624 3
2627 2
2628 1
2629 1
2630 1
2631 2
2632 3
2633 1
2635 2
2637 1
2638 2
2639 3
2640 2
2641 1
2642 2
2643 4
2644 4
2646 1
2647 2
2648 2
2649 3
2650 8
2651 2
2652 2
2653 1
2654 2
2655 2
2656 7
2657 6
2658 7
2659 5
2660 5
2661 2
2662 4
2663 6
2664 4
2665 2
2666 4
2667 4
2668 4
2669 4
2670 5
2671 8
2672 9
2673 10
2674 11
2675 9
2676 9
2677 9
2678 14
2679 12
2680 11
2681 11
2682 9
2683 12
2684 11
2685 14
2686 14
2687 22
2688 10
2689 15
2690 23
2691 15
2692 19
2693 18
2694 15
2695 24
2696 21
2697 23
2698 19
2699 21
2700 21
2701 24
2702 18
2703 15
2704 28
2705 20
2706 23
2707 17
2708 25
2709 29
2710 22
2711 17
2712 11
2713 17
2714 26
2715 20
2716 18
2717 21
2718 18
2719 22
2720 25
2721 13
2722 14
2723 20
2724 18
2725 12
2726 18
2727 12
2728 15
2729 10
2730 13
2731 9
2732 12
2733 16
2734 14
2735 11
2736 19
2737 14
2738 9
2739 16
2740 15
2741 11
2742 17
2743 17
2744 8
2745 19
2746 10
2747 16
2748 17
2749 13
2750 14
2751 11
2752 23
2753 8
2754 18
2755 10
2756 18
2757 14
2758 11
2759 16
2760 14
2761 17
2762 7
2763 11
2764 18
2765 7
2766 12
2767 11
2768 4
2769 9
2770 12
2771 7
2772 9
2773 5
2774 11
2775 8
2776 8
2777 13
2778 8
2779 4
2780 14
2781 10
2782 9
2783 13
2784 7
2785 11
2786 11
2787 10
2788 6
2789 16
2790 10
2791 5
2792 11
2793 11
2794 13
2795 7
2796 5
2797 10
2798 7
2799 7
2800 11
2801 8
2802 2
2803 6
2804 10
2805 17
2806 5
2807 7
2808 3
2809 9
2810 6
2811 11
2812 9
2813 4
2814 8
2815 9
2816 8
2817 13
2818 2
2819 6
2820 7
2821 4
2822 7
2823 5
2824 6
2825 3
2826 5
2827 4
2828 4
2829 3
2830 3
2832 3
2833 2
2834 3
2835 4
2836 5
2837 2
2838 2
2839 2
2842 2
2843 3
2844 2
2845 2
2846 2
2847 1
2848 1
2850 1
2851 1
2853 2
2854 1
2855 2
2856 1
2857 1
2858 1
2859 2
2860 6
2861 3
2862 4
2863 2
2864 1
2865 4
2866 2
2867 1
2869 2
2870 3
2871 2
2876 3
2877 2
2878 1
2880 2
2881 1
2882 1
2883 3
2884 2
2885 1
2886 2
2891 4
2892 2
2894 1
2895 3
2897 1
2899 1
2901 2
2907 1
2908 2
2909 1
2911 1
2912 1
2913 2
2914 1
2916 1
2917 1
2920 1
2924 1
2928 1
2933 1
2934 2
2936 1
2938 1
2940 1
2941 1
2942 1
2943 2
2944 2
2945 1
2947 2
2948 1
2951 1
2953 2
2954 2
2955 2
2956 2
2957 2
2958 1
2959 1
2960 1
2961 2
2962 1
2963 2
2964 1
2965 2
2966 1
2967 2
2968 4
2969 4
2970 1
2971 1
2972 3
2974 2
2976 2
2977 1
2979 2
2980 1
2981 2
2982 5
2983 1
2984 3
2985 3
2986 4
2987 3
2988 1
2989 5
2990 1
2991 3
2992 1
2994 5
2995 3
2997 6
2998 3
2999 2
3001 2
3002 1
3003 2
3004 1
3005 3
3006 2
3007 1
3009 4
3010 5
3012 2
3013 1
3014 3
3015 1
3016 2
3017 5
3018 4
3019 3
3020 3
3021 1
3022 4
3023 2
3024 2
3025 4
3026 1
3027 2
3028 7
3029 3
3030 6
3031 2
3032 2
3033 1
3035 3
3036 3
3037 2
3038 1
3039 2
3040 6
3041 5
3042 3
3043 1
3044 1
3045 2
3046 3
3047 3
3048 4
3049 5
3050 2
3051 1
3053 2
3054 3
3055 4
3056 2
3057 2
3058 2
3059 5
3060 3
3062 2
3063 2
3064 1
3065 3
3066 1
3069 2
3070 3
3077 1
3080 1
3081 1
3084 1
3090 1
3097 1
3098 1
3103 1
3110 1
3112 1
3113 2
3117 1
3119 2
3120 1
3121 1
3122 1
3123 2
3124 1
3125 1
3126 2
3127 1
3128 2
3129 3
3130 2
3131 1
3132 1
3134 2
3135 4
3136 1
3137 1
3138 1
3139 2
3140 2
3142 3
3143 3
3144 1
3145 3
3148 3
3149 1
3150 1
3151 2
3152 1
3153 1
3154 1
3155 1
3156 3
3157 5
3158 3
3160 2
3161 4
3162 8
3163 2
3164 2
3165 2
3166 3
3167 2
3168 4
3169 4
3172 2
3173 2
3174 3
3175 2
3176 1
3177 4
3178 3
3179 2
3180 3
3181 3
3182 1
3184 1
3185 1
3189 4
3190 2
3191 3
3192 4
3193 2
3194 2
3195 4
3196 1
3197 2
3199 1
3201 3
3202 4
3203 5
3204 1
3205 3
3206 2
3207 2
3209 1
3211 2
3212 5
3213 5
3214 1
3215 1
3216 2
3217 4
3218 3
3219 1
3221 2
3222 4
3223 2
3224 2
3225 1
3226 2
3228 2
3229 1
3230 3
3231 1
3232 2
3233 1
3234 1
3235 2
3236 1
3238 1
3239 1
3240 1
3241 1
3242 1
3245 1
3246 1
3248 1
3250 1
3251 1
3253 1
3254 1
3255 1
3256 1
3257 1
3258 1
3261 3
3262 2
3263 1
3265 1
3267 2
3269 2
3270 1
3271 1
3278 2
3279 4
3280 4
3281 1
3282 2
3283 1
3285 1
3287 1
3288 2
3289 1
3290 1
3291 1
3294 1
3296 1
3298 2
3302 2
3303 2
3306 1
3308 1
3313 1
3315 1
3321 1
3322 1
3323 1
3326 2
3339 1
3353 1
3360 1
3392 1
3405 1
3409 1
3411 1
3415 1
3438 1
3440 1
3464 1
3471 1
3479 1
3486 1
3506 1
3522 1
3526 1
3531 1
3566 1
3570 1
3574 1
3581 1
3584 2
3585 2
3587 2
3589 1
3593 1
3595 1
3600 2
3602 1
3603 1
3605 1
3606 2
3608 1
3609 2
3610 1
3612 1
3613 2
3616 2
3617 1
3618 1
3619 3
3620 1
3621 1
3622 2
3626 1
3631 1
3635 2
3636 2
3637 4
3638 1
3639 6
3640 2
3642 1
3643 2
3644 1
3647 1
3648 3
3649 1
3650 2
3652 2
3654 1
3655 3
3656 3
3657 3
3658 2
3660 3
3661 2
3662 1
3663 1
3665 1
3666 1
3667 1
3668 2
3669 1
3670 1
3673 1
3675 1
3676 2
3677 1
3683 1
3684 2
3686 2
3687 1
3688 2
3689 1
3691 1
3692 1
3693 2
3697 1
3698 2
3699 5
3700 3
3701 2
3702 4
3703 1
3704 3
3706 4
3707 2
3708 2
3710 1
3712 1
3713 2
3714 2
3715 2
3716 2
3718 1
3719 1
3720 1
3721 1
3722 2
3725 1
3726 2
3728 2
3730 1
3731 1
3733 3
3734 1
3735 2
3736 1
3738 1
3740 1
3742 3
3747 2
3748 3
3749 1
3750 1
3751 3
3752 3
3753 2
3754 1
3755 1
3756 1
3758 2
3759 1
3765 2
3769 1
3770 2
3772 1
3773 2
3774 2
3775 1
3777 1
3779 1
3780 2
3782 1
3783 2
3784 1
3785 1
3793 1
3794 1
3796 1
3799 2
3800 1
3802 1
3806 2
3807 2
3808 1
3817 2
3818 3
3822 1
3824 1
3825 2
3828 1
3829 1
3838 1
3839 2
3840 1
3842 1
3870 1
3899 1
3900 2
3902 1
3903 2
3904 2
3906 1
3908 1
3909 1
3910 2
3912 2
3913 1
3915 1
3918 1
3919 2
3932 1
3940 2
3943 1
3946 1
3953 1
3954 1
3958 1
3969 1
3970 1
3975 1
3982 1
3985 1
3986 1
3989 1
3991 1
3992 2
3994 1
3997 1
3998 2
3999 2
4000 1
4001 3
4003 2
4006 2
4010 1
4012 1
4018 4
4022 2
4023 4
4029 1
4030 1
4031 1
4032 1
4035 1
4044 1
4048 1
4052 1
4054 1
4056 2
4057 1
4059 1
4064 2
4066 1
4068 1
4069 2
4070 1
4071 1
4072 1
4074 1
4076 1
4078 1
4079 1
4081 1
4082 3
4084 2
4085 1
4088 1
4089 1
4090 1
4091 2
4095 2
4096 1
4098 1
4100 1
4101 2
4102 1
4103 1
4104 1
4105 2
4106 1
4107 3
4109 1
4112 1
4113 4
4114 4
4115 5
4116 2
4118 3
4119 4
4120 2
4121 1
4122 2
4123 1
4124 2
4125 1
4126 2
4127 3
4128 1
4130 1
4131 2
4132 1
4133 1
4134 1
4135 1
4137 1
4139 2
4141 1
4142 1
4145 2
4146 1
4148 2
4149 1
4150 1
4152 1
4153 2
4155 1
4156 3
4161 1
4164 1
4167 1
4168 1
4172 1
4173 1
4175 2
4176 1
4185 1
4186 1
4187 1
4192 1
4200 2
4206 1
4216 1
4217 1
4218 1
4222 1
4225 2
4227 1
4237 1
4238 1
4241 1
4243 1
4287 1
4309 1
4365 1
4402 1
4418 1
4433 2
4435 1
4457 1
4458 1
4463 2
4464 1
4465 1
4466 1
4468 1
4470 1
4472 3
4474 2
4475 1
4476 1
4479 2
4480 2
4483 1
4484 1
4486 1
4490 1
4493 2
4495 1
4498 2
4499 1
4501 2
4502 2
4503 1
4504 2
4506 2
4508 1
4510 3
4513 1
4514 6
4515 3
4516 3
4517 3
4519 4
4520 2
4522 3
4523 1
4524 2
4525 3
4526 2
4527 1
4529 1
4530 1
4531 1
4532 2
4533 1
4534 2
4536 2
4537 4
4538 1
4539 2
4540 2
4542 4
4543 2
4544 1
4545 2
4548 2
4549 1
4551 1
4554 5
4556 1
4558 1
4559 2
4560 1
4561 2
4562 2
4563 3
4564 6
4565 3
4566 5
4567 2
4568 2
4569 1
4570 1
4571 5
4573 2
4576 2
4578 1
4579 1
4580 2
4581 2
4582 1
4583 2
4584 1
4586 4
4588 2
4589 2
4590 1
4591 2
4592 1
4593 2
4594 4
4596 2
4597 1
4598 2
4600 1
4601 1
4602 3
4603 1
4604 1
4605 1
4606 1
4607 2
4608 1
4609 2
4610 1
4611 2
4612 1
4613 2
4615 4
4616 1
4617 2
4618 1
4619 5
4621 2
4622 2
4623 3
4624 1
4625 1
4626 1
4627 2
4628 1
4629 2
4630 1
4631 1
4632 3
4633 1
4635 3
4637 2
4638 3
4639 1
4640 1
4641 1
4642 1
4644 2
4649 1
4653 1
4657 1
4662 1
4663 2
4667 2
4671 1
4675 1
4676 1
4677 3
4678 3
4679 3
4680 1
4681 1
4682 1
4683 1
4684 2
4685 2
4687 1
4688 1
4691 1
4692 1
4693 2
4699 1
4700 1
4706 1
4766 1
4776 1
4838 1
4857 1
4861 1
4864 1
4867 1
4869 1
4871 2
4873 2
4875 1
4876 1
4878 1
4879 1
4884 1
4886 2
4889 1
4892 2
4894 1
4895 1
4896 1
4901 2
4902 1
4903 1
4904 1
4905 1
4909 2
4910 2
4911 2
4912 2
4915 1
4916 1
4917 1
4918 2
4920 1
4921 2
4922 1
4923 1
4924 1
4927 2
4929 2
4933 1
4934 2
4936 2
4938 3
4939 2
4940 1
4941 2
4942 1
4943 3
4946 2
4947 4
4949 6
4950 3
4951 3
4952 4
4953 4
4954 1
4955 6
4956 2
4957 4
4958 2
4959 5
4960 2
4961 2
4962 2
4963 5
4964 3
4965 4
4966 6
4967 6
4968 2
4969 4
4970 2
4971 5
4972 3
4973 5
4974 2
4975 2
4976 2
4977 3
4978 2
4979 4
4980 6
4981 2
4982 1
4984 1
4985 4
4986 2
4987 3
4988 2
4989 2
4990 1
4991 4
4993 1
4994 1
4995 6
4997 1
4998 3
4999 1
5000 1
5001 1
5002 2
5004 2
5005 1
5007 3
5008 1
5009 3
5011 3
5012 1
5014 1
5015 1
5016 2
5017 1
5018 2
5019 2
5020 2
5021 3
5022 2
5023 3
5024 3
5025 2
5026 3
5027 2
5028 3
5029 1
5030 1
5031 3
5032 5
5033 1
5034 3
5035 2
5036 2
5037 3
5038 1
5039 1
5040 4
5041 1
5042 5
5043 5
5044 4
5045 1
5046 2
5047 1
5048 3
5049 1
5050 2
5051 1
5052 4
5053 1
5054 1
5055 1
5057 3
5058 2
5059 2
5060 1
5062 4
5063 3
5064 2
5066 1
5067 3
5068 5
5069 2
5071 1
5072 2
5073 5
5074 1
5075 3
5076 3
5078 4
5079 1
5080 3
5081 5
5082 5
5083 3
5084 4
5085 2
5086 4
5087 4
5088 1
5089 3
5090 2
5091 1
5092 1
5093 1
5094 1
5095 2
5096 2
5098 1
5099 1
5100 2
5102 2
5103 2
5104 3
5105 1
5106 1
5107 1
5108 2
5109 4
5111 4
5112 4
5113 1
5114 1
5115 1
5117 2
5118 1
5119 1
5120 1
5122 2
5123 1
5124 1
5125 1
5126 1
5128 2
5129 1
5130 2
5131 1
5133 1
5134 1
5135 2
5136 2
5137 2
5140 1
5141 2
5142 3
5147 1
5149 1
5151 2
5152 3
5158 1
5159 1
5162 1
5166 1
5167 1
5173 1
5174 1
5175 1
5176 1
5179 1
5180 1
5181 1
5183 1
5184 1
5188 1
5189 1
5190 2
5193 1
5194 2
5204 1
5205 1
5213 1
5252 1
5254 1
5297 1
5298 1
5300 1
5304 1
5309 1
5323 1
5329 1
5334 1
5335 1
5340 2
5391 2
5394 1
5401 1
5403 1
5407 1
5416 1
5417 2
5421 3
5422 1
5423 1
5425 1
5427 2
5429 1
5430 1
5432 1
5433 1
5434 2
5437 2
5438 1
5439 1
5443 3
5445 1
5446 2
5447 2
5449 1
5450 3
5451 2
5452 2
5453 1
5455 3
5456 2
5457 1
5458 1
5459 1
5460 1
5461 1
5462 6
5463 2
5464 2
5465 1
5466 1
5468 4
5469 2
5471 2
5472 1
5473 1
5474 1
5475 1
5476 1
5477 1
5478 1
5479 2
5480 2
5481 3
5482 1
5483 3
5484 1
5485 1
5486 4
5487 2
5488 3
5489 2
5490 2
5492 3
5493 4
5495 1
5496 1
5497 1
5499 2
5500 3
5501 2
5503 4
5505 1
5506 1
5507 2
5508 1
5509 1
5510 1
5511 3
5514 1
5515 2
5516 1
5517 1
5518 2
5519 2
5523 1
5524 1
5525 2
5528 1
5529 2
5530 2
5532 1
5533 1
5535 2
5536 1
5538 1
5539 1
5540 1
5541 7
5542 1
5543 2
5544 1
5545 2
5546 3
5547 2
5549 1
5550 1
5552 3
5555 1
5556 2
5557 2
5558 5
5559 3
5560 1
5561 4
5562 1
5563 1
5564 1
5565 1
5566 1
5567 1
5568 1
5569 1
5570 2
5572 2
5573 1
5574 2
5576 1
5580 1
5588 1
5590 1
5592 1
5595 1
5597 1
5600 1
5602 1
5604 1
5605 2
5606 1
5609 2
5612 2
5613 1
5618 1
5619 1
5620 2
5623 1
5624 1
5625 1
5627 1
5634 1
5647 1
5650 1
5661 1
5668 1
5690 1
5708 1
5747 1
5749 1
5750 1
5751 1
5753 1
5769 1
5774 1
5782 1
5795 1
5797 1
5805 2
5808 1
5809 2
5810 1
5811 1
5813 1
5814 1
5817 3
5818 1
5819 1
5820 2
5821 2
5822 1
5823 1
5824 1
5825 1
5826 1
5827 1
5828 1
5829 1
5830 1
5831 2
5832 1
5833 1
5837 1
5838 1
5839 2
5840 2
5841 1
5842 2
5849 2
5850 2
5851 2
5852 1
5853 2
5854 1
5855 1
5856 2
5857 2
5858 2
5859 1
5861 1
5862 1
5863 3
5865 3
5866 3
5867 1
5868 1
5869 1
5870 1
5871 1
5872 1
5873 2
5874 1
5876 2
5877 3
5878 1
5881 1
5882 2
5883 2
5884 1
5886 1
5887 2
5888 2
5889 4
5890 2
5891 4
5892 2
5893 4
5894 1
5895 5
5896 2
5898 1
5899 1
5900 2
5901 1
5903 4
5904 1
5906 1
5907 2
5908 2
5909 1
5910 1
5911 3
5912 3
5913 2
5914 1
5916 1
5918 5
5919 1
5920 2
5921 1
5923 1
5926 1
5927 1
5929 2
5930 1
5931 1
5933 1
5934 1
5935 1
5936 2
5938 3
5939 1
5942 1
5943 1
5944 3
5945 1
5948 1
5949 1
5952 2
5953 2
5955 1
5956 1
5958 1
5959 1
5965 1
5974 1
5975 2
5984 2
5985 1
5987 1
5988 1
5989 1
5990 1
5994 2
5996 1
5997 3
5998 2
6002 2
6005 2
6008 1
6009 3
6012 1
6015 2
6017 3
6019 1
6020 2
6021 2
6022 2
6023 1
6024 1
6025 2
6026 1
6027 2
6028 3
6029 5
6031 1
6032 4
6033 3
6034 1
6035 1
6036 3
6038 3
6039 1
6040 2
6041 1
6042 1
6043 1
6044 2
6046 1
6047 2
6048 2
6049 2
6050 1
6052 2
6053 3
6054 1
6055 1
6056 2
6058 2
6061 1
6062 1
6063 1
6064 1
6065 2
6066 2
6067 1
6069 1
6071 1
6072 1
6074 1
6076 1
6078 1
6079 1
6080 1
6081 1
6083 1
6085 1
6088 1
6090 1
6092 1
6097 2
6102 2
6104 1
6106 1
6108 1
6109 1
6122 1
6123 1
6144 1
6145 1
6158 1
6179 1
6183 1
6186 1
6190 2
6260 1
6267 1
6270 1
6271 1
6272 1
6276 2
6288 1
6299 1
6300 1
6304 1
6305 1
6308 1
6310 1
6311 2
6314 1
6317 1
6326 1
6327 1
6328 1
6332 1
6334 2
6335 1
6336 1
6337 2
6338 1
6339 1
6340 1
6343 1
6345 1
6347 3
6349 2
6351 1
6352 1
6353 1
6355 3
6356 1
6357 2
6362 1
6363 1
6364 2
6365 1
6367 1
6368 2
6369 3
6370 1
6372 2
6374 1
6376 2
6377 1
6379 3
6380 1
6381 3
6382 1
6383 2
6384 3
6385 3
6386 6
6387 2
6388 3
6389 2
6390 3
6391 2
6392 2
6393 3
6395 1
6396 1
6397 1
6398 1
6399 2
6400 3
6401 5
6402 6
6403 5
6404 1
6405 3
6406 2
6407 3
6408 2
6409 3
6410 1
6411 2
6412 4
6413 5
6414 2
6415 2
6416 1
6417 4
6418 2
6419 2
6420 1
6421 1
6422 4
6423 4
6424 2
6425 3
6427 1
6431 1
6432 2
6434 1
6435 1
6436 2
6440 1
6441 1
6442 3
6446 2
6448 1
6451 1
6452 1
6454 1
6455 1
6462 1
6466 1
6469 1
6470 1
6472 1
6475 1
6476 1
6485 1
6486 1
6488 1
6489 1
6490 1
6492 1
6497 1
6500 2
6501 1
6520 1
6629 1
6706 1
6707 1
6709 1
6715 1
6718 1
6719 1
6720 1
6721 2
6722 1
6723 1
6725 1
6727 1
6728 1
6730 1
6731 1
6733 1
6734 1
6746 1
6749 1
6750 4
6752 2
6757 1
6758 2
6760 1
6762 1
6763 1
6764 2
6765 1
6766 1
6768 1
6771 1
6772 1
6773 1
6775 1
6776 1
6777 2
6784 1
6788 3
6791 3
6793 1
6794 1
6795 1
6796 1
6797 1
6798 2
6799 2
6800 3
6801 1
6802 1
6804 4
6805 3
6806 2
6807 4
6809 4
6810 3
6813 1
6814 5
6815 5
6816 2
6817 2
6818 3
6819 2
6820 2
6821 7
6823 3
6824 8
6825 2
6826 1
6827 4
6828 4
6829 4
6830 3
6831 2
6832 4
6833 4
6834 5
6835 4
6836 3
6837 4
6838 1
6839 4
6840 6
6841 2
6842 1
6843 1
6844 2
6845 2
6846 2
6847 4
6848 1
6849 5
6850 3
6851 1
6852 3
6853 3
6854 4
6855 6
6856 3
6857 3
6858 5
6859 3
6860 2
6861 4
6862 4
6863 5
6864 6
6865 4
6866 3
6867 2
6868 1
6869 3
6870 6
6872 1
6874 4
6875 2
6876 2
6877 2
6878 2
6879 3
6880 4
6881 4
6882 2
6883 2
6884 3
6885 2
6886 2
6887 7
6888 4
6889 2
6890 2
6892 3
6895 1
6896 2
6898 1
6899 6
6900 2
6903 2
6904 1
6906 5
6907 3
6909 1
6910 2
6912 2
6913 1
6914 2
6916 1
6918 1
6919 1
6922 1
6926 1
6927 1
6929 3
6930 1
6932 2
6934 1
6935 1
6936 1
6938 1
6939 1
6941 2
6943 2
6952 1
6956 1
6961 1
6967 1
6974 1
6975 1
6978 1
6983 1
6985 1
6987 1
6993 1
6995 1
7001 1
7002 1
7005 1
7007 1
7009 1
7020 1
7021 1
7028 1
7037 1
7040 1
7041 1
7151 1
7152 1
7159 1
7160 1
7162 1
7168 1
7179 1
7184 1
7189 1
7200 1
7202 1
7203 1
7208 1
7209 1
7214 1
7216 1
7217 1
7218 2
7220 2
7223 1
7229 2
7231 1
7233 1
7235 1
7239 2
7240 1
7241 1
7243 2
7244 1
7246 1
7247 1
7248 2
7253 1
7254 1
7256 1
7257 1
7260 1
7272 1
7275 1
7280 1
7283 1
7284 1
7295 1
7296 1
7297 1
7301 2
7305 1
7308 1
7311 1
7313 1
7314 1
7315 2
7316 2
7317 2
7318 2
7320 1
7322 2
7324 1
7329 1
7330 1
7331 2
7334 1
7335 1
7337 1
7338 1
7339 1
7340 1
7345 2
7346 1
7348 1
7352 1
7353 1
7356 2
7360 2
7362 1
7363 1
7367 1
7371 1
7375 3
7377 2
7379 2
7381 1
7383 2
7384 1
7388 1
7390 1
7392 1
7394 1
7395 3
7400 1
7402 3
7403 2
7406 1
7408 1
7411 1
7420 1
7435 1
7467 1
7473 1
7474 1
7546 1
7549 1
7701 1
7710 1
7718 1
7722 1
7727 1
7731 1
7732 1
7735 1
7737 1
7741 1
7742 1
7748 1
7751 1
7752 1
7753 1
7754 1
7755 1
7757 1
7758 1
7761 2
7766 1
7768 2
7769 2
7770 1
7771 1
7773 2
7774 1
7777 3
7778 1
7779 1
7781 1
7782 2
7783 1
7786 2
7787 1
7788 1
7789 1
7790 1
7791 1
7795 1
7796 2
7797 2
7798 1
7800 1
7801 2
7803 1
7804 2
7805 1
7806 1
7809 1
7813 2
7815 1
7818 3
7820 1
7821 3
7824 1
7825 1
7826 2
7827 1
7828 2
7830 2
7832 1
7833 1
7834 3
7837 1
7838 2
7839 2
7840 3
7843 4
7844 3
7845 1
7846 2
7848 1
7849 2
7850 1
7851 2
7852 2
7853 1
7854 1
7855 2
7857 1
7858 1
7859 3
7860 2
7861 1
7862 2
7863 1
7864 1
7865 1
7866 2
7867 1
7868 4
7870 2
7871 1
7872 1
7874 2
7875 2
7876 1
7877 2
7878 3
7879 1
7880 1
7881 1
7882 2
7883 2
7884 1
7885 2
7886 1
7887 2
7888 1
7889 1
7891 1
7892 3
7893 4
7894 1
7895 1
7896 2
7897 3
7898 1
7899 2
7904 2
7907 1
7909 1
7910 1
7911 2
7913 1
7914 1
7916 1
7917 2
7918 1
7921 2
7923 2
7925 1
7926 2
7928 1
7929 1
7932 2
7933 1
7935 2
7940 1
7941 1
7942 1
7945 1
7948 1
7957 1
7963 1
7970 1
7972 1
7974 1
8173 1
8174 1
8180 1
8182 1
8183 1
8184 1
8185 1
8189 1
8190 1
8191 1
8194 1
8195 1
8197 2
8198 1
8203 1
8210 1
8214 1
8217 1
8222 1
8225 1
8227 1
8230 1
8231 1
8236 2
8237 3
8238 1
8239 1
8240 1
8242 1
8245 1
8251 1
8252 1
8253 2
8254 1
8256 1
8258 1
8259 1
8260 2
8261 4
8262 1
8263 2
8265 1
8269 1
8270 2
8271 4
8272 2
8273 5
8275 1
8277 1
8278 4
8281 2
8282 1
8283 1
8284 1
8285 2
8286 1
8288 1
8290 2
8292 1
8293 5
8294 1
8295 1
8296 1
8300 1
8301 2
8302 2
8303 3
8304 1
8305 1
8306 2
8307 1
8308 1
8309 1
8310 1
8312 1
8326 1
8328 1
8334 1
8338 1
8345 1
8347 1
8352 1
8367 1
8376 1
8377 1
8394 1
8453 1
8716 1
8725 1
8738 1
8739 1
8743 1
9116 1
9123 1
9554 1
9567 1
9634 1
10001 83
