1 14337726
2 13349374
3 10705128
4 8058617
5 6041048
6 4728767
7 3938123
8 3420725
9 3007673
10 2627484
11 2281472
12 1995847
13 1779809
14 1648822
15 1583360
16 1583433
17 1616448
18 1665599
19 1702810
20 1718932
21 1703197
22 1655540
23 1584044
24 1487125
25 1384013
26 1279209
27 1178297
28 1081650
29 995861
30 914793
31 845429
32 781044
33 722614
34 662793
35 602898
36 544357
37 484658
38 428786
39 372817
40 322202
41 275025
42 231468
43 192554
44 159234
45 129196
46 104078
47 82666
48 65821
49 52296
50 43142
51 35910
52 32327
53 31135
54 31999
55 34884
56 40073
57 47942
58 57258
59 68896
60 83269
61 97778
62 115967
63 134907
64 154460
65 174917
66 193995
67 214153
68 232559
69 249655
70 264007
71 274660
72 281812
73 289276
74 289568
75 288533
76 284223
77 274796
78 261813
79 248244
80 232790
81 215900
82 196227
83 178968
84 161407
85 143121
86 125517
87 109251
88 93120
89 79722
90 66622
91 56003
92 46354
93 38346
94 31508
95 25454
96 20120
97 16119
98 12637
99 10153
100 7837
101 6225
102 4962
103 4063
104 3322
105 2919
106 2667
107 2577
108 2501
109 2606
110 2831
111 3180
112 3555
113 4201
114 4931
115 5835
116 6773
117 8079
118 9485
119 11444
120 13487
121 15358
122 17838
123 20335
124 23424
125 26247
126 29169
127 32298
128 35938
129 38905
130 42114
131 45461
132 48777
133 51836
134 54578
135 57489
136 59648
137 61995
138 63089
139 64370
140 64851
141 65199
142 64595
143 64349
144 62834
145 61612
146 59921
147 57471
148 54698
149 52092
150 48565
151 46041
152 42563
153 39387
154 36534
155 32960
156 30238
157 27112
158 24233
159 21697
160 19153
161 17001
162 15077
163 13006
164 11308
165 9631
166 8142
167 7159
168 6109
169 5214
170 4280
171 3559
172 3053
173 2397
174 2110
175 1646
176 1407
177 1187
178 1040
179 847
180 745
181 635
182 555
183 468
184 421
185 418
186 395
187 362
188 339
189 358
190 359
191 404
192 426
193 573
194 644
195 805
196 878
197 1173
198 1354
199 1603
200 1887
201 2309
202 2898
203 3359
204 4014
205 4648
206 5715
207 6665
208 7837
209 9026
210 10526
211 12338
212 14236
213 16224
214 18561
215 21126
216 23362
217 26570
218 29632
219 33299
220 37394
221 40801
222 45568
223 50747
224 55325
225 60152
226 66468
227 72326
228 77312
229 82549
230 88195
231 93706
232 99695
233 105547
234 111067
235 117550
236 123085
237 128970
238 133780
239 139518
240 144872
241 149747
242 153435
243 158559
244 162069
245 165207
246 168917
247 169909
248 171227
249 173415
250 173675
251 173376
252 172730
253 172107
254 170827
255 169533
256 167316
257 164843
258 162072
259 158312
260 154632
261 150620
262 145335
263 140611
264 135780
265 130754
266 125105
267 119707
268 114820
269 109020
270 103647
271 98043
272 92755
273 87194
274 81553
275 75967
276 70806
277 65655
278 61190
279 56802
280 52824
281 48838
282 43999
283 40324
284 36888
285 33508
286 30299
287 27204
288 24502
289 21806
290 19403
291 17320
292 15422
293 13652
294 12282
295 10908
296 9699
297 8693
298 7581
299 6724
300 5889
301 5160
302 4410
303 3759
304 3308
305 2789
306 2464
307 2235
308 1915
309 1615
310 1333
311 1144
312 992
313 842
314 775
315 667
316 570
317 537
318 441
319 400
320 376
321 299
322 260
323 251
324 248
325 226
326 185
327 195
328 178
329 163
330 161
331 150
332 161
333 166
334 157
335 168
336 145
337 167
338 178
339 179
340 191
341 194
342 185
343 197
344 240
345 238
346 274
347 302
348 331
349 350
350 352
351 386
352 387
353 483
354 482
355 548
356 560
357 598
358 655
359 701
360 780
361 813
362 896
363 999
364 1038
365 1126
366 1241
367 1340
368 1442
369 1520
370 1602
371 1772
372 1842
373 1905
374 1999
375 2077
376 2276
377 2375
378 2532
379 2685
380 2758
381 2978
382 3129
383 3064
384 3137
385 3281
386 3445
387 3598
388 3587
389 3675
390 3613
391 3942
392 3735
393 3840
394 3972
395 4012
396 3959
397 4117
398 4185
399 4134
400 4169
401 4082
402 3978
403 4031
404 3907
405 3838
406 3755
407 3798
408 3574
409 3439
410 3471
411 3316
412 3277
413 3066
414 2938
415 2954
416 2842
417 2694
418 2678
419 2323
420 2335
421 2148
422 2088
423 2035
424 1961
425 1841
426 1692
427 1610
428 1458
429 1306
430 1324
431 1198
432 1130
433 987
434 966
435 927
436 830
437 836
438 771
439 700
440 662
441 600
442 538
443 517
444 468
445 451
446 420
447 368
448 327
449 295
450 289
451 292
452 261
453 235
454 217
455 249
456 224
457 247
458 200
459 168
460 231
461 201
462 211
463 264
464 268
465 263
466 240
467 260
468 275
469 280
470 272
471 303
472 277
473 311
474 305
475 352
476 335
477 325
478 396
479 335
480 389
481 347
482 383
483 397
484 349
485 401
486 419
487 385
488 409
489 423
490 422
491 438
492 451
493 472
494 506
495 514
496 533
497 535
498 500
499 553
500 542
501 578
502 591
503 560
504 583
505 576
506 591
507 611
508 604
509 621
510 593
511 556
512 606
513 668
514 643
515 654
516 650
517 650
518 670
519 604
520 636
521 619
522 622
523 616
524 568
525 608
526 583
527 574
528 546
529 536
530 538
531 534
532 507
533 495
534 449
535 431
536 438
537 425
538 429
539 375
540 390
541 400
542 343
543 338
544 324
545 312
546 329
547 310
548 289
549 278
550 268
551 276
552 248
553 243
554 233
555 270
556 239
557 236
558 232
559 217
560 202
561 190
562 166
563 179
564 145
565 175
566 147
567 137
568 143
569 105
570 124
571 116
572 95
573 101
574 88
575 85
576 76
577 69
578 67
579 66
580 60
581 55
582 55
583 44
584 36
585 33
586 46
587 31
588 40
589 36
590 40
591 45
592 30
593 29
594 38
595 29
596 31
597 26
598 36
599 33
600 27
601 25
602 15
603 28
604 27
605 31
606 25
607 18
608 25
609 16
610 24
611 22
612 27
613 26
614 21
615 20
616 15
617 15
618 22
619 23
620 13
621 24
622 29
623 26
624 23
625 19
626 31
627 26
628 30
629 16
630 35
631 20
632 30
633 28
634 33
635 37
636 35
637 28
638 34
639 30
640 28
641 24
642 35
643 32
644 20
645 27
646 30
647 35
648 25
649 20
650 24
651 26
652 30
653 19
654 26
655 15
656 38
657 24
658 33
659 28
660 34
661 32
662 32
663 41
664 45
665 35
666 30
667 35
668 36
669 28
670 41
671 37
672 46
673 45
674 40
675 37
676 33
677 48
678 41
679 44
680 48
681 38
682 41
683 47
684 41
685 44
686 43
687 44
688 46
689 41
690 46
691 39
692 49
693 45
694 38
695 28
696 42
697 40
698 46
699 49
700 54
701 44
702 33
703 63
704 48
705 49
706 60
707 62
708 59
709 71
710 50
711 62
712 60
713 65
714 70
715 58
716 79
717 68
718 66
719 86
720 55
721 74
722 54
723 69
724 86
725 66
726 80
727 82
728 70
729 67
730 72
731 78
732 60
733 73
734 68
735 90
736 93
737 82
738 109
739 106
740 105
741 93
742 102
743 100
744 112
745 91
746 110
747 123
748 109
749 105
750 124
751 138
752 118
753 101
754 118
755 110
756 89
757 102
758 92
759 91
760 104
761 95
762 114
763 91
764 100
765 93
766 108
767 104
768 117
769 114
770 120
771 118
772 123
773 120
774 113
775 99
776 127
777 103
778 126
779 121
780 111
781 139
782 101
783 112
784 89
785 107
786 102
787 93
788 97
789 103
790 78
791 98
792 82
793 95
794 105
795 110
796 108
797 85
798 81
799 79
800 105
801 88
802 71
803 86
804 90
805 76
806 93
807 100
808 71
809 94
810 71
811 75
812 77
813 81
814 68
815 75
816 64
817 69
818 68
819 79
820 54
821 66
822 55
823 66
824 59
825 56
826 66
827 58
828 56
829 58
830 69
831 45
832 55
833 58
834 52
835 44
836 51
837 39
838 40
839 42
840 31
841 44
842 40
843 33
844 31
845 30
846 35
847 40
848 31
849 33
850 35
851 24
852 28
853 32
854 23
855 24
856 24
857 21
858 26
859 26
860 25
861 31
862 32
863 31
864 30
865 32
866 42
867 32
868 31
869 29
870 22
871 28
872 36
873 29
874 37
875 33
876 30
877 26
878 29
879 27
880 22
881 20
882 22
883 18
884 24
885 26
886 24
887 25
888 23
889 23
890 25
891 21
892 18
893 21
894 15
895 18
896 18
897 31
898 24
899 28
900 26
901 23
902 25
903 23
904 29
905 16
906 20
907 28
908 26
909 25
910 31
911 25
912 38
913 26
914 27
915 41
916 19
917 25
918 18
919 19
920 21
921 24
922 13
923 24
924 19
925 28
926 27
927 27
928 22
929 33
930 20
931 29
932 32
933 23
934 26
935 29
936 26
937 18
938 21
939 24
940 25
941 27
942 20
943 17
944 27
945 21
946 20
947 27
948 25
949 24
950 24
951 20
952 27
953 33
954 19
955 27
956 26
957 36
958 17
959 28
960 27
961 26
962 25
963 24
964 18
965 31
966 27
967 28
968 25
969 29
970 35
971 36
972 26
973 47
974 40
975 30
976 52
977 46
978 48
979 47
980 29
981 47
982 51
983 48
984 40
985 57
986 39
987 38
988 43
989 44
990 43
991 34
992 43
993 43
994 48
995 47
996 34
997 49
998 48
999 41
1000 59
1001 57
1002 69
1003 59
1004 35
1005 52
1006 69
1007 51
1008 61
1009 56
1010 57
1011 60
1012 37
1013 50
1014 54
1015 65
1016 67
1017 77
1018 71
1019 57
1020 65
1021 81
1022 62
1023 72
1024 77
1025 81
1026 79
1027 68
1028 80
1029 74
1030 70
1031 88
1032 73
1033 74
1034 65
1035 77
1036 71
1037 88
1038 91
1039 104
1040 85
1041 76
1042 76
1043 84
1044 84
1045 70
1046 90
1047 80
1048 79
1049 77
1050 92
1051 83
1052 64
1053 83
1054 90
1055 81
1056 88
1057 97
1058 76
1059 78
1060 69
1061 87
1062 92
1063 97
1064 76
1065 74
1066 82
1067 61
1068 65
1069 73
1070 47
1071 51
1072 60
1073 52
1074 50
1075 51
1076 44
1077 50
1078 56
1079 49
1080 48
1081 34
1082 38
1083 47
1084 45
1085 49
1086 35
1087 44
1088 37
1089 30
1090 35
1091 29
1092 36
1093 32
1094 36
1095 28
1096 29
1097 36
1098 33
1099 26
1100 33
1101 19
1102 27
1103 29
1104 25
1105 24
1106 23
1107 19
1108 24
1109 27
1110 26
1111 25
1112 21
1113 23
1114 18
1115 21
1116 17
1117 14
1118 12
1119 12
1120 18
1121 14
1122 12
1123 14
1124 10
1125 19
1126 13
1127 16
1128 11
1129 14
1130 10
1131 13
1132 9
1133 15
1134 10
1135 12
1136 13
1137 6
1138 9
1139 15
1140 5
1141 6
1142 7
1143 5
1144 11
1145 13
1146 6
1147 10
1148 4
1149 6
1150 16
1151 4
1152 5
1153 12
1154 5
1155 6
1156 9
1157 5
1158 10
1159 12
1160 11
1161 12
1162 5
1163 3
1164 12
1165 7
1166 6
1167 12
1168 17
1169 13
1170 12
1171 7
1172 10
1173 14
1174 9
1175 14
1176 9
1177 9
1178 11
1179 8
1180 9
1181 11
1182 9
1183 8
1184 12
1185 10
1186 14
1187 7
1188 11
1189 10
1190 13
1191 17
1192 5
1193 14
1194 14
1195 9
1196 7
1197 12
1198 12
1199 12
1200 10
1201 9
1202 11
1203 13
1204 12
1205 10
1206 9
1207 13
1208 12
1209 11
1210 15
1211 7
1212 19
1213 9
1214 9
1215 2
1216 16
1217 16
1218 9
1219 7
1220 6
1221 10
1222 18
1223 11
1224 14
1225 14
1226 16
1227 11
1228 13
1229 15
1230 10
1231 8
1232 15
1233 11
1234 20
1235 19
1236 13
1237 10
1238 9
1239 16
1240 15
1241 10
1242 19
1243 11
1244 22
1245 16
1246 19
1247 24
1248 9
1249 15
1250 28
1251 23
1252 21
1253 23
1254 21
1255 18
1256 30
1257 25
1258 32
1259 25
1260 16
1261 26
1262 18
1263 24
1264 31
1265 27
1266 23
1267 16
1268 19
1269 22
1270 32
1271 18
1272 17
1273 29
1274 23
1275 22
1276 35
1277 25
1278 28
1279 24
1280 26
1281 22
1282 20
1283 26
1284 24
1285 26
1286 18
1287 24
1288 24
1289 21
1290 38
1291 22
1292 21
1293 13
1294 21
1295 16
1296 18
1297 17
1298 20
1299 21
1300 22
1301 20
1302 21
1303 23
1304 18
1305 25
1306 21
1307 22
1308 14
1309 16
1310 22
1311 16
1312 19
1313 21
1314 21
1315 18
1316 18
1317 15
1318 16
1319 15
1320 10
1321 15
1322 11
1323 17
1324 8
1325 12
1326 14
1327 11
1328 13
1329 13
1330 18
1331 16
1332 10
1333 12
1334 20
1335 20
1336 17
1337 10
1338 14
1339 22
1340 14
1341 11
1342 13
1343 13
1344 14
1345 18
1346 6
1347 10
1348 14
1349 10
1350 10
1351 8
1352 15
1353 11
1354 6
1355 7
1356 6
1357 11
1358 8
1359 5
1360 9
1361 11
1362 9
1363 8
1364 13
1365 9
1366 9
1367 6
1368 10
1369 9
1370 8
1371 11
1372 12
1373 15
1374 14
1375 8
1376 14
1377 10
1378 13
1379 4
1380 13
1381 5
1382 7
1383 9
1384 13
1385 9
1386 11
1387 3
1388 14
1389 11
1390 7
1391 6
1392 16
1393 11
1394 8
1395 7
1396 4
1397 9
1398 7
1399 10
1400 7
1401 12
1402 8
1403 9
1404 7
1405 9
1406 10
1407 11
1408 13
1409 9
1410 17
1411 13
1412 11
1413 8
1414 13
1415 12
1416 17
1417 16
1418 14
1419 15
1420 18
1421 17
1422 13
1423 20
1424 23
1425 13
1426 18
1427 19
1428 13
1429 10
1430 16
1431 13
1432 6
1433 7
1434 15
1435 13
1436 16
1437 7
1438 13
1439 16
1440 7
1441 7
1442 7
1443 6
1444 8
1445 9
1446 7
1447 8
1448 13
1449 4
1450 13
1451 8
1452 10
1453 11
1454 11
1455 8
1456 4
1457 8
1458 2
1459 8
1460 9
1461 6
1462 10
1463 6
1464 10
1465 7
1466 7
1467 4
1468 4
1469 6
1470 7
1471 8
1472 10
1473 7
1474 5
1475 6
1476 5
1477 9
1478 5
1479 2
1480 2
1481 7
1482 3
1483 4
1484 4
1485 3
1486 4
1487 4
1489 3
1490 2
1491 4
1492 4
1493 6
1494 4
1495 6
1496 7
1497 4
1498 1
1499 3
1500 2
1501 5
1502 4
1503 5
1504 4
1505 6
1506 4
1507 6
1508 8
1509 9
1510 3
1511 5
1512 8
1513 14
1514 11
1515 10
1516 11
1517 14
1518 10
1519 9
1520 3
1521 10
1522 9
1523 9
1524 16
1525 8
1526 9
1527 11
1528 9
1529 6
1530 12
1531 13
1532 5
1533 5
1534 7
1535 7
1536 6
1537 10
1538 7
1539 7
1540 5
1541 7
1542 12
1543 9
1544 8
1545 8
1546 3
1547 10
1548 7
1549 8
1550 8
1551 14
1552 9
1553 9
1554 3
1555 6
1556 8
1557 9
1558 3
1559 7
1560 8
1561 6
1562 9
1563 6
1564 7
1565 9
1566 2
1567 6
1568 11
1569 2
1570 6
1571 8
1572 5
1573 8
1574 4
1575 5
1576 6
1577 3
1578 5
1579 7
1580 3
1581 6
1582 6
1583 4
1584 5
1585 9
1586 7
1587 3
1588 10
1589 1
1590 1
1591 12
1592 6
1593 7
1594 8
1595 11
1596 10
1597 11
1598 12
1599 10
1600 16
1601 10
1602 8
1603 14
1604 10
1605 13
1606 15
1607 10
1608 17
1609 13
1610 15
1611 19
1612 16
1613 13
1614 18
1615 15
1616 19
1617 17
1618 18
1619 27
1620 21
1621 30
1622 21
1623 34
1624 26
1625 26
1626 45
1627 34
1628 35
1629 35
1630 34
1631 52
1632 45
1633 57
1634 62
1635 68
1636 67
1637 71
1638 81
1639 87
1640 100
1641 103
1642 111
1643 122
1644 153
1645 129
1646 172
1647 178
1648 162
1649 193
1650 187
1651 198
1652 237
1653 225
1654 242
1655 266
1656 302
1657 303
1658 336
1659 316
1660 352
1661 433
1662 390
1663 433
1664 495
1665 497
1666 522
1667 602
1668 641
1669 642
1670 707
1671 742
1672 829
1673 861
1674 959
1675 921
1676 970
1677 1050
1678 1112
1679 1205
1680 1254
1681 1327
1682 1418
1683 1525
1684 1637
1685 1677
1686 1783
1687 1831
1688 1938
1689 2150
1690 2122
1691 2261
1692 2397
1693 2570
1694 2680
1695 2846
1696 2909
1697 3064
1698 3190
1699 3306
1700 3617
1701 3829
1702 3845
1703 4037
1704 4181
1705 4485
1706 4606
1707 4738
1708 4969
1709 5277
1710 5470
1711 5484
1712 5939
1713 6027
1714 6260
1715 6661
1716 6747
1717 6993
1718 7268
1719 7361
1720 7524
1721 7920
1722 8182
1723 8522
1724 8591
1725 9050
1726 9445
1727 9726
1728 9862
1729 10116
1730 10564
1731 10804
1732 11171
1733 11104
1734 11832
1735 11988
1736 12286
1737 12646
1738 12866
1739 13301
1740 13512
1741 13609
1742 14262
1743 14471
1744 14761
1745 14710
1746 15163
1747 15411
1748 16035
1749 16046
1750 16725
1751 16581
1752 16907
1753 17279
1754 17583
1755 17628
1756 18009
1757 18267
1758 18669
1759 18659
1760 18851
1761 19194
1762 19109
1763 19320
1764 19658
1765 19687
1766 20224
1767 20343
1768 20338
1769 20569
1770 20501
1771 20810
1772 20622
1773 20993
1774 20964
1775 21059
1776 21191
1777 21285
1778 21214
1779 21255
1780 21328
1781 21160
1782 21145
1783 21029
1784 21193
1785 21264
1786 21021
1787 20807
1788 20852
1789 20840
1790 20811
1791 20438
1792 20282
1793 20084
1794 20012
1795 19943
1796 19559
1797 19148
1798 19339
1799 18874
1800 18828
1801 18344
1802 18158
1803 18112
1804 17556
1805 17290
1806 17162
1807 16835
1808 16595
1809 16285
1810 16102
1811 15725
1812 15605
1813 15253
1814 14992
1815 14722
1816 14209
1817 14006
1818 13793
1819 13544
1820 13209
1821 12895
1822 12486
1823 12369
1824 11822
1825 11633
1826 11323
1827 11005
1828 10674
1829 10392
1830 9988
1831 9940
1832 9519
1833 9346
1834 9002
1835 8669
1836 8379
1837 8235
1838 7856
1839 7664
1840 7230
1841 7092
1842 6899
1843 6724
1844 6464
1845 6322
1846 5862
1847 5666
1848 5431
1849 5442
1850 5083
1851 4813
1852 4645
1853 4399
1854 4352
1855 4226
1856 3825
1857 3785
1858 3589
1859 3573
1860 3334
1861 3153
1862 3096
1863 3014
1864 2917
1865 2648
1866 2524
1867 2477
1868 2309
1869 2245
1870 1964
1871 1936
1872 1848
1873 1848
1874 1721
1875 1672
1876 1528
1877 1518
1878 1406
1879 1320
1880 1264
1881 1169
1882 1076
1883 1052
1884 962
1885 928
1886 833
1887 785
1888 773
1889 747
1890 721
1891 657
1892 600
1893 579
1894 530
1895 487
1896 481
1897 433
1898 457
1899 379
1900 350
1901 328
1902 346
1903 283
1904 281
1905 292
1906 243
1907 226
1908 197
1909 206
1910 186
1911 159
1912 178
1913 154
1914 131
1915 133
1916 127
1917 98
1918 105
1919 112
1920 106
1921 73
1922 78
1923 78
1924 62
1925 67
1926 53
1927 56
1928 38
1929 53
1930 38
1931 37
1932 42
1933 42
1934 29
1935 32
1936 21
1937 27
1938 42
1939 29
1940 25
1941 20
1942 30
1943 32
1944 39
1945 22
1946 27
1947 27
1948 24
1949 37
1950 38
1951 26
1952 32
1953 19
1954 30
1955 38
1956 24
1957 35
1958 34
1959 35
1960 22
1961 28
1962 44
1963 33
1964 40
1965 42
1966 52
1967 39
1968 37
1969 32
1970 32
1971 37
1972 32
1973 38
1974 36
1975 35
1976 38
1977 33
1978 28
1979 27
1980 30
1981 26
1982 37
1983 39
1984 43
1985 27
1986 28
1987 36
1988 38
1989 35
1990 37
1991 34
1992 28
1993 25
1994 29
1995 28
1996 39
1997 32
1998 37
1999 35
2000 27
2001 26
2002 31
2003 46
2004 30
2005 43
2006 40
2007 29
2008 33
2009 40
2010 30
2011 29
2012 40
2013 36
2014 35
2015 46
2016 28
2017 25
2018 26
2019 43
2020 36
2021 30
2022 25
2023 30
2024 31
2025 22
2026 26
2027 24
2028 23
2029 27
2030 21
2031 22
2032 34
2033 27
2034 32
2035 20
2036 29
2037 28
2038 32
2039 17
2040 23
2041 31
2042 22
2043 25
2044 25
2045 20
2046 32
2047 12
2048 24
2049 21
2050 15
2051 25
2052 18
2053 16
2054 18
2055 16
2056 16
2057 18
2058 22
2059 27
2060 20
2061 23
2062 20
2063 28
2064 22
2065 18
2066 20
2067 17
2068 21
2069 12
2070 15
2071 16
2072 10
2073 14
2074 9
2075 9
2076 12
2077 13
2078 11
2079 3
2080 8
2081 10
2082 11
2083 12
2084 4
2085 7
2086 6
2087 9
2088 6
2089 13
2090 9
2091 10
2092 10
2093 13
2094 7
2095 4
2096 6
2097 6
2098 8
2099 7
2100 8
2101 7
2102 6
2103 4
2104 8
2105 2
2106 4
2107 6
2108 5
2109 10
2110 2
2111 4
2112 4
2113 4
2114 2
2115 3
2116 5
2117 1
2118 4
2119 4
2120 8
2121 8
2122 5
2123 4
2124 4
2125 4
2126 4
2127 5
2128 4
2129 7
2130 2
2131 8
2132 3
2133 6
2134 9
2135 3
2136 6
2137 2
2138 3
2139 5
2140 5
2141 3
2142 6
2143 4
2144 3
2145 3
2146 6
2147 6
2148 2
2150 2
2151 3
2152 1
2153 1
2154 2
2155 3
2156 2
2157 2
2158 5
2159 2
2160 2
2161 1
2162 2
2163 1
2164 3
2166 1
2167 2
2168 1
2169 3
2170 2
2171 3
2172 5
2173 1
2174 1
2175 3
2176 3
2177 4
2178 1
2179 3
2181 2
2182 1
2183 1
2184 3
2185 1
2186 1
2187 2
2188 3
2189 2
2190 1
2191 4
2192 2
2193 6
2194 6
2195 2
2196 3
2197 2
2198 3
2200 3
2201 4
2202 5
2203 5
2204 3
2205 5
2206 4
2207 2
2208 1
2209 3
2210 7
2211 7
2212 6
2213 2
2214 5
2215 8
2216 4
2217 3
2218 4
2219 5
2220 6
2221 5
2222 6
2223 2
2224 2
2225 3
2226 5
2227 3
2228 3
2229 7
2230 4
2231 2
2232 5
2233 9
2234 4
2235 5
2236 12
2237 5
2238 6
2239 8
2240 3
2241 8
2242 8
2243 2
2244 4
2245 6
2246 5
2247 4
2248 6
2249 4
2250 3
2251 3
2252 9
2253 3
2254 9
2255 4
2256 5
2257 8
2258 3
2259 12
2260 5
2261 4
2262 4
2263 2
2264 9
2265 3
2266 5
2267 6
2268 4
2269 9
2270 6
2271 2
2272 5
2273 6
2274 2
2275 4
2276 3
2277 2
2278 4
2279 1
2280 1
2281 5
2282 1
2283 2
2284 3
2285 6
2286 4
2287 4
2288 3
2289 5
2290 4
2291 5
2292 1
2293 3
2294 1
2295 5
2296 2
2297 6
2298 1
2299 4
2301 4
2302 2
2303 2
2304 4
2305 1
2306 2
2307 5
2308 2
2309 4
2310 1
2311 3
2312 3
2313 4
2314 2
2315 2
2317 3
2318 2
2319 2
2320 2
2321 4
2322 2
2323 3
2325 6
2326 3
2327 3
2328 3
2330 5
2331 1
2332 2
2333 2
2336 2
2337 2
2339 2
2340 5
2342 1
2343 1
2344 1
2345 3
2347 1
2348 1
2349 2
2350 3
2351 1
2352 1
2353 4
2354 2
2355 2
2356 1
2357 1
2358 2
2359 2
2361 4
2362 2
2363 3
2364 4
2365 2
2366 2
2367 2
2370 1
2371 1
2372 1
2373 3
2374 1
2375 2
2376 1
2378 1
2379 1
2380 7
2381 3
2382 2
2383 6
2384 4
2385 3
2386 1
2387 2
2389 1
2390 1
2391 2
2392 1
2393 3
2394 2
2395 2
2398 1
2399 2
2400 2
2402 3
2404 6
2405 4
2407 7
2408 5
2409 2
2410 5
2411 3
2413 3
2414 3
2416 3
2418 1
2419 3
2420 1
2421 4
2422 1
2423 1
2424 3
2425 2
2428 3
2430 1
2431 1
2432 2
2433 1
2434 2
2435 2
2436 5
2437 3
2438 1
2439 6
2440 3
2442 2
2443 1
2444 2
2445 3
2446 1
2447 1
2448 3
2450 1
2451 1
2453 3
2454 2
2455 3
2456 6
2457 3
2458 1
2459 2
2460 1
2464 1
2465 1
2466 2
2468 1
2469 5
2470 4
2472 1
2473 1
2474 1
2475 3
2476 3
2477 3
2479 2
2482 1
2483 2
2484 2
2485 2
2486 2
2487 2
2488 2
2489 1
2490 2
2493 1
2494 1
2495 2
2496 1
2497 1
2498 2
2499 1
2501 1
2502 1
2503 1
2504 1
2505 4
2506 1
2507 1
2508 3
2509 1
2510 2
2511 5
2513 1
2514 1
2515 4
2516 3
2517 1
2518 4
2519 3
2521 4
2522 1
2524 2
2525 2
2526 1
2527 1
2528 5
2529 4
2530 2
2531 5
2532 3
2533 3
2534 3
2535 2
2537 2
2538 4
2539 1
2540 3
2541 5
2542 1
2543 4
2544 1
2545 4
2546 1
2549 4
2550 4
2551 2
2553 1
2554 1
2555 1
2556 2
2557 2
2558 2
2559 2
2560 1
2562 2
2563 1
2564 1
2565 3
2566 1
2567 1
2568 3
2569 1
2570 1
2571 1
2572 1
2574 2
2576 1
2577 2
2579 1
2580 3
2581 1
2585 2
2586 1
2589 2
2596 1
2597 3
2598 3
2599 2
2600 2
2601 1
2602 2
2603 2
2604 1
2606 1
2607 4
2608 2
2609 2
2610 1
2611 6
2612 1
2613 2
2614 3
2615 1
2616 5
2617 4
2618 2
2619 3
2620 5
2622 2
2623 3
2624 2
2625 4
2626 4
2627 1
2628 6
2629 5
2630 5
2631 4
2632 1
2633 3
2634 4
2635 2
2636 3
2637 2
2638 3
2640 3
2642 1
2643 1
2644 3
2647 1
2648 1
2650 3
2651 1
2652 5
2653 2
2655 1
2658 2
2660 2
2661 1
2662 4
2663 4
2664 3
2665 3
2666 2
2667 1
2668 1
2669 1
2670 4
2672 2
2674 3
2675 2
2676 2
2679 1
2680 1
2681 1
2682 3
2684 1
2685 1
2687 2
2688 2
2692 1
2693 1
2694 2
2695 1
2696 1
2699 1
2702 1
2703 1
2704 1
2705 1
2706 1
2707 3
2708 1
2709 1
2711 2
2712 1
2713 3
2714 1
2716 1
2717 2
2718 2
2719 1
2720 2
2721 1
2724 3
2725 2
2726 2
2727 1
2728 2
2729 3
2730 1
2731 1
2732 2
2733 3
2736 1
2737 1
2738 2
2739 2
2740 2
2744 2
2746 1
2747 1
2748 1
2751 1
2754 1
2755 2
2756 1
2757 2
2761 1
2763 1
2765 1
2766 1
2767 1
2771 5
2772 2
2774 1
2775 1
2776 3
2777 2
2778 1
2779 2
2780 2
2781 1
2783 1
2785 3
2787 1
2788 2
2789 2
2794 1
2795 1
2796 2
2797 1
2799 2
2800 2
2802 3
2803 2
2807 2
2808 2
2812 1
2814 2
2815 1
2820 1
2821 2
2822 1
2824 1
2831 3
2832 2
2835 1
2836 2
2838 1
2840 1
2843 1
2845 1
2846 2
2849 2
2850 3
2851 1
2852 1
2853 2
2855 1
2856 2
2857 2
2859 1
2860 1
2861 1
2862 5
2865 1
2866 1
2867 1
2869 1
2870 1
2871 1
2872 4
2873 4
2874 1
2876 1
2877 2
2878 1
2880 3
2881 1
2883 1
2887 3
2888 1
2891 2
2894 3
2895 2
2897 1
2898 1
2899 1
2900 2
2904 3
2905 1
2906 1
2907 1
2909 1
2910 3
2912 3
2914 3
2915 2
2917 1
2918 3
2919 2
2921 1
2923 2
2924 3
2925 6
2926 1
2928 1
2929 2
2930 1
2931 4
2932 1
2933 3
2934 1
2936 4
2937 1
2938 6
2939 3
2940 4
2941 4
2942 2
2943 1
2944 1
2946 1
2947 1
2948 3
2949 1
2950 5
2951 2
2952 6
2954 1
2956 2
2957 2
2959 1
2960 1
2961 1
2962 2
2963 1
2964 2
2965 3
2968 2
2969 2
2970 1
2971 1
2973 1
2974 1
2976 1
2977 2
2978 1
2979 2
2980 1
2981 1
2983 2
2984 1
2985 2
2986 2
2987 1
2989 3
2990 1
2992 1
2993 1
2994 2
2995 1
2996 1
2997 2
2998 1
2999 1
3000 2
3006 1
3007 1
3008 1
3011 1
3012 1
3016 1
3017 2
3018 1
3020 2
3021 3
3022 1
3023 1
3024 1
3026 1
3027 2
3031 2
3034 1
3039 2
3041 1
3042 2
3048 1
3051 1
3053 3
3054 1
3059 2
3060 1
3061 3
3062 1
3065 2
3066 1
3068 1
3069 2
3070 1
3071 2
3073 2
3076 2
3077 1
3078 2
3079 1
3080 1
3082 1
3083 1
3084 1
3087 1
3089 3
3090 1
3091 2
3092 2
3093 2
3094 2
3095 2
3096 1
3097 1
3099 1
3100 1
3101 2
3104 1
3106 1
3109 1
3112 1
3117 1
3122 1
3123 1
3128 1
3130 3
3132 1
3135 1
3137 1
3139 1
3142 1
3143 1
3147 1
3148 1
3163 1
3168 1
3170 2
3178 1
3183 2
3185 1
3186 1
3188 1
3190 1
3192 1
3193 1
3194 1
3195 1
3202 1
3208 1
3221 1
3227 1
3231 1
3232 1
3246 1
3248 1
3249 2
3250 1
3252 1
3260 1
3277 1
3284 2
3306 1
3316 1
3318 1
3323 1
3333 1
3336 1
3337 1
3339 1
3344 1
3345 1
3347 1
3348 1
3351 2
3357 2
3360 2
3365 2
3368 2
3370 1
3374 1
3376 2
3380 1
3383 1
3385 1
3391 1
3393 1
3394 2
3395 2
3396 1
3398 1
3399 3
3400 2
3401 1
3402 1
3403 2
3404 1
3406 2
3407 2
3408 2
3409 3
3410 2
3411 1
3412 2
3413 3
3414 2
3415 2
3417 2
3418 3
3419 6
3420 3
3421 5
3422 1
3423 1
3425 4
3426 4
3428 3
3429 4
3430 4
3431 2
3432 3
3433 1
3434 3
3435 6
3436 4
3437 5
3438 3
3439 5
3440 1
3441 3
3442 4
3443 9
3444 4
3445 2
3446 6
3447 6
3448 6
3449 8
3450 9
3451 4
3452 6
3453 5
3454 8
3455 3
3456 6
3457 15
3458 8
3459 6
3460 4
3461 13
3462 7
3463 11
3464 7
3465 9
3466 13
3467 15
3468 10
3469 12
3470 12
3471 8
3472 9
3473 15
3474 15
3475 9
3476 15
3477 15
3478 12
3479 11
3480 8
3481 12
3482 6
3483 8
3484 12
3485 11
3486 16
3487 16
3488 18
3489 17
3490 17
3491 24
3492 15
3493 21
3494 18
3495 21
3496 11
3497 11
3498 22
3499 14
3500 20
3501 20
3502 28
3503 19
3504 20
3505 16
3506 19
3507 24
3508 21
3509 18
3510 24
3511 16
3512 23
3513 31
3514 19
3515 26
3516 30
3517 27
3518 29
3519 21
3520 24
3521 29
3522 28
3523 32
3524 21
3525 29
3526 30
3527 18
3528 23
3529 21
3530 16
3531 24
3532 22
3533 18
3534 37
3535 31
3536 20
3537 32
3538 20
3539 30
3540 32
3541 23
3542 30
3543 28
3544 31
3545 33
3546 34
3547 21
3548 31
3549 28
3550 26
3551 25
3552 30
3553 42
3554 39
3555 34
3556 35
3557 33
3558 41
3559 35
3560 29
3561 49
3562 30
3563 29
3564 28
3565 43
3566 39
3567 34
3568 38
3569 39
3570 42
3571 37
3572 45
3573 32
3574 45
3575 22
3576 26
3577 35
3578 29
3579 28
3580 45
3581 40
3582 23
3583 40
3584 29
3585 25
3586 35
3587 23
3588 36
3589 26
3590 34
3591 29
3592 27
3593 25
3594 29
3595 31
3596 25
3597 20
3598 23
3599 38
3600 28
3601 23
3602 26
3603 24
3604 16
3605 18
3606 24
3607 22
3608 21
3609 32
3610 30
3611 25
3612 21
3613 25
3614 25
3615 30
3616 19
3617 19
3618 19
3619 16
3620 19
3621 22
3622 27
3623 15
3624 23
3625 18
3626 20
3627 18
3628 20
3629 17
3630 22
3631 15
3632 16
3633 18
3634 18
3635 19
3636 17
3637 20
3638 18
3639 16
3640 19
3641 24
3642 22
3643 15
3644 14
3645 20
3646 16
3647 14
3648 11
3649 14
3650 13
3651 11
3652 9
3653 12
3654 10
3655 6
3656 11
3657 10
3658 4
3659 12
3660 9
3661 9
3662 9
3663 11
3664 4
3665 10
3666 6
3667 5
3668 2
3669 9
3670 1
3671 5
3672 9
3673 7
3674 8
3675 1
3676 10
3677 8
3678 5
3679 4
3680 4
3681 3
3682 4
3683 7
3684 10
3685 9
3686 10
3687 8
3688 8
3689 4
3690 11
3691 5
3692 5
3693 9
3694 5
3695 7
3696 6
3697 6
3698 8
3699 4
3700 6
3701 7
3702 1
3703 9
3704 2
3705 7
3706 6
3707 3
3708 7
3709 8
3710 7
3711 2
3712 6
3713 2
3714 2
3715 7
3716 3
3717 5
3718 5
3719 4
3720 2
3721 7
3722 4
3723 6
3724 2
3725 1
3726 2
3727 5
3728 2
3729 5
3730 6
3731 1
3732 2
3733 3
3734 3
3735 3
3736 1
3737 2
3739 1
3740 3
3741 8
3742 4
3743 3
3744 6
3745 5
3746 4
3747 2
3748 7
3749 2
3750 4
3751 6
3753 3
3754 2
3757 2
3758 5
3759 3
3760 2
3762 1
3763 3
3764 3
3765 4
3766 1
3768 3
3769 1
3770 3
3773 1
3774 1
3776 1
3779 1
3780 2
3784 1
3788 1
3790 1
3794 1
3800 1
3801 1
3811 1
3812 1
3819 1
3830 2
3831 1
3842 1
3847 1
3849 1
3850 1
3856 1
3857 1
3859 1
3864 1
3869 1
3873 1
3876 1
3878 1
3880 1
3887 1
3891 1
3900 1
3903 1
3971 1
3972 1
3980 1
3992 1
3995 1
3996 1
3999 1
4001 1
4002 1
4004 1
4006 1
4008 1
4009 2
4011 1
4016 1
4017 1
4018 1
4023 2
4024 1
4025 1
4026 1
4027 1
4029 2
4031 2
4032 1
4034 1
4037 1
4038 1
4039 1
4040 1
4041 2
4042 1
4044 1
4046 1
4049 1
4052 2
4053 1
4054 1
4055 1
4056 2
4058 1
4061 2
4072 1
4079 1
4085 2
4091 2
4097 1
4098 1
4103 2
4114 1
4117 1
4119 1
4126 2
4131 2
4135 1
4142 1
4151 2
4156 4
4157 1
4159 2
4161 2
4162 2
4163 1
4164 3
4165 1
4169 2
4170 1
4171 1
4172 1
4173 2
4174 1
4175 1
4176 1
4180 2
4181 1
4183 1
4184 1
4189 1
4190 1
4195 2
4196 1
4197 2
4200 1
4202 1
4207 3
4210 1
4211 2
4213 1
4216 2
4217 3
4219 1
4220 3
4222 1
4223 2
4224 2
4225 1
4227 2
4229 1
4230 1
4231 1
4232 1
4235 3
4236 1
4237 1
4238 1
4239 1
4242 1
4244 2
4245 1
4248 2
4249 1
4251 1
4252 1
4254 1
4255 2
4260 1
4261 1
4268 1
4276 1
4293 1
4300 2
4305 4
4307 1
4309 2
4311 1
4313 1
4315 1
4320 1
4325 1
4326 1
4327 1
4329 2
4330 1
4332 2
4338 2
4339 2
4342 1
4348 1
4354 1
4357 1
4359 2
4360 2
4367 2
4384 1
4387 1
4389 1
4390 2
4393 1
4394 2
4396 1
4400 1
4401 1
4403 1
4410 1
4412 1
4421 1
4425 1
4427 3
4430 1
4431 3
4433 3
4436 1
4437 2
4439 1
4440 1
4443 1
4444 2
4446 2
4447 2
4448 1
4451 1
4457 1
4458 2
4459 2
4466 1
4470 2
4471 1
4473 1
4474 2
4480 1
4487 1
4491 1
4493 1
4496 1
4498 1
4503 2
4504 1
4505 2
4511 2
4513 2
4516 3
4517 1
4519 1
4521 2
4523 1
4539 1
4541 2
4543 1
4558 1
4573 1
4575 1
4578 1
4591 1
4606 2
4611 1
4612 1
4615 1
4617 1
4619 1
4620 1
4621 1
4622 2
4625 1
4626 1
4633 1
4635 1
4636 2
4638 1
4639 2
4641 2
4643 1
4644 3
4648 2
4649 3
4650 1
4656 1
4657 1
4661 1
4665 2
4669 1
4671 2
4673 2
4675 1
4678 1
4681 3
4682 1
4683 1
4684 2
4696 1
4726 2
4728 1
4735 1
4737 1
4739 1
4742 1
4744 1
4746 1
4748 1
4750 1
4753 1
4754 2
4755 1
4757 2
4761 1
4765 1
4773 1
4774 1
4784 1
4790 1
4791 2
4792 1
4793 1
4799 2
4800 2
4808 1
4811 2
4812 2
4813 1
4816 1
4819 1
4820 2
4825 1
4826 1
4827 1
4830 1
4833 1
4836 1
4845 1
4847 1
4855 1
4858 1
4866 1
4870 1
4872 1
4874 1
4875 1
4876 1
4877 1
4885 1
4890 1
4892 1
4900 1
4904 1
4937 1
4944 1
4946 1
4947 2
4954 1
4956 1
4957 1
4958 1
4961 1
4964 1
4965 1
4967 2
4970 1
4976 2
4979 1
4990 1
4991 1
4993 1
4995 1
5010 1
5014 1
5124 1
5131 1
5133 1
5134 2
5136 2
5137 1
5142 1
5144 1
5170 1
5172 1
5182 1
5189 1
5195 1
5196 1
5199 3
5201 1
5203 1
5204 1
5207 1
5209 1
5210 1
5211 1
5212 1
5213 1
5215 2
5216 2
5217 1
5218 1
5219 1
5222 2
5223 4
5224 2
5225 1
5229 1
5230 1
5239 1
5241 1
5249 2
5253 1
5256 1
5260 1
5263 1
5264 1
5267 1
5268 1
5270 2
5271 2
5273 1
5279 1
5280 1
5282 1
5283 1
5284 1
5286 2
5287 1
5288 3
5290 1
5292 5
5293 1
5294 4
5295 3
5296 4
5297 3
5300 2
5302 2
5304 3
5305 1
5306 3
5308 3
5309 2
5310 3
5311 2
5313 1
5315 1
5316 1
5317 2
5318 1
5320 2
5321 4
5322 1
5323 1
5324 2
5325 4
5327 1
5328 1
5329 2
5330 1
5331 2
5333 3
5334 2
5335 5
5337 2
5338 2
5339 2
5340 2
5341 2
5343 2
5345 4
5346 2
5347 2
5348 2
5349 1
5350 1
5354 1
5355 1
5358 1
5359 1
5361 4
5362 1
5363 2
5364 1
5365 3
5366 2
5367 1
5368 1
5370 2
5371 2
5372 2
5373 1
5374 3
5375 3
5376 2
5377 2
5379 1
5380 2
5382 3
5383 1
5384 2
5385 1
5387 1
5388 1
5389 1
5390 1
5391 1
5392 2
5393 1
5395 1
5396 2
5397 1
5398 2
5400 2
5403 2
5404 1
5406 1
5407 1
5408 3
5409 1
5410 1
5411 3
5412 2
5413 1
5416 2
5417 1
5418 1
5419 1
5420 1
5422 1
5425 2
5429 1
5432 2
5437 1
5438 1
5441 1
5442 1
5444 1
5445 1
5449 1
5450 1
5451 2
5452 1
5456 2
5457 1
5461 1
5465 3
5466 1
5474 1
5484 1
5491 1
5497 1
5503 1
5507 1
5509 1
5510 2
5515 2
5516 3
5518 1
5519 2
5526 1
5535 1
5536 1
5538 3
5539 1
5541 1
5542 1
5543 2
5545 3
5548 1
5581 1
5584 1
5585 1
5601 1
5684 1
5818 1
5830 1
5856 1
5859 1
5868 1
5882 1
5885 1
5897 1
5898 1
5899 3
5900 1
5903 1
5906 1
5908 4
5911 1
5912 2
5913 3
5915 1
5916 1
5917 1
5919 1
5920 2
5921 1
5922 1
5923 1
5925 1
5926 2
5927 1
5928 1
5929 1
5939 3
5940 1
5941 2
5944 1
5946 1
5947 4
5948 3
5949 1
5951 1
5952 1
5953 1
5955 1
5956 1
5959 1
5960 2
5963 1
5965 2
5967 1
5969 1
5971 1
5972 1
5976 1
5977 1
5978 1
5988 1
5994 1
5996 2
6000 1
6001 1
6002 3
6003 1
6004 1
6005 2
6008 1
6009 2
6011 1
6012 1
6014 2
6016 1
6018 1
6019 2
6023 1
6028 1
6029 1
6030 6
6034 1
6035 1
6037 1
6038 1
6040 1
6057 1
6062 1
6064 1
6066 2
6069 1
6071 1
6073 1
6074 1
6082 1
6094 1
6096 1
6107 1
6123 1
6125 1
6127 1
6128 1
6131 1
6134 1
6136 1
6137 1
6140 1
6141 1
6147 1
6158 1
6745 1
6898 1
6929 1
6969 1
6983 1
6985 1
6988 2
6990 1
6995 1
6997 1
6999 1
7003 2
7005 1
7007 1
7008 1
7010 1
7013 1
7014 1
7019 1
7021 1
7023 1
7025 1
7030 1
7031 1
7033 1
7041 2
7042 1
7043 2
7048 1
7051 1
7055 2
7063 1
7064 1
7065 1
7070 1
7071 1
7083 1
7100 1
7103 1
7108 1
7121 1
7128 1
7131 1
7135 1
7136 2
7145 2
7146 1
7151 1
7164 1
7170 1
7177 1
7179 1
7211 1
7215 1
7220 1
7226 1
7233 1
7234 1
7236 1
7238 1
7258 1
7292 1
7313 1
7325 1
7331 1
7347 1
7383 1
7581 1
7592 1
7599 1
8611 1
8615 1
8619 1
8734 1
8754 1
8771 1
8812 1
8817 1
8819 1
8822 1
8824 1
8875 1
8878 1
8879 1
8883 1
8886 1
8891 2
8893 1
8898 1
8932 1
8954 1
8958 1
8963 1
8974 1
8977 1
8990 1
9028 1
9034 1
9036 1
10001 61
