1 24097492
2 13098536
3 7821529
4 4912790
5 3209736
6 2194578
7 1621586
8 1331659
9 1231459
10 1247448
11 1310354
12 1368165
13 1401948
14 1411489
15 1380915
16 1313836
17 1232758
18 1135688
19 1036345
20 938951
21 847453
22 758547
23 683237
24 616741
25 563335
26 527460
27 512795
28 512394
29 533913
30 572614
31 622619
32 683417
33 749107
34 814459
35 876601
36 921798
37 957732
38 972665
39 973827
40 955107
41 922521
42 876829
43 817974
44 754506
45 684633
46 612603
47 537731
48 465832
49 399281
50 339990
51 284890
52 235749
53 194587
54 159395
55 129348
56 104206
57 83414
58 67280
59 54606
60 44246
61 36320
62 29782
63 24831
64 20600
65 17961
66 15512
67 13834
68 12568
69 11335
70 10111
71 9327
72 8514
73 8122
74 7519
75 6974
76 6633
77 6026
78 5726
79 5346
80 5171
81 4789
82 4642
83 4560
84 4213
85 3718
86 3452
87 3311
88 3135
89 2736
90 2458
91 2203
92 1999
93 1899
94 1741
95 1676
96 1564
97 1417
98 1246
99 1251
100 1121
101 1079
102 956
103 964
104 916
105 870
106 752
107 786
108 761
109 710
110 745
111 670
112 615
113 636
114 563
115 563
116 586
117 623
118 623
119 644
120 633
121 627
122 618
123 602
124 612
125 635
126 654
127 629
128 632
129 680
130 692
131 655
132 664
133 700
134 677
135 680
136 710
137 699
138 628
139 628
140 575
141 598
142 579
143 520
144 511
145 525
146 476
147 462
148 491
149 475
150 421
151 400
152 348
153 374
154 380
155 373
156 318
157 315
158 286
159 277
160 288
161 228
162 270
163 268
164 237
165 268
166 240
167 243
168 245
169 249
170 242
171 255
172 247
173 230
174 229
175 229
176 247
177 216
178 251
179 277
180 289
181 296
182 236
183 222
184 265
185 270
186 249
187 244
188 268
189 242
190 238
191 246
192 215
193 204
194 254
195 227
196 225
197 216
198 215
199 182
200 187
201 169
202 167
203 176
204 150
205 148
206 123
207 127
208 127
209 138
210 131
211 113
212 98
213 111
214 120
215 105
216 93
217 95
218 99
219 93
220 99
221 110
222 91
223 81
224 83
225 85
226 63
227 71
228 56
229 76
230 61
231 58
232 77
233 72
234 72
235 79
236 82
237 90
238 78
239 74
240 64
241 63
242 67
243 56
244 64
245 52
246 64
247 69
248 53
249 75
250 60
251 55
252 60
253 58
254 73
255 73
256 70
257 53
258 76
259 79
260 71
261 72
262 74
263 63
264 65
265 68
266 67
267 70
268 53
269 60
270 66
271 64
272 48
273 62
274 66
275 54
276 43
277 43
278 33
279 29
280 35
281 38
282 56
283 33
284 51
285 35
286 52
287 30
288 33
289 42
290 38
291 44
292 36
293 34
294 33
295 40
296 20
297 30
298 29
299 31
300 35
301 43
302 39
303 44
304 48
305 25
306 42
307 48
308 30
309 32
310 23
311 27
312 22
313 41
314 29
315 25
316 29
317 21
318 22
319 31
320 16
321 21
322 15
323 18
324 16
325 14
326 17
327 13
328 12
329 15
330 7
331 12
332 10
333 17
334 18
335 17
336 13
337 17
338 15
339 12
340 13
341 18
342 8
343 16
344 16
345 8
346 9
347 14
348 5
349 8
350 12
351 11
352 11
353 16
354 13
355 12
356 7
357 10
358 9
359 7
360 6
361 3
362 14
363 4
364 6
365 9
366 6
367 6
368 7
369 11
370 9
371 5
372 16
373 6
374 6
375 11
376 10
377 12
378 17
379 16
380 9
381 7
382 13
383 14
384 10
385 12
386 13
387 12
388 17
389 11
390 13
391 13
392 11
393 12
394 17
395 14
396 19
397 5
398 11
399 9
400 6
401 11
402 15
403 10
404 4
405 7
406 10
407 8
408 9
409 10
410 13
411 8
412 9
413 8
414 11
415 9
416 13
417 10
418 13
419 14
420 12
421 7
422 7
423 6
424 8
425 9
426 7
427 11
428 16
429 10
430 11
431 13
432 10
433 11
434 11
435 10
436 8
437 14
438 13
439 16
440 11
441 16
442 10
443 13
444 11
445 12
446 12
447 16
448 8
449 8
450 6
451 13
452 12
453 16
454 7
455 9
456 12
457 14
458 10
459 17
460 6
461 10
462 8
463 5
464 7
465 8
466 8
467 5
468 5
469 5
470 7
471 9
472 8
473 8
474 9
475 9
476 15
477 11
478 12
479 14
480 16
481 17
482 9
483 14
484 14
485 14
486 9
487 14
488 9
489 7
490 14
491 16
492 20
493 12
494 15
495 8
496 17
497 11
498 19
499 11
500 16
501 20
502 17
503 21
504 29
505 35
506 16
507 30
508 30
509 26
510 23
511 23
512 30
513 11
514 22
515 14
516 18
517 20
518 17
519 17
520 15
521 6
522 9
523 4
524 8
525 5
526 7
527 2
528 7
529 11
530 7
531 7
532 7
533 14
534 6
535 7
536 10
537 3
538 8
539 9
540 5
541 3
542 5
543 3
544 10
545 13
546 8
547 21
548 8
549 11
550 6
551 10
552 7
553 5
554 16
555 12
556 11
557 8
558 15
559 12
560 6
561 7
562 11
563 11
564 13
565 14
566 6
567 15
568 16
569 13
570 9
571 12
572 14
573 5
574 11
575 8
576 6
577 9
578 7
579 9
580 7
581 4
582 11
583 5
584 7
585 10
586 7
587 4
588 6
589 3
590 6
591 2
592 5
593 5
594 4
595 3
596 1
597 2
598 5
599 1
600 2
601 3
602 3
603 8
605 1
606 3
607 2
608 1
609 3
610 3
611 1
612 1
613 3
614 2
615 1
616 1
617 2
618 2
619 1
621 3
624 1
625 3
626 2
627 3
628 3
629 1
630 1
631 4
632 1
634 1
636 2
639 1
640 1
644 1
649 1
652 3
653 1
654 1
655 2
656 1
658 1
659 1
660 1
661 1
663 4
664 1
666 1
667 2
668 3
669 4
670 1
671 2
672 1
673 1
674 4
675 1
676 2
677 1
682 1
684 1
685 1
686 1
687 1
688 1
692 3
694 1
696 2
700 1
701 1
702 2
705 1
707 2
708 2
709 1
711 2
713 1
714 3
715 3
717 4
718 1
720 1
725 1
727 1
734 1
735 2
736 1
737 1
738 1
739 1
742 1
743 1
744 2
745 3
746 1
747 1
748 1
749 1
750 1
751 1
753 2
755 2
756 1
757 3
758 1
759 1
762 1
763 1
774 1
782 1
785 1
792 2
795 2
796 1
797 3
801 1
804 1
807 1
809 1
811 1
812 1
815 1
819 1
820 1
822 1
823 1
824 1
825 1
826 1
833 1
853 1
859 1
889 1
892 1
904 1
908 1
909 1
911 1
912 1
914 1
918 1
923 1
932 1
933 1
936 1
941 1
949 1
954 2
957 1
961 1
962 1
963 1
966 2
968 1
973 1
974 1
979 1
980 1
982 1
983 2
1004 1
1005 1
1010 1
1017 1
1025 1
1064 1
1066 1
1067 1
1075 1
1108 1
1109 1
1110 1
1118 1
1125 1
1129 1
1130 1
1131 1
1132 1
1144 1
1147 1
1149 1
1150 1
1152 2
1153 2
1155 2
1157 1
1158 2
1159 2
1160 1
1162 1
1163 1
1164 1
1165 2
1166 1
1168 1
1173 1
1175 1
1190 1
1207 1
1208 1
1209 2
1211 2
1213 2
1215 1
1216 4
1217 1
1218 1
1220 2
1223 1
1226 1
1231 1
1233 1
1240 1
1242 1
1250 1
1267 1
1269 1
1297 2
1298 3
1301 2
1302 1
1304 1
1309 1
1314 1
1321 1
1325 1
1336 1
1338 1
1339 1
1340 1
1342 1
1343 1
1361 1
1368 1
1369 1
1377 1
1413 1
1455 1
1498 1
1507 1
1515 1
1516 1
1520 1
1523 1
1542 1
1544 1
1547 1
1556 2
1557 2
1558 1
1560 1
1561 1
1563 1
1569 1
1571 1
1576 1
1585 1
1638 1
1644 1
1753 1
1754 1
1760 1
1763 1
1764 1
1765 1
1801 1
1814 1
1818 1
1821 3
1822 2
1823 1
1824 1
1826 1
1828 1
1854 1
2700 1
2704 1
2743 1
2843 1
3014 1
3025 1
3998 1
4003 1
4008 1
4015 1
4018 1
4019 1
4025 1
4053 3
4057 1
