1 20059247
2 13456972
3 9439856
4 7121037
5 5562430
6 4348658
7 3359435
8 2648048
9 2141063
10 1769655
11 1486179
12 1236895
13 1015261
14 818182
15 651244
16 523566
17 434234
18 387634
19 371295
20 373509
21 397435
22 431886
23 470323
24 505624
25 545963
26 579169
27 610079
28 637912
29 658630
30 676987
31 685200
32 693579
33 694984
34 691412
35 681503
36 670022
37 650754
38 629753
39 598692
40 570499
41 539543
42 506757
43 475701
44 451359
45 425010
46 406167
47 385957
48 372782
49 361101
50 350811
51 340346
52 327663
53 314476
54 299580
55 284769
56 265899
57 245942
58 224481
59 202935
60 182137
61 163341
62 146096
63 131423
64 120444
65 113998
66 110161
67 110215
68 114892
69 123058
70 136502
71 151674
72 170794
73 192273
74 216309
75 242217
76 271468
77 299839
78 327928
79 357292
80 385540
81 412374
82 439193
83 463496
84 483540
85 502769
86 515660
87 526935
88 535661
89 539902
90 541929
91 541212
92 536477
93 529079
94 521270
95 508233
96 495077
97 479806
98 462676
99 442726
100 423719
101 404337
102 382266
103 359225
104 337199
105 315043
106 294134
107 271953
108 251063
109 229637
110 209714
111 190777
112 172410
113 154895
114 139185
115 124306
116 110718
117 98354
118 86734
119 76652
120 67338
121 58948
122 52047
123 44970
124 39383
125 34632
126 31121
127 27232
128 24768
129 22417
130 20373
131 18350
132 16849
133 15576
134 14375
135 13284
136 12130
137 11316
138 10904
139 10195
140 9672
141 9116
142 8285
143 7958
144 7566
145 7198
146 6572
147 6170
148 5914
149 5600
150 5284
151 4840
152 4862
153 4579
154 4383
155 4149
156 4030
157 3938
158 3797
159 3741
160 3807
161 3688
162 3743
163 3559
164 3651
165 3503
166 3445
167 3405
168 3221
169 3202
170 3170
171 3068
172 3182
173 3161
174 3161
175 3048
176 2975
177 2927
178 2859
179 2700
180 2524
181 2690
182 2558
183 2581
184 2451
185 2217
186 2147
187 2078
188 1999
189 1930
190 1856
191 1821
192 1787
193 1758
194 1689
195 1601
196 1563
197 1568
198 1563
199 1520
200 1535
201 1473
202 1408
203 1350
204 1342
205 1358
206 1294
207 1181
208 1120
209 1075
210 1039
211 1021
212 1001
213 910
214 904
215 891
216 844
217 794
218 748
219 723
220 671
221 692
222 626
223 581
224 533
225 531
226 495
227 473
228 420
229 441
230 401
231 412
232 405
233 373
234 345
235 278
236 296
237 292
238 265
239 267
240 287
241 236
242 258
243 220
244 263
245 253
246 274
247 246
248 247
249 263
250 255
251 252
252 246
253 274
254 293
255 280
256 281
257 255
258 271
259 257
260 284
261 280
262 303
263 327
264 315
265 287
266 312
267 318
268 309
269 361
270 339
271 327
272 330
273 350
274 323
275 361
276 327
277 338
278 324
279 327
280 275
281 321
282 293
283 289
284 270
285 275
286 316
287 296
288 235
289 250
290 289
291 322
292 275
293 248
294 276
295 258
296 287
297 284
298 254
299 283
300 261
301 256
302 280
303 245
304 276
305 270
306 275
307 284
308 273
309 296
310 279
311 349
312 311
313 271
314 303
315 278
316 287
317 274
318 277
319 264
320 270
321 290
322 256
323 263
324 262
325 239
326 275
327 286
328 257
329 266
330 244
331 245
332 235
333 257
334 220
335 236
336 253
337 231
338 238
339 234
340 255
341 251
342 285
343 231
344 244
345 232
346 195
347 190
348 191
349 188
350 177
351 201
352 174
353 152
354 116
355 119
356 122
357 129
358 112
359 107
360 122
361 133
362 139
363 135
364 119
365 98
366 133
367 115
368 120
369 140
370 135
371 125
372 108
373 121
374 121
375 122
376 107
377 117
378 127
379 105
380 98
381 98
382 105
383 78
384 106
385 75
386 96
387 77
388 83
389 84
390 66
391 60
392 69
393 57
394 69
395 74
396 68
397 80
398 80
399 70
400 66
401 80
402 69
403 80
404 69
405 68
406 80
407 64
408 101
409 96
410 83
411 86
412 100
413 80
414 99
415 83
416 85
417 83
418 85
419 108
420 99
421 101
422 106
423 95
424 111
425 105
426 126
427 112
428 123
429 116
430 127
431 152
432 118
433 143
434 145
435 132
436 134
437 131
438 137
439 151
440 124
441 139
442 146
443 132
444 143
445 136
446 118
447 130
448 142
449 108
450 113
451 113
452 117
453 134
454 103
455 130
456 124
457 148
458 128
459 129
460 111
461 128
462 114
463 117
464 102
465 90
466 100
467 103
468 84
469 62
470 78
471 56
472 67
473 61
474 54
475 50
476 55
477 54
478 55
479 48
480 54
481 65
482 63
483 62
484 74
485 56
486 63
487 66
488 73
489 61
490 73
491 61
492 48
493 46
494 42
495 53
496 39
497 43
498 60
499 44
500 57
501 49
502 59
503 46
504 38
505 40
506 35
507 50
508 59
509 37
510 36
511 23
512 42
513 34
514 36
515 45
516 52
517 33
518 35
519 34
520 28
521 35
522 32
523 34
524 41
525 40
526 37
527 42
528 41
529 29
530 26
531 45
532 28
533 31
534 35
535 40
536 31
537 29
538 37
539 36
540 34
541 33
542 30
543 32
544 35
545 22
546 36
547 33
548 35
549 14
550 32
551 23
552 21
553 21
554 23
555 25
556 28
557 27
558 25
559 20
560 18
561 26
562 23
563 24
564 17
565 20
566 14
567 20
568 21
569 27
570 24
571 22
572 23
573 26
574 27
575 14
576 29
577 36
578 16
579 24
580 31
581 24
582 25
583 24
584 34
585 18
586 30
587 31
588 23
589 28
590 26
591 32
592 21
593 17
594 19
595 6
596 34
597 22
598 21
599 11
600 23
601 21
602 18
603 18
604 19
605 22
606 23
607 28
608 21
609 27
610 33
611 26
612 32
613 31
614 46
615 30
616 32
617 28
618 24
619 26
620 17
621 21
622 24
623 19
624 20
625 24
626 19
627 19
628 30
629 16
630 25
631 17
632 12
633 20
634 21
635 17
636 16
637 17
638 19
639 18
640 13
641 16
642 21
643 18
644 21
645 21
646 18
647 28
648 25
649 21
650 29
651 30
652 17
653 24
654 29
655 37
656 30
657 25
658 23
659 18
660 24
661 17
662 20
663 13
664 24
665 25
666 19
667 18
668 25
669 25
670 24
671 21
672 18
673 28
674 36
675 27
676 33
677 21
678 22
679 22
680 32
681 29
682 31
683 25
684 36
685 22
686 21
687 22
688 18
689 16
690 21
691 20
692 21
693 19
694 18
695 25
696 20
697 14
698 17
699 18
700 16
701 19
702 14
703 21
704 12
705 8
706 14
707 16
708 9
709 7
710 8
711 8
712 16
713 11
714 8
715 5
716 12
717 10
718 4
719 12
720 8
721 8
722 9
723 11
724 9
725 13
726 10
727 10
728 1
729 9
730 3
731 8
732 6
733 12
734 13
735 7
736 8
737 12
738 15
739 6
740 11
741 10
742 16
743 11
744 8
745 6
746 7
747 6
748 13
749 6
750 9
751 11
752 4
753 3
754 10
755 14
756 10
757 7
758 6
759 8
760 9
761 13
762 2
763 15
764 8
765 7
766 5
767 8
768 6
769 7
770 6
771 5
772 7
773 2
774 5
775 5
776 9
777 7
778 3
779 6
780 7
781 8
782 9
783 5
784 2
785 5
786 1
787 4
788 3
789 7
790 2
791 8
792 3
793 5
794 3
795 2
797 5
798 4
799 5
800 5
801 3
802 4
803 2
804 3
805 3
806 5
807 6
808 2
809 5
810 5
811 7
812 2
813 5
814 8
815 3
816 6
817 9
818 5
819 4
820 7
823 6
824 2
825 1
826 2
827 3
828 6
829 5
830 4
831 3
832 2
833 1
834 4
835 2
836 2
837 1
839 3
840 6
841 4
842 2
843 4
844 2
845 2
846 4
847 3
848 1
849 2
850 6
851 2
852 6
853 2
854 4
855 4
856 3
857 3
858 2
859 3
860 2
861 4
862 3
863 4
865 3
866 4
867 6
868 3
870 2
871 6
872 2
873 2
874 3
875 3
876 6
877 2
878 6
879 7
880 5
881 3
882 6
883 7
884 4
885 9
886 9
887 7
888 1
889 5
890 3
891 8
892 8
893 9
894 4
895 5
896 6
897 8
898 7
899 5
900 2
901 4
902 11
903 5
904 6
905 5
906 7
907 4
908 7
909 8
910 9
911 4
912 7
913 4
914 6
915 7
916 8
917 9
918 10
919 6
920 10
921 7
922 5
923 5
924 6
925 5
926 3
927 1
928 11
929 7
930 4
931 4
932 3
933 14
934 4
935 6
936 6
937 4
938 5
939 12
940 9
941 6
942 2
943 1
944 5
945 4
946 5
947 2
948 2
949 3
950 1
951 2
952 2
953 4
954 3
955 2
956 4
957 7
958 4
959 5
960 5
961 7
962 7
963 4
964 7
965 3
966 3
967 2
968 3
969 3
970 4
971 5
972 5
973 5
974 8
975 5
976 5
977 4
978 10
979 3
980 8
981 5
982 2
983 3
984 5
985 3
986 5
987 6
988 7
989 1
990 3
991 7
992 9
993 5
994 13
995 8
996 10
997 7
998 9
999 9
1000 10
1001 6
1002 6
1003 8
1004 10
1005 9
1006 5
1007 6
1008 8
1009 4
1010 3
1011 8
1012 13
1013 12
1014 11
1015 6
1016 8
1017 8
1018 3
1019 10
1020 6
1021 9
1022 6
1023 5
1024 4
1025 6
1026 6
1027 8
1028 4
1029 4
1030 4
1031 6
1032 6
1033 3
1034 2
1035 3
1036 2
1037 2
1038 1
1039 5
1040 3
1041 1
1042 3
1043 1
1044 4
1045 2
1046 2
1047 8
1048 4
1049 2
1050 6
1051 5
1052 2
1053 6
1054 3
1055 2
1056 8
1057 2
1058 7
1059 5
1060 7
1061 2
1062 7
1063 3
1064 4
1065 1
1066 4
1067 1
1068 5
1069 1
1070 1
1071 1
1072 1
1073 1
1075 4
1076 4
1077 2
1078 2
1079 2
1080 5
1081 2
1082 1
1083 2
1084 2
1085 9
1086 6
1087 4
1088 2
1089 4
1090 7
1091 6
1092 5
1093 7
1094 3
1095 3
1096 1
1097 4
1098 4
1099 1
1100 4
1101 4
1102 2
1103 2
1104 1
1105 3
1106 2
1107 2
1108 7
1109 4
1110 1
1111 6
1112 4
1113 3
1114 5
1115 1
1116 3
1117 12
1118 6
1119 9
1120 5
1121 8
1122 6
1123 2
1124 6
1125 3
1126 5
1127 5
1128 7
1129 4
1130 5
1131 4
1132 8
1133 4
1134 3
1137 4
1138 2
1139 2
1140 6
1142 4
1143 2
1144 1
1145 2
1146 1
1147 2
1150 2
1151 4
1152 6
1153 3
1154 4
1155 6
1156 5
1157 3
1158 8
1159 7
1160 6
1161 5
1162 8
1163 8
1164 7
1165 5
1166 7
1167 6
1168 4
1169 5
1170 6
1171 4
1172 4
1173 11
1174 4
1175 7
1176 5
1177 6
1178 11
1179 9
1180 7
1181 10
1182 6
1183 10
1184 8
1185 4
1186 4
1187 5
1188 4
1189 8
1190 3
1191 5
1192 5
1193 8
1194 5
1195 4
1196 2
1197 7
1198 9
1199 8
1200 9
1201 11
1202 10
1203 7
1204 5
1205 11
1206 8
1207 15
1208 7
1209 10
1210 11
1211 14
1212 8
1213 11
1214 15
1215 10
1216 7
1217 4
1218 4
1219 11
1220 8
1221 6
1222 7
1223 5
1224 5
1225 6
1226 15
1227 9
1228 8
1229 12
1230 11
1231 11
1232 9
1233 12
1234 12
1235 8
1236 1
1237 5
1238 10
1239 7
1240 10
1241 4
1242 9
1243 4
1244 4
1245 6
1246 12
1247 6
1248 4
1249 8
1250 3
1251 4
1252 7
1253 7
1254 11
1255 3
1256 7
1257 2
1258 5
1259 6
1260 6
1261 4
1262 1
1263 2
1264 5
1265 5
1266 3
1267 1
1268 1
1269 2
1270 2
1271 1
1272 1
1273 1
1274 6
1275 3
1276 3
1277 4
1278 2
1279 4
1280 5
1281 4
1282 3
1283 2
1284 4
1285 8
1286 5
1287 5
1288 2
1289 1
1290 2
1291 5
1292 4
1293 2
1294 2
1295 2
1297 1
1298 2
1299 3
1300 6
1301 1
1303 4
1304 3
1305 2
1306 3
1307 1
1308 4
1309 3
1310 1
1311 2
1312 2
1313 1
1314 3
1315 2
1316 3
1317 2
1318 2
1319 6
1320 3
1321 1
1322 4
1323 5
1324 3
1325 5
1326 1
1327 2
1328 1
1329 4
1330 2
1331 1
1332 3
1333 1
1334 3
1335 3
1336 2
1337 1
1338 4
1339 5
1340 3
1342 3
1344 2
1345 1
1346 1
1347 5
1348 3
1349 3
1350 4
1351 3
1352 1
1353 3
1354 5
1355 9
1356 3
1357 3
1358 2
1359 6
1360 4
1361 5
1363 5
1364 3
1365 2
1366 3
1367 7
1368 3
1369 3
1370 1
1371 2
1372 1
1373 2
1374 2
1375 1
1376 1
1378 2
1379 3
1380 4
1381 2
1383 1
1385 1
1386 1
1387 2
1388 2
1389 1
1390 1
1391 1
1392 2
1393 1
1394 2
1395 1
1396 1
1398 1
1399 1
1400 1
1402 2
1403 2
1406 1
1408 1
1410 1
1411 3
1412 2
1413 1
1414 1
1415 1
1416 1
1417 3
1419 2
1422 1
1423 2
1425 1
1426 1
1427 2
1430 3
1431 2
1432 1
1434 1
1435 1
1436 1
1437 1
1440 2
1441 3
1442 2
1444 3
1447 2
1450 1
1451 2
1452 3
1453 1
1454 1
1459 4
1460 3
1462 1
1465 4
1470 1
1472 2
1473 1
1475 3
1476 1
1477 1
1479 2
1481 3
1482 2
1483 1
1485 2
1486 2
1489 1
1490 1
1492 1
1493 1
1495 1
1496 1
1499 1
1500 1
1501 1
1502 3
1503 1
1505 2
1506 1
1509 2
1510 2
1511 1
1512 2
1514 1
1515 2
1516 2
1519 1
1524 1
1537 1
1538 1
1551 1
1554 1
1566 1
1569 2
1570 1
1572 2
1574 1
1575 2
1577 1
1580 1
1581 3
1582 1
1586 1
1588 2
1589 3
1590 1
1591 1
1597 1
1600 1
1601 1
1606 1
1608 1
1610 1
1614 2
1617 1
1619 1
1621 1
1627 2
1628 1
1630 1
1631 2
1632 2
1634 1
1635 1
1637 2
1638 1
1643 1
1650 1
1659 1
1660 1
1664 1
1671 2
1675 1
1676 3
1680 1
1684 1
1687 1
1692 1
1696 1
1698 1
1712 1
1716 1
1722 1
1726 2
1727 1
1731 1
1734 1
1735 2
1739 2
1740 1
1741 2
1742 1
1743 1
1745 1
1746 1
1749 1
1750 1
1752 3
1755 1
1756 1
1760 1
1781 1
1782 1
1784 1
1792 1
1794 1
1795 1
1797 1
1799 1
1801 1
1803 1
1806 1
1809 1
1813 1
1815 1
1817 1
1824 1
1826 1
1839 1
1844 1
1885 1
1904 1
1919 1
1927 1
1929 1
1936 1
1938 3
1940 1
1942 2
1946 1
1976 1
1981 1
2037 1
2039 1
2042 1
2048 1
2051 2
2055 1
2107 1
2111 1
2177 1
2207 1
2214 1
2226 1
2227 1
2228 1
2230 1
2231 1
2237 1
2238 1
2278 1
2287 1
2292 1
2293 1
2294 1
2295 1
2297 1
2298 1
2300 1
2301 1
2303 2
2304 1
2325 1
2334 1
2335 1
2345 1
2346 1
2356 1
2360 1
2362 1
2373 1
2379 1
2442 1
2500 1
2510 1
2531 1
2548 1
2549 1
2562 1
2598 1
2621 1
2625 1
2645 1
2652 1
2657 1
2658 1
2666 2
2670 1
2680 1
2690 1
2693 1
2696 1
2699 1
2703 1
2743 1
2761 1
2768 1
2782 1
2785 1
2789 2
2790 1
2805 1
2807 1
2811 1
2812 2
2814 3
2816 1
2819 1
2824 1
2828 1
2835 1
2837 1
2839 1
2842 1
2861 1
2862 1
2863 1
2865 2
2869 1
2879 1
2891 1
2899 1
2904 1
2906 1
2909 1
2938 1
2967 1
2977 1
2981 1
2984 1
2985 2
2987 1
2990 1
2994 1
2995 1
3001 2
3003 1
3005 1
3007 1
3009 1
3013 1
3029 1
3031 1
3035 1
3074 1
3082 1
3094 1
3144 1
3182 1
3386 1
3442 1
3449 1
3457 1
3490 1
3507 1
3520 1
3527 3
3531 2
3532 1
3535 1
3537 1
3542 1
3548 1
3618 1
3624 1
3630 1
3631 1
3633 1
3684 2
3740 1
3743 1
3751 1
3799 1
3805 1
3806 1
4221 1
4228 1
4233 1
4235 1
4236 1
4239 1
4241 1
4247 1
4252 1
4255 1
4263 1
4267 1
4298 1
4299 1
4300 1
4301 1
4312 1
4320 1
4434 1
6239 1
6246 1
6419 1
6627 1
7027 1
7058 1
8896 1
8942 1
8945 1
8961 1
8962 1
8964 1
8970 1
8986 1
9000 1
9005 1
9014 1
