1 21058831
2 8145309
3 3784515
4 2229244
5 1579604
6 1258573
7 1125687
8 1130882
9 1195233
10 1283624
11 1333732
12 1339205
13 1310465
14 1244886
15 1173736
16 1099286
17 1017288
18 927657
19 840387
20 754343
21 664612
22 586085
23 511908
24 444772
25 389534
26 348742
27 317802
28 298355
29 282969
30 278735
31 276391
32 276930
33 277871
34 280211
35 281646
36 285042
37 289183
38 294955
39 295646
40 295672
41 295582
42 294479
43 292964
44 291748
45 288939
46 286420
47 281020
48 279128
49 271442
50 264237
51 255521
52 245855
53 234121
54 219507
55 202454
56 185115
57 165998
58 147120
59 128806
60 110399
61 94359
62 78588
63 65162
64 52712
65 42586
66 33955
67 26382
68 20718
69 15758
70 11868
71 9204
72 7094
73 5651
74 4460
75 3607
76 2967
77 2503
78 2257
79 2100
80 1908
81 1818
82 1714
83 1584
84 1562
85 1429
86 1443
87 1309
88 1229
89 1081
90 1054
91 1046
92 1043
93 969
94 917
95 889
96 856
97 852
98 862
99 863
100 885
101 889
102 843
103 897
104 856
105 815
106 780
107 786
108 852
109 809
110 870
111 846
112 768
113 735
114 714
115 667
116 647
117 629
118 663
119 632
120 592
121 533
122 460
123 444
124 398
125 400
126 364
127 336
128 285
129 284
130 273
131 277
132 312
133 302
134 276
135 255
136 241
137 231
138 260
139 231
140 232
141 300
142 345
143 294
144 318
145 344
146 329
147 333
148 335
149 351
150 327
151 319
152 365
153 357
154 366
155 350
156 303
157 325
158 322
159 324
160 329
161 287
162 287
163 312
164 315
165 318
166 311
167 298
168 312
169 277
170 266
171 275
172 280
173 244
174 258
175 241
176 188
177 199
178 157
179 172
180 170
181 166
182 173
183 151
184 169
185 149
186 139
187 130
188 133
189 106
190 97
191 81
192 86
193 73
194 63
195 70
196 65
197 69
198 64
199 78
200 87
201 87
202 90
203 72
204 86
205 92
206 76
207 84
208 106
209 100
210 96
211 100
212 92
213 85
214 87
215 69
216 105
217 109
218 125
219 120
220 155
221 171
222 214
223 230
224 292
225 301
226 388
227 442
228 526
229 661
230 740
231 899
232 1135
233 1263
234 1557
235 1821
236 1950
237 2442
238 2730
239 3261
240 3640
241 4373
242 4979
243 5775
244 6439
245 7423
246 8550
247 9523
248 10780
249 12113
250 13280
251 14846
252 16810
253 18515
254 20362
255 22259
256 24570
257 26350
258 28688
259 31177
260 33746
261 36216
262 38646
263 41600
264 44435
265 46901
266 49900
267 52556
268 55207
269 57981
270 60910
271 63720
272 66809
273 69758
274 72627
275 75321
276 77355
277 80429
278 82872
279 85459
280 87022
281 89953
282 92273
283 94723
284 96038
285 97761
286 99748
287 101241
288 102521
289 103138
290 104660
291 104616
292 105688
293 105562
294 106057
295 105528
296 105285
297 104900
298 104131
299 103029
300 102646
301 101232
302 100595
303 98440
304 97064
305 94979
306 93073
307 90511
308 88038
309 85256
310 82680
311 79587
312 76920
313 73199
314 70472
315 67482
316 64475
317 60835
318 58021
319 54729
320 51600
321 48464
322 45342
323 42332
324 39506
325 36806
326 33986
327 31353
328 28750
329 26479
330 24237
331 22414
332 20218
333 18251
334 16446
335 14855
336 13431
337 12141
338 10872
339 9653
340 8608
341 7648
342 6865
343 5909
344 5227
345 4575
346 4122
347 3639
348 3137
349 2689
350 2367
351 1974
352 1766
353 1545
354 1313
355 1058
356 951
357 808
358 683
359 590
360 532
361 450
362 353
363 340
364 281
365 261
366 204
367 177
368 163
369 145
370 119
371 75
372 85
373 83
374 82
375 64
376 86
377 61
378 53
379 52
380 49
381 44
382 46
383 61
384 43
385 55
386 43
387 45
388 48
389 52
390 44
391 36
392 43
393 46
394 43
395 41
396 43
397 37
398 47
399 50
400 54
401 55
402 63
403 48
404 38
405 56
406 40
407 44
408 35
409 39
410 49
411 51
412 41
413 47
414 46
415 48
416 54
417 47
418 45
419 38
420 40
421 39
422 40
423 30
424 40
425 37
426 36
427 35
428 38
429 45
430 28
431 27
432 27
433 37
434 23
435 30
436 19
437 18
438 20
439 26
440 18
441 19
442 23
443 13
444 17
445 17
446 20
447 15
448 16
449 13
450 22
451 18
452 26
453 21
454 27
455 23
456 30
457 21
458 18
459 23
460 19
461 15
462 6
463 13
464 14
465 15
466 17
467 20
468 21
469 18
470 8
471 12
472 7
473 12
474 10
475 10
476 15
477 16
478 20
479 14
480 16
481 9
482 7
483 9
484 14
485 10
486 7
487 5
488 7
489 11
490 6
491 11
492 7
493 10
494 15
495 15
496 12
497 9
498 11
499 9
500 19
501 18
502 25
503 23
504 32
505 32
506 32
507 22
508 34
509 36
510 39
511 41
512 22
513 50
514 36
515 46
516 47
517 66
518 68
519 54
520 73
521 84
522 71
523 73
524 80
525 94
526 88
527 111
528 119
529 118
530 128
531 121
532 124
533 140
534 150
535 144
536 147
537 171
538 176
539 163
540 186
541 221
542 184
543 229
544 217
545 201
546 252
547 275
548 229
549 230
550 243
551 225
552 250
553 264
554 277
555 293
556 282
557 342
558 314
559 328
560 325
561 314
562 311
563 319
564 309
565 297
566 303
567 359
568 363
569 345
570 329
571 379
572 357
573 391
574 377
575 385
576 357
577 356
578 365
579 348
580 363
581 350
582 374
583 355
584 349
585 360
586 372
587 353
588 366
589 339
590 353
591 335
592 362
593 333
594 337
595 340
596 345
597 329
598 360
599 313
600 348
601 344
602 321
603 306
604 323
605 326
606 295
607 302
608 289
609 321
610 270
611 322
612 295
613 287
614 258
615 280
616 224
617 216
618 272
619 217
620 232
621 226
622 213
623 234
624 210
625 222
626 222
627 213
628 188
629 206
630 199
631 202
632 176
633 165
634 184
635 154
636 149
637 137
638 137
639 142
640 130
641 118
642 131
643 91
644 119
645 95
646 80
647 88
648 67
649 68
650 66
651 57
652 56
653 44
654 55
655 40
656 47
657 40
658 37
659 37
660 46
661 28
662 33
663 34
664 32
665 31
666 38
667 25
668 21
669 29
670 20
671 29
672 17
673 25
674 20
675 19
676 16
677 14
678 14
679 17
680 16
681 13
682 7
683 10
684 20
685 15
686 13
687 11
688 14
689 8
690 9
691 15
692 8
693 15
694 16
695 17
696 15
697 12
698 19
699 17
700 27
701 9
702 26
703 17
704 17
705 8
706 13
707 9
708 9
709 6
710 12
711 11
712 14
713 13
714 7
715 8
716 16
717 14
718 8
719 11
720 7
721 8
722 13
723 12
724 14
725 13
726 14
727 12
728 11
729 7
730 11
731 11
732 13
733 13
734 14
735 15
736 6
737 6
738 4
739 13
740 7
741 10
742 10
743 9
744 9
745 6
746 6
747 6
748 7
749 9
750 3
751 7
752 7
753 11
754 5
755 10
756 12
757 5
758 7
759 10
760 8
761 20
762 4
763 12
764 10
765 13
766 21
767 16
768 11
769 26
770 17
771 21
772 23
773 21
774 28
775 23
776 29
777 25
778 30
779 37
780 42
781 37
782 37
783 39
784 44
785 53
786 51
787 53
788 63
789 59
790 55
791 53
792 45
793 55
794 65
795 57
796 53
797 86
798 71
799 80
800 62
801 81
802 72
803 68
804 84
805 86
806 95
807 94
808 107
809 105
810 103
811 129
812 120
813 140
814 150
815 151
816 131
817 137
818 137
819 135
820 152
821 146
822 163
823 151
824 148
825 125
826 141
827 146
828 138
829 127
830 169
831 121
832 154
833 126
834 144
835 125
836 127
837 122
838 122
839 126
840 125
841 105
842 111
843 119
844 137
845 105
846 131
847 103
848 110
849 113
850 114
851 122
852 112
853 102
854 120
855 133
856 125
857 120
858 130
859 108
860 129
861 112
862 115
863 103
864 107
865 123
866 84
867 72
868 99
869 96
870 71
871 69
872 74
873 72
874 64
875 63
876 57
877 59
878 50
879 57
880 51
881 55
882 49
883 61
884 52
885 50
886 42
887 48
888 48
889 49
890 40
891 38
892 43
893 43
894 39
895 37
896 40
897 34
898 30
899 36
900 35
901 32
902 38
903 35
904 34
905 32
906 26
907 30
908 39
909 37
910 38
911 33
912 33
913 34
914 34
915 19
916 25
917 28
918 22
919 39
920 35
921 26
922 20
923 28
924 31
925 20
926 16
927 21
928 34
929 27
930 22
931 17
932 22
933 28
934 25
935 23
936 23
937 21
938 24
939 20
940 17
941 16
942 21
943 16
944 17
945 18
946 21
947 19
948 10
949 15
950 15
951 12
952 4
953 10
954 11
955 11
956 6
957 9
958 12
959 17
960 17
961 10
962 12
963 10
964 8
965 10
966 12
967 8
968 6
969 14
970 12
971 11
972 11
973 12
974 10
975 11
976 15
977 9
978 9
979 11
980 19
981 12
982 10
983 11
984 8
985 11
986 18
987 12
988 18
989 20
990 15
991 18
992 6
993 12
994 18
995 3
996 6
997 11
998 16
999 10
1000 17
1001 8
1002 10
1003 10
1004 6
1005 11
1006 6
1007 6
1008 6
1009 3
1010 5
1011 6
1012 6
1013 6
1014 7
1015 6
1016 3
1017 11
1018 5
1019 4
1020 4
1021 3
1022 5
1023 5
1024 5
1025 5
1026 1
1027 4
1028 7
1029 7
1030 2
1031 9
1032 3
1033 8
1034 7
1035 4
1036 2
1037 1
1038 2
1039 1
1040 1
1041 3
1042 2
1043 5
1044 3
1045 3
1046 5
1047 3
1048 7
1049 8
1050 7
1051 11
1052 5
1053 10
1054 8
1055 16
1056 12
1057 10
1058 5
1059 10
1060 12
1061 11
1062 10
1063 12
1064 11
1065 9
1066 12
1067 14
1068 23
1069 16
1070 14
1071 14
1072 26
1073 22
1074 31
1075 34
1076 34
1077 36
1078 33
1079 35
1080 33
1081 33
1082 39
1083 31
1084 38
1085 42
1086 38
1087 41
1088 51
1089 33
1090 37
1091 36
1092 25
1093 37
1094 26
1095 45
1096 46
1097 35
1098 41
1099 45
1100 47
1101 40
1102 31
1103 28
1104 41
1105 36
1106 43
1107 45
1108 53
1109 33
1110 42
1111 30
1112 46
1113 40
1114 35
1115 43
1116 48
1117 41
1118 31
1119 47
1120 39
1121 39
1122 36
1123 30
1124 38
1125 28
1126 32
1127 33
1128 33
1129 30
1130 31
1131 30
1132 30
1133 27
1134 24
1135 29
1136 36
1137 33
1138 34
1139 35
1140 31
1141 20
1142 30
1143 33
1144 30
1145 26
1146 37
1147 21
1148 36
1149 23
1150 21
1151 21
1152 27
1153 29
1154 27
1155 24
1156 21
1157 21
1158 21
1159 21
1160 17
1161 12
1162 23
1163 15
1164 18
1165 19
1166 22
1167 18
1168 18
1169 26
1170 24
1171 32
1172 24
1173 31
1174 17
1175 19
1176 15
1177 17
1178 24
1179 23
1180 17
1181 21
1182 28
1183 29
1184 34
1185 30
1186 22
1187 21
1188 32
1189 26
1190 30
1191 26
1192 37
1193 26
1194 30
1195 34
1196 30
1197 26
1198 24
1199 37
1200 34
1201 25
1202 22
1203 35
1204 32
1205 35
1206 32
1207 33
1208 21
1209 35
1210 35
1211 32
1212 35
1213 35
1214 35
1215 36
1216 38
1217 30
1218 40
1219 29
1220 34
1221 33
1222 25
1223 33
1224 29
1225 42
1226 38
1227 40
1228 21
1229 26
1230 20
1231 38
1232 34
1233 39
1234 34
1235 25
1236 32
1237 33
1238 31
1239 29
1240 32
1241 23
1242 29
1243 18
1244 22
1245 26
1246 22
1247 15
1248 25
1249 22
1250 16
1251 27
1252 18
1253 17
1254 20
1255 16
1256 21
1257 20
1258 18
1259 14
1260 13
1261 20
1262 14
1263 10
1264 8
1265 10
1266 10
1267 14
1268 15
1269 12
1270 12
1271 8
1272 9
1273 6
1274 13
1275 11
1276 11
1277 7
1278 9
1279 13
1280 10
1281 7
1282 5
1283 7
1284 5
1285 10
1286 7
1287 6
1288 9
1289 8
1290 10
1291 3
1292 8
1293 12
1294 7
1295 10
1296 8
1297 7
1298 11
1299 12
1300 7
1301 7
1302 6
1303 12
1304 6
1305 5
1306 5
1307 4
1308 5
1309 5
1310 4
1311 2
1312 3
1313 6
1314 7
1315 12
1316 6
1317 7
1318 7
1319 2
1320 3
1321 4
1322 3
1323 4
1324 4
1325 9
1326 6
1327 4
1328 5
1329 7
1330 12
1331 5
1332 7
1333 11
1334 5
1335 12
1336 10
1337 9
1338 11
1339 4
1340 11
1341 14
1342 10
1343 9
1344 13
1345 14
1346 12
1347 22
1348 8
1349 17
1350 14
1351 8
1352 16
1353 14
1354 15
1355 11
1356 21
1357 13
1358 10
1359 19
1360 16
1361 25
1362 15
1363 17
1364 22
1365 18
1366 23
1367 23
1368 14
1369 31
1370 23
1371 16
1372 26
1373 15
1374 23
1375 33
1376 29
1377 17
1378 26
1379 31
1380 33
1381 30
1382 30
1383 25
1384 21
1385 28
1386 33
1387 25
1388 30
1389 26
1390 30
1391 30
1392 17
1393 19
1394 25
1395 15
1396 18
1397 24
1398 26
1399 20
1400 18
1401 24
1402 17
1403 13
1404 9
1405 18
1406 18
1407 20
1408 17
1409 12
1410 30
1411 16
1412 18
1413 14
1414 12
1415 15
1416 21
1417 18
1418 17
1419 20
1420 16
1421 15
1422 20
1423 16
1424 9
1425 14
1426 16
1427 22
1428 22
1429 21
1430 9
1431 23
1432 17
1433 21
1434 18
1435 18
1436 9
1437 15
1438 13
1439 13
1440 10
1441 14
1442 16
1443 9
1444 9
1445 3
1446 11
1447 12
1448 8
1449 13
1450 10
1451 10
1452 11
1453 9
1454 9
1455 5
1456 4
1457 7
1458 13
1459 9
1460 7
1461 8
1462 4
1463 6
1464 8
1465 7
1466 9
1467 6
1468 10
1469 5
1470 7
1471 7
1472 6
1473 12
1474 4
1475 8
1476 10
1477 7
1478 7
1479 12
1480 10
1481 8
1482 12
1483 10
1484 10
1485 13
1486 9
1487 12
1488 14
1489 17
1490 15
1491 18
1492 21
1493 12
1494 11
1495 9
1496 17
1497 16
1498 14
1499 8
1500 19
1501 13
1502 15
1503 19
1504 17
1505 15
1506 12
1507 7
1508 15
1509 12
1510 19
1511 18
1512 13
1513 14
1514 19
1515 14
1516 18
1517 15
1518 12
1519 21
1520 28
1521 14
1522 24
1523 16
1524 18
1525 21
1526 24
1527 17
1528 20
1529 20
1530 23
1531 25
1532 13
1533 25
1534 16
1535 18
1536 10
1537 13
1538 15
1539 10
1540 6
1541 13
1542 11
1543 3
1544 5
1545 9
1546 11
1547 5
1548 9
1549 10
1550 4
1551 10
1552 9
1553 11
1554 8
1555 9
1556 9
1557 8
1558 3
1559 9
1560 9
1561 3
1562 9
1563 5
1564 13
1565 8
1566 6
1567 8
1568 4
1569 4
1570 4
1571 7
1572 3
1573 7
1574 8
1575 3
1576 6
1577 7
1578 10
1579 2
1580 4
1581 3
1582 4
1583 4
1584 6
1585 7
1586 5
1587 5
1588 9
1589 5
1590 6
1591 3
1592 10
1593 5
1594 10
1595 3
1596 6
1597 5
1598 2
1599 5
1600 8
1601 10
1602 6
1603 12
1604 12
1605 6
1606 6
1607 9
1608 6
1609 6
1610 9
1611 14
1612 7
1613 9
1614 11
1615 14
1616 10
1617 14
1618 9
1619 16
1620 18
1621 15
1622 16
1623 16
1624 19
1625 13
1626 20
1627 16
1628 15
1629 22
1630 15
1631 30
1632 14
1633 18
1634 21
1635 17
1636 17
1637 21
1638 22
1639 13
1640 26
1641 17
1642 22
1643 24
1644 15
1645 18
1646 20
1647 26
1648 28
1649 21
1650 23
1651 21
1652 15
1653 23
1654 28
1655 30
1656 25
1657 22
1658 36
1659 27
1660 22
1661 21
1662 23
1663 25
1664 18
1665 34
1666 36
1667 24
1668 31
1669 30
1670 29
1671 25
1672 28
1673 16
1674 23
1675 15
1676 12
1677 17
1678 8
1679 18
1680 13
1681 12
1682 24
1683 20
1684 24
1685 18
1686 17
1687 18
1688 11
1689 18
1690 19
1691 17
1692 16
1693 20
1694 14
1695 14
1696 9
1697 19
1698 17
1699 12
1700 18
1701 23
1702 11
1703 22
1704 16
1705 18
1706 10
1707 3
1708 6
1709 4
1710 12
1711 15
1712 5
1713 6
1714 8
1715 6
1716 8
1717 12
1718 6
1719 6
1720 11
1721 10
1722 10
1723 5
1724 5
1725 7
1726 16
1727 9
1728 7
1729 5
1730 3
1731 4
1732 7
1733 7
1734 6
1735 4
1736 3
1737 2
1738 3
1739 3
1740 2
1741 3
1742 3
1743 5
1744 3
1745 2
1746 6
1747 2
1748 4
1749 4
1750 3
1751 2
1752 3
1753 3
1754 1
1755 1
1756 1
1757 2
1758 3
1759 4
1761 2
1762 4
1763 5
1764 1
1765 2
1767 1
1768 2
1769 4
1770 1
1771 1
1772 2
1773 1
1774 2
1775 2
1776 3
1777 1
1778 1
1779 2
1780 3
1782 3
1783 2
1784 8
1785 1
1786 2
1787 2
1788 2
1790 4
1791 2
1792 2
1793 2
1794 7
1795 3
1796 3
1797 2
1798 3
1799 3
1800 5
1801 2
1803 4
1804 1
1805 4
1806 3
1807 1
1808 2
1809 1
1810 5
1811 4
1812 2
1813 5
1814 1
1815 3
1817 4
1818 4
1819 4
1821 2
1822 2
1824 1
1825 2
1826 2
1827 2
1828 2
1830 1
1832 3
1834 1
1835 1
1836 2
1837 3
1838 1
1839 5
1840 2
1841 1
1842 1
1843 2
1844 4
1845 1
1846 2
1847 4
1848 2
1849 4
1850 3
1851 5
1852 4
1853 5
1854 2
1855 3
1857 1
1858 5
1859 3
1860 3
1861 2
1862 2
1863 3
1864 4
1865 2
1866 1
1867 2
1868 2
1869 2
1870 4
1871 2
1872 5
1873 1
1874 1
1875 1
1876 1
1877 2
1880 2
1881 1
1883 1
1884 1
1885 1
1886 1
1888 1
1889 1
1890 1
1891 5
1892 2
1893 2
1894 4
1895 2
1896 1
1897 1
1898 1
1899 1
1900 2
1901 2
1902 3
1903 1
1904 7
1905 4
1906 4
1907 4
1908 2
1909 2
1910 1
1911 3
1912 7
1913 4
1914 1
1915 1
1916 4
1917 4
1918 2
1919 2
1920 6
1921 1
1922 2
1923 3
1924 4
1925 5
1926 1
1927 4
1928 4
1929 4
1930 2
1931 5
1932 6
1933 6
1934 5
1935 2
1936 4
1937 5
1938 4
1939 3
1940 2
1941 2
1943 3
1944 7
1945 1
1946 3
1947 5
1948 1
1950 1
1951 2
1952 2
1953 4
1955 2
1956 1
1957 3
1958 3
1959 4
1961 1
1962 3
1963 1
1964 1
1965 2
1966 4
1969 2
1970 1
1971 2
1972 3
1973 1
1974 1
1975 2
1979 2
1980 3
1981 2
1983 1
1984 2
1986 3
1987 1
1988 3
1989 2
1991 2
1992 1
1993 2
1995 1
1996 1
1997 1
1998 1
2001 2
2002 1
2003 1
2004 1
2006 2
2007 1
2009 2
2011 1
2012 1
2013 3
2016 1
2018 1
2019 1
2020 2
2021 1
2022 1
2026 2
2032 1
2034 1
2037 1
2038 1
2043 1
2044 1
2045 1
2049 2
2050 1
2052 1
2055 1
2057 1
2058 1
2059 1
2066 1
2079 1
2087 1
2122 3
2126 2
2130 1
2133 2
2134 1
2137 1
2143 1
2144 1
2145 1
2146 2
2148 1
2149 1
2150 1
2151 3
2154 3
2156 4
2157 2
2158 1
2159 1
2160 2
2161 2
2162 2
2163 1
2166 2
2167 2
2168 1
2169 1
2170 2
2172 1
2173 1
2174 1
2175 2
2176 2
2178 1
2179 2
2180 2
2182 3
2184 1
2186 3
2188 2
2189 1
2191 1
2192 2
2193 2
2194 1
2195 2
2198 4
2199 3
2201 2
2205 2
2207 1
2208 3
2210 1
2211 1
2212 1
2213 3
2216 3
2218 1
2220 1
2222 1
2225 2
2226 2
2227 2
2228 1
2229 4
2230 3
2231 2
2232 1
2233 2
2234 3
2235 4
2236 1
2237 1
2238 4
2239 2
2240 2
2241 2
2242 7
2243 3
2244 5
2245 4
2246 3
2247 3
2248 7
2249 4
2250 2
2251 4
2252 1
2253 3
2254 1
2255 3
2256 3
2257 1
2258 3
2259 1
2260 2
2261 3
2262 2
2264 1
2265 1
2266 2
2267 1
2268 1
2269 2
2270 5
2271 4
2272 1
2273 1
2274 4
2275 2
2277 2
2278 1
2279 1
2280 1
2281 1
2283 2
2285 1
2286 1
2292 2
2294 2
2297 2
2302 1
2303 1
2304 1
2313 1
2314 2
2316 1
2319 1
2320 1
2321 1
2323 1
2324 1
2325 2
2332 1
2342 1
2354 1
2358 1
2359 1
2360 2
2362 1
2373 2
2376 1
2379 1
2380 2
2381 1
2382 1
2387 1
2392 2
2393 1
2395 1
2399 1
2400 1
2402 1
2406 1
2416 1
2422 1
2423 1
2427 1
2430 1
2432 1
2434 1
2435 2
2437 1
2438 1
2439 2
2440 1
2441 1
2446 1
2449 1
2450 1
2451 1
2452 1
2456 1
2457 2
2458 1
2459 2
2460 4
2462 1
2464 1
2465 1
2467 1
2468 1
2469 1
2470 3
2471 3
2473 1
2474 3
2475 2
2476 1
2477 2
2478 2
2479 3
2480 2
2481 6
2482 5
2483 2
2484 4
2485 4
2486 6
2487 6
2488 1
2489 2
2490 1
2491 1
2492 2
2493 2
2494 3
2495 2
2496 4
2497 1
2499 3
2500 2
2501 4
2502 1
2503 2
2504 3
2505 1
2506 1
2507 3
2509 1
2510 3
2511 5
2513 2
2514 3
2515 3
2517 1
2518 2
2520 2
2521 1
2522 1
2523 1
2524 2
2525 1
2526 1
2527 1
2528 1
2529 1
2530 1
2531 2
2532 1
2533 1
2535 1
2536 1
2537 1
2540 1
2551 1
2553 1
2563 1
2568 1
2572 1
2573 1
2574 2
2580 2
2586 1
2592 1
2616 1
2641 1
2646 1
2647 2
2648 2
2649 1
2665 1
2667 1
2668 1
2672 2
2676 2
2677 3
2679 1
2681 2
2682 1
2684 2
2685 1
2687 1
2689 4
2690 2
2691 2
2693 1
2696 1
2698 2
2700 1
2704 1
2706 1
2707 1
2708 2
2709 2
2711 3
2712 1
2716 1
2718 1
2719 2
2721 1
2723 2
2726 1
2728 1
2729 2
2731 2
2732 1
2737 2
2738 3
2739 1
2740 1
2741 1
2742 2
2743 2
2744 3
2745 1
2746 2
2747 3
2748 1
2749 2
2750 4
2752 2
2753 3
2754 1
2755 1
2756 2
2757 2
2758 2
2759 1
2760 3
2762 4
2763 3
2764 2
2766 1
2767 4
2768 3
2769 2
2770 4
2771 5
2772 4
2773 5
2774 1
2775 2
2776 1
2777 3
2778 2
2779 6
2780 3
2781 4
2782 2
2783 6
2784 3
2785 3
2786 2
2787 2
2788 2
2789 2
2790 1
2791 3
2792 2
2793 3
2794 2
2795 5
2796 4
2797 5
2798 3
2799 5
2800 3
2801 2
2802 3
2803 5
2804 3
2805 3
2806 4
2807 1
2808 1
2809 2
2810 1
2811 1
2812 4
2813 2
2814 2
2816 4
2817 1
2818 1
2820 2
2821 3
2823 2
2824 3
2828 1
2829 1
2831 1
2834 2
2835 1
2838 1
2839 2
2841 2
2842 1
2843 2
2845 2
2847 1
2848 1
2849 2
2850 2
2851 1
2856 1
2865 1
2876 1
2877 2
2878 1
2889 1
2892 1
2911 1
2920 1
2923 1
2930 1
2939 1
2943 1
2949 1
2950 2
2952 1
2953 3
2954 2
2957 3
2959 1
2960 1
2961 2
2963 2
2965 1
2966 2
2967 1
2968 2
2971 1
2972 2
2973 2
2974 2
2975 1
2978 1
2979 3
2980 3
2981 1
2982 3
2983 2
2984 4
2985 5
2986 1
2988 3
2989 1
2990 3
2991 3
2992 2
2993 2
2994 4
2995 3
2996 1
2997 2
2998 2
2999 3
3000 3
3001 3
3002 1
3003 2
3004 1
3005 1
3007 4
3008 1
3009 3
3010 1
3011 1
3012 1
3013 1
3014 3
3015 2
3016 1
3017 2
3019 2
3020 1
3021 1
3022 1
3024 1
3025 1
3026 3
3028 1
3029 2
3030 1
3032 3
3035 1
3036 2
3037 4
3038 3
3039 1
3040 2
3041 4
3042 3
3043 1
3044 3
3045 4
3046 2
3048 2
3049 5
3050 3
3051 5
3052 5
3053 1
3055 3
3056 4
3057 6
3058 5
3059 6
3060 2
3061 6
3062 3
3063 5
3064 6
3065 3
3066 12
3067 1
3068 5
3069 2
3070 1
3071 2
3072 3
3073 2
3074 2
3075 3
3076 2
3077 2
3078 4
3079 4
3080 4
3081 6
3082 5
3083 5
3084 4
3085 5
3086 3
3087 2
3088 5
3089 8
3090 4
3091 2
3092 2
3093 4
3094 1
3095 3
3096 2
3097 4
3098 3
3099 5
3100 2
3101 4
3102 3
3103 2
3104 3
3105 3
3106 2
3107 6
3108 4
3109 2
3110 1
3111 3
3112 2
3113 4
3114 5
3115 3
3116 5
3117 3
3118 2
3119 1
3120 3
3121 1
3122 3
3123 5
3124 4
3125 4
3126 3
3127 3
3128 2
3129 2
3130 3
3131 4
3132 1
3134 3
3135 1
3137 1
3138 3
3139 1
3140 1
3141 1
3143 3
3148 1
3150 2
3151 1
3152 2
3153 2
3155 1
3156 1
3158 3
3160 4
3161 2
3162 2
3163 1
3164 1
3166 2
3168 1
3169 1
3170 1
3171 3
3173 1
3177 2
3180 1
3187 1
3188 1
3196 1
3197 1
3203 1
3207 1
3209 1
3211 1
3212 1
3214 2
3217 1
3218 2
3219 1
3220 1
3222 1
3223 2
3224 2
3225 1
3228 1
3230 2
3231 2
3232 1
3241 1
3245 1
3248 1
3250 1
3251 1
3258 1
3259 1
3264 1
3265 1
3266 2
3269 1
3271 1
3280 1
3283 1
3291 2
3292 1
3293 2
3294 1
3295 1
3296 2
3297 1
3298 1
3299 2
3301 2
3302 2
3303 1
3304 1
3305 1
3306 2
3308 1
3309 1
3310 1
3311 3
3312 4
3313 1
3314 1
3315 4
3316 4
3317 1
3318 3
3319 5
3320 4
3321 2
3322 2
3324 2
3325 2
3326 3
3327 5
3328 2
3330 1
3331 3
3332 2
3333 3
3334 2
3336 1
3339 1
3340 3
3341 1
3342 3
3343 6
3344 1
3345 2
3347 1
3348 2
3352 1
3356 1
3358 2
3359 1
3360 1
3361 3
3362 1
3363 1
3364 1
3365 1
3366 3
3367 1
3370 2
3372 2
3373 1
3376 1
3377 1
3379 2
3380 1
3381 1
3382 1
3383 2
3384 1
3385 2
3386 1
3387 1
3388 2
3389 6
3390 1
3391 3
3392 1
3393 1
3394 1
3395 2
3396 5
3397 1
3398 2
3399 2
3400 3
3401 1
3402 4
3404 1
3405 1
3406 1
3408 2
3410 1
3411 1
3412 3
3414 1
3415 2
3416 1
3417 1
3418 2
3421 3
3422 1
3423 2
3424 2
3425 3
3426 1
3427 1
3428 2
3430 3
3431 2
3432 2
3433 2
3434 2
3436 3
3437 1
3439 1
3441 1
3442 1
3443 1
3444 1
3445 1
3451 1
3460 1
3473 1
3489 3
3492 1
3494 1
3500 1
3502 1
3504 1
3506 1
3508 1
3509 1
3510 1
3512 1
3513 1
3514 2
3516 1
3517 3
3518 2
3519 3
3522 1
3523 1
3524 4
3525 1
3526 1
3527 1
3528 1
3529 3
3530 1
3531 4
3532 1
3533 1
3534 2
3535 2
3536 1
3537 1
3539 1
3540 1
3541 3
3543 1
3545 1
3546 4
3548 2
3550 2
3551 1
3552 1
3554 3
3555 1
3556 2
3557 3
3558 1
3559 3
3560 2
3561 1
3563 2
3565 2
3566 3
3567 3
3568 3
3569 1
3570 2
3571 3
3572 1
3574 4
3575 1
3576 4
3577 3
3578 2
3579 1
3580 3
3581 1
3582 1
3584 1
3585 3
3586 3
3588 3
3589 4
3590 2
3591 1
3592 3
3596 2
3597 1
3598 1
3599 3
3600 3
3601 2
3602 1
3603 1
3605 3
3606 1
3607 3
3608 2
3609 1
3610 1
3611 2
3612 3
3613 2
3614 4
3615 1
3616 3
3617 2
3618 4
3621 2
3623 1
3624 1
3625 1
3626 1
3627 2
3628 1
3629 3
3631 1
3632 2
3633 1
3634 2
3635 2
3638 1
3639 3
3640 1
3643 2
3645 3
3646 2
3648 2
3651 3
3652 1
3653 1
3654 3
3655 1
3658 1
3660 1
3663 2
3664 1
3665 1
3666 3
3667 1
3668 2
3670 1
3672 1
3673 3
3675 1
3676 3
3678 1
3680 2
3681 1
3683 1
3684 3
3685 1
3686 2
3687 3
3688 2
3689 1
3694 1
3695 1
3696 2
3697 1
3699 2
3701 1
3702 1
3703 2
3705 1
3706 2
3707 1
3708 1
3709 2
3711 2
3712 3
3713 2
3714 2
3715 1
3716 3
3717 2
3718 1
3719 2
3720 4
3721 2
3722 2
3723 2
3724 2
3725 3
3727 3
3728 1
3729 4
3730 1
3731 3
3732 1
3733 2
3734 1
3735 2
3736 3
3737 3
3739 2
3740 2
3741 7
3742 1
3747 1
3749 1
3750 1
3751 3
3752 1
3753 2
3754 2
3756 3
3757 5
3758 1
3759 1
3760 2
3761 1
3762 1
3763 2
3765 2
3766 1
3767 1
3769 1
3770 2
3771 1
3772 2
3773 2
3774 3
3776 1
3780 2
3781 2
3782 1
3783 1
3784 4
3792 1
3793 1
3795 1
3803 1
3805 1
3806 2
3815 2
3821 1
3822 2
3828 1
3829 2
3830 1
3832 2
3833 1
3834 1
3836 1
3837 1
3840 1
3841 1
3843 1
3844 1
3845 1
3846 3
3847 1
3849 1
3851 1
3852 1
3853 3
3855 1
3856 1
3858 3
3859 1
3860 1
3861 3
3862 1
3863 2
3864 1
3865 2
3866 2
3867 2
3868 2
3870 1
3872 1
3873 4
3874 2
3875 2
3876 1
3877 2
3878 2
3879 1
3880 2
3881 1
3882 1
3883 1
3885 2
3886 2
3887 1
3888 1
3890 1
3892 2
3893 1
3895 1
3896 3
3897 1
3899 1
3900 3
3904 2
3908 1
3910 1
3911 1
3912 2
3913 2
3914 1
3915 1
3916 1
3918 3
3921 1
3922 1
3926 3
3927 1
3928 1
3932 1
3934 1
3952 1
3966 1
3970 2
3976 2
3978 1
3981 1
3989 1
3993 1
4001 1
4004 1
4006 1
4016 1
4019 1
4034 1
4042 1
4043 1
4044 2
4046 2
4052 1
4053 1
4055 1
4059 1
4060 2
4061 2
4062 1
4063 1
4065 1
4067 1
4075 1
4082 2
4084 1
4085 1
4086 2
4089 1
4090 1
4091 2
4092 5
4093 1
4095 2
4096 1
4097 2
4098 1
4101 2
4102 1
4104 1
4105 2
4106 4
4108 1
4109 1
4110 3
4111 1
4113 3
4114 1
4115 1
4116 1
4117 1
4118 4
4119 1
4120 1
4121 1
4122 1
4123 2
4125 2
4126 2
4127 1
4128 3
4129 2
4130 1
4131 1
4132 4
4133 5
4134 1
4135 5
4136 1
4137 1
4138 2
4140 1
4141 1
4142 3
4143 4
4144 1
4145 1
4146 5
4148 3
4149 2
4150 2
4151 2
4152 1
4154 1
4156 1
4158 4
4159 2
4160 2
4161 1
4162 2
4163 2
4164 3
4165 5
4166 3
4167 3
4168 1
4169 4
4170 4
4171 3
4172 3
4173 4
4174 5
4175 6
4176 5
4177 8
4178 1
4179 3
4180 2
4181 4
4182 5
4183 3
4184 2
4185 2
4186 3
4187 1
4188 5
4189 3
4190 2
4191 2
4192 6
4193 1
4194 2
4195 2
4196 4
4197 2
4199 2
4201 2
4202 3
4203 1
4204 3
4205 3
4206 2
4207 2
4209 2
4210 1
4211 2
4213 2
4214 6
4215 3
4217 2
4218 2
4219 3
4220 1
4221 1
4222 4
4223 4
4224 4
4225 3
4226 1
4227 1
4228 1
4229 4
4230 1
4231 5
4233 1
4234 1
4236 1
4237 2
4238 2
4239 4
4240 2
4241 2
4242 1
4244 4
4245 2
4246 1
4247 1
4249 1
4250 1
4251 1
4252 3
4254 3
4255 2
4256 4
4258 2
4259 4
4260 1
4261 3
4262 4
4264 2
4265 3
4266 2
4267 1
4268 2
4269 1
4270 3
4272 1
4275 1
4276 2
4278 1
4284 1
4290 1
4303 1
4367 1
4375 1
4378 1
4379 1
4381 1
4382 1
4383 1
4385 3
4387 1
4388 6
4389 1
4392 1
4394 1
4395 3
4397 1
4398 2
4399 2
4400 3
4401 1
4402 2
4403 2
4404 1
4407 2
4408 2
4410 2
4412 3
4413 2
4414 1
4416 2
4418 2
4419 1
4423 1
4424 1
4426 3
4428 1
4429 2
4430 1
4431 2
4432 2
4433 1
4434 3
4436 1
4438 1
4439 1
4440 2
4441 1
4444 1
4445 1
4446 2
4447 1
4448 1
4449 1
4452 2
4453 4
4456 4
4457 3
4459 1
4460 1
4462 1
4463 1
4464 1
4465 1
4466 1
4468 1
4469 1
4470 1
4471 2
4472 3
4475 1
4476 1
4477 1
4480 1
4481 1
4484 1
4486 1
4489 1
4490 1
4506 1
4523 1
4537 1
4581 1
4617 1
4625 1
4630 1
4635 1
4637 1
4639 1
4640 2
4641 1
4645 1
4646 1
4650 1
4651 1
4662 1
4666 1
4667 1
4673 1
4674 1
4676 4
4678 2
4680 2
4681 1
4683 2
4685 2
4687 1
4688 1
4689 2
4690 1
4691 1
4692 2
4693 1
4694 1
4696 4
4697 1
4698 1
4699 1
4700 2
4701 1
4704 1
4705 1
4706 3
4707 1
4708 1
4709 1
4710 3
4711 1
4712 3
4714 1
4715 2
4716 2
4718 2
4719 1
4720 3
4722 3
4723 4
4724 3
4726 2
4727 5
4728 1
4729 3
4730 1
4732 2
4733 2
4734 2
4735 1
4736 3
4737 2
4738 5
4739 6
4740 2
4741 5
4742 6
4743 4
4744 2
4745 1
4746 3
4747 4
4748 3
4749 1
4750 4
4751 1
4752 2
4753 3
4754 3
4755 1
4756 8
4757 3
4758 2
4759 2
4760 1
4762 3
4763 4
4764 2
4765 1
4766 2
4767 2
4768 1
4769 2
4770 1
4771 2
4774 2
4776 1
4777 2
4778 1
4780 1
4781 3
4782 1
4783 3
4788 2
4790 1
4791 1
4792 1
4794 2
4798 1
4818 1
4886 2
4900 1
4901 1
4907 1
4908 1
4911 1
4912 1
4913 1
4914 1
4915 1
4916 3
4919 1
4922 1
4925 2
4926 2
4928 1
4935 2
4936 1
4938 1
4940 1
4942 1
4946 1
4951 1
4953 2
4954 1
4955 1
4958 1
4968 1
4969 1
4970 1
4976 1
4977 1
4978 1
4980 1
4982 1
4987 1
4991 1
4992 1
4995 2
4996 1
4998 2
5000 1
5001 2
5004 3
5006 5
5007 5
5009 1
5011 1
5012 2
5013 1
5014 1
5015 3
5016 2
5017 2
5018 2
5019 3
5021 4
5023 1
5025 3
5027 1
5028 2
5029 1
5030 1
5031 1
5033 1
5035 2
5036 3
5038 1
5039 1
5040 2
5043 2
5044 2
5045 2
5049 1
5050 1
5054 1
5057 1
5116 1
5118 1
5119 1
5161 1
5290 1
5299 2
5301 1
5307 1
5785 1
5796 1
5892 1
6040 1
6045 1
6158 1
6442 1
6464 1
6506 1
6751 1
6757 1
6761 1
6762 1
6782 1
6784 1
6794 1
6795 1
6803 1
6808 1
6829 1
6906 1
6920 1
6938 1
7123 1
7132 1
7142 1
7189 1
7194 1
7197 1
7199 1
7204 1
7210 1
7491 1
7680 1
7688 1
7689 1
7695 1
7696 1
7698 1
7706 1
7715 1
7724 1
7734 1
7800 1
8011 1
8029 1
8084 1
8093 1
8245 1
8518 1
8594 1
9624 1
9718 1
9730 1
9747 1
9965 2
9967 1
9985 1
10001 29
