1 20094376
2 13454384
3 9403292
4 7136950
5 5572157
6 4337049
7 3369028
8 2645702
9 2133091
10 1768483
11 1486828
12 1236083
13 1015444
14 817821
15 652352
16 527602
17 438196
18 390328
19 369694
20 375563
21 395254
22 428695
23 466894
24 506111
25 545182
26 582189
27 615534
28 641234
29 662706
30 677266
31 687382
32 693390
33 692792
34 690076
35 682401
36 669468
37 649449
38 625361
39 598894
40 572296
41 540536
42 510310
43 478353
44 448818
45 423503
46 404646
47 385761
48 370892
49 359205
50 349489
51 338500
52 327265
53 313481
54 299910
55 283350
56 264947
57 246139
58 224000
59 203477
60 183195
61 164331
62 146808
63 133042
64 121654
65 113776
66 110293
67 110566
68 114885
69 123478
70 135775
71 150816
72 169800
73 191946
74 216917
75 244638
76 271569
77 299933
78 327865
79 358080
80 384321
81 412639
82 437782
83 461838
84 482399
85 500172
86 516260
87 529463
88 537740
89 542595
90 544841
91 542288
92 538377
93 531097
94 522839
95 508675
96 493216
97 477390
98 461204
99 441646
100 420781
101 401962
102 379110
103 359164
104 338219
105 314864
106 294670
107 271883
108 251173
109 230748
110 210195
111 190801
112 173290
113 155975
114 139091
115 124424
116 110428
117 98971
118 87348
119 76961
120 67041
121 59036
122 51939
123 45111
124 39589
125 34608
126 30809
127 27152
128 24197
129 21893
130 19922
131 18334
132 16731
133 15262
134 13925
135 13216
136 12156
137 11568
138 11016
139 10563
140 9824
141 9101
142 8640
143 7903
144 7438
145 7088
146 6565
147 6126
148 5819
149 5396
150 5070
151 4811
152 4578
153 4368
154 4253
155 3938
156 3953
157 3901
158 3742
159 3684
160 3641
161 3641
162 3637
163 3513
164 3524
165 3381
166 3410
167 3531
168 3529
169 3459
170 3429
171 3298
172 3286
173 3094
174 3048
175 3108
176 2942
177 2905
178 2852
179 2740
180 2686
181 2637
182 2570
183 2509
184 2463
185 2407
186 2444
187 2277
188 2220
189 2096
190 2010
191 2026
192 1960
193 1777
194 1737
195 1698
196 1697
197 1693
198 1539
199 1453
200 1428
201 1404
202 1375
203 1266
204 1121
205 1190
206 1116
207 1094
208 1028
209 1121
210 1005
211 915
212 987
213 944
214 927
215 861
216 820
217 763
218 734
219 729
220 687
221 670
222 668
223 610
224 558
225 529
226 497
227 475
228 438
229 479
230 449
231 413
232 395
233 377
234 332
235 363
236 347
237 290
238 279
239 302
240 358
241 304
242 317
243 280
244 288
245 280
246 292
247 239
248 237
249 237
250 242
251 241
252 270
253 267
254 261
255 284
256 257
257 273
258 296
259 305
260 299
261 283
262 281
263 299
264 303
265 270
266 296
267 267
268 289
269 274
270 262
271 262
272 250
273 269
274 257
275 300
276 303
277 274
278 243
279 259
280 275
281 288
282 290
283 293
284 284
285 315
286 295
287 294
288 309
289 295
290 311
291 328
292 325
293 332
294 272
295 315
296 281
297 294
298 296
299 279
300 294
301 318
302 326
303 289
304 294
305 329
306 325
307 300
308 301
309 318
310 276
311 257
312 265
313 226
314 286
315 284
316 268
317 292
318 305
319 259
320 259
321 270
322 278
323 259
324 284
325 306
326 271
327 257
328 253
329 271
330 236
331 237
332 205
333 212
334 223
335 231
336 210
337 228
338 237
339 219
340 218
341 212
342 209
343 227
344 215
345 202
346 205
347 233
348 204
349 199
350 178
351 159
352 182
353 174
354 169
355 196
356 158
357 150
358 162
359 148
360 146
361 150
362 139
363 131
364 114
365 120
366 107
367 118
368 104
369 112
370 99
371 105
372 89
373 106
374 133
375 105
376 112
377 112
378 111
379 104
380 115
381 113
382 71
383 75
384 81
385 83
386 84
387 82
388 60
389 80
390 77
391 66
392 70
393 67
394 67
395 52
396 59
397 76
398 62
399 72
400 67
401 78
402 78
403 78
404 67
405 79
406 83
407 100
408 83
409 76
410 71
411 85
412 90
413 78
414 95
415 100
416 92
417 102
418 96
419 115
420 105
421 96
422 119
423 102
424 140
425 130
426 136
427 130
428 136
429 121
430 159
431 149
432 152
433 142
434 125
435 139
436 128
437 146
438 129
439 138
440 138
441 111
442 134
443 130
444 117
445 124
446 126
447 113
448 95
449 103
450 106
451 110
452 82
453 138
454 81
455 117
456 114
457 129
458 121
459 117
460 102
461 93
462 117
463 89
464 105
465 93
466 87
467 85
468 74
469 75
470 47
471 57
472 65
473 79
474 56
475 76
476 54
477 49
478 71
479 59
480 55
481 66
482 57
483 50
484 73
485 62
486 54
487 57
488 54
489 46
490 56
491 67
492 56
493 53
494 82
495 63
496 77
497 79
498 70
499 71
500 87
501 64
502 60
503 70
504 50
505 46
506 42
507 53
508 45
509 31
510 46
511 36
512 28
513 25
514 30
515 31
516 24
517 30
518 28
519 52
520 30
521 37
522 31
523 29
524 43
525 40
526 42
527 46
528 36
529 44
530 39
531 38
532 40
533 45
534 33
535 38
536 26
537 29
538 29
539 30
540 22
541 37
542 34
543 18
544 31
545 32
546 22
547 28
548 16
549 31
550 20
551 24
552 19
553 21
554 21
555 23
556 18
557 15
558 21
559 17
560 21
561 21
562 28
563 26
564 35
565 23
566 35
567 31
568 38
569 25
570 30
571 30
572 33
573 29
574 27
575 25
576 20
577 17
578 22
579 24
580 25
581 32
582 28
583 24
584 24
585 34
586 22
587 37
588 32
589 31
590 34
591 38
592 27
593 31
594 33
595 23
596 32
597 26
598 32
599 19
600 25
601 25
602 21
603 30
604 21
605 21
606 16
607 26
608 19
609 30
610 31
611 27
612 25
613 16
614 16
615 26
616 11
617 20
618 17
619 12
620 17
621 9
622 14
623 13
624 14
625 15
626 14
627 15
628 19
629 18
630 24
631 22
632 19
633 27
634 23
635 30
636 37
637 24
638 23
639 27
640 19
641 27
642 22
643 23
644 17
645 14
646 34
647 19
648 26
649 13
650 17
651 23
652 26
653 22
654 20
655 28
656 22
657 26
658 23
659 24
660 19
661 34
662 22
663 29
664 38
665 38
666 30
667 21
668 28
669 19
670 28
671 32
672 25
673 23
674 24
675 30
676 21
677 22
678 17
679 16
680 22
681 16
682 18
683 22
684 17
685 14
686 18
687 20
688 13
689 15
690 14
691 17
692 15
693 22
694 13
695 13
696 11
697 12
698 20
699 11
700 13
701 16
702 13
703 12
704 11
705 14
706 6
707 9
708 9
709 6
710 16
711 8
712 15
713 6
714 14
715 8
716 20
717 9
718 12
719 14
720 7
721 12
722 7
723 11
724 6
725 7
726 6
727 8
728 8
729 7
730 5
731 7
732 3
733 11
734 7
735 5
736 3
737 6
738 8
739 7
740 8
741 7
742 2
743 8
744 8
745 6
746 12
747 13
748 10
749 10
750 15
751 8
752 10
753 7
754 14
755 13
756 12
757 8
758 11
759 5
760 10
761 7
762 8
763 6
764 7
765 4
766 1
767 2
768 4
769 7
770 10
771 10
772 7
773 8
774 11
775 10
776 7
777 9
778 8
779 11
780 11
781 11
782 9
783 13
784 6
785 8
786 8
787 3
788 6
789 9
790 2
791 1
792 2
793 5
794 3
795 3
796 5
797 11
798 3
799 6
800 7
801 6
802 1
803 3
804 5
805 3
806 7
807 4
808 4
809 4
810 5
811 4
812 8
813 7
814 2
815 3
816 6
817 3
818 2
819 4
820 1
821 2
822 5
823 3
824 4
825 1
826 2
827 2
828 1
829 1
830 5
831 3
832 2
833 7
834 4
835 3
836 4
837 7
838 6
839 3
840 3
841 5
842 7
843 4
844 4
846 3
847 2
848 4
849 9
850 3
851 3
852 2
853 6
854 3
855 3
856 2
857 5
858 4
859 12
860 3
861 5
862 5
863 5
864 7
865 8
866 6
867 2
868 6
869 5
870 3
871 6
872 3
873 5
874 5
875 1
876 8
877 6
878 3
879 3
880 4
881 11
882 7
883 4
884 3
885 2
886 3
887 2
888 1
889 4
890 3
893 2
894 6
895 3
896 4
897 2
898 3
899 2
900 1
901 2
903 4
904 4
905 4
906 5
907 2
908 5
909 4
910 1
911 6
912 2
913 1
914 5
915 4
916 3
917 6
918 3
919 8
920 7
921 6
922 7
923 6
924 5
925 5
926 7
927 5
928 2
929 4
930 6
931 12
932 5
933 10
934 3
935 1
936 3
937 2
938 9
939 3
940 4
941 8
943 3
944 7
945 3
946 6
947 4
948 7
949 8
950 6
951 5
952 6
953 7
954 8
955 6
956 2
957 10
958 8
959 3
960 1
961 5
962 7
964 4
965 6
966 6
967 7
968 6
969 7
970 7
971 9
972 11
973 5
974 9
975 5
976 4
977 6
978 9
979 6
980 3
981 9
982 4
983 5
984 4
985 5
986 6
987 3
988 3
989 4
990 7
991 6
992 7
993 5
994 7
995 6
996 5
997 5
998 4
999 3
1000 2
1001 3
1002 7
1003 1
1004 3
1005 6
1006 3
1007 5
1008 7
1009 1
1010 5
1011 4
1012 3
1013 9
1014 4
1015 4
1016 4
1017 4
1018 7
1019 10
1020 5
1021 5
1022 7
1023 6
1024 9
1025 3
1026 6
1027 5
1028 6
1029 8
1030 6
1031 4
1032 6
1033 9
1034 3
1035 9
1036 5
1037 3
1038 6
1039 4
1040 4
1041 1
1042 5
1043 2
1044 7
1045 2
1046 3
1047 2
1048 1
1049 3
1050 2
1051 2
1052 1
1053 4
1054 1
1055 2
1056 2
1058 4
1059 2
1060 1
1061 2
1062 3
1063 5
1064 3
1065 1
1066 2
1069 2
1070 2
1071 3
1072 2
1073 1
1074 2
1075 5
1076 3
1077 2
1078 7
1079 3
1080 5
1081 3
1082 4
1083 2
1084 5
1085 3
1086 5
1087 2
1088 3
1089 5
1090 1
1091 4
1093 2
1094 5
1095 3
1096 2
1097 5
1098 7
1099 4
1100 3
1102 2
1103 5
1104 6
1105 11
1106 4
1107 6
1108 11
1109 8
1110 4
1111 4
1112 5
1113 11
1114 3
1115 4
1116 1
1117 4
1118 3
1119 4
1120 3
1121 7
1122 4
1123 2
1124 7
1125 5
1126 2
1127 2
1128 3
1129 2
1130 4
1131 5
1132 8
1133 3
1134 2
1135 3
1136 6
1137 6
1138 2
1139 5
1140 6
1141 5
1142 6
1143 7
1144 8
1145 11
1146 6
1147 13
1148 11
1149 4
1150 11
1151 3
1152 7
1153 11
1154 5
1155 7
1156 11
1157 4
1158 10
1159 2
1160 7
1161 10
1162 1
1163 11
1164 5
1165 8
1166 8
1167 7
1168 9
1169 6
1170 7
1171 5
1172 8
1173 6
1174 9
1175 11
1176 3
1177 2
1178 11
1179 10
1180 6
1181 9
1182 9
1183 7
1184 12
1185 7
1186 5
1187 5
1188 10
1189 11
1190 9
1191 8
1192 10
1193 6
1194 8
1195 12
1196 11
1197 13
1198 13
1199 13
1200 13
1201 9
1202 11
1203 19
1204 14
1205 19
1206 18
1207 16
1208 16
1209 11
1210 18
1211 15
1212 8
1213 8
1214 9
1215 13
1216 11
1217 10
1218 5
1219 7
1220 5
1221 9
1222 3
1223 7
1224 2
1225 8
1226 6
1227 11
1228 7
1229 5
1230 8
1231 6
1232 4
1233 6
1234 3
1235 4
1236 7
1237 4
1238 8
1239 3
1240 3
1241 5
1242 7
1243 6
1244 3
1245 3
1246 4
1247 5
1248 2
1249 4
1250 4
1251 3
1252 2
1254 2
1255 1
1256 3
1257 3
1258 1
1259 1
1260 4
1261 2
1262 3
1263 1
1264 3
1265 2
1266 1
1269 3
1270 3
1273 4
1274 3
1275 1
1276 2
1277 3
1278 2
1279 2
1280 3
1281 3
1282 3
1283 4
1285 4
1286 1
1287 2
1288 3
1289 2
1290 2
1291 3
1292 6
1294 2
1295 5
1296 4
1297 3
1298 5
1299 3
1300 6
1301 9
1302 2
1303 3
1304 6
1305 8
1306 5
1307 3
1308 7
1309 8
1310 8
1311 7
1312 10
1313 8
1314 2
1315 4
1316 5
1317 6
1318 5
1319 4
1320 2
1321 2
1322 1
1323 2
1324 3
1327 1
1328 1
1329 2
1330 1
1331 1
1332 4
1333 1
1334 1
1335 2
1336 1
1337 3
1338 2
1339 4
1340 4
1341 2
1342 3
1343 6
1344 4
1345 4
1346 1
1347 2
1349 2
1350 3
1351 2
1353 1
1354 1
1358 3
1359 1
1360 2
1361 3
1362 2
1363 1
1365 1
1366 2
1367 1
1368 3
1370 4
1371 1
1372 4
1373 2
1374 2
1375 2
1377 1
1378 1
1379 1
1380 2
1381 3
1382 1
1383 2
1386 1
1387 1
1388 1
1390 1
1394 1
1399 1
1401 2
1402 2
1404 1
1405 1
1406 2
1408 1
1411 3
1413 1
1415 2
1416 1
1423 1
1425 1
1426 1
1428 2
1429 1
1430 3
1431 1
1432 1
1433 2
1437 1
1438 1
1440 1
1442 1
1446 1
1447 1
1450 1
1452 2
1453 1
1454 1
1456 1
1457 1
1459 1
1461 1
1463 1
1465 1
1467 2
1470 1
1471 1
1472 2
1473 1
1476 1
1478 1
1480 2
1482 2
1485 3
1486 3
1487 2
1488 2
1489 1
1490 1
1491 1
1494 1
1495 1
1497 2
1498 3
1499 1
1500 3
1501 2
1502 3
1503 4
1505 2
1507 1
1509 1
1511 1
1512 1
1513 1
1515 1
1533 1
1534 1
1558 1
1560 1
1565 1
1570 1
1575 1
1578 1
1580 1
1582 1
1583 1
1587 1
1598 1
1600 1
1602 1
1603 1
1605 1
1607 1
1609 2
1610 1
1611 1
1612 1
1613 1
1614 1
1615 3
1617 1
1618 3
1639 2
1643 1
1645 1
1647 1
1650 1
1651 1
1652 1
1653 1
1655 2
1659 1
1660 1
1665 1
1666 1
1667 1
1668 1
1674 2
1675 1
1676 2
1680 1
1683 1
1685 1
1702 1
1703 1
1705 1
1706 1
1708 1
1711 1
1717 1
1719 1
1721 1
1722 1
1723 1
1725 1
1727 1
1729 1
1730 1
1732 2
1736 2
1737 2
1738 1
1739 1
1741 1
1744 2
1759 1
1762 1
1764 1
1767 1
1772 1
1777 1
1778 1
1781 2
1791 1
1794 1
1796 1
1802 1
1808 1
1815 1
1816 1
1819 1
1824 2
1826 1
1827 1
1828 2
1830 1
1831 2
1832 1
1833 1
1834 2
1835 1
1838 1
1842 1
1843 1
1846 1
1903 1
1904 1
1905 2
1923 1
1963 1
1970 1
1977 1
1979 2
1982 1
2000 1
2002 1
2016 1
2035 1
2048 1
2054 1
2066 2
2067 1
2069 2
2070 1
2074 1
2077 1
2097 1
2107 1
2116 1
2119 1
2120 1
2130 1
2141 1
2152 1
2155 1
2159 1
2162 1
2173 1
2179 1
2180 1
2228 1
2263 1
2270 1
2271 1
2276 1
2277 1
2278 1
2302 1
2307 3
2309 1
2310 1
2312 1
2313 1
2314 2
2318 1
2320 1
2337 1
2458 1
2483 2
2486 1
2511 1
2592 1
2613 1
2630 1
2632 1
2635 1
2637 1
2638 1
2641 1
2649 1
2692 1
2696 1
2700 1
2706 1
2708 1
2710 1
2711 1
2722 1
2724 1
2727 2
2729 1
2730 2
2738 1
2742 1
2745 1
2750 1
2757 1
2767 1
2768 2
2770 1
2772 1
2775 1
2778 2
2786 1
2811 1
2818 1
2825 1
2827 2
2828 2
2831 1
2834 1
2835 1
2837 1
2838 6
2839 1
2841 2
2844 1
2847 1
2850 1
2851 1
2858 1
2861 1
2889 1
2960 2
2968 1
2983 1
2998 1
3083 1
3087 1
3094 1
3098 1
3125 1
3140 1
3148 1
3155 1
3158 1
3184 1
3189 1
3197 1
3203 1
3234 2
3254 1
3390 1
3395 1
3401 1
3407 1
3443 1
3471 1
3472 1
3475 1
3484 1
3489 1
3499 1
3501 1
3504 1
3507 1
3513 2
3521 1
3544 1
3560 1
3569 1
3584 1
3597 1
3753 2
4029 1
4039 1
4040 1
4042 1
4043 1
4058 1
4159 1
4241 1
4325 1
4326 1
4328 1
4330 1
4331 1
4336 1
4343 2
4344 1
4345 1
4348 1
6081 1
6185 1
6445 1
6717 1
6932 1
7123 1
8924 1
8994 1
9020 2
9030 2
9040 1
9050 1
9058 1
9059 1
9060 1
