1 26191630
2 13981141
3 9176217
4 6695472
5 4883134
6 3451368
7 2372329
8 1645654
9 1223013
10 1006239
11 895228
12 834717
13 766397
14 681715
15 582553
16 478169
17 389481
18 314010
19 260483
20 224155
21 201109
22 188941
23 182060
24 175304
25 167905
26 157395
27 150797
28 143788
29 141930
30 144694
31 154066
32 172607
33 199021
34 232776
35 271818
36 309541
37 348873
38 386768
39 420179
40 445036
41 462986
42 469701
43 469129
44 457192
45 437080
46 409055
47 372848
48 334796
49 294071
50 254369
51 214244
52 178779
53 147631
54 119236
55 95932
56 75378
57 59724
58 46679
59 36884
60 29013
61 23487
62 19536
63 16691
64 14641
65 13551
66 12487
67 11426
68 11413
69 11088
70 10706
71 10038
72 9586
73 8967
74 8211
75 7432
76 6982
77 6467
78 5855
79 5188
80 4657
81 4326
82 3958
83 3709
84 3517
85 3352
86 2891
87 2682
88 2544
89 2312
90 2237
91 2020
92 1972
93 1901
94 1749
95 1559
96 1409
97 1244
98 1142
99 975
100 939
101 789
102 769
103 652
104 610
105 573
106 473
107 434
108 400
109 359
110 370
111 374
112 367
113 328
114 338
115 314
116 309
117 297
118 291
119 292
120 313
121 313
122 320
123 349
124 401
125 386
126 395
127 424
128 414
129 394
130 397
131 408
132 437
133 406
134 449
135 391
136 373
137 353
138 381
139 379
140 396
141 381
142 346
143 340
144 299
145 295
146 289
147 246
148 241
149 230
150 237
151 219
152 211
153 198
154 210
155 191
156 223
157 199
158 203
159 179
160 220
161 233
162 211
163 200
164 278
165 292
166 292
167 299
168 305
169 312
170 308
171 310
172 303
173 305
174 264
175 286
176 229
177 248
178 273
179 304
180 263
181 243
182 271
183 267
184 246
185 230
186 193
187 202
188 186
189 185
190 136
191 141
192 133
193 111
194 109
195 105
196 113
197 123
198 102
199 125
200 143
201 111
202 145
203 127
204 139
205 140
206 114
207 100
208 122
209 149
210 127
211 111
212 116
213 91
214 95
215 75
216 80
217 108
218 89
219 129
220 98
221 114
222 93
223 96
224 96
225 101
226 96
227 90
228 115
229 93
230 88
231 116
232 78
233 97
234 97
235 88
236 80
237 97
238 88
239 102
240 119
241 136
242 171
243 156
244 158
245 211
246 259
247 323
248 332
249 425
250 488
251 618
252 739
253 844
254 1004
255 1274
256 1389
257 1691
258 1887
259 2181
260 2599
261 3106
262 3480
263 3784
264 4506
265 4961
266 5682
267 6463
268 7213
269 7869
270 8883
271 9777
272 10650
273 12155
274 13422
275 14638
276 15952
277 17617
278 19108
279 20666
280 22343
281 23866
282 25592
283 27770
284 29236
285 31014
286 32873
287 34458
288 36026
289 37736
290 39472
291 41338
292 42811
293 43915
294 45090
295 46376
296 47599
297 48492
298 49277
299 49967
300 50636
301 50871
302 50827
303 51007
304 50844
305 50354
306 49658
307 48877
308 48235
309 47392
310 46188
311 44669
312 43693
313 41773
314 40616
315 38944
316 37572
317 35384
318 33992
319 32063
320 30426
321 28680
322 26603
323 25344
324 23339
325 21936
326 20347
327 18871
328 17061
329 16148
330 14562
331 13138
332 12157
333 11080
334 10012
335 8907
336 8057
337 7449
338 6441
339 5658
340 5192
341 4474
342 4122
343 3577
344 3050
345 2759
346 2469
347 2130
348 1844
349 1652
350 1427
351 1278
352 1102
353 956
354 845
355 737
356 654
357 602
358 516
359 444
360 388
361 320
362 256
363 250
364 189
365 185
366 162
367 138
368 131
369 111
370 112
371 106
372 79
373 69
374 76
375 68
376 63
377 50
378 48
379 33
380 31
381 30
382 28
383 15
384 24
385 21
386 21
387 22
388 20
389 16
390 18
391 19
392 20
393 17
394 19
395 17
396 18
397 20
398 22
399 11
400 13
401 9
402 16
403 19
404 15
405 15
406 15
407 11
408 13
409 21
410 10
411 12
412 10
413 13
414 12
415 9
416 12
417 8
418 12
419 12
420 15
421 11
422 11
423 8
424 5
425 12
426 7
427 7
428 9
429 15
430 12
431 12
432 8
433 13
434 8
435 17
436 10
437 12
438 10
439 6
440 14
441 10
442 8
443 12
444 9
445 13
446 9
447 10
448 5
449 10
450 8
451 12
452 9
453 18
454 8
455 8
456 18
457 11
458 12
459 13
460 10
461 10
462 6
463 11
464 5
465 11
466 4
467 11
468 4
469 7
470 11
471 3
472 4
473 7
474 6
475 11
476 5
477 8
478 10
479 9
480 6
481 4
482 7
483 6
484 8
485 4
486 5
487 6
488 5
489 7
490 9
491 8
492 5
493 3
494 11
495 14
496 11
497 10
498 4
499 3
500 6
501 7
502 6
503 5
504 4
505 6
506 4
507 2
508 7
509 2
510 2
511 3
513 4
514 6
515 6
516 4
517 4
518 5
519 3
520 9
521 12
522 5
523 2
524 8
525 3
526 6
527 9
528 5
529 5
530 6
531 4
532 2
533 3
534 8
535 5
536 6
537 8
538 2
539 5
540 6
541 5
542 9
543 3
544 5
545 6
546 4
547 10
548 8
549 4
550 4
551 13
552 12
553 9
554 11
555 13
556 11
557 18
558 17
559 20
560 19
561 10
562 28
563 16
564 12
565 17
566 21
567 25
568 25
569 18
570 41
571 25
572 29
573 19
574 26
575 26
576 37
577 37
578 40
579 38
580 48
581 38
582 62
583 62
584 58
585 44
586 44
587 51
588 49
589 57
590 68
591 59
592 78
593 76
594 68
595 69
596 76
597 88
598 84
599 89
600 76
601 85
602 94
603 87
604 100
605 94
606 98
607 108
608 91
609 95
610 72
611 90
612 82
613 75
614 77
615 83
616 82
617 88
618 77
619 89
620 81
621 90
622 72
623 85
624 76
625 70
626 67
627 64
628 53
629 46
630 51
631 46
632 34
633 32
634 37
635 49
636 54
637 50
638 43
639 45
640 37
641 35
642 26
643 30
644 35
645 32
646 31
647 25
648 18
649 15
650 15
651 21
652 17
653 8
654 12
655 13
656 8
657 9
658 6
659 12
660 8
661 11
662 7
663 10
664 3
665 5
666 4
667 4
668 3
669 4
670 4
671 2
672 3
673 4
674 3
675 1
676 2
677 3
678 2
679 1
680 1
681 2
682 3
683 1
684 3
685 1
686 3
687 1
688 4
691 1
694 2
695 3
696 2
698 2
699 6
700 5
701 2
702 5
703 5
704 5
705 5
706 3
707 5
708 7
709 3
710 6
711 4
712 6
713 3
714 3
715 5
716 1
717 5
718 8
719 2
720 7
721 6
722 2
723 3
724 1
725 1
726 4
727 2
728 1
729 2
730 1
731 7
732 3
733 4
734 2
735 3
736 3
737 2
738 2
741 2
742 4
743 1
744 1
745 1
748 3
749 1
750 3
751 1
752 5
753 6
754 2
755 6
756 4
757 1
758 6
759 1
760 1
761 3
762 3
763 4
764 1
765 2
766 1
767 4
768 2
770 3
772 1
773 4
774 1
775 2
776 1
777 2
778 1
779 2
782 2
786 2
787 1
788 1
789 1
790 1
791 2
792 5
793 1
794 5
795 4
796 5
797 3
798 3
799 9
800 6
801 5
802 4
803 6
804 2
805 1
806 5
807 5
808 3
809 2
810 1
811 4
812 4
814 1
815 6
816 1
817 4
818 1
820 5
821 1
822 1
824 1
827 1
829 1
830 2
832 1
833 2
835 1
837 3
838 2
839 2
840 3
841 4
842 1
844 5
846 1
847 2
848 1
849 1
852 1
853 2
854 6
855 2
856 4
857 4
859 5
860 2
861 6
862 3
863 2
864 6
865 4
866 3
867 5
868 2
869 4
870 5
871 2
872 3
873 2
874 5
875 3
877 1
878 4
879 1
880 6
881 1
882 1
883 1
884 6
885 4
886 1
887 5
888 7
889 5
890 8
891 5
892 5
893 7
894 3
895 1
896 7
897 8
900 4
901 2
902 6
903 3
905 4
906 6
907 6
908 1
909 7
910 7
911 2
912 4
913 3
914 2
915 2
916 1
917 3
918 2
919 6
920 2
921 7
922 2
923 6
924 5
925 3
926 3
927 1
929 2
930 2
931 5
932 2
933 4
934 1
935 1
936 3
937 3
938 2
939 2
940 2
941 1
942 2
943 3
944 2
945 3
946 4
947 1
949 2
950 1
952 2
953 2
954 1
956 2
958 3
959 2
960 1
962 1
964 1
967 1
971 4
973 1
975 2
977 1
978 5
979 4
980 1
981 2
982 1
983 4
984 4
985 2
986 3
987 2
988 4
989 1
990 2
991 3
992 1
993 5
994 5
997 3
998 2
999 2
1000 1
1001 1
1002 3
1003 1
1007 1
1008 3
1009 2
1010 3
1014 3
1015 1
1016 3
1017 1
1018 2
1019 1
1020 3
1022 2
1023 5
1024 3
1025 1
1026 2
1027 1
1028 2
1029 3
1030 3
1031 1
1033 1
1061 1
1081 1
1082 1
1084 2
1087 1
1089 1
1090 1
1139 1
1150 1
1152 2
1153 1
1157 1
1158 4
1162 3
1163 2
1164 2
1165 1
1166 3
1168 2
1170 2
1171 3
1173 2
1174 1
1176 2
1177 1
1180 1
1182 1
1183 1
1184 1
1185 1
1187 1
1188 2
1189 2
1190 1
1192 1
1194 2
1195 1
1196 1
1200 1
1201 1
1202 2
1203 1
1205 4
1206 1
1209 1
1210 1
1212 1
1218 2
1219 1
1229 1
1230 1
1237 1
1275 1
1278 1
1280 1
1289 1
1290 1
1310 2
1315 2
1317 1
1328 1
1351 1
1355 1
1360 1
1425 1
1432 1
1435 1
1439 1
1440 1
1442 1
1444 2
1463 1
1466 1
1468 1
1472 1
1478 1
1482 1
1486 1
1501 1
1521 3
1523 2
1524 1
1526 2
1709 1
1762 1
1766 1
1769 1
1771 2
1775 1
1801 1
1809 1
1819 1
1829 1
1833 1
1837 1
1857 3
1858 4
1862 1
1863 2
1865 1
1867 2
1870 2
1872 1
1873 1
1874 1
1875 3
1877 1
1878 1
1879 1
1880 1
1883 1
2011 1
2083 1
2144 1
2149 1
2150 1
2420 1
2429 1
2469 1
2702 1
2710 1
3082 2
3727 1
3731 1
3733 1
3734 1
3736 1
3737 2
3740 1
3741 1
3748 1
