1 24342930
2 12674287
3 7244742
4 4387956
5 2840657
6 2011536
7 1607465
8 1478174
9 1483933
10 1535054
11 1574974
12 1586112
13 1545214
14 1463466
15 1362996
16 1244335
17 1123383
18 1001557
19 892155
20 798741
21 721851
22 665917
23 636796
24 633410
25 654445
26 697621
27 756000
28 823431
29 894573
30 958695
31 1015111
32 1052317
33 1069342
34 1063674
35 1036320
36 988139
37 925431
38 852938
39 769267
40 684098
41 596633
42 511673
43 433379
44 361659
45 296874
46 243142
47 195801
48 157691
49 124447
50 97749
51 77255
52 59850
53 46843
54 37872
55 30914
56 24673
57 20880
58 17751
59 15487
60 13387
61 12114
62 10842
63 10182
64 8999
65 8586
66 7844
67 7215
68 6661
69 5937
70 5776
71 5305
72 4953
73 4405
74 4079
75 3702
76 3359
77 3164
78 2871
79 2693
80 2366
81 2220
82 2164
83 1974
84 1853
85 1700
86 1583
87 1454
88 1420
89 1206
90 1192
91 1121
92 1116
93 976
94 873
95 879
96 882
97 883
98 832
99 780
100 749
101 791
102 828
103 877
104 895
105 841
106 810
107 763
108 776
109 733
110 788
111 744
112 736
113 704
114 756
115 691
116 697
117 746
118 676
119 680
120 686
121 636
122 631
123 616
124 530
125 557
126 530
127 545
128 503
129 509
130 477
131 458
132 379
133 415
134 409
135 363
136 380
137 344
138 325
139 339
140 302
141 308
142 286
143 264
144 289
145 294
146 263
147 262
148 238
149 274
150 249
151 256
152 241
153 234
154 241
155 276
156 302
157 305
158 306
159 309
160 304
161 299
162 276
163 284
164 298
165 308
166 277
167 291
168 317
169 276
170 287
171 297
172 251
173 231
174 246
175 216
176 223
177 206
178 174
179 225
180 182
181 189
182 190
183 186
184 165
185 168
186 162
187 128
188 127
189 106
190 91
191 101
192 87
193 87
194 94
195 97
196 91
197 78
198 73
199 99
200 92
201 75
202 72
203 82
204 79
205 66
206 79
207 76
208 90
209 82
210 88
211 94
212 88
213 84
214 85
215 96
216 96
217 94
218 86
219 104
220 80
221 102
222 79
223 69
224 65
225 53
226 66
227 64
228 56
229 59
230 53
231 49
232 47
233 42
234 42
235 39
236 40
237 55
238 52
239 58
240 56
241 36
242 70
243 44
244 51
245 50
246 60
247 49
248 51
249 55
250 44
251 47
252 39
253 41
254 26
255 52
256 44
257 35
258 35
259 34
260 48
261 54
262 34
263 46
264 28
265 36
266 40
267 50
268 29
269 32
270 39
271 25
272 26
273 28
274 28
275 38
276 14
277 22
278 19
279 22
280 16
281 21
282 23
283 17
284 28
285 25
286 25
287 21
288 18
289 21
290 15
291 11
292 19
293 19
294 24
295 16
296 17
297 19
298 16
299 18
300 15
301 11
302 22
303 20
304 19
305 17
306 16
307 15
308 9
309 15
310 13
311 8
312 12
313 9
314 11
315 13
316 14
317 16
318 11
319 13
320 14
321 7
322 7
323 15
324 13
325 7
326 7
327 7
328 7
329 6
330 5
331 9
332 7
333 8
334 7
335 12
336 6
337 23
338 11
339 17
340 19
341 21
342 21
343 20
344 21
345 17
346 15
347 17
348 14
349 11
350 9
351 10
352 12
353 10
354 14
355 10
356 14
357 14
358 19
359 19
360 23
361 19
362 9
363 17
364 16
365 6
366 10
367 13
368 14
369 6
370 13
371 14
372 11
373 16
374 17
375 18
376 5
377 9
378 10
379 12
380 5
381 10
382 6
383 6
384 8
385 7
386 5
387 7
388 9
389 7
390 8
391 8
392 13
393 6
394 9
395 4
396 13
397 14
398 5
399 13
400 8
401 14
402 17
403 15
404 17
405 7
406 7
407 7
408 12
409 11
410 9
411 17
412 12
413 9
414 15
415 9
416 24
417 11
418 21
419 18
420 16
421 14
422 12
423 15
424 15
425 17
426 10
427 16
428 14
429 17
430 20
431 20
432 15
433 14
434 11
435 8
436 15
437 16
438 8
439 19
440 13
441 15
442 13
443 16
444 12
445 16
446 18
447 20
448 21
449 23
450 20
451 26
452 24
453 23
454 26
455 14
456 20
457 31
458 22
459 25
460 23
461 21
462 19
463 21
464 23
465 16
466 17
467 16
468 13
469 4
470 8
471 7
472 3
473 4
474 4
475 10
476 7
477 7
478 4
479 6
480 6
481 4
482 8
483 10
484 8
485 11
486 13
487 10
488 8
489 12
490 12
491 14
492 5
493 7
494 7
495 4
496 6
497 5
498 5
499 5
500 4
501 9
502 4
503 7
504 13
505 6
506 4
507 6
508 5
509 5
510 3
511 9
512 3
513 2
514 4
515 6
516 9
517 8
518 10
519 11
520 9
521 6
522 4
523 4
524 2
525 2
526 2
527 3
528 1
530 1
531 1
532 3
533 1
534 1
535 1
536 1
537 1
538 1
539 6
540 5
541 3
542 3
543 4
544 5
545 4
546 6
547 5
548 3
549 3
550 5
551 4
552 2
553 1
554 1
555 3
557 6
559 1
560 1
567 2
569 2
570 1
573 1
574 4
576 2
577 1
578 1
579 3
580 2
581 1
582 3
583 1
584 2
585 2
586 3
587 1
588 2
589 3
590 2
591 4
592 1
593 2
595 5
596 1
597 3
598 2
599 1
601 1
610 1
612 1
613 1
615 1
616 2
619 1
620 4
621 1
622 2
624 1
625 1
634 1
638 2
639 2
640 1
641 2
642 1
644 1
645 2
647 1
648 4
650 2
653 1
654 2
655 1
658 1
660 1
663 1
666 3
667 1
669 1
671 1
673 2
674 1
678 1
679 1
680 1
683 1
689 1
690 1
691 1
693 1
701 1
702 1
710 2
711 1
713 1
715 1
716 1
717 2
719 3
720 1
721 1
724 2
725 1
727 2
729 1
733 1
736 1
737 1
738 1
756 1
757 1
759 1
763 1
764 1
769 1
774 1
778 1
819 1
820 2
821 1
823 1
829 1
831 1
837 2
838 2
839 1
841 1
842 1
844 1
846 2
848 1
849 1
850 1
851 1
854 2
873 1
883 1
886 1
902 1
903 1
933 1
937 1
940 2
943 2
945 1
962 1
963 1
964 1
965 1
967 2
968 1
971 1
972 1
973 1
974 1
975 2
977 2
983 1
985 2
987 1
988 1
997 1
1007 1
1010 1
1012 1
1017 1
1019 2
1020 2
1022 1
1025 1
1026 1
1028 2
1031 1
1036 1
1037 1
1040 1
1046 2
1048 1
1050 1
1051 3
1052 1
1053 1
1054 1
1055 2
1057 2
1058 1
1059 1
1060 1
1087 1
1088 1
1089 1
1092 1
1093 1
1095 3
1097 1
1098 2
1120 1
1127 1
1139 1
1149 1
1160 1
1171 1
1188 1
1192 1
1193 1
1199 1
1204 1
1216 1
1217 1
1220 2
1223 3
1226 1
1235 1
1238 2
1239 1
1240 1
1248 1
1322 1
1325 1
1348 1
1367 1
1376 2
1382 1
1414 1
1419 1
1422 1
1470 1
1525 1
1534 1
1536 2
1541 1
1542 1
1565 1
1570 1
1574 1
1575 1
1576 2
1577 3
1579 1
1583 1
1587 1
2214 1
2225 1
2272 1
2323 1
2484 1
2516 1
3369 1
3386 1
3393 1
3405 1
3407 1
3418 1
3422 1
3425 1
3426 1
3427 1
3431 1
