1 22277107
2 9840941
3 4829746
4 2638206
5 1771358
6 1353595
7 1086342
8 876203
9 750190
10 709135
11 738727
12 806051
13 899329
14 972109
15 1017835
16 1033593
17 1023672
18 986956
19 942630
20 896230
21 852856
22 813133
23 775900
24 736363
25 697425
26 654764
27 607954
28 555365
29 501118
30 444318
31 391479
32 346254
33 304341
34 270400
35 243387
36 223872
37 212149
38 202349
39 195840
40 193873
41 192178
42 191030
43 191911
44 192492
45 194619
46 195894
47 197875
48 201097
49 204807
50 208846
51 211838
52 214733
53 218433
54 220073
55 220301
56 220640
57 217830
58 216132
59 213212
60 211048
61 208204
62 206806
63 205226
64 205487
65 206001
66 206105
67 206798
68 207122
69 205510
70 202905
71 200048
72 193783
73 188167
74 181925
75 171565
76 161674
77 148312
78 136310
79 124391
80 112414
81 100359
82 88633
83 77083
84 66568
85 56513
86 47276
87 38993
88 32615
89 26553
90 21457
91 17178
92 13586
93 10678
94 8381
95 6592
96 5302
97 4169
98 3265
99 2788
100 2419
101 2128
102 1856
103 1608
104 1490
105 1419
106 1399
107 1397
108 1356
109 1365
110 1241
111 1233
112 1223
113 1159
114 1119
115 1186
116 1130
117 1104
118 1039
119 1038
120 969
121 976
122 818
123 832
124 797
125 790
126 697
127 648
128 644
129 622
130 571
131 610
132 534
133 600
134 675
135 610
136 627
137 642
138 590
139 625
140 601
141 661
142 631
143 625
144 724
145 633
146 631
147 647
148 631
149 573
150 581
151 552
152 588
153 555
154 563
155 567
156 534
157 566
158 543
159 492
160 493
161 470
162 434
163 389
164 380
165 380
166 403
167 367
168 339
169 329
170 348
171 316
172 304
173 288
174 270
175 267
176 241
177 234
178 220
179 212
180 197
181 191
182 185
183 210
184 196
185 195
186 215
187 205
188 181
189 195
190 203
191 188
192 205
193 180
194 178
195 202
196 183
197 223
198 206
199 208
200 205
201 248
202 262
203 228
204 223
205 235
206 229
207 237
208 248
209 228
210 238
211 243
212 251
213 239
214 257
215 217
216 228
217 236
218 213
219 202
220 239
221 247
222 251
223 233
224 240
225 228
226 259
227 250
228 227
229 262
230 195
231 214
232 188
233 177
234 186
235 191
236 179
237 189
238 186
239 179
240 166
241 203
242 185
243 173
244 156
245 154
246 160
247 117
248 118
249 124
250 99
251 104
252 127
253 81
254 107
255 112
256 94
257 89
258 92
259 72
260 82
261 94
262 79
263 68
264 68
265 77
266 59
267 74
268 65
269 55
270 68
271 75
272 68
273 82
274 64
275 83
276 66
277 63
278 68
279 71
280 59
281 54
282 63
283 62
284 54
285 50
286 65
287 54
288 50
289 69
290 53
291 52
292 46
293 47
294 48
295 50
296 50
297 56
298 54
299 49
300 47
301 26
302 29
303 28
304 25
305 32
306 25
307 30
308 27
309 21
310 41
311 28
312 61
313 71
314 76
315 82
316 109
317 126
318 103
319 143
320 164
321 187
322 228
323 234
324 291
325 340
326 361
327 405
328 529
329 603
330 681
331 865
332 946
333 1098
334 1309
335 1490
336 1718
337 1948
338 2243
339 2549
340 2962
341 3359
342 3730
343 4255
344 4663
345 5249
346 5597
347 6445
348 7138
349 8019
350 8543
351 9672
352 10228
353 11332
354 12384
355 13637
356 14555
357 16318
358 17284
359 18801
360 20127
361 21567
362 22932
363 24136
364 26264
365 27538
366 29123
367 31087
368 32765
369 34001
370 36490
371 37835
372 39566
373 41510
374 42842
375 44892
376 46664
377 48154
378 49742
379 51699
380 53362
381 55247
382 56450
383 58187
384 59692
385 62182
386 63212
387 64547
388 65965
389 66926
390 67793
391 68900
392 70427
393 71357
394 71989
395 72855
396 74047
397 74552
398 75438
399 76403
400 77453
401 78592
402 79207
403 80650
404 80463
405 81448
406 81555
407 81846
408 82207
409 82339
410 83007
411 82999
412 83343
413 83118
414 82422
415 83596
416 82869
417 81710
418 81301
419 80101
420 79827
421 78463
422 78092
423 75988
424 75011
425 73167
426 71691
427 70337
428 68427
429 66445
430 64418
431 62808
432 60275
433 58790
434 56235
435 54328
436 51894
437 50109
438 47388
439 45403
440 43195
441 40790
442 39014
443 36861
444 34833
445 32929
446 30857
447 28912
448 26904
449 25229
450 23296
451 21892
452 20231
453 18849
454 17426
455 16220
456 14890
457 13486
458 12616
459 11660
460 10209
461 9762
462 8653
463 7958
464 7233
465 6430
466 5857
467 5300
468 4700
469 4235
470 3732
471 3389
472 2917
473 2678
474 2346
475 2052
476 1820
477 1645
478 1434
479 1316
480 1175
481 982
482 832
483 741
484 644
485 573
486 494
487 437
488 383
489 355
490 310
491 268
492 225
493 211
494 171
495 157
496 144
497 122
498 117
499 93
500 95
501 82
502 78
503 61
504 72
505 64
506 65
507 61
508 49
509 37
510 59
511 51
512 35
513 41
514 44
515 38
516 33
517 32
518 27
519 40
520 38
521 28
522 29
523 24
524 34
525 23
526 33
527 28
528 41
529 38
530 20
531 36
532 30
533 33
534 39
535 41
536 39
537 37
538 37
539 39
540 33
541 36
542 30
543 30
544 39
545 38
546 38
547 47
548 34
549 40
550 44
551 44
552 40
553 39
554 43
555 35
556 32
557 47
558 45
559 45
560 29
561 40
562 39
563 27
564 37
565 31
566 29
567 24
568 27
569 28
570 32
571 45
572 32
573 17
574 31
575 32
576 35
577 31
578 33
579 32
580 35
581 26
582 30
583 22
584 29
585 22
586 24
587 25
588 14
589 18
590 17
591 18
592 17
593 22
594 12
595 12
596 23
597 13
598 29
599 15
600 22
601 19
602 11
603 18
604 16
605 17
606 13
607 10
608 9
609 9
610 12
611 8
612 6
613 12
614 9
615 7
616 9
617 7
618 13
619 5
620 14
621 9
622 12
623 12
624 15
625 11
626 10
627 9
628 21
629 11
630 8
631 14
632 15
633 14
634 18
635 8
636 15
637 7
638 7
639 12
640 10
641 15
642 10
643 7
644 4
645 8
646 11
647 5
648 6
649 10
650 4
651 10
652 11
653 8
654 9
655 12
656 5
657 11
658 6
659 9
660 11
661 8
662 11
663 3
664 7
665 7
666 7
667 6
668 16
669 12
670 6
671 15
672 14
673 9
674 7
675 10
676 16
677 5
678 9
679 8
680 12
681 10
682 13
683 7
684 4
685 6
686 6
687 5
688 7
689 3
690 6
691 6
692 6
693 11
694 5
695 4
696 10
697 12
698 9
699 13
700 12
701 5
702 13
703 13
704 13
705 15
706 13
707 20
708 23
709 28
710 21
711 16
712 33
713 19
714 35
715 31
716 33
717 31
718 34
719 41
720 27
721 48
722 41
723 35
724 52
725 46
726 45
727 46
728 50
729 60
730 54
731 66
732 68
733 63
734 73
735 104
736 95
737 102
738 107
739 129
740 139
741 112
742 119
743 128
744 143
745 141
746 171
747 149
748 172
749 180
750 174
751 214
752 172
753 183
754 196
755 187
756 185
757 213
758 210
759 208
760 237
761 237
762 194
763 230
764 245
765 239
766 242
767 238
768 282
769 255
770 257
771 219
772 226
773 230
774 244
775 274
776 224
777 269
778 245
779 227
780 236
781 231
782 229
783 237
784 234
785 250
786 183
787 219
788 241
789 227
790 235
791 221
792 236
793 231
794 247
795 245
796 231
797 269
798 237
799 253
800 247
801 238
802 239
803 259
804 253
805 253
806 222
807 231
808 221
809 244
810 200
811 235
812 216
813 210
814 206
815 248
816 250
817 249
818 240
819 281
820 256
821 263
822 257
823 265
824 271
825 264
826 253
827 262
828 245
829 252
830 242
831 254
832 300
833 249
834 252
835 232
836 269
837 262
838 219
839 246
840 242
841 262
842 243
843 217
844 231
845 217
846 232
847 211
848 228
849 225
850 222
851 211
852 180
853 191
854 191
855 178
856 222
857 214
858 185
859 178
860 165
861 155
862 192
863 163
864 158
865 159
866 152
867 130
868 149
869 129
870 121
871 140
872 129
873 98
874 113
875 107
876 96
877 124
878 108
879 112
880 103
881 102
882 88
883 82
884 73
885 80
886 86
887 69
888 82
889 74
890 58
891 55
892 65
893 53
894 51
895 36
896 42
897 40
898 36
899 35
900 37
901 30
902 39
903 52
904 29
905 31
906 34
907 24
908 30
909 26
910 28
911 27
912 30
913 27
914 18
915 12
916 12
917 18
918 13
919 7
920 15
921 8
922 16
923 11
924 13
925 10
926 15
927 11
928 9
929 11
930 10
931 14
932 12
933 12
934 17
935 10
936 16
937 12
938 17
939 15
940 14
941 13
942 10
943 10
944 9
945 11
946 12
947 11
948 11
949 9
950 10
951 11
952 7
953 11
954 6
955 14
956 10
957 18
958 13
959 13
960 21
961 20
962 12
963 14
964 10
965 11
966 18
967 10
968 10
969 14
970 16
971 12
972 12
973 15
974 9
975 9
976 11
977 12
978 9
979 16
980 19
981 10
982 17
983 20
984 20
985 10
986 10
987 12
988 11
989 14
990 6
991 10
992 8
993 12
994 5
995 11
996 10
997 5
998 7
999 4
1000 7
1001 6
1002 11
1003 10
1004 6
1005 4
1006 3
1007 6
1008 2
1009 4
1010 1
1011 1
1012 3
1014 2
1015 2
1016 2
1017 5
1018 2
1019 1
1020 3
1021 6
1022 4
1024 2
1025 3
1026 6
1027 2
1028 3
1029 5
1030 2
1031 6
1032 4
1033 1
1034 8
1035 3
1036 5
1037 4
1038 4
1039 4
1040 2
1041 3
1042 1
1043 4
1044 2
1045 4
1046 3
1047 2
1048 3
1049 3
1050 4
1051 5
1052 2
1053 9
1054 10
1055 12
1056 8
1057 10
1058 8
1059 9
1060 5
1061 12
1062 14
1063 14
1064 16
1065 12
1066 15
1067 11
1068 15
1069 15
1070 5
1071 9
1072 8
1073 8
1074 11
1075 10
1076 16
1077 19
1078 12
1079 9
1080 14
1081 20
1082 21
1083 27
1084 21
1085 22
1086 26
1087 22
1088 23
1089 25
1090 27
1091 33
1092 27
1093 25
1094 25
1095 21
1096 40
1097 28
1098 38
1099 35
1100 26
1101 24
1102 36
1103 29
1104 38
1105 40
1106 33
1107 44
1108 42
1109 40
1110 47
1111 47
1112 44
1113 48
1114 51
1115 61
1116 70
1117 69
1118 70
1119 70
1120 79
1121 69
1122 68
1123 69
1124 75
1125 76
1126 85
1127 91
1128 84
1129 99
1130 104
1131 86
1132 94
1133 100
1134 105
1135 91
1136 114
1137 112
1138 114
1139 124
1140 126
1141 125
1142 126
1143 131
1144 117
1145 132
1146 118
1147 121
1148 107
1149 115
1150 98
1151 100
1152 120
1153 118
1154 130
1155 96
1156 109
1157 101
1158 121
1159 127
1160 133
1161 152
1162 121
1163 133
1164 112
1165 110
1166 123
1167 118
1168 120
1169 128
1170 115
1171 123
1172 110
1173 107
1174 97
1175 135
1176 102
1177 80
1178 96
1179 108
1180 98
1181 72
1182 103
1183 83
1184 91
1185 81
1186 75
1187 86
1188 79
1189 64
1190 70
1191 73
1192 81
1193 79
1194 85
1195 67
1196 86
1197 72
1198 42
1199 61
1200 64
1201 72
1202 55
1203 58
1204 45
1205 66
1206 53
1207 59
1208 58
1209 57
1210 61
1211 44
1212 56
1213 45
1214 36
1215 35
1216 39
1217 43
1218 52
1219 44
1220 44
1221 26
1222 41
1223 48
1224 35
1225 35
1226 38
1227 26
1228 35
1229 31
1230 26
1231 35
1232 20
1233 25
1234 29
1235 30
1236 27
1237 26
1238 20
1239 27
1240 18
1241 28
1242 20
1243 27
1244 20
1245 23
1246 22
1247 17
1248 20
1249 15
1250 26
1251 18
1252 19
1253 15
1254 21
1255 17
1256 16
1257 22
1258 26
1259 19
1260 25
1261 26
1262 22
1263 25
1264 25
1265 22
1266 24
1267 17
1268 20
1269 20
1270 16
1271 18
1272 16
1273 14
1274 20
1275 16
1276 12
1277 17
1278 25
1279 20
1280 11
1281 19
1282 17
1283 11
1284 13
1285 21
1286 25
1287 18
1288 25
1289 17
1290 17
1291 15
1292 21
1293 20
1294 21
1295 19
1296 19
1297 15
1298 17
1299 17
1300 11
1301 13
1302 11
1303 16
1304 14
1305 16
1306 8
1307 17
1308 19
1309 14
1310 13
1311 11
1312 15
1313 12
1314 11
1315 12
1316 11
1317 15
1318 12
1319 15
1320 10
1321 10
1322 13
1323 7
1324 13
1325 16
1326 8
1327 9
1328 9
1329 16
1330 14
1331 12
1332 8
1333 9
1334 5
1335 7
1336 5
1337 4
1338 11
1339 8
1340 10
1341 9
1342 14
1343 5
1344 9
1345 4
1346 8
1347 11
1348 4
1349 9
1350 9
1351 15
1352 6
1353 10
1354 18
1355 10
1356 7
1357 8
1358 7
1359 4
1360 10
1361 1
1362 4
1363 6
1364 11
1365 9
1366 5
1367 7
1368 13
1369 5
1370 5
1371 10
1372 4
1373 4
1374 5
1375 4
1376 5
1377 1
1378 9
1379 5
1380 4
1381 6
1382 3
1383 1
1384 4
1385 2
1386 3
1387 9
1388 3
1389 1
1390 2
1391 3
1392 2
1393 4
1394 3
1395 4
1396 3
1397 3
1398 2
1399 1
1400 2
1401 2
1403 3
1404 2
1405 2
1408 5
1409 2
1410 3
1411 4
1412 3
1413 2
1415 3
1416 3
1417 2
1418 2
1419 3
1420 5
1421 3
1422 1
1423 3
1424 4
1425 1
1426 2
1427 1
1428 3
1432 2
1433 2
1435 2
1436 7
1437 2
1438 2
1439 4
1440 1
1441 2
1442 3
1443 4
1444 2
1445 2
1446 3
1447 1
1449 2
1450 1
1451 2
1452 1
1453 2
1454 4
1455 5
1456 6
1457 2
1458 4
1459 4
1460 3
1461 3
1462 6
1463 3
1464 5
1465 6
1466 2
1467 5
1468 6
1469 9
1470 12
1471 9
1472 8
1473 7
1474 7
1475 7
1476 6
1477 8
1478 14
1479 13
1480 13
1481 12
1482 10
1483 6
1484 17
1485 12
1486 14
1487 13
1488 21
1489 17
1490 15
1491 15
1492 24
1493 17
1494 16
1495 21
1496 16
1497 23
1498 20
1499 19
1500 14
1501 18
1502 17
1503 21
1504 20
1505 18
1506 20
1507 15
1508 32
1509 23
1510 28
1511 18
1512 20
1513 10
1514 24
1515 28
1516 22
1517 24
1518 21
1519 32
1520 26
1521 21
1522 30
1523 22
1524 25
1525 22
1526 23
1527 34
1528 40
1529 31
1530 27
1531 27
1532 22
1533 38
1534 36
1535 25
1536 23
1537 25
1538 33
1539 25
1540 26
1541 34
1542 37
1543 32
1544 40
1545 31
1546 29
1547 27
1548 34
1549 34
1550 26
1551 15
1552 27
1553 29
1554 30
1555 19
1556 29
1557 29
1558 33
1559 32
1560 32
1561 31
1562 26
1563 25
1564 22
1565 23
1566 36
1567 23
1568 24
1569 24
1570 22
1571 17
1572 22
1573 24
1574 31
1575 18
1576 17
1577 16
1578 24
1579 20
1580 20
1581 20
1582 16
1583 24
1584 21
1585 30
1586 23
1587 21
1588 22
1589 26
1590 32
1591 29
1592 17
1593 23
1594 22
1595 25
1596 18
1597 16
1598 17
1599 28
1600 17
1601 20
1602 22
1603 22
1604 19
1605 26
1606 23
1607 28
1608 18
1609 12
1610 27
1611 23
1612 23
1613 29
1614 22
1615 21
1616 21
1617 25
1618 24
1619 24
1620 18
1621 24
1622 18
1623 21
1624 18
1625 14
1626 20
1627 14
1628 25
1629 14
1630 19
1631 31
1632 13
1633 28
1634 13
1635 24
1636 15
1637 16
1638 20
1639 24
1640 21
1641 20
1642 18
1643 23
1644 23
1645 18
1646 23
1647 40
1648 27
1649 27
1650 29
1651 46
1652 41
1653 30
1654 26
1655 31
1656 23
1657 24
1658 26
1659 20
1660 24
1661 33
1662 29
1663 26
1664 21
1665 38
1666 42
1667 35
1668 32
1669 28
1670 22
1671 27
1672 32
1673 40
1674 29
1675 29
1676 23
1677 37
1678 30
1679 19
1680 24
1681 29
1682 25
1683 17
1684 22
1685 31
1686 35
1687 34
1688 27
1689 22
1690 29
1691 38
1692 27
1693 30
1694 23
1695 32
1696 28
1697 20
1698 25
1699 22
1700 29
1701 30
1702 14
1703 33
1704 16
1705 25
1706 23
1707 20
1708 19
1709 19
1710 25
1711 19
1712 25
1713 22
1714 24
1715 21
1716 15
1717 25
1718 18
1719 16
1720 20
1721 19
1722 22
1723 13
1724 13
1725 11
1726 13
1727 16
1728 12
1729 12
1730 13
1731 10
1732 13
1733 7
1734 8
1735 11
1736 4
1737 10
1738 11
1739 10
1740 14
1741 18
1742 10
1743 14
1744 9
1745 8
1746 4
1747 8
1748 7
1749 8
1750 5
1751 4
1752 3
1753 4
1754 1
1755 1
1756 1
1757 2
1758 3
1759 3
1760 2
1761 3
1762 4
1763 1
1764 3
1765 3
1766 1
1767 2
1768 1
1769 4
1770 1
1771 2
1772 1
1773 1
1775 7
1776 3
1777 3
1778 5
1779 4
1781 1
1782 1
1784 1
1785 1
1786 1
1808 1
1809 1
1810 1
1812 1
1813 2
1815 2
1816 4
1819 2
1820 2
1821 3
1822 2
1823 1
1824 3
1825 1
1827 4
1828 1
1829 2
1830 6
1831 1
1832 3
1833 2
1834 1
1835 2
1837 3
1839 2
1840 2
1842 1
1843 4
1844 3
1845 4
1846 3
1847 5
1848 5
1849 2
1850 5
1851 6
1852 6
1853 8
1854 6
1855 7
1856 5
1857 7
1858 7
1859 2
1860 12
1861 6
1862 4
1863 9
1864 8
1865 3
1866 8
1867 2
1868 8
1869 14
1870 8
1871 7
1872 8
1873 8
1874 13
1875 13
1876 11
1877 10
1878 10
1879 16
1880 10
1881 13
1882 17
1883 5
1884 17
1885 14
1886 9
1887 13
1888 11
1889 19
1890 14
1891 18
1892 10
1893 17
1894 17
1895 15
1896 15
1897 17
1898 21
1899 16
1900 17
1901 27
1902 23
1903 28
1904 23
1905 14
1906 30
1907 23
1908 21
1909 23
1910 20
1911 21
1912 27
1913 19
1914 17
1915 19
1916 19
1917 32
1918 21
1919 26
1920 21
1921 22
1922 24
1923 20
1924 25
1925 16
1926 18
1927 25
1928 22
1929 16
1930 28
1931 23
1932 20
1933 12
1934 25
1935 25
1936 20
1937 18
1938 23
1939 27
1940 14
1941 19
1942 15
1943 17
1944 14
1945 18
1946 19
1947 13
1948 13
1949 16
1950 12
1951 22
1952 16
1953 19
1954 12
1955 22
1956 12
1957 18
1958 17
1959 15
1960 26
1961 15
1962 20
1963 20
1964 16
1965 10
1966 10
1967 10
1968 6
1969 13
1970 13
1971 13
1972 15
1973 7
1974 13
1975 12
1976 6
1977 17
1978 9
1979 16
1980 9
1981 11
1982 14
1983 13
1984 7
1985 9
1986 9
1987 10
1988 8
1989 8
1990 11
1991 4
1992 9
1993 8
1994 10
1995 6
1996 5
1997 5
1998 5
1999 8
2000 3
2001 7
2002 8
2003 5
2004 7
2005 1
2006 6
2007 3
2008 4
2009 2
2010 3
2011 3
2012 2
2014 3
2015 2
2016 3
2017 2
2018 1
2019 4
2020 2
2021 2
2023 1
2024 3
2025 6
2026 4
2028 1
2029 1
2030 2
2032 1
2033 2
2034 1
2035 3
2037 1
2039 1
2040 5
2041 4
2042 3
2043 2
2044 2
2045 2
2046 3
2047 5
2048 4
2049 3
2050 5
2051 4
2052 6
2053 3
2054 4
2055 13
2056 8
2057 6
2058 4
2059 7
2060 7
2061 7
2062 5
2063 7
2064 7
2065 11
2066 11
2067 10
2068 15
2069 7
2070 12
2071 16
2072 12
2073 19
2074 10
2075 14
2076 18
2077 19
2078 15
2079 11
2080 18
2081 19
2082 15
2083 15
2084 15
2085 16
2086 19
2087 9
2088 8
2089 14
2090 12
2091 8
2092 10
2093 14
2094 14
2095 10
2096 15
2097 13
2098 11
2099 8
2100 16
2101 11
2102 9
2103 15
2104 8
2105 16
2106 10
2107 10
2108 10
2109 12
2110 6
2111 9
2112 5
2113 8
2114 8
2115 10
2116 11
2117 8
2118 4
2119 8
2120 9
2121 16
2122 7
2123 5
2124 11
2125 11
2126 9
2127 12
2128 12
2129 11
2130 7
2131 13
2132 8
2133 14
2134 10
2135 6
2136 7
2137 7
2138 12
2139 16
2140 8
2141 8
2142 11
2143 12
2144 9
2145 12
2146 15
2147 18
2148 15
2149 10
2150 8
2151 14
2152 6
2153 7
2154 8
2155 17
2156 11
2157 9
2158 8
2159 5
2160 6
2161 4
2162 3
2163 9
2164 6
2165 6
2166 3
2167 6
2168 1
2169 3
2170 5
2171 3
2172 10
2173 3
2174 7
2175 1
2176 6
2177 10
2178 2
2179 4
2180 5
2181 2
2182 5
2183 3
2184 4
2185 4
2186 6
2187 6
2188 5
2189 2
2190 2
2191 5
2192 7
2193 5
2194 2
2195 6
2196 2
2197 2
2198 4
2200 2
2201 2
2202 1
2203 5
2205 1
2206 6
2207 2
2209 3
2210 2
2211 5
2212 6
2213 6
2214 3
2215 1
2216 1
2217 2
2218 1
2219 9
2220 5
2221 3
2222 5
2223 2
2224 1
2225 7
2226 8
2227 5
2228 1
2229 6
2230 5
2232 3
2233 6
2234 6
2235 5
2236 3
2237 3
2238 10
2239 6
2240 5
2241 6
2242 5
2243 3
2244 6
2245 2
2246 7
2247 4
2248 5
2249 7
2250 8
2251 6
2252 6
2253 5
2254 7
2255 9
2256 4
2257 9
2258 14
2259 8
2260 11
2261 7
2262 9
2263 3
2264 12
2265 8
2266 12
2267 12
2268 12
2269 14
2270 12
2271 12
2272 12
2273 15
2274 13
2275 8
2276 19
2277 17
2278 14
2279 12
2280 14
2281 14
2282 8
2283 10
2284 12
2285 13
2286 12
2287 7
2288 11
2289 5
2290 18
2291 5
2292 9
2293 4
2294 5
2295 15
2296 10
2297 14
2298 16
2299 21
2300 10
2301 12
2302 16
2303 15
2304 14
2305 17
2306 16
2307 12
2308 13
2309 14
2310 18
2311 11
2312 14
2313 15
2314 21
2315 13
2316 12
2317 17
2318 17
2319 12
2320 16
2321 27
2322 14
2323 13
2324 23
2325 16
2326 22
2327 20
2328 21
2329 17
2330 23
2331 21
2332 22
2333 21
2334 23
2335 23
2336 18
2337 16
2338 22
2339 14
2340 17
2341 23
2342 15
2343 17
2344 17
2345 14
2346 21
2347 17
2348 14
2349 20
2350 17
2351 13
2352 12
2353 23
2354 9
2355 21
2356 15
2357 13
2358 19
2359 13
2360 13
2361 14
2362 12
2363 10
2364 20
2365 12
2366 12
2367 19
2368 12
2369 9
2370 10
2371 12
2372 14
2373 12
2374 7
2375 12
2376 6
2377 10
2378 9
2379 10
2380 7
2381 4
2382 6
2383 9
2384 9
2385 9
2386 10
2387 8
2388 8
2389 8
2390 2
2391 8
2392 5
2393 1
2394 8
2395 11
2396 1
2397 4
2398 4
2399 12
2400 6
2401 4
2402 9
2403 4
2404 5
2405 6
2406 7
2407 4
2408 5
2409 4
2410 4
2411 2
2412 6
2413 5
2414 3
2415 5
2416 5
2417 2
2418 5
2419 1
2420 2
2421 6
2422 2
2423 3
2424 1
2425 4
2426 1
2427 1
2429 2
2430 3
2431 1
2433 1
2436 1
2438 2
2448 1
2451 1
2453 1
2454 1
2455 2
2456 1
2458 4
2460 2
2461 1
2464 3
2465 1
2466 2
2467 4
2469 1
2471 1
2472 2
2473 6
2474 3
2475 4
2476 2
2477 2
2478 3
2479 3
2480 2
2483 2
2484 4
2485 4
2486 1
2487 1
2488 4
2490 3
2492 1
2493 2
2494 2
2495 1
2496 2
2497 3
2498 1
2499 1
2502 3
2503 1
2504 2
2505 3
2506 1
2507 1
2508 2
2512 2
2513 2
2515 1
2516 1
2517 1
2518 1
2520 1
2523 1
2524 1
2525 1
2526 1
2529 1
2531 3
2532 1
2533 2
2534 1
2535 3
2536 1
2539 2
2540 2
2541 2
2542 2
2543 4
2544 2
2546 1
2548 3
2549 3
2550 3
2551 2
2552 1
2553 1
2554 1
2555 2
2556 2
2557 6
2558 5
2559 2
2560 4
2561 3
2562 2
2563 3
2564 2
2565 6
2566 1
2567 2
2568 4
2569 3
2571 1
2572 3
2573 3
2574 1
2575 1
2577 1
2578 1
2579 2
2580 2
2581 4
2582 1
2583 2
2584 1
2585 2
2587 3
2589 1
2590 3
2591 4
2593 1
2594 3
2595 2
2596 2
2599 1
2602 1
2603 1
2605 1
2606 1
2608 1
2610 2
2611 1
2612 2
2614 1
2616 2
2617 2
2619 2
2620 3
2623 2
2624 3
2625 1
2626 3
2628 1
2629 1
2630 3
2631 1
2633 2
2634 4
2635 5
2636 4
2638 3
2640 1
2641 3
2642 2
2643 3
2644 1
2645 3
2646 2
2647 2
2648 4
2649 4
2650 3
2651 1
2652 2
2653 4
2654 4
2655 1
2656 2
2659 1
2660 1
2661 1
2662 3
2663 1
2664 1
2665 1
2666 4
2667 2
2668 4
2669 5
2670 1
2671 4
2672 2
2673 3
2674 1
2675 2
2676 2
2677 5
2678 2
2681 1
2682 1
2683 3
2684 3
2685 1
2686 5
2687 2
2688 1
2689 1
2690 2
2691 3
2693 7
2694 6
2695 1
2696 3
2697 3
2698 5
2699 3
2700 4
2701 5
2702 3
2703 2
2704 4
2705 3
2706 7
2707 3
2708 3
2709 1
2710 2
2711 1
2712 2
2713 4
2714 1
2715 4
2716 3
2717 4
2719 1
2720 2
2721 1
2722 3
2723 2
2724 2
2725 6
2726 2
2727 5
2728 1
2729 2
2731 4
2732 2
2733 3
2734 3
2735 5
2736 1
2737 3
2738 1
2739 1
2741 1
2743 1
2744 5
2745 4
2747 1
2750 1
2751 1
2752 1
2753 1
2754 2
2755 2
2756 1
2757 2
2758 5
2760 1
2762 1
2765 3
2767 1
2768 1
2771 3
2775 1
2777 1
2797 1
2821 1
2829 1
2880 1
2890 1
2891 1
2902 1
2905 1
2906 1
2912 1
2917 1
2926 1
2934 1
2941 2
2946 1
2948 1
2952 1
2953 1
2956 1
2962 1
2966 1
2971 1
2991 1
2992 1
3005 1
3006 2
3009 2
3010 1
3011 1
3012 3
3014 2
3017 2
3018 1
3019 1
3025 2
3026 2
3027 2
3028 1
3030 1
3032 2
3033 2
3034 2
3035 4
3036 1
3039 1
3040 3
3042 1
3043 3
3044 3
3045 3
3046 1
3047 1
3049 1
3051 6
3053 2
3054 1
3055 1
3056 3
3057 3
3058 3
3059 2
3060 2
3061 1
3062 5
3063 3
3064 2
3065 2
3066 2
3067 2
3068 2
3069 2
3070 2
3071 2
3072 2
3073 1
3074 1
3076 1
3077 1
3078 2
3079 2
3080 1
3083 2
3087 1
3088 3
3089 1
3090 1
3091 1
3092 1
3093 1
3094 2
3096 1
3099 2
3100 3
3101 1
3102 2
3103 3
3107 1
3108 1
3109 1
3110 1
3111 2
3112 5
3113 2
3114 2
3115 7
3117 1
3118 5
3119 2
3120 2
3121 3
3122 1
3123 2
3125 2
3126 1
3127 2
3128 1
3130 4
3131 1
3132 1
3134 2
3135 1
3136 2
3138 2
3139 1
3141 1
3142 1
3143 1
3146 2
3147 2
3148 4
3149 1
3150 2
3153 1
3159 1
3160 3
3161 2
3165 1
3166 1
3168 1
3169 3
3171 1
3173 1
3174 2
3176 1
3178 1
3180 1
3181 1
3184 1
3190 1
3193 2
3197 1
3200 2
3201 1
3202 1
3211 1
3212 1
3233 1
3261 2
3263 1
3268 1
3283 1
3289 1
3293 1
3294 1
3297 1
3299 1
3302 1
3331 2
3332 1
3334 1
3336 1
3337 1
3339 1
3341 1
3344 1
3346 1
3348 2
3350 2
3351 4
3352 1
3353 1
3355 1
3357 1
3359 1
3360 1
3361 2
3366 1
3370 1
3373 1
3374 2
3378 2
3380 1
3381 1
3384 1
3386 1
3392 2
3393 3
3394 3
3395 2
3396 4
3397 2
3399 3
3400 2
3403 2
3404 1
3405 2
3406 2
3407 1
3408 1
3409 2
3411 1
3412 1
3413 2
3414 2
3415 1
3416 2
3418 3
3419 1
3420 2
3421 1
3422 2
3423 4
3425 1
3427 1
3428 1
3430 4
3432 1
3434 2
3435 2
3436 1
3437 1
3444 1
3446 3
3452 1
3453 1
3454 2
3456 1
3463 1
3464 1
3465 2
3467 2
3469 1
3470 1
3475 2
3476 2
3480 1
3481 1
3482 1
3484 2
3485 1
3486 1
3490 1
3495 1
3499 1
3503 1
3504 2
3506 1
3508 2
3509 2
3510 1
3511 1
3512 2
3513 1
3514 3
3515 3
3516 1
3517 1
3518 1
3519 1
3520 2
3521 1
3522 1
3523 1
3524 2
3527 2
3528 3
3530 6
3531 1
3532 2
3533 1
3534 1
3535 1
3537 1
3538 1
3539 2
3540 1
3541 1
3543 1
3545 3
3546 1
3547 1
3548 1
3554 1
3569 1
3581 1
3598 1
3600 1
3611 1
3654 1
3673 1
3685 1
3708 1
3719 1
3731 1
3740 1
3745 1
3754 1
3769 1
3780 1
3788 1
3789 1
3792 1
3795 1
3796 1
3797 1
3800 1
3803 2
3805 1
3807 1
3809 1
3810 1
3811 1
3812 3
3813 1
3815 1
3817 1
3818 2
3819 1
3822 1
3823 2
3824 1
3826 3
3829 2
3830 1
3831 3
3832 1
3833 3
3834 3
3835 2
3836 1
3837 2
3838 6
3839 9
3840 1
3841 4
3842 3
3843 4
3844 5
3845 7
3846 4
3847 4
3848 5
3849 8
3850 7
3851 6
3852 2
3853 1
3854 6
3855 4
3856 5
3857 2
3858 3
3859 3
3860 4
3861 4
3862 5
3863 3
3864 4
3865 6
3866 4
3867 4
3868 5
3869 8
3870 3
3871 3
3872 2
3873 6
3874 2
3875 5
3876 3
3877 3
3878 7
3879 2
3880 4
3881 3
3882 2
3883 3
3884 2
3886 2
3887 2
3888 1
3889 3
3890 1
3891 1
3892 1
3893 2
3895 3
3896 1
3898 1
3900 1
3901 4
3902 1
3904 1
3906 2
3907 1
3909 1
3914 1
3916 1
3921 1
3922 1
3923 1
3927 1
3931 1
3934 1
3935 2
3936 1
3938 1
3944 1
3946 1
3968 1
3986 1
3992 1
4024 1
4050 1
4082 1
4084 1
4087 1
4095 1
4098 1
4102 1
4106 1
4110 1
4112 1
4116 1
4117 1
4121 1
4126 1
4129 1
4131 1
4135 1
4138 1
4141 1
4142 1
4143 1
4147 2
4149 1
4152 1
4153 1
4154 1
4157 1
4158 1
4160 2
4161 2
4162 3
4163 3
4165 2
4169 1
4170 1
4171 2
4172 1
4177 1
4180 1
4181 1
4182 3
4183 1
4184 1
4185 2
4186 1
4187 1
4188 4
4189 1
4190 5
4191 4
4193 2
4194 1
4196 2
4200 1
4201 3
4202 3
4203 1
4204 2
4205 3
4207 2
4208 4
4210 3
4211 2
4212 3
4213 4
4214 1
4215 6
4216 7
4217 3
4218 3
4219 2
4220 6
4221 3
4222 7
4223 1
4224 1
4225 5
4226 7
4228 3
4229 4
4230 4
4231 6
4232 4
4233 6
4234 2
4235 6
4236 1
4237 7
4238 4
4240 2
4241 8
4242 5
4243 6
4244 3
4245 4
4246 6
4247 2
4248 3
4249 2
4250 6
4251 4
4252 4
4253 5
4254 2
4255 5
4256 10
4257 5
4258 8
4259 8
4260 10
4261 5
4262 11
4263 3
4264 5
4265 3
4266 5
4267 2
4268 6
4269 3
4270 4
4271 4
4272 2
4273 3
4274 6
4276 4
4279 8
4280 2
4281 6
4282 4
4283 6
4284 3
4285 7
4286 2
4288 4
4290 5
4291 3
4292 4
4293 2
4294 1
4295 2
4297 3
4298 5
4299 3
4300 2
4301 1
4304 1
4305 3
4306 3
4307 3
4308 3
4311 1
4313 1
4314 6
4316 1
4317 2
4319 1
4320 2
4323 1
4324 2
4325 1
4326 2
4328 1
4329 1
4330 1
4332 2
4335 2
4338 2
4339 1
4340 1
4343 1
4346 1
4350 2
4353 2
4354 1
4355 1
4356 1
4357 1
4360 1
4362 2
4363 1
4364 1
4365 2
4370 2
4371 1
4372 1
4376 1
4385 1
4386 1
4421 1
4455 1
4492 1
4509 1
4517 1
4521 1
4522 1
4525 2
4527 1
4528 1
4529 1
4531 1
4534 1
4535 1
4538 1
4539 2
4540 2
4541 2
4543 1
4544 2
4545 1
4546 1
4547 4
4548 3
4549 3
4550 2
4551 1
4552 2
4553 3
4554 1
4555 1
4556 1
4558 1
4559 3
4560 3
4561 1
4562 1
4563 2
4564 4
4565 1
4566 3
4567 2
4568 3
4569 2
4572 4
4573 5
4574 1
4575 3
4576 1
4577 1
4578 1
4579 2
4580 3
4581 3
4582 3
4583 3
4584 4
4587 2
4588 1
4590 5
4592 2
4593 1
4594 2
4595 1
4596 7
4598 2
4600 1
4601 4
4602 1
4603 1
4605 1
4606 2
4607 3
4609 2
4610 1
4618 1
4619 2
4622 1
4623 1
4624 4
4625 3
4626 8
4629 1
4631 2
4636 1
4637 1
4639 1
4640 2
4643 1
4645 2
4646 1
4647 2
4650 1
4651 2
4653 2
4655 1
4658 1
4659 2
4660 3
4661 2
4662 2
4663 3
4664 2
4665 1
4666 1
4667 2
4668 1
4669 2
4670 3
4671 1
4672 2
4673 1
4674 1
4676 3
4677 1
4678 2
4679 1
4684 1
4685 1
4686 2
4687 1
4690 1
4692 1
4695 1
4698 1
4699 1
4700 1
4702 1
4706 1
4711 1
4712 1
4713 1
4716 2
4717 2
4720 1
4726 1
4729 1
4733 1
4736 1
4737 1
4740 1
4741 1
4746 1
4748 1
4749 1
4752 1
4754 1
4760 1
4789 1
4805 1
4816 1
4843 2
4846 2
4848 1
4851 1
4853 2
4854 1
4856 1
4858 1
4859 1
4862 1
4864 1
4869 1
4870 1
4874 2
4878 1
4880 1
4881 1
4882 1
4884 1
4888 1
4892 2
4895 1
4896 1
4897 1
4899 2
4902 1
4903 1
4905 4
4908 2
4909 1
4910 2
4911 1
4913 1
4915 2
4916 1
4918 1
4920 2
4922 1
4925 1
4926 2
4929 2
4930 1
4931 1
4932 1
4933 1
4934 4
4936 2
4938 2
4939 1
4941 1
4942 2
4944 1
4946 2
4947 2
4948 2
4949 2
4950 1
4952 1
4953 2
4954 2
4958 2
4959 1
4962 4
4963 1
4964 1
4966 2
4967 2
4968 1
4969 4
4970 1
4971 1
4973 2
4975 2
4977 2
4978 1
4979 1
4981 1
4982 1
4983 1
4984 2
4985 3
4987 1
4989 6
4990 4
4991 2
4992 1
4994 5
4995 5
4996 1
4997 2
4999 3
5002 3
5003 1
5006 2
5007 1
5008 1
5009 1
5010 3
5011 2
5012 1
5013 6
5014 3
5015 1
5016 2
5018 4
5019 2
5020 4
5021 2
5022 3
5023 1
5025 1
5026 1
5027 1
5028 2
5029 2
5030 1
5031 1
5033 1
5034 5
5036 2
5037 3
5038 2
5039 2
5040 3
5041 2
5042 2
5043 1
5044 6
5045 2
5046 4
5048 3
5049 2
5050 1
5051 2
5052 3
5053 2
5054 3
5055 2
5057 3
5058 4
5059 4
5060 2
5061 2
5063 3
5065 1
5066 2
5067 3
5068 1
5069 3
5070 1
5071 1
5072 3
5073 2
5075 1
5076 5
5077 1
5079 3
5081 2
5083 1
5084 1
5085 1
5088 1
5089 1
5091 1
5092 1
5093 1
5098 1
5100 1
5108 2
5111 2
5113 2
5115 1
5116 1
5120 1
5121 1
5122 2
5125 2
5126 1
5132 1
5133 1
5137 1
5141 2
5146 1
5148 2
5150 1
5151 1
5152 1
5153 1
5155 1
5158 1
5161 2
5163 2
5164 1
5165 1
5168 1
5169 2
5170 1
5171 1
5173 1
5174 1
5176 1
5182 2
5185 2
5186 1
5187 1
5189 2
5190 2
5191 2
5192 1
5193 1
5196 1
5197 1
5198 1
5201 3
5204 1
5205 1
5206 4
5208 1
5216 2
5223 1
5225 1
5227 1
5233 1
5246 1
5252 1
5263 1
5264 1
5265 1
5266 1
5270 1
5271 2
5272 1
5274 1
5275 1
5276 1
5279 2
5280 1
5284 3
5290 2
5291 1
5300 1
5304 1
5328 1
5335 1
5337 1
5343 1
5344 1
5348 1
5350 1
5351 1
5354 1
5356 1
5357 2
5358 2
5359 2
5360 1
5361 1
5364 3
5365 1
5367 1
5368 2
5372 2
5373 1
5375 4
5376 1
5378 1
5381 1
5382 1
5385 2
5386 2
5389 1
5390 1
5391 2
5393 2
5394 1
5397 1
5398 1
5401 2
5402 1
5403 1
5405 1
5408 1
5409 2
5410 2
5411 2
5413 2
5415 2
5416 2
5417 1
5419 1
5420 1
5421 2
5422 2
5423 1
5425 3
5426 2
5427 1
5428 1
5429 3
5431 2
5432 1
5434 1
5435 2
5439 1
5440 2
5442 1
5444 1
5445 1
5448 1
5449 1
5450 2
5452 1
5455 1
5457 2
5459 1
5460 2
5466 1
5476 1
5477 2
5485 1
5486 1
5492 1
5493 1
5494 2
5495 1
5497 1
5498 1
5500 1
5504 1
5507 2
5508 2
5509 2
5515 1
5520 1
5521 1
5522 1
5524 1
5525 1
5526 1
5533 1
5539 1
5620 1
5627 1
5630 1
5634 1
5636 1
5637 2
5638 1
5639 1
5640 1
5642 1
5644 1
5652 1
5657 1
5659 1
5660 1
5663 3
5667 1
5669 1
5679 1
5681 1
5688 1
5691 1
5694 1
5697 1
5698 1
5699 2
5700 2
5703 1
5704 1
5705 1
5707 1
5708 1
5709 2
5710 2
5711 1
5712 1
5714 1
5715 2
5717 2
5718 5
5719 2
5720 1
5721 2
5722 3
5723 1
5724 2
5725 1
5728 1
5729 2
5730 1
5731 2
5732 3
5733 6
5734 4
5735 2
5736 1
5737 3
5738 2
5739 3
5741 3
5742 2
5743 2
5744 3
5745 3
5746 1
5747 2
5748 4
5749 1
5750 1
5751 2
5752 6
5753 5
5754 4
5755 3
5756 4
5757 4
5758 2
5759 1
5760 1
5761 2
5762 3
5763 1
5765 1
5766 1
5767 1
5768 1
5769 3
5770 4
5772 1
5773 3
5774 3
5775 1
5777 3
5778 1
5779 1
5782 1
5783 3
5784 2
5785 1
5786 5
5789 3
5792 3
5793 2
5794 1
5795 2
5796 2
5797 3
5799 3
5800 3
5801 1
5802 1
5803 1
5804 1
5805 3
5806 2
5807 1
5808 3
5809 1
5813 2
5814 1
5815 1
5816 2
5817 1
5820 2
5821 1
5822 4
5823 2
5825 1
5826 1
5827 2
5828 2
5829 3
5830 2
5831 1
5832 2
5833 6
5834 2
5835 3
5836 4
5837 1
5838 3
5839 2
5840 1
5841 3
5842 3
5843 3
5844 5
5845 3
5846 1
5847 3
5848 2
5849 3
5850 4
5851 1
5852 2
5853 4
5855 5
5856 1
5857 2
5858 3
5859 2
5860 3
5861 1
5862 2
5863 1
5864 1
5865 2
5867 1
5868 1
5869 2
5871 2
5872 3
5874 1
5875 1
5876 2
5877 3
5878 1
5880 1
5884 1
5886 1
5887 1
5888 3
5889 3
5890 3
5894 2
5895 1
5896 1
5897 1
5899 2
5902 1
5903 2
5904 2
5906 1
5907 1
5908 2
5909 1
5910 2
5911 1
5912 2
5913 1
5914 1
5916 1
5919 2
5921 1
5927 1
5928 1
5945 1
5948 1
5959 1
6030 2
6032 1
6043 1
6045 1
6057 1
6062 1
6063 1
6065 1
6067 1
6068 2
6069 1
6070 1
6072 1
6073 1
6074 1
6075 2
6077 2
6078 1
6081 2
6082 2
6085 2
6087 1
6088 1
6096 2
6098 1
6101 2
6104 3
6105 1
6106 1
6109 2
6114 2
6115 1
6116 2
6118 3
6119 2
6123 1
6128 2
6129 2
6131 1
6133 1
6140 1
6141 1
6144 1
6165 1
6168 1
6173 1
6174 2
6175 1
6178 2
6179 2
6181 1
6182 1
6183 2
6186 1
6187 1
6190 1
6191 1
6192 1
6193 2
6200 1
6201 1
6202 2
6203 1
6205 1
6206 1
6208 1
6211 1
6212 1
6216 2
6220 1
6221 1
6224 1
6225 1
6227 1
6231 1
6232 2
6233 1
6240 1
6243 1
6244 1
6245 2
6255 1
6280 1
6283 1
6284 1
6286 1
6313 2
6324 1
6325 1
6327 1
6328 2
6333 1
6334 1
6337 1
6338 1
6341 1
6342 1
6343 1
6390 1
6441 1
6449 1
6451 1
6453 1
6457 2
6462 2
6471 1
6472 2
6476 2
6478 2
6479 1
6481 1
6483 1
6487 1
6493 1
6494 2
6495 1
6497 1
6498 1
6499 1
6502 1
6503 1
6507 1
6509 1
6511 1
6513 1
6514 1
6515 2
6518 1
6521 3
6523 2
6524 2
6525 1
6526 1
6527 1
6529 1
6530 1
6531 1
6532 1
6535 2
6537 2
6540 3
6543 2
6544 2
6545 2
6546 2
6547 1
6548 3
6549 1
6551 2
6552 1
6553 1
6554 4
6556 2
6558 1
6559 3
6560 1
6561 2
6562 2
6565 4
6568 2
6569 1
6570 2
6571 1
6575 1
6576 2
6578 1
6579 5
6580 1
6581 1
6582 1
6583 1
6584 1
6585 1
6587 1
6590 1
6591 1
6592 2
6597 3
6598 2
6600 1
6601 2
6602 1
6604 1
6605 1
6608 1
6611 2
6612 3
6614 1
6615 1
6617 1
6619 1
6624 1
6625 1
6627 1
6629 1
6630 1
6633 2
6637 3
6639 2
6640 1
6641 1
6642 1
6644 1
6645 2
6646 1
6647 3
6649 3
6650 1
6652 1
6653 2
6655 2
6656 2
6657 2
6659 3
6660 1
6661 1
6662 2
6663 2
6664 1
6665 1
6666 1
6669 1
6670 1
6671 3
6673 1
6674 1
6675 3
6676 3
6677 1
6678 1
6679 2
6680 2
6681 1
6684 2
6688 1
6689 1
6690 2
6691 1
6692 1
6694 1
6696 1
6697 1
6699 1
6700 1
6801 1
6804 1
6812 1
6813 1
6814 1
6820 1
6821 1
6822 1
6824 1
6826 1
6831 1
6833 1
6836 1
6838 1
6841 1
6845 1
6846 1
6849 1
6852 1
6854 1
6855 1
6859 1
6861 3
6863 1
6866 1
6868 1
6871 2
6872 2
6873 1
6875 1
6877 3
6879 1
6880 1
6884 2
6885 2
6886 1
6887 1
6891 3
6892 1
6893 1
6897 2
6899 1
6905 1
6906 1
6907 1
6911 1
6915 1
6917 2
6925 1
6943 1
6949 1
6955 1
6959 1
6974 1
6982 1
6984 1
6988 1
6989 1
6991 1
6992 1
6996 1
6997 1
6999 1
7000 1
7001 1
7004 2
7010 2
7011 1
7014 1
7018 2
7020 1
7026 1
7033 1
7035 1
7041 1
7042 1
7043 1
7044 1
7045 2
7049 2
7050 3
7051 1
7054 1
7055 1
7058 1
7059 1
7061 1
7062 2
7064 2
7067 1
7081 1
7088 1
7097 1
7104 1
7112 1
7114 1
7115 1
7133 1
7134 1
7163 1
7236 1
7246 1
7257 1
7262 1
7383 1
7695 1
7707 1
7972 1
8081 1
8104 1
8506 1
8902 1
8994 1
9029 1
9221 1
9222 1
9320 1
9342 1
9344 1
9345 1
9346 1
9347 1
9356 1
9360 2
9362 1
9367 1
9482 1
9519 1
9523 1
9529 1
9603 1
9616 1
9620 1
9623 1
9627 1
9642 1
9851 1
10001 55
