1 25979438
2 14009205
3 9232592
4 6896512
5 5260222
6 3902261
7 2779447
8 1944552
9 1379914
10 1052268
11 884484
12 813804
13 776782
14 735285
15 677220
16 597995
17 509515
18 420765
19 339366
20 273597
21 224874
22 194660
23 178308
24 168468
25 162596
26 160574
27 157013
28 153160
29 146072
30 136001
31 125952
32 119468
33 117539
34 119596
35 129212
36 143400
37 165258
38 193631
39 227012
40 263833
41 301710
42 338141
43 371515
44 402043
45 424930
46 440051
47 447515
48 444498
49 432513
50 413619
51 388388
52 359720
53 326418
54 295036
55 258980
56 222686
57 186979
58 157106
59 129140
60 104937
61 84671
62 66592
63 53085
64 41485
65 32648
66 26126
67 21273
68 17751
69 15328
70 13641
71 12774
72 11916
73 11103
74 10828
75 10599
76 10281
77 9907
78 9502
79 9196
80 8957
81 8719
82 8248
83 7735
84 7099
85 6337
86 5848
87 5248
88 4776
89 4353
90 3978
91 3696
92 3387
93 2990
94 2772
95 2690
96 2556
97 2383
98 2300
99 2165
100 1971
101 1983
102 1851
103 1744
104 1637
105 1416
106 1349
107 1248
108 1135
109 1028
110 885
111 849
112 758
113 646
114 558
115 480
116 455
117 430
118 347
119 356
120 325
121 324
122 286
123 228
124 257
125 203
126 237
127 220
128 273
129 221
130 286
131 254
132 277
133 253
134 262
135 279
136 284
137 318
138 333
139 368
140 398
141 410
142 404
143 419
144 436
145 455
146 401
147 471
148 414
149 412
150 421
151 420
152 415
153 368
154 371
155 374
156 326
157 306
158 297
159 311
160 310
161 256
162 265
163 225
164 248
165 222
166 256
167 214
168 194
169 198
170 187
171 159
172 180
173 160
174 173
175 162
176 170
177 157
178 169
179 178
180 171
181 212
182 187
183 201
184 215
185 209
186 220
187 236
188 255
189 304
190 258
191 276
192 266
193 281
194 258
195 318
196 247
197 247
198 236
199 240
200 238
201 228
202 245
203 252
204 235
205 221
206 233
207 220
208 207
209 197
210 188
211 153
212 156
213 145
214 127
215 126
216 123
217 127
218 114
219 96
220 98
221 74
222 96
223 87
224 98
225 88
226 78
227 76
228 75
229 99
230 82
231 116
232 94
233 93
234 82
235 106
236 114
237 88
238 92
239 90
240 101
241 102
242 100
243 98
244 89
245 97
246 94
247 70
248 79
249 79
250 82
251 84
252 76
253 93
254 80
255 102
256 77
257 87
258 91
259 79
260 72
261 83
262 70
263 54
264 72
265 67
266 86
267 87
268 83
269 75
270 76
271 86
272 92
273 93
274 105
275 129
276 139
277 150
278 195
279 248
280 280
281 336
282 419
283 489
284 584
285 678
286 794
287 940
288 1027
289 1276
290 1427
291 1681
292 1920
293 2185
294 2509
295 2751
296 3372
297 3737
298 4315
299 4886
300 5595
301 6137
302 6911
303 7752
304 8655
305 9654
306 10639
307 11863
308 12990
309 14127
310 15226
311 16477
312 17918
313 19139
314 20566
315 22274
316 23738
317 25130
318 26710
319 28547
320 30024
321 31688
322 33398
323 35157
324 36765
325 38133
326 39792
327 40790
328 42281
329 42968
330 44026
331 45155
332 45866
333 46527
334 46844
335 47286
336 47815
337 48287
338 47942
339 48050
340 48198
341 47312
342 47040
343 45946
344 45009
345 44151
346 42860
347 41981
348 40894
349 39487
350 38276
351 36852
352 35503
353 33876
354 32557
355 31244
356 29624
357 27858
358 26531
359 24865
360 23510
361 21902
362 20539
363 19059
364 18112
365 16541
366 15405
367 14129
368 12917
369 11861
370 10972
371 9739
372 8938
373 8012
374 7312
375 6588
376 6063
377 5302
378 4893
379 4417
380 4065
381 3336
382 2947
383 2643
384 2427
385 2106
386 1882
387 1638
388 1367
389 1224
390 1176
391 949
392 907
393 746
394 667
395 565
396 516
397 433
398 361
399 343
400 284
401 258
402 210
403 156
404 129
405 123
406 95
407 112
408 90
409 70
410 69
411 62
412 65
413 54
414 50
415 38
416 57
417 36
418 37
419 28
420 43
421 33
422 29
423 36
424 26
425 30
426 37
427 24
428 36
429 23
430 29
431 30
432 27
433 25
434 18
435 17
436 34
437 18
438 17
439 16
440 6
441 12
442 17
443 15
444 12
445 17
446 18
447 15
448 12
449 13
450 15
451 14
452 18
453 18
454 10
455 10
456 8
457 8
458 8
459 6
460 14
461 10
462 9
463 6
464 6
465 5
466 10
467 6
468 6
469 4
470 8
471 7
472 9
473 3
474 6
475 10
476 7
477 2
478 6
479 7
480 4
481 9
482 8
483 7
484 7
485 5
486 7
487 4
488 10
489 8
490 11
491 6
492 5
493 6
494 10
495 6
496 8
497 11
498 7
499 9
500 11
501 8
502 8
503 6
504 9
505 4
506 6
507 9
508 8
509 9
510 8
511 6
512 10
513 9
514 5
515 12
516 10
517 8
518 8
519 5
520 5
521 6
522 4
523 3
524 9
525 5
526 6
527 8
528 10
529 9
530 13
531 10
532 4
533 6
534 5
535 12
536 8
537 7
538 5
539 5
540 5
541 13
542 9
543 6
544 5
545 9
546 4
547 3
548 7
549 4
550 9
551 6
552 5
553 6
554 6
555 6
556 5
557 7
558 10
559 5
560 7
561 8
562 11
563 11
564 6
565 4
566 3
567 7
568 13
569 10
570 4
571 3
572 2
573 3
575 1
576 2
577 1
578 3
580 3
581 3
583 2
584 4
585 2
586 4
587 3
588 2
589 5
590 2
591 1
592 3
593 6
594 1
595 2
596 4
598 1
599 2
600 2
601 2
602 7
603 2
604 1
605 7
607 6
608 4
609 2
610 5
611 4
612 11
613 4
614 7
615 9
616 8
617 11
618 8
619 16
620 5
621 15
622 15
623 21
624 17
625 17
626 8
627 13
628 18
629 8
630 14
631 16
632 15
633 18
634 21
635 25
636 28
637 34
638 29
639 42
640 36
641 33
642 33
643 38
644 46
645 46
646 42
647 39
648 50
649 34
650 39
651 64
652 49
653 62
654 59
655 60
656 54
657 69
658 87
659 79
660 71
661 55
662 65
663 61
664 51
665 55
666 51
667 61
668 62
669 64
670 76
671 77
672 71
673 81
674 83
675 75
676 73
677 82
678 68
679 84
680 75
681 90
682 87
683 91
684 87
685 78
686 79
687 85
688 79
689 76
690 76
691 60
692 77
693 85
694 71
695 74
696 63
697 53
698 57
699 54
700 67
701 52
702 53
703 56
704 53
705 48
706 49
707 38
708 50
709 41
710 35
711 27
712 21
713 26
714 25
715 33
716 22
717 23
718 23
719 20
720 17
721 18
722 12
723 13
724 11
725 20
726 13
727 9
728 12
729 12
730 12
731 5
732 6
733 6
734 7
735 12
736 13
737 2
738 9
739 6
740 5
741 2
742 5
743 2
744 3
745 4
746 5
747 9
748 12
749 5
750 5
751 6
752 5
753 3
754 4
755 9
756 1
757 7
758 5
759 5
760 4
761 10
762 1
763 3
764 3
765 1
766 1
767 2
768 2
770 1
771 2
772 1
773 2
774 1
775 1
777 1
778 1
779 1
780 2
781 2
782 2
783 4
784 3
785 5
786 1
787 3
788 4
789 1
790 2
792 7
795 3
797 3
798 1
799 1
800 2
802 1
804 1
805 1
806 1
807 2
811 2
812 1
813 3
814 5
815 2
817 3
818 2
821 2
822 3
823 2
824 3
825 3
827 2
828 2
830 2
831 3
833 1
836 1
837 4
838 2
839 2
840 3
841 5
842 1
843 3
844 2
845 5
846 6
847 4
849 6
850 3
851 2
852 3
853 1
854 1
855 2
860 3
861 2
862 1
863 5
864 5
866 3
867 2
868 3
869 5
870 1
871 3
872 3
873 4
874 2
875 4
876 1
877 2
878 4
879 1
880 3
883 3
884 2
885 2
886 2
887 3
888 3
889 2
890 1
891 3
892 3
893 2
894 2
895 3
896 3
897 3
898 2
899 5
900 4
901 5
902 1
903 1
904 1
905 1
906 3
907 6
908 3
909 5
910 1
911 2
912 1
914 2
915 3
918 1
920 1
922 1
923 2
924 1
925 2
926 2
927 3
928 1
929 1
930 1
932 3
934 1
935 1
936 1
937 2
939 3
940 1
941 1
942 2
944 2
945 1
946 4
947 4
948 2
949 1
950 3
951 2
952 1
953 1
955 3
956 1
959 1
962 3
963 2
965 3
967 1
968 3
969 1
970 1
971 1
972 4
973 2
974 2
975 4
976 1
977 10
978 6
979 3
980 2
981 1
982 2
983 2
984 4
985 2
986 2
987 1
988 1
989 1
990 5
991 1
992 2
993 11
994 4
995 1
996 2
997 2
998 1
999 3
1000 4
1001 3
1003 3
1004 1
1005 2
1006 3
1007 10
1008 3
1009 3
1010 5
1011 2
1012 6
1013 4
1014 5
1015 2
1016 3
1017 2
1018 1
1019 3
1020 2
1021 2
1022 2
1023 6
1024 4
1025 2
1026 4
1027 2
1028 2
1029 4
1030 2
1031 3
1032 7
1033 4
1034 3
1035 3
1036 5
1037 7
1039 1
1040 1
1041 2
1042 2
1043 3
1044 1
1046 1
1047 2
1048 2
1049 4
1052 1
1053 2
1054 4
1055 1
1056 3
1057 3
1058 2
1060 2
1061 1
1062 1
1068 1
1072 1
1076 1
1079 2
1080 1
1081 2
1085 1
1086 1
1088 1
1090 2
1091 1
1092 1
1093 1
1095 1
1096 2
1097 2
1098 3
1099 3
1100 3
1101 2
1102 6
1103 2
1104 9
1105 5
1106 6
1107 1
1108 1
1109 4
1110 1
1111 1
1112 4
1113 1
1114 1
1115 4
1116 2
1118 3
1119 1
1121 1
1123 2
1125 2
1126 1
1127 1
1128 1
1129 1
1130 1
1131 1
1132 1
1133 1
1134 2
1135 1
1136 1
1137 2
1138 3
1139 1
1140 3
1141 5
1142 3
1143 3
1144 1
1145 2
1146 2
1147 2
1150 6
1151 1
1152 2
1156 1
1158 2
1159 1
1160 3
1161 2
1162 3
1164 1
1166 1
1175 1
1181 2
1182 1
1183 1
1186 1
1188 1
1189 1
1191 2
1193 1
1222 2
1223 1
1225 1
1263 1
1264 1
1266 2
1268 2
1271 1
1273 1
1281 1
1287 1
1289 1
1328 1
1330 1
1331 1
1332 1
1333 1
1336 1
1338 1
1340 1
1342 2
1343 1
1344 3
1348 2
1350 1
1351 1
1352 1
1353 1
1358 1
1360 1
1361 1
1364 2
1365 1
1366 2
1367 1
1368 2
1369 1
1372 3
1375 4
1376 3
1381 1
1385 1
1386 2
1387 1
1396 1
1398 1
1404 1
1413 1
1414 1
1421 1
1437 1
1438 1
1439 2
1440 1
1441 1
1442 1
1452 1
1455 1
1483 1
1485 1
1490 1
1536 1
1542 1
1543 1
1615 1
1659 1
1664 1
1666 1
1670 1
1673 2
1678 2
1679 1
1680 1
1691 1
1694 1
1696 1
1697 1
1699 2
1700 1
1706 1
1711 1
1713 1
1717 1
1747 1
1762 1
2007 1
2015 1
2030 1
2037 1
2042 3
2043 1
2047 1
2049 1
2050 1
2055 1
2056 2
2059 1
2066 1
2067 1
2074 2
2075 1
2081 1
2082 2
2098 1
2110 1
2112 1
2116 1
2117 1
2119 2
2122 1
2124 2
2125 1
2126 1
2127 1
2131 1
2133 1
2136 1
2349 1
2350 1
2356 1
2402 1
2424 1
2695 1
2720 2
3046 1
3091 1
3363 1
3380 1
4089 1
4097 1
4102 1
4109 1
4110 2
4113 1
4114 1
4115 1
4131 1
