1 26005736
2 13993284
3 9255542
4 6912372
5 5265148
6 3891319
7 2773959
8 1938109
9 1369798
10 1049997
11 889311
12 818858
13 777456
14 738700
15 681547
16 599772
17 510130
18 418930
19 335916
20 268041
21 222002
22 194479
23 179619
24 170373
25 166146
26 162802
27 158665
28 154031
29 143726
30 134934
31 124831
32 118204
33 115211
34 117430
35 127036
36 144019
37 166923
38 197415
39 229777
40 265776
41 304341
42 340303
43 373929
44 402587
45 423378
46 438559
47 443754
48 440624
49 432460
50 413815
51 388756
52 358810
53 326098
54 291041
55 255182
56 219868
57 186461
58 157146
59 129636
60 105781
61 84876
62 68463
63 54094
64 42948
65 33752
66 26989
67 22318
68 18332
69 15660
70 13900
71 12433
72 11825
73 11335
74 10841
75 10789
76 10445
77 10111
78 9655
79 9318
80 8898
81 8356
82 7846
83 7066
84 6668
85 6200
86 5600
87 5292
88 4678
89 4302
90 4010
91 3661
92 3382
93 3142
94 2955
95 2826
96 2556
97 2410
98 2232
99 2210
100 2147
101 1996
102 1801
103 1660
104 1567
105 1467
106 1354
107 1211
108 1088
109 987
110 956
111 893
112 814
113 704
114 600
115 552
116 451
117 404
118 376
119 405
120 326
121 301
122 296
123 268
124 275
125 253
126 224
127 245
128 233
129 216
130 253
131 261
132 291
133 314
134 313
135 314
136 320
137 325
138 348
139 365
140 405
141 406
142 409
143 449
144 399
145 448
146 434
147 480
148 436
149 406
150 371
151 387
152 386
153 396
154 388
155 355
156 328
157 316
158 304
159 275
160 327
161 304
162 299
163 293
164 254
165 218
166 225
167 202
168 197
169 203
170 216
171 193
172 196
173 190
174 182
175 186
176 174
177 154
178 187
179 182
180 194
181 201
182 230
183 204
184 224
185 221
186 244
187 233
188 223
189 252
190 253
191 240
192 230
193 270
194 261
195 261
196 232
197 244
198 227
199 244
200 243
201 203
202 221
203 191
204 168
205 201
206 178
207 192
208 176
209 185
210 163
211 160
212 142
213 139
214 150
215 144
216 142
217 124
218 113
219 144
220 128
221 106
222 108
223 109
224 95
225 88
226 85
227 106
228 118
229 113
230 109
231 100
232 113
233 82
234 90
235 91
236 67
237 79
238 65
239 80
240 100
241 107
242 88
243 90
244 74
245 104
246 91
247 86
248 77
249 73
250 85
251 88
252 90
253 97
254 70
255 72
256 77
257 71
258 68
259 57
260 75
261 86
262 67
263 87
264 68
265 81
266 81
267 64
268 92
269 79
270 88
271 95
272 108
273 103
274 114
275 147
276 164
277 202
278 235
279 220
280 301
281 299
282 355
283 422
284 504
285 584
286 777
287 891
288 1028
289 1187
290 1365
291 1630
292 1871
293 2275
294 2598
295 2887
296 3270
297 3704
298 4326
299 4820
300 5386
301 5985
302 6711
303 7616
304 8457
305 9474
306 10312
307 11600
308 12759
309 14084
310 15321
311 16647
312 18383
313 19704
314 21055
315 22570
316 24040
317 25329
318 27099
319 28595
320 30275
321 31610
322 33283
323 34774
324 36924
325 38127
326 39306
327 40618
328 41545
329 42810
330 43793
331 45042
332 45987
333 46703
334 47564
335 47730
336 48515
337 48122
338 48273
339 48336
340 47428
341 47218
342 46866
343 46043
344 45675
345 44651
346 43629
347 42562
348 41106
349 40102
350 38388
351 37292
352 35545
353 34068
354 32481
355 30954
356 29752
357 27909
358 26248
359 24600
360 23291
361 21811
362 20636
363 18778
364 17581
365 16280
366 14980
367 13674
368 12754
369 11688
370 10732
371 9822
372 8952
373 8247
374 7307
375 6671
376 6067
377 5354
378 4823
379 4250
380 3734
381 3370
382 2952
383 2578
384 2312
385 2037
386 1783
387 1549
388 1422
389 1258
390 1024
391 909
392 764
393 638
394 618
395 503
396 443
397 392
398 342
399 307
400 283
401 269
402 225
403 206
404 190
405 141
406 124
407 127
408 126
409 96
410 92
411 81
412 65
413 60
414 67
415 44
416 42
417 48
418 30
419 40
420 34
421 32
422 19
423 30
424 25
425 20
426 18
427 32
428 30
429 34
430 29
431 27
432 32
433 25
434 29
435 26
436 19
437 22
438 12
439 15
440 14
441 9
442 8
443 11
444 11
445 9
446 12
447 10
448 12
449 14
450 9
451 17
452 12
453 11
454 19
455 13
456 12
457 18
458 12
459 9
460 12
461 4
462 9
463 14
464 9
465 7
466 11
467 7
468 12
469 9
470 12
471 10
472 11
473 10
474 8
475 13
476 7
477 12
478 9
479 18
480 12
481 14
482 14
483 12
484 5
485 17
486 12
487 4
488 11
489 13
490 8
491 8
492 6
493 5
494 10
495 10
496 11
497 9
498 9
499 5
500 8
501 7
502 7
503 11
504 7
505 10
506 8
507 11
508 14
509 5
510 5
511 11
512 6
513 5
514 3
515 7
516 10
517 5
518 4
519 4
520 9
521 7
522 7
523 6
524 8
525 10
526 7
527 8
528 10
529 6
530 7
531 4
532 3
533 4
534 4
535 3
536 1
537 5
538 3
539 4
540 12
541 5
542 3
543 2
544 4
545 1
546 4
547 10
549 3
550 4
551 4
552 6
553 6
554 9
555 9
556 7
557 2
558 10
559 10
560 7
561 4
562 3
563 3
564 5
565 7
566 9
567 3
568 5
569 3
570 5
571 10
572 3
573 8
574 6
575 7
576 7
577 7
578 3
579 9
580 4
581 6
582 7
583 9
584 9
585 7
586 3
587 6
588 5
589 8
590 5
591 4
592 4
593 4
594 6
595 8
596 5
597 1
598 2
599 3
600 2
601 3
602 6
603 5
604 6
605 6
606 4
607 3
608 6
609 1
610 4
611 4
612 2
613 1
614 3
615 6
616 6
617 6
618 10
619 8
620 8
621 8
622 5
623 7
624 6
625 5
626 11
627 8
628 17
629 9
630 20
631 25
632 18
633 13
634 15
635 23
636 23
637 19
638 22
639 27
640 23
641 22
642 14
643 14
644 19
645 31
646 25
647 29
648 37
649 40
650 38
651 38
652 42
653 49
654 63
655 46
656 51
657 61
658 53
659 60
660 46
661 51
662 78
663 62
664 55
665 65
666 74
667 79
668 77
669 78
670 74
671 75
672 77
673 71
674 86
675 70
676 77
677 60
678 73
679 101
680 81
681 80
682 101
683 73
684 73
685 79
686 86
687 79
688 71
689 71
690 85
691 67
692 85
693 77
694 73
695 72
696 59
697 53
698 74
699 48
700 61
701 44
702 61
703 61
704 48
705 49
706 36
707 34
708 44
709 38
710 36
711 41
712 30
713 33
714 41
715 42
716 29
717 28
718 33
719 25
720 33
721 26
722 36
723 25
724 23
725 21
726 21
727 20
728 19
729 18
730 10
731 10
732 9
733 18
734 18
735 17
736 13
737 12
738 12
739 11
740 6
741 5
742 3
743 6
744 7
745 4
746 5
747 7
749 3
750 4
751 4
752 3
753 2
754 1
758 1
759 3
760 2
761 2
762 3
763 1
764 1
765 1
766 2
767 2
769 2
770 1
772 1
774 2
775 1
776 4
777 2
778 1
779 5
780 3
781 3
782 5
783 1
784 3
785 2
787 2
788 5
789 2
790 2
791 1
792 6
793 3
794 4
795 4
796 3
797 3
798 2
799 4
801 1
802 2
803 2
805 2
806 3
807 4
808 1
809 4
810 4
811 1
813 2
814 1
815 1
817 3
819 2
821 1
822 7
823 1
824 3
825 1
826 1
827 9
828 7
829 3
830 3
831 1
832 3
833 4
834 1
835 4
836 5
837 1
838 5
839 1
840 2
841 1
842 1
843 4
844 3
845 3
846 1
848 2
849 2
852 1
853 1
854 2
855 2
856 3
858 3
859 2
860 1
862 2
863 2
864 3
866 2
867 2
868 5
869 1
870 2
871 1
872 1
873 2
874 3
875 3
876 3
877 3
878 3
879 5
880 1
881 3
882 3
883 1
884 4
885 5
886 4
887 1
888 4
890 5
891 2
892 7
893 5
894 3
895 4
896 8
897 2
898 3
899 5
900 2
901 5
902 4
903 7
904 1
905 3
906 3
908 4
909 2
912 1
914 1
915 2
918 1
921 3
922 1
924 1
925 3
926 1
927 1
928 3
929 5
930 2
931 1
932 1
933 3
935 1
938 2
939 1
942 2
944 1
946 2
948 1
950 2
952 1
953 3
954 2
956 1
957 1
958 1
960 1
961 1
966 3
967 6
968 1
969 4
970 5
971 5
973 1
974 2
975 4
977 2
978 1
979 1
980 1
981 1
982 3
983 1
984 1
986 4
987 2
989 1
990 1
991 3
992 4
994 4
995 3
996 1
997 3
998 3
999 1
1000 7
1001 5
1002 4
1003 4
1004 4
1005 6
1006 8
1007 3
1008 2
1009 2
1010 3
1011 4
1012 5
1013 1
1014 4
1015 3
1016 1
1017 1
1018 5
1019 5
1020 3
1021 2
1022 1
1023 2
1024 3
1025 2
1027 2
1028 4
1029 1
1030 2
1031 4
1032 4
1033 2
1034 4
1035 6
1036 1
1037 3
1038 4
1039 3
1040 7
1041 5
1042 6
1044 5
1045 5
1046 4
1047 2
1048 6
1049 4
1050 2
1052 5
1053 4
1054 1
1055 4
1056 4
1057 1
1058 1
1059 1
1060 4
1061 5
1062 2
1064 1
1066 2
1067 2
1068 2
1069 2
1070 3
1072 1
1073 2
1075 3
1076 2
1080 2
1081 1
1082 1
1083 2
1085 1
1086 2
1087 1
1088 1
1089 2
1090 2
1091 2
1092 1
1093 1
1094 2
1095 3
1097 1
1099 1
1101 2
1102 2
1103 1
1105 1
1108 1
1109 1
1110 3
1112 2
1113 1
1114 2
1115 2
1116 3
1117 1
1119 3
1120 3
1121 5
1122 1
1124 1
1125 1
1127 1
1128 1
1129 3
1130 4
1131 1
1132 1
1133 3
1134 4
1136 2
1137 1
1139 2
1140 1
1141 2
1142 2
1143 1
1144 1
1145 2
1146 2
1147 2
1148 1
1149 2
1150 1
1151 1
1152 3
1153 2
1154 3
1155 2
1156 1
1157 2
1158 1
1159 1
1160 4
1162 1
1163 3
1164 1
1166 1
1168 3
1169 1
1171 1
1172 1
1174 1
1175 2
1178 1
1179 1
1185 1
1186 1
1207 1
1213 1
1214 1
1222 1
1223 1
1225 2
1226 1
1228 1
1229 1
1302 1
1305 1
1308 2
1312 1
1314 1
1315 1
1317 1
1318 1
1319 1
1320 1
1321 1
1322 1
1323 1
1324 2
1325 4
1328 1
1329 1
1330 1
1331 3
1332 1
1334 1
1335 1
1342 1
1344 1
1345 2
1346 2
1347 1
1348 1
1349 2
1351 2
1354 3
1356 2
1359 4
1360 2
1365 2
1366 1
1368 2
1370 1
1375 1
1376 3
1377 3
1378 1
1379 1
1381 1
1394 1
1443 1
1444 1
1455 2
1458 1
1502 1
1505 1
1507 1
1632 1
1636 1
1647 1
1657 1
1666 1
1676 1
1677 1
1685 1
1687 1
1688 1
1690 2
1691 1
1693 2
1695 1
1696 1
1697 1
1698 1
1702 1
1703 1
1705 2
1712 1
1799 1
1807 1
1812 1
1848 1
1855 1
1857 1
1999 1
2004 1
2013 1
2015 1
2027 1
2040 2
2041 1
2043 1
2044 1
2045 1
2048 1
2049 2
2052 2
2053 4
2055 1
2056 2
2057 1
2061 1
2069 1
2070 1
2072 1
2162 1
2171 1
2172 1
2173 2
2177 4
2183 1
2184 1
2382 1
2399 1
2415 1
2418 1
2423 1
2724 1
2727 1
2788 1
3054 1
3072 1
3509 1
3514 1
4162 1
4165 1
4168 1
4171 1
4172 1
4173 1
4176 1
4178 1
4182 1
4183 1
