1 23444458
2 9893531
3 5146426
4 3456202
5 2911123
6 2711119
7 2543883
8 2321860
9 2061728
10 1814976
11 1615511
12 1498526
13 1468127
14 1494617
15 1545520
16 1592798
17 1615281
18 1602820
19 1530331
20 1406238
21 1249383
22 1065257
23 879359
24 704634
25 549133
26 417161
27 309292
28 225134
29 158875
30 112474
31 79313
32 56535
33 41559
34 30658
35 23657
36 18626
37 14761
38 12285
39 10272
40 8402
41 7232
42 6084
43 5381
44 4660
45 4082
46 3675
47 3165
48 2839
49 2466
50 2192
51 1901
52 1724
53 1658
54 1579
55 1488
56 1506
57 1503
58 1485
59 1390
60 1421
61 1283
62 1299
63 1234
64 1310
65 1242
66 1184
67 1051
68 989
69 997
70 936
71 914
72 870
73 777
74 697
75 663
76 626
77 600
78 536
79 587
80 600
81 529
82 601
83 577
84 569
85 509
86 503
87 488
88 516
89 466
90 440
91 420
92 451
93 409
94 396
95 381
96 347
97 335
98 302
99 270
100 281
101 267
102 247
103 217
104 193
105 148
106 151
107 145
108 148
109 169
110 172
111 177
112 139
113 133
114 149
115 137
116 158
117 142
118 136
119 144
120 141
121 146
122 126
123 130
124 144
125 101
126 116
127 117
128 126
129 104
130 107
131 85
132 91
133 86
134 89
135 99
136 67
137 67
138 75
139 62
140 72
141 64
142 76
143 70
144 83
145 78
146 61
147 60
148 67
149 48
150 43
151 46
152 42
153 43
154 39
155 42
156 30
157 29
158 30
159 40
160 23
161 29
162 37
163 26
164 24
165 38
166 34
167 20
168 27
169 26
170 28
171 24
172 25
173 20
174 25
175 32
176 11
177 18
178 25
179 26
180 29
181 45
182 26
183 13
184 17
185 13
186 20
187 17
188 24
189 15
190 22
191 16
192 24
193 26
194 33
195 33
196 17
197 28
198 18
199 25
200 30
201 29
202 30
203 27
204 27
205 37
206 25
207 21
208 25
209 20
210 19
211 21
212 17
213 19
214 27
215 19
216 19
217 19
218 18
219 16
220 20
221 21
222 23
223 23
224 22
225 22
226 26
227 30
228 29
229 34
230 34
231 27
232 46
233 37
234 33
235 41
236 36
237 37
238 39
239 45
240 35
241 25
242 21
243 23
244 23
245 20
246 18
247 29
248 25
249 32
250 38
251 30
252 29
253 27
254 25
255 24
256 25
257 16
258 22
259 21
260 28
261 23
262 21
263 25
264 11
265 16
266 12
267 13
268 13
269 12
270 13
271 18
272 7
273 5
274 7
275 6
276 3
277 12
278 11
279 4
281 5
282 4
283 2
284 9
285 2
286 2
287 5
288 3
289 1
290 5
291 1
292 3
293 3
294 2
295 4
296 2
297 2
298 2
299 5
300 3
301 4
302 2
303 10
304 3
305 2
306 3
307 3
308 1
309 4
310 4
311 6
312 4
314 2
315 4
316 5
317 1
318 2
319 3
322 3
323 3
324 1
326 3
329 1
330 2
331 2
335 2
336 2
338 3
339 3
340 1
342 1
343 1
344 1
345 2
346 4
347 1
348 6
350 3
351 1
352 1
353 2
356 2
357 2
358 4
359 2
360 3
361 1
362 3
363 2
364 2
365 1
366 3
368 1
369 2
371 1
374 1
380 1
388 1
390 1
396 1
402 1
405 1
409 1
414 1
422 1
427 1
428 1
429 1
430 1
431 1
433 2
434 1
435 3
436 1
437 2
438 2
439 1
442 1
448 1
450 1
452 2
453 1
457 1
458 1
463 1
466 1
467 1
470 2
471 4
473 2
475 1
477 1
481 1
482 1
483 4
484 2
486 1
488 1
490 1
493 1
494 3
495 2
496 2
497 1
498 2
499 2
500 2
505 1
512 1
517 2
518 1
536 1
541 1
543 1
546 1
547 1
548 2
549 2
553 1
554 1
556 1
557 1
559 1
561 1
562 1
563 1
565 2
566 1
568 2
569 1
571 1
573 2
574 2
575 1
576 2
578 2
579 2
580 2
582 1
583 4
599 1
600 1
602 1
603 2
606 3
608 4
609 1
610 1
611 2
617 1
621 1
622 1
624 1
633 1
639 1
667 1
670 1
671 1
672 1
676 1
684 1
685 1
689 1
691 1
700 1
701 1
702 1
703 1
704 1
707 1
709 1
712 1
728 1
733 1
738 1
741 1
766 1
829 1
831 2
835 1
838 4
839 1
840 2
848 1
857 1
861 1
864 1
867 1
870 1
871 1
891 1
1106 1
1125 1
1272 1
1273 1
1328 1
1434 1
1722 1
1755 1
1757 1
1761 1
1763 1
1766 1
1768 1
1776 1
1779 1
1784 1
1791 1
