1 24156185
2 11066538
3 5793533
4 3499852
5 2558911
6 2251573
7 2198362
8 2169369
9 2074746
10 1925684
11 1736260
12 1527274
13 1354253
14 1213877
15 1115397
16 1069333
17 1070497
18 1110509
19 1181058
20 1253017
21 1317342
22 1354615
23 1357081
24 1321819
25 1250961
26 1151064
27 1029594
28 896442
29 761128
30 629894
31 513086
32 408446
33 315869
34 241318
35 180154
36 135527
37 99687
38 73831
39 55004
40 40824
41 31018
42 24576
43 19951
44 16398
45 13725
46 12056
47 10610
48 9169
49 8325
50 7432
51 6742
52 5873
53 5281
54 4779
55 4151
56 3674
57 3271
58 2908
59 2631
60 2433
61 2115
62 1845
63 1716
64 1646
65 1479
66 1331
67 1324
68 1274
69 1267
70 1162
71 1104
72 1161
73 1208
74 1137
75 1065
76 1109
77 1123
78 1107
79 1053
80 1079
81 998
82 896
83 917
84 792
85 792
86 794
87 794
88 741
89 734
90 771
91 777
92 714
93 645
94 571
95 561
96 541
97 524
98 457
99 455
100 460
101 451
102 457
103 477
104 411
105 364
106 379
107 409
108 361
109 331
110 348
111 353
112 333
113 356
114 310
115 319
116 334
117 311
118 322
119 345
120 353
121 319
122 307
123 276
124 287
125 290
126 281
127 257
128 272
129 242
130 222
131 190
132 219
133 170
134 164
135 147
136 159
137 136
138 101
139 119
140 180
141 145
142 130
143 113
144 110
145 98
146 124
147 94
148 112
149 119
150 88
151 100
152 98
153 96
154 89
155 99
156 97
157 115
158 94
159 87
160 70
161 76
162 72
163 65
164 89
165 79
166 68
167 66
168 69
169 56
170 68
171 43
172 54
173 64
174 65
175 84
176 71
177 59
178 73
179 63
180 72
181 73
182 63
183 71
184 60
185 48
186 43
187 46
188 34
189 41
190 50
191 47
192 42
193 50
194 38
195 46
196 35
197 30
198 28
199 37
200 38
201 27
202 32
203 32
204 32
205 29
206 21
207 38
208 22
209 33
210 28
211 23
212 11
213 9
214 15
215 20
216 16
217 15
218 20
219 25
220 25
221 11
222 22
223 13
224 22
225 12
226 18
227 18
228 12
229 15
230 15
231 13
232 18
233 11
234 20
235 9
236 11
237 16
238 17
239 13
240 16
241 13
242 21
243 14
244 32
245 20
246 16
247 21
248 27
249 18
250 18
251 21
252 19
253 14
254 13
255 14
256 18
257 17
258 15
259 24
260 12
261 19
262 18
263 21
264 23
265 21
266 22
267 12
268 7
269 31
270 18
271 18
272 13
273 16
274 26
275 14
276 21
277 16
278 26
279 12
280 18
281 15
282 19
283 16
284 11
285 20
286 15
287 17
288 23
289 31
290 27
291 26
292 28
293 25
294 29
295 33
296 26
297 36
298 29
299 41
300 29
301 23
302 18
303 27
304 27
305 27
306 25
307 32
308 31
309 22
310 25
311 19
312 25
313 20
314 19
315 17
316 23
317 12
318 12
319 11
320 7
321 2
322 6
323 10
324 6
325 13
326 6
327 15
328 16
329 13
330 24
331 22
332 15
333 12
334 8
335 16
336 8
337 14
338 6
339 6
340 6
341 12
342 5
343 6
344 11
345 7
346 9
347 11
348 8
349 8
350 5
351 8
352 4
353 7
354 7
355 4
356 9
357 8
358 6
359 11
360 13
361 7
362 4
363 10
364 1
365 4
366 5
367 7
368 8
369 4
370 6
371 6
372 11
373 5
374 4
375 11
376 8
377 8
378 7
379 4
380 9
381 7
382 7
383 5
384 5
385 7
386 4
387 3
388 2
389 3
391 3
393 5
395 1
396 1
397 1
398 2
399 1
401 1
402 2
403 1
404 1
405 3
407 1
408 1
409 1
410 1
411 1
412 1
414 2
415 2
417 2
418 2
419 1
420 5
421 1
422 1
423 5
424 4
425 5
426 2
427 2
428 1
429 2
430 1
432 1
433 1
436 2
439 1
440 2
442 2
443 2
444 1
448 2
450 1
454 1
458 2
463 1
465 3
466 3
467 1
468 2
470 2
471 2
472 1
473 1
474 3
475 2
476 2
477 1
479 1
481 1
485 1
490 1
492 1
501 1
502 1
503 1
513 2
514 1
516 1
518 1
523 1
524 3
525 2
526 1
527 3
528 2
531 3
532 1
534 1
537 2
546 1
548 2
550 1
551 1
554 3
555 1
556 1
557 1
560 2
563 1
564 1
565 2
566 1
567 1
568 1
570 2
571 2
572 2
574 1
586 1
589 2
592 1
593 1
603 1
618 1
620 1
624 1
625 1
626 1
628 2
646 3
647 1
648 2
649 1
650 1
654 1
656 1
659 1
667 1
674 1
676 1
679 1
682 1
687 1
688 1
690 2
692 1
693 1
697 1
700 1
703 1
707 2
711 1
712 1
714 2
715 1
718 2
719 1
720 4
723 2
724 1
725 2
726 1
727 1
733 1
738 1
739 1
741 3
742 1
747 1
749 2
751 2
752 1
753 1
754 3
755 1
756 1
757 2
758 1
762 1
776 1
807 1
811 1
840 1
842 2
843 1
845 1
846 1
863 1
866 1
871 2
875 2
904 1
906 1
908 1
929 1
935 2
937 1
939 2
940 1
941 1
946 1
947 1
949 1
952 1
961 1
965 1
968 1
1000 2
1015 1
1022 1
1027 1
1042 1
1044 1
1045 1
1046 1
1048 1
1049 2
1050 1
1054 1
1085 1
1095 2
1096 2
1097 1
1098 1
1100 1
1101 1
1104 1
1105 1
1107 1
1139 1
1497 1
1533 1
1688 1
1715 1
1726 1
1831 1
2347 1
2359 2
2360 1
2366 2
2367 1
2368 1
2371 1
2372 1
2375 1
