1 19979907
2 8200578
3 5571749
4 4565497
5 3958712
6 3533744
7 3169340
8 2763970
9 2294669
10 1779841
11 1296484
12 878085
13 564811
14 347948
15 205478
16 118311
17 68403
18 39020
19 22425
20 14025
21 9944
22 7304
23 5449
24 4644
25 4008
26 3288
27 2895
28 2449
29 2177
30 1987
31 2078
32 1718
33 1600
34 1518
35 1351
36 1138
37 1041
38 941
39 788
40 770
41 712
42 699
43 690
44 674
45 671
46 575
47 524
48 477
49 462
50 463
51 404
52 326
53 310
54 309
55 314
56 266
57 248
58 219
59 180
60 165
61 171
62 146
63 122
64 136
65 104
66 76
67 74
68 93
69 81
70 73
71 67
72 54
73 57
74 64
75 59
76 67
77 67
78 92
79 61
80 64
81 55
82 58
83 55
84 63
85 43
86 37
87 41
88 58
89 56
90 71
91 36
92 49
93 41
94 39
95 66
96 65
97 61
98 63
99 78
100 61
101 62
102 58
103 73
104 67
105 54
106 52
107 40
108 55
109 49
110 27
111 34
112 27
113 32
114 29
115 49
116 29
117 32
118 27
119 32
120 20
121 25
122 17
123 12
124 15
125 11
126 11
127 14
128 15
129 18
130 7
131 8
132 12
133 11
134 3
135 7
136 11
137 6
138 8
139 4
140 8
141 3
142 7
143 2
144 4
145 4
146 8
147 5
148 4
149 1
150 1
152 3
153 1
154 3
155 1
156 2
159 1
160 2
161 4
162 4
163 5
164 4
165 2
166 3
167 4
168 2
172 1
176 1
177 2
178 2
179 1
180 1
183 3
185 1
186 2
187 1
188 3
189 5
190 2
193 1
195 3
197 2
198 1
199 3
200 3
201 1
202 1
204 4
205 1
206 1
207 2
208 3
210 4
211 3
212 3
213 3
214 1
215 1
216 2
217 1
219 2
221 2
222 1
223 2
224 2
225 1
226 1
229 1
230 1
231 1
232 2
234 5
235 1
236 1
238 1
241 2
242 1
245 2
247 1
248 3
250 2
252 1
253 1
256 1
263 2
270 4
271 1
274 1
275 2
280 1
287 1
291 1
294 2
300 1
301 2
307 2
309 2
310 4
311 4
313 1
317 1
318 1
326 2
327 1
328 1
330 1
331 1
332 1
333 1
343 1
345 1
347 2
348 1
349 1
353 1
360 1
361 2
362 1
363 2
364 1
367 3
368 2
507 1
517 1
552 1
564 1
569 1
582 1
788 1
789 1
793 1
794 1
795 1
800 1
801 1
804 1
809 1
810 1
811 1
