1 20082004
2 13439210
3 9394951
4 7138473
5 5583884
6 4348415
7 3368344
8 2650678
9 2132256
10 1771221
11 1487671
12 1235950
13 1014472
14 814386
15 648847
16 523641
17 438593
18 388178
19 368226
20 374378
21 396221
22 432186
23 467420
24 506364
25 543234
26 582491
27 615978
28 640289
29 662681
30 677109
31 688683
32 691672
33 691053
34 686735
35 681117
36 669525
37 652385
38 629702
39 601228
40 571164
41 539401
42 506381
43 472938
44 445432
45 420474
46 400468
47 386917
48 373006
49 359502
50 350283
51 341082
52 331589
53 317496
54 303307
55 286923
56 267766
57 247175
58 225735
59 203704
60 183939
61 163207
62 146290
63 131309
64 120319
65 111808
66 108112
67 109691
68 114439
69 122214
70 134044
71 150453
72 169949
73 191842
74 217670
75 242971
76 273075
77 300589
78 331330
79 359696
80 387682
81 415310
82 439807
83 462640
84 482052
85 499285
86 514954
87 528295
88 535394
89 539618
90 541311
91 539468
92 537611
93 529022
94 520423
95 509207
96 493433
97 479187
98 459488
99 441837
100 423334
101 401367
102 381905
103 361373
104 338658
105 316726
106 292989
107 271157
108 251019
109 230226
110 210755
111 191933
112 173681
113 155480
114 140243
115 124541
116 111086
117 98495
118 86682
119 76128
120 67186
121 58973
122 51322
123 44731
124 39237
125 34973
126 30541
127 27324
128 24510
129 22211
130 20137
131 18350
132 17346
133 15478
134 14205
135 13606
136 12499
137 11806
138 10846
139 10239
140 9459
141 8918
142 8308
143 7939
144 7491
145 6899
146 6407
147 6100
148 5741
149 5271
150 5039
151 4859
152 4655
153 4538
154 4351
155 4172
156 4037
157 3906
158 3827
159 3649
160 3695
161 3642
162 3479
163 3618
164 3541
165 3588
166 3573
167 3534
168 3531
169 3525
170 3388
171 3392
172 3331
173 3305
174 3169
175 3008
176 2902
177 2895
178 2793
179 2650
180 2505
181 2524
182 2515
183 2444
184 2443
185 2271
186 2245
187 2209
188 2180
189 2098
190 2113
191 2016
192 1874
193 1971
194 1857
195 1853
196 1777
197 1599
198 1649
199 1574
200 1564
201 1530
202 1452
203 1352
204 1373
205 1268
206 1214
207 1167
208 1056
209 1075
210 1029
211 953
212 967
213 912
214 818
215 804
216 705
217 752
218 684
219 727
220 599
221 544
222 516
223 497
224 516
225 478
226 435
227 421
228 427
229 370
230 382
231 346
232 306
233 319
234 294
235 286
236 273
237 285
238 276
239 327
240 283
241 238
242 243
243 198
244 232
245 187
246 218
247 185
248 195
249 206
250 201
251 197
252 230
253 205
254 254
255 232
256 220
257 235
258 247
259 251
260 278
261 268
262 293
263 312
264 324
265 339
266 350
267 341
268 341
269 336
270 309
271 297
272 296
273 310
274 320
275 305
276 277
277 303
278 261
279 285
280 267
281 298
282 268
283 306
284 293
285 369
286 306
287 294
288 310
289 327
290 334
291 356
292 355
293 335
294 329
295 350
296 335
297 344
298 334
299 326
300 304
301 325
302 324
303 287
304 313
305 296
306 285
307 334
308 297
309 290
310 321
311 290
312 280
313 276
314 261
315 282
316 253
317 276
318 279
319 277
320 289
321 264
322 263
323 293
324 293
325 272
326 263
327 247
328 266
329 230
330 257
331 252
332 219
333 233
334 223
335 219
336 222
337 233
338 213
339 208
340 222
341 230
342 221
343 226
344 209
345 194
346 158
347 187
348 197
349 190
350 197
351 161
352 134
353 169
354 160
355 189
356 165
357 166
358 164
359 166
360 153
361 148
362 167
363 141
364 129
365 126
366 135
367 125
368 110
369 124
370 135
371 126
372 122
373 123
374 97
375 120
376 104
377 107
378 85
379 85
380 93
381 91
382 94
383 85
384 91
385 94
386 81
387 80
388 75
389 78
390 54
391 62
392 60
393 72
394 65
395 63
396 92
397 73
398 72
399 64
400 85
401 61
402 71
403 82
404 80
405 68
406 72
407 95
408 81
409 90
410 95
411 88
412 95
413 75
414 95
415 88
416 75
417 104
418 97
419 103
420 114
421 101
422 104
423 122
424 136
425 134
426 117
427 126
428 108
429 135
430 124
431 126
432 109
433 135
434 107
435 119
436 121
437 123
438 105
439 129
440 129
441 111
442 131
443 112
444 129
445 110
446 116
447 125
448 133
449 144
450 148
451 119
452 140
453 113
454 100
455 102
456 91
457 108
458 90
459 104
460 86
461 90
462 99
463 82
464 86
465 98
466 93
467 74
468 91
469 91
470 93
471 87
472 89
473 78
474 65
475 83
476 59
477 65
478 68
479 75
480 58
481 51
482 60
483 56
484 57
485 59
486 64
487 71
488 50
489 50
490 41
491 57
492 52
493 46
494 49
495 48
496 62
497 44
498 60
499 45
500 58
501 51
502 58
503 47
504 38
505 39
506 43
507 44
508 44
509 52
510 45
511 50
512 36
513 44
514 61
515 50
516 52
517 48
518 39
519 39
520 51
521 51
522 29
523 41
524 31
525 40
526 51
527 36
528 39
529 46
530 48
531 25
532 37
533 28
534 33
535 49
536 37
537 32
538 22
539 36
540 35
541 23
542 27
543 34
544 30
545 32
546 22
547 34
548 32
549 37
550 40
551 39
552 25
553 31
554 34
555 31
556 23
557 28
558 24
559 24
560 13
561 28
562 22
563 18
564 19
565 17
566 17
567 32
568 28
569 29
570 23
571 19
572 19
573 20
574 21
575 19
576 34
577 18
578 23
579 25
580 14
581 19
582 20
583 33
584 25
585 23
586 29
587 28
588 30
589 22
590 27
591 21
592 18
593 23
594 32
595 21
596 22
597 17
598 18
599 17
600 22
601 14
602 23
603 18
604 25
605 20
606 17
607 11
608 30
609 29
610 32
611 17
612 12
613 28
614 20
615 23
616 16
617 14
618 20
619 21
620 14
621 23
622 17
623 17
624 27
625 11
626 17
627 22
628 26
629 29
630 20
631 13
632 25
633 17
634 21
635 17
636 17
637 18
638 19
639 27
640 30
641 29
642 16
643 26
644 15
645 26
646 31
647 24
648 23
649 25
650 27
651 18
652 26
653 17
654 25
655 16
656 22
657 23
658 24
659 21
660 22
661 26
662 26
663 20
664 20
665 23
666 20
667 40
668 20
669 24
670 30
671 22
672 29
673 28
674 21
675 29
676 20
677 21
678 26
679 24
680 16
681 28
682 23
683 25
684 27
685 32
686 25
687 26
688 27
689 27
690 25
691 18
692 13
693 15
694 19
695 17
696 28
697 25
698 21
699 11
700 12
701 15
702 20
703 12
704 18
705 8
706 12
707 12
708 16
709 19
710 15
711 18
712 17
713 12
714 12
715 9
716 15
717 15
718 14
719 6
720 5
721 9
722 14
723 11
724 6
725 12
726 10
727 14
728 8
729 7
730 13
731 12
732 15
733 12
734 12
735 11
736 12
737 8
738 13
739 12
740 6
741 6
742 5
743 5
744 4
745 4
746 6
747 10
748 7
749 12
750 13
751 8
752 8
753 6
754 7
755 6
756 14
757 9
758 9
759 8
760 5
761 9
762 4
763 5
764 9
765 6
766 8
767 6
768 7
769 8
770 4
771 5
772 3
773 3
774 7
776 5
777 2
778 4
779 4
780 4
781 5
782 8
783 4
784 5
785 4
786 4
787 8
788 8
789 4
790 7
791 3
792 5
793 1
794 2
795 2
796 9
797 5
798 3
799 9
800 4
801 3
802 5
803 8
804 3
805 3
806 7
807 6
808 2
809 3
810 5
811 4
812 2
813 5
814 7
815 4
816 9
817 5
818 9
819 3
820 8
821 10
822 7
823 8
824 5
825 7
826 7
827 5
828 1
829 4
830 3
831 4
832 3
833 4
834 8
835 2
836 6
837 7
838 9
839 8
840 8
841 6
842 5
843 2
844 5
845 5
846 2
847 2
848 2
849 2
850 3
851 5
852 5
853 6
854 4
855 4
856 4
857 4
858 3
859 4
860 3
861 2
862 3
863 2
864 5
865 3
866 4
867 9
868 4
869 5
870 8
871 4
872 2
873 5
874 2
875 2
876 4
877 5
878 6
879 4
880 4
881 2
882 1
883 6
884 5
885 2
886 7
887 8
888 4
889 4
890 6
891 7
892 6
893 6
894 5
895 3
896 2
897 4
898 2
899 3
900 4
901 4
902 1
903 4
905 3
907 5
908 3
909 4
910 6
911 4
912 5
913 5
914 6
915 7
916 3
917 7
918 1
919 3
920 2
921 2
922 3
923 1
924 5
925 4
926 5
927 5
928 5
930 4
931 1
933 8
934 5
935 9
936 5
937 4
938 4
939 8
940 5
941 4
942 1
943 9
944 5
945 3
946 4
947 7
948 4
949 5
950 6
951 7
952 7
953 2
954 5
955 4
956 4
957 8
958 2
959 4
960 9
961 3
962 5
963 10
964 5
965 9
966 3
967 7
968 5
969 7
970 6
971 3
972 5
973 2
974 4
975 4
976 6
977 5
978 3
979 6
980 6
981 3
982 2
983 5
984 3
985 6
986 5
987 4
988 6
989 6
990 10
991 8
992 11
993 4
994 4
995 9
996 14
997 11
998 3
999 5
1000 4
1001 5
1002 4
1003 7
1004 6
1005 4
1006 1
1007 1
1008 3
1009 1
1010 3
1011 5
1012 4
1013 2
1014 8
1015 4
1016 5
1017 10
1018 4
1019 3
1020 4
1021 2
1022 2
1023 2
1024 3
1025 3
1026 4
1027 3
1028 2
1029 3
1030 7
1031 5
1032 4
1033 5
1034 6
1035 5
1036 3
1037 4
1038 6
1039 6
1040 4
1041 4
1042 6
1043 2
1044 1
1045 5
1046 3
1047 1
1048 3
1049 2
1050 4
1051 3
1052 2
1053 8
1054 3
1055 2
1056 3
1057 3
1058 3
1059 5
1060 3
1061 4
1062 2
1063 6
1064 7
1065 7
1066 1
1067 4
1068 2
1070 4
1071 6
1072 4
1073 4
1074 3
1075 4
1076 1
1077 4
1078 3
1079 7
1080 4
1081 1
1082 3
1083 9
1084 4
1085 7
1086 7
1087 2
1088 3
1089 3
1090 9
1091 9
1092 5
1093 5
1094 6
1095 6
1096 3
1097 6
1098 8
1099 11
1100 6
1101 11
1102 8
1103 10
1104 6
1105 7
1106 7
1107 8
1108 6
1109 8
1110 6
1111 4
1112 8
1113 8
1114 3
1115 6
1116 3
1117 2
1118 3
1119 1
1120 2
1121 6
1122 6
1123 6
1124 2
1125 9
1126 2
1127 6
1128 7
1129 3
1130 5
1131 3
1132 4
1133 3
1134 2
1135 3
1136 6
1137 5
1138 4
1139 5
1140 3
1141 4
1142 5
1143 1
1144 7
1145 6
1146 5
1147 3
1148 6
1149 8
1150 8
1151 3
1152 6
1153 5
1154 3
1155 4
1156 6
1157 8
1158 6
1159 12
1160 8
1161 7
1162 7
1163 7
1164 6
1165 7
1166 5
1167 3
1168 10
1169 6
1170 4
1171 9
1172 9
1173 7
1174 10
1175 6
1176 10
1177 11
1178 12
1179 12
1180 11
1181 5
1182 7
1183 9
1184 10
1185 14
1186 11
1187 5
1188 4
1189 12
1190 7
1191 5
1192 12
1193 9
1194 12
1195 7
1196 6
1197 11
1198 8
1199 14
1200 6
1201 9
1202 9
1203 6
1204 7
1205 12
1206 7
1207 12
1208 11
1209 9
1210 8
1211 9
1212 12
1213 10
1214 7
1215 6
1216 9
1217 7
1218 6
1219 9
1220 5
1221 7
1222 5
1223 3
1224 5
1225 6
1226 4
1227 5
1228 1
1229 7
1230 3
1231 5
1232 5
1233 1
1234 5
1235 2
1237 8
1238 4
1239 2
1240 2
1241 3
1242 1
1243 1
1244 4
1245 3
1246 3
1247 2
1248 2
1249 3
1250 7
1251 7
1252 5
1253 4
1254 9
1255 5
1256 1
1257 5
1259 3
1260 3
1261 4
1262 7
1263 2
1264 4
1265 7
1266 5
1267 3
1268 1
1269 2
1270 4
1271 8
1272 5
1273 3
1274 4
1275 5
1276 5
1277 9
1278 5
1279 3
1280 4
1282 6
1283 2
1284 6
1285 6
1286 1
1287 5
1288 2
1289 5
1290 4
1291 4
1292 5
1293 3
1294 8
1295 11
1296 8
1297 8
1298 6
1299 5
1300 4
1301 3
1302 1
1303 7
1304 3
1305 2
1306 4
1307 2
1309 1
1310 3
1311 1
1312 4
1313 1
1314 4
1315 1
1316 2
1317 4
1318 4
1319 3
1320 4
1321 2
1322 3
1323 1
1324 4
1325 3
1327 5
1328 3
1329 5
1330 3
1331 6
1332 3
1333 11
1334 2
1335 5
1336 3
1337 3
1338 1
1339 1
1340 2
1341 2
1342 4
1345 1
1346 4
1347 4
1348 2
1349 2
1350 1
1351 2
1352 4
1353 4
1354 1
1355 3
1356 4
1358 1
1360 3
1363 1
1364 2
1365 4
1366 1
1367 4
1368 2
1369 1
1370 1
1371 1
1372 2
1375 1
1380 1
1381 1
1382 1
1383 1
1386 1
1388 1
1389 1
1392 1
1394 1
1395 2
1398 1
1399 3
1402 1
1403 1
1405 1
1406 4
1407 1
1408 4
1409 1
1410 1
1411 1
1413 3
1414 3
1416 2
1417 4
1418 3
1419 3
1420 1
1421 1
1422 2
1423 1
1425 2
1428 1
1430 1
1431 1
1433 1
1435 2
1439 3
1440 2
1441 1
1442 1
1443 1
1446 2
1450 1
1451 2
1453 2
1460 1
1463 1
1464 1
1466 3
1467 3
1469 1
1471 2
1472 1
1473 2
1474 1
1475 1
1476 3
1487 1
1498 1
1501 1
1504 1
1510 1
1515 1
1522 1
1524 1
1526 1
1528 1
1530 2
1532 1
1535 1
1536 2
1540 1
1542 1
1545 1
1548 2
1554 1
1558 1
1559 1
1561 1
1563 1
1564 1
1570 1
1573 1
1583 1
1592 1
1595 1
1599 2
1600 1
1601 1
1603 2
1604 1
1607 1
1612 1
1613 2
1614 2
1615 3
1616 1
1631 3
1633 1
1634 1
1635 1
1638 1
1641 2
1643 1
1647 1
1659 1
1663 2
1666 2
1669 1
1670 1
1672 1
1676 1
1677 1
1678 1
1679 1
1683 1
1685 1
1687 2
1696 1
1699 2
1701 2
1704 2
1713 1
1714 2
1715 3
1716 1
1718 3
1720 1
1722 1
1725 1
1726 2
1728 1
1729 1
1730 1
1732 1
1752 1
1767 1
1769 1
1772 2
1773 1
1776 1
1777 1
1779 3
1781 1
1782 4
1784 1
1786 1
1787 1
1790 1
1799 1
1802 1
1831 1
1837 1
1842 1
1858 1
1877 1
1880 1
1881 1
1883 1
1884 2
1886 2
1887 1
1890 1
1905 1
1999 1
2000 1
2009 2
2010 1
2021 1
2022 1
2031 1
2041 1
2050 1
2054 1
2055 1
2065 1
2070 1
2073 1
2098 1
2123 1
2126 1
2133 1
2137 1
2142 1
2147 1
2151 1
2162 1
2173 1
2181 2
2185 1
2186 1
2200 1
2204 1
2219 1
2227 1
2238 1
2240 1
2241 1
2245 1
2248 1
2254 1
2272 1
2297 1
2304 2
2312 2
2315 1
2359 1
2360 1
2408 1
2419 1
2518 1
2567 1
2568 2
2569 1
2570 1
2572 1
2575 1
2578 1
2681 2
2683 1
2685 1
2686 1
2690 1
2691 1
2699 1
2710 1
2716 1
2719 1
2741 1
2746 1
2781 1
2782 1
2783 1
2789 1
2790 3
2793 1
2794 1
2795 1
2798 1
2799 1
2800 1
2801 1
2802 1
2803 1
2809 1
2810 1
2813 1
2814 2
2815 1
2816 1
2817 1
2818 2
2819 1
2820 1
2825 2
2829 1
2830 1
2833 1
2835 1
2837 1
2839 3
2880 1
2881 1
2918 1
2922 1
2923 1
2943 1
2950 1
3054 1
3066 1
3082 1
3103 1
3115 1
3124 1
3126 1
3138 1
3171 1
3184 1
3192 1
3200 1
3202 1
3321 1
3327 1
3332 1
3416 1
3435 1
3442 1
3491 1
3514 1
3528 1
3646 1
3647 1
3649 1
3651 1
3652 1
3739 1
3745 1
3746 2
3751 1
3753 1
3754 1
3757 1
3758 1
3760 1
3776 1
3833 1
3834 1
3982 1
3984 1
4198 1
4202 2
4203 1
4206 1
4211 1
4228 2
4236 1
4240 1
4243 1
4250 2
4258 1
4259 1
4261 1
4266 1
4309 1
4502 1
5954 1
5986 1
6674 1
6746 1
6855 1
7320 1
9220 1
9301 1
9308 3
9311 1
9313 1
9316 1
9318 1
9320 1
9324 1
