1 11736633
2 11134309
3 8910771
4 6952381
5 5531607
6 4529731
7 3881966
8 3484862
9 3249573
10 3067156
11 2888528
12 2682820
13 2430349
14 2153412
15 1872056
16 1599398
17 1353312
18 1136683
19 960079
20 817635
21 713015
22 639960
23 589402
24 556572
25 529642
26 513843
27 490567
28 469790
29 439222
30 411628
31 365721
32 337316
33 288252
34 269728
35 214696
36 213516
37 158172
38 180510
39 120172
40 165609
41 97849
42 172317
43 91424
44 191211
45 96494
46 219568
47 105887
48 252928
49 120979
50 284168
51 136434
52 311204
53 150390
54 331514
55 165614
56 342507
57 179439
58 352081
59 195369
60 355497
61 212171
62 358668
63 230585
64 362022
65 251788
66 365320
67 270082
68 364151
69 287789
70 359833
71 296082
72 350599
73 298947
74 336102
75 293046
76 319311
77 283502
78 300943
79 273131
80 284563
81 265800
82 274260
83 261899
84 270126
85 264959
86 272350
87 271969
88 281009
89 282620
90 291089
91 296446
92 303869
93 306683
94 311327
95 313160
96 314078
97 312410
98 309640
99 303368
100 295443
101 286699
102 275695
103 262000
104 248865
105 232949
106 219436
107 203185
108 189718
109 174008
110 160726
111 147017
112 134882
113 124377
114 116333
115 108086
116 103818
117 100183
118 99857
119 99051
120 100924
121 103765
122 108357
123 112780
124 119260
125 125376
126 131976
127 138376
128 145723
129 151827
130 158136
131 163723
132 167580
133 171076
134 173937
135 174847
136 174256
137 173722
138 172875
139 168942
140 165662
141 159525
142 153154
143 146328
144 138065
145 129531
146 120882
147 112645
148 104789
149 94694
150 86643
151 78393
152 70915
153 62668
154 56243
155 49355
156 43615
157 37703
158 32947
159 28610
160 24695
161 21146
162 18085
163 15850
164 13673
165 11522
166 10119
167 8455
168 7543
169 6738
170 6336
171 6036
172 6021
173 6245
174 6709
175 7327
176 8116
177 8912
178 10363
179 11738
180 13321
181 15585
182 17936
183 20010
184 23439
185 26291
186 30413
187 34096
188 38654
189 42817
190 47608
191 52919
192 58657
193 63923
194 70705
195 76635
196 83383
197 90232
198 97474
199 104525
200 111980
201 119305
202 126950
203 134472
204 141897
205 150716
206 157596
207 165320
208 172524
209 178886
210 187428
211 194270
212 200758
213 208240
214 213546
215 219140
216 223765
217 228317
218 233261
219 237825
220 241478
221 245659
222 249070
223 251376
224 253589
225 255023
226 256470
227 258169
228 258677
229 258532
230 258351
231 258819
232 256753
233 255583
234 252846
235 252076
236 249567
237 247498
238 244099
239 240466
240 236998
241 234124
242 231736
243 226877
244 223062
245 219452
246 216436
247 211873
248 208166
249 206052
250 202642
251 197593
252 195485
253 190898
254 188792
255 184704
256 180666
257 177190
258 173335
259 170440
260 166816
261 163668
262 159790
263 156027
264 151893
265 148772
266 145017
267 141701
268 137801
269 134174
270 129698
271 125619
272 121606
273 117000
274 112757
275 107626
276 103160
277 98630
278 93571
279 89860
280 85639
281 81560
282 76730
283 73112
284 68433
285 64847
286 60193
287 56601
288 53062
289 49168
290 45706
291 42275
292 39171
293 36289
294 33085
295 30293
296 27976
297 25340
298 23010
299 20850
300 19216
301 17408
302 15546
303 14073
304 12713
305 11652
306 10777
307 9764
308 8913
309 8076
310 7396
311 7016
312 6406
313 6298
314 5953
315 5647
316 5595
317 5418
318 5436
319 5280
320 5262
321 5309
322 5351
323 5603
324 5555
325 5525
326 5715
327 5633
328 5855
329 5903
330 6056
331 6210
332 6163
333 6443
334 6371
335 6512
336 6494
337 6522
338 6637
339 6735
340 6648
341 6624
342 6431
343 6589
344 6342
345 6165
346 6156
347 5825
348 5757
349 5557
350 5527
351 5285
352 5127
353 4775
354 4739
355 4597
356 4480
357 4238
358 4077
359 3827
360 3740
361 3405
362 3352
363 3011
364 2974
365 2744
366 2576
367 2469
368 2352
369 2176
370 2034
371 1878
372 1865
373 1657
374 1513
375 1516
376 1317
377 1323
378 1291
379 1270
380 1207
381 1235
382 1135
383 1057
384 1085
385 1075
386 998
387 951
388 1017
389 976
390 994
391 1076
392 1061
393 1028
394 1098
395 1004
396 1063
397 1057
398 1072
399 1118
400 1106
401 1202
402 1174
403 1277
404 1219
405 1319
406 1354
407 1422
408 1371
409 1503
410 1525
411 1567
412 1596
413 1673
414 1708
415 1653
416 1735
417 1765
418 1782
419 1732
420 1737
421 1825
422 1753
423 1713
424 1709
425 1707
426 1679
427 1714
428 1683
429 1639
430 1569
431 1624
432 1477
433 1521
434 1541
435 1460
436 1404
437 1433
438 1434
439 1339
440 1350
441 1373
442 1322
443 1331
444 1246
445 1291
446 1239
447 1252
448 1182
449 1196
450 1238
451 1165
452 1111
453 1132
454 1017
455 1014
456 1002
457 954
458 902
459 955
460 887
461 906
462 881
463 788
464 894
465 859
466 843
467 840
468 871
469 805
470 921
471 833
472 878
473 793
474 807
475 810
476 788
477 765
478 809
479 715
480 768
481 759
482 797
483 693
484 765
485 694
486 812
487 745
488 790
489 727
490 814
491 775
492 733
493 687
494 765
495 717
496 743
497 730
498 825
499 741
500 733
501 717
502 734
503 642
504 684
505 673
506 650
507 623
508 715
509 623
510 665
511 599
512 660
513 615
514 612
515 611
516 662
517 599
518 565
519 618
520 572
521 545
522 607
523 493
524 546
525 501
526 521
527 501
528 503
529 480
530 525
531 512
532 536
533 518
534 464
535 488
536 478
537 474
538 469
539 423
540 447
541 432
542 452
543 412
544 415
545 382
546 389
547 383
548 360
549 319
550 359
551 362
552 366
553 310
554 350
555 306
556 314
557 322
558 310
559 302
560 282
561 291
562 265
563 272
564 255
565 252
566 224
567 244
568 253
569 229
570 216
571 204
572 224
573 241
574 202
575 203
576 198
577 195
578 198
579 164
580 159
581 159
582 160
583 157
584 132
585 148
586 143
587 115
588 107
589 118
590 108
591 109
592 107
593 103
594 88
595 79
596 83
597 110
598 96
599 115
600 94
601 80
602 85
603 85
604 85
605 76
606 69
607 77
608 81
609 77
610 73
611 61
612 60
613 68
614 72
615 76
616 63
617 80
618 77
619 73
620 71
621 70
622 74
623 76
624 79
625 76
626 84
627 73
628 81
629 84
630 69
631 74
632 57
633 84
634 85
635 63
636 80
637 74
638 85
639 78
640 49
641 88
642 85
643 76
644 88
645 99
646 97
647 99
648 79
649 113
650 123
651 94
652 135
653 103
654 110
655 112
656 119
657 112
658 94
659 109
660 121
661 108
662 112
663 108
664 111
665 123
666 125
667 114
668 127
669 147
670 142
671 130
672 123
673 141
674 119
675 151
676 120
677 128
678 131
679 117
680 148
681 114
682 129
683 138
684 144
685 153
686 156
687 145
688 131
689 146
690 138
691 139
692 128
693 114
694 130
695 138
696 128
697 118
698 115
699 121
700 106
701 115
702 127
703 125
704 113
705 109
706 125
707 119
708 126
709 102
710 124
711 100
712 102
713 117
714 114
715 97
716 102
717 93
718 84
719 84
720 110
721 94
722 76
723 90
724 92
725 87
726 101
727 85
728 99
729 92
730 88
731 84
732 97
733 119
734 100
735 89
736 117
737 111
738 108
739 112
740 94
741 121
742 95
743 125
744 107
745 93
746 110
747 107
748 118
749 131
750 127
751 121
752 120
753 91
754 113
755 131
756 119
757 112
758 105
759 98
760 103
761 133
762 93
763 112
764 103
765 101
766 95
767 114
768 98
769 103
770 92
771 123
772 96
773 104
774 115
775 113
776 101
777 109
778 102
779 104
780 85
781 88
782 84
783 111
784 111
785 109
786 96
787 114
788 87
789 102
790 91
791 99
792 100
793 110
794 99
795 100
796 103
797 89
798 88
799 99
800 104
801 97
802 103
803 134
804 102
805 134
806 95
807 120
808 117
809 109
810 137
811 121
812 133
813 123
814 112
815 100
816 113
817 130
818 117
819 130
820 131
821 136
822 137
823 116
824 133
825 127
826 109
827 117
828 145
829 126
830 132
831 117
832 131
833 119
834 125
835 118
836 143
837 132
838 124
839 131
840 118
841 136
842 137
843 129
844 119
845 116
846 123
847 117
848 94
849 103
850 104
851 108
852 108
853 110
854 99
855 107
856 114
857 111
858 109
859 108
860 92
861 117
862 100
863 99
864 117
865 101
866 86
867 103
868 120
869 105
870 100
871 81
872 91
873 94
874 94
875 92
876 95
877 103
878 90
879 86
880 82
881 85
882 84
883 79
884 97
885 68
886 66
887 64
888 73
889 62
890 59
891 64
892 62
893 71
894 52
895 69
896 55
897 66
898 48
899 68
900 65
901 53
902 77
903 66
904 63
905 77
906 76
907 60
908 78
909 74
910 90
911 61
912 89
913 84
914 73
915 51
916 68
917 70
918 63
919 67
920 62
921 66
922 77
923 63
924 78
925 64
926 71
927 78
928 76
929 79
930 69
931 81
932 68
933 61
934 59
935 68
936 48
937 75
938 68
939 77
940 58
941 57
942 56
943 72
944 67
945 53
946 57
947 57
948 52
949 58
950 42
951 45
952 38
953 34
954 35
955 35
956 44
957 43
958 51
959 39
960 51
961 31
962 27
963 36
964 24
965 25
966 31
967 24
968 25
969 26
970 35
971 28
972 28
973 26
974 24
975 26
976 30
977 23
978 20
979 31
980 24
981 11
982 20
983 26
984 20
985 15
986 16
987 20
988 18
989 19
990 19
991 16
992 28
993 23
994 28
995 16
996 21
997 18
998 17
999 17
1000 24
1001 19
1002 15
1003 21
1004 14
1005 23
1006 13
1007 16
1008 23
1009 9
1010 11
1011 18
1012 20
1013 13
1014 20
1015 20
1016 12
1017 14
1018 12
1019 16
1020 13
1021 12
1022 16
1023 11
1024 14
1025 14
1026 13
1027 11
1028 18
1029 14
1030 17
1031 20
1032 16
1033 19
1034 14
1035 17
1036 17
1037 22
1038 19
1039 16
1040 14
1041 15
1042 21
1043 20
1044 15
1045 25
1046 18
1047 25
1048 31
1049 30
1050 24
1051 38
1052 29
1053 32
1054 32
1055 37
1056 36
1057 42
1058 42
1059 42
1060 43
1061 37
1062 34
1063 37
1064 42
1065 32
1066 47
1067 40
1068 61
1069 45
1070 42
1071 46
1072 36
1073 42
1074 45
1075 56
1076 43
1077 53
1078 52
1079 56
1080 38
1081 32
1082 39
1083 39
1084 43
1085 49
1086 43
1087 43
1088 55
1089 43
1090 47
1091 60
1092 51
1093 51
1094 52
1095 46
1096 57
1097 53
1098 52
1099 54
1100 46
1101 68
1102 63
1103 61
1104 56
1105 64
1106 64
1107 60
1108 48
1109 65
1110 63
1111 63
1112 75
1113 58
1114 51
1115 62
1116 62
1117 63
1118 63
1119 64
1120 69
1121 67
1122 77
1123 73
1124 66
1125 84
1126 61
1127 63
1128 70
1129 59
1130 70
1131 56
1132 73
1133 46
1134 54
1135 75
1136 60
1137 73
1138 50
1139 64
1140 53
1141 52
1142 59
1143 49
1144 60
1145 55
1146 57
1147 60
1148 69
1149 43
1150 56
1151 55
1152 58
1153 36
1154 47
1155 48
1156 48
1157 51
1158 54
1159 55
1160 44
1161 50
1162 43
1163 59
1164 48
1165 49
1166 45
1167 53
1168 44
1169 59
1170 54
1171 44
1172 37
1173 38
1174 39
1175 45
1176 49
1177 45
1178 49
1179 34
1180 33
1181 46
1182 32
1183 44
1184 31
1185 37
1186 36
1187 38
1188 37
1189 30
1190 42
1191 39
1192 24
1193 34
1194 51
1195 44
1196 43
1197 28
1198 39
1199 43
1200 34
1201 25
1202 33
1203 35
1204 20
1205 44
1206 32
1207 22
1208 41
1209 26
1210 42
1211 37
1212 28
1213 33
1214 29
1215 39
1216 41
1217 30
1218 47
1219 28
1220 27
1221 24
1222 39
1223 25
1224 28
1225 30
1226 17
1227 30
1228 33
1229 24
1230 23
1231 26
1232 22
1233 35
1234 33
1235 21
1236 18
1237 31
1238 30
1239 22
1240 13
1241 25
1242 22
1243 27
1244 17
1245 20
1246 17
1247 17
1248 21
1249 19
1250 18
1251 30
1252 18
1253 13
1254 22
1255 27
1256 26
1257 18
1258 23
1259 20
1260 25
1261 12
1262 19
1263 16
1264 25
1265 24
1266 20
1267 21
1268 21
1269 14
1270 21
1271 16
1272 22
1273 22
1274 18
1275 23
1276 21
1277 20
1278 14
1279 21
1280 11
1281 17
1282 10
1283 20
1284 10
1285 19
1286 18
1287 12
1288 13
1289 15
1290 15
1291 8
1292 13
1293 12
1294 23
1295 13
1296 10
1297 12
1298 19
1299 8
1300 4
1301 17
1302 14
1303 14
1304 9
1305 11
1306 8
1307 8
1308 3
1309 6
1310 8
1311 8
1312 8
1313 12
1314 11
1315 14
1316 16
1317 18
1318 13
1319 8
1320 13
1321 18
1322 13
1323 6
1324 20
1325 12
1326 15
1327 13
1328 16
1329 11
1330 14
1331 11
1332 8
1333 10
1334 13
1335 20
1336 12
1337 11
1338 17
1339 11
1340 12
1341 9
1342 10
1343 7
1344 8
1345 9
1346 9
1347 6
1348 13
1349 10
1350 6
1351 5
1352 11
1353 11
1354 14
1355 13
1356 16
1357 12
1358 12
1359 15
1360 22
1361 13
1362 10
1363 15
1364 13
1365 15
1366 7
1367 10
1368 13
1369 20
1370 12
1371 14
1372 19
1373 17
1374 16
1375 10
1376 19
1377 19
1378 13
1379 20
1380 17
1381 7
1382 24
1383 12
1384 10
1385 15
1386 10
1387 11
1388 14
1389 6
1390 15
1391 11
1392 7
1393 12
1394 11
1395 9
1396 15
1397 12
1398 16
1399 8
1400 13
1401 18
1402 11
1403 15
1404 16
1405 14
1406 12
1407 17
1408 12
1409 8
1410 17
1411 5
1412 11
1413 8
1414 12
1415 14
1416 16
1417 7
1418 19
1419 14
1420 13
1421 16
1422 9
1423 14
1424 10
1425 10
1426 5
1427 10
1428 10
1429 10
1430 12
1431 5
1432 8
1433 8
1434 7
1435 5
1436 5
1437 7
1438 11
1439 5
1440 13
1441 5
1442 12
1443 10
1444 6
1445 13
1446 9
1447 13
1448 16
1449 9
1450 8
1451 11
1452 11
1453 4
1454 7
1455 9
1456 6
1457 8
1458 6
1459 7
1460 14
1461 4
1462 7
1463 10
1464 10
1465 9
1466 10
1467 10
1468 5
1469 3
1470 7
1471 8
1472 7
1473 7
1474 12
1475 4
1476 6
1477 8
1478 7
1479 2
1480 3
1481 7
1482 3
1483 9
1484 8
1485 7
1486 4
1487 6
1488 15
1489 7
1490 5
1491 12
1492 7
1493 8
1494 12
1495 6
1496 6
1497 7
1498 9
1499 4
1500 13
1501 12
1502 11
1503 8
1504 10
1505 10
1506 5
1507 5
1508 6
1509 10
1510 5
1511 9
1512 9
1513 14
1514 6
1515 13
1516 4
1517 13
1518 9
1519 14
1520 12
1521 19
1522 9
1523 12
1524 12
1525 12
1526 10
1527 7
1528 8
1529 15
1530 9
1531 17
1532 16
1533 6
1534 9
1535 8
1536 7
1537 6
1538 10
1539 7
1540 9
1541 8
1542 7
1543 7
1544 5
1545 11
1546 5
1547 8
1548 7
1549 8
1550 7
1551 3
1552 13
1553 8
1554 9
1555 7
1556 11
1557 11
1558 4
1559 8
1560 10
1561 10
1562 9
1563 11
1564 2
1565 7
1566 8
1567 13
1568 12
1569 5
1570 8
1571 12
1572 12
1573 8
1574 4
1575 10
1576 8
1577 15
1578 11
1579 11
1580 8
1581 10
1582 5
1583 8
1584 5
1585 6
1586 6
1587 7
1588 4
1589 12
1590 5
1591 10
1592 6
1593 13
1594 10
1595 7
1596 5
1597 12
1598 4
1599 9
1600 9
1601 5
1602 6
1603 11
1604 7
1605 11
1606 14
1607 12
1608 13
1609 16
1610 10
1611 13
1612 12
1613 14
1614 10
1615 10
1616 15
1617 7
1618 6
1619 12
1620 7
1621 9
1622 10
1623 12
1624 10
1625 6
1626 11
1627 10
1628 10
1629 18
1630 11
1631 13
1632 7
1633 9
1634 11
1635 5
1636 7
1637 6
1638 14
1639 11
1640 18
1641 12
1642 8
1643 11
1644 6
1645 7
1646 7
1647 13
1648 10
1649 6
1650 10
1651 3
1652 8
1653 9
1654 6
1655 6
1656 9
1657 8
1658 7
1659 3
1660 3
1661 6
1662 8
1663 6
1664 8
1665 3
1666 9
1667 7
1668 6
1669 5
1670 7
1671 8
1672 5
1673 8
1674 5
1675 8
1676 8
1677 8
1678 11
1679 5
1680 6
1681 10
1682 11
1683 9
1684 4
1685 6
1686 5
1687 8
1688 7
1689 12
1690 10
1691 8
1692 8
1693 4
1694 11
1695 11
1696 6
1697 11
1698 12
1699 6
1700 9
1701 6
1702 6
1703 7
1704 7
1705 10
1706 4
1707 5
1708 4
1709 6
1710 9
1711 8
1712 11
1713 15
1714 8
1715 7
1716 8
1717 11
1718 12
1719 15
1720 12
1721 16
1722 16
1723 6
1724 12
1725 19
1726 15
1727 10
1728 11
1729 12
1730 10
1731 12
1732 12
1733 7
1734 10
1735 6
1736 9
1737 7
1738 12
1739 8
1740 11
1741 8
1742 7
1743 12
1744 14
1745 13
1746 19
1747 11
1748 13
1749 11
1750 10
1751 11
1752 11
1753 9
1754 13
1755 13
1756 9
1757 9
1758 12
1759 6
1760 10
1761 9
1762 11
1763 14
1764 7
1765 11
1766 14
1767 16
1768 10
1769 8
1770 6
1771 11
1772 14
1773 6
1774 15
1775 10
1776 9
1777 7
1778 7
1779 6
1780 9
1781 6
1782 5
1783 10
1784 4
1785 9
1786 7
1787 12
1788 4
1789 6
1790 11
1791 11
1792 13
1793 15
1794 2
1795 9
1796 7
1797 12
1798 10
1799 3
1800 4
1801 6
1802 7
1803 3
1804 5
1805 12
1806 3
1808 2
1809 4
1810 1
1811 1
1812 5
1813 2
1815 1
1816 1
1817 2
1818 3
1819 2
1820 2
1821 4
1822 2
1823 2
1824 3
1825 3
1826 1
1827 5
1828 5
1829 2
1830 5
1831 3
1832 3
1833 4
1834 1
1835 4
1836 1
1837 1
1838 5
1839 2
1840 4
1841 5
1842 3
1843 7
1844 3
1845 6
1846 1
1847 3
1848 1
1849 1
1851 2
1852 4
1853 3
1854 3
1855 3
1856 1
1857 5
1858 1
1859 1
1860 2
1861 1
1862 1
1863 1
1864 3
1865 3
1866 4
1867 1
1868 3
1870 3
1871 1
1872 1
1873 7
1874 2
1875 6
1877 4
1878 3
1879 4
1881 1
1883 1
1884 2
1885 2
1886 2
1887 3
1888 2
1889 3
1890 1
1891 2
1892 1
1893 3
1894 2
1895 5
1896 6
1897 4
1898 7
1899 2
1900 1
1901 7
1902 2
1903 5
1904 1
1905 4
1906 7
1907 6
1908 5
1909 7
1910 4
1911 3
1912 3
1913 1
1914 1
1915 4
1916 2
1917 2
1918 2
1919 3
1920 5
1921 5
1922 3
1923 2
1924 4
1925 3
1926 1
1927 6
1928 5
1929 1
1930 4
1931 2
1932 2
1933 4
1934 1
1935 4
1936 6
1937 4
1938 4
1939 1
1940 3
1941 4
1942 1
1943 5
1944 3
1945 1
1946 5
1947 1
1948 5
1949 6
1950 2
1951 2
1952 2
1953 3
1954 3
1955 4
1956 2
1957 5
1958 2
1959 3
1960 1
1961 5
1962 2
1964 2
1966 2
1967 3
1968 3
1969 4
1970 3
1971 1
1972 1
1973 2
1974 2
1975 3
1976 2
1978 6
1979 1
1980 2
1981 1
1982 2
1983 2
1984 2
1985 3
1986 2
1987 2
1988 7
1989 4
1990 3
1991 3
1992 1
1993 3
1994 3
1996 1
1997 2
1998 4
1999 2
2000 3
2002 1
2004 1
2005 3
2006 3
2007 1
2008 1
2009 2
2010 1
2012 1
2013 1
2014 1
2015 1
2016 3
2017 2
2018 3
2019 2
2020 1
2021 1
2022 1
2023 1
2024 2
2026 2
2027 1
2028 3
2029 1
2030 2
2031 1
2032 1
2033 1
2034 4
2036 3
2038 1
2039 2
2041 1
2042 1
2044 1
2045 2
2046 1
2047 4
2048 1
2049 5
2050 5
2051 3
2052 2
2053 1
2054 1
2055 1
2056 5
2058 2
2059 2
2060 2
2061 4
2062 4
2063 1
2064 3
2065 1
2066 3
2067 1
2068 3
2069 1
2071 3
2074 3
2075 4
2076 1
2077 2
2078 2
2079 4
2080 3
2081 6
2082 1
2083 2
2084 1
2087 1
2088 2
2089 2
2090 1
2092 1
2093 2
2094 2
2095 5
2096 8
2097 1
2098 4
2099 4
2100 3
2101 5
2102 2
2103 3
2104 3
2105 2
2106 1
2107 3
2108 3
2109 3
2111 2
2112 1
2113 1
2115 1
2117 4
2118 3
2119 2
2120 2
2122 1
2124 1
2125 2
2126 2
2127 2
2129 5
2130 4
2132 2
2133 1
2134 5
2136 3
2137 3
2138 2
2139 6
2140 3
2142 1
2144 3
2145 3
2146 1
2149 1
2153 3
2154 2
2155 1
2157 1
2160 1
2161 4
2162 4
2163 2
2164 3
2166 2
2167 3
2168 1
2170 1
2171 2
2173 2
2174 1
2175 1
2176 1
2178 3
2179 2
2180 2
2181 3
2182 3
2183 1
2184 2
2185 3
2186 2
2187 3
2188 2
2189 3
2190 3
2191 2
2192 3
2193 1
2194 4
2195 1
2196 2
2197 1
2198 1
2199 6
2200 3
2201 4
2202 2
2203 3
2204 1
2205 2
2206 2
2207 1
2208 3
2210 3
2212 2
2213 1
2214 6
2215 2
2216 1
2217 4
2218 1
2219 2
2220 2
2221 2
2222 2
2223 1
2224 2
2225 2
2228 2
2231 6
2233 1
2235 1
2236 3
2239 1
2240 1
2248 3
2250 1
2251 1
2252 1
2254 1
2256 2
2257 1
2259 4
2260 4
2261 2
2262 4
2263 2
2265 3
2266 3
2268 4
2269 3
2270 3
2271 1
2272 1
2273 2
2274 3
2275 3
2276 3
2277 1
2278 1
2279 1
2281 1
2283 2
2284 3
2285 1
2286 4
2287 1
2289 3
2290 1
2291 1
2292 2
2294 1
2295 3
2296 2
2297 1
2299 2
2300 1
2301 3
2304 1
2305 4
2306 1
2307 1
2308 2
2309 2
2310 1
2312 2
2313 5
2315 1
2317 1
2318 5
2319 2
2320 1
2321 2
2322 1
2323 3
2325 6
2326 1
2327 1
2328 2
2329 3
2330 1
2331 2
2332 2
2333 1
2334 4
2335 3
2336 2
2337 2
2338 5
2339 2
2340 2
2341 1
2342 1
2344 1
2345 1
2347 4
2348 1
2350 2
2351 5
2353 1
2354 2
2355 2
2356 2
2357 2
2358 3
2361 1
2362 4
2363 1
2364 3
2366 6
2367 2
2368 2
2370 3
2372 2
2373 1
2374 1
2375 2
2378 3
2381 1
2383 3
2385 1
2386 2
2387 1
2388 2
2390 3
2391 4
2392 2
2393 3
2394 1
2395 1
2396 3
2399 1
2400 1
2405 1
2406 1
2409 1
2410 2
2412 2
2413 1
2415 3
2416 3
2417 1
2418 1
2419 1
2421 2
2422 2
2423 3
2424 2
2425 4
2426 4
2427 1
2428 2
2429 2
2430 4
2431 3
2432 3
2433 6
2434 5
2435 3
2436 5
2438 5
2439 3
2440 1
2442 3
2443 5
2444 2
2445 6
2446 2
2447 4
2448 2
2449 2
2450 6
2452 4
2453 6
2454 7
2455 2
2456 1
2457 3
2460 2
2461 3
2462 2
2463 3
2464 2
2465 1
2467 2
2468 1
2469 5
2470 1
2471 3
2472 3
2473 3
2475 3
2476 2
2477 1
2478 4
2479 1
2480 4
2481 4
2482 2
2483 1
2485 1
2488 2
2489 4
2490 1
2491 1
2493 3
2494 1
2495 2
2496 2
2497 2
2498 2
2499 3
2501 2
2502 2
2503 2
2504 2
2505 1
2506 2
2507 1
2511 2
2513 1
2514 3
2516 2
2517 1
2518 1
2521 1
2522 1
2523 1
2524 2
2525 2
2526 3
2527 1
2528 1
2530 1
2531 1
2533 1
2534 1
2536 4
2537 3
2540 3
2542 1
2543 2
2544 1
2545 3
2546 1
2547 1
2548 2
2549 4
2550 2
2551 3
2552 4
2553 2
2554 1
2555 2
2556 2
2557 5
2558 8
2559 3
2560 1
2561 3
2562 4
2563 5
2564 4
2565 2
2566 2
2567 2
2569 3
2570 12
2571 3
2573 1
2574 6
2575 2
2576 4
2577 6
2578 5
2579 4
2580 2
2581 5
2582 2
2583 2
2584 4
2585 4
2586 5
2587 1
2588 4
2589 4
2590 2
2591 1
2592 2
2593 2
2594 1
2595 3
2596 4
2597 1
2598 1
2599 2
2600 3
2601 1
2602 1
2603 3
2604 1
2605 3
2606 2
2607 2
2608 3
2611 3
2612 1
2613 1
2615 1
2616 1
2617 4
2619 1
2620 6
2621 4
2623 1
2625 1
2626 3
2627 3
2628 1
2629 3
2630 1
2631 2
2632 5
2633 2
2634 2
2635 4
2636 4
2637 4
2638 2
2639 1
2640 3
2641 3
2642 3
2643 2
2644 1
2645 2
2646 1
2647 3
2648 2
2649 5
2650 5
2651 3
2652 3
2653 6
2654 2
2655 2
2656 3
2657 2
2658 5
2659 3
2660 1
2661 3
2662 3
2663 7
2664 3
2665 3
2666 3
2667 3
2668 2
2669 2
2670 2
2671 1
2672 2
2673 1
2674 4
2675 2
2676 2
2677 1
2678 3
2679 3
2680 1
2681 2
2682 2
2683 3
2684 1
2685 5
2686 1
2687 1
2688 1
2689 2
2690 3
2691 2
2692 3
2693 2
2694 1
2695 1
2697 1
2698 2
2700 6
2701 1
2702 2
2704 2
2706 2
2707 1
2711 2
2712 1
2713 1
2714 2
2715 2
2716 1
2717 1
2718 1
2719 1
2720 1
2721 2
2722 1
2724 1
2725 1
2726 4
2727 1
2728 1
2729 1
2730 2
2731 3
2732 2
2733 2
2735 1
2736 1
2738 5
2739 1
2740 2
2742 4
2743 2
2744 4
2745 1
2746 1
2747 2
2748 4
2749 1
2750 3
2751 2
2752 2
2753 1
2754 3
2755 2
2756 3
2757 2
2760 1
2761 1
2762 4
2763 1
2764 1
2765 1
2767 2
2768 2
2769 2
2770 1
2772 3
2776 1
2777 1
2778 1
2780 2
2782 1
2783 1
2784 1
2785 3
2786 1
2787 1
2788 1
2789 2
2794 1
2796 1
2798 1
2799 1
2802 1
2805 1
2806 2
2808 2
2810 1
2813 1
2815 1
2816 2
2819 2
2820 3
2822 1
2823 1
2825 2
2826 2
2827 1
2830 1
2831 2
2832 1
2833 1
2834 1
2836 1
2837 3
2838 2
2839 3
2841 4
2842 4
2843 4
2844 2
2845 2
2846 1
2847 5
2848 4
2849 1
2850 2
2852 1
2855 2
2856 3
2857 1
2860 2
2861 2
2865 1
2869 2
2870 4
2871 1
2872 1
2873 3
2874 1
2875 3
2876 1
2877 1
2879 2
2880 1
2881 2
2882 6
2884 4
2885 1
2886 1
2887 1
2888 2
2889 5
2890 1
2891 3
2892 1
2893 4
2894 3
2895 1
2896 5
2897 4
2898 5
2899 2
2900 2
2901 3
2902 5
2904 1
2905 3
2906 6
2907 2
2908 3
2909 1
2911 3
2912 1
2913 4
2914 3
2915 2
2916 2
2917 3
2918 2
2919 3
2920 7
2921 4
2922 3
2923 4
2924 3
2925 4
2926 1
2927 4
2928 3
2929 4
2930 4
2931 6
2932 7
2933 4
2934 6
2935 7
2936 5
2937 7
2938 3
2939 4
2940 5
2942 1
2943 1
2944 1
2945 2
2946 3
2947 3
2948 3
2949 2
2950 2
2951 3
2952 7
2953 2
2954 4
2955 2
2956 1
2957 3
2958 2
2959 4
2960 4
2961 4
2962 4
2963 2
2964 4
2965 1
2966 4
2967 9
2968 1
2969 3
2970 3
2971 1
2972 1
2973 2
2975 5
2976 4
2977 6
2978 4
2979 3
2980 5
2981 9
2982 6
2983 3
2984 2
2985 4
2986 3
2987 5
2988 4
2989 2
2990 5
2991 3
2992 4
2993 1
2994 4
2995 6
2996 3
2998 4
3000 2
3001 3
3002 3
3003 1
3004 3
3005 3
3006 2
3007 2
3009 4
3010 1
3011 2
3012 2
3013 1
3014 1
3015 3
3017 1
3018 3
3019 1
3020 1
3021 1
3023 1
3025 1
3026 1
3028 2
3030 1
3035 1
3036 1
3037 2
3038 5
3039 1
3040 1
3042 2
3043 4
3044 1
3046 3
3048 2
3050 1
3051 3
3054 1
3056 2
3058 2
3059 1
3060 3
3062 1
3063 2
3065 1
3066 1
3067 2
3068 2
3069 4
3070 4
3073 2
3074 2
3075 1
3076 2
3077 3
3078 2
3079 1
3081 2
3084 1
3085 3
3086 1
3089 1
3091 1
3092 5
3093 1
3094 1
3095 1
3096 2
3097 1
3098 1
3099 2
3100 1
3101 4
3102 5
3103 3
3104 2
3105 3
3106 1
3107 2
3108 4
3109 1
3110 2
3111 3
3112 5
3113 4
3114 2
3115 4
3116 3
3117 5
3118 3
3119 2
3120 3
3121 2
3122 2
3123 3
3124 4
3125 1
3126 3
3127 4
3129 3
3130 2
3131 1
3132 7
3133 5
3134 2
3135 2
3136 6
3137 2
3138 4
3139 4
3140 5
3141 1
3142 5
3143 6
3145 3
3146 2
3147 3
3148 5
3149 3
3150 3
3151 2
3152 3
3153 5
3154 2
3155 1
3156 2
3157 6
3158 8
3159 7
3160 2
3161 4
3162 7
3163 2
3165 3
3166 2
3167 1
3168 4
3169 6
3170 1
3171 2
3172 6
3173 3
3174 3
3175 3
3176 5
3177 2
3178 3
3179 6
3180 5
3182 5
3183 5
3184 4
3185 4
3186 6
3187 6
3188 3
3189 7
3190 1
3191 8
3192 3
3193 5
3194 1
3195 5
3196 2
3197 4
3198 2
3199 5
3200 1
3201 8
3202 4
3203 4
3204 2
3205 3
3206 4
3207 3
3208 2
3209 7
3210 2
3211 3
3212 8
3213 4
3214 2
3215 2
3216 7
3217 2
3218 4
3219 5
3220 3
3221 3
3222 6
3223 5
3224 7
3225 2
3226 6
3228 1
3229 1
3230 1
3231 3
3232 3
3233 3
3234 2
3235 1
3236 3
3238 2
3239 3
3240 5
3241 1
3242 4
3243 1
3244 2
3245 3
3246 4
3247 2
3248 3
3249 2
3250 1
3251 2
3252 1
3253 2
3254 1
3255 1
3256 1
3257 3
3259 2
3260 3
3261 2
3263 2
3264 2
3267 1
3268 1
3270 1
3271 1
3272 1
3274 1
3275 2
3276 1
3277 2
3278 1
3280 1
3282 1
3283 1
3285 2
3287 1
3289 1
3290 5
3293 1
3295 1
3296 1
3299 1
3300 2
3303 2
3306 1
3312 2
3314 2
3316 1
3318 1
3319 3
3320 2
3322 4
3323 2
3325 2
3326 1
3329 1
3331 1
3332 1
3333 1
3335 2
3336 4
3338 1
3339 1
3345 1
3346 1
3347 1
3349 1
3350 1
3351 1
3353 2
3356 1
3358 1
3362 1
3363 1
3364 1
3366 3
3367 6
3369 1
3370 1
3371 3
3372 3
3373 1
3374 2
3375 2
3376 1
3378 2
3379 2
3380 3
3381 2
3384 1
3385 3
3386 1
3389 2
3390 1
3391 1
3392 2
3393 1
3396 2
3398 3
3400 1
3401 2
3405 1
3408 1
3409 2
3410 1
3411 2
3412 2
3414 1
3415 1
3417 3
3418 4
3419 1
3420 1
3421 1
3422 2
3424 1
3425 2
3426 1
3427 2
3428 1
3429 1
3430 2
3431 1
3433 1
3434 1
3436 2
3437 1
3438 2
3439 2
3440 1
3441 2
3443 1
3444 2
3446 1
3447 2
3448 1
3449 1
3450 1
3451 4
3452 1
3453 2
3454 1
3455 2
3456 3
3458 2
3459 2
3462 1
3463 2
3466 2
3469 1
3470 1
3471 3
3473 1
3474 1
3476 1
3480 1
3481 2
3482 3
3483 1
3484 1
3487 2
3488 2
3490 2
3491 1
3492 1
3493 1
3495 1
3498 2
3499 2
3506 2
3508 2
3513 1
3514 2
3515 2
3516 1
3517 1
3518 3
3519 1
3521 1
3522 1
3523 1
3525 2
3528 1
3535 2
3536 1
3540 1
3542 1
3543 1
3555 1
3556 1
3558 1
3564 1
3568 2
3569 1
3575 3
3579 2
3583 2
3584 1
3590 1
3595 1
3596 1
3598 1
3599 1
3603 1
3608 1
3610 1
3614 1
3615 1
3616 1
3618 1
3622 1
3625 1
3628 1
3629 1
3644 1
3647 1
3648 1
3652 1
3653 1
3654 2
3655 2
3656 2
3659 3
3660 2
3661 4
3662 1
3663 1
3672 1
3674 1
3679 1
3681 1
3688 2
3691 1
3692 1
3694 2
3697 1
3698 1
3699 1
3701 1
3702 1
3703 1
3708 1
3719 1
3720 1
3725 1
3726 1
3734 1
3741 1
3748 1
3759 1
3760 1
3761 1
3762 1
3764 1
3765 3
3770 1
3771 1
3773 1
3777 1
3782 1
3784 2
3785 2
3786 1
3787 1
3789 1
3791 1
3797 1
3800 2
3803 1
3804 1
3807 1
3810 1
3818 1
3830 1
3831 1
3838 1
3840 1
3844 2
3859 1
3861 1
3862 1
3874 1
3876 1
3885 1
3893 1
3912 1
3940 1
3943 1
3947 1
3949 1
3954 1
3958 1
3963 1
3964 1
3971 1
3972 1
3981 1
3982 1
3983 2
3984 2
3986 1
3993 1
3995 1
4000 1
4002 1
4004 1
4007 1
4012 1
4021 1
4061 1
4074 1
4079 1
4107 1
4118 1
4119 1
4123 1
4127 1
4149 1
4164 1
4168 1
4171 1
4173 1
4174 1
4191 1
4214 1
4216 2
4217 1
4224 1
4229 1
4230 1
4231 1
4232 1
4235 1
4236 1
4237 1
4238 1
4240 2
4241 1
4242 1
4243 2
4247 1
4253 1
4254 1
4262 3
4263 1
4265 1
4267 1
4271 1
4274 1
4275 1
4280 1
4283 1
4284 1
4288 2
4292 1
4293 2
4295 1
4296 1
4299 1
4300 1
4301 1
4306 2
4308 1
4313 2
4318 2
4321 1
4322 1
4323 1
4327 1
4330 1
4339 1
4347 1
4353 1
4369 1
4372 1
4392 1
4395 2
4449 1
4455 2
4461 1
4471 1
4475 1
4481 1
4501 1
4592 1
4597 1
4598 1
4602 1
4605 1
4613 1
4616 1
4617 4
4623 1
4625 1
4626 1
4629 1
4632 1
4650 1
4677 1
4685 1
4748 1
4762 1
4772 1
4835 1
4865 1
4895 1
4902 1
4911 1
4918 1
4920 1
4921 1
4926 2
4965 1
4979 1
5154 1
5179 1
5204 1
5207 1
5219 1
5227 1
5230 1
5238 1
5426 1
5439 1
5447 1
5467 2
5476 1
5477 1
5481 1
5504 1
5554 1
5574 1
5592 1
5604 1
5629 1
5634 1
5715 1
5730 1
5740 1
5748 1
5753 1
5755 1
5852 1
5904 1
5928 1
5932 1
5938 1
5941 1
5948 1
5950 1
5953 1
5958 1
5963 1
5974 1
5975 1
5981 1
6108 1
6219 1
6252 1
6254 1
6257 1
6519 1
6538 1
6577 1
6601 1
6609 1
6613 1
6640 1
6646 1
6647 1
6686 1
6772 1
6777 1
6802 1
6852 1
6881 1
6923 1
6936 1
6967 1
6979 1
7038 1
7041 2
7048 1
7129 1
7150 1
7153 1
7157 1
7165 1
7175 1
7176 1
7179 1
7183 1
7187 1
7188 1
7189 1
7190 1
7195 1
7197 1
7200 1
7201 1
7232 2
7247 1
7264 1
7287 1
7295 1
7299 1
7300 2
7303 2
7309 1
7310 1
7312 2
7313 1
7315 1
7317 1
7318 1
7321 1
7322 1
7323 1
7400 1
7439 1
7459 1
7468 1
7469 1
7474 1
7491 1
7645 1
7711 2
7718 1
7721 1
7723 1
7930 1
7936 1
7938 1
8033 1
8089 1
8607 1
8876 1
8878 1
8879 1
8950 1
8957 1
8969 1
8975 1
8976 2
8980 1
9122 1
9134 1
9154 1
9219 1
9228 1
9230 2
9234 1
9240 1
9246 1
9247 1
9251 1
9255 1
9272 1
9310 1
9496 1
9497 1
9759 1
9777 1
10001 36
