1 18594136
2 13139905
3 9327184
4 7150066
5 5798938
6 4765005
7 3868550
8 3096166
9 2477964
10 2026882
11 1721952
12 1505116
13 1323882
14 1155392
15 994522
16 832072
17 676945
18 542524
19 437813
20 358370
21 305581
22 277556
23 267344
24 273807
25 289507
26 310184
27 337733
28 366846
29 398346
30 428572
31 457036
32 481455
33 503754
34 520891
35 539034
36 549783
37 558519
38 568189
39 572073
40 572854
41 572195
42 574889
43 572405
44 564432
45 557068
46 544165
47 525225
48 503134
49 476953
50 450541
51 425829
52 400076
53 377393
54 355944
55 336511
56 320494
57 308620
58 298062
59 293341
60 290582
61 287960
62 285402
63 282046
64 277600
65 269788
66 262478
67 251248
68 238964
69 224387
70 209213
71 192709
72 174530
73 157293
74 141081
75 124940
76 110132
77 97080
78 86980
79 78378
80 71984
81 67920
82 67340
83 69368
84 73196
85 79196
86 87805
87 98361
88 111040
89 125729
90 141894
91 159161
92 178934
93 200395
94 222050
95 244919
96 267118
97 289710
98 311814
99 333984
100 356186
101 376324
102 393285
103 411674
104 425726
105 436891
106 447552
107 454671
108 461647
109 464019
110 466348
111 466112
112 463563
113 458736
114 452280
115 445445
116 437092
117 427049
118 414904
119 404016
120 391647
121 378841
122 365862
123 351846
124 336392
125 321419
126 306442
127 290706
128 274786
129 258140
130 243257
131 227036
132 210333
133 196268
134 180927
135 167702
136 153152
137 140298
138 127560
139 116462
140 105453
141 95064
142 85206
143 76408
144 68029
145 60586
146 54437
147 48263
148 42899
149 38045
150 33122
151 30254
152 26750
153 24382
154 22002
155 20179
156 18430
157 16911
158 15453
159 14812
160 13894
161 13098
162 12515
163 11990
164 11388
165 10774
166 10522
167 10172
168 9669
169 9406
170 8716
171 8419
172 7951
173 7509
174 7244
175 6788
176 6214
177 5799
178 5536
179 5117
180 4804
181 4644
182 4156
183 4002
184 3734
185 3570
186 3488
187 3337
188 3255
189 3255
190 3120
191 3108
192 3027
193 2994
194 2934
195 2973
196 2965
197 2903
198 2900
199 2799
200 2859
201 2841
202 2839
203 2863
204 2910
205 2799
206 2820
207 2726
208 2704
209 2658
210 2614
211 2597
212 2547
213 2555
214 2642
215 2397
216 2427
217 2325
218 2288
219 2305
220 2236
221 2159
222 2094
223 2091
224 1972
225 2006
226 1915
227 1849
228 1784
229 1791
230 1669
231 1648
232 1581
233 1597
234 1494
235 1540
236 1480
237 1431
238 1444
239 1425
240 1345
241 1324
242 1234
243 1239
244 1244
245 1164
246 1125
247 1184
248 1222
249 1165
250 1204
251 1201
252 1173
253 1102
254 1099
255 1081
256 1024
257 964
258 915
259 859
260 822
261 759
262 733
263 712
264 699
265 680
266 641
267 607
268 647
269 581
270 617
271 534
272 530
273 461
274 503
275 428
276 424
277 426
278 368
279 342
280 337
281 343
282 323
283 296
284 293
285 298
286 252
287 221
288 231
289 232
290 178
291 205
292 177
293 199
294 158
295 173
296 210
297 181
298 172
299 200
300 195
301 191
302 215
303 184
304 225
305 205
306 181
307 207
308 205
309 204
310 211
311 224
312 223
313 211
314 222
315 229
316 243
317 240
318 225
319 235
320 257
321 300
322 277
323 256
324 289
325 296
326 291
327 264
328 272
329 303
330 260
331 269
332 243
333 262
334 258
335 245
336 227
337 242
338 258
339 247
340 246
341 217
342 216
343 241
344 231
345 203
346 223
347 238
348 218
349 191
350 214
351 223
352 234
353 232
354 260
355 244
356 235
357 256
358 251
359 264
360 200
361 191
362 245
363 222
364 220
365 230
366 221
367 216
368 211
369 208
370 209
371 214
372 226
373 218
374 205
375 238
376 227
377 222
378 241
379 240
380 230
381 219
382 224
383 228
384 222
385 226
386 271
387 245
388 238
389 241
390 262
391 229
392 248
393 222
394 233
395 238
396 246
397 263
398 216
399 256
400 246
401 242
402 240
403 245
404 204
405 190
406 208
407 222
408 227
409 203
410 184
411 218
412 193
413 175
414 178
415 190
416 171
417 135
418 143
419 174
420 154
421 160
422 162
423 154
424 148
425 140
426 150
427 155
428 142
429 172
430 163
431 172
432 176
433 146
434 144
435 140
436 150
437 139
438 124
439 129
440 150
441 108
442 115
443 133
444 142
445 126
446 122
447 130
448 124
449 122
450 113
451 115
452 129
453 124
454 108
455 97
456 105
457 83
458 89
459 82
460 87
461 89
462 98
463 84
464 91
465 100
466 80
467 81
468 83
469 78
470 64
471 54
472 76
473 67
474 61
475 52
476 55
477 65
478 51
479 57
480 64
481 46
482 48
483 51
484 47
485 44
486 51
487 62
488 51
489 48
490 55
491 41
492 44
493 52
494 54
495 51
496 48
497 53
498 56
499 49
500 40
501 49
502 52
503 58
504 80
505 55
506 50
507 57
508 70
509 66
510 86
511 86
512 85
513 72
514 87
515 67
516 88
517 86
518 74
519 89
520 74
521 65
522 86
523 94
524 100
525 97
526 97
527 97
528 94
529 105
530 87
531 123
532 110
533 99
534 105
535 111
536 119
537 99
538 120
539 88
540 91
541 115
542 112
543 85
544 122
545 111
546 106
547 92
548 101
549 100
550 99
551 121
552 105
553 109
554 104
555 108
556 101
557 102
558 101
559 92
560 96
561 86
562 84
563 78
564 86
565 81
566 103
567 84
568 81
569 70
570 88
571 93
572 86
573 84
574 81
575 79
576 76
577 70
578 76
579 84
580 78
581 72
582 64
583 68
584 57
585 70
586 73
587 78
588 86
589 77
590 88
591 73
592 75
593 77
594 68
595 44
596 55
597 59
598 67
599 35
600 49
601 68
602 37
603 64
604 57
605 41
606 50
607 56
608 42
609 38
610 34
611 29
612 33
613 40
614 33
615 36
616 41
617 42
618 34
619 27
620 37
621 21
622 38
623 34
624 33
625 33
626 36
627 44
628 28
629 39
630 31
631 26
632 21
633 19
634 23
635 24
636 20
637 20
638 23
639 23
640 23
641 25
642 17
643 13
644 27
645 20
646 28
647 22
648 18
649 18
650 17
651 18
652 18
653 27
654 25
655 23
656 25
657 23
658 15
659 28
660 33
661 26
662 25
663 28
664 35
665 29
666 24
667 20
668 15
669 17
670 27
671 19
672 21
673 24
674 26
675 16
676 15
677 19
678 22
679 14
680 20
681 13
682 13
683 12
684 26
685 20
686 15
687 27
688 17
689 17
690 18
691 21
692 13
693 22
694 13
695 14
696 21
697 23
698 19
699 32
700 30
701 27
702 25
703 21
704 16
705 15
706 18
707 21
708 18
709 12
710 13
711 23
712 24
713 12
714 11
715 24
716 19
717 16
718 23
719 22
720 13
721 15
722 21
723 15
724 22
725 13
726 16
727 16
728 16
729 18
730 23
731 17
732 14
733 23
734 29
735 25
736 22
737 33
738 30
739 26
740 34
741 47
742 42
743 36
744 31
745 37
746 24
747 24
748 34
749 33
750 28
751 22
752 23
753 29
754 23
755 18
756 21
757 16
758 21
759 29
760 29
761 18
762 17
763 13
764 29
765 18
766 22
767 22
768 26
769 11
770 14
771 17
772 17
773 19
774 17
775 15
776 17
777 20
778 16
779 21
780 16
781 15
782 17
783 12
784 15
785 11
786 10
787 11
788 8
789 11
790 10
791 15
792 13
793 13
794 14
795 13
796 14
797 14
798 12
799 13
800 13
801 14
802 11
803 15
804 23
805 20
806 22
807 28
808 21
809 16
810 23
811 21
812 15
813 25
814 13
815 21
816 22
817 16
818 21
819 22
820 19
821 22
822 15
823 21
824 21
825 14
826 23
827 18
828 25
829 20
830 20
831 21
832 22
833 16
834 13
835 30
836 9
837 14
838 25
839 19
840 12
841 16
842 15
843 16
844 12
845 16
846 16
847 17
848 13
849 22
850 10
851 12
852 18
853 12
854 14
855 12
856 13
857 16
858 12
859 20
860 15
861 15
862 17
863 15
864 32
865 26
866 21
867 21
868 14
869 11
870 17
871 9
872 16
873 15
874 13
875 15
876 16
877 9
878 9
879 6
880 3
881 5
882 6
883 8
884 12
885 6
886 11
887 3
888 3
889 4
890 4
891 2
892 7
893 3
894 7
895 2
896 4
897 3
898 6
899 4
900 1
901 4
902 5
903 1
904 4
905 4
906 2
907 6
908 5
909 5
910 6
911 10
912 10
913 7
914 9
915 13
916 8
917 5
918 9
919 5
920 11
921 9
922 4
923 6
924 6
925 5
926 7
927 2
928 6
929 4
930 6
931 6
932 1
933 3
934 4
935 2
936 2
937 9
938 3
939 7
940 4
941 1
942 5
943 5
944 6
945 6
946 3
947 4
948 5
949 8
950 7
951 2
952 3
953 2
954 4
955 10
956 6
957 8
958 7
959 3
960 5
961 2
962 7
963 7
964 2
965 4
966 6
967 7
968 6
969 5
970 5
971 8
972 2
973 9
974 5
975 3
976 7
977 1
978 6
979 2
980 3
981 4
982 7
983 2
984 3
985 13
986 2
987 7
988 9
989 5
990 4
991 2
992 7
993 6
994 2
995 8
996 5
997 5
998 14
999 4
1000 6
1001 6
1002 2
1003 2
1004 3
1005 1
1006 2
1007 3
1008 1
1009 2
1012 1
1013 5
1014 7
1015 4
1016 4
1017 3
1018 7
1019 1
1020 2
1021 5
1022 3
1023 3
1025 4
1026 2
1027 2
1028 7
1030 1
1031 1
1032 1
1035 3
1036 3
1037 3
1038 3
1039 2
1040 3
1041 2
1043 2
1045 4
1046 3
1047 1
1048 1
1049 1
1050 1
1051 2
1052 1
1054 2
1055 4
1056 3
1057 2
1058 3
1059 1
1060 6
1061 5
1062 5
1063 4
1064 3
1065 3
1066 2
1067 4
1068 2
1069 1
1070 3
1071 1
1072 1
1073 1
1074 1
1075 2
1076 1
1077 3
1080 1
1081 2
1082 1
1083 4
1085 1
1086 6
1087 3
1088 5
1089 6
1090 4
1091 4
1092 5
1093 4
1094 1
1095 2
1096 2
1097 2
1098 1
1101 6
1102 1
1103 7
1104 5
1105 5
1106 4
1107 4
1108 3
1109 6
1110 6
1111 4
1112 8
1113 2
1114 5
1115 6
1116 3
1117 5
1118 5
1119 3
1120 2
1121 2
1122 2
1123 6
1124 7
1125 4
1126 7
1127 7
1128 6
1129 2
1130 3
1131 2
1132 4
1133 2
1134 4
1135 4
1136 7
1137 6
1138 1
1139 4
1140 4
1141 2
1142 2
1143 1
1144 5
1146 3
1147 6
1148 6
1149 6
1150 5
1152 2
1153 7
1154 6
1155 8
1156 2
1157 2
1158 3
1159 3
1160 3
1161 7
1162 6
1163 2
1164 6
1165 12
1166 9
1167 8
1168 8
1169 5
1170 4
1171 8
1172 3
1173 8
1174 2
1175 7
1176 7
1177 2
1178 6
1180 10
1181 4
1182 3
1183 7
1184 2
1185 5
1186 2
1187 3
1188 3
1189 4
1190 4
1191 1
1192 2
1193 3
1194 7
1195 2
1196 2
1197 3
1198 1
1199 4
1200 3
1201 2
1202 1
1203 5
1204 1
1205 3
1206 6
1207 6
1208 5
1209 6
1210 4
1211 1
1212 6
1213 4
1214 6
1215 6
1216 6
1217 9
1218 5
1219 1
1220 1
1221 6
1222 3
1223 8
1224 9
1225 8
1226 5
1227 7
1228 3
1229 4
1230 4
1231 8
1232 3
1233 6
1234 3
1235 6
1236 4
1237 3
1238 1
1239 4
1240 5
1241 1
1243 1
1244 6
1245 2
1247 4
1248 3
1249 4
1250 6
1251 2
1252 2
1253 2
1254 6
1255 4
1256 3
1257 3
1258 5
1259 4
1260 4
1261 3
1262 3
1263 7
1264 5
1265 3
1266 3
1267 4
1268 5
1269 2
1270 5
1271 2
1272 9
1273 3
1274 9
1275 3
1276 3
1277 3
1278 3
1279 4
1280 8
1281 2
1282 1
1283 3
1284 3
1285 1
1286 1
1287 3
1288 3
1289 3
1290 2
1291 5
1292 6
1293 4
1294 5
1295 4
1296 3
1297 1
1298 8
1299 1
1300 1
1301 5
1302 5
1303 3
1304 1
1305 2
1306 2
1307 3
1308 1
1309 2
1310 6
1311 3
1312 2
1313 1
1314 2
1315 3
1316 1
1317 1
1318 1
1320 1
1321 1
1322 3
1323 1
1324 1
1325 1
1326 1
1327 4
1330 1
1331 1
1333 2
1334 5
1335 3
1336 3
1337 3
1338 2
1340 3
1341 2
1342 6
1343 3
1344 2
1345 4
1346 2
1347 2
1348 6
1349 5
1350 2
1351 5
1352 2
1353 6
1354 2
1355 10
1356 8
1357 7
1358 5
1359 6
1360 6
1361 3
1362 6
1363 6
1364 4
1365 3
1366 11
1367 6
1368 7
1369 3
1370 4
1371 3
1372 6
1373 4
1374 1
1375 8
1376 3
1377 5
1378 8
1379 7
1380 2
1381 4
1382 9
1383 5
1384 2
1385 7
1386 7
1387 3
1388 6
1389 2
1390 7
1391 6
1392 9
1393 5
1394 6
1396 2
1397 6
1398 3
1399 3
1400 6
1401 5
1402 5
1403 6
1404 6
1405 6
1406 5
1407 6
1408 9
1409 5
1410 4
1411 4
1412 6
1413 6
1414 4
1415 6
1416 5
1417 3
1418 3
1419 2
1420 4
1421 3
1422 3
1423 3
1424 3
1425 2
1426 4
1427 6
1428 1
1429 6
1430 3
1431 1
1432 7
1433 3
1434 4
1435 2
1436 5
1437 2
1438 4
1439 4
1440 2
1441 1
1442 5
1443 1
1444 3
1445 3
1446 3
1447 4
1448 6
1449 4
1451 5
1452 9
1453 8
1454 5
1455 5
1456 4
1457 5
1458 3
1459 5
1460 4
1461 3
1462 6
1463 5
1464 10
1465 10
1466 7
1467 7
1468 3
1469 8
1470 4
1471 10
1472 9
1473 3
1474 4
1475 8
1476 4
1477 8
1478 5
1479 8
1480 3
1481 11
1482 4
1483 9
1484 5
1485 6
1486 7
1487 1
1488 5
1489 4
1490 4
1491 5
1492 2
1493 7
1494 11
1495 7
1496 6
1497 5
1498 15
1499 7
1500 4
1501 11
1502 9
1503 7
1504 6
1505 5
1506 9
1507 8
1508 6
1509 2
1510 6
1511 5
1512 5
1513 2
1514 2
1515 7
1516 4
1517 7
1518 4
1519 13
1520 10
1521 10
1522 4
1523 7
1524 6
1525 12
1526 8
1528 11
1529 7
1530 10
1531 8
1532 2
1533 7
1534 12
1535 9
1536 10
1537 5
1538 6
1539 7
1540 7
1541 8
1542 4
1543 4
1544 3
1545 4
1546 3
1547 6
1548 1
1549 8
1550 7
1551 2
1552 11
1553 9
1554 6
1555 6
1556 5
1557 3
1558 4
1559 5
1560 6
1561 3
1562 5
1563 4
1564 1
1565 7
1566 3
1567 4
1568 3
1569 5
1570 6
1571 3
1572 2
1573 1
1574 4
1575 2
1577 6
1578 2
1580 1
1581 2
1582 1
1583 5
1584 1
1585 7
1586 1
1587 2
1588 5
1589 4
1590 1
1591 4
1592 2
1593 4
1594 3
1595 5
1596 3
1597 3
1598 3
1599 2
1600 5
1601 2
1602 5
1603 5
1604 2
1605 8
1606 5
1607 4
1608 7
1609 5
1610 1
1612 2
1613 2
1614 3
1615 2
1616 3
1617 2
1618 1
1619 2
1620 1
1621 3
1622 5
1623 1
1624 4
1625 1
1627 2
1628 3
1629 1
1632 1
1633 2
1635 1
1636 1
1637 1
1638 2
1639 2
1640 4
1641 2
1642 1
1643 1
1644 2
1645 1
1646 1
1648 3
1649 2
1650 1
1651 1
1653 2
1654 1
1655 1
1656 1
1657 2
1658 1
1659 3
1662 1
1663 1
1665 1
1666 2
1667 2
1669 2
1673 1
1676 2
1678 1
1680 1
1681 3
1683 2
1684 2
1685 3
1688 2
1689 1
1690 3
1691 1
1692 1
1693 2
1694 2
1699 1
1701 2
1703 1
1704 2
1706 2
1708 3
1710 1
1714 1
1715 2
1718 1
1720 1
1721 3
1722 1
1723 1
1724 1
1726 1
1727 1
1730 1
1732 2
1734 1
1747 1
1749 1
1753 1
1755 1
1764 1
1765 1
1767 1
1775 1
1779 2
1782 1
1783 2
1784 3
1787 1
1788 3
1790 2
1791 1
1792 1
1793 1
1795 1
1796 1
1797 1
1799 2
1801 2
1802 1
1803 1
1804 1
1805 1
1808 2
1809 3
1810 1
1811 1
1812 2
1814 1
1815 1
1816 2
1817 2
1818 1
1820 2
1821 2
1822 2
1823 1
1824 1
1826 3
1828 1
1829 1
1832 1
1845 1
1851 1
1852 1
1853 3
1854 2
1855 1
1857 1
1862 1
1864 1
1865 1
1874 1
1875 1
1878 1
1885 1
1892 1
1903 2
1906 1
1920 1
1923 1
1924 1
1929 1
1931 1
1933 2
1934 1
1935 1
1936 1
1939 1
1942 3
1943 1
1944 1
1946 1
1954 1
1956 1
1959 1
1963 1
1965 1
1971 1
1977 1
1978 1
1982 1
1986 1
1987 1
1989 2
1994 1
2008 1
2016 1
2017 1
2018 1
2019 2
2031 1
2033 1
2048 1
2052 1
2054 1
2055 1
2056 1
2057 1
2058 2
2059 2
2061 1
2063 1
2065 1
2069 1
2070 1
2071 1
2072 3
2075 1
2077 1
2078 1
2081 1
2082 1
2088 1
2089 1
2098 1
2106 1
2108 1
2120 1
2121 1
2122 1
2124 1
2127 1
2143 1
2145 1
2149 1
2155 1
2162 2
2184 1
2186 2
2187 1
2189 2
2190 1
2193 1
2194 1
2211 1
2213 1
2215 1
2242 2
2245 1
2248 1
2254 1
2269 1
2276 1
2282 1
2284 1
2285 1
2288 1
2292 1
2295 1
2296 1
2297 1
2298 2
2299 2
2300 1
2301 3
2302 1
2305 1
2306 2
2308 1
2309 1
2310 1
2315 1
2325 1
2395 1
2405 1
2422 1
2423 1
2427 1
2429 1
2432 1
2434 1
2436 1
2444 1
2508 2
2513 1
2516 1
2523 1
2526 1
2530 1
2550 1
2575 1
2636 1
2645 1
2646 1
2654 1
2656 1
2663 1
2664 1
2683 1
2685 1
2689 1
2690 1
2709 1
2744 1
2805 1
2830 1
2851 2
2870 1
2879 1
2886 2
2889 1
2903 1
2910 1
2911 1
2913 1
2915 1
2926 1
2928 1
2933 1
2934 1
2948 1
2982 1
3054 1
3095 1
3119 1
3120 2
3125 2
3128 1
3132 1
3229 1
3236 1
3238 1
3244 1
3246 1
3247 1
3250 1
3252 1
3276 1
3297 1
3306 1
3313 1
3327 1
3380 1
3383 1
3384 1
3386 1
3387 1
3389 1
3391 1
3392 1
3395 1
3397 1
3398 1
3399 1
3408 1
3411 1
3417 1
3418 2
3420 1
3425 1
3426 1
3429 1
3433 1
3434 1
3435 1
3440 1
3441 1
3446 1
3453 3
3455 1
3466 1
3469 1
3471 1
3472 1
3473 1
3479 1
3480 1
3495 1
3567 2
3605 1
3615 1
3619 1
3628 1
3687 1
3729 1
3765 1
3795 1
3802 1
3803 2
3829 1
3871 1
3899 1
3900 1
3910 1
3958 1
4215 1
4216 1
4227 1
4233 1
4245 1
4252 1
4255 1
4355 1
4367 1
4368 2
4371 1
4377 1
4378 2
4380 1
4389 1
4392 1
4451 1
4498 1
4507 1
4703 1
4706 1
4710 1
4712 1
4717 1
4823 1
4829 1
4832 1
5102 2
5105 1
5110 1
5122 1
5125 1
5171 1
5185 1
5187 1
5189 1
5190 1
5191 2
5193 1
5206 1
5213 1
5218 1
5222 1
5280 1
7253 1
7330 1
8015 1
8202 1
8304 1
8805 1
10001 11
