1 18530275
2 14656225
3 10365307
4 7389655
5 5584086
6 4465704
7 3714831
8 3158675
9 2757277
10 2505078
11 2382304
12 2345103
13 2327845
14 2299595
15 2237536
16 2123810
17 1983558
18 1818968
19 1650319
20 1481812
21 1318096
22 1173283
23 1032758
24 906334
25 784620
26 672114
27 570734
28 475809
29 391482
30 317700
31 254236
32 201040
33 157228
34 125235
35 103374
36 90267
37 84272
38 86612
39 94118
40 107858
41 127177
42 149382
43 175006
44 204056
45 232503
46 260457
47 286810
48 310833
49 330976
50 342959
51 351519
52 353472
53 348622
54 338258
55 320223
56 299012
57 273676
58 248410
59 221568
60 193312
61 167403
62 141727
63 119625
64 98451
65 79980
66 64627
67 51812
68 41031
69 32339
70 25180
71 19562
72 15467
73 12550
74 10906
75 9836
76 9464
77 9569
78 10150
79 11842
80 13678
81 16021
82 19166
83 22870
84 26331
85 30491
86 34871
87 39771
88 44062
89 49447
90 53728
91 58425
92 63203
93 66949
94 70661
95 73588
96 75955
97 77583
98 77933
99 78054
100 76884
101 75034
102 72962
103 69450
104 66244
105 62668
106 59323
107 54938
108 49541
109 45285
110 40583
111 36243
112 31920
113 28416
114 24729
115 21592
116 18340
117 15785
118 13164
119 11494
120 9471
121 7952
122 6589
123 5519
124 4414
125 3740
126 3185
127 2674
128 2363
129 2177
130 2081
131 2018
132 2239
133 2606
134 2930
135 3421
136 3906
137 4820
138 5660
139 6911
140 8444
141 10315
142 12346
143 14597
144 17196
145 20551
146 24609
147 28468
148 32633
149 37481
150 43002
151 49103
152 55576
153 62360
154 69611
155 77968
156 85779
157 94645
158 103120
159 111438
160 121262
161 129613
162 138301
163 147467
164 155903
165 164391
166 173802
167 181854
168 187874
169 194438
170 200263
171 204590
172 209034
173 212213
174 214028
175 215133
176 215786
177 215558
178 213069
179 210839
180 206487
181 202428
182 196460
183 190813
184 183279
185 176285
186 169312
187 161619
188 153136
189 144393
190 135742
191 126825
192 118229
193 110404
194 101390
195 94065
196 86335
197 78724
198 71648
199 65192
200 58522
201 52180
202 46394
203 41202
204 36732
205 32315
206 28231
207 24860
208 21888
209 18967
210 16248
211 14171
212 12156
213 10269
214 8799
215 7470
216 6223
217 5271
218 4703
219 3971
220 3360
221 2827
222 2370
223 2060
224 1651
225 1338
226 1092
227 979
228 786
229 717
230 599
231 514
232 534
233 482
234 450
235 449
236 427
237 438
238 452
239 493
240 520
241 582
242 594
243 647
244 719
245 807
246 832
247 977
248 1110
249 1236
250 1245
251 1414
252 1586
253 1660
254 1777
255 1946
256 2154
257 2284
258 2448
259 2650
260 2794
261 2995
262 3138
263 3443
264 3538
265 3720
266 3838
267 4140
268 4184
269 4315
270 4519
271 4513
272 4726
273 4806
274 4818
275 4767
276 4914
277 4930
278 5053
279 4847
280 4803
281 4776
282 4677
283 4693
284 4386
285 4381
286 4307
287 4230
288 4056
289 3908
290 3716
291 3581
292 3495
293 3273
294 3224
295 3030
296 2899
297 2725
298 2564
299 2408
300 2282
301 2108
302 2055
303 1809
304 1777
305 1605
306 1481
307 1450
308 1320
309 1280
310 1136
311 923
312 924
313 836
314 751
315 720
316 660
317 695
318 623
319 574
320 505
321 470
322 487
323 461
324 450
325 501
326 431
327 454
328 480
329 462
330 517
331 485
332 529
333 515
334 516
335 527
336 586
337 557
338 589
339 622
340 600
341 626
342 648
343 653
344 647
345 697
346 693
347 696
348 686
349 727
350 728
351 761
352 779
353 778
354 751
355 783
356 870
357 837
358 899
359 832
360 822
361 867
362 844
363 855
364 827
365 807
366 818
367 807
368 773
369 809
370 754
371 777
372 727
373 712
374 673
375 710
376 653
377 608
378 591
379 570
380 505
381 512
382 468
383 432
384 417
385 401
386 381
387 373
388 368
389 327
390 350
391 278
392 250
393 240
394 273
395 235
396 218
397 210
398 211
399 184
400 187
401 154
402 131
403 142
404 123
405 108
406 109
407 100
408 115
409 108
410 87
411 84
412 84
413 84
414 68
415 56
416 45
417 54
418 46
419 46
420 51
421 41
422 41
423 43
424 32
425 32
426 37
427 42
428 43
429 35
430 35
431 40
432 36
433 34
434 41
435 25
436 25
437 42
438 50
439 28
440 48
441 33
442 29
443 36
444 34
445 41
446 38
447 44
448 45
449 34
450 54
451 51
452 51
453 52
454 57
455 44
456 37
457 52
458 36
459 54
460 56
461 67
462 48
463 58
464 47
465 57
466 49
467 53
468 48
469 56
470 64
471 59
472 47
473 38
474 48
475 49
476 62
477 42
478 51
479 64
480 73
481 62
482 72
483 65
484 85
485 53
486 65
487 70
488 63
489 65
490 71
491 72
492 61
493 89
494 87
495 95
496 100
497 119
498 96
499 97
500 98
501 92
502 91
503 104
504 82
505 96
506 94
507 103
508 110
509 92
510 96
511 109
512 87
513 106
514 129
515 120
516 106
517 105
518 123
519 108
520 147
521 136
522 131
523 157
524 136
525 158
526 134
527 146
528 147
529 145
530 124
531 123
532 160
533 164
534 146
535 153
536 168
537 164
538 138
539 157
540 143
541 148
542 140
543 132
544 127
545 157
546 165
547 151
548 164
549 138
550 138
551 121
552 117
553 129
554 140
555 134
556 139
557 120
558 129
559 103
560 137
561 119
562 131
563 107
564 81
565 96
566 93
567 93
568 85
569 77
570 75
571 82
572 84
573 88
574 66
575 70
576 82
577 69
578 66
579 76
580 85
581 78
582 72
583 79
584 65
585 50
586 72
587 65
588 55
589 69
590 70
591 60
592 64
593 84
594 58
595 72
596 62
597 61
598 64
599 64
600 79
601 67
602 61
603 74
604 48
605 54
606 51
607 49
608 48
609 58
610 52
611 55
612 44
613 47
614 60
615 51
616 55
617 63
618 61
619 73
620 61
621 45
622 53
623 44
624 41
625 48
626 48
627 43
628 34
629 47
630 43
631 48
632 44
633 41
634 36
635 35
636 39
637 33
638 35
639 35
640 43
641 36
642 37
643 59
644 42
645 40
646 40
647 42
648 36
649 29
650 40
651 39
652 27
653 34
654 40
655 35
656 33
657 35
658 37
659 25
660 19
661 22
662 32
663 24
664 31
665 30
666 38
667 48
668 31
669 44
670 47
671 38
672 56
673 43
674 55
675 44
676 54
677 45
678 45
679 46
680 45
681 43
682 50
683 63
684 57
685 55
686 62
687 61
688 56
689 76
690 59
691 63
692 90
693 70
694 70
695 71
696 87
697 100
698 75
699 75
700 71
701 92
702 102
703 84
704 71
705 65
706 66
707 72
708 75
709 61
710 82
711 65
712 66
713 73
714 75
715 79
716 77
717 86
718 100
719 93
720 104
721 92
722 84
723 107
724 105
725 111
726 105
727 135
728 105
729 121
730 118
731 122
732 122
733 112
734 116
735 115
736 116
737 121
738 91
739 86
740 97
741 87
742 92
743 97
744 98
745 93
746 95
747 80
748 74
749 90
750 78
751 82
752 86
753 82
754 83
755 76
756 86
757 71
758 75
759 68
760 72
761 71
762 58
763 58
764 48
765 41
766 61
767 37
768 34
769 24
770 33
771 22
772 33
773 29
774 22
775 21
776 17
777 26
778 27
779 38
780 24
781 25
782 24
783 22
784 23
785 23
786 23
787 22
788 24
789 28
790 26
791 23
792 22
793 28
794 17
795 20
796 25
797 16
798 22
799 20
800 18
801 24
802 18
803 22
804 19
805 10
806 14
807 19
808 21
809 26
810 20
811 15
812 20
813 15
814 16
815 16
816 19
817 15
818 19
819 17
820 11
821 17
822 13
823 8
824 11
825 19
826 17
827 19
828 22
829 6
830 15
831 20
832 22
833 28
834 19
835 25
836 16
837 17
838 21
839 16
840 17
841 13
842 24
843 15
844 17
845 22
846 23
847 31
848 24
849 27
850 22
851 30
852 21
853 19
854 19
855 14
856 7
857 21
858 19
859 25
860 22
861 20
862 21
863 22
864 21
865 22
866 18
867 28
868 16
869 18
870 14
871 15
872 15
873 19
874 20
875 21
876 21
877 26
878 25
879 19
880 26
881 25
882 25
883 30
884 41
885 41
886 34
887 25
888 26
889 32
890 34
891 30
892 29
893 39
894 30
895 27
896 36
897 38
898 40
899 28
900 33
901 31
902 43
903 47
904 30
905 34
906 40
907 30
908 36
909 26
910 34
911 34
912 35
913 14
914 22
915 21
916 26
917 19
918 23
919 23
920 22
921 25
922 18
923 21
924 13
925 18
926 19
927 17
928 23
929 13
930 25
931 26
932 30
933 22
934 23
935 21
936 14
937 22
938 17
939 20
940 21
941 15
942 11
943 28
944 23
945 25
946 17
947 21
948 19
949 16
950 21
951 19
952 24
953 23
954 20
955 21
956 9
957 21
958 11
959 17
960 15
961 11
962 9
963 13
964 15
965 17
966 14
967 21
968 15
969 17
970 18
971 13
972 21
973 15
974 12
975 12
976 21
977 13
978 13
979 18
980 8
981 10
982 13
983 17
984 8
985 10
986 9
987 12
988 11
989 14
990 17
991 15
992 17
993 8
994 11
995 17
996 9
997 12
998 6
999 8
1000 19
1001 10
1002 5
1003 10
1004 8
1005 12
1006 5
1007 12
1008 3
1009 12
1010 9
1011 14
1012 7
1013 7
1014 8
1015 9
1016 6
1017 12
1018 19
1019 11
1020 9
1021 10
1022 10
1023 12
1024 15
1025 8
1026 7
1027 13
1028 12
1029 20
1030 13
1031 15
1032 16
1033 9
1034 18
1035 8
1036 12
1037 16
1038 17
1039 13
1040 10
1041 13
1042 10
1043 10
1044 7
1045 4
1046 3
1047 10
1048 13
1049 15
1050 8
1051 10
1052 6
1053 7
1054 8
1055 11
1056 13
1057 10
1058 10
1059 7
1060 5
1061 12
1062 10
1063 7
1064 8
1065 15
1066 11
1067 8
1068 6
1069 15
1070 12
1071 12
1072 12
1073 4
1074 11
1075 18
1076 12
1077 13
1078 22
1079 19
1080 15
1081 21
1082 13
1083 17
1084 11
1085 15
1086 17
1087 13
1088 8
1089 21
1090 15
1091 14
1092 17
1093 16
1094 21
1095 16
1096 21
1097 12
1098 9
1099 7
1100 10
1101 19
1102 14
1103 20
1104 16
1105 22
1106 16
1107 26
1108 25
1109 22
1110 26
1111 24
1112 36
1113 30
1114 28
1115 42
1116 36
1117 38
1118 27
1119 41
1120 56
1121 47
1122 47
1123 58
1124 74
1125 73
1126 91
1127 85
1128 127
1129 119
1130 118
1131 142
1132 130
1133 160
1134 165
1135 192
1136 201
1137 241
1138 226
1139 292
1140 323
1141 308
1142 350
1143 345
1144 412
1145 445
1146 503
1147 521
1148 568
1149 614
1150 640
1151 719
1152 740
1153 814
1154 848
1155 925
1156 966
1157 1023
1158 1058
1159 1236
1160 1348
1161 1402
1162 1530
1163 1584
1164 1746
1165 1854
1166 1951
1167 2148
1168 2286
1169 2285
1170 2544
1171 2685
1172 2887
1173 3100
1174 3269
1175 3459
1176 3658
1177 3837
1178 4091
1179 4138
1180 4500
1181 4708
1182 4888
1183 5223
1184 5556
1185 5752
1186 6057
1187 6374
1188 6560
1189 6922
1190 7187
1191 7644
1192 7762
1193 8129
1194 8413
1195 8877
1196 9318
1197 9552
1198 10110
1199 10403
1200 10653
1201 11195
1202 11750
1203 12215
1204 12458
1205 12864
1206 13379
1207 13506
1208 14241
1209 14312
1210 15374
1211 15709
1212 16016
1213 16316
1214 16862
1215 17257
1216 17768
1217 18228
1218 18377
1219 18800
1220 19502
1221 19769
1222 20171
1223 20236
1224 20916
1225 21288
1226 21344
1227 21965
1228 22068
1229 22812
1230 22949
1231 23225
1232 23165
1233 23865
1234 23995
1235 24352
1236 24193
1237 24332
1238 24579
1239 24855
1240 24626
1241 24927
1242 25011
1243 25010
1244 25017
1245 25251
1246 25218
1247 24932
1248 24879
1249 24872
1250 24766
1251 24847
1252 24611
1253 24423
1254 24376
1255 24261
1256 24004
1257 23506
1258 23503
1259 23410
1260 23011
1261 22653
1262 22377
1263 22086
1264 21925
1265 21224
1266 21125
1267 20814
1268 20676
1269 20221
1270 19913
1271 19472
1272 18903
1273 18461
1274 18098
1275 17927
1276 17285
1277 16725
1278 16708
1279 16100
1280 15488
1281 15053
1282 14713
1283 14001
1284 13786
1285 13313
1286 12954
1287 12396
1288 11988
1289 11699
1290 11263
1291 10671
1292 10422
1293 10164
1294 9580
1295 9332
1296 9030
1297 8448
1298 8300
1299 7792
1300 7377
1301 7417
1302 6901
1303 6574
1304 6332
1305 6052
1306 5637
1307 5498
1308 5197
1309 4953
1310 4831
1311 4581
1312 4218
1313 4004
1314 3895
1315 3684
1316 3449
1317 3275
1318 3203
1319 2922
1320 2811
1321 2568
1322 2464
1323 2367
1324 2164
1325 1992
1326 2024
1327 1815
1328 1726
1329 1648
1330 1501
1331 1466
1332 1289
1333 1205
1334 1159
1335 1053
1336 1025
1337 911
1338 910
1339 803
1340 812
1341 690
1342 658
1343 632
1344 563
1345 525
1346 471
1347 507
1348 448
1349 413
1350 394
1351 371
1352 322
1353 310
1354 268
1355 224
1356 219
1357 232
1358 189
1359 202
1360 150
1361 137
1362 159
1363 150
1364 125
1365 125
1366 110
1367 104
1368 107
1369 121
1370 100
1371 109
1372 88
1373 78
1374 65
1375 86
1376 72
1377 54
1378 79
1379 52
1380 60
1381 57
1382 53
1383 68
1384 52
1385 55
1386 48
1387 41
1388 51
1389 30
1390 54
1391 46
1392 41
1393 39
1394 34
1395 40
1396 46
1397 31
1398 43
1399 39
1400 52
1401 50
1402 52
1403 46
1404 50
1405 44
1406 44
1407 30
1408 47
1409 51
1410 53
1411 35
1412 36
1413 49
1414 46
1415 40
1416 42
1417 35
1418 31
1419 36
1420 35
1421 46
1422 37
1423 30
1424 31
1425 37
1426 36
1427 29
1428 31
1429 30
1430 24
1431 20
1432 28
1433 35
1434 24
1435 28
1436 27
1437 22
1438 25
1439 38
1440 27
1441 24
1442 23
1443 25
1444 24
1445 19
1446 17
1447 23
1448 15
1449 19
1450 16
1451 28
1452 15
1453 16
1454 22
1455 20
1456 16
1457 21
1458 18
1459 14
1460 24
1461 19
1462 23
1463 14
1464 11
1465 15
1466 8
1467 11
1468 10
1469 17
1470 12
1471 15
1472 9
1473 14
1474 10
1475 6
1476 9
1477 12
1478 14
1479 12
1480 7
1481 11
1482 14
1483 5
1484 11
1485 7
1486 10
1487 6
1488 12
1489 3
1490 9
1491 7
1492 6
1493 5
1494 9
1495 5
1496 2
1497 5
1498 7
1499 6
1500 3
1501 2
1502 4
1503 4
1504 6
1505 8
1506 2
1507 6
1508 8
1509 2
1510 6
1511 7
1512 4
1513 5
1514 4
1515 2
1516 2
1517 3
1518 6
1519 5
1520 2
1521 1
1522 3
1523 3
1524 3
1525 3
1526 4
1527 8
1528 5
1529 6
1530 5
1531 4
1532 5
1533 8
1534 4
1535 7
1536 6
1537 6
1538 8
1539 6
1540 2
1541 7
1542 6
1543 5
1544 9
1545 7
1546 8
1547 6
1548 13
1549 5
1550 8
1551 6
1552 3
1553 6
1554 4
1555 2
1556 7
1557 6
1558 5
1559 5
1560 6
1561 5
1562 4
1563 6
1564 5
1565 6
1566 5
1567 2
1568 8
1569 3
1570 1
1571 3
1572 2
1573 2
1574 4
1575 6
1576 7
1577 4
1578 2
1579 4
1580 3
1581 2
1582 5
1583 5
1584 4
1585 5
1586 5
1587 2
1588 5
1589 7
1590 3
1591 6
1592 3
1593 2
1594 9
1595 8
1596 7
1597 1
1598 3
1600 2
1601 1
1602 4
1603 5
1604 2
1605 4
1606 3
1607 6
1608 6
1609 7
1610 4
1611 2
1612 4
1613 5
1614 4
1615 1
1616 4
1617 2
1618 2
1619 4
1620 2
1621 2
1622 4
1623 4
1624 4
1625 4
1626 10
1627 3
1628 3
1629 4
1630 8
1631 5
1632 8
1633 8
1634 3
1635 4
1636 5
1637 9
1638 9
1639 2
1640 3
1641 10
1642 2
1643 4
1644 6
1645 7
1646 7
1647 5
1648 2
1649 9
1650 6
1651 5
1652 5
1653 4
1654 4
1655 1
1656 4
1657 1
1658 1
1659 4
1660 3
1661 2
1662 4
1663 1
1664 1
1665 1
1666 3
1667 1
1668 2
1669 2
1670 1
1671 4
1672 4
1673 3
1674 1
1675 2
1676 2
1678 2
1679 3
1680 1
1682 1
1683 1
1684 2
1685 2
1686 2
1687 3
1688 4
1689 3
1690 6
1692 1
1693 6
1694 2
1695 1
1696 5
1699 5
1700 4
1702 2
1703 1
1705 6
1706 4
1707 4
1708 1
1710 2
1711 3
1712 2
1713 1
1715 2
1716 3
1717 2
1718 1
1719 1
1720 5
1721 2
1722 5
1723 6
1724 3
1725 4
1726 5
1727 7
1728 2
1729 4
1730 8
1731 11
1732 5
1733 6
1734 2
1735 4
1736 5
1737 3
1738 5
1740 3
1741 1
1742 3
1743 3
1744 2
1745 3
1747 4
1748 3
1749 1
1750 2
1751 2
1752 1
1753 1
1754 2
1755 1
1756 3
1757 2
1759 1
1760 4
1762 3
1763 2
1764 3
1765 2
1766 3
1767 1
1768 1
1769 4
1772 2
1773 3
1774 1
1775 2
1776 4
1778 5
1780 1
1781 1
1782 1
1783 1
1785 1
1786 3
1788 4
1789 4
1790 2
1791 5
1792 1
1793 3
1794 2
1795 6
1796 1
1797 5
1798 1
1799 2
1800 4
1801 2
1802 1
1803 3
1804 2
1805 1
1806 1
1807 2
1808 1
1809 3
1810 1
1811 3
1812 1
1813 3
1814 2
1815 2
1816 1
1817 3
1818 1
1819 4
1820 4
1821 2
1822 1
1823 6
1825 3
1827 1
1829 1
1830 3
1832 1
1833 3
1834 4
1835 1
1836 3
1837 1
1838 4
1839 1
1840 2
1841 3
1842 3
1843 3
1844 3
1845 3
1846 3
1847 3
1848 2
1849 3
1850 7
1851 2
1852 6
1853 4
1854 8
1855 6
1856 8
1857 7
1858 3
1859 2
1860 2
1861 4
1862 1
1863 6
1864 7
1865 2
1866 4
1867 3
1868 3
1869 4
1870 2
1871 1
1872 2
1873 2
1874 1
1875 2
1876 1
1877 1
1878 2
1879 1
1882 2
1883 1
1886 3
1887 2
1889 2
1890 1
1891 1
1892 2
1893 2
1894 1
1895 2
1897 2
1898 2
1899 1
1900 1
1901 2
1902 2
1903 1
1904 1
1905 2
1906 1
1907 2
1908 2
1909 2
1910 1
1913 2
1914 2
1915 1
1916 4
1917 2
1918 2
1919 4
1920 2
1921 3
1922 4
1923 1
1924 2
1925 5
1926 3
1927 1
1928 1
1929 2
1930 2
1931 2
1932 3
1933 1
1934 1
1935 2
1937 4
1938 1
1939 1
1940 1
1941 1
1942 1
1943 1
1944 1
1945 2
1946 2
1947 2
1949 1
1950 1
1953 2
1954 2
1956 2
1957 2
1958 1
1959 1
1960 2
1961 1
1963 1
1966 1
1967 4
1969 3
1970 1
1971 1
1973 3
1974 3
1975 2
1978 2
1979 1
1980 1
1981 2
1983 2
1985 3
1986 1
1987 1
1988 2
1990 5
1991 1
1992 1
1993 3
1994 3
1995 2
1996 3
1997 1
1998 1
1999 3
2000 1
2001 2
2002 2
2003 3
2004 2
2006 1
2007 4
2010 3
2011 4
2013 3
2014 1
2015 1
2016 2
2017 3
2018 1
2020 4
2021 1
2023 3
2024 1
2025 3
2027 1
2029 1
2030 1
2031 3
2032 3
2033 3
2035 5
2037 3
2038 1
2039 1
2040 3
2041 2
2043 1
2044 2
2045 1
2046 1
2047 2
2048 2
2049 1
2050 1
2051 3
2053 2
2056 5
2057 1
2059 3
2060 1
2062 4
2063 1
2064 3
2066 1
2067 2
2069 1
2071 1
2072 3
2073 1
2074 1
2077 1
2078 2
2081 4
2082 1
2083 1
2085 1
2086 2
2087 4
2088 1
2091 3
2092 1
2093 1
2094 1
2095 3
2097 2
2098 1
2099 2
2100 1
2101 4
2102 1
2103 1
2104 1
2105 2
2106 1
2107 2
2108 3
2109 2
2110 1
2111 1
2112 1
2113 1
2114 3
2116 3
2118 1
2119 1
2120 3
2121 4
2122 1
2123 3
2124 3
2125 2
2126 3
2127 1
2128 4
2131 1
2132 1
2138 2
2140 1
2143 2
2145 1
2151 1
2152 1
2159 2
2160 1
2162 1
2163 2
2164 1
2165 1
2170 1
2171 1
2172 2
2173 1
2174 1
2175 2
2178 1
2179 1
2181 1
2182 3
2184 2
2185 6
2188 3
2189 1
2190 2
2191 2
2192 1
2193 1
2194 1
2195 1
2196 1
2198 1
2199 1
2208 3
2210 1
2212 2
2213 1
2215 2
2216 1
2219 1
2220 1
2221 1
2223 1
2224 2
2225 1
2226 3
2228 1
2229 1
2230 1
2231 4
2232 1
2234 1
2236 1
2241 1
2245 2
2246 1
2249 1
2251 2
2252 1
2253 1
2257 1
2259 1
2263 1
2264 1
2266 2
2267 1
2268 2
2273 1
2274 1
2277 2
2278 1
2279 1
2289 1
2292 1
2302 1
2310 1
2317 1
2324 1
2325 1
2326 1
2327 1
2328 1
2329 1
2330 3
2332 1
2333 2
2337 1
2338 2
2339 1
2342 2
2344 1
2345 1
2347 1
2348 3
2349 2
2353 3
2355 1
2356 2
2357 4
2358 1
2359 1
2361 1
2362 2
2363 2
2364 1
2368 1
2369 2
2370 3
2371 3
2372 4
2373 5
2374 4
2375 6
2376 6
2377 3
2378 9
2379 4
2380 4
2381 4
2382 2
2383 6
2384 3
2385 10
2386 8
2387 5
2388 3
2389 5
2390 5
2391 9
2392 13
2393 5
2394 12
2395 8
2396 9
2397 16
2398 9
2399 6
2400 17
2401 10
2402 8
2403 7
2404 11
2405 7
2406 10
2407 12
2408 16
2409 21
2410 17
2411 18
2412 18
2413 10
2414 12
2415 11
2416 12
2417 14
2418 16
2419 12
2420 13
2421 20
2422 13
2423 12
2424 10
2425 13
2426 13
2427 12
2428 18
2429 11
2430 26
2431 24
2432 24
2433 24
2434 26
2435 23
2436 23
2437 12
2438 16
2439 29
2440 16
2441 20
2442 21
2443 22
2444 23
2445 22
2446 29
2447 19
2448 20
2449 33
2450 31
2451 22
2452 21
2453 26
2454 27
2455 22
2456 23
2457 21
2458 38
2459 28
2460 33
2461 29
2462 31
2463 35
2464 25
2465 27
2466 19
2467 18
2468 29
2469 46
2470 27
2471 33
2472 33
2473 35
2474 27
2475 32
2476 31
2477 38
2478 31
2479 29
2480 40
2481 30
2482 29
2483 27
2484 27
2485 40
2486 38
2487 33
2488 39
2489 38
2490 31
2491 35
2492 27
2493 39
2494 34
2495 39
2496 38
2497 36
2498 36
2499 36
2500 45
2501 40
2502 40
2503 31
2504 40
2505 41
2506 41
2507 40
2508 38
2509 47
2510 54
2511 35
2512 40
2513 44
2514 46
2515 32
2516 50
2517 51
2518 44
2519 45
2520 33
2521 41
2522 42
2523 28
2524 40
2525 47
2526 32
2527 42
2528 42
2529 36
2530 41
2531 42
2532 23
2533 21
2534 24
2535 38
2536 25
2537 30
2538 28
2539 32
2540 30
2541 28
2542 22
2543 31
2544 20
2545 25
2546 25
2547 16
2548 24
2549 15
2550 21
2551 23
2552 27
2553 25
2554 20
2555 24
2556 23
2557 24
2558 21
2559 15
2560 13
2561 14
2562 24
2563 18
2564 22
2565 26
2566 18
2567 17
2568 12
2569 14
2570 14
2571 9
2572 9
2573 15
2574 8
2575 15
2576 12
2577 13
2578 9
2579 18
2580 3
2581 8
2582 10
2583 13
2584 8
2585 10
2586 10
2587 8
2588 10
2589 13
2590 4
2591 4
2592 7
2593 6
2594 4
2595 1
2596 11
2597 9
2598 8
2599 3
2600 7
2601 3
2602 10
2603 7
2604 13
2605 7
2606 6
2607 2
2608 6
2609 6
2610 4
2611 2
2612 3
2613 2
2614 3
2615 3
2616 2
2617 4
2618 3
2619 1
2621 5
2622 3
2624 3
2625 1
2626 3
2627 3
2628 2
2629 5
2630 2
2631 3
2632 2
2634 3
2635 1
2636 2
2637 4
2638 2
2639 3
2640 1
2641 3
2642 2
2644 3
2645 2
2646 2
2647 1
2648 1
2649 2
2650 3
2651 2
2652 3
2653 1
2654 1
2656 1
2657 3
2658 4
2660 3
2661 1
2663 3
2664 2
2665 6
2666 3
2667 2
2668 3
2669 1
2670 1
2672 2
2673 2
2677 1
2686 2
2690 1
2692 1
2694 1
2696 1
2697 2
2700 1
2701 1
2702 1
2704 1
2707 1
2710 1
2715 1
2717 1
2723 1
2724 1
2730 1
2744 1
2745 1
2768 1
2770 1
2782 1
2785 1
2786 1
2788 1
2791 1
2793 1
2798 1
2801 1
2805 2
2809 2
2811 1
2814 1
2817 2
2820 1
2821 1
2822 1
2823 1
2826 2
2827 1
2830 1
2832 1
2836 1
2839 2
2846 3
2847 1
2849 1
2851 1
2852 3
2853 1
2854 1
2855 2
2856 1
2857 1
2858 2
2859 2
2860 3
2861 1
2862 3
2864 1
2865 2
2866 4
2867 2
2868 1
2869 1
2870 2
2872 4
2873 1
2874 4
2875 1
2876 1
2877 4
2878 1
2879 1
2881 2
2882 3
2883 2
2884 1
2886 1
2887 1
2890 2
2893 3
2894 2
2895 1
2896 1
2897 2
2899 1
2900 1
2901 1
2902 1
2903 1
2904 2
2906 1
2907 2
2908 1
2909 2
2912 2
2913 3
2914 2
2915 1
2916 1
2917 1
2918 1
2919 1
2920 2
2922 2
2923 1
2924 3
2927 1
2931 2
2933 1
2934 1
2935 2
2936 1
2937 1
2938 1
2940 1
2942 2
2943 1
2946 1
2948 1
2953 2
2954 1
2959 1
2960 1
2963 1
2964 1
2965 1
2972 1
2973 1
2974 1
2976 1
2982 2
2985 2
2991 1
2995 1
3032 1
3033 1
3034 1
3038 1
3040 1
3045 1
3047 1
3049 2
3054 1
3062 1
3063 1
3066 1
3067 2
3069 2
3071 1
3079 1
3082 1
3084 1
3085 1
3089 1
3090 1
3091 3
3094 2
3095 1
3097 1
3098 2
3100 1
3104 1
3107 1
3109 1
3113 3
3114 2
3116 1
3125 2
3129 1
3132 1
3133 1
3134 2
3136 1
3138 1
3145 1
3146 1
3150 1
3152 3
3153 1
3154 2
3155 3
3156 2
3157 2
3158 1
3161 1
3162 1
3164 1
3165 1
3166 2
3167 1
3168 1
3169 3
3170 2
3172 1
3173 1
3174 1
3175 1
3178 1
3180 1
3181 2
3189 1
3200 1
3201 1
3207 1
3212 1
3215 1
3216 2
3217 1
3219 1
3221 1
3224 3
3225 1
3229 1
3231 2
3232 1
3233 1
3235 1
3239 1
3241 1
3242 1
3243 2
3245 1
3246 1
3250 1
3252 2
3254 1
3255 2
3256 2
3258 1
3259 2
3260 1
3261 1
3263 1
3264 1
3265 2
3266 1
3269 3
3270 1
3271 1
3272 1
3273 1
3276 1
3278 1
3283 1
3286 1
3290 2
3293 2
3295 1
3299 3
3300 1
3302 1
3303 1
3307 1
3308 1
3315 1
3318 4
3322 1
3323 2
3326 2
3327 2
3329 3
3331 2
3333 1
3338 1
3346 1
3349 1
3352 1
3354 1
3356 1
3358 1
3359 1
3360 1
3363 1
3364 3
3366 1
3370 1
3372 2
3373 2
3375 1
3378 1
3381 1
3386 1
3390 1
3395 1
3397 1
3399 2
3400 2
3402 1
3403 3
3406 1
3408 1
3412 1
3415 1
3418 2
3429 1
3432 1
3435 1
3447 1
3458 1
3463 1
3464 1
3466 1
3473 3
3474 1
3476 1
3477 3
3480 1
3481 1
3483 1
3487 1
3507 1
3531 1
3537 1
3540 1
3541 1
3542 1
3557 1
3576 1
3579 1
3582 1
3585 1
3586 1
3588 1
3591 1
3594 1
3595 1
3598 1
3600 1
3609 1
3617 1
3624 1
3625 1
3627 1
3628 1
3632 1
3634 1
3635 1
3637 1
3638 1
3642 1
3646 1
3650 2
3653 1
3656 1
3657 2
3660 2
3665 1
3666 1
3667 1
3668 2
3676 2
3677 1
3679 1
3684 2
3687 1
3695 1
3696 1
3700 1
3702 2
3703 2
3704 2
3705 2
3706 2
3707 2
3709 1
3710 1
3711 2
3712 2
3713 1
3714 4
3717 2
3718 1
3719 1
3720 1
3721 7
3722 2
3723 1
3724 4
3725 2
3726 1
3728 2
3729 1
3730 4
3731 1
3732 2
3734 2
3735 6
3736 5
3737 2
3738 2
3739 1
3740 3
3741 5
3742 3
3743 3
3744 6
3745 3
3746 4
3747 2
3748 4
3749 3
3750 2
3751 1
3752 2
3753 3
3755 5
3756 4
3757 1
3758 2
3759 6
3760 3
3761 2
3762 5
3764 2
3765 1
3766 3
3767 3
3768 1
3769 3
3770 2
3771 2
3772 1
3773 1
3774 5
3775 3
3777 2
3778 1
3779 4
3780 2
3781 3
3782 1
3783 2
3784 2
3785 2
3786 6
3787 5
3788 1
3790 3
3791 2
3792 1
3794 2
3795 1
3796 2
3797 2
3798 2
3799 2
3800 2
3801 1
3803 3
3804 3
3805 2
3806 3
3809 2
3810 2
3812 2
3813 2
3814 1
3815 1
3816 1
3817 2
3821 3
3825 2
3829 1
3834 1
3835 1
3842 1
3843 2
3844 2
3851 1
3857 3
3859 1
3861 1
3868 1
3871 1
3883 1
3907 2
3917 1
3978 1
3984 1
3998 1
4004 1
4005 1
4072 1
4074 1
4079 1
4082 1
4084 1
4092 1
4093 1
4095 1
4100 1
4103 1
4110 1
4111 1
4112 1
4117 1
4119 1
4122 1
4123 1
4126 1
4127 1
4128 4
4130 1
4131 1
4132 1
4133 4
4136 2
4137 2
4138 2
4143 3
4144 1
4147 2
4148 1
4149 3
4150 1
4152 2
4154 1
4156 2
4161 3
4162 1
4164 1
4167 1
4170 2
4171 1
4178 1
4181 1
4183 2
4186 1
4188 1
4189 1
4190 1
4191 1
4192 1
4193 1
4195 1
4196 1
4197 1
4200 2
4201 1
4207 1
4208 2
4210 2
4211 1
4212 1
4213 1
4216 2
4220 1
4221 1
4222 1
4224 1
4228 3
4229 1
4230 2
4232 3
4235 2
4238 2
4242 1
4244 1
4246 2
4247 1
4248 2
4249 1
4250 1
4253 2
4256 1
4258 3
4260 2
4261 3
4263 1
4264 1
4293 1
4295 1
4298 1
4331 1
4334 1
4341 1
4344 1
4346 1
4784 2
4786 2
4790 1
4793 1
4794 1
4799 1
4806 1
4811 1
4813 1
4817 2
4818 1
4842 1
4854 1
4857 1
4859 2
4860 2
4861 2
4863 1
4871 1
4905 1
4919 1
4923 1
4925 1
4926 2
4933 1
4937 1
4938 2
4940 1
4941 2
4942 2
4947 1
4951 2
4952 2
4953 2
4957 1
4958 1
4964 1
4965 1
4969 1
4974 1
4982 1
4987 1
4990 1
4992 2
5005 2
5006 1
5008 1
5028 1
5038 1
5040 2
5041 1
5045 1
5046 1
5053 1
5060 1
5083 1
5096 1
5098 1
5113 1
5116 1
5119 1
5749 1
5761 1
5774 1
5920 1
5922 1
5931 1
6052 1
6179 1
6219 1
6225 1
6234 1
6240 1
6241 1
6249 1
6263 1
6274 1
6280 1
6281 1
6283 1
6290 1
6291 1
6293 1
6297 1
6298 3
6305 1
6317 1
6348 1
6355 1
7359 1
7466 1
7472 1
7480 1
7495 1
7507 1
7523 1
7524 1
7527 1
7530 1
7531 1
7541 1
7542 1
7543 1
7547 2
7549 1
7562 1
7565 1
7567 1
7569 1
7576 2
7589 1
7595 1
7620 1
7621 1
7629 1
7866 1
7867 1
7889 1
7904 1
7911 1
7918 1
7922 1
7923 1
7925 1
7944 1
7958 1
8537 1
8564 1
8578 1
8702 1
8738 1
9901 1
9956 2
10001 14
