1 16139852
2 5359814
3 3323228
4 2902916
5 2742606
6 2511949
7 2191565
8 1847447
9 1497145
10 1221312
11 1011510
12 866322
13 774120
14 724793
15 690757
16 673509
17 659608
18 636388
19 607465
20 567902
21 520676
22 469412
23 409361
24 350173
25 291583
26 235731
27 182990
28 140380
29 103953
30 75395
31 53162
32 37109
33 25781
34 16883
35 11631
36 8172
37 5782
38 4489
39 3623
40 2855
41 2473
42 2247
43 2077
44 2018
45 1883
46 1749
47 1635
48 1580
49 1519
50 1341
51 1256
52 1192
53 1064
54 1044
55 1017
56 870
57 825
58 714
59 806
60 816
61 713
62 728
63 684
64 711
65 608
66 567
67 644
68 605
69 606
70 616
71 607
72 575
73 521
74 456
75 437
76 414
77 428
78 442
79 455
80 500
81 522
82 624
83 764
84 861
85 1045
86 1366
87 1664
88 2307
89 2974
90 3780
91 4945
92 6405
93 7944
94 9894
95 12513
96 15288
97 18344
98 22044
99 26191
100 31321
101 36881
102 43113
103 49367
104 56977
105 65072
106 73132
107 82013
108 91516
109 100610
110 110090
111 119491
112 129562
113 138779
114 147985
115 156449
116 163418
117 170950
118 175531
119 181493
120 185193
121 188096
122 189113
123 188073
124 186023
125 184383
126 180552
127 176719
128 170960
129 164735
130 157838
131 149786
132 141042
133 131427
134 123804
135 113776
136 104145
137 96016
138 86853
139 78670
140 70801
141 62566
142 55997
143 49866
144 42933
145 37367
146 32072
147 27697
148 23755
149 19981
150 17122
151 14290
152 11963
153 9853
154 8047
155 6655
156 5396
157 4281
158 3609
159 2899
160 2384
161 1907
162 1572
163 1130
164 871
165 658
166 589
167 458
168 349
169 284
170 222
171 182
172 136
173 130
174 122
175 111
176 117
177 119
178 76
179 94
180 106
181 75
182 62
183 57
184 62
185 43
186 36
187 46
188 42
189 43
190 36
191 46
192 41
193 49
194 50
195 46
196 52
197 61
198 42
199 49
200 72
201 66
202 70
203 78
204 86
205 90
206 99
207 128
208 131
209 136
210 176
211 178
212 198
213 245
214 253
215 300
216 298
217 307
218 299
219 330
220 318
221 370
222 369
223 357
224 399
225 422
226 454
227 446
228 502
229 529
230 552
231 547
232 558
233 550
234 591
235 614
236 583
237 636
238 624
239 658
240 629
241 679
242 636
243 679
244 664
245 647
246 721
247 674
248 708
249 651
250 657
251 673
252 610
253 640
254 614
255 596
256 580
257 531
258 559
259 520
260 509
261 518
262 434
263 445
264 425
265 376
266 383
267 359
268 316
269 323
270 293
271 291
272 271
273 244
274 246
275 204
276 220
277 195
278 202
279 167
280 144
281 153
282 117
283 128
284 101
285 92
286 100
287 102
288 91
289 69
290 70
291 60
292 56
293 64
294 39
295 40
296 47
297 54
298 50
299 46
300 47
301 42
302 36
303 51
304 49
305 59
306 42
307 53
308 58
309 55
310 65
311 50
312 66
313 69
314 66
315 68
316 71
317 76
318 77
319 112
320 126
321 109
322 112
323 129
324 131
325 157
326 152
327 174
328 171
329 172
330 138
331 196
332 189
333 188
334 220
335 216
336 175
337 195
338 196
339 200
340 179
341 210
342 184
343 238
344 203
345 188
346 210
347 204
348 209
349 198
350 206
351 206
352 227
353 229
354 222
355 202
356 205
357 196
358 180
359 198
360 214
361 197
362 178
363 178
364 179
365 174
366 178
367 165
368 149
369 144
370 111
371 131
372 118
373 142
374 129
375 144
376 144
377 121
378 119
379 133
380 116
381 109
382 115
383 122
384 111
385 106
386 71
387 95
388 80
389 79
390 78
391 69
392 59
393 58
394 49
395 56
396 55
397 56
398 46
399 46
400 33
401 30
402 40
403 40
404 21
405 24
406 15
407 19
408 16
409 20
410 15
411 16
412 14
413 5
414 8
415 13
416 7
417 14
418 13
419 7
420 13
421 15
422 16
423 14
424 18
425 18
426 18
427 14
428 18
429 15
430 21
431 19
432 20
433 23
434 24
435 29
436 30
437 28
438 28
439 25
440 34
441 35
442 38
443 45
444 38
445 30
446 39
447 51
448 44
449 40
450 36
451 39
452 33
453 43
454 41
455 56
456 48
457 56
458 52
459 45
460 57
461 54
462 61
463 63
464 65
465 68
466 70
467 58
468 71
469 71
470 93
471 62
472 73
473 89
474 94
475 96
476 84
477 93
478 98
479 75
480 85
481 83
482 88
483 100
484 82
485 90
486 86
487 63
488 87
489 71
490 72
491 67
492 50
493 70
494 53
495 66
496 69
497 56
498 74
499 72
500 68
501 70
502 60
503 51
504 57
505 44
506 49
507 46
508 52
509 52
510 56
511 59
512 60
513 53
514 65
515 60
516 64
517 66
518 88
519 71
520 72
521 69
522 75
523 67
524 59
525 57
526 47
527 28
528 37
529 44
530 28
531 46
532 46
533 31
534 40
535 43
536 26
537 35
538 32
539 29
540 20
541 27
542 19
543 27
544 18
545 24
546 18
547 24
548 20
549 26
550 19
551 16
552 28
553 20
554 26
555 26
556 25
557 28
558 32
559 27
560 34
561 31
562 25
563 30
564 37
565 22
566 30
567 38
568 43
569 39
570 26
571 33
572 44
573 42
574 37
575 25
576 37
577 34
578 36
579 24
580 22
581 30
582 34
583 43
584 33
585 36
586 35
587 26
588 40
589 21
590 18
591 22
592 20
593 35
594 21
595 29
596 28
597 35
598 39
599 34
600 41
601 53
602 45
603 37
604 44
605 37
606 39
607 41
608 26
609 38
610 29
611 37
612 43
613 42
614 46
615 48
616 43
617 42
618 34
619 34
620 26
621 32
622 35
623 30
624 37
625 45
626 54
627 44
628 38
629 45
630 38
631 43
632 37
633 39
634 33
635 45
636 28
637 43
638 32
639 22
640 30
641 34
642 34
643 41
644 30
645 28
646 32
647 31
648 27
649 30
650 20
651 35
652 21
653 27
654 28
655 16
656 35
657 28
658 24
659 16
660 27
661 26
662 34
663 26
664 28
665 25
666 23
667 20
668 13
669 17
670 20
671 17
672 20
673 17
674 19
675 27
676 16
677 22
678 28
679 19
680 25
681 20
682 24
683 23
684 37
685 14
686 29
687 30
688 34
689 32
690 29
691 19
692 44
693 28
694 37
695 30
696 27
697 32
698 23
699 23
700 32
701 30
702 30
703 27
704 22
705 27
706 23
707 20
708 30
709 32
710 28
711 22
712 16
713 30
714 30
715 31
716 30
717 18
718 21
719 21
720 26
721 20
722 27
723 24
724 25
725 22
726 24
727 27
728 27
729 24
730 32
731 29
732 38
733 25
734 36
735 37
736 28
737 25
738 24
739 27
740 24
741 26
742 26
743 20
744 19
745 17
746 21
747 18
748 23
749 24
750 27
751 27
752 21
753 16
754 26
755 14
756 17
757 9
758 14
759 16
760 15
761 14
762 9
763 9
764 9
765 7
766 8
767 11
768 9
769 9
770 14
771 4
772 11
773 4
774 8
775 4
776 10
777 2
778 5
779 3
780 5
781 2
782 6
783 2
784 3
785 6
786 4
787 3
788 5
789 3
790 1
791 2
792 2
793 3
794 2
795 3
796 2
797 6
798 3
799 5
800 4
801 8
802 4
803 8
804 4
805 4
806 1
807 1
808 7
809 4
810 3
811 5
812 2
813 4
814 3
815 2
816 6
817 7
818 2
819 1
820 3
821 2
822 5
823 6
824 7
825 3
826 4
827 3
828 4
829 4
830 1
831 3
832 5
833 9
834 2
835 5
836 2
837 5
838 3
839 2
840 4
841 3
842 6
843 4
844 2
845 1
846 4
847 4
848 5
849 3
850 1
851 2
852 1
853 2
855 1
857 1
859 2
861 2
862 1
863 3
864 1
865 2
866 1
868 1
869 2
870 2
871 1
872 1
874 2
875 2
876 1
878 3
879 2
880 1
881 1
883 4
884 2
888 2
889 1
890 5
892 2
893 2
894 4
895 10
896 3
897 6
898 5
899 3
900 3
901 8
902 2
903 4
904 2
905 2
906 3
907 3
908 4
909 5
910 3
911 4
912 4
913 3
914 4
915 3
917 2
918 2
919 5
921 5
922 3
923 1
924 2
925 1
927 3
928 4
929 3
930 1
931 2
932 3
933 3
934 4
935 4
938 1
939 2
940 5
941 5
942 3
944 2
946 2
947 2
949 4
950 5
951 1
952 2
953 2
954 2
955 2
957 4
958 2
959 3
960 2
961 1
962 1
963 1
964 5
965 3
966 3
967 5
968 4
969 5
970 2
971 1
972 2
973 5
974 1
975 1
976 1
978 1
980 3
982 1
985 2
986 1
987 2
989 1
990 1
991 1
992 1
993 3
994 2
995 3
996 5
997 4
998 2
999 2
1000 4
1001 2
1002 2
1003 2
1004 2
1005 1
1006 2
1007 2
1009 1
1013 1
1014 1
1015 1
1016 1
1020 1
1021 1
1022 2
1023 2
1024 1
1025 4
1027 2
1028 2
1029 2
1031 1
1032 1
1033 4
1038 2
1039 4
1040 1
1041 3
1042 3
1043 3
1044 4
1045 7
1046 1
1047 4
1048 5
1049 2
1050 2
1051 5
1052 3
1054 1
1056 3
1058 4
1060 3
1061 4
1062 1
1063 1
1064 1
1065 3
1066 3
1067 3
1068 3
1069 6
1070 3
1071 4
1072 2
1073 2
1074 2
1075 3
1076 1
1077 4
1078 4
1079 3
1080 5
1081 3
1082 6
1083 1
1084 1
1085 1
1086 4
1087 3
1088 1
1089 4
1090 4
1091 3
1092 2
1093 2
1094 3
1095 1
1096 5
1097 2
1098 2
1099 2
1104 1
1110 1
1111 1
1112 1
1113 1
1114 1
1115 2
1118 1
1119 1
1122 1
1123 1
1124 1
1125 2
1126 2
1129 1
1130 2
1132 1
1133 2
1134 4
1135 2
1136 3
1137 4
1138 1
1139 9
1140 3
1141 2
1142 2
1143 3
1144 3
1145 3
1146 4
1147 3
1148 3
1149 1
1151 3
1152 1
1153 6
1154 4
1155 5
1156 5
1157 4
1158 3
1159 3
1160 6
1161 8
1162 2
1164 2
1165 1
1167 3
1170 3
1171 5
1172 5
1173 4
1174 3
1175 3
1176 5
1177 7
1179 1
1180 9
1181 4
1182 5
1183 5
1185 3
1186 1
1187 2
1188 2
1189 2
1190 6
1191 3
1192 5
1193 2
1194 4
1195 3
1197 3
1198 2
1199 2
1200 2
1201 3
1202 2
1203 2
1204 3
1205 3
1206 5
1207 4
1208 1
1209 1
1210 2
1211 3
1212 2
1213 2
1214 3
1215 5
1216 3
1217 5
1218 1
1219 4
1220 4
1221 3
1222 3
1223 1
1224 3
1226 1
1227 2
1228 1
1229 3
1230 1
1231 5
1232 1
1233 1
1235 2
1236 1
1237 1
1238 2
1239 1
1240 1
1241 3
1242 2
1244 1
1245 2
1246 1
1248 2
1249 1
1251 3
1255 3
1256 2
1257 3
1258 5
1259 3
1260 4
1261 2
1262 4
1263 4
1264 6
1265 2
1266 2
1267 1
1268 1
1269 1
1270 1
1271 7
1272 5
1273 3
1274 1
1275 3
1276 4
1277 4
1278 6
1279 3
1280 10
1281 7
1282 11
1283 3
1284 6
1285 4
1286 1
1287 5
1288 4
1289 11
1290 8
1291 5
1292 11
1293 7
1294 12
1295 7
1296 5
1297 6
1298 15
1299 7
1300 8
1301 8
1302 6
1303 5
1304 8
1305 6
1306 3
1307 8
1308 5
1309 8
1310 2
1311 7
1312 2
1313 6
1314 3
1315 7
1316 5
1317 4
1318 9
1319 9
1320 11
1321 2
1322 11
1323 8
1324 4
1325 4
1326 4
1327 2
1328 6
1329 5
1330 4
1331 5
1332 6
1333 2
1334 7
1335 4
1336 6
1337 8
1338 4
1339 3
1340 2
1341 3
1342 4
1343 2
1344 3
1345 2
1346 1
1348 3
1349 3
1350 4
1351 1
1353 4
1354 1
1355 1
1356 2
1357 1
1358 1
1360 3
1361 2
1363 1
1364 1
1365 4
1367 2
1368 3
1369 4
1370 4
1371 1
1372 1
1373 5
1374 5
1375 3
1376 5
1377 1
1378 3
1380 4
1382 3
1383 1
1384 1
1385 1
1386 2
1387 3
1388 2
1389 4
1390 1
1391 1
1392 7
1393 5
1394 4
1395 4
1396 1
1397 4
1398 4
1399 1
1400 5
1401 3
1402 3
1403 1
1404 2
1405 7
1406 2
1407 5
1408 2
1409 4
1410 4
1411 3
1412 1
1413 2
1414 3
1415 4
1416 2
1417 4
1418 2
1419 2
1421 2
1422 2
1423 1
1424 3
1425 3
1426 3
1427 2
1428 1
1429 2
1430 2
1431 1
1432 5
1433 1
1434 1
1435 2
1436 3
1437 2
1438 2
1439 1
1440 2
1441 1
1443 2
1446 2
1447 2
1448 2
1449 2
1452 2
1454 1
1455 1
1456 2
1457 3
1458 1
1459 1
1463 1
1466 1
1467 1
1468 2
1470 3
1471 1
1472 1
1473 1
1474 1
1475 2
1476 1
1478 1
1479 1
1483 1
1485 3
1486 1
1489 3
1490 3
1491 1
1492 3
1493 2
1494 2
1495 1
1496 3
1497 2
1498 1
1499 5
1500 8
1501 2
1502 1
1503 1
1504 5
1505 8
1506 1
1507 4
1508 3
1509 6
1510 4
1511 4
1512 5
1513 3
1514 4
1515 6
1516 4
1517 2
1518 3
1519 4
1520 5
1521 7
1523 5
1525 1
1526 3
1527 4
1528 3
1529 1
1530 6
1531 4
1532 6
1533 1
1534 6
1535 3
1536 6
1537 2
1538 5
1539 4
1540 3
1541 1
1542 5
1543 2
1544 1
1546 2
1547 6
1548 2
1549 2
1550 2
1551 2
1552 1
1554 7
1555 5
1556 3
1557 3
1558 1
1559 7
1560 4
1561 3
1562 3
1563 2
1564 2
1565 4
1566 7
1567 4
1568 2
1569 1
1570 1
1571 5
1572 3
1573 4
1574 5
1575 5
1576 6
1577 3
1578 1
1579 1
1580 6
1581 4
1582 5
1583 6
1584 3
1585 6
1586 7
1587 4
1588 2
1589 2
1590 4
1591 4
1592 1
1593 3
1594 4
1595 4
1596 3
1597 4
1598 7
1599 4
1600 3
1601 1
1602 5
1603 4
1604 2
1605 3
1606 2
1607 2
1608 4
1609 5
1610 4
1611 3
1612 6
1613 1
1614 2
1615 3
1617 2
1618 1
1619 2
1620 2
1621 1
1624 1
1625 1
1626 4
1627 2
1628 1
1630 1
1633 1
1636 1
1638 1
1639 1
1641 3
1642 2
1644 2
1645 8
1646 3
1647 3
1648 3
1649 4
1650 3
1651 4
1652 3
1653 4
1654 1
1655 3
1656 1
1659 2
1660 4
1661 4
1662 3
1663 3
1664 3
1666 2
1667 4
1668 5
1669 2
1670 4
1671 6
1672 1
1673 4
1674 3
1676 2
1678 1
1679 1
1680 1
1681 3
1682 1
1683 1
1684 1
1685 3
1686 1
1687 3
1688 2
1689 2
1690 2
1691 1
1692 1
1694 4
1695 3
1697 2
1698 4
1699 3
1700 3
1701 1
1702 1
1703 3
1704 1
1705 1
1706 2
1707 2
1709 1
1710 2
1711 7
1712 3
1713 3
1714 1
1715 2
1716 2
1717 2
1718 2
1719 1
1720 1
1721 1
1723 1
1724 1
1725 4
1726 3
1727 2
1728 1
1729 3
1730 1
1731 3
1732 1
1733 3
1734 5
1736 2
1737 2
1738 3
1740 3
1741 3
1742 1
1743 2
1744 4
1745 1
1746 5
1747 7
1748 2
1749 1
1750 4
1751 4
1752 5
1753 6
1754 6
1755 5
1756 2
1757 4
1758 4
1759 5
1760 7
1761 7
1762 7
1763 4
1764 3
1765 7
1766 5
1767 4
1768 2
1769 3
1770 1
1771 7
1772 6
1773 1
1774 4
1775 3
1776 2
1777 4
1778 4
1779 2
1780 5
1781 5
1782 2
1783 1
1784 6
1785 5
1786 2
1787 6
1788 3
1789 3
1790 3
1791 5
1792 6
1793 5
1794 1
1795 1
1796 6
1797 4
1798 3
1799 3
1801 1
1802 2
1803 2
1805 6
1806 4
1807 4
1808 2
1809 4
1810 7
1811 2
1812 8
1813 1
1814 5
1815 1
1816 1
1817 2
1818 2
1819 3
1820 1
1821 3
1822 2
1823 2
1824 4
1825 3
1826 4
1827 4
1828 2
1830 2
1831 3
1832 4
1833 2
1834 1
1836 1
1838 1
1839 2
1843 1
1844 1
1845 2
1846 2
1852 1
1853 1
1856 1
1860 1
1867 2
1868 1
1870 1
1871 2
1872 3
1873 1
1875 2
1876 1
1877 1
1880 1
1882 1
1883 1
1885 1
1886 1
1888 1
1889 1
1890 1
1891 1
1892 4
1893 2
1894 1
1895 2
1896 1
1897 3
1898 1
1900 1
1901 2
1903 1
1906 1
1909 2
1910 2
1911 2
1912 4
1913 2
1914 2
1915 2
1916 2
1917 2
1918 2
1919 1
1920 3
1921 2
1922 5
1923 2
1924 6
1925 5
1926 3
1927 2
1929 3
1930 1
1931 1
1932 4
1933 2
1934 4
1935 1
1936 4
1937 1
1938 3
1939 2
1940 5
1942 2
1943 2
1944 2
1945 3
1946 2
1947 1
1948 6
1949 1
1950 4
1951 1
1953 4
1954 3
1955 2
1956 2
1957 1
1958 4
1959 3
1960 2
1961 4
1962 5
1963 1
1964 2
1965 4
1966 2
1967 3
1968 4
1969 3
1971 3
1972 5
1974 5
1975 2
1976 1
1978 5
1979 3
1980 4
1982 4
1983 4
1984 1
1986 1
1987 2
1988 1
1989 2
1990 2
1991 2
1992 1
1993 1
1994 1
1996 1
1997 1
1998 4
1999 1
2000 1
2001 1
2002 2
2004 2
2005 1
2006 2
2007 1
2008 2
2012 3
2013 2
2015 1
2018 2
2039 2
2043 3
2044 2
2046 2
2047 1
2048 2
2049 1
2050 3
2051 4
2053 2
2054 3
2055 1
2056 1
2057 3
2058 2
2059 2
2060 3
2061 2
2062 2
2063 3
2064 1
2065 2
2068 4
2069 1
2070 1
2071 1
2072 1
2073 1
2074 4
2075 2
2077 1
2080 1
2081 1
2083 1
2085 2
2088 1
2089 1
2092 1
2095 1
2105 1
2107 1
2109 2
2111 2
2114 1
2115 1
2116 2
2118 1
2125 2
2128 1
2129 2
2131 3
2132 1
2134 3
2136 3
2137 1
2138 2
2139 4
2141 8
2142 2
2150 2
2153 1
2154 1
2162 1
2195 1
2207 1
2215 1
2216 2
2219 1
2343 1
2360 1
2446 1
2447 1
2450 1
2563 1
2701 1
2730 1
2734 1
2810 1
2814 1
2816 1
2819 3
2824 3
2826 1
2827 1
2831 1
2867 1
2900 1
2931 1
2934 1
2939 1
2941 2
2944 1
2949 1
2955 1
2957 1
3044 1
3189 2
3193 1
3196 1
3197 1
3198 2
3200 1
3204 1
3242 1
3249 1
3312 1
3325 1
3332 1
3366 1
3441 1
3574 1
3597 1
4039 1
4062 1
4064 1
4065 1
4136 1
4145 1
4146 1
4149 1
4152 1
4157 1
4159 1
4285 1
4295 1
4369 1
4382 1
4468 1
4477 1
4487 1
4488 1
4496 1
4499 1
4504 1
4641 1
4658 1
4659 1
4727 1
4852 1
4937 1
4947 2
4948 1
4950 1
4959 1
5007 1
5071 1
5212 1
5657 1
