1 22614984
2 11374651
3 6278720
4 3454067
5 2044387
6 1465562
7 1230026
8 1067116
9 898976
10 728447
11 582784
12 479173
13 433975
14 435696
15 474226
16 537238
17 611075
18 680526
19 738154
20 778902
21 801951
22 801057
23 792007
24 766531
25 736952
26 702162
27 670179
28 638071
29 612696
30 594710
31 578004
32 562890
33 551208
34 535254
35 517774
36 497630
37 469637
38 440092
39 402529
40 367393
41 328836
42 292292
43 258630
44 228815
45 203637
46 182340
47 165995
48 154439
49 145876
50 140614
51 137708
52 137456
53 138387
54 140031
55 140465
56 141168
57 141096
58 140881
59 139176
60 137476
61 136646
62 137154
63 136785
64 137543
65 138796
66 141877
67 144795
68 148395
69 153004
70 157497
71 160698
72 164696
73 167684
74 169334
75 169849
76 169685
77 167118
78 164867
79 160410
80 157406
81 153388
82 149772
83 146262
84 144238
85 143443
86 142949
87 142484
88 144570
89 146526
90 148591
91 151310
92 153643
93 157160
94 159748
95 161136
96 162040
97 162865
98 161573
99 159992
100 156148
101 151079
102 145255
103 139050
104 131163
105 123591
106 114909
107 105917
108 97571
109 87489
110 78633
111 69760
112 61867
113 54489
114 46972
115 40614
116 34627
117 29594
118 24589
119 20506
120 17018
121 14181
122 11639
123 9497
124 7751
125 6406
126 5322
127 4345
128 3538
129 2993
130 2392
131 2059
132 1651
133 1512
134 1381
135 1232
136 1202
137 1219
138 1150
139 1113
140 1057
141 1078
142 1053
143 1018
144 1018
145 1026
146 1083
147 1102
148 1057
149 1075
150 1118
151 1036
152 994
153 1043
154 1027
155 897
156 823
157 825
158 785
159 745
160 741
161 717
162 719
163 678
164 662
165 700
166 621
167 543
168 558
169 509
170 507
171 417
172 446
173 370
174 357
175 397
176 380
177 348
178 365
179 366
180 396
181 395
182 395
183 377
184 394
185 418
186 418
187 431
188 370
189 399
190 471
191 461
192 458
193 514
194 456
195 523
196 522
197 483
198 459
199 456
200 487
201 427
202 501
203 472
204 468
205 462
206 518
207 467
208 430
209 458
210 505
211 479
212 434
213 457
214 472
215 480
216 459
217 407
218 418
219 385
220 416
221 389
222 421
223 402
224 325
225 376
226 307
227 320
228 307
229 306
230 263
231 261
232 249
233 265
234 257
235 225
236 201
237 210
238 190
239 192
240 193
241 173
242 167
243 151
244 140
245 136
246 132
247 126
248 134
249 112
250 121
251 93
252 82
253 89
254 81
255 75
256 91
257 58
258 60
259 88
260 71
261 87
262 92
263 72
264 99
265 98
266 102
267 96
268 127
269 119
270 140
271 116
272 138
273 103
274 104
275 117
276 130
277 117
278 153
279 169
280 146
281 184
282 194
283 207
284 230
285 226
286 226
287 274
288 249
289 222
290 227
291 217
292 208
293 243
294 237
295 224
296 194
297 235
298 252
299 227
300 215
301 192
302 217
303 205
304 181
305 193
306 206
307 187
308 175
309 152
310 172
311 166
312 172
313 148
314 158
315 157
316 122
317 134
318 124
319 139
320 148
321 126
322 150
323 144
324 156
325 128
326 120
327 146
328 121
329 138
330 119
331 103
332 130
333 143
334 116
335 123
336 116
337 87
338 91
339 120
340 110
341 108
342 81
343 82
344 95
345 72
346 73
347 55
348 63
349 82
350 99
351 91
352 76
353 97
354 92
355 95
356 72
357 64
358 71
359 59
360 67
361 62
362 51
363 55
364 38
365 31
366 34
367 31
368 36
369 44
370 50
371 40
372 47
373 44
374 46
375 42
376 42
377 43
378 44
379 45
380 52
381 41
382 42
383 50
384 56
385 62
386 51
387 50
388 44
389 45
390 34
391 31
392 34
393 37
394 34
395 44
396 31
397 47
398 28
399 33
400 35
401 27
402 28
403 26
404 18
405 30
406 19
407 23
408 36
409 27
410 19
411 21
412 18
413 17
414 23
415 27
416 28
417 15
418 19
419 16
420 11
421 20
422 27
423 17
424 17
425 18
426 19
427 25
428 14
429 21
430 20
431 20
432 26
433 40
434 26
435 36
436 26
437 24
438 48
439 29
440 33
441 37
442 54
443 61
444 57
445 56
446 61
447 72
448 73
449 91
450 77
451 94
452 119
453 166
454 197
455 198
456 230
457 237
458 307
459 335
460 364
461 406
462 483
463 503
464 660
465 739
466 833
467 954
468 1100
469 1199
470 1321
471 1484
472 1648
473 1938
474 2083
475 2360
476 2642
477 2996
478 3237
479 3457
480 3873
481 4211
482 4601
483 5017
484 5513
485 5999
486 6497
487 6932
488 7559
489 8389
490 9196
491 9720
492 10243
493 11354
494 12098
495 12707
496 13795
497 14575
498 15333
499 16360
500 17415
501 18328
502 19391
503 20586
504 21659
505 22844
506 23558
507 24813
508 25930
509 27032
510 28797
511 29609
512 30484
513 31580
514 33058
515 33999
516 35127
517 36160
518 36737
519 37884
520 39044
521 40052
522 41232
523 42195
524 42976
525 43569
526 44208
527 45298
528 46031
529 46897
530 47305
531 48419
532 48923
533 49366
534 49541
535 50684
536 51020
537 51637
538 51914
539 52709
540 53301
541 53868
542 54408
543 54805
544 55242
545 55828
546 56662
547 57344
548 57414
549 58124
550 58493
551 59109
552 59538
553 60029
554 60738
555 61664
556 61541
557 61729
558 62259
559 62866
560 63661
561 63510
562 64297
563 64333
564 64472
565 65341
566 65278
567 65191
568 65781
569 65613
570 65847
571 65295
572 65526
573 64926
574 64900
575 64068
576 64255
577 64004
578 63184
579 62404
580 61521
581 60697
582 60489
583 59014
584 58279
585 56929
586 55774
587 55088
588 53565
589 52047
590 50671
591 49629
592 47705
593 46471
594 44919
595 43440
596 41789
597 40321
598 38788
599 37210
600 36046
601 34100
602 32643
603 31097
604 29907
605 28581
606 27234
607 26151
608 24635
609 23303
610 21872
611 20442
612 19791
613 18414
614 17620
615 16191
616 15351
617 14189
618 13222
619 12449
620 11725
621 10645
622 10150
623 9226
624 8536
625 7784
626 7236
627 6657
628 6046
629 5629
630 4995
631 4528
632 4169
633 3757
634 3305
635 2912
636 2751
637 2556
638 2109
639 1984
640 1801
641 1737
642 1465
643 1295
644 1143
645 1085
646 931
647 932
648 755
649 655
650 602
651 521
652 445
653 396
654 329
655 327
656 276
657 242
658 209
659 184
660 156
661 150
662 122
663 109
664 107
665 74
666 76
667 68
668 58
669 60
670 42
671 46
672 44
673 44
674 30
675 48
676 33
677 32
678 32
679 25
680 30
681 27
682 22
683 37
684 30
685 32
686 34
687 36
688 28
689 38
690 34
691 27
692 36
693 22
694 32
695 30
696 33
697 42
698 27
699 39
700 36
701 48
702 25
703 28
704 31
705 27
706 21
707 27
708 29
709 26
710 27
711 25
712 28
713 30
714 25
715 34
716 32
717 42
718 32
719 25
720 25
721 42
722 27
723 30
724 29
725 21
726 24
727 19
728 27
729 33
730 33
731 27
732 17
733 18
734 26
735 23
736 16
737 27
738 15
739 27
740 18
741 21
742 19
743 19
744 27
745 36
746 27
747 24
748 25
749 27
750 22
751 29
752 29
753 29
754 33
755 21
756 15
757 30
758 20
759 20
760 14
761 17
762 23
763 22
764 24
765 24
766 16
767 25
768 22
769 20
770 23
771 21
772 26
773 21
774 20
775 22
776 27
777 17
778 25
779 22
780 23
781 21
782 20
783 15
784 24
785 19
786 23
787 23
788 19
789 27
790 23
791 26
792 23
793 29
794 29
795 9
796 19
797 22
798 12
799 20
800 20
801 19
802 15
803 14
804 13
805 17
806 17
807 18
808 11
809 17
810 18
811 11
812 19
813 15
814 27
815 18
816 13
817 12
818 21
819 17
820 14
821 13
822 17
823 14
824 21
825 15
826 22
827 18
828 18
829 18
830 15
831 15
832 17
833 19
834 15
835 10
836 10
837 8
838 7
839 8
840 6
841 15
842 8
843 9
844 13
845 11
846 7
847 15
848 15
849 18
850 11
851 12
852 9
853 17
854 18
855 17
856 13
857 11
858 9
859 18
860 11
861 13
862 10
863 12
864 10
865 8
866 9
867 4
868 12
869 11
870 4
871 7
872 10
873 7
874 12
875 6
876 17
877 7
878 7
879 9
880 6
881 8
882 7
883 9
884 9
885 6
886 9
887 8
888 7
889 8
890 7
891 5
892 2
893 4
894 2
895 4
896 4
897 3
898 3
899 7
900 9
901 5
902 4
903 8
904 3
905 5
906 4
907 3
908 5
909 4
910 2
911 3
912 4
913 5
914 5
915 5
916 5
917 7
918 9
919 7
920 8
921 2
922 4
923 8
924 9
925 11
926 3
927 11
928 8
929 10
930 7
931 5
932 4
934 7
935 6
936 5
937 3
938 3
939 5
940 3
941 7
942 8
943 6
944 3
945 6
946 3
947 6
948 2
949 4
950 3
952 2
953 6
954 2
955 3
956 5
957 1
958 2
959 4
960 4
961 2
962 5
963 2
964 3
965 5
966 3
968 2
969 4
970 4
971 5
972 7
973 6
974 4
975 8
976 7
977 7
978 10
979 7
980 7
981 14
982 20
983 12
984 9
985 17
986 15
987 20
988 17
989 9
990 22
991 18
992 32
993 28
994 18
995 31
996 33
997 21
998 44
999 26
1000 49
1001 36
1002 44
1003 46
1004 41
1005 57
1006 46
1007 58
1008 46
1009 53
1010 61
1011 79
1012 71
1013 96
1014 95
1015 85
1016 73
1017 87
1018 96
1019 118
1020 86
1021 111
1022 106
1023 116
1024 131
1025 95
1026 127
1027 147
1028 144
1029 142
1030 131
1031 142
1032 138
1033 152
1034 146
1035 157
1036 142
1037 155
1038 181
1039 157
1040 150
1041 195
1042 191
1043 184
1044 194
1045 191
1046 198
1047 180
1048 182
1049 185
1050 199
1051 180
1052 216
1053 222
1054 221
1055 174
1056 200
1057 194
1058 192
1059 199
1060 192
1061 219
1062 232
1063 215
1064 197
1065 195
1066 207
1067 207
1068 176
1069 186
1070 188
1071 192
1072 191
1073 177
1074 176
1075 196
1076 195
1077 169
1078 191
1079 176
1080 167
1081 158
1082 164
1083 174
1084 142
1085 114
1086 154
1087 146
1088 135
1089 125
1090 143
1091 124
1092 121
1093 128
1094 120
1095 147
1096 139
1097 142
1098 151
1099 119
1100 137
1101 153
1102 130
1103 156
1104 129
1105 163
1106 152
1107 146
1108 164
1109 150
1110 140
1111 147
1112 161
1113 137
1114 160
1115 140
1116 147
1117 160
1118 137
1119 150
1120 152
1121 156
1122 176
1123 166
1124 161
1125 141
1126 165
1127 162
1128 151
1129 154
1130 151
1131 169
1132 172
1133 158
1134 187
1135 166
1136 187
1137 177
1138 174
1139 208
1140 202
1141 184
1142 180
1143 223
1144 196
1145 216
1146 204
1147 210
1148 223
1149 205
1150 184
1151 191
1152 183
1153 197
1154 186
1155 193
1156 209
1157 181
1158 199
1159 212
1160 204
1161 202
1162 214
1163 196
1164 181
1165 225
1166 195
1167 193
1168 206
1169 222
1170 192
1171 222
1172 190
1173 201
1174 185
1175 203
1176 150
1177 165
1178 171
1179 174
1180 142
1181 168
1182 162
1183 135
1184 137
1185 123
1186 117
1187 149
1188 99
1189 92
1190 101
1191 121
1192 103
1193 109
1194 91
1195 90
1196 88
1197 93
1198 92
1199 84
1200 87
1201 66
1202 88
1203 51
1204 63
1205 66
1206 52
1207 46
1208 70
1209 41
1210 57
1211 54
1212 40
1213 50
1214 44
1215 46
1216 40
1217 53
1218 44
1219 37
1220 42
1221 42
1222 31
1223 32
1224 32
1225 36
1226 39
1227 40
1228 33
1229 24
1230 23
1231 28
1232 22
1233 16
1234 17
1235 24
1236 14
1237 13
1238 22
1239 25
1240 24
1241 23
1242 19
1243 20
1244 17
1245 21
1246 19
1247 14
1248 12
1249 19
1250 20
1251 19
1252 14
1253 14
1254 14
1255 13
1256 10
1257 4
1258 13
1259 12
1260 6
1261 11
1262 5
1263 10
1264 13
1265 13
1266 7
1267 7
1268 7
1269 8
1270 7
1271 9
1272 6
1273 6
1274 9
1275 5
1276 10
1277 4
1278 7
1279 6
1280 6
1281 3
1282 3
1283 4
1284 6
1285 4
1286 2
1287 6
1288 8
1289 13
1290 9
1291 3
1292 5
1293 8
1294 8
1295 6
1296 7
1297 4
1298 5
1299 9
1300 8
1301 10
1302 3
1303 9
1304 7
1305 7
1306 6
1307 8
1308 6
1309 7
1310 7
1311 8
1312 9
1313 4
1314 9
1315 8
1316 8
1317 10
1318 12
1319 6
1320 6
1321 3
1322 5
1323 6
1324 6
1325 8
1326 3
1327 9
1328 6
1329 10
1330 6
1331 5
1332 8
1333 10
1334 13
1335 6
1336 11
1337 7
1338 7
1339 5
1340 6
1341 2
1342 3
1343 2
1344 10
1345 6
1346 2
1347 10
1348 6
1349 7
1350 4
1351 8
1352 7
1353 5
1354 6
1355 4
1356 5
1357 5
1358 6
1359 6
1360 5
1361 7
1362 6
1363 5
1364 10
1365 6
1366 10
1367 4
1368 3
1369 3
1370 6
1371 6
1372 2
1373 4
1374 8
1375 3
1376 3
1377 10
1378 3
1379 3
1380 6
1381 3
1382 5
1383 6
1384 7
1385 7
1386 9
1387 6
1388 6
1389 9
1390 6
1391 2
1392 5
1393 6
1394 6
1395 5
1396 6
1397 5
1399 2
1400 1
1401 4
1402 1
1403 5
1404 4
1405 5
1406 3
1408 6
1409 5
1410 3
1411 4
1412 2
1413 3
1414 1
1415 1
1416 2
1417 3
1418 4
1419 2
1420 1
1421 3
1422 8
1423 6
1424 5
1425 3
1426 8
1427 7
1428 2
1429 4
1430 3
1431 9
1432 4
1433 8
1434 8
1435 4
1436 7
1437 6
1438 6
1439 3
1440 5
1441 4
1443 9
1444 5
1445 10
1446 4
1447 3
1448 7
1449 5
1450 3
1451 4
1452 4
1453 7
1454 5
1455 3
1456 5
1457 6
1458 4
1459 10
1460 12
1462 10
1463 7
1464 6
1465 8
1466 8
1467 9
1468 4
1469 4
1470 1
1471 8
1472 3
1473 4
1474 2
1475 7
1476 3
1477 2
1478 5
1479 5
1480 9
1481 9
1482 2
1483 13
1484 6
1485 5
1486 8
1487 11
1488 14
1489 3
1490 6
1491 8
1492 12
1493 12
1494 12
1495 8
1496 10
1497 18
1498 18
1499 9
1500 11
1501 15
1502 23
1503 26
1504 20
1505 20
1506 13
1507 20
1508 17
1509 30
1510 19
1511 32
1512 21
1513 23
1514 27
1515 19
1516 20
1517 27
1518 21
1519 35
1520 35
1521 32
1522 25
1523 29
1524 29
1525 31
1526 35
1527 33
1528 40
1529 33
1530 36
1531 34
1532 39
1533 37
1534 47
1535 50
1536 39
1537 45
1538 50
1539 46
1540 60
1541 45
1542 41
1543 53
1544 61
1545 43
1546 52
1547 51
1548 50
1549 67
1550 50
1551 57
1552 59
1553 52
1554 57
1555 60
1556 77
1557 56
1558 71
1559 78
1560 83
1561 90
1562 70
1563 96
1564 79
1565 82
1566 83
1567 86
1568 97
1569 80
1570 85
1571 91
1572 95
1573 96
1574 99
1575 83
1576 92
1577 90
1578 107
1579 100
1580 107
1581 100
1582 100
1583 87
1584 106
1585 111
1586 108
1587 111
1588 107
1589 104
1590 111
1591 110
1592 108
1593 112
1594 107
1595 92
1596 108
1597 103
1598 103
1599 101
1600 113
1601 87
1602 91
1603 94
1604 89
1605 79
1606 86
1607 69
1608 82
1609 79
1610 82
1611 72
1612 78
1613 71
1614 79
1615 73
1616 70
1617 63
1618 82
1619 80
1620 73
1621 64
1622 84
1623 57
1624 69
1625 71
1626 59
1627 74
1628 73
1629 62
1630 64
1631 52
1632 68
1633 66
1634 72
1635 73
1636 65
1637 59
1638 56
1639 48
1640 58
1641 68
1642 52
1643 68
1644 61
1645 60
1646 47
1647 67
1648 49
1649 59
1650 55
1651 44
1652 43
1653 59
1654 52
1655 36
1656 44
1657 37
1658 38
1659 53
1660 35
1661 28
1662 37
1663 27
1664 25
1665 27
1666 22
1667 17
1668 15
1669 22
1670 20
1671 18
1672 23
1673 18
1674 17
1675 26
1676 25
1677 16
1678 13
1679 18
1680 25
1681 11
1682 17
1683 14
1684 20
1685 21
1686 11
1687 18
1688 14
1689 14
1690 12
1691 19
1692 11
1693 10
1694 8
1695 9
1696 14
1697 10
1698 11
1699 12
1700 8
1701 12
1702 8
1703 18
1704 14
1705 13
1706 12
1707 10
1708 10
1709 20
1710 10
1711 20
1712 11
1713 18
1714 24
1715 22
1716 17
1717 21
1718 26
1719 18
1720 20
1721 20
1722 20
1723 15
1724 15
1725 21
1726 22
1727 18
1728 12
1729 14
1730 12
1731 24
1732 11
1733 14
1734 21
1735 23
1736 11
1737 21
1738 17
1739 17
1740 16
1741 16
1742 11
1743 14
1744 9
1745 15
1746 10
1747 17
1748 13
1749 10
1750 13
1751 15
1752 9
1753 12
1754 8
1755 14
1756 9
1757 10
1758 8
1759 11
1760 7
1761 7
1762 8
1763 15
1764 10
1765 13
1766 8
1767 11
1768 6
1769 9
1770 10
1771 5
1772 11
1773 5
1774 12
1775 12
1776 8
1777 8
1778 9
1779 1
1780 8
1781 7
1782 8
1783 16
1784 9
1785 8
1786 5
1787 4
1788 6
1789 9
1790 12
1791 10
1792 6
1793 13
1794 18
1795 4
1796 9
1797 12
1798 15
1799 10
1800 11
1801 12
1802 20
1803 8
1804 19
1805 8
1806 8
1807 18
1808 17
1809 16
1810 10
1811 11
1812 14
1813 15
1814 10
1815 9
1816 9
1817 13
1818 14
1819 2
1820 7
1821 10
1822 7
1823 10
1824 12
1825 18
1826 16
1827 6
1828 13
1829 11
1830 11
1831 7
1832 15
1833 13
1834 12
1835 11
1836 6
1837 8
1838 5
1839 7
1840 13
1841 11
1842 9
1843 10
1844 7
1845 14
1846 11
1847 2
1848 3
1849 11
1850 12
1851 10
1852 9
1853 8
1854 7
1855 9
1856 9
1857 5
1858 11
1859 3
1860 9
1861 5
1862 9
1863 2
1864 7
1865 10
1866 8
1867 12
1868 6
1869 5
1870 3
1871 4
1872 6
1873 6
1874 6
1875 3
1876 2
1877 2
1878 1
1879 2
1880 3
1881 2
1883 6
1884 4
1885 5
1886 1
1887 3
1888 2
1889 4
1890 3
1891 3
1892 2
1893 4
1894 2
1895 1
1896 2
1897 3
1898 1
1899 2
1900 2
1901 1
1902 5
1905 2
1906 1
1908 1
1909 1
1911 1
1912 1
1913 3
1915 2
1917 1
1918 1
1919 3
1920 1
1922 1
1923 1
1924 7
1928 2
1929 1
1931 3
1932 1
1933 3
1934 1
1935 3
1936 1
1937 1
1939 1
1941 3
1942 1
1943 1
1945 1
1947 3
1950 1
1951 3
1952 2
1953 1
1954 1
1955 2
1956 1
1957 4
1958 1
1959 3
1960 4
1961 2
1963 1
1965 1
1969 3
1974 1
1975 1
1978 3
1979 1
1982 2
1983 1
1986 2
1987 1
1988 1
1989 2
1990 2
1992 1
1993 1
1994 3
1996 1
1997 1
1998 4
1999 1
2001 2
2003 3
2005 4
2006 1
2007 1
2008 1
2010 2
2011 1
2012 2
2013 3
2014 2
2015 2
2016 2
2017 2
2018 1
2019 3
2020 5
2021 3
2022 3
2023 4
2024 5
2025 3
2026 3
2027 2
2028 7
2029 5
2030 9
2031 4
2032 7
2033 8
2034 6
2035 10
2036 9
2037 7
2038 7
2039 7
2040 8
2041 8
2042 7
2043 10
2044 8
2045 13
2046 13
2047 12
2048 11
2049 18
2050 8
2051 9
2052 19
2053 8
2054 13
2055 15
2056 12
2057 19
2058 16
2059 11
2060 11
2061 12
2062 11
2063 21
2064 17
2065 19
2066 17
2067 13
2068 18
2069 20
2070 14
2071 20
2072 14
2073 26
2074 22
2075 21
2076 25
2077 26
2078 31
2079 31
2080 11
2081 17
2082 21
2083 26
2084 27
2085 27
2086 19
2087 16
2088 18
2089 23
2090 19
2091 21
2092 20
2093 23
2094 17
2095 17
2096 30
2097 31
2098 20
2099 27
2100 37
2101 30
2102 26
2103 26
2104 17
2105 33
2106 21
2107 22
2108 35
2109 29
2110 31
2111 33
2112 32
2113 23
2114 32
2115 28
2116 15
2117 23
2118 31
2119 20
2120 19
2121 24
2122 25
2123 22
2124 23
2125 22
2126 24
2127 26
2128 32
2129 27
2130 19
2131 35
2132 35
2133 24
2134 23
2135 21
2136 30
2137 26
2138 24
2139 24
2140 26
2141 21
2142 28
2143 25
2144 26
2145 19
2146 25
2147 27
2148 21
2149 24
2150 13
2151 17
2152 19
2153 29
2154 18
2155 26
2156 13
2157 19
2158 18
2159 22
2160 14
2161 8
2162 16
2163 14
2164 10
2165 13
2166 14
2167 12
2168 10
2169 11
2170 14
2171 9
2172 6
2173 11
2174 13
2175 7
2176 12
2177 8
2178 5
2179 11
2180 11
2181 10
2182 16
2183 6
2184 12
2185 13
2186 13
2187 14
2188 13
2189 9
2190 7
2191 7
2192 7
2193 13
2194 5
2195 8
2196 14
2197 7
2198 3
2199 5
2200 11
2201 8
2202 7
2203 9
2204 8
2205 10
2206 6
2207 5
2208 6
2209 5
2210 8
2211 8
2212 6
2213 7
2214 9
2215 7
2216 5
2217 9
2218 8
2219 3
2220 6
2221 10
2222 10
2223 9
2224 7
2225 10
2226 6
2227 10
2228 8
2229 12
2230 5
2231 5
2232 6
2233 14
2234 7
2235 13
2236 13
2237 11
2238 16
2239 8
2240 10
2241 4
2242 9
2243 10
2244 8
2245 12
2246 10
2247 11
2248 15
2249 15
2250 24
2251 10
2252 13
2253 17
2254 15
2255 24
2256 14
2257 27
2258 13
2259 28
2260 18
2261 20
2262 14
2263 29
2264 33
2265 18
2266 17
2267 20
2268 24
2269 29
2270 25
2271 36
2272 31
2273 31
2274 23
2275 25
2276 32
2277 19
2278 33
2279 23
2280 28
2281 27
2282 20
2283 18
2284 30
2285 19
2286 23
2287 21
2288 33
2289 24
2290 16
2291 22
2292 34
2293 28
2294 28
2295 24
2296 30
2297 20
2298 22
2299 28
2300 28
2301 28
2302 36
2303 30
2304 27
2305 27
2306 27
2307 30
2308 27
2309 31
2310 37
2311 24
2312 27
2313 26
2314 22
2315 20
2316 26
2317 25
2318 26
2319 22
2320 15
2321 11
2322 19
2323 24
2324 21
2325 19
2326 16
2327 19
2328 21
2329 19
2330 24
2331 16
2332 15
2333 24
2334 16
2335 17
2336 20
2337 18
2338 23
2339 19
2340 18
2341 18
2342 22
2343 13
2344 18
2345 18
2346 10
2347 12
2348 15
2349 20
2350 15
2351 15
2352 10
2353 17
2354 12
2355 12
2356 10
2357 15
2358 15
2359 17
2360 8
2361 9
2362 9
2363 14
2364 14
2365 12
2366 19
2367 9
2368 10
2369 10
2370 12
2371 11
2372 10
2373 5
2374 8
2375 9
2376 9
2377 6
2378 7
2379 3
2380 11
2381 11
2382 6
2383 5
2384 5
2385 14
2386 5
2387 4
2388 5
2389 5
2390 2
2391 6
2392 7
2393 6
2394 8
2395 4
2396 7
2397 7
2398 9
2399 4
2400 6
2401 3
2402 3
2403 1
2404 4
2405 6
2406 4
2407 7
2408 2
2409 4
2410 6
2411 8
2412 4
2413 7
2414 3
2415 6
2416 1
2417 3
2418 3
2419 1
2421 2
2422 3
2423 1
2424 5
2425 3
2427 3
2428 1
2429 1
2430 1
2431 1
2432 2
2433 3
2436 1
2437 2
2442 1
2443 1
2448 1
2452 1
2455 1
2463 1
2468 1
2470 1
2473 1
2475 1
2480 1
2485 1
2486 1
2488 4
2489 1
2490 3
2491 1
2493 1
2494 1
2495 1
2496 2
2497 1
2499 1
2511 1
2513 2
2516 1
2517 1
2518 1
2519 2
2520 1
2521 1
2522 3
2523 2
2524 3
2525 4
2526 3
2527 1
2528 2
2529 8
2530 4
2532 4
2533 2
2534 8
2535 4
2536 2
2537 3
2538 3
2539 2
2540 2
2541 3
2542 2
2543 7
2544 2
2545 3
2546 2
2547 4
2548 8
2549 3
2550 5
2551 3
2552 4
2553 4
2554 2
2555 3
2556 5
2557 3
2558 3
2559 4
2560 4
2561 8
2562 2
2563 6
2564 6
2565 2
2566 6
2567 4
2568 7
2569 8
2570 7
2571 3
2572 4
2573 5
2574 6
2575 7
2576 10
2577 10
2578 4
2579 6
2580 4
2581 9
2582 7
2583 5
2584 3
2585 4
2586 11
2587 6
2588 6
2589 10
2590 6
2591 7
2592 6
2593 10
2594 4
2595 3
2596 6
2597 3
2598 5
2599 5
2600 7
2601 3
2602 2
2603 2
2604 8
2605 10
2606 6
2607 10
2608 9
2609 13
2610 10
2611 11
2612 11
2613 16
2614 8
2615 11
2616 13
2617 12
2618 12
2619 17
2620 16
2621 11
2622 13
2623 18
2624 18
2625 10
2626 18
2627 13
2628 20
2629 15
2630 17
2631 20
2632 19
2633 20
2634 12
2635 15
2636 16
2637 20
2638 21
2639 19
2640 22
2641 18
2642 25
2643 16
2644 20
2645 22
2646 25
2647 18
2648 21
2649 32
2650 18
2651 16
2652 21
2653 23
2654 30
2655 25
2656 30
2657 31
2658 24
2659 11
2660 31
2661 20
2662 20
2663 20
2664 17
2665 15
2666 17
2667 20
2668 18
2669 13
2670 13
2671 11
2672 16
2673 23
2674 20
2675 17
2676 23
2677 22
2678 14
2679 25
2680 14
2681 21
2682 14
2683 16
2684 11
2685 12
2686 15
2687 17
2688 14
2689 15
2690 12
2691 10
2692 22
2693 12
2694 13
2695 12
2696 11
2697 10
2698 10
2699 10
2700 10
2701 15
2702 10
2703 11
2704 6
2705 7
2706 10
2707 6
2708 4
2709 6
2710 9
2711 5
2712 5
2713 8
2714 6
2715 6
2716 3
2717 4
2718 7
2719 3
2720 6
2721 3
2722 7
2723 7
2724 2
2725 3
2726 5
2727 6
2728 5
2729 4
2730 3
2731 4
2732 4
2733 4
2734 2
2735 2
2736 2
2737 8
2738 3
2739 3
2740 1
2741 2
2742 2
2743 2
2744 1
2745 1
2746 3
2747 1
2748 3
2749 1
2750 2
2751 1
2752 2
2753 1
2754 3
2755 3
2756 5
2758 4
2759 1
2761 1
2762 2
2764 1
2765 1
2766 1
2767 1
2769 1
2771 1
2772 1
2774 1
2778 1
2779 1
2780 1
2789 1
2792 1
2797 2
2801 1
2806 2
2807 1
2808 1
2811 1
2812 3
2813 1
2814 3
2815 4
2816 2
2817 3
2818 3
2819 6
2820 5
2822 2
2824 3
2825 2
2826 2
2827 5
2828 5
2829 2
2830 4
2831 3
2832 7
2833 7
2834 4
2835 1
2836 8
2837 11
2838 7
2839 7
2840 4
2841 9
2842 9
2843 12
2844 4
2845 8
2846 6
2847 8
2848 9
2849 6
2850 13
2851 14
2852 13
2853 2
2854 13
2855 12
2856 10
2857 7
2858 10
2859 13
2860 7
2861 11
2862 7
2863 8
2864 9
2865 8
2866 11
2867 10
2868 9
2869 9
2870 8
2871 9
2872 8
2873 13
2874 10
2875 10
2876 8
2877 14
2878 7
2879 14
2880 8
2881 8
2882 11
2883 6
2884 16
2885 12
2886 14
2887 9
2888 9
2889 10
2890 2
2891 10
2892 9
2893 11
2894 15
2895 6
2896 4
2897 14
2898 12
2899 8
2900 12
2901 10
2902 17
2903 11
2904 11
2905 12
2906 6
2907 18
2908 2
2909 9
2910 14
2911 11
2912 5
2913 11
2914 13
2915 8
2916 11
2917 6
2918 9
2919 13
2920 12
2921 6
2922 8
2923 10
2924 14
2925 3
2926 5
2927 6
2928 10
2929 9
2930 8
2931 11
2932 7
2933 11
2934 5
2935 7
2936 12
2937 7
2938 7
2939 8
2940 4
2941 7
2942 14
2943 13
2944 12
2945 11
2946 7
2947 6
2948 10
2949 5
2950 4
2951 6
2952 12
2953 4
2954 10
2955 11
2956 5
2957 10
2958 10
2959 6
2960 7
2961 13
2962 7
2963 1
2964 10
2965 3
2966 4
2967 4
2968 5
2969 9
2970 3
2971 4
2972 5
2973 4
2974 4
2976 6
2977 4
2978 2
2979 2
2980 3
2981 4
2982 5
2983 4
2984 4
2985 1
2986 2
2987 2
2988 2
2989 2
2990 1
2991 3
2992 2
2993 1
2994 3
2996 3
2998 1
2999 4
3000 2
3001 2
3002 1
3003 3
3005 1
3006 1
3007 2
3008 4
3009 3
3010 1
3011 1
3012 2
3013 1
3014 1
3015 1
3016 1
3017 2
3018 2
3019 1
3020 2
3021 1
3022 1
3024 2
3025 3
3026 1
3027 1
3028 1
3029 1
3031 1
3032 1
3034 2
3035 2
3036 3
3037 1
3038 1
3040 3
3041 3
3042 5
3043 4
3044 2
3046 2
3047 1
3049 1
3050 1
3051 1
3052 1
3053 2
3054 2
3055 5
3056 2
3059 3
3061 1
3062 2
3064 2
3065 6
3066 1
3067 4
3068 1
3069 5
3070 6
3071 5
3072 4
3073 8
3074 5
3075 3
3076 6
3077 6
3078 2
3079 7
3080 8
3081 5
3082 6
3083 15
3084 12
3085 10
3086 11
3087 7
3088 4
3089 10
3090 8
3091 6
3092 8
3093 10
3094 11
3095 12
3096 14
3097 9
3098 13
3099 11
3100 8
3101 14
3102 10
3103 10
3104 9
3105 12
3106 5
3107 13
3108 10
3109 11
3110 12
3111 12
3112 14
3113 9
3114 4
3115 11
3116 14
3117 7
3118 8
3119 8
3120 9
3121 10
3122 6
3123 8
3124 5
3125 10
3126 7
3127 9
3128 12
3129 9
3130 10
3131 4
3132 9
3133 10
3134 11
3135 14
3136 8
3137 9
3138 12
3139 8
3140 10
3141 19
3142 14
3143 12
3144 16
3145 13
3146 21
3147 13
3148 14
3149 12
3150 18
3151 18
3152 13
3153 13
3154 18
3155 22
3156 11
3157 17
3158 15
3159 14
3160 14
3161 16
3162 17
3163 10
3164 21
3165 13
3166 22
3167 17
3168 12
3169 16
3170 18
3171 17
3172 17
3173 21
3174 18
3175 16
3176 13
3177 15
3178 18
3179 13
3180 11
3181 17
3182 12
3183 12
3184 15
3185 14
3186 11
3187 14
3188 15
3189 15
3190 9
3191 8
3192 11
3193 15
3194 17
3195 14
3196 14
3197 17
3198 19
3199 11
3200 14
3201 11
3202 15
3203 18
3204 13
3205 10
3206 9
3207 11
3208 7
3209 15
3210 5
3211 10
3212 2
3213 8
3214 4
3215 7
3216 11
3217 9
3218 11
3219 9
3220 9
3221 7
3222 4
3223 9
3224 10
3225 6
3226 10
3227 4
3228 6
3229 10
3230 12
3231 6
3232 10
3233 3
3234 6
3235 6
3236 8
3237 7
3238 7
3239 7
3240 5
3241 6
3242 5
3243 5
3244 5
3245 6
3246 2
3247 7
3248 2
3249 2
3250 8
3251 1
3252 9
3253 7
3254 6
3255 3
3256 10
3257 4
3258 3
3259 5
3260 4
3261 1
3262 5
3263 7
3264 7
3265 6
3266 4
3267 6
3268 3
3269 6
3270 4
3271 2
3272 4
3273 2
3274 10
3275 9
3276 5
3277 3
3278 6
3279 6
3280 7
3281 6
3282 3
3283 7
3284 1
3285 1
3287 4
3288 2
3289 1
3291 2
3293 1
3294 2
3295 1
3296 1
3298 2
3299 2
3300 1
3301 2
3302 4
3303 1
3304 5
3305 1
3306 1
3309 2
3310 2
3311 1
3312 1
3313 1
3315 1
3317 1
3318 1
3319 2
3320 3
3323 1
3324 1
3325 1
3328 1
3332 1
3334 1
3335 1
3339 1
3340 2
3345 1
3348 1
3349 1
3350 1
3353 1
3357 1
3372 1
3373 1
3375 1
3377 1
3381 1
3382 1
3383 1
3385 2
3386 1
3387 1
3388 2
3389 2
3390 2
3391 1
3392 4
3393 3
3395 2
3396 1
3398 1
3399 2
3401 2
3402 3
3403 3
3404 1
3406 1
3407 2
3408 5
3409 3
3410 2
3411 2
3413 1
3414 1
3415 2
3416 2
3417 2
3418 4
3419 2
3420 4
3421 1
3423 2
3424 1
3425 2
3426 1
3427 3
3428 3
3429 2
3430 2
3431 3
3432 2
3433 1
3434 3
3436 3
3438 1
3439 4
3440 1
3441 3
3442 1
3444 3
3445 1
3446 2
3447 5
3449 1
3452 2
3453 2
3454 2
3456 1
3459 3
3461 1
3462 2
3463 2
3464 3
3465 2
3468 3
3469 1
3470 1
3471 2
3472 4
3473 2
3475 1
3477 2
3480 1
3482 1
3483 1
3484 1
3486 1
3487 2
3488 1
3491 2
3492 1
3493 2
3494 1
3495 4
3496 1
3497 1
3500 2
3501 1
3502 1
3503 2
3505 2
3506 2
3508 3
3509 4
3511 3
3512 2
3513 1
3514 1
3516 3
3517 4
3520 2
3521 2
3522 4
3523 3
3524 2
3525 1
3526 2
3527 4
3528 3
3529 3
3532 1
3533 1
3534 2
3535 3
3536 1
3538 1
3540 1
3541 1
3542 1
3543 1
3544 1
3550 2
3551 1
3552 1
3555 1
3556 2
3557 1
3558 2
3561 2
3566 1
3568 1
3569 1
3570 3
3571 1
3574 1
3576 2
3577 1
3578 2
3579 1
3581 2
3582 2
3584 3
3585 1
3586 1
3587 2
3588 2
3590 2
3593 2
3594 3
3595 2
3596 2
3598 2
3599 1
3600 2
3601 5
3602 2
3603 1
3605 2
3606 3
3607 3
3608 1
3609 2
3611 1
3612 3
3614 2
3618 2
3620 1
3621 2
3622 1
3623 3
3625 1
3628 1
3630 1
3631 1
3632 4
3633 4
3634 3
3635 1
3636 2
3637 1
3638 1
3639 1
3640 3
3642 2
3643 2
3644 2
3645 2
3647 1
3648 1
3649 2
3651 1
3654 2
3656 2
3657 3
3658 1
3659 3
3662 2
3664 1
3665 1
3666 2
3667 2
3669 1
3670 1
3671 1
3672 2
3673 4
3674 3
3675 1
3676 1
3678 4
3679 1
3680 3
3681 1
3682 3
3683 2
3684 2
3685 2
3686 1
3687 2
3688 2
3689 2
3690 2
3691 4
3692 2
3693 3
3694 1
3695 1
3696 3
3697 4
3698 4
3699 1
3700 2
3701 1
3702 5
3703 4
3704 4
3705 5
3706 3
3707 3
3708 4
3709 4
3710 4
3711 3
3712 1
3713 4
3714 3
3715 1
3716 1
3717 2
3718 2
3719 1
3720 6
3721 2
3722 3
3723 1
3725 1
3726 1
3728 2
3729 1
3730 1
3731 2
3732 2
3733 3
3734 1
3735 1
3736 4
3737 3
3740 1
3741 2
3742 1
3744 1
3749 1
3750 1
3752 3
3754 3
3755 1
3756 1
3757 2
3760 3
3762 1
3763 2
3764 1
3767 2
3768 2
3769 1
3773 1
3779 1
3780 1
3785 1
3789 1
3816 1
3818 1
3821 1
3823 1
3825 1
3839 1
3866 1
3891 1
3901 1
3941 1
3958 1
3963 1
3973 1
3988 1
3991 1
4009 1
4012 1
4038 1
4048 1
4067 1
4074 1
4077 1
4086 1
4090 1
4102 1
4103 1
4104 1
4107 1
4108 1
4115 1
4116 1
4121 1
4122 1
4125 1
4126 1
4129 2
4131 1
4132 1
4146 2
4148 1
4149 1
4152 1
4153 2
4154 2
4159 1
4160 2
4162 1
4163 1
4166 2
4167 1
4168 1
4171 1
4172 2
4174 2
4175 1
4176 2
4178 2
4180 1
4181 2
4183 1
4184 1
4185 3
4186 3
4188 2
4189 1
4190 1
4191 4
4192 2
4193 2
4194 3
4195 2
4197 2
4198 1
4199 1
4200 2
4201 2
4202 2
4203 2
4204 1
4205 4
4206 2
4208 2
4209 4
4210 2
4211 2
4212 1
4213 2
4214 2
4215 1
4216 4
4218 1
4219 2
4221 2
4222 4
4223 2
4224 3
4225 1
4226 2
4228 1
4232 3
4233 1
4234 1
4236 2
4239 1
4240 1
4244 3
4245 1
4246 1
4247 1
4248 4
4249 2
4250 1
4251 2
4253 2
4254 1
4256 1
4259 2
4261 1
4262 3
4263 1
4264 1
4266 1
4267 1
4268 3
4269 1
4270 3
4271 2
4272 1
4275 2
4279 2
4281 1
4282 1
4283 2
4284 1
4285 2
4286 1
4287 3
4288 1
4289 2
4290 4
4291 3
4292 3
4293 2
4294 1
4295 1
4296 2
4297 1
4299 2
4300 2
4301 1
4302 1
4303 3
4304 4
4305 2
4306 1
4308 3
4309 1
4310 1
4312 1
4313 1
4314 1
4316 1
4317 1
4318 1
4320 2
4322 1
4325 1
4326 1
4328 1
4329 3
4336 1
4337 1
4341 2
4342 1
4345 1
4349 1
4389 2
4399 1
4487 2
4489 2
4490 1
4492 1
4495 1
4496 1
4500 1
4502 1
4503 1
4516 1
4520 1
4523 1
4561 1
4574 1
4575 1
4582 1
4583 1
4591 2
4594 1
4598 1
4605 1
4610 1
4612 1
4615 1
4618 1
4620 2
4621 1
4624 1
4630 1
4631 1
4632 1
4633 1
4634 2
4637 1
4641 2
4644 1
4645 1
4647 2
4650 1
4658 1
4668 1
4669 1
4673 1
4679 1
4681 1
4682 1
4685 1
4686 1
4688 2
4690 1
4691 1
4693 4
4695 1
4696 1
4697 3
4698 1
4699 1
4702 1
4703 1
4708 2
4709 2
4710 1
4711 2
4713 2
4714 2
4715 1
4716 1
4717 3
4718 2
4719 1
4722 1
4723 2
4728 1
4752 1
4754 1
4756 2
4767 1
4768 1
4777 1
4781 1
4791 1
4792 3
4794 1
4795 1
4798 1
4800 1
4801 2
4802 1
4803 1
4804 3
4806 3
4807 3
4808 1
4809 1
4811 2
4812 1
4814 2
4817 1
4819 1
4820 1
4821 2
4822 1
4827 1
4828 1
4829 2
4830 1
4832 1
4833 2
4834 5
4835 2
4836 2
4838 2
4840 1
4842 1
4843 2
4844 1
4845 3
4850 3
4851 2
4852 1
4853 2
4854 2
4856 1
4857 2
4860 4
4861 1
4863 2
4864 1
4865 1
4866 1
4868 3
4869 1
4873 1
4874 1
4880 2
4882 2
4887 1
4898 1
4933 1
4955 1
5019 1
5059 1
5098 1
5106 1
5125 1
5151 1
5164 1
5167 1
5169 1
5177 1
5178 1
5183 1
5185 2
5189 1
5192 2
5193 1
5195 1
5196 2
5197 2
5199 1
5200 2
5201 1
5202 1
5203 1
5204 1
5205 1
5206 2
5210 3
5213 2
5220 1
5221 1
5223 1
5224 1
5228 2
5230 3
5231 1
5233 2
5234 1
5236 1
5237 1
5239 1
5240 2
5241 3
5244 1
5245 2
5246 1
5247 3
5248 2
5249 1
5251 1
5252 1
5253 1
5255 2
5256 2
5257 1
5259 1
5260 1
5263 1
5264 2
5265 1
5266 1
5268 3
5269 1
5270 1
5271 2
5272 1
5274 3
5276 2
5277 4
5278 6
5279 1
5281 1
5283 3
5284 1
5285 1
5286 2
5287 2
5288 1
5290 2
5292 3
5293 2
5294 1
5295 3
5296 1
5298 2
5299 2
5300 1
5303 1
5304 1
5306 1
5307 1
5308 4
5309 1
5310 3
5311 1
5312 2
5313 2
5314 1
5315 3
5316 1
5317 3
5319 9
5320 3
5321 1
5323 2
5324 1
5325 1
5326 1
5327 1
5328 3
5329 3
5330 4
5331 1
5333 3
5334 2
5335 2
5336 2
5337 2
5338 4
5339 1
5340 5
5341 1
5343 7
5344 1
5345 3
5346 2
5347 1
5348 2
5349 1
5350 2
5351 1
5352 5
5353 5
5354 3
5355 1
5356 1
5357 2
5358 5
5359 4
5361 2
5362 1
5364 2
5366 3
5367 4
5368 1
5369 1
5370 1
5373 2
5374 1
5377 1
5382 1
5383 1
5385 1
5387 4
5396 1
5397 1
5400 1
5410 2
5411 2
5414 1
5419 1
5424 1
5437 2
5448 2
5456 1
5478 1
5514 1
5583 1
5589 1
5650 1
5655 1
5666 1
5667 1
5668 1
5669 1
5670 1
5683 1
5688 1
5689 1
5695 1
5701 2
5703 1
5708 1
5710 1
5716 2
5717 1
5720 2
5722 1
5724 1
5725 1
5727 1
5728 4
5729 2
5730 1
5731 6
5732 1
5733 2
5735 2
5736 1
5737 1
5738 1
5739 1
5741 1
5744 2
5745 1
5746 3
5749 1
5750 1
5752 4
5753 2
5755 1
5756 1
5757 1
5758 1
5759 1
5760 1
5762 4
5763 1
5764 2
5767 3
5768 6
5769 2
5770 1
5771 3
5772 2
5774 1
5775 3
5776 1
5777 1
5779 4
5780 1
5781 2
5782 3
5783 1
5784 1
5786 2
5787 3
5788 1
5789 1
5790 2
5791 3
5792 7
5793 2
5794 3
5795 2
5796 6
5797 4
5798 3
5799 3
5800 1
5801 3
5802 2
5803 3
5804 4
5805 3
5806 2
5807 3
5808 3
5809 4
5810 5
5811 2
5812 3
5813 2
5814 3
5815 1
5816 3
5817 7
5818 5
5819 9
5820 5
5821 8
5822 7
5823 9
5824 5
5825 6
5827 2
5828 7
5830 1
5831 3
5832 4
5833 6
5834 5
5835 7
5836 1
5837 2
5838 5
5839 4
5840 2
5841 4
5842 5
5843 2
5844 1
5845 1
5846 8
5847 1
5848 3
5849 3
5850 3
5851 1
5852 1
5853 4
5854 3
5855 6
5856 2
5857 2
5858 2
5859 3
5860 7
5861 2
5862 2
5863 3
5864 3
5865 3
5866 5
5867 2
5868 2
5869 1
5870 2
5871 2
5872 2
5873 2
5874 2
5876 1
5877 3
5878 2
5879 1
5880 2
5881 3
5882 2
5883 1
5885 1
5886 2
5888 1
5889 1
5890 1
5891 1
5893 2
5895 1
5898 1
5899 3
5902 3
5903 1
5905 1
5908 2
5909 1
5910 2
5911 5
5912 1
5913 2
5914 2
5916 3
5919 4
5920 1
5921 3
5922 1
5923 1
5925 2
5926 1
5927 1
5928 2
5929 1
5930 1
5931 1
5933 1
5934 2
5938 1
5939 1
5940 1
5941 1
5942 1
5944 1
5945 2
5946 4
5947 2
5949 1
5951 2
5952 1
5953 1
5958 1
5961 1
5964 1
5968 2
5971 1
5972 1
5977 1
5981 1
5996 1
5998 1
5999 1
6001 1
6003 2
6004 1
6005 1
6006 1
6018 1
6083 1
6124 1
6176 1
6190 1
6197 1
6201 1
6203 1
6204 1
6208 2
6210 1
6211 1
6214 1
6216 1
6217 1
6219 1
6221 1
6222 2
6225 1
6226 1
6227 1
6232 1
6233 1
6234 1
6244 1
6247 1
6250 1
6254 1
6257 1
6258 1
6262 1
6265 1
6266 1
6268 1
6270 1
6273 1
6279 1
6284 1
6295 2
6303 1
6304 1
6305 1
6308 1
6309 4
6311 2
6312 2
6314 1
6316 3
6317 2
6318 2
6319 2
6321 2
6322 2
6323 1
6324 1
6325 3
6326 3
6327 1
6328 1
6329 1
6330 4
6332 2
6333 1
6334 3
6335 2
6336 4
6337 4
6338 1
6339 2
6341 3
6342 5
6343 2
6345 4
6346 2
6347 2
6348 1
6349 3
6350 2
6351 2
6353 2
6355 2
6356 1
6357 3
6358 3
6359 1
6360 2
6363 1
6365 1
6366 2
6367 1
6369 1
6372 1
6373 1
6375 2
6376 2
6379 1
6381 1
6384 1
6385 1
6388 1
6390 1
6391 1
6393 1
6394 2
6395 2
6396 1
6401 3
6403 1
6404 1
6406 2
6409 3
6411 1
6412 1
6413 1
6414 2
6415 1
6416 2
6418 2
6419 1
6420 1
6422 1
6423 1
6425 1
6427 1
6428 1
6430 1
6433 1
6437 2
6440 1
6441 1
6442 1
6444 1
6445 1
6447 1
6448 1
6449 2
6451 3
6453 1
6454 2
6455 2
6456 2
6460 1
6461 1
6462 1
6464 1
6467 3
6468 1
6471 1
6472 1
6473 1
6476 2
6477 1
6479 1
6482 1
6487 1
6488 2
6489 1
6496 1
6498 2
6499 1
6501 1
6502 2
6508 2
6510 2
6512 1
6515 3
6519 1
6521 1
6523 1
6527 3
6528 2
6530 1
6537 2
6543 1
6598 1
6609 1
6670 1
6694 1
6695 1
6700 1
6711 2
6718 1
6721 1
6727 2
6730 1
6732 1
6733 1
6734 2
6736 1
6737 1
6740 2
6741 3
6742 1
6743 1
6744 1
6745 1
6746 2
6747 1
6748 1
6750 1
6751 1
6753 3
6755 1
6757 1
6758 1
6759 2
6760 1
6765 1
6766 1
6768 2
6769 1
6770 2
6772 1
6774 2
6777 1
6778 1
6780 1
6782 2
6783 3
6784 2
6786 1
6787 3
6788 1
6790 1
6791 2
6793 1
6799 1
6802 1
6806 3
6808 2
6809 2
6810 2
6811 2
6814 2
6815 3
6817 1
6818 1
6819 1
6820 1
6821 1
6822 2
6823 3
6824 1
6825 1
6827 3
6829 1
6830 4
6831 6
6833 1
6834 1
6835 1
6836 1
6837 1
6838 3
6839 2
6841 4
6842 1
6843 1
6844 4
6845 2
6847 2
6848 1
6849 2
6851 1
6853 2
6854 3
6855 2
6856 1
6859 3
6862 1
6863 2
6864 1
6865 1
6866 2
6867 2
6870 2
6871 1
6872 1
6873 3
6874 2
6875 3
6877 1
6879 2
6880 2
6881 1
6882 2
6883 1
6884 2
6885 1
6886 2
6887 2
6888 1
6889 1
6891 1
6892 3
6895 1
6897 2
6898 1
6899 1
6900 1
6901 2
6902 3
6903 2
6904 2
6905 1
6906 1
6908 1
6909 1
6910 1
6912 2
6913 1
6914 1
6917 1
6918 1
6920 1
6921 1
6922 2
6924 3
6925 1
6927 1
6928 3
6930 2
6931 1
6932 1
6933 1
6934 2
6935 2
6936 1
6940 1
6944 1
6945 1
6946 2
6947 1
6948 1
6949 2
6950 4
6952 1
6953 1
6954 1
6955 1
6956 2
6958 2
6959 1
6961 4
6962 4
6963 1
6964 1
6965 3
6967 1
6968 1
6969 1
6970 1
6971 3
6972 1
6974 1
6975 2
6976 1
6977 1
6978 1
6979 1
6981 1
6983 1
6985 1
6987 1
6988 1
6990 1
6995 1
6997 2
7001 1
7003 2
7004 3
7005 2
7006 1
7007 2
7008 1
7010 2
7012 1
7015 1
7020 1
7023 1
7024 1
7025 1
7027 1
7030 1
7034 1
7042 1
7070 1
7074 1
7097 1
7111 1
7119 1
7198 1
7214 1
7220 1
7221 1
7224 2
7225 1
7226 1
7232 1
7233 1
7234 1
7238 1
7239 1
7240 1
7241 1
7243 2
7244 2
7245 1
7246 2
7247 1
7248 1
7251 1
7254 2
7255 1
7256 2
7257 2
7258 2
7259 2
7260 2
7262 1
7263 1
7264 1
7265 2
7267 2
7268 2
7271 1
7272 1
7273 3
7274 2
7276 2
7277 2
7279 1
7282 1
7287 2
7289 1
7290 1
7291 2
7292 1
7293 1
7294 2
7295 1
7296 1
7297 2
7298 1
7299 1
7300 2
7301 1
7302 1
7306 1
7307 1
7309 2
7312 3
7314 1
7323 1
7324 2
7325 2
7326 2
7327 1
7328 1
7329 1
7330 2
7331 1
7332 1
7333 1
7334 2
7338 2
7340 3
7343 2
7344 1
7347 2
7349 2
7351 2
7352 1
7355 1
7357 1
7359 1
7366 3
7368 2
7369 1
7370 1
7373 1
7374 1
7386 1
7394 1
7398 1
7405 1
7408 1
7409 1
7417 2
7418 2
7421 2
7422 2
7423 1
7424 1
7425 1
7429 1
7432 1
7437 2
7440 1
7441 1
7442 1
7444 3
7445 1
7446 1
7448 1
7452 1
7455 1
7456 2
7460 1
7461 1
7464 2
7465 1
7466 1
7467 2
7468 1
7469 1
7470 2
7471 1
7473 2
7476 1
7479 1
7480 1
7481 1
7483 1
7484 1
7487 1
7490 1
7494 1
7495 2
7496 1
7498 1
7499 1
7505 1
7512 1
7516 1
7523 2
7527 1
7530 1
7532 1
7533 1
7534 1
7537 1
7540 2
7541 1
7542 1
7550 2
7554 1
7557 2
7558 1
7560 1
7561 1
7562 1
7564 1
7580 2
7625 1
7763 1
7764 1
7772 1
7776 1
7777 1
7778 2
7779 1
7781 1
7795 1
7801 1
7812 1
7814 1
7824 1
7911 1
7915 1
7920 1
7926 1
7928 1
7934 1
7935 1
7936 1
7937 2
7938 1
7939 4
7940 1
7941 1
7942 1
7944 2
7951 1
7952 1
7953 3
7954 3
7957 1
7958 2
7959 1
7961 2
7962 1
7963 1
7964 3
7965 1
7966 1
7968 1
7969 4
7970 3
7971 2
7973 2
7974 3
7975 3
7976 4
7978 5
7980 4
7981 7
7982 3
7983 3
7984 2
7985 2
7986 3
7987 2
7988 6
7990 2
7991 2
7992 1
7993 4
7994 3
7995 2
7996 3
7997 3
7998 2
7999 2
8000 3
8001 3
8002 5
8003 2
8004 1
8005 4
8006 4
8007 1
8009 4
8010 4
8011 2
8012 1
8013 4
8014 5
8015 2
8016 5
8017 3
8018 2
8019 3
8020 6
8021 2
8023 1
8024 4
8026 4
8027 4
8028 2
8029 2
8030 1
8031 1
8032 3
8033 1
8034 8
8035 3
8036 1
8037 4
8038 1
8039 1
8040 2
8041 4
8042 1
8043 2
8044 4
8045 2
8046 4
8047 2
8048 4
8049 1
8051 4
8052 1
8053 2
8054 4
8055 2
8057 2
8058 1
8060 2
8062 2
8064 1
8065 3
8066 1
8067 2
8068 2
8069 2
8070 1
8071 2
8072 4
8073 1
8076 1
8077 1
8078 1
8079 2
8082 1
8083 2
8085 1
8087 2
8088 1
8089 2
8090 1
8091 1
8094 4
8095 1
8096 1
8097 2
8098 4
8100 1
8103 2
8104 1
8106 1
8107 1
8108 2
8109 1
8111 1
8112 2
8114 1
8115 4
8117 4
8120 2
8121 1
8122 1
8124 2
8125 2
8127 4
8128 3
8129 3
8130 2
8131 1
8133 2
8135 1
8136 1
8137 1
8138 2
8143 2
8144 2
8145 1
8146 1
8147 1
8148 1
8149 1
8154 1
8157 1
8159 1
8161 1
8163 1
8206 1
8346 2
8368 2
8369 1
8375 2
8378 1
8380 2
8381 1
8382 1
8388 1
8389 1
8390 1
8391 1
8392 1
8393 1
8394 1
8395 1
8396 1
8397 1
8398 1
8399 1
8402 1
8403 2
8406 1
8408 1
8410 1
8413 1
8414 1
8416 1
8421 1
8422 1
8424 2
8426 1
8431 1
8434 2
8436 1
8439 2
8441 1
8442 3
8448 1
8450 1
8454 2
8455 1
8456 3
8457 1
8458 1
8459 1
8460 1
8463 1
8468 1
8472 1
8474 1
8488 1
8490 1
8495 1
8502 1
8503 1
8504 1
8505 1
8510 1
8514 1
8517 1
8518 1
8520 2
8522 2
8523 1
8524 2
8525 2
8529 3
8530 1
8533 3
8534 1
8537 2
8538 1
8539 1
8540 1
8542 1
8549 1
8550 1
8551 1
8553 1
8554 2
8556 1
8557 2
8558 1
8562 1
8568 1
8569 2
8571 1
8572 1
8577 2
8579 1
8585 1
8588 1
8593 2
8597 1
8599 1
8601 1
8602 1
8603 1
8604 1
8605 1
8838 1
8840 1
8842 1
8843 1
8846 1
8849 2
8850 1
8852 1
8855 1
8858 2
8859 1
8860 1
8864 1
8868 1
8869 2
8871 2
8872 1
8874 1
8879 1
8883 1
8885 1
8888 1
8889 1
8890 1
8891 1
8892 1
8896 1
8903 1
8905 1
8906 2
8907 1
8910 1
8911 1
8912 1
8913 2
8915 1
8916 1
8922 2
8924 1
8936 1
8938 1
8941 2
8947 1
8949 1
8955 1
8967 1
8970 2
8972 1
8977 1
8980 1
8981 2
8983 1
8984 1
8989 2
8990 1
8994 1
8995 1
8998 1
9002 1
9013 1
9014 1
9017 2
9022 1
9025 2
9026 1
9027 1
9028 1
9033 2
9035 2
9036 1
9037 3
9038 3
9040 2
9041 1
9043 3
9045 1
9047 1
9048 2
9049 1
9050 4
9052 1
9053 2
9054 1
9055 1
9056 1
9057 1
9058 2
9060 1
9061 1
9062 2
9063 1
9064 1
9065 2
9066 1
9067 2
9068 1
9069 5
9070 1
9072 2
9073 1
9074 2
9075 2
9076 1
9077 1
9079 2
9081 1
9082 1
9083 1
9084 2
9085 2
9087 1
9090 3
9093 2
9094 1
9095 3
9096 3
9097 2
9098 1
9099 1
9101 5
9102 2
9103 5
9104 1
9107 1
9108 1
9109 1
9110 1
9111 1
9113 1
9115 1
9117 1
9118 1
9119 4
9120 1
9121 2
9122 1
9123 2
9124 1
9125 2
9127 1
9129 1
9130 1
9131 3
9136 1
9137 1
9139 1
9141 1
9142 1
9144 1
9147 1
9149 1
9154 2
9155 1
9481 1
9499 1
9501 1
9510 1
9514 1
9515 1
9516 1
9517 1
9518 1
9522 1
9523 1
9525 1
9526 1
9528 2
9529 1
9532 2
9535 2
9538 1
9539 2
9541 2
9543 1
9544 3
9545 1
9546 2
9548 1
9552 1
9554 1
9555 1
9557 2
9558 1
9559 2
9561 1
9567 1
9568 1
9569 1
9570 1
9571 3
9572 2
9574 3
9576 1
9578 1
9580 2
9581 1
9583 3
9585 3
9588 5
9591 1
9595 2
9596 2
9597 2
9599 1
9600 3
9601 4
9604 1
9605 2
9606 1
9607 2
9608 2
9609 1
9610 1
9611 3
9612 1
9613 1
9616 2
9617 1
9618 1
9619 2
9620 2
9622 1
9623 1
9627 1
9628 1
9629 1
9632 1
9633 1
9635 2
9642 1
9653 1
9670 1
9768 1
10001 93
