1 20266913
2 14807037
3 10077458
4 7128894
5 5405668
6 4358289
7 3639032
8 3187761
9 2923831
10 2799099
11 2725446
12 2652356
13 2534188
14 2359239
15 2148016
16 1926067
17 1705754
18 1494205
19 1295773
20 1114891
21 942457
22 786306
23 648891
24 524529
25 419880
26 334021
27 262957
28 207829
29 166882
30 139742
31 129351
32 129461
33 139373
34 159162
35 184394
36 214512
37 247107
38 281698
39 312444
40 338090
41 361655
42 375822
43 385865
44 384021
45 374875
46 360348
47 336507
48 310668
49 279846
50 246909
51 215587
52 184087
53 154783
54 127399
55 103393
56 83529
57 65512
58 50930
59 39593
60 30635
61 24249
62 20047
63 17716
64 16469
65 16659
66 17719
67 19911
68 22765
69 26448
70 30962
71 35286
72 40587
73 46535
74 51962
75 57179
76 63316
77 67712
78 73042
79 77199
80 80502
81 83001
82 84623
83 84502
84 84145
85 82665
86 80397
87 77984
88 74145
89 69143
90 64181
91 58814
92 53437
93 48071
94 43182
95 37738
96 32717
97 27886
98 23951
99 20356
100 17019
101 14084
102 11641
103 9602
104 8090
105 6761
106 5835
107 4955
108 4535
109 4356
110 4215
111 4520
112 5018
113 5806
114 6873
115 8577
116 10252
117 12306
118 15030
119 17905
120 21518
121 26138
122 30862
123 36214
124 42103
125 48723
126 56111
127 64192
128 72616
129 81801
130 92154
131 102085
132 114309
133 124975
134 136627
135 146880
136 158492
137 169722
138 179466
139 189076
140 198859
141 206712
142 214298
143 220442
144 227242
145 233340
146 235891
147 239116
148 238653
149 238819
150 235633
151 233213
152 228228
153 221903
154 215079
155 207588
156 199276
157 189749
158 180057
159 169037
160 159523
161 149799
162 138988
163 128441
164 118196
165 108015
166 97728
167 89227
168 80416
169 71707
170 64438
171 57190
172 50503
173 44096
174 38380
175 33735
176 29536
177 25639
178 22037
179 18821
180 16211
181 13693
182 11702
183 9971
184 8271
185 6939
186 5812
187 4837
188 4008
189 3428
190 2628
191 2174
192 1846
193 1569
194 1335
195 1138
196 972
197 914
198 907
199 854
200 812
201 819
202 878
203 915
204 995
205 981
206 1072
207 1182
208 1290
209 1495
210 1637
211 1804
212 1953
213 2132
214 2313
215 2435
216 2735
217 2876
218 3209
219 3494
220 3477
221 3791
222 3872
223 4114
224 4350
225 4437
226 4629
227 4766
228 5093
229 5000
230 5133
231 5266
232 5372
233 5392
234 5411
235 5417
236 5211
237 5328
238 5343
239 5341
240 5096
241 4913
242 4855
243 4639
244 4439
245 4333
246 4143
247 3973
248 3671
249 3601
250 3251
251 2982
252 2929
253 2796
254 2556
255 2303
256 2274
257 1976
258 1814
259 1690
260 1600
261 1481
262 1370
263 1268
264 1196
265 1050
266 980
267 930
268 868
269 828
270 807
271 694
272 702
273 649
274 610
275 598
276 577
277 575
278 570
279 587
280 561
281 604
282 614
283 656
284 719
285 755
286 745
287 773
288 805
289 778
290 875
291 814
292 806
293 873
294 873
295 850
296 878
297 910
298 941
299 930
300 950
301 933
302 979
303 947
304 1004
305 936
306 987
307 920
308 982
309 909
310 890
311 946
312 864
313 820
314 775
315 723
316 731
317 632
318 631
319 662
320 581
321 620
322 621
323 535
324 495
325 517
326 461
327 444
328 378
329 367
330 385
331 342
332 324
333 280
334 289
335 245
336 242
337 245
338 231
339 220
340 204
341 211
342 172
343 161
344 143
345 130
346 119
347 97
348 80
349 96
350 64
351 84
352 71
353 64
354 76
355 65
356 63
357 52
358 65
359 55
360 45
361 42
362 62
363 53
364 66
365 69
366 67
367 56
368 69
369 72
370 76
371 73
372 63
373 60
374 53
375 64
376 56
377 53
378 58
379 59
380 57
381 47
382 39
383 37
384 34
385 47
386 45
387 54
388 57
389 57
390 56
391 52
392 47
393 59
394 52
395 45
396 61
397 63
398 75
399 72
400 63
401 52
402 64
403 53
404 59
405 50
406 55
407 59
408 87
409 55
410 86
411 71
412 86
413 70
414 87
415 95
416 85
417 101
418 89
419 94
420 107
421 114
422 116
423 99
424 106
425 122
426 99
427 114
428 103
429 115
430 114
431 143
432 163
433 151
434 187
435 170
436 165
437 163
438 179
439 180
440 177
441 201
442 171
443 197
444 184
445 177
446 163
447 157
448 173
449 166
450 182
451 183
452 182
453 163
454 158
455 163
456 209
457 130
458 213
459 150
460 149
461 154
462 177
463 167
464 145
465 152
466 155
467 142
468 135
469 135
470 138
471 117
472 143
473 126
474 144
475 120
476 126
477 105
478 107
479 116
480 120
481 103
482 120
483 124
484 106
485 130
486 83
487 91
488 80
489 92
490 106
491 95
492 87
493 90
494 92
495 76
496 65
497 79
498 74
499 53
500 67
501 58
502 49
503 63
504 57
505 61
506 70
507 63
508 61
509 55
510 58
511 66
512 46
513 55
514 71
515 57
516 60
517 57
518 49
519 56
520 44
521 51
522 41
523 49
524 51
525 51
526 37
527 50
528 49
529 42
530 46
531 46
532 59
533 55
534 45
535 47
536 43
537 43
538 57
539 42
540 43
541 39
542 32
543 46
544 43
545 52
546 45
547 42
548 43
549 58
550 48
551 43
552 53
553 53
554 47
555 50
556 63
557 66
558 60
559 53
560 66
561 82
562 63
563 76
564 82
565 70
566 68
567 70
568 70
569 74
570 69
571 70
572 78
573 61
574 80
575 82
576 73
577 79
578 84
579 87
580 77
581 77
582 77
583 82
584 70
585 80
586 81
587 71
588 57
589 72
590 69
591 83
592 80
593 75
594 90
595 89
596 103
597 91
598 85
599 89
600 83
601 106
602 101
603 84
604 98
605 98
606 102
607 103
608 103
609 102
610 103
611 103
612 89
613 107
614 104
615 120
616 122
617 124
618 124
619 121
620 131
621 128
622 110
623 102
624 134
625 114
626 135
627 126
628 105
629 149
630 127
631 99
632 100
633 82
634 94
635 109
636 77
637 88
638 74
639 77
640 67
641 57
642 57
643 51
644 67
645 62
646 65
647 62
648 60
649 64
650 62
651 48
652 37
653 45
654 65
655 58
656 40
657 42
658 38
659 34
660 33
661 29
662 35
663 33
664 28
665 27
666 38
667 27
668 36
669 31
670 32
671 24
672 32
673 24
674 32
675 22
676 11
677 18
678 17
679 14
680 16
681 14
682 10
683 7
684 5
685 12
686 13
687 21
688 9
689 10
690 12
691 13
692 11
693 16
694 17
695 13
696 20
697 17
698 11
699 15
700 23
701 19
702 22
703 18
704 14
705 20
706 28
707 20
708 17
709 22
710 22
711 24
712 19
713 24
714 28
715 22
716 28
717 25
718 22
719 26
720 26
721 22
722 18
723 24
724 24
725 21
726 28
727 25
728 34
729 26
730 29
731 34
732 42
733 21
734 32
735 34
736 19
737 26
738 26
739 32
740 24
741 23
742 29
743 28
744 39
745 27
746 35
747 48
748 28
749 29
750 43
751 35
752 36
753 40
754 41
755 54
756 39
757 39
758 43
759 30
760 41
761 44
762 42
763 47
764 37
765 39
766 41
767 47
768 36
769 27
770 34
771 31
772 26
773 26
774 25
775 23
776 30
777 32
778 20
779 23
780 22
781 33
782 23
783 31
784 30
785 23
786 19
787 30
788 18
789 15
790 28
791 22
792 20
793 15
794 19
795 23
796 20
797 23
798 15
799 24
800 17
801 23
802 17
803 11
804 18
805 13
806 23
807 28
808 17
809 17
810 19
811 19
812 33
813 19
814 24
815 27
816 17
817 17
818 16
819 24
820 25
821 24
822 14
823 24
824 14
825 22
826 21
827 16
828 18
829 18
830 19
831 8
832 19
833 18
834 20
835 13
836 12
837 21
838 8
839 11
840 11
841 12
842 16
843 17
844 15
845 16
846 7
847 15
848 20
849 14
850 22
851 18
852 15
853 25
854 9
855 13
856 23
857 23
858 19
859 17
860 17
861 18
862 13
863 27
864 14
865 20
866 15
867 11
868 10
869 16
870 13
871 19
872 14
873 12
874 7
875 11
876 10
877 10
878 8
879 14
880 18
881 6
882 16
883 12
884 10
885 16
886 9
887 16
888 12
889 13
890 11
891 13
892 11
893 9
894 9
895 7
896 9
897 8
898 7
899 11
900 7
901 11
902 8
903 11
904 8
905 6
906 10
907 8
908 11
909 6
910 8
911 14
912 16
913 13
914 20
915 13
916 18
917 15
918 13
919 10
920 16
921 17
922 23
923 16
924 18
925 24
926 21
927 29
928 36
929 26
930 46
931 34
932 43
933 48
934 36
935 43
936 53
937 58
938 65
939 78
940 86
941 87
942 103
943 96
944 111
945 129
946 134
947 164
948 178
949 197
950 225
951 252
952 306
953 294
954 352
955 423
956 453
957 485
958 476
959 528
960 610
961 641
962 666
963 803
964 836
965 867
966 975
967 1026
968 1169
969 1187
970 1296
971 1399
972 1573
973 1717
974 1750
975 1963
976 2137
977 2184
978 2332
979 2582
980 2681
981 2973
982 3059
983 3241
984 3534
985 3738
986 3991
987 4169
988 4664
989 4953
990 4963
991 5419
992 5703
993 5950
994 6411
995 6494
996 7110
997 7493
998 7761
999 8177
1000 8506
1001 8923
1002 9382
1003 9742
1004 10091
1005 10728
1006 11064
1007 11589
1008 12134
1009 12573
1010 13365
1011 13601
1012 14122
1013 14460
1014 15059
1015 15577
1016 16156
1017 16307
1018 17097
1019 17671
1020 17971
1021 18587
1022 18855
1023 19201
1024 19896
1025 20252
1026 20804
1027 21305
1028 21667
1029 22101
1030 22401
1031 23097
1032 23578
1033 23773
1034 24204
1035 24574
1036 24870
1037 25144
1038 25414
1039 25587
1040 26019
1041 26044
1042 26261
1043 26657
1044 26770
1045 26704
1046 27168
1047 26993
1048 27240
1049 26824
1050 26898
1051 27028
1052 26864
1053 26858
1054 26530
1055 26600
1056 26685
1057 26400
1058 26118
1059 26000
1060 25477
1061 25517
1062 25181
1063 24961
1064 24727
1065 24340
1066 23868
1067 23472
1068 22885
1069 22558
1070 22178
1071 21711
1072 21418
1073 20949
1074 20299
1075 19863
1076 19367
1077 19069
1078 18468
1079 17943
1080 17242
1081 16761
1082 16337
1083 15915
1084 15505
1085 15196
1086 14186
1087 13964
1088 13526
1089 12961
1090 12391
1091 12165
1092 11711
1093 11301
1094 10864
1095 10419
1096 10080
1097 9645
1098 9285
1099 8818
1100 8340
1101 8050
1102 7706
1103 7284
1104 6863
1105 6582
1106 6361
1107 5817
1108 5645
1109 5379
1110 4988
1111 4833
1112 4416
1113 4238
1114 4058
1115 3712
1116 3628
1117 3340
1118 3184
1119 2942
1120 2812
1121 2601
1122 2549
1123 2250
1124 2150
1125 2013
1126 1906
1127 1784
1128 1646
1129 1513
1130 1429
1131 1287
1132 1253
1133 1144
1134 1031
1135 991
1136 929
1137 876
1138 834
1139 723
1140 663
1141 647
1142 616
1143 533
1144 519
1145 457
1146 434
1147 380
1148 349
1149 329
1150 318
1151 240
1152 237
1153 229
1154 233
1155 219
1156 213
1157 168
1158 157
1159 146
1160 134
1161 117
1162 153
1163 111
1164 112
1165 119
1166 109
1167 107
1168 98
1169 103
1170 95
1171 94
1172 88
1173 74
1174 84
1175 83
1176 74
1177 76
1178 72
1179 80
1180 79
1181 61
1182 61
1183 76
1184 56
1185 69
1186 67
1187 54
1188 63
1189 77
1190 62
1191 63
1192 63
1193 63
1194 54
1195 47
1196 83
1197 69
1198 50
1199 61
1200 54
1201 73
1202 53
1203 44
1204 49
1205 50
1206 45
1207 36
1208 52
1209 41
1210 43
1211 35
1212 35
1213 23
1214 21
1215 35
1216 15
1217 25
1218 30
1219 29
1220 21
1221 19
1222 15
1223 18
1224 17
1225 20
1226 21
1227 20
1228 20
1229 20
1230 13
1231 23
1232 23
1233 26
1234 10
1235 20
1236 22
1237 17
1238 23
1239 15
1240 14
1241 9
1242 16
1243 9
1244 16
1245 13
1246 10
1247 14
1248 13
1249 10
1250 9
1251 10
1252 9
1253 14
1254 5
1255 12
1256 12
1257 13
1258 8
1259 10
1260 13
1261 4
1262 5
1263 6
1264 9
1265 5
1266 8
1267 5
1268 5
1269 3
1270 6
1271 2
1272 6
1273 4
1274 6
1275 4
1276 1
1277 4
1278 3
1279 1
1280 2
1281 3
1282 4
1283 4
1284 5
1285 6
1286 2
1287 8
1288 5
1289 7
1290 2
1291 3
1292 3
1293 5
1294 6
1295 3
1296 3
1297 3
1298 7
1299 6
1300 6
1301 12
1302 10
1303 14
1304 7
1305 11
1306 10
1307 8
1308 6
1309 7
1310 3
1311 9
1312 11
1313 5
1314 5
1315 9
1316 4
1317 7
1318 5
1319 6
1320 7
1321 4
1322 4
1323 8
1324 12
1325 2
1326 8
1327 7
1328 4
1330 3
1331 9
1332 1
1333 6
1334 5
1335 1
1336 5
1337 6
1338 4
1339 8
1340 4
1341 6
1342 10
1343 5
1344 4
1345 4
1346 6
1347 2
1348 3
1349 6
1350 2
1351 5
1352 5
1353 2
1354 1
1356 8
1357 1
1358 3
1359 2
1361 4
1362 3
1363 3
1364 4
1365 8
1366 4
1367 6
1368 1
1369 3
1370 4
1371 1
1373 1
1374 1
1375 3
1376 2
1377 1
1378 5
1379 3
1380 2
1381 2
1382 2
1383 5
1384 2
1385 9
1386 5
1387 2
1388 5
1389 6
1390 4
1391 2
1392 5
1393 3
1394 1
1395 6
1396 4
1397 5
1398 6
1399 6
1400 5
1401 9
1402 8
1403 6
1404 6
1405 5
1406 7
1407 3
1408 5
1409 1
1410 6
1411 4
1412 2
1413 6
1414 7
1415 7
1416 3
1417 5
1418 8
1419 7
1420 3
1421 6
1422 3
1423 3
1424 5
1425 7
1426 3
1427 5
1428 6
1429 6
1430 2
1431 4
1432 2
1433 5
1434 5
1435 2
1436 4
1437 5
1438 5
1439 2
1440 2
1441 2
1442 3
1443 5
1444 2
1445 2
1446 1
1447 2
1448 1
1449 3
1450 1
1452 1
1453 3
1454 1
1455 2
1456 3
1457 1
1458 2
1459 6
1460 3
1461 3
1462 2
1463 4
1464 2
1465 3
1466 2
1467 2
1468 5
1469 3
1470 4
1471 4
1472 3
1473 8
1475 5
1476 1
1477 3
1478 3
1479 3
1480 7
1481 3
1482 1
1483 5
1484 1
1485 3
1486 3
1487 4
1488 3
1489 2
1490 4
1491 1
1492 2
1493 2
1495 1
1496 6
1497 4
1498 2
1499 4
1500 3
1501 2
1503 3
1504 6
1505 1
1506 4
1507 2
1508 1
1509 5
1510 2
1511 4
1513 2
1514 4
1515 3
1517 2
1518 1
1519 3
1520 4
1521 3
1522 4
1523 2
1524 2
1525 4
1526 2
1527 1
1528 1
1530 3
1531 1
1532 3
1533 6
1535 4
1536 2
1537 5
1538 2
1539 1
1540 3
1541 4
1542 4
1543 8
1544 3
1545 4
1546 4
1547 2
1548 2
1549 2
1551 2
1552 1
1553 3
1554 5
1555 4
1556 4
1557 1
1558 4
1559 4
1560 5
1561 1
1563 4
1564 1
1565 2
1566 3
1568 4
1569 3
1570 3
1571 1
1572 3
1573 4
1574 2
1575 1
1576 1
1577 3
1579 5
1580 4
1581 1
1582 2
1583 2
1584 2
1585 2
1586 3
1587 5
1588 4
1590 1
1591 2
1592 1
1594 2
1595 1
1596 3
1597 5
1598 1
1599 1
1600 1
1601 2
1602 2
1603 1
1604 4
1606 4
1607 3
1608 2
1609 2
1610 2
1611 5
1612 4
1613 1
1614 1
1615 1
1616 2
1617 2
1618 4
1620 3
1621 3
1623 4
1624 1
1625 2
1626 1
1628 1
1629 1
1630 1
1631 2
1636 1
1637 2
1638 1
1639 4
1640 1
1641 2
1642 2
1643 2
1648 1
1649 2
1650 2
1652 1
1653 1
1654 1
1657 1
1658 1
1659 1
1660 2
1661 4
1662 1
1663 1
1664 1
1666 5
1667 2
1668 3
1669 3
1670 2
1671 3
1675 2
1676 2
1677 2
1678 4
1679 5
1680 2
1682 2
1683 4
1684 4
1685 3
1686 1
1687 2
1688 2
1689 1
1690 3
1691 1
1692 4
1693 2
1694 1
1695 3
1696 4
1697 3
1699 7
1700 6
1701 2
1702 2
1703 2
1704 1
1705 2
1706 5
1707 6
1708 3
1709 1
1710 2
1711 3
1712 5
1713 5
1714 1
1716 2
1717 6
1718 4
1720 2
1721 1
1722 2
1723 1
1724 1
1725 2
1727 4
1728 2
1729 3
1730 1
1731 5
1732 2
1733 4
1734 1
1735 1
1736 3
1737 3
1738 5
1739 3
1740 1
1741 1
1742 3
1744 1
1745 1
1746 2
1747 1
1748 3
1749 3
1750 1
1751 5
1752 2
1753 2
1754 2
1755 4
1756 2
1757 4
1758 2
1759 3
1760 3
1761 1
1762 2
1763 1
1764 1
1766 2
1767 1
1768 1
1771 2
1772 2
1774 4
1775 2
1776 2
1777 1
1778 1
1779 1
1780 1
1782 1
1783 1
1784 5
1785 3
1786 1
1787 1
1788 1
1789 1
1792 1
1793 1
1794 1
1795 1
1796 1
1797 1
1799 2
1800 1
1802 5
1803 1
1804 2
1805 1
1806 1
1807 1
1808 2
1809 2
1810 2
1811 2
1812 2
1813 3
1815 3
1816 1
1817 2
1818 1
1820 1
1822 3
1824 1
1825 2
1826 3
1829 2
1830 2
1831 1
1832 1
1834 1
1837 1
1839 1
1842 1
1849 1
1853 1
1859 1
1865 1
1868 1
1870 1
1873 1
1875 1
1880 1
1881 1
1882 1
1883 1
1886 1
1887 1
1889 1
1891 1
1893 1
1895 2
1896 1
1897 1
1898 1
1900 1
1901 1
1902 2
1904 1
1905 2
1907 2
1908 1
1911 1
1913 1
1915 1
1916 1
1923 1
1930 1
1932 1
1936 1
1937 1
1938 1
1946 2
1948 2
1950 1
1952 1
1954 3
1955 2
1956 3
1957 2
1958 1
1959 4
1960 3
1961 3
1962 3
1963 2
1964 1
1965 2
1966 3
1967 5
1968 3
1969 1
1971 2
1972 3
1974 2
1975 1
1977 3
1978 3
1979 6
1980 4
1981 7
1982 3
1983 9
1984 4
1985 5
1986 4
1987 4
1988 5
1989 4
1990 2
1991 5
1992 3
1993 1
1994 6
1995 7
1996 4
1997 5
1998 6
1999 3
2000 6
2001 6
2002 5
2003 4
2004 3
2005 4
2006 1
2007 4
2008 2
2009 4
2010 5
2011 4
2012 4
2013 11
2014 7
2015 8
2016 11
2017 8
2018 13
2019 16
2020 12
2021 5
2022 10
2023 13
2024 10
2025 13
2026 5
2027 13
2028 9
2029 14
2030 14
2031 10
2032 22
2033 17
2034 19
2035 23
2036 24
2037 24
2038 19
2039 21
2040 13
2041 16
2042 19
2043 20
2044 18
2045 17
2046 20
2047 20
2048 22
2049 23
2050 18
2051 27
2052 22
2053 20
2054 25
2055 21
2056 28
2057 27
2058 18
2059 32
2060 34
2061 40
2062 28
2063 27
2064 29
2065 28
2066 27
2067 22
2068 17
2069 24
2070 22
2071 32
2072 34
2073 35
2074 38
2075 44
2076 34
2077 30
2078 36
2079 37
2080 48
2081 39
2082 34
2083 44
2084 35
2085 50
2086 28
2087 41
2088 23
2089 41
2090 38
2091 33
2092 34
2093 30
2094 35
2095 34
2096 35
2097 39
2098 27
2099 45
2100 28
2101 27
2102 26
2103 36
2104 33
2105 31
2106 37
2107 36
2108 25
2109 27
2110 34
2111 37
2112 28
2113 50
2114 39
2115 42
2116 37
2117 30
2118 37
2119 29
2120 38
2121 31
2122 43
2123 41
2124 28
2125 50
2126 27
2127 21
2128 28
2129 33
2130 37
2131 42
2132 37
2133 36
2134 46
2135 38
2136 37
2137 47
2138 33
2139 26
2140 38
2141 27
2142 42
2143 44
2144 32
2145 35
2146 32
2147 41
2148 33
2149 37
2150 39
2151 33
2152 30
2153 29
2154 16
2155 28
2156 30
2157 28
2158 33
2159 32
2160 31
2161 31
2162 30
2163 33
2164 22
2165 23
2166 26
2167 27
2168 23
2169 27
2170 24
2171 26
2172 17
2173 19
2174 23
2175 24
2176 15
2177 12
2178 18
2179 19
2180 11
2181 20
2182 12
2183 19
2184 19
2185 12
2186 16
2187 12
2188 11
2189 16
2190 10
2191 12
2192 12
2193 14
2194 11
2195 11
2196 8
2197 5
2198 3
2199 9
2200 4
2201 9
2202 10
2203 9
2204 10
2205 4
2206 3
2207 3
2208 5
2209 3
2210 6
2211 6
2212 3
2213 6
2214 3
2215 4
2216 1
2217 4
2218 4
2219 1
2220 6
2221 2
2223 2
2224 4
2225 3
2226 2
2227 2
2228 2
2229 1
2230 4
2231 4
2232 3
2233 3
2234 3
2235 1
2236 2
2237 2
2238 4
2239 1
2240 1
2241 2
2242 2
2243 1
2245 2
2246 1
2249 2
2250 4
2251 2
2255 1
2256 1
2257 1
2258 1
2260 3
2261 3
2263 1
2264 3
2266 1
2267 2
2268 1
2271 1
2272 2
2283 1
2289 1
2290 1
2292 1
2319 1
2324 2
2327 1
2328 1
2330 1
2331 1
2333 2
2337 2
2339 1
2341 1
2342 3
2343 1
2346 2
2351 1
2353 1
2354 1
2355 2
2359 1
2360 1
2362 1
2364 2
2366 1
2371 1
2376 1
2382 1
2383 2
2388 1
2393 1
2397 1
2398 1
2401 2
2403 1
2406 2
2407 1
2408 1
2409 1
2410 1
2411 1
2412 1
2415 1
2416 1
2417 2
2418 1
2420 1
2422 1
2423 1
2424 2
2425 1
2426 1
2427 5
2429 2
2431 2
2433 1
2434 2
2436 2
2437 2
2438 1
2439 1
2441 2
2442 3
2448 1
2449 2
2454 1
2457 1
2459 1
2460 1
2462 1
2463 2
2464 2
2466 2
2467 4
2468 2
2470 3
2472 3
2473 1
2476 2
2477 2
2478 2
2479 4
2480 1
2481 2
2482 2
2483 3
2484 1
2485 1
2487 3
2488 1
2490 2
2491 3
2492 1
2493 4
2494 1
2496 3
2497 1
2498 2
2499 1
2500 2
2503 1
2504 1
2507 2
2508 1
2509 1
2510 2
2511 2
2515 2
2516 1
2518 1
2520 1
2521 2
2522 3
2526 1
2527 2
2528 1
2529 2
2530 1
2531 1
2532 2
2533 1
2534 1
2537 2
2538 1
2543 1
2544 1
2545 1
2547 2
2551 1
2552 1
2553 1
2555 1
2556 1
2558 1
2559 1
2561 1
2562 1
2564 1
2567 1
2569 1
2570 1
2571 1
2573 1
2574 2
2575 2
2576 2
2579 3
2582 1
2584 1
2586 2
2587 2
2592 1
2601 1
2602 1
2605 1
2607 1
2608 1
2609 2
2610 1
2612 1
2615 1
2618 1
2622 2
2623 1
2624 1
2626 1
2627 1
2629 1
2630 1
2631 1
2637 2
2639 2
2643 1
2645 2
2647 1
2649 1
2653 5
2655 2
2656 2
2659 1
2660 3
2661 2
2665 1
2669 1
2672 1
2677 2
2679 1
2681 2
2686 1
2693 1
2711 2
2722 1
2727 2
2732 2
2735 1
2738 1
2740 1
2742 2
2743 3
2744 1
2745 1
2746 1
2750 1
2753 1
2754 1
2755 1
2760 1
2761 1
2763 1
2765 1
2767 3
2768 1
2770 1
2771 3
2772 1
2773 2
2774 1
2775 2
2777 1
2778 5
2779 2
2780 1
2781 2
2782 1
2783 2
2784 3
2785 2
2789 7
2790 1
2792 1
2794 1
2795 4
2796 1
2797 1
2798 2
2799 1
2800 1
2801 1
2802 1
2803 1
2804 2
2805 1
2808 1
2809 2
2810 2
2811 2
2812 1
2813 1
2814 1
2815 2
2816 1
2817 1
2818 2
2819 2
2820 1
2821 1
2823 2
2826 1
2828 1
2829 1
2830 1
2831 1
2835 1
2836 2
2838 1
2841 1
2846 1
2848 1
2849 1
2850 1
2851 2
2852 1
2853 2
2854 3
2860 1
2863 2
2867 1
2868 1
2881 2
2886 1
2887 1
2890 1
2891 1
2894 1
2897 1
2901 1
2904 1
2909 1
2910 1
2919 1
2923 1
2987 1
3017 1
3050 2
3058 1
3065 1
3067 1
3069 1
3070 1
3071 1
3072 1
3073 1
3075 1
3076 2
3077 4
3081 1
3082 2
3083 1
3084 3
3085 6
3088 1
3089 2
3090 2
3091 2
3092 1
3093 3
3094 2
3095 4
3097 1
3098 2
3099 5
3100 3
3101 3
3102 2
3104 1
3105 3
3106 3
3107 3
3108 1
3109 2
3110 2
3111 2
3112 3
3113 3
3114 3
3115 6
3116 1
3117 5
3118 1
3119 2
3120 1
3121 3
3122 1
3123 1
3124 2
3125 4
3126 5
3129 1
3130 6
3131 2
3132 4
3133 1
3134 3
3135 2
3136 2
3137 1
3138 1
3139 5
3140 3
3141 3
3142 1
3144 2
3146 2
3147 3
3148 3
3149 4
3152 1
3153 1
3154 1
3155 3
3156 2
3157 2
3160 4
3161 3
3162 1
3164 1
3166 3
3167 2
3168 2
3169 5
3170 2
3171 1
3172 2
3173 2
3174 3
3175 3
3176 1
3177 2
3178 2
3180 5
3181 3
3182 2
3183 3
3184 2
3186 3
3187 2
3188 1
3189 2
3190 2
3191 2
3192 2
3193 1
3195 1
3196 2
3197 1
3199 4
3200 3
3201 1
3202 1
3203 3
3204 2
3206 2
3207 5
3208 2
3209 2
3210 1
3211 3
3212 1
3213 3
3214 2
3216 2
3217 2
3218 2
3219 2
3220 5
3221 1
3222 1
3225 1
3226 1
3228 1
3230 1
3232 1
3233 2
3235 1
3257 2
3261 1
3297 1
3305 1
3325 1
3326 1
3330 1
3375 1
3383 1
3391 1
3397 1
3398 1
3400 1
3406 1
3407 1
3411 1
3412 1
3414 1
3416 1
3417 2
3420 1
3421 3
3422 1
3425 1
3427 1
3428 1
3431 1
3438 1
3439 1
3444 1
3445 1
3446 1
3447 1
3455 2
3456 1
3461 1
3462 2
3463 1
3464 1
3465 4
3466 1
3467 1
3468 3
3469 3
3470 1
3471 2
3472 2
3473 1
3474 1
3475 5
3476 1
3477 2
3478 1
3479 2
3480 2
3481 3
3483 3
3485 1
3486 2
3489 3
3490 2
3492 2
3493 1
3494 1
3495 3
3496 1
3497 1
3499 2
3500 1
3501 2
3510 1
3511 1
3513 2
3515 2
3518 2
3520 1
3526 2
3528 2
3530 1
3531 1
3533 1
3534 1
3535 1
3536 1
3539 1
3540 1
3544 1
3547 2
3548 1
3556 1
3558 1
3562 1
3563 1
3566 1
3568 1
3569 1
3571 1
3576 1
3579 1
3583 1
3587 1
3606 1
3613 1
3640 1
4009 1
4071 1
4081 1
4083 2
4084 1
4086 1
4087 1
4089 1
4106 1
4108 1
4124 1
4125 1
4131 2
4132 1
4133 1
4138 1
4139 3
4147 1
4150 1
4152 1
4154 2
4156 1
4157 1
4158 3
4160 2
4161 1
4163 1
4164 3
4165 1
4167 1
4171 2
4172 1
4174 2
4175 1
4176 1
4177 2
4178 1
4180 1
4182 1
4184 1
4188 1
4190 2
4194 1
4221 1
4222 1
4224 1
4235 1
4242 1
4245 1
4247 1
4258 1
4263 2
4287 1
4291 1
4296 2
4297 1
4304 1
4330 1
4420 1
4428 1
4431 1
4739 1
4752 1
4760 1
4874 1
4876 1
4897 1
5112 1
5137 1
5144 1
5146 1
5151 1
5198 1
5210 1
5211 1
5220 1
5225 1
5226 1
5227 1
5231 1
5286 1
5289 1
5295 1
5302 1
5304 1
5307 1
5308 1
5313 1
5317 1
5343 1
5351 1
6195 1
6204 1
6211 1
6286 1
6291 1
6292 1
6296 1
6304 1
6310 1
6316 1
6364 1
6443 1
6444 1
6518 1
6519 1
6526 1
6530 1
6538 1
6542 1
6568 1
6574 1
6589 1
6591 1
6592 1
6596 1
6598 2
6600 1
6602 1
6604 1
6605 3
6606 1
6607 1
6612 1
6616 1
6617 2
7210 1
7336 1
7347 2
7465 1
8389 1
8424 1
8439 1
9514 1
9604 1
10001 12
