1 21440243
2 6979843
3 3124888
4 1918932
5 1552071
6 1429349
7 1341209
8 1185609
9 973321
10 738014
11 508587
12 333126
13 202302
14 118524
15 69702
16 39887
17 24043
18 14634
19 9418
20 6217
21 4642
22 3582
23 2640
24 2173
25 1967
26 1764
27 1588
28 1508
29 1580
30 1668
31 1784
32 2302
33 2968
34 3805
35 5187
36 7223
37 9825
38 12976
39 17614
40 23052
41 29873
42 37271
43 46103
44 55997
45 65653
46 76581
47 87280
48 96374
49 104976
50 111895
51 116333
52 119190
53 120161
54 118935
55 116188
56 110275
57 103431
58 96096
59 86624
60 76908
61 67707
62 58759
63 49921
64 41502
65 34211
66 27513
67 22254
68 17395
69 13488
70 10546
71 7827
72 5876
73 4336
74 3275
75 2245
76 1662
77 1143
78 800
79 543
80 433
81 325
82 249
83 181
84 142
85 109
86 86
87 93
88 96
89 100
90 63
91 86
92 102
93 101
94 127
95 134
96 144
97 164
98 200
99 206
100 230
101 204
102 222
103 264
104 241
105 210
106 234
107 190
108 166
109 157
110 173
111 187
112 202
113 188
114 142
115 144
116 118
117 119
118 93
119 85
120 76
121 68
122 54
123 46
124 49
125 44
126 34
127 39
128 42
129 46
130 35
131 27
132 25
133 26
134 28
135 17
136 22
137 20
138 14
139 25
140 15
141 12
142 12
143 12
144 14
145 20
146 13
147 18
148 9
149 19
150 27
151 24
152 22
153 12
154 15
155 9
156 15
157 10
158 8
159 12
160 14
161 14
162 15
163 9
164 8
165 7
166 13
167 13
168 13
169 12
170 11
171 6
172 17
173 13
174 11
175 13
176 9
177 3
179 8
180 4
181 9
182 7
183 12
184 3
185 6
186 3
187 9
188 10
189 6
190 13
191 5
192 9
193 4
194 7
195 2
197 1
198 5
199 2
200 2
201 3
202 2
203 1
204 2
205 3
206 5
207 3
208 1
209 1
210 2
211 1
212 4
213 1
214 2
215 3
216 1
217 3
218 1
219 2
222 1
223 3
224 1
225 2
227 2
228 1
229 1
230 1
231 5
233 1
234 2
235 1
236 1
237 4
239 1
241 1
242 1
245 1
246 1
247 1
251 4
252 2
253 2
254 2
258 1
259 2
263 1
265 1
270 1
274 1
277 1
287 1
289 1
292 1
293 1
294 1
295 1
296 1
297 2
298 2
306 1
314 1
316 1
317 2
318 3
321 5
322 1
323 1
324 4
325 1
326 3
327 3
328 1
329 3
330 1
331 1
332 2
334 1
335 1
338 1
349 1
350 1
352 1
355 1
370 1
374 1
405 1
447 1
448 1
463 1
495 1
518 1
522 1
674 1
675 1
676 1
677 1
678 3
679 2
680 1
