1 23431186
2 14633054
3 9378510
4 6713519
5 5317922
6 4554329
7 4104745
8 3759540
9 3412836
10 3006554
11 2569200
12 2149811
13 1752323
14 1400725
15 1093168
16 845737
17 643356
18 495169
19 389394
20 331906
21 307018
22 306535
23 332104
24 366916
25 402754
26 436660
27 462663
28 477651
29 478602
30 463573
31 433961
32 395911
33 350123
34 299094
35 253717
36 207279
37 167839
38 132560
39 103814
40 83222
41 68625
42 58223
43 53564
44 52658
45 54754
46 58651
47 65176
48 71935
49 79726
50 87382
51 93843
52 99611
53 102611
54 104228
55 105077
56 103919
57 99604
58 94813
59 87644
60 81001
61 73421
62 65500
63 57750
64 50062
65 43317
66 37172
67 31652
68 27509
69 23372
70 21569
71 20367
72 20274
73 21525
74 23844
75 27279
76 32442
77 39081
78 46863
79 56441
80 67699
81 79491
82 93581
83 108364
84 123741
85 140976
86 158289
87 176994
88 194433
89 211982
90 229227
91 245336
92 259784
93 272069
94 283727
95 291347
96 298075
97 301711
98 302817
99 300175
100 295778
101 287101
102 278549
103 267155
104 254260
105 239755
106 223197
107 207641
108 189633
109 173398
110 156358
111 139166
112 123898
113 109065
114 94643
115 82182
116 70863
117 60696
118 51717
119 43815
120 36635
121 30589
122 25399
123 21083
124 17424
125 14020
126 11281
127 9088
128 7457
129 6136
130 5012
131 4242
132 3736
133 3261
134 3059
135 3009
136 2961
137 3036
138 3214
139 3525
140 3502
141 3931
142 4300
143 4462
144 4779
145 4987
146 5152
147 5515
148 5883
149 6092
150 6188
151 6326
152 6444
153 6443
154 6662
155 6577
156 6541
157 6691
158 6620
159 6410
160 6200
161 5960
162 5819
163 5539
164 5240
165 5039
166 4807
167 4535
168 4195
169 3938
170 3766
171 3135
172 2986
173 2883
174 2499
175 2307
176 2184
177 1961
178 1971
179 1753
180 1741
181 1575
182 1442
183 1488
184 1337
185 1293
186 1251
187 1266
188 1237
189 1293
190 1283
191 1240
192 1259
193 1219
194 1159
195 1140
196 1170
197 1190
198 1130
199 1144
200 1078
201 1128
202 1138
203 1090
204 1082
205 1033
206 959
207 1020
208 941
209 949
210 952
211 854
212 847
213 831
214 776
215 714
216 698
217 612
218 565
219 522
220 505
221 446
222 415
223 390
224 374
225 341
226 346
227 305
228 292
229 275
230 255
231 250
232 191
233 239
234 168
235 165
236 181
237 138
238 162
239 158
240 144
241 131
242 123
243 101
244 113
245 116
246 97
247 109
248 111
249 100
250 113
251 96
252 105
253 110
254 115
255 100
256 100
257 87
258 109
259 98
260 128
261 122
262 117
263 115
264 148
265 130
266 139
267 143
268 133
269 117
270 123
271 146
272 107
273 148
274 129
275 131
276 153
277 144
278 155
279 154
280 151
281 177
282 199
283 167
284 198
285 214
286 205
287 184
288 227
289 243
290 228
291 263
292 250
293 219
294 223
295 223
296 198
297 211
298 238
299 213
300 216
301 235
302 229
303 213
304 237
305 221
306 212
307 227
308 243
309 216
310 248
311 233
312 275
313 228
314 186
315 178
316 191
317 189
318 181
319 152
320 179
321 169
322 163
323 138
324 121
325 135
326 116
327 110
328 102
329 98
330 103
331 98
332 107
333 99
334 93
335 101
336 76
337 79
338 90
339 75
340 69
341 68
342 68
343 71
344 75
345 74
346 70
347 77
348 70
349 76
350 79
351 97
352 84
353 76
354 67
355 63
356 67
357 82
358 76
359 93
360 78
361 74
362 71
363 91
364 86
365 82
366 89
367 118
368 88
369 117
370 91
371 109
372 116
373 102
374 110
375 117
376 73
377 108
378 118
379 121
380 121
381 96
382 121
383 113
384 109
385 110
386 139
387 129
388 134
389 122
390 118
391 130
392 140
393 129
394 133
395 127
396 137
397 113
398 162
399 135
400 156
401 192
402 176
403 157
404 188
405 182
406 194
407 161
408 164
409 144
410 182
411 190
412 159
413 169
414 130
415 173
416 134
417 117
418 115
419 148
420 103
421 115
422 90
423 76
424 75
425 71
426 51
427 56
428 68
429 74
430 72
431 73
432 66
433 66
434 58
435 87
436 61
437 67
438 57
439 70
440 59
441 47
442 53
443 51
444 41
445 31
446 39
447 50
448 41
449 40
450 47
451 53
452 37
453 47
454 41
455 41
456 49
457 43
458 48
459 44
460 37
461 48
462 39
463 40
464 31
465 34
466 39
467 32
468 26
469 38
470 38
471 47
472 33
473 39
474 40
475 35
476 48
477 44
478 42
479 34
480 35
481 49
482 42
483 54
484 40
485 56
486 40
487 50
488 47
489 59
490 63
491 43
492 51
493 59
494 73
495 57
496 47
497 51
498 48
499 43
500 42
501 41
502 42
503 43
504 46
505 34
506 49
507 22
508 24
509 30
510 36
511 42
512 30
513 40
514 32
515 49
516 27
517 29
518 38
519 31
520 41
521 40
522 30
523 25
524 36
525 32
526 29
527 36
528 16
529 34
530 20
531 27
532 22
533 22
534 21
535 20
536 28
537 24
538 24
539 25
540 32
541 31
542 23
543 35
544 36
545 20
546 24
547 41
548 27
549 35
550 33
551 31
552 19
553 30
554 32
555 24
556 23
557 24
558 17
559 25
560 21
561 19
562 16
563 11
564 22
565 21
566 8
567 10
568 12
569 16
570 20
571 20
572 20
573 17
574 23
575 14
576 22
577 18
578 15
579 19
580 15
581 25
582 21
583 20
584 18
585 18
586 14
587 23
588 16
589 34
590 19
591 34
592 42
593 30
594 32
595 47
596 46
597 55
598 55
599 54
600 59
601 77
602 93
603 94
604 87
605 128
606 119
607 158
608 170
609 165
610 178
611 198
612 231
613 284
614 301
615 336
616 361
617 422
618 493
619 509
620 591
621 605
622 747
623 842
624 922
625 987
626 1119
627 1239
628 1405
629 1578
630 1635
631 1798
632 2037
633 2253
634 2326
635 2561
636 2908
637 3126
638 3388
639 3639
640 3921
641 4175
642 4652
643 5083
644 5421
645 5952
646 6275
647 6820
648 7275
649 7782
650 8315
651 8835
652 9491
653 10137
654 10424
655 11260
656 11925
657 12301
658 13062
659 13701
660 14575
661 15271
662 16128
663 16734
664 17590
665 18392
666 19386
667 19774
668 20705
669 21725
670 22104
671 23105
672 23895
673 24996
674 25496
675 26398
676 27256
677 27768
678 28486
679 29081
680 29990
681 30502
682 30773
683 31283
684 31762
685 32048
686 32477
687 33070
688 33024
689 33019
690 33759
691 33675
692 33498
693 33613
694 34398
695 33539
696 33617
697 33534
698 33311
699 33409
700 32872
701 32422
702 32121
703 31899
704 31375
705 30815
706 30341
707 29676
708 29170
709 28373
710 27856
711 27021
712 26062
713 25418
714 25029
715 24171
716 23656
717 22425
718 22029
719 21231
720 20402
721 19660
722 18859
723 18373
724 17544
725 16747
726 16004
727 14984
728 14215
729 13375
730 12803
731 12312
732 11558
733 10681
734 10249
735 9704
736 9159
737 8575
738 8040
739 7647
740 7228
741 6743
742 6307
743 5833
744 5451
745 5034
746 4811
747 4340
748 4210
749 3788
750 3535
751 3221
752 2994
753 2885
754 2524
755 2519
756 2188
757 2031
758 1870
759 1729
760 1522
761 1525
762 1321
763 1182
764 1085
765 1101
766 988
767 813
768 742
769 723
770 618
771 567
772 531
773 482
774 415
775 396
776 362
777 296
778 289
779 254
780 239
781 239
782 215
783 202
784 175
785 176
786 158
787 179
788 124
789 129
790 133
791 106
792 108
793 102
794 97
795 92
796 81
797 78
798 60
799 75
800 66
801 51
802 61
803 46
804 43
805 44
806 42
807 45
808 43
809 44
810 30
811 40
812 45
813 36
814 47
815 35
816 33
817 37
818 23
819 26
820 33
821 27
822 23
823 20
824 16
825 21
826 13
827 20
828 14
829 23
830 23
831 14
832 11
833 21
834 21
835 18
836 15
837 18
838 14
839 11
840 16
841 12
842 8
843 12
844 13
845 16
846 5
847 12
848 19
849 10
850 9
851 11
852 12
853 8
854 3
855 7
856 10
857 7
858 4
859 11
860 15
861 3
862 11
863 8
864 7
865 6
866 5
867 8
868 10
869 6
870 7
871 10
872 11
873 6
874 10
875 10
876 8
877 7
878 8
879 7
880 11
881 9
882 11
883 11
884 4
885 15
886 5
887 1
888 6
889 3
890 4
891 3
892 8
893 4
894 4
895 10
896 9
897 4
898 7
899 6
900 11
901 11
902 5
903 4
904 8
905 7
906 8
907 3
908 6
909 5
910 1
911 5
912 1
913 4
914 4
915 10
916 2
917 4
918 2
919 4
920 6
921 1
922 4
923 4
925 3
926 3
927 6
928 3
929 6
930 2
931 4
932 5
933 6
934 9
935 8
936 6
937 6
938 3
939 7
940 6
941 4
942 6
943 6
944 5
945 6
946 8
947 9
948 4
949 7
950 2
951 4
952 5
953 2
954 5
955 9
956 7
957 14
958 6
959 4
960 4
961 7
962 2
963 2
964 7
965 2
966 5
967 10
968 7
969 2
970 4
971 2
972 4
973 9
974 3
975 7
976 3
977 5
978 2
979 4
980 5
981 2
982 5
983 6
984 7
985 3
986 3
987 4
988 13
989 4
990 6
991 7
992 5
993 3
994 7
995 9
996 7
997 2
998 6
1000 5
1001 4
1002 5
1003 6
1004 2
1005 3
1006 4
1007 2
1008 1
1009 2
1010 2
1011 7
1013 2
1014 1
1015 1
1016 2
1017 2
1018 4
1019 5
1020 3
1021 6
1022 4
1023 5
1024 1
1025 2
1026 5
1027 1
1028 3
1029 4
1030 4
1031 4
1032 2
1033 1
1034 8
1035 5
1036 3
1038 2
1040 1
1041 1
1042 2
1043 2
1044 4
1045 3
1046 3
1047 3
1048 2
1049 3
1050 7
1051 2
1052 5
1053 4
1054 3
1055 3
1056 6
1057 3
1058 9
1059 2
1060 8
1061 3
1062 3
1063 4
1064 6
1065 2
1066 3
1067 3
1068 5
1069 3
1070 2
1071 2
1072 3
1073 2
1074 1
1076 2
1077 6
1078 3
1079 6
1080 5
1082 3
1083 2
1084 1
1085 7
1086 5
1087 4
1088 1
1089 3
1090 3
1091 2
1092 5
1093 1
1094 4
1095 1
1096 2
1097 1
1098 3
1099 2
1100 3
1101 5
1102 3
1103 6
1104 5
1105 5
1106 4
1107 4
1108 5
1109 4
1110 4
1111 4
1112 2
1113 6
1114 3
1115 1
1116 4
1117 3
1118 3
1119 4
1120 3
1121 6
1122 7
1123 4
1124 1
1125 3
1126 5
1127 4
1128 1
1129 4
1130 1
1131 5
1133 1
1134 4
1135 5
1136 5
1137 3
1138 3
1139 5
1140 3
1141 2
1142 3
1143 4
1144 3
1145 4
1146 5
1147 4
1148 2
1149 3
1150 2
1151 4
1152 1
1153 3
1154 7
1155 2
1156 3
1157 4
1158 4
1159 1
1160 4
1161 2
1162 2
1163 5
1164 2
1165 2
1166 2
1169 1
1170 2
1171 4
1172 2
1173 1
1174 1
1175 1
1176 1
1178 1
1179 4
1180 4
1181 4
1182 2
1183 3
1184 3
1185 7
1186 4
1187 1
1188 3
1189 3
1190 1
1191 1
1192 2
1193 2
1195 1
1196 2
1197 1
1199 1
1200 2
1201 2
1202 1
1204 1
1205 2
1206 1
1207 1
1209 1
1210 6
1211 2
1212 1
1213 2
1215 1
1216 1
1217 2
1218 1
1221 1
1225 3
1227 1
1228 1
1229 2
1231 1
1232 2
1233 2
1235 1
1236 1
1237 1
1238 1
1239 2
1240 2
1241 1
1242 1
1243 2
1245 1
1246 1
1247 2
1248 2
1249 2
1250 1
1251 1
1253 1
1254 1
1255 1
1256 1
1258 2
1260 1
1262 3
1263 3
1269 1
1270 2
1272 1
1273 1
1277 1
1278 1
1279 1
1280 1
1281 3
1282 2
1283 1
1285 2
1286 2
1288 1
1291 3
1292 2
1294 1
1297 6
1298 7
1299 2
1300 3
1301 5
1302 2
1303 4
1304 1
1305 5
1306 7
1307 6
1308 4
1309 11
1310 6
1311 8
1312 9
1313 7
1314 3
1315 10
1316 7
1317 8
1318 5
1319 10
1320 8
1321 6
1322 9
1323 8
1324 11
1325 8
1326 10
1327 10
1328 14
1329 15
1330 11
1331 17
1332 14
1333 19
1334 26
1335 10
1336 21
1337 17
1338 19
1339 20
1340 19
1341 21
1342 27
1343 17
1344 25
1345 18
1346 33
1347 40
1348 33
1349 29
1350 34
1351 45
1352 33
1353 47
1354 35
1355 41
1356 42
1357 55
1358 63
1359 50
1360 42
1361 51
1362 43
1363 53
1364 48
1365 53
1366 55
1367 44
1368 49
1369 53
1370 54
1371 48
1372 58
1373 55
1374 54
1375 70
1376 67
1377 61
1378 58
1379 68
1380 65
1381 63
1382 58
1383 61
1384 58
1385 50
1386 65
1387 57
1388 62
1389 60
1390 63
1391 41
1392 56
1393 56
1394 61
1395 58
1396 53
1397 54
1398 55
1399 57
1400 70
1401 53
1402 48
1403 66
1404 62
1405 53
1406 35
1407 40
1408 36
1409 35
1410 46
1411 26
1412 31
1413 44
1414 48
1415 34
1416 46
1417 34
1418 33
1419 32
1420 40
1421 45
1422 34
1423 31
1424 39
1425 42
1426 36
1427 50
1428 32
1429 34
1430 30
1431 34
1432 35
1433 42
1434 27
1435 32
1436 21
1437 26
1438 28
1439 27
1440 39
1441 23
1442 28
1443 21
1444 8
1445 17
1446 15
1447 19
1448 15
1449 9
1450 6
1451 7
1452 7
1453 10
1454 8
1455 11
1456 7
1457 10
1458 4
1459 7
1460 4
1461 1
1462 2
1463 7
1464 6
1465 6
1466 4
1467 5
1469 3
1470 1
1471 4
1472 2
1473 1
1474 1
1475 3
1476 3
1477 2
1479 1
1480 2
1481 2
1482 3
1484 4
1485 5
1486 3
1488 3
1489 3
1491 1
1493 2
1494 1
1495 2
1496 3
1497 1
1498 3
1499 1
1502 2
1505 2
1506 2
1508 3
1510 2
1511 4
1512 2
1513 2
1514 1
1515 1
1516 1
1517 4
1518 1
1521 2
1522 1
1523 2
1525 1
1526 1
1527 1
1528 1
1529 1
1534 2
1541 1
1544 2
1548 3
1549 4
1550 3
1551 3
1552 2
1553 1
1554 1
1555 4
1556 3
1558 4
1559 2
1560 3
1561 3
1562 3
1563 2
1564 3
1566 3
1567 3
1568 3
1569 2
1570 1
1571 1
1573 2
1574 1
1575 1
1578 1
1579 3
1582 1
1587 1
1588 1
1592 1
1596 3
1598 1
1599 2
1601 1
1602 2
1604 2
1607 1
1609 1
1611 1
1619 1
1625 1
1627 1
1629 2
1630 1
1631 1
1632 1
1633 2
1637 1
1638 1
1639 3
1641 1
1642 3
1644 3
1646 2
1649 1
1650 5
1651 2
1653 2
1654 1
1655 2
1657 2
1659 1
1660 2
1661 3
1662 3
1663 2
1664 1
1665 2
1666 1
1668 1
1669 4
1670 1
1671 2
1673 1
1674 2
1675 1
1677 2
1679 2
1680 1
1684 3
1686 1
1687 1
1688 2
1689 4
1690 1
1691 2
1692 3
1694 1
1696 2
1700 1
1701 1
1702 3
1703 4
1704 2
1705 1
1706 1
1710 1
1711 1
1712 1
1714 1
1716 1
1718 1
1719 1
1721 1
1722 1
1723 1
1724 2
1725 1
1726 1
1727 1
1729 2
1730 1
1732 3
1733 1
1734 1
1735 2
1737 1
1747 1
1748 1
1751 2
1752 1
1753 2
1754 1
1756 1
1757 1
1759 1
1762 1
1763 3
1773 1
1775 1
1777 1
1778 3
1779 1
1780 4
1782 2
1783 1
1784 1
1785 2
1787 2
1788 1
1789 1
1790 1
1791 2
1792 1
1794 1
1795 1
1796 2
1797 2
1798 1
1799 1
1801 2
1802 3
1803 2
1804 1
1806 2
1807 3
1808 2
1809 1
1810 4
1811 2
1812 2
1813 1
1814 1
1815 3
1816 1
1817 2
1818 2
1819 2
1820 4
1822 1
1823 1
1825 1
1828 2
1829 1
1830 2
1831 1
1834 1
1835 4
1837 4
1838 2
1839 2
1840 1
1841 3
1842 2
1843 4
1844 2
1845 2
1846 4
1847 6
1848 2
1849 3
1850 2
1851 1
1852 1
1853 1
1854 3
1856 1
1858 1
1859 1
1861 1
1862 1
1864 1
1865 1
1868 1
1869 1
1870 1
1871 2
1874 2
1876 1
1877 1
1880 1
1882 2
1887 1
1888 1
1890 1
1895 1
1905 1
1907 2
1908 1
1911 1
1914 1
1915 1
1916 2
1917 1
1919 1
1924 1
1925 1
1926 1
1932 1
1933 1
1936 1
1939 1
1945 1
1947 1
1948 1
1965 1
1968 1
1981 1
1984 2
1987 1
1989 1
1992 1
1993 1
1994 2
1995 1
1997 5
1999 2
2000 1
2001 3
2003 1
2004 1
2006 1
2007 1
2010 1
2011 2
2012 1
2013 2
2014 1
2015 1
2016 2
2017 1
2018 2
2019 1
2021 1
2022 1
2024 1
2025 4
2026 2
2029 3
2030 3
2032 2
2033 2
2034 2
2035 4
2036 3
2037 2
2038 2
2039 2
2041 1
2042 2
2044 3
2046 2
2047 5
2049 1
2051 1
2052 3
2053 1
2054 1
2056 1
2057 1
2058 4
2059 1
2060 6
2061 1
2062 2
2063 1
2064 3
2065 3
2066 3
2068 1
2069 3
2070 2
2071 3
2072 4
2073 4
2074 4
2075 3
2076 4
2077 2
2078 6
2079 2
2080 3
2081 3
2082 5
2083 5
2084 8
2085 8
2086 1
2087 3
2088 6
2089 2
2090 2
2091 2
2092 4
2093 1
2095 1
2096 2
2097 3
2099 2
2100 2
2101 2
2102 5
2107 2
2108 2
2109 1
2110 1
2111 4
2112 1
2113 2
2114 2
2115 3
2116 2
2118 1
2119 2
2121 1
2122 2
2123 1
2124 1
2125 1
2126 1
2128 1
2130 1
2132 2
2134 2
2135 2
2136 1
2137 3
2138 2
2139 1
2141 2
2142 1
2144 1
2145 1
2146 1
2147 1
2148 1
2151 3
2153 1
2155 1
2156 2
2158 2
2159 2
2160 1
2161 2
2162 1
2164 2
2168 1
2169 1
2171 1
2191 1
2201 2
2203 2
2204 1
2214 2
2215 1
2225 1
2226 1
2229 1
2233 1
2234 1
2236 1
2239 1
2242 1
2245 2
2246 1
2247 1
2250 1
2251 3
2252 1
2254 2
2255 1
2256 1
2262 1
2264 1
2265 1
2267 1
2268 1
2269 1
2271 1
2272 1
2274 1
2278 1
2280 1
2283 1
2285 1
2286 1
2289 1
2291 1
2292 1
2294 2
2295 1
2296 1
2298 1
2299 2
2300 1
2301 1
2302 2
2305 1
2306 2
2307 1
2310 1
2311 1
2312 2
2313 1
2314 1
2315 1
2318 1
2319 1
2323 1
2324 2
2327 1
2333 1
2344 2
2349 1
2353 1
2357 2
2362 1
2364 1
2368 2
2370 1
2372 3
2373 1
2374 2
2375 1
2376 1
2377 2
2379 1
2381 1
2382 1
2383 2
2384 1
2387 1
2388 3
2389 2
2390 1
2391 1
2392 5
2393 1
2394 3
2395 2
2398 4
2399 3
2401 8
2402 2
2403 2
2405 2
2406 3
2408 1
2410 3
2412 1
2413 3
2415 1
2416 1
2419 2
2421 1
2430 1
2434 1
2435 1
2442 1
2608 1
2633 1
2642 1
2645 1
2652 1
2654 1
2655 1
2661 1
2662 1
2663 1
2670 1
2687 1
2690 1
2692 1
2726 1
2729 1
2736 1
2740 1
2741 1
2744 1
2746 1
2750 2
2751 1
2752 2
2756 1
2757 1
2759 1
2760 1
2762 1
2765 1
2766 1
2768 1
2770 1
2771 1
2772 1
2773 2
2775 1
2777 1
2780 2
2781 2
2782 2
2785 2
2787 4
2788 2
2790 4
2791 1
2793 1
2794 1
2796 1
2799 1
2800 2
2801 1
2803 1
2804 1
2807 1
2811 2
2815 1
2821 1
2875 1
2886 1
2889 1
2967 1
2970 1
2971 1
3071 1
3079 2
3336 1
3365 1
3446 1
3447 1
3462 2
3466 1
3469 2
3471 1
3474 1
3475 1
3478 1
3480 1
3481 1
3485 1
3491 1
3493 1
3510 1
3524 1
3525 1
3527 1
3536 1
3546 1
4106 1
4151 1
4169 1
4177 1
4183 1
4186 1
4187 3
4191 1
4199 1
4200 1
4201 1
4229 1
4241 1
4243 1
4249 1
4252 2
4253 1
4255 2
4258 1
4262 1
4263 2
4269 1
4283 1
4306 1
4309 1
4314 1
4319 1
4322 1
4324 1
4328 2
4334 1
4336 1
4338 1
4823 1
4839 1
4851 1
4859 1
4861 1
5528 1
5530 1
5539 1
6182 1
6273 1
6933 1
6980 1
8395 1
8401 1
8402 1
8406 1
8408 1
8411 2
8412 1
8418 1
8420 1
