1 12953722
2 11609615
3 9011473
4 6929032
5 5497264
6 4553782
7 4011527
8 3642452
9 3390978
10 3139472
11 2865650
12 2545771
13 2203150
14 1877770
15 1594652
16 1345376
17 1154573
18 1014122
19 920039
20 866092
21 837927
22 824664
23 808891
24 791176
25 758950
26 715837
27 658305
28 590594
29 520797
30 449853
31 378949
32 315960
33 260742
34 214441
35 177426
36 148488
37 127682
38 113915
39 106023
40 103045
41 103203
42 104479
43 108972
44 113806
45 121380
46 128714
47 137539
48 145654
49 154675
50 163281
51 173032
52 182876
53 192880
54 204016
55 217023
56 228625
57 241640
58 255438
59 266847
60 277606
61 286609
62 295043
63 301410
64 305785
65 311211
66 311672
67 311094
68 310109
69 307433
70 304490
71 301026
72 299517
73 297177
74 298291
75 300984
76 303073
77 307097
78 311410
79 317719
80 322943
81 328358
82 334503
83 338227
84 343374
85 342049
86 340997
87 335054
88 328654
89 320756
90 309148
91 293974
92 280254
93 264713
94 247195
95 231302
96 215188
97 197905
98 181997
99 168187
100 155784
101 145578
102 137323
103 130804
104 126600
105 124618
106 124244
107 124552
108 126728
109 131572
110 136214
111 142301
112 149325
113 156199
114 162531
115 168818
116 174538
117 178826
118 182077
119 184430
120 184731
121 184616
122 184040
123 180705
124 175605
125 170911
126 163934
127 156622
128 149352
129 140586
130 130840
131 122285
132 111577
133 101735
134 91707
135 83445
136 74488
137 66841
138 58613
139 51417
140 44156
141 38618
142 32836
143 28201
144 24320
145 20636
146 17511
147 15221
148 13240
149 11833
150 10902
151 10130
152 9795
153 9712
154 9908
155 10465
156 11382
157 12793
158 14633
159 16782
160 19487
161 22039
162 25395
163 29238
164 32858
165 37393
166 41812
167 47212
168 53215
169 59322
170 66266
171 72956
172 80185
173 88346
174 95869
175 104673
176 113221
177 121945
178 130571
179 139283
180 149202
181 158620
182 166920
183 176881
184 185305
185 193885
186 202238
187 211153
188 219495
189 226951
190 233760
191 240296
192 246645
193 252573
194 257484
195 261981
196 266869
197 271000
198 273713
199 277090
200 280257
201 281043
202 282253
203 283155
204 284146
205 283639
206 283277
207 282837
208 280408
209 278034
210 275208
211 273254
212 270844
213 267023
214 263322
215 259764
216 255517
217 251972
218 246759
219 242475
220 238119
221 233199
222 228621
223 223366
224 219731
225 214611
226 209361
227 204948
228 200337
229 196081
230 190557
231 186599
232 181949
233 177201
234 172525
235 168277
236 163134
237 158539
238 153331
239 148736
240 144962
241 138617
242 133020
243 127893
244 122924
245 116748
246 112060
247 106971
248 101245
249 96078
250 90683
251 86379
252 81356
253 75455
254 70710
255 66338
256 61503
257 56821
258 52770
259 48612
260 44686
261 40920
262 37581
263 34105
264 31155
265 28228
266 25791
267 23282
268 21121
269 19504
270 17478
271 15873
272 14351
273 13450
274 11999
275 11072
276 9984
277 9520
278 8807
279 8277
280 7691
281 7455
282 7187
283 6863
284 6654
285 6424
286 6270
287 6461
288 6552
289 6591
290 6485
291 6651
292 6525
293 6903
294 6813
295 6812
296 7060
297 6998
298 7150
299 7082
300 7137
301 7257
302 7137
303 7111
304 7139
305 7093
306 6802
307 6790
308 6712
309 6375
310 6257
311 5880
312 5840
313 5643
314 5305
315 5227
316 4955
317 4725
318 4436
319 4233
320 4083
321 3795
322 3692
323 3464
324 3307
325 3008
326 2949
327 2806
328 2540
329 2385
330 2328
331 2098
332 1983
333 1953
334 1846
335 1775
336 1604
337 1534
338 1402
339 1393
340 1305
341 1257
342 1307
343 1230
344 1237
345 1180
346 1192
347 1207
348 1218
349 1272
350 1304
351 1366
352 1278
353 1393
354 1464
355 1461
356 1470
357 1530
358 1462
359 1437
360 1514
361 1551
362 1502
363 1576
364 1576
365 1736
366 1675
367 1700
368 1722
369 1710
370 1742
371 1776
372 1799
373 1778
374 1792
375 1787
376 1791
377 1847
378 1803
379 1785
380 1804
381 1769
382 1798
383 1718
384 1701
385 1597
386 1620
387 1534
388 1555
389 1448
390 1439
391 1498
392 1366
393 1387
394 1395
395 1368
396 1298
397 1304
398 1277
399 1337
400 1239
401 1249
402 1149
403 1281
404 1229
405 1183
406 1170
407 1176
408 1088
409 1082
410 1034
411 1049
412 1030
413 1026
414 1066
415 1090
416 1017
417 948
418 967
419 982
420 994
421 918
422 964
423 1001
424 908
425 916
426 877
427 949
428 909
429 935
430 876
431 851
432 865
433 826
434 859
435 843
436 837
437 823
438 829
439 821
440 857
441 850
442 836
443 791
444 818
445 829
446 785
447 818
448 832
449 806
450 732
451 772
452 769
453 735
454 720
455 739
456 716
457 660
458 725
459 734
460 687
461 756
462 640
463 649
464 620
465 611
466 541
467 596
468 601
469 600
470 602
471 532
472 545
473 517
474 503
475 519
476 500
477 472
478 469
479 480
480 423
481 452
482 423
483 425
484 440
485 429
486 421
487 418
488 381
489 362
490 380
491 396
492 369
493 327
494 315
495 332
496 315
497 320
498 261
499 320
500 301
501 274
502 262
503 251
504 255
505 276
506 232
507 217
508 233
509 224
510 250
511 222
512 247
513 219
514 222
515 216
516 220
517 191
518 198
519 172
520 141
521 129
522 133
523 125
524 115
525 120
526 151
527 113
528 97
529 115
530 107
531 111
532 99
533 96
534 98
535 93
536 103
537 70
538 89
539 95
540 78
541 88
542 76
543 93
544 77
545 82
546 68
547 78
548 75
549 66
550 63
551 76
552 60
553 58
554 78
555 74
556 87
557 58
558 50
559 79
560 93
561 73
562 66
563 90
564 68
565 100
566 96
567 78
568 78
569 91
570 98
571 87
572 103
573 92
574 84
575 85
576 89
577 87
578 90
579 98
580 114
581 104
582 126
583 129
584 122
585 135
586 148
587 130
588 143
589 134
590 125
591 139
592 131
593 136
594 158
595 152
596 143
597 167
598 145
599 138
600 141
601 159
602 183
603 140
604 166
605 154
606 144
607 148
608 150
609 173
610 163
611 157
612 174
613 151
614 150
615 147
616 147
617 135
618 147
619 141
620 130
621 123
622 137
623 121
624 129
625 143
626 152
627 149
628 173
629 134
630 145
631 164
632 157
633 142
634 133
635 142
636 134
637 142
638 130
639 127
640 122
641 121
642 98
643 117
644 115
645 120
646 139
647 125
648 129
649 122
650 130
651 167
652 154
653 132
654 125
655 147
656 126
657 129
658 166
659 154
660 147
661 152
662 141
663 124
664 131
665 130
666 126
667 123
668 112
669 126
670 117
671 114
672 94
673 115
674 114
675 113
676 116
677 124
678 109
679 97
680 115
681 105
682 86
683 133
684 131
685 128
686 150
687 95
688 117
689 121
690 115
691 95
692 111
693 127
694 107
695 99
696 96
697 114
698 112
699 121
700 104
701 104
702 118
703 138
704 118
705 112
706 124
707 124
708 137
709 115
710 127
711 153
712 131
713 133
714 147
715 138
716 140
717 153
718 119
719 132
720 134
721 118
722 120
723 126
724 131
725 133
726 139
727 150
728 125
729 135
730 132
731 128
732 133
733 138
734 136
735 141
736 143
737 136
738 122
739 143
740 117
741 136
742 104
743 152
744 137
745 151
746 102
747 123
748 114
749 105
750 115
751 120
752 101
753 117
754 108
755 77
756 91
757 81
758 104
759 95
760 92
761 100
762 95
763 91
764 108
765 101
766 74
767 84
768 103
769 94
770 106
771 85
772 85
773 80
774 92
775 84
776 94
777 94
778 89
779 83
780 80
781 97
782 87
783 93
784 76
785 81
786 80
787 91
788 79
789 84
790 79
791 72
792 85
793 86
794 71
795 80
796 92
797 68
798 117
799 70
800 83
801 79
802 91
803 90
804 101
805 97
806 91
807 79
808 93
809 95
810 85
811 85
812 80
813 107
814 91
815 81
816 75
817 92
818 81
819 66
820 73
821 76
822 90
823 55
824 60
825 62
826 64
827 75
828 53
829 69
830 71
831 72
832 70
833 76
834 71
835 69
836 69
837 60
838 64
839 61
840 74
841 54
842 59
843 61
844 70
845 63
846 64
847 61
848 48
849 54
850 49
851 49
852 52
853 37
854 34
855 50
856 44
857 56
858 47
859 43
860 44
861 37
862 43
863 35
864 37
865 42
866 42
867 43
868 36
869 40
870 28
871 30
872 47
873 31
874 29
875 26
876 17
877 32
878 32
879 17
880 22
881 18
882 30
883 25
884 24
885 19
886 27
887 19
888 29
889 16
890 16
891 26
892 28
893 30
894 19
895 10
896 21
897 27
898 22
899 23
900 16
901 19
902 28
903 28
904 28
905 32
906 24
907 26
908 32
909 24
910 19
911 33
912 27
913 23
914 29
915 23
916 32
917 18
918 22
919 28
920 28
921 38
922 19
923 22
924 28
925 20
926 30
927 26
928 30
929 37
930 23
931 28
932 27
933 34
934 26
935 30
936 20
937 30
938 24
939 38
940 39
941 40
942 46
943 40
944 37
945 40
946 32
947 30
948 29
949 49
950 37
951 36
952 30
953 29
954 36
955 37
956 38
957 36
958 24
959 33
960 43
961 39
962 32
963 49
964 37
965 41
966 40
967 41
968 42
969 46
970 46
971 51
972 36
973 50
974 46
975 60
976 70
977 59
978 48
979 58
980 50
981 48
982 50
983 54
984 64
985 57
986 53
987 46
988 66
989 55
990 64
991 66
992 61
993 60
994 62
995 62
996 60
997 61
998 65
999 72
1000 66
1001 65
1002 60
1003 71
1004 66
1005 65
1006 74
1007 61
1008 74
1009 76
1010 63
1011 72
1012 83
1013 68
1014 79
1015 72
1016 80
1017 65
1018 77
1019 81
1020 81
1021 74
1022 73
1023 75
1024 65
1025 81
1026 84
1027 74
1028 84
1029 69
1030 81
1031 81
1032 69
1033 69
1034 74
1035 70
1036 70
1037 47
1038 63
1039 52
1040 43
1041 51
1042 43
1043 28
1044 46
1045 39
1046 42
1047 58
1048 34
1049 35
1050 51
1051 48
1052 52
1053 46
1054 50
1055 55
1056 55
1057 62
1058 51
1059 42
1060 50
1061 42
1062 50
1063 40
1064 48
1065 38
1066 44
1067 32
1068 38
1069 34
1070 35
1071 22
1072 29
1073 24
1074 38
1075 22
1076 30
1077 49
1078 36
1079 33
1080 33
1081 34
1082 43
1083 21
1084 30
1085 22
1086 22
1087 25
1088 28
1089 22
1090 24
1091 25
1092 21
1093 26
1094 32
1095 32
1096 41
1097 26
1098 19
1099 27
1100 20
1101 30
1102 31
1103 35
1104 26
1105 34
1106 25
1107 29
1108 21
1109 30
1110 23
1111 26
1112 38
1113 21
1114 27
1115 24
1116 24
1117 25
1118 19
1119 16
1120 18
1121 27
1122 21
1123 19
1124 17
1125 28
1126 16
1127 22
1128 39
1129 33
1130 29
1131 16
1132 24
1133 27
1134 36
1135 25
1136 18
1137 16
1138 18
1139 28
1140 29
1141 26
1142 18
1143 16
1144 22
1145 19
1146 15
1147 18
1148 21
1149 17
1150 19
1151 17
1152 18
1153 18
1154 12
1155 20
1156 13
1157 11
1158 10
1159 6
1160 8
1161 7
1162 10
1163 6
1164 8
1165 10
1166 13
1167 8
1168 6
1169 13
1170 9
1171 18
1172 12
1173 11
1174 15
1175 17
1176 9
1177 9
1178 9
1179 7
1180 11
1181 20
1182 14
1183 6
1184 7
1185 8
1186 12
1187 8
1188 12
1189 12
1190 6
1191 10
1192 8
1193 11
1194 6
1195 7
1196 4
1197 7
1198 12
1199 9
1200 11
1201 8
1202 10
1203 7
1204 11
1205 12
1206 8
1207 12
1208 10
1209 6
1210 12
1211 14
1212 11
1213 6
1214 11
1215 14
1216 16
1217 12
1218 6
1219 6
1220 11
1221 14
1222 14
1223 10
1224 13
1225 6
1226 21
1227 14
1228 12
1229 19
1230 19
1231 11
1232 14
1233 20
1234 19
1235 14
1236 12
1237 16
1238 19
1239 23
1240 26
1241 17
1242 23
1243 17
1244 24
1245 20
1246 19
1247 24
1248 18
1249 16
1250 23
1251 11
1252 22
1253 7
1254 9
1255 6
1256 12
1257 7
1258 12
1259 7
1260 8
1261 14
1262 15
1263 8
1264 4
1265 14
1266 4
1267 15
1268 10
1269 10
1270 7
1271 12
1272 7
1273 7
1274 13
1275 16
1276 8
1277 15
1278 8
1279 10
1280 11
1281 15
1282 10
1283 7
1284 9
1285 11
1286 6
1287 8
1288 14
1289 8
1290 18
1291 15
1292 13
1293 14
1294 16
1295 17
1296 14
1297 8
1298 15
1299 15
1300 11
1301 9
1302 4
1303 10
1304 5
1305 12
1306 13
1307 4
1308 7
1309 8
1310 9
1311 6
1312 6
1313 6
1314 4
1315 10
1316 7
1317 15
1318 12
1319 9
1320 8
1321 2
1322 8
1323 9
1324 17
1325 9
1326 14
1327 13
1328 6
1329 5
1330 9
1331 13
1332 14
1333 13
1334 7
1335 6
1336 11
1337 11
1338 5
1339 8
1340 10
1341 13
1342 6
1343 3
1344 12
1345 13
1346 5
1347 7
1348 8
1349 11
1350 10
1351 8
1352 8
1353 12
1354 13
1355 21
1356 12
1357 15
1358 14
1359 9
1360 12
1361 12
1362 14
1363 16
1364 13
1365 10
1366 16
1367 16
1368 8
1369 8
1370 16
1371 15
1372 13
1373 12
1374 8
1375 10
1376 7
1377 9
1378 15
1379 9
1380 13
1381 7
1382 13
1383 14
1384 15
1385 16
1386 14
1387 12
1388 16
1389 13
1390 21
1391 13
1392 23
1393 13
1394 15
1395 16
1396 20
1397 9
1398 13
1399 16
1400 12
1401 24
1402 25
1403 18
1404 9
1405 17
1406 9
1407 14
1408 7
1409 12
1410 6
1411 13
1412 8
1413 15
1414 9
1415 15
1416 7
1417 11
1418 15
1419 15
1420 10
1421 5
1422 14
1423 9
1424 9
1425 10
1426 12
1427 11
1428 11
1429 9
1430 12
1431 11
1432 9
1433 12
1434 13
1435 10
1436 8
1437 13
1438 11
1439 8
1440 13
1441 5
1442 4
1443 10
1444 10
1445 11
1446 13
1447 9
1448 12
1449 11
1450 5
1451 8
1452 7
1453 5
1454 6
1455 13
1456 6
1457 11
1458 7
1459 10
1460 10
1461 5
1462 7
1463 12
1464 7
1465 10
1466 12
1467 9
1468 10
1469 9
1470 5
1471 11
1472 9
1473 10
1474 9
1475 12
1476 14
1477 13
1478 10
1479 7
1480 12
1481 11
1482 13
1483 10
1484 8
1485 7
1486 6
1487 8
1488 7
1489 9
1490 6
1491 7
1492 1
1493 6
1494 3
1495 8
1496 5
1497 3
1498 6
1499 6
1500 8
1501 3
1502 6
1503 13
1504 8
1505 8
1506 8
1507 9
1508 4
1509 4
1510 5
1511 8
1512 7
1513 9
1514 2
1515 3
1516 3
1517 4
1518 7
1519 9
1520 6
1521 10
1522 11
1523 10
1524 8
1525 14
1526 9
1527 16
1528 10
1529 13
1530 10
1531 7
1532 6
1533 17
1534 17
1535 18
1536 12
1537 9
1538 11
1539 8
1540 10
1541 5
1542 6
1543 7
1544 10
1545 15
1546 7
1547 10
1548 9
1549 11
1550 6
1551 10
1552 11
1553 13
1554 10
1555 8
1556 6
1557 8
1558 10
1559 18
1560 8
1561 7
1562 8
1563 8
1564 5
1565 9
1566 6
1567 3
1568 9
1569 13
1570 12
1571 6
1572 12
1573 12
1574 19
1575 13
1576 13
1577 13
1578 13
1579 11
1580 13
1581 9
1582 12
1583 12
1584 20
1585 12
1586 11
1587 15
1588 10
1589 13
1590 10
1591 15
1592 11
1593 17
1594 6
1595 9
1596 10
1597 18
1598 7
1599 9
1600 13
1601 11
1602 14
1603 12
1604 7
1605 8
1606 10
1607 6
1608 6
1609 2
1610 12
1611 11
1612 3
1613 4
1614 3
1615 2
1616 3
1617 10
1618 6
1619 4
1620 5
1621 6
1622 4
1623 3
1624 5
1625 3
1626 3
1627 7
1628 10
1629 2
1630 6
1631 1
1632 5
1633 2
1634 4
1635 2
1636 2
1637 4
1639 1
1640 3
1641 2
1643 2
1644 2
1645 4
1646 3
1647 3
1648 2
1649 3
1650 1
1651 4
1652 2
1653 3
1654 4
1655 4
1656 1
1657 4
1658 1
1659 5
1660 2
1661 2
1662 4
1663 7
1664 7
1665 1
1666 3
1667 3
1668 4
1669 4
1670 2
1671 3
1672 1
1673 3
1674 5
1675 1
1676 1
1677 1
1678 3
1679 2
1680 1
1681 2
1683 4
1684 1
1685 1
1686 1
1687 2
1688 6
1689 4
1690 4
1691 6
1692 3
1693 1
1694 3
1695 9
1696 5
1697 8
1698 5
1699 8
1700 11
1701 1
1702 6
1703 4
1704 10
1705 7
1706 4
1707 7
1708 6
1709 1
1710 4
1711 4
1712 5
1713 4
1714 3
1715 2
1716 4
1717 4
1718 3
1719 1
1720 4
1721 3
1722 4
1724 2
1726 2
1727 2
1728 2
1729 5
1730 1
1731 1
1732 2
1733 2
1734 3
1735 5
1736 4
1738 3
1739 5
1740 1
1741 2
1743 3
1744 4
1745 1
1746 4
1747 6
1748 5
1749 1
1750 4
1751 3
1752 1
1753 3
1756 1
1757 4
1759 3
1760 1
1762 2
1763 5
1764 3
1765 4
1766 3
1768 3
1769 1
1770 5
1771 2
1772 4
1773 3
1774 3
1775 1
1776 4
1777 3
1778 3
1779 3
1780 3
1781 1
1782 4
1783 1
1784 2
1785 5
1786 2
1788 2
1789 3
1790 2
1791 2
1792 4
1793 4
1794 3
1795 3
1796 2
1797 2
1798 4
1799 2
1800 1
1801 4
1802 1
1804 3
1805 2
1806 6
1807 1
1808 5
1809 2
1810 2
1811 3
1812 2
1813 3
1815 1
1816 1
1817 5
1818 2
1819 3
1820 5
1821 5
1822 1
1823 6
1824 2
1825 2
1826 5
1827 5
1828 2
1829 3
1830 5
1831 1
1832 3
1833 2
1834 3
1835 3
1836 5
1837 3
1838 5
1839 3
1841 4
1842 1
1843 2
1844 4
1845 3
1846 6
1847 7
1848 3
1849 5
1850 2
1851 2
1852 1
1853 6
1854 2
1855 1
1856 2
1857 4
1858 1
1859 4
1860 1
1861 1
1862 3
1863 1
1864 1
1865 1
1866 1
1867 1
1868 1
1872 2
1875 1
1877 3
1878 1
1880 3
1881 2
1883 2
1885 4
1887 4
1888 4
1889 2
1890 3
1891 1
1892 1
1893 3
1894 4
1895 3
1896 2
1897 3
1898 4
1899 2
1900 1
1901 4
1903 2
1904 2
1906 3
1907 2
1908 2
1909 5
1910 1
1911 2
1914 1
1915 2
1916 3
1917 1
1919 1
1920 1
1922 3
1924 4
1925 5
1926 1
1927 1
1928 3
1929 3
1930 3
1931 3
1932 3
1933 2
1934 3
1936 2
1938 2
1939 1
1941 1
1942 1
1943 4
1944 3
1945 1
1946 1
1948 1
1949 1
1950 3
1951 4
1952 3
1953 3
1954 1
1955 1
1956 4
1957 3
1958 1
1959 5
1960 3
1961 3
1963 8
1964 2
1965 7
1966 2
1967 4
1968 4
1969 2
1970 3
1971 3
1972 2
1973 4
1974 2
1975 1
1976 2
1977 2
1978 5
1979 3
1980 4
1981 5
1982 1
1984 2
1985 1
1986 4
1987 4
1989 1
1990 3
1991 4
1992 2
1993 2
1994 2
1995 2
1996 1
1997 1
1998 3
1999 4
2000 1
2001 1
2002 1
2003 4
2004 1
2006 2
2007 1
2008 2
2009 4
2010 4
2011 1
2012 2
2013 3
2016 1
2017 6
2018 1
2019 1
2020 1
2022 1
2023 2
2024 4
2026 2
2027 3
2028 1
2029 1
2031 1
2032 1
2033 3
2035 2
2036 2
2037 2
2038 2
2039 1
2040 3
2042 1
2044 3
2045 6
2046 1
2047 4
2048 1
2049 1
2050 2
2051 2
2052 4
2053 2
2054 2
2055 3
2057 1
2059 2
2061 3
2062 5
2063 1
2064 1
2066 1
2068 2
2069 2
2070 1
2071 2
2076 1
2077 1
2079 1
2080 1
2083 2
2085 2
2087 3
2088 3
2089 3
2090 1
2091 3
2092 3
2093 2
2095 1
2096 1
2097 4
2098 2
2099 3
2101 1
2103 3
2104 1
2106 1
2107 2
2108 1
2109 3
2110 4
2111 1
2112 2
2113 2
2114 5
2115 1
2116 4
2117 5
2118 1
2119 2
2120 2
2121 4
2122 3
2123 4
2124 3
2125 2
2126 3
2127 6
2128 3
2129 2
2131 1
2132 1
2134 4
2135 2
2136 2
2137 2
2139 1
2140 3
2141 2
2142 1
2143 2
2146 1
2147 1
2148 3
2149 3
2150 2
2151 1
2152 2
2153 5
2154 2
2155 4
2156 2
2157 1
2159 3
2161 3
2162 3
2164 1
2165 1
2166 2
2167 3
2168 2
2169 3
2170 2
2171 4
2172 5
2173 3
2174 4
2175 2
2176 3
2177 2
2178 1
2179 1
2181 4
2182 1
2183 1
2186 1
2187 5
2188 3
2190 1
2191 1
2192 2
2193 3
2194 1
2196 1
2198 1
2199 1
2200 1
2202 1
2203 3
2204 4
2205 2
2206 2
2207 2
2208 3
2209 3
2210 3
2211 2
2212 1
2213 1
2214 2
2215 5
2216 3
2217 4
2219 3
2220 5
2221 4
2222 3
2223 1
2224 1
2225 1
2226 4
2227 3
2228 2
2229 4
2230 2
2231 3
2232 2
2233 6
2234 5
2235 8
2236 4
2237 4
2238 4
2239 3
2240 5
2241 7
2242 5
2243 5
2244 4
2245 4
2246 4
2247 3
2248 3
2249 4
2250 3
2251 1
2252 3
2253 5
2254 5
2255 2
2256 1
2257 3
2258 5
2259 4
2260 2
2262 2
2263 4
2264 2
2265 3
2266 1
2268 1
2270 1
2271 2
2272 3
2273 2
2274 5
2275 3
2276 4
2277 2
2278 4
2279 2
2280 3
2281 4
2282 4
2283 2
2284 3
2285 3
2286 2
2287 2
2288 2
2289 2
2290 5
2291 4
2292 2
2293 3
2294 2
2295 1
2296 2
2297 3
2298 1
2299 5
2300 4
2301 1
2302 2
2303 3
2304 4
2305 1
2306 2
2307 3
2308 2
2309 3
2310 3
2311 3
2312 1
2313 6
2314 1
2315 2
2317 5
2318 6
2319 6
2320 2
2321 5
2322 2
2323 2
2324 3
2325 4
2326 5
2327 4
2328 2
2329 2
2330 4
2331 5
2332 5
2333 2
2334 4
2335 5
2336 1
2337 2
2338 1
2339 1
2340 2
2342 1
2343 1
2344 1
2345 1
2346 1
2350 4
2352 1
2353 1
2355 1
2356 1
2357 2
2361 3
2362 1
2364 2
2366 2
2367 1
2369 1
2370 2
2371 1
2372 2
2373 2
2374 1
2376 2
2377 1
2378 4
2379 3
2380 4
2381 1
2382 2
2383 3
2384 2
2385 2
2386 2
2387 3
2388 3
2389 2
2390 3
2392 1
2393 2
2396 1
2397 1
2398 5
2399 3
2400 1
2401 1
2403 3
2406 1
2407 2
2409 1
2411 1
2412 2
2413 2
2416 2
2418 1
2420 2
2421 1
2423 2
2424 1
2427 1
2429 2
2430 1
2432 1
2433 2
2435 1
2436 3
2438 1
2441 2
2442 1
2445 1
2448 4
2449 2
2450 1
2453 1
2454 2
2456 1
2457 3
2461 1
2462 2
2463 4
2464 1
2465 1
2466 1
2467 3
2468 1
2469 1
2470 3
2471 3
2472 1
2474 2
2475 3
2477 2
2478 3
2479 2
2483 1
2484 1
2485 1
2486 4
2487 3
2492 1
2494 2
2495 1
2496 1
2500 1
2501 1
2502 1
2503 4
2505 1
2508 2
2511 2
2512 1
2514 2
2515 3
2518 2
2519 1
2521 3
2523 3
2524 3
2525 2
2526 2
2527 1
2528 1
2530 2
2531 2
2532 2
2533 1
2535 2
2536 1
2537 1
2538 3
2539 2
2541 3
2542 3
2543 2
2545 1
2546 4
2547 3
2548 4
2549 1
2550 2
2551 4
2552 4
2553 6
2554 2
2555 5
2556 7
2557 7
2558 2
2559 2
2560 4
2561 2
2562 4
2563 3
2564 3
2565 3
2566 1
2567 4
2568 3
2570 2
2571 5
2572 5
2573 3
2574 2
2575 4
2576 3
2577 1
2578 2
2579 4
2580 5
2581 2
2582 6
2583 3
2584 3
2585 3
2586 1
2587 4
2588 4
2589 4
2590 4
2591 1
2592 3
2593 4
2594 6
2595 6
2596 1
2597 3
2598 6
2599 3
2600 2
2601 2
2602 7
2604 6
2605 4
2606 6
2607 2
2608 8
2609 4
2610 4
2611 9
2612 3
2613 2
2614 2
2615 1
2616 2
2617 4
2618 5
2619 3
2620 1
2621 4
2622 2
2623 4
2624 2
2625 2
2626 1
2628 2
2629 2
2630 1
2631 1
2632 3
2633 1
2634 3
2635 3
2636 5
2637 1
2638 2
2639 1
2640 1
2641 1
2643 2
2644 5
2645 6
2646 3
2647 1
2648 3
2649 1
2650 4
2651 4
2652 4
2653 1
2654 1
2655 6
2656 1
2657 4
2658 2
2659 5
2660 5
2661 4
2662 1
2663 3
2664 7
2665 2
2667 10
2668 2
2669 4
2670 5
2671 3
2672 1
2673 2
2674 1
2675 2
2676 2
2677 2
2678 1
2680 4
2681 4
2682 5
2683 1
2684 4
2686 4
2688 1
2689 4
2690 5
2691 4
2692 2
2693 3
2694 4
2695 3
2696 5
2697 3
2698 2
2699 1
2700 8
2701 5
2702 4
2703 2
2704 2
2705 5
2706 1
2707 3
2708 4
2709 3
2710 1
2711 1
2713 3
2714 3
2715 2
2716 2
2717 3
2718 2
2719 4
2720 2
2721 9
2722 4
2723 6
2724 3
2725 6
2726 7
2727 2
2728 4
2729 1
2730 5
2731 4
2732 3
2733 7
2734 6
2735 6
2736 6
2737 4
2738 7
2739 4
2740 1
2741 5
2742 4
2743 10
2744 4
2745 5
2746 7
2747 4
2748 3
2749 11
2750 7
2751 8
2752 9
2753 5
2754 6
2755 6
2756 9
2757 5
2758 6
2759 3
2760 5
2761 1
2762 5
2763 4
2764 4
2765 3
2766 6
2767 8
2768 8
2769 5
2770 4
2771 1
2772 3
2773 4
2774 7
2775 2
2776 3
2777 3
2778 5
2779 1
2780 6
2781 3
2782 6
2783 4
2785 11
2786 3
2787 4
2788 7
2789 3
2790 3
2791 5
2792 2
2793 3
2794 3
2795 2
2796 8
2797 3
2798 4
2799 5
2800 5
2801 3
2802 2
2803 2
2804 6
2805 5
2806 3
2807 5
2808 2
2809 3
2810 3
2811 2
2812 4
2813 4
2814 3
2815 4
2816 3
2817 1
2818 2
2819 2
2820 1
2821 2
2822 2
2823 3
2824 3
2825 2
2826 5
2827 6
2828 4
2829 2
2830 2
2832 2
2833 5
2834 2
2835 3
2836 2
2837 1
2839 4
2840 3
2841 3
2842 1
2843 2
2844 1
2845 2
2846 3
2847 1
2848 2
2849 2
2850 4
2851 1
2852 3
2854 1
2856 2
2858 1
2859 3
2861 2
2863 1
2864 1
2865 3
2868 3
2870 1
2871 1
2872 1
2876 2
2878 3
2880 1
2882 2
2883 4
2884 1
2885 1
2886 1
2887 2
2888 2
2891 4
2892 1
2893 1
2894 1
2895 3
2897 1
2899 1
2900 2
2901 1
2904 2
2906 3
2907 3
2908 2
2909 1
2910 1
2913 1
2914 2
2916 3
2917 1
2918 2
2919 2
2920 1
2921 2
2922 2
2923 1
2924 1
2928 4
2930 1
2931 1
2935 1
2936 1
2938 2
2939 1
2942 1
2945 1
2946 1
2948 3
2950 2
2951 1
2953 1
2954 1
2955 1
2957 1
2959 3
2961 1
2963 1
2964 2
2965 2
2966 2
2967 1
2968 2
2972 1
2974 2
2978 1
2981 3
2982 2
2983 2
2984 1
2988 1
2990 1
2991 2
2992 1
2993 1
2994 2
2997 2
2998 1
3001 1
3002 2
3004 2
3005 1
3006 2
3009 1
3010 2
3011 1
3014 1
3018 1
3020 2
3022 2
3024 2
3025 2
3026 2
3027 3
3030 1
3031 1
3032 1
3033 4
3034 2
3036 2
3037 2
3038 2
3040 1
3041 1
3042 1
3043 2
3044 4
3045 1
3046 1
3047 1
3048 4
3049 3
3050 2
3051 2
3053 1
3054 4
3055 3
3056 1
3057 2
3058 1
3059 5
3060 3
3061 3
3062 2
3063 1
3064 3
3065 2
3066 1
3067 1
3068 3
3069 1
3072 1
3073 4
3074 1
3076 2
3077 2
3080 1
3081 1
3082 1
3083 2
3084 1
3085 2
3086 1
3087 2
3088 3
3089 2
3092 1
3096 1
3098 1
3099 1
3100 1
3104 3
3111 2
3113 1
3115 1
3117 2
3118 1
3121 1
3124 1
3125 2
3126 1
3127 1
3128 2
3129 2
3130 1
3132 1
3135 1
3136 1
3137 1
3138 1
3144 1
3147 1
3152 1
3154 1
3155 3
3156 1
3178 2
3181 1
3184 1
3185 1
3189 1
3190 1
3196 1
3199 1
3202 1
3207 2
3209 1
3217 1
3218 1
3219 1
3221 3
3222 1
3224 1
3225 1
3227 1
3236 1
3238 1
3249 1
3254 1
3255 1
3259 1
3260 3
3263 1
3266 3
3267 1
3268 1
3270 1
3272 3
3273 1
3275 1
3276 1
3278 1
3279 1
3281 2
3284 1
3287 1
3291 1
3297 1
3298 1
3301 1
3312 1
3313 1
3315 1
3324 2
3329 1
3331 1
3333 2
3348 1
3350 1
3355 2
3361 1
3362 1
3363 1
3364 2
3366 1
3368 2
3369 2
3370 1
3371 2
3373 1
3374 1
3375 1
3376 1
3377 1
3378 2
3379 1
3381 1
3383 2
3385 1
3388 1
3389 1
3392 1
3393 1
3394 1
3398 2
3434 1
3437 1
3443 2
3454 1
3458 1
3460 1
3461 2
3462 1
3476 1
3481 1
3482 1
3486 1
3489 2
3494 1
3496 1
3498 1
3521 1
3541 1
3583 1
3590 1
3591 1
3594 1
3598 2
3610 1
3617 1
3650 1
3656 1
3660 1
3664 1
3671 2
3674 1
3675 1
3676 1
3679 1
3681 1
3682 1
3684 1
3691 1
3696 1
3702 1
3706 2
3710 2
3715 1
3716 1
3724 1
3758 1
3764 1
3772 1
3806 1
3807 1
3809 1
3815 1
3820 1
3831 1
3836 1
3838 1
3840 2
3841 1
3859 1
3870 1
3882 1
3894 1
3899 1
3902 1
3907 2
3912 1
3913 1
3915 1
3927 1
3936 1
3940 1
3941 1
3942 1
3948 1
3951 2
3952 1
3954 3
3956 2
3957 1
3958 1
3960 1
3962 1
3965 1
3973 1
3990 1
3992 1
4065 1
4149 1
4178 1
4198 1
4208 2
4214 1
4216 1
4218 1
4219 3
4221 1
4222 2
4228 1
4231 1
4236 2
4241 2
4250 1
4264 1
4283 1
4287 1
4289 1
4296 1
4299 1
4305 1
4309 1
4315 1
4317 1
4351 1
4366 1
4407 1
4456 1
4685 1
4715 1
4724 1
4736 1
4738 1
4739 1
4772 1
4775 1
4779 1
4842 1
4854 1
4871 1
4879 1
4887 1
4894 1
4895 1
4896 1
4901 1
5002 1
5017 1
5029 1
5032 1
5038 1
5039 1
5066 1
5074 1
5076 1
5084 1
5090 1
5094 1
5246 2
5254 1
5259 2
5260 1
5262 1
5263 1
5264 1
5296 1
5315 1
5345 1
5357 1
5371 1
5538 1
5550 1
5565 1
5577 1
5759 1
5856 1
6007 1
6058 1
6087 1
6093 2
6094 1
6095 1
6097 1
6098 1
6102 2
6105 2
6120 1
6121 1
6127 1
6133 1
6309 1
6332 1
6333 1
6334 2
6340 2
6341 1
6342 1
6344 2
6348 1
6351 1
6352 1
6354 1
6357 1
6358 1
6369 1
6372 1
6377 1
6378 1
6379 1
6387 2
6388 1
6393 1
6403 1
6412 1
6498 1
6504 1
6506 1
6516 1
6523 1
6538 1
6540 1
6543 1
6546 1
6550 1
6569 1
6573 1
6575 1
6616 1
6635 1
6640 1
6649 1
6689 1
6711 1
6779 1
6887 1
6895 1
6925 1
7007 1
7015 1
7021 1
7023 1
7027 1
7230 2
7244 1
7297 1
7341 1
7454 1
7467 1
7472 1
7660 1
7662 1
7676 1
7706 1
8016 1
8018 1
8020 1
8034 1
8075 1
8097 1
8218 1
8236 1
8245 1
8246 1
8248 1
8249 2
8253 1
8256 1
8259 1
8261 1
8288 1
8310 1
8470 1
8478 1
8777 1
8793 1
9431 1
9451 1
9457 1
9458 2
9476 1
9587 1
9592 1
9594 1
9598 1
9599 1
9607 1
9612 1
9627 1
9628 1
9645 1
9671 1
9751 1
9964 1
10001 17
