1 22996279
2 13684513
3 8900777
4 6063604
5 4232796
6 3024257
7 2206537
8 1630810
9 1235073
10 976984
11 832120
12 785187
13 799490
14 854403
15 908295
16 972236
17 1024536
18 1059868
19 1072261
20 1065501
21 1047239
22 1008444
23 959228
24 904162
25 846177
26 786707
27 733180
28 676308
29 623608
30 574088
31 529349
32 483677
33 445817
34 409304
35 373844
36 344087
37 320801
38 305042
39 297492
40 302619
41 316291
42 341724
43 375909
44 418264
45 464548
46 512353
47 565529
48 615450
49 660189
50 701021
51 731458
52 756151
53 772448
54 783014
55 777185
56 763395
57 741010
58 715306
59 680411
60 643974
61 602543
62 558800
63 512410
64 465654
65 418698
66 373651
67 329477
68 289625
69 250637
70 218175
71 186346
72 157519
73 133341
74 111468
75 93923
76 78893
77 66517
78 55673
79 46807
80 38677
81 32694
82 28333
83 24414
84 21171
85 18628
86 16388
87 14331
88 12824
89 11826
90 10552
91 9870
92 9127
93 8368
94 7878
95 7418
96 6853
97 6723
98 6354
99 6093
100 5759
101 5613
102 5410
103 5226
104 5203
105 4969
106 5033
107 4665
108 4361
109 4126
110 4040
111 3927
112 3549
113 3541
114 3357
115 3193
116 3176
117 2929
118 2744
119 2561
120 2445
121 2425
122 2338
123 2157
124 2100
125 1995
126 1814
127 1744
128 1618
129 1558
130 1526
131 1295
132 1207
133 1086
134 1056
135 999
136 886
137 805
138 763
139 685
140 657
141 612
142 583
143 577
144 547
145 593
146 511
147 557
148 568
149 489
150 528
151 505
152 511
153 516
154 528
155 503
156 497
157 452
158 461
159 466
160 494
161 455
162 455
163 450
164 461
165 432
166 456
167 456
168 490
169 447
170 463
171 492
172 476
173 456
174 472
175 513
176 457
177 455
178 477
179 506
180 534
181 474
182 510
183 487
184 474
185 455
186 508
187 468
188 504
189 500
190 498
191 508
192 467
193 440
194 427
195 417
196 434
197 438
198 416
199 419
200 413
201 431
202 410
203 413
204 359
205 333
206 331
207 345
208 344
209 305
210 307
211 313
212 298
213 274
214 290
215 248
216 265
217 245
218 231
219 252
220 211
221 227
222 216
223 218
224 195
225 178
226 158
227 155
228 147
229 147
230 146
231 159
232 142
233 123
234 104
235 126
236 134
237 144
238 146
239 158
240 167
241 160
242 174
243 158
244 167
245 189
246 187
247 187
248 184
249 203
250 192
251 169
252 191
253 190
254 198
255 191
256 211
257 184
258 207
259 185
260 163
261 199
262 187
263 184
264 201
265 204
266 187
267 173
268 199
269 187
270 218
271 176
272 165
273 184
274 189
275 187
276 166
277 175
278 167
279 132
280 142
281 133
282 127
283 140
284 140
285 130
286 122
287 128
288 132
289 99
290 117
291 101
292 116
293 105
294 83
295 62
296 65
297 56
298 67
299 74
300 67
301 74
302 43
303 51
304 57
305 51
306 48
307 72
308 62
309 65
310 60
311 64
312 72
313 53
314 50
315 51
316 43
317 42
318 39
319 43
320 48
321 49
322 40
323 39
324 39
325 46
326 68
327 59
328 38
329 49
330 45
331 56
332 59
333 51
334 41
335 43
336 41
337 34
338 28
339 32
340 33
341 28
342 45
343 41
344 40
345 31
346 64
347 41
348 41
349 52
350 44
351 39
352 46
353 44
354 53
355 49
356 64
357 41
358 52
359 53
360 43
361 38
362 41
363 60
364 42
365 61
366 45
367 50
368 36
369 39
370 34
371 32
372 36
373 34
374 30
375 22
376 31
377 29
378 28
379 29
380 36
381 28
382 31
383 38
384 32
385 24
386 25
387 36
388 20
389 42
390 28
391 37
392 32
393 25
394 28
395 40
396 37
397 33
398 38
399 43
400 45
401 35
402 53
403 47
404 46
405 47
406 53
407 48
408 46
409 37
410 40
411 38
412 38
413 41
414 29
415 30
416 23
417 24
418 27
419 23
420 37
421 29
422 15
423 25
424 21
425 17
426 16
427 26
428 29
429 22
430 27
431 22
432 24
433 14
434 16
435 12
436 11
437 12
438 10
439 8
440 4
441 6
442 10
443 9
444 8
445 13
446 17
447 17
448 15
449 7
450 19
451 24
452 14
453 24
454 10
455 13
456 19
457 12
458 14
459 8
460 20
461 16
462 11
463 11
464 8
465 8
466 11
467 13
468 18
469 10
470 10
471 4
472 5
473 4
474 5
475 3
476 4
477 4
478 5
479 9
480 8
481 8
482 14
483 11
484 9
485 10
486 4
487 7
488 4
489 9
490 2
491 9
492 13
493 10
494 9
495 4
496 6
497 13
498 11
499 10
500 12
501 11
502 14
503 7
504 10
505 16
506 8
507 7
508 11
509 7
510 9
511 5
512 6
513 9
514 7
515 8
516 8
517 12
518 9
519 6
520 9
521 9
522 5
523 9
524 7
525 3
526 5
527 7
528 2
529 5
530 8
531 6
532 4
533 4
534 5
535 5
536 3
537 1
538 3
539 5
540 7
541 3
542 3
543 7
544 4
545 5
546 6
547 10
548 5
549 9
550 8
551 8
552 13
553 12
554 12
555 9
556 9
557 7
558 7
559 10
560 9
561 12
562 8
563 6
564 7
565 7
566 6
567 6
568 10
569 9
570 13
571 5
572 5
573 4
574 5
575 6
576 6
577 5
578 5
579 6
580 8
581 9
582 11
583 8
584 7
585 12
586 6
587 6
588 10
589 17
590 5
591 12
592 8
593 3
594 6
595 12
596 12
597 9
598 11
599 8
600 8
601 7
602 14
603 12
604 8
605 16
606 13
607 11
608 4
609 6
610 8
611 11
612 9
613 11
614 10
615 9
616 9
617 9
618 4
619 11
620 11
621 11
622 6
623 7
624 3
625 9
626 5
627 4
628 7
629 9
630 9
631 7
632 4
633 5
634 6
635 2
636 7
637 3
638 3
639 5
640 1
641 7
642 3
643 1
644 2
645 4
646 5
647 6
648 5
649 5
650 3
651 5
652 3
653 5
654 5
655 7
656 6
657 6
658 5
659 11
660 6
661 3
662 6
663 11
664 9
665 9
666 4
667 6
668 12
669 12
670 11
671 9
672 13
673 6
674 4
675 2
676 6
677 5
678 5
679 5
680 3
681 1
682 3
683 7
684 4
685 9
686 5
687 10
688 9
689 12
690 10
691 9
692 17
693 12
694 17
695 26
696 17
697 12
698 17
699 11
700 12
701 12
702 13
703 14
704 16
705 16
706 11
707 12
708 15
709 13
710 19
711 18
712 18
713 19
714 24
715 23
716 16
717 14
718 8
719 14
720 21
721 20
722 16
723 18
724 13
725 11
726 13
727 12
728 9
729 10
730 8
731 13
732 8
733 10
734 8
735 11
736 8
737 4
738 5
739 9
740 10
741 4
742 8
743 10
744 7
745 6
746 7
747 9
748 10
749 10
750 9
751 7
752 9
753 5
754 4
755 9
756 8
757 7
758 4
759 4
760 6
761 5
762 5
763 11
764 4
765 4
766 3
767 1
768 4
769 12
770 2
771 7
772 10
773 1
774 6
775 5
776 5
777 6
778 5
779 6
780 7
781 5
782 7
783 6
784 7
785 6
786 5
787 6
788 8
789 11
790 7
791 4
792 7
793 7
794 11
795 5
796 5
797 6
798 3
799 5
800 3
801 1
803 4
804 4
805 3
806 6
807 2
808 3
809 3
810 4
811 2
813 5
814 2
815 3
816 1
818 3
819 1
820 2
821 1
822 2
823 1
825 1
826 5
827 1
828 3
829 3
830 6
831 2
832 1
833 2
834 1
835 3
836 1
837 4
838 5
839 2
840 4
841 8
842 1
843 3
844 2
845 3
846 4
847 2
848 1
849 1
850 2
851 3
852 2
853 1
854 2
855 5
856 3
857 7
858 1
859 3
860 1
861 1
863 2
864 5
865 1
870 3
871 2
872 1
873 1
874 1
875 1
876 1
877 2
878 1
879 3
880 1
881 1
882 3
883 2
884 4
885 2
886 1
887 1
888 2
889 4
890 3
891 2
892 5
893 1
894 1
895 2
896 6
901 2
906 1
908 1
910 2
911 1
916 1
920 1
921 1
922 1
923 2
924 1
925 1
926 1
927 1
928 1
930 1
931 2
932 2
933 1
934 2
935 1
936 1
937 1
938 1
939 1
941 2
943 1
944 1
948 1
949 2
952 1
956 1
958 1
966 1
969 1
972 1
973 1
976 3
977 2
978 1
979 1
981 1
982 1
984 1
986 2
988 1
989 2
991 1
993 1
997 2
999 1
1007 1
1016 1
1020 1
1022 1
1025 2
1026 1
1029 1
1034 1
1035 2
1036 1
1044 1
1046 1
1050 1
1051 1
1052 1
1055 1
1056 3
1057 2
1058 3
1062 2
1066 1
1067 1
1068 1
1075 1
1078 1
1079 1
1080 1
1082 1
1083 1
1085 1
1086 1
1092 1
1101 1
1103 1
1110 1
1111 1
1112 1
1113 1
1114 1
1117 1
1119 2
1120 3
1121 1
1123 1
1124 2
1125 1
1137 1
1138 1
1146 1
1157 1
1183 1
1188 1
1190 1
1193 1
1196 2
1197 2
1198 2
1199 2
1200 3
1201 1
1202 3
1210 1
1217 1
1238 1
1243 1
1244 1
1247 1
1253 1
1266 1
1270 2
1271 1
1275 1
1276 1
1277 1
1279 1
1281 2
1282 1
1285 1
1288 3
1291 1
1292 1
1294 1
1300 1
1301 1
1302 1
1308 1
1309 1
1314 1
1316 1
1319 1
1321 3
1323 1
1327 1
1332 1
1385 1
1407 1
1442 1
1446 1
1449 1
1470 1
1497 1
1498 2
1521 1
1539 1
1543 1
1546 2
1552 1
1555 1
1557 1
1569 1
1576 1
1577 1
1578 1
1579 1
1580 2
1582 1
1586 2
1592 1
1604 1
1610 1
1626 1
1628 1
1629 1
1630 4
1631 2
1633 2
1634 2
1636 1
1637 2
1638 2
1639 1
1642 1
1644 1
1646 1
1647 1
1649 1
1650 1
1651 1
1652 1
1653 2
1654 1
1656 1
1659 1
1660 1
1664 2
1674 1
1694 1
1697 1
1703 1
1704 1
1708 1
1725 1
1763 1
1776 1
1791 1
1795 1
1800 2
1801 2
1810 1
1812 1
1837 1
1847 1
1855 1
1858 1
1911 1
1928 1
1969 1
1972 1
2099 1
2126 1
2137 1
2138 1
2142 1
2154 1
2155 1
2161 1
2206 1
2208 1
2210 1
2216 1
2218 1
2222 1
2226 2
2229 1
2230 1
2232 1
2270 1
2275 1
2278 1
2288 1
2289 1
2319 1
2326 1
2335 2
2345 1
2399 1
2402 2
2407 1
2411 1
2417 1
2464 1
2550 1
2551 1
2554 1
2556 1
2559 1
2567 1
2579 2
2580 2
2588 1
2640 1
3649 1
3693 1
4113 1
4128 1
4244 1
4500 1
5489 1
5544 1
5550 1
5555 2
5557 1
5561 1
5563 1
5572 1
5585 1
5589 1
