1 20737287
2 7815566
3 3629743
4 2152340
5 1570912
6 1294486
7 1220350
8 1252791
9 1331709
10 1395708
11 1417901
12 1392967
13 1333641
14 1254728
15 1163991
16 1065358
17 970417
18 868341
19 775224
20 680375
21 590654
22 510741
23 442016
24 392172
25 352568
26 328955
27 311501
28 301910
29 299115
30 298429
31 300810
32 304663
33 307914
34 309341
35 311565
36 312795
37 314343
38 312685
39 314559
40 311366
41 308967
42 306279
43 304286
44 300132
45 292968
46 284512
47 276616
48 264515
49 252126
50 237764
51 221116
52 203080
53 183961
54 162234
55 143046
56 122611
57 103766
58 87319
59 72127
60 58114
61 46486
62 36406
63 28859
64 22496
65 17162
66 12877
67 9730
68 7389
69 5649
70 4473
71 3686
72 3262
73 2594
74 2277
75 2061
76 1872
77 1734
78 1647
79 1623
80 1511
81 1545
82 1404
83 1323
84 1294
85 1209
86 1040
87 1035
88 963
89 830
90 826
91 876
92 885
93 909
94 902
95 873
96 875
97 939
98 974
99 986
100 912
101 887
102 880
103 845
104 793
105 806
106 795
107 761
108 752
109 708
110 620
111 579
112 573
113 558
114 485
115 463
116 425
117 406
118 441
119 390
120 374
121 353
122 311
123 283
124 313
125 271
126 278
127 294
128 283
129 277
130 301
131 322
132 332
133 344
134 353
135 360
136 346
137 356
138 389
139 379
140 364
141 413
142 378
143 355
144 362
145 383
146 384
147 371
148 390
149 390
150 350
151 353
152 313
153 323
154 280
155 278
156 280
157 263
158 309
159 283
160 292
161 255
162 302
163 257
164 240
165 203
166 231
167 210
168 192
169 198
170 195
171 160
172 154
173 140
174 118
175 114
176 106
177 96
178 120
179 94
180 89
181 86
182 81
183 75
184 105
185 98
186 90
187 81
188 72
189 83
190 67
191 67
192 69
193 54
194 57
195 67
196 53
197 52
198 55
199 75
200 88
201 89
202 65
203 107
204 113
205 127
206 155
207 196
208 211
209 307
210 359
211 427
212 548
213 622
214 820
215 927
216 1205
217 1360
218 1672
219 2091
220 2452
221 2845
222 3125
223 3797
224 4237
225 5083
226 5750
227 6711
228 7669
229 8858
230 10039
231 11208
232 12498
233 14200
234 15592
235 17637
236 19285
237 21758
238 23280
239 25675
240 28061
241 30871
242 33315
243 36178
244 38812
245 42520
246 44983
247 47923
248 51006
249 53793
250 56791
251 60177
252 62899
253 66773
254 70167
255 72980
256 76168
257 79435
258 83117
259 85400
260 87660
261 90177
262 92819
263 95262
264 97263
265 99870
266 101814
267 103298
268 105193
269 106549
270 107534
271 109080
272 110041
273 111469
274 111048
275 111666
276 111153
277 110896
278 110580
279 109219
280 109107
281 107734
282 106567
283 104343
284 102452
285 100267
286 97392
287 94934
288 92102
289 89767
290 86790
291 83466
292 80253
293 77065
294 73548
295 70042
296 66864
297 63352
298 59640
299 56093
300 53046
301 49404
302 46479
303 43449
304 40320
305 36784
306 34132
307 31661
308 28942
309 26235
310 24205
311 21883
312 20011
313 18013
314 16298
315 14702
316 13212
317 11831
318 10574
319 9360
320 8334
321 7494
322 6628
323 5844
324 5017
325 4510
326 3782
327 3417
328 2891
329 2432
330 2170
331 1875
332 1570
333 1321
334 1156
335 947
336 791
337 704
338 628
339 539
340 465
341 386
342 329
343 255
344 270
345 230
346 184
347 196
348 189
349 172
350 181
351 134
352 122
353 101
354 107
355 107
356 83
357 84
358 67
359 67
360 67
361 83
362 77
363 78
364 68
365 80
366 79
367 65
368 65
369 52
370 69
371 55
372 44
373 35
374 55
375 41
376 43
377 49
378 45
379 53
380 45
381 41
382 50
383 40
384 40
385 36
386 51
387 41
388 39
389 60
390 42
391 33
392 31
393 35
394 32
395 33
396 26
397 19
398 31
399 25
400 22
401 10
402 18
403 17
404 31
405 25
406 36
407 21
408 27
409 34
410 32
411 28
412 22
413 26
414 26
415 16
416 21
417 12
418 13
419 23
420 15
421 17
422 17
423 8
424 22
425 22
426 22
427 29
428 15
429 19
430 22
431 21
432 23
433 16
434 31
435 16
436 18
437 11
438 20
439 10
440 15
441 15
442 11
443 13
444 15
445 11
446 16
447 16
448 18
449 16
450 15
451 18
452 18
453 11
454 19
455 20
456 18
457 20
458 18
459 14
460 22
461 18
462 14
463 14
464 23
465 18
466 25
467 29
468 29
469 36
470 41
471 38
472 46
473 40
474 62
475 54
476 56
477 80
478 62
479 67
480 79
481 76
482 90
483 87
484 116
485 101
486 118
487 117
488 112
489 105
490 125
491 126
492 114
493 152
494 126
495 150
496 146
497 151
498 165
499 190
500 174
501 191
502 187
503 185
504 164
505 190
506 212
507 211
508 244
509 232
510 254
511 261
512 239
513 265
514 288
515 285
516 301
517 278
518 314
519 325
520 288
521 301
522 331
523 288
524 311
525 354
526 339
527 345
528 333
529 355
530 391
531 344
532 363
533 369
534 380
535 378
536 348
537 377
538 354
539 387
540 393
541 381
542 419
543 377
544 384
545 382
546 355
547 382
548 328
549 377
550 365
551 367
552 312
553 344
554 335
555 345
556 324
557 305
558 324
559 311
560 354
561 312
562 322
563 328
564 303
565 294
566 303
567 294
568 306
569 287
570 306
571 278
572 274
573 271
574 285
575 244
576 265
577 277
578 236
579 249
580 254
581 250
582 236
583 198
584 193
585 239
586 232
587 195
588 171
589 199
590 146
591 163
592 158
593 150
594 140
595 155
596 136
597 137
598 133
599 123
600 118
601 97
602 94
603 111
604 83
605 71
606 71
607 55
608 62
609 79
610 70
611 77
612 57
613 67
614 72
615 67
616 65
617 48
618 56
619 48
620 39
621 50
622 34
623 28
624 27
625 42
626 27
627 30
628 34
629 28
630 33
631 34
632 40
633 23
634 39
635 30
636 32
637 24
638 29
639 22
640 18
641 23
642 25
643 22
644 20
645 15
646 17
647 20
648 18
649 25
650 19
651 13
652 11
653 19
654 21
655 14
656 14
657 16
658 16
659 16
660 16
661 12
662 12
663 17
664 13
665 12
666 10
667 17
668 15
669 16
670 19
671 11
672 21
673 16
674 13
675 18
676 13
677 17
678 18
679 19
680 18
681 12
682 16
683 7
684 16
685 14
686 9
687 4
688 18
689 13
690 14
691 13
692 7
693 8
694 9
695 8
696 8
697 7
698 9
699 5
700 5
701 11
702 2
703 9
704 9
705 15
706 8
707 10
708 18
709 18
710 14
711 27
712 26
713 27
714 18
715 22
716 15
717 23
718 26
719 18
720 17
721 26
722 32
723 26
724 28
725 34
726 33
727 49
728 43
729 34
730 42
731 58
732 52
733 50
734 54
735 57
736 49
737 61
738 71
739 69
740 69
741 69
742 68
743 61
744 84
745 90
746 87
747 84
748 97
749 95
750 115
751 103
752 88
753 119
754 123
755 110
756 97
757 121
758 138
759 109
760 110
761 129
762 120
763 130
764 141
765 119
766 121
767 137
768 143
769 142
770 148
771 135
772 178
773 179
774 137
775 142
776 161
777 168
778 168
779 168
780 174
781 138
782 183
783 167
784 144
785 155
786 162
787 174
788 145
789 146
790 171
791 139
792 175
793 138
794 170
795 150
796 162
797 131
798 109
799 140
800 116
801 105
802 102
803 121
804 97
805 89
806 91
807 87
808 99
809 94
810 91
811 63
812 77
813 71
814 60
815 65
816 64
817 64
818 62
819 47
820 63
821 56
822 56
823 59
824 47
825 33
826 44
827 36
828 30
829 46
830 33
831 30
832 36
833 32
834 46
835 37
836 16
837 29
838 39
839 38
840 25
841 31
842 34
843 42
844 26
845 27
846 27
847 21
848 33
849 30
850 28
851 32
852 32
853 34
854 30
855 37
856 24
857 27
858 29
859 20
860 25
861 16
862 21
863 21
864 18
865 25
866 23
867 22
868 29
869 16
870 21
871 19
872 27
873 13
874 25
875 19
876 19
877 24
878 26
879 22
880 22
881 18
882 15
883 20
884 11
885 19
886 22
887 19
888 18
889 17
890 26
891 12
892 17
893 11
894 10
895 13
896 15
897 14
898 19
899 18
900 13
901 13
902 22
903 10
904 20
905 10
906 7
907 18
908 13
909 8
910 18
911 11
912 13
913 9
914 9
915 13
916 14
917 9
918 10
919 13
920 12
921 7
922 13
923 16
924 4
925 17
926 12
927 11
928 7
929 5
930 13
931 11
932 5
933 10
934 5
935 7
936 9
937 4
938 5
939 5
940 2
941 9
942 3
943 3
944 12
945 5
946 8
947 7
948 7
949 7
950 8
951 13
952 9
953 2
954 6
955 9
956 10
957 6
958 5
959 3
960 4
961 4
962 2
964 1
965 2
966 4
967 1
968 1
969 7
970 8
971 2
972 4
973 2
974 7
975 4
976 3
977 4
978 12
979 6
980 8
981 11
982 18
983 9
984 9
985 18
986 13
987 12
988 17
989 18
990 23
991 16
992 15
993 12
994 23
995 16
996 15
997 18
998 14
999 16
1000 22
1001 23
1002 29
1003 16
1004 27
1005 27
1006 21
1007 32
1008 27
1009 30
1010 24
1011 29
1012 31
1013 27
1014 31
1015 25
1016 37
1017 36
1018 25
1019 40
1020 38
1021 41
1022 38
1023 49
1024 37
1025 44
1026 49
1027 40
1028 46
1029 46
1030 43
1031 34
1032 48
1033 37
1034 29
1035 50
1036 43
1037 44
1038 34
1039 50
1040 42
1041 50
1042 29
1043 41
1044 38
1045 43
1046 51
1047 37
1048 38
1049 46
1050 40
1051 36
1052 32
1053 36
1054 32
1055 34
1056 33
1057 41
1058 36
1059 39
1060 24
1061 39
1062 28
1063 30
1064 22
1065 23
1066 21
1067 16
1068 27
1069 24
1070 20
1071 18
1072 22
1073 25
1074 22
1075 22
1076 25
1077 21
1078 14
1079 18
1080 20
1081 29
1082 17
1083 28
1084 23
1085 27
1086 31
1087 29
1088 32
1089 19
1090 27
1091 38
1092 29
1093 26
1094 26
1095 35
1096 39
1097 23
1098 38
1099 34
1100 23
1101 36
1102 35
1103 31
1104 43
1105 43
1106 35
1107 33
1108 36
1109 33
1110 27
1111 35
1112 36
1113 31
1114 52
1115 39
1116 35
1117 40
1118 41
1119 41
1120 40
1121 42
1122 45
1123 36
1124 54
1125 39
1126 45
1127 42
1128 41
1129 40
1130 41
1131 47
1132 48
1133 34
1134 43
1135 43
1136 39
1137 38
1138 44
1139 36
1140 47
1141 33
1142 27
1143 32
1144 35
1145 30
1146 34
1147 28
1148 32
1149 31
1150 32
1151 29
1152 33
1153 30
1154 33
1155 33
1156 32
1157 21
1158 23
1159 21
1160 28
1161 23
1162 19
1163 23
1164 24
1165 17
1166 20
1167 19
1168 23
1169 20
1170 17
1171 12
1172 21
1173 13
1174 22
1175 12
1176 16
1177 23
1178 17
1179 13
1180 13
1181 10
1182 10
1183 17
1184 18
1185 17
1186 8
1187 13
1188 11
1189 11
1190 7
1191 7
1192 6
1193 10
1194 8
1195 6
1196 12
1197 8
1198 3
1199 6
1200 4
1201 12
1202 5
1203 9
1204 4
1205 3
1206 9
1207 9
1208 5
1209 5
1210 8
1211 6
1212 2
1213 1
1214 1
1215 6
1216 4
1217 7
1218 3
1220 4
1221 2
1222 1
1223 6
1225 5
1226 4
1227 2
1228 1
1229 6
1230 4
1231 6
1232 5
1233 1
1234 8
1235 2
1236 4
1237 7
1238 3
1239 4
1240 1
1241 7
1242 6
1243 3
1244 3
1245 8
1246 4
1247 12
1248 3
1249 7
1250 11
1251 6
1252 10
1253 6
1254 8
1255 14
1256 15
1257 12
1258 16
1259 14
1260 17
1261 14
1262 13
1263 15
1264 17
1265 22
1266 17
1267 22
1268 23
1269 20
1270 28
1271 15
1272 38
1273 27
1274 23
1275 35
1276 21
1277 25
1278 31
1279 32
1280 20
1281 29
1282 34
1283 17
1284 23
1285 19
1286 27
1287 25
1288 27
1289 21
1290 24
1291 28
1292 33
1293 32
1294 26
1295 37
1296 27
1297 37
1298 30
1299 42
1300 33
1301 29
1302 36
1303 26
1304 23
1305 27
1306 24
1307 27
1308 23
1309 12
1310 15
1311 20
1312 16
1313 13
1314 24
1315 19
1316 23
1317 22
1318 18
1319 10
1320 19
1321 19
1322 19
1323 23
1324 11
1325 14
1326 7
1327 19
1328 20
1329 16
1330 18
1331 18
1332 14
1333 13
1334 21
1335 17
1336 18
1337 18
1338 15
1339 12
1340 15
1341 16
1342 17
1343 17
1344 19
1345 16
1346 15
1347 9
1348 8
1349 9
1350 10
1351 11
1352 15
1353 17
1354 11
1355 15
1356 16
1357 16
1358 10
1359 14
1360 12
1361 19
1362 17
1363 10
1364 14
1365 14
1366 10
1367 11
1368 8
1369 11
1370 10
1371 14
1372 10
1373 11
1374 8
1375 8
1376 11
1377 10
1378 11
1379 12
1380 12
1381 9
1382 11
1383 16
1384 14
1385 7
1386 13
1387 11
1388 9
1389 6
1390 12
1391 10
1392 7
1393 12
1394 11
1395 13
1396 14
1397 15
1398 11
1399 9
1400 18
1401 16
1402 12
1403 14
1404 16
1405 15
1406 20
1407 14
1408 10
1409 17
1410 16
1411 30
1412 25
1413 20
1414 26
1415 15
1416 17
1417 12
1418 16
1419 23
1420 17
1421 24
1422 16
1423 14
1424 22
1425 16
1426 20
1427 16
1428 12
1429 21
1430 18
1431 22
1432 14
1433 16
1434 23
1435 20
1436 14
1437 20
1438 16
1439 13
1440 17
1441 12
1442 14
1443 9
1444 7
1445 13
1446 7
1447 8
1448 4
1449 11
1450 6
1451 5
1452 9
1453 8
1454 7
1455 4
1456 3
1457 5
1458 5
1459 6
1460 9
1461 8
1462 6
1463 7
1464 3
1465 4
1466 6
1467 6
1468 4
1469 4
1470 5
1471 5
1472 10
1473 5
1474 2
1475 3
1476 3
1477 3
1478 2
1479 4
1480 4
1482 4
1483 3
1484 2
1485 6
1486 5
1487 2
1488 9
1489 13
1490 6
1491 8
1492 5
1493 11
1494 11
1495 8
1496 11
1497 7
1498 17
1499 7
1500 6
1501 4
1502 9
1503 8
1504 10
1505 7
1506 7
1507 6
1508 10
1509 7
1510 7
1511 8
1512 10
1513 12
1514 9
1515 13
1516 13
1517 6
1518 11
1519 10
1520 11
1521 13
1522 14
1523 13
1524 11
1525 16
1526 9
1527 11
1528 12
1529 12
1530 13
1531 17
1532 12
1533 10
1534 12
1535 12
1536 13
1537 13
1538 14
1539 15
1540 17
1541 21
1542 13
1543 13
1544 18
1545 25
1546 16
1547 24
1548 24
1549 19
1550 16
1551 25
1552 25
1553 18
1554 27
1555 27
1556 26
1557 18
1558 26
1559 22
1560 23
1561 20
1562 23
1563 24
1564 29
1565 18
1566 24
1567 31
1568 28
1569 31
1570 31
1571 27
1572 33
1573 24
1574 27
1575 19
1576 26
1577 31
1578 16
1579 19
1580 23
1581 18
1582 26
1583 17
1584 23
1585 21
1586 18
1587 22
1588 22
1589 23
1590 20
1591 13
1592 18
1593 16
1594 18
1595 22
1596 15
1597 19
1598 12
1599 20
1600 17
1601 20
1602 18
1603 6
1604 10
1605 16
1606 9
1607 9
1608 8
1609 8
1610 12
1611 5
1612 8
1613 10
1614 12
1615 5
1616 9
1617 6
1618 5
1619 5
1620 5
1621 4
1622 9
1623 5
1624 7
1625 5
1626 5
1627 2
1628 3
1629 4
1630 4
1631 5
1632 5
1633 7
1634 4
1635 4
1636 6
1637 5
1638 4
1639 12
1640 8
1641 9
1642 8
1643 5
1644 7
1645 4
1646 6
1647 3
1648 8
1649 2
1650 1
1651 3
1652 4
1653 1
1654 9
1655 5
1656 1
1657 2
1658 2
1659 1
1660 3
1662 1
1663 4
1664 1
1665 2
1666 4
1667 2
1669 2
1670 1
1672 1
1674 3
1675 1
1676 3
1677 1
1678 2
1679 2
1680 2
1681 2
1682 1
1684 3
1685 2
1686 2
1688 5
1690 4
1691 1
1692 4
1693 1
1694 4
1695 2
1696 1
1697 2
1698 3
1700 5
1701 3
1702 4
1703 3
1704 3
1705 1
1706 2
1707 4
1708 4
1709 5
1710 3
1711 3
1713 3
1714 4
1715 3
1716 1
1717 3
1718 5
1719 5
1720 1
1721 2
1722 1
1723 2
1724 1
1725 4
1726 4
1727 1
1728 4
1730 6
1731 3
1732 5
1733 3
1734 7
1735 4
1736 6
1737 2
1738 3
1739 4
1740 2
1741 1
1742 2
1743 3
1744 3
1745 1
1746 1
1747 1
1748 1
1751 3
1752 2
1753 2
1754 1
1755 2
1756 2
1757 1
1758 1
1760 1
1761 1
1762 2
1763 3
1764 2
1765 2
1766 2
1767 3
1768 3
1771 2
1772 1
1773 1
1775 1
1776 1
1777 1
1779 3
1782 3
1783 2
1786 2
1787 1
1788 1
1791 2
1792 2
1793 2
1794 2
1796 2
1797 3
1798 2
1799 4
1800 6
1801 9
1802 5
1803 5
1804 2
1805 7
1806 7
1807 8
1808 2
1809 4
1810 3
1811 4
1812 6
1813 7
1814 7
1815 6
1816 3
1817 7
1818 5
1819 5
1820 8
1821 6
1822 5
1823 1
1824 3
1825 3
1826 2
1827 3
1828 1
1829 4
1830 1
1831 4
1832 4
1834 3
1835 5
1836 4
1837 2
1838 1
1839 2
1840 3
1841 3
1842 3
1843 4
1845 4
1846 4
1847 1
1848 4
1849 2
1850 2
1851 3
1852 1
1853 4
1855 2
1856 1
1857 2
1858 2
1860 2
1861 2
1862 1
1863 2
1864 2
1866 1
1874 1
1875 1
1879 2
1882 1
1886 1
1896 1
1902 1
1903 1
1909 1
1921 2
1923 1
1925 1
1927 1
1929 1
1931 1
1947 1
1956 1
1958 1
1965 1
1968 1
1977 1
1991 1
1996 2
1997 1
2000 1
2006 1
2008 1
2010 1
2018 1
2019 1
2020 1
2023 1
2027 2
2038 5
2039 3
2041 1
2042 2
2046 1
2047 1
2050 1
2052 1
2053 3
2055 2
2057 1
2058 1
2059 3
2060 1
2061 1
2063 1
2064 1
2065 1
2066 1
2067 1
2068 2
2069 1
2070 2
2072 1
2073 3
2074 2
2075 2
2076 2
2077 1
2078 4
2079 4
2080 2
2081 1
2082 1
2083 2
2084 4
2085 1
2086 4
2087 1
2088 4
2089 3
2090 2
2091 1
2092 8
2093 1
2094 5
2095 2
2096 6
2097 1
2098 4
2099 2
2100 5
2102 1
2103 3
2104 2
2105 2
2106 4
2107 2
2108 2
2109 7
2110 2
2111 2
2113 1
2114 7
2115 2
2118 1
2119 1
2121 2
2122 1
2123 2
2124 2
2125 2
2127 1
2128 2
2130 3
2132 1
2133 1
2134 1
2135 1
2137 2
2138 2
2139 1
2140 2
2141 1
2142 3
2143 1
2144 1
2145 1
2146 3
2147 2
2148 2
2149 1
2150 1
2151 3
2152 1
2154 3
2155 1
2156 1
2157 1
2158 2
2159 3
2162 2
2163 1
2164 3
2165 5
2166 3
2167 1
2168 3
2170 1
2174 1
2175 1
2179 1
2180 1
2181 1
2182 1
2183 2
2186 1
2187 1
2189 1
2194 1
2195 2
2196 1
2197 2
2202 2
2203 1
2206 1
2207 2
2210 1
2217 1
2223 1
2226 1
2232 2
2233 2
2234 1
2235 1
2236 1
2238 1
2239 1
2245 1
2247 1
2251 1
2252 3
2253 1
2254 1
2256 1
2259 1
2260 2
2262 2
2264 2
2265 2
2266 2
2268 2
2271 1
2272 1
2273 1
2274 2
2275 2
2276 2
2277 2
2278 1
2279 3
2280 1
2282 3
2283 3
2284 1
2285 3
2286 2
2287 2
2288 3
2290 1
2291 1
2292 2
2293 2
2294 1
2295 3
2296 2
2298 1
2299 3
2300 1
2301 1
2303 1
2305 1
2306 1
2307 4
2308 2
2309 2
2311 2
2312 2
2314 2
2315 1
2317 1
2320 1
2321 1
2324 1
2325 1
2327 2
2328 1
2329 1
2330 1
2331 3
2332 4
2333 3
2334 2
2335 5
2336 3
2337 4
2338 1
2339 1
2340 3
2341 1
2342 2
2343 2
2344 1
2345 3
2347 1
2348 3
2349 4
2350 3
2352 2
2353 2
2355 4
2356 1
2359 1
2360 1
2361 1
2365 1
2366 1
2367 1
2368 1
2377 1
2387 1
2395 1
2397 2
2400 1
2401 1
2405 1
2409 1
2414 1
2416 1
2420 1
2429 1
2430 1
2431 1
2436 1
2437 1
2444 1
2453 1
2463 1
2494 1
2500 1
2505 2
2506 2
2508 1
2509 1
2510 1
2512 2
2514 1
2517 1
2518 1
2526 1
2527 1
2532 1
2534 1
2535 1
2539 1
2540 1
2541 1
2542 1
2543 1
2544 4
2545 1
2546 2
2547 1
2548 1
2552 1
2553 1
2554 1
2555 1
2556 1
2557 4
2558 1
2560 5
2561 1
2562 1
2563 1
2564 2
2565 2
2566 1
2567 2
2569 2
2570 2
2572 3
2573 2
2574 2
2576 1
2577 2
2578 4
2579 3
2581 2
2583 2
2584 4
2586 4
2587 3
2588 2
2590 3
2591 2
2592 2
2593 4
2594 2
2596 2
2597 2
2598 1
2599 1
2600 3
2605 4
2606 2
2607 1
2608 2
2609 6
2611 4
2613 4
2614 5
2615 2
2616 2
2617 3
2618 5
2619 4
2621 3
2622 5
2623 4
2624 3
2625 3
2626 8
2627 2
2628 4
2629 6
2630 2
2631 3
2632 2
2633 5
2634 2
2635 5
2636 5
2637 1
2638 6
2639 1
2640 3
2641 2
2642 3
2643 3
2644 2
2645 3
2646 3
2647 2
2648 1
2651 2
2652 1
2654 3
2655 1
2656 1
2657 1
2658 2
2659 3
2660 2
2662 1
2663 2
2664 4
2665 2
2666 1
2667 1
2668 2
2670 1
2671 2
2672 1
2673 1
2674 1
2676 1
2678 2
2679 1
2681 1
2683 1
2684 1
2692 1
2695 1
2703 1
2728 1
2744 2
2748 1
2750 1
2758 2
2760 1
2761 1
2762 1
2764 1
2766 1
2768 1
2769 2
2775 1
2777 1
2780 2
2781 1
2784 1
2785 1
2786 3
2787 1
2788 1
2791 2
2793 1
2794 1
2796 1
2798 4
2799 2
2800 3
2802 2
2803 1
2804 4
2805 3
2806 1
2808 1
2810 1
2811 1
2813 1
2814 3
2815 2
2816 2
2819 2
2820 3
2821 2
2822 1
2824 2
2825 4
2826 3
2827 2
2828 2
2829 3
2830 7
2831 1
2832 5
2833 2
2834 6
2835 1
2836 5
2837 2
2838 6
2839 3
2840 4
2841 4
2842 4
2843 6
2844 3
2845 2
2847 7
2848 6
2849 4
2850 3
2851 4
2852 4
2853 7
2854 5
2855 5
2856 5
2857 3
2858 2
2859 6
2860 7
2861 4
2862 7
2863 8
2864 6
2865 6
2866 2
2867 6
2868 3
2869 9
2870 7
2871 6
2872 2
2873 8
2874 7
2875 1
2876 2
2877 1
2878 3
2879 4
2880 1
2883 3
2884 5
2885 3
2886 5
2887 4
2889 3
2890 4
2891 4
2892 2
2893 4
2894 1
2896 2
2897 5
2898 3
2899 3
2900 1
2902 4
2903 3
2905 4
2906 3
2907 3
2908 4
2909 5
2910 1
2912 2
2913 1
2914 2
2915 3
2916 4
2917 3
2919 3
2920 2
2921 1
2922 1
2923 2
2925 2
2929 2
2930 1
2932 1
2934 1
2935 2
2936 2
2938 1
2939 2
2940 1
2943 1
2947 3
2948 2
2949 1
2950 2
2951 1
2952 1
2953 3
2954 3
2955 2
2956 2
2957 3
2958 1
2961 1
2963 4
2964 1
2965 1
2966 1
2969 3
2970 1
2971 2
2972 3
2973 2
2974 1
2975 2
2976 2
2977 1
2978 2
2979 3
2980 3
2981 1
2982 3
2984 1
2985 3
2987 3
2989 2
2991 2
2992 1
2994 1
2995 3
2996 3
3000 1
3001 1
3005 2
3006 2
3008 2
3010 3
3011 2
3013 1
3014 1
3015 2
3019 3
3020 1
3022 1
3023 2
3024 1
3025 2
3026 1
3027 1
3029 1
3030 3
3031 1
3032 1
3033 2
3034 7
3035 1
3036 1
3037 1
3038 1
3040 1
3043 1
3048 2
3050 1
3053 1
3054 1
3058 1
3059 3
3061 2
3062 2
3063 1
3065 1
3067 1
3070 2
3075 1
3077 1
3079 2
3080 3
3084 1
3085 2
3086 3
3087 2
3088 1
3089 2
3090 1
3091 1
3092 1
3093 2
3094 5
3095 1
3096 2
3097 3
3098 1
3099 1
3100 2
3101 2
3102 4
3103 1
3104 3
3105 2
3106 1
3107 1
3108 3
3109 4
3110 4
3111 4
3112 4
3113 8
3114 6
3115 1
3116 3
3117 3
3118 5
3119 1
3120 4
3121 3
3122 5
3123 3
3124 3
3125 2
3126 3
3127 4
3128 6
3129 5
3130 2
3131 2
3132 4
3133 2
3134 2
3135 3
3136 1
3137 6
3138 2
3139 1
3140 3
3141 2
3142 1
3144 1
3145 2
3146 2
3147 4
3148 2
3150 2
3152 1
3154 2
3155 1
3156 1
3157 2
3162 1
3180 1
3188 1
3198 1
3200 2
3203 2
3204 1
3205 1
3206 1
3207 2
3208 1
3211 1
3212 1
3216 1
3220 1
3227 1
3249 1
3264 1
3265 1
3271 1
3272 1
3274 1
3279 1
3282 1
3287 1
3290 1
3291 1
3299 3
3302 4
3303 2
3304 1
3306 2
3309 1
3310 1
3311 1
3313 2
3314 1
3316 1
3318 1
3319 1
3320 1
3321 2
3322 1
3323 1
3324 1
3325 1
3326 1
3327 3
3328 2
3332 3
3334 6
3336 1
3337 3
3338 1
3339 1
3340 1
3341 1
3342 2
3343 1
3344 1
3345 2
3346 2
3347 2
3348 6
3349 2
3350 4
3351 3
3352 4
3353 2
3354 1
3355 2
3356 2
3357 2
3359 4
3360 5
3361 1
3362 3
3363 1
3364 5
3365 4
3366 1
3367 3
3368 4
3369 4
3370 5
3371 7
3372 2
3373 1
3374 1
3375 4
3376 1
3378 3
3379 3
3380 1
3381 2
3382 8
3383 5
3384 3
3385 3
3386 3
3387 3
3388 3
3389 4
3390 1
3391 3
3393 5
3394 5
3395 5
3396 4
3397 2
3398 5
3399 6
3400 3
3401 4
3402 5
3403 1
3404 2
3405 7
3406 4
3407 2
3408 2
3409 3
3410 5
3411 2
3413 1
3414 1
3415 1
3416 3
3417 4
3418 2
3420 1
3421 2
3422 1
3424 3
3425 1
3426 1
3427 1
3428 2
3429 1
3431 6
3432 4
3433 3
3436 2
3438 2
3439 2
3441 5
3443 1
3444 1
3446 1
3448 2
3449 1
3450 1
3452 1
3469 1
3485 1
3511 1
3515 1
3539 1
3540 1
3542 1
3543 2
3546 2
3550 2
3552 1
3553 1
3554 2
3556 1
3557 2
3558 1
3559 1
3561 2
3562 1
3563 1
3564 3
3565 1
3568 1
3573 1
3574 1
3577 1
3579 2
3580 1
3581 2
3582 2
3583 1
3584 1
3585 1
3588 5
3591 2
3592 1
3593 1
3595 1
3596 1
3597 2
3598 2
3599 1
3600 2
3601 2
3602 1
3603 1
3604 4
3606 1
3607 2
3608 2
3609 1
3610 3
3611 2
3612 2
3614 3
3615 2
3616 1
3617 2
3619 2
3620 3
3621 4
3622 3
3623 2
3624 3
3625 2
3626 2
3627 3
3628 4
3629 2
3630 1
3631 5
3632 1
3633 1
3634 2
3635 2
3636 3
3637 3
3638 3
3639 1
3640 1
3641 3
3644 1
3645 1
3646 2
3647 3
3648 1
3649 2
3651 1
3653 2
3655 1
3656 1
3657 1
3660 1
3661 2
3664 1
3665 2
3668 1
3669 2
3673 2
3674 2
3675 1
3676 1
3677 2
3679 1
3680 1
3681 2
3682 1
3683 2
3685 1
3686 2
3687 2
3688 1
3691 2
3693 1
3694 1
3696 1
3697 3
3699 1
3701 2
3703 1
3706 1
3707 1
3708 1
3711 2
3713 1
3715 1
3716 2
3718 2
3721 2
3723 2
3724 1
3728 1
3730 1
3732 1
3736 1
3737 1
3738 1
3748 1
3754 1
3760 1
3766 2
3771 1
3772 1
3776 1
3778 1
3781 1
3784 3
3785 1
3792 1
3796 1
3797 2
3801 1
3802 1
3805 1
3806 2
3808 1
3812 1
3813 3
3814 2
3815 1
3816 1
3817 2
3818 1
3819 3
3820 2
3824 1
3825 1
3826 3
3827 1
3828 2
3829 1
3830 1
3831 1
3832 3
3833 1
3834 1
3835 1
3836 2
3837 1
3839 1
3841 1
3843 1
3844 2
3846 1
3847 2
3850 4
3851 2
3853 1
3858 1
3860 1
3861 3
3863 1
3865 2
3867 2
3868 2
3869 2
3871 2
3872 1
3873 1
3874 1
3875 1
3876 1
3877 2
3878 3
3879 1
3880 4
3881 2
3882 1
3883 5
3884 1
3885 6
3886 6
3887 3
3888 3
3889 4
3890 4
3891 3
3892 4
3893 5
3894 3
3895 5
3896 2
3897 4
3898 4
3899 4
3900 2
3901 4
3902 2
3903 2
3905 5
3906 7
3907 3
3908 4
3909 2
3910 2
3911 6
3912 3
3914 2
3915 2
3917 4
3918 2
3919 1
3920 2
3921 1
3922 4
3923 5
3924 6
3925 1
3926 1
3927 1
3929 3
3930 3
3932 1
3933 1
3934 1
3935 5
3936 2
3937 3
3939 2
3941 1
3942 2
3943 2
3945 1
3946 3
3947 1
3948 2
3949 5
3950 2
3953 2
3954 3
3955 3
3956 5
3957 3
3958 3
3959 8
3960 3
3961 5
3962 4
3963 4
3964 3
3965 5
3966 2
3967 1
3968 4
3969 3
3970 3
3971 4
3972 3
3973 1
3974 3
3975 4
3976 3
3977 2
3978 3
3979 1
3980 2
3981 2
3982 3
3983 2
3984 2
3985 2
3986 2
3987 1
3988 2
3989 1
3990 2
3992 1
3994 1
3999 1
4002 1
4015 1
4065 1
4069 2
4078 1
4081 1
4086 1
4087 1
4089 1
4091 1
4096 1
4099 1
4106 1
4107 1
4113 1
4116 1
4117 1
4118 2
4120 2
4123 1
4124 1
4125 2
4127 1
4128 2
4129 1
4131 1
4134 1
4135 2
4136 2
4138 3
4139 1
4141 1
4143 1
4144 1
4145 4
4146 1
4147 2
4149 1
4150 1
4151 3
4152 2
4153 1
4154 2
4155 4
4156 2
4158 1
4159 1
4160 2
4161 1
4162 3
4163 2
4165 1
4166 3
4170 1
4174 3
4177 1
4178 2
4180 3
4185 1
4187 1
4199 2
4200 1
4207 1
4208 1
4209 1
4210 1
4211 1
4212 2
4214 1
4220 2
4222 2
4226 3
4227 1
4228 2
4231 1
4234 1
4238 1
4239 2
4240 1
4242 1
4244 1
4245 1
4249 1
4259 1
4261 1
4275 1
4285 1
4288 1
4293 1
4297 1
4298 1
4302 1
4303 1
4304 1
4307 1
4309 1
4311 1
4312 1
4313 1
4314 1
4315 1
4318 1
4319 2
4320 1
4321 1
4322 1
4323 2
4324 3
4330 3
4331 3
4332 3
4337 2
4340 1
4344 1
4345 1
4349 1
4352 1
4357 1
4360 2
4363 1
4369 1
4370 2
4372 2
4375 2
4377 1
4378 1
4379 1
4381 1
4382 1
4386 1
4388 2
4390 1
4391 1
4392 3
4393 2
4395 2
4396 2
4398 5
4400 1
4401 3
4402 2
4403 2
4404 4
4405 1
4407 4
4409 1
4410 1
4411 1
4412 2
4413 1
4414 3
4415 2
4416 1
4417 1
4422 1
4423 2
4424 1
4425 1
4427 2
4430 1
4431 1
4434 2
4435 1
4436 2
4438 2
4440 1
4441 3
4442 1
4444 1
4446 1
4448 2
4451 2
4453 2
4455 1
4459 2
4461 3
4462 1
4463 1
4465 2
4466 2
4467 2
4468 4
4469 1
4470 3
4471 1
4472 3
4474 2
4475 3
4476 3
4477 2
4478 2
4480 3
4481 2
4482 1
4483 3
4484 1
4485 1
4487 3
4489 2
4491 1
4492 1
4493 3
4495 1
4496 3
4497 2
4499 2
4500 2
4503 1
4504 2
4505 1
4507 1
4508 1
4509 1
4512 3
4516 1
4519 1
4521 1
4523 1
4528 1
4545 2
4548 1
4551 1
4648 1
4704 1
4705 1
4706 2
4707 1
4712 1
4716 1
4721 3
4722 1
4725 2
4726 1
4727 1
4728 3
4730 1
4731 1
4732 1
4734 2
4735 4
4736 1
4737 2
4738 2
4739 1
4740 3
4741 7
4742 5
4743 1
4744 3
4746 2
4747 1
4748 1
4750 2
4751 3
4752 2
4753 5
4754 2
4755 1
4756 2
4758 1
4759 3
4760 1
4761 1
4762 4
4764 1
4765 1
4766 2
4767 2
4768 1
4769 1
4770 2
4771 1
4772 1
4773 1
4774 2
4776 1
4778 1
4779 1
4781 2
4782 2
4783 1
4784 2
4786 1
4787 1
4788 1
4789 1
4796 1
4798 2
4799 1
4803 1
4808 1
4813 1
4835 1
5009 1
5043 2
5057 1
5061 1
5259 1
5269 1
5516 1
5536 1
5546 1
5788 1
5975 1
6006 1
6061 1
6261 1
6271 1
6283 1
6326 1
6330 1
6337 1
6339 2
6341 1
6344 1
6354 1
6374 1
6378 1
6486 1
6515 2
6517 2
6518 1
6525 1
6534 1
6546 1
6573 1
6775 1
6969 1
6971 1
6986 1
6988 1
6991 1
6993 1
6994 1
6995 1
6998 1
6999 1
7217 1
7231 1
7300 1
7591 1
7609 1
7633 1
7953 1
8068 1
8806 1
9126 1
9137 1
9160 1
9333 1
9338 1
9339 1
9356 1
9358 1
9368 1
9385 1
9606 1
9615 2
9692 1
9786 1
9842 1
9844 1
9849 1
9854 1
9859 1
9874 1
10001 15
