1 26257334
2 13958501
3 9191471
4 6692921
5 4877653
6 3445555
7 2366374
8 1638685
9 1222698
10 1009005
11 901390
12 832069
13 768777
14 685001
15 583860
16 482442
17 390193
18 312078
19 258113
20 220050
21 201110
22 189001
23 182493
24 177117
25 169819
26 160448
27 152647
28 144098
29 140971
30 144922
31 154926
32 172062
33 197548
34 230368
35 267084
36 309355
37 348788
38 389527
39 422440
40 448596
41 465997
42 471800
43 470179
44 456488
45 436247
46 406432
47 370155
48 331697
49 291931
50 252787
51 214810
52 179756
53 146437
54 119056
55 95754
56 75872
57 60079
58 47605
59 37078
60 29673
61 24184
62 19530
63 16985
64 15040
65 13317
66 12449
67 11696
68 11142
69 10872
70 10395
71 10145
72 9860
73 9349
74 8483
75 7740
76 7212
77 6588
78 5926
79 5281
80 4832
81 4452
82 4098
83 3706
84 3476
85 3110
86 2939
87 2703
88 2446
89 2315
90 2224
91 1908
92 1797
93 1661
94 1556
95 1404
96 1275
97 1177
98 1066
99 981
100 891
101 763
102 716
103 652
104 509
105 536
106 468
107 489
108 420
109 411
110 407
111 403
112 344
113 333
114 340
115 321
116 351
117 373
118 399
119 389
120 435
121 411
122 452
123 449
124 477
125 445
126 407
127 443
128 469
129 465
130 448
131 450
132 467
133 457
134 406
135 442
136 444
137 398
138 386
139 389
140 337
141 328
142 269
143 256
144 269
145 245
146 262
147 236
148 263
149 220
150 224
151 251
152 230
153 279
154 224
155 248
156 213
157 239
158 239
159 236
160 226
161 238
162 232
163 253
164 273
165 261
166 305
167 284
168 277
169 286
170 273
171 290
172 283
173 224
174 281
175 250
176 220
177 227
178 234
179 206
180 205
181 225
182 223
183 195
184 224
185 181
186 196
187 191
188 181
189 187
190 194
191 209
192 182
193 174
194 155
195 175
196 139
197 152
198 167
199 145
200 150
201 135
202 115
203 107
204 109
205 86
206 114
207 90
208 100
209 133
210 100
211 103
212 100
213 78
214 102
215 106
216 84
217 97
218 96
219 65
220 82
221 67
222 78
223 86
224 76
225 92
226 86
227 89
228 75
229 87
230 63
231 84
232 72
233 71
234 56
235 65
236 65
237 81
238 84
239 98
240 108
241 141
242 138
243 133
244 183
245 222
246 251
247 276
248 357
249 394
250 470
251 581
252 649
253 755
254 980
255 1173
256 1318
257 1495
258 1872
259 2133
260 2381
261 2717
262 3180
263 3713
264 4349
265 4845
266 5564
267 6189
268 7240
269 7806
270 8896
271 9729
272 10839
273 12055
274 13171
275 14646
276 16034
277 17372
278 19186
279 20822
280 22573
281 24017
282 25765
283 27987
284 29631
285 31083
286 32875
287 34763
288 36710
289 38161
290 39910
291 41560
292 42726
293 44199
294 45275
295 46992
296 48130
297 48879
298 49468
299 50524
300 50613
301 51079
302 51036
303 51004
304 50787
305 50484
306 49941
307 49209
308 48436
309 47185
310 45914
311 45013
312 43459
313 41719
314 40024
315 38769
316 36968
317 35299
318 33486
319 31606
320 29562
321 28143
322 26659
323 24713
324 23136
325 21827
326 20166
327 18399
328 17124
329 15743
330 14393
331 13185
332 11967
333 11199
334 9968
335 9105
336 8213
337 7347
338 6581
339 5891
340 5256
341 4778
342 4159
343 3719
344 3186
345 2917
346 2575
347 2263
348 1991
349 1752
350 1521
351 1308
352 1198
353 1026
354 853
355 713
356 618
357 527
358 433
359 399
360 351
361 317
362 270
363 226
364 196
365 158
366 159
367 136
368 124
369 100
370 94
371 75
372 67
373 55
374 44
375 64
376 46
377 37
378 35
379 36
380 30
381 26
382 18
383 23
384 31
385 22
386 20
387 30
388 29
389 9
390 26
391 12
392 9
393 14
394 21
395 10
396 16
397 21
398 16
399 21
400 16
401 13
402 11
403 9
404 13
405 6
406 7
407 14
408 7
409 16
410 19
411 14
412 22
413 18
414 18
415 13
416 16
417 13
418 17
419 10
420 13
421 11
422 11
423 21
424 3
425 13
426 13
427 17
428 8
429 16
430 16
431 11
432 7
433 7
434 6
435 5
436 7
437 6
438 7
439 8
440 3
441 6
442 3
443 5
444 7
445 10
446 12
447 7
448 14
449 13
450 11
451 9
452 15
453 11
454 15
455 10
456 10
457 6
458 9
459 8
460 13
461 17
462 10
463 10
464 13
465 5
466 10
467 5
468 5
469 3
470 4
471 9
472 3
473 9
474 6
475 5
476 7
477 5
478 7
479 10
480 12
481 8
482 7
483 14
484 4
485 4
486 3
487 7
488 4
489 8
490 7
491 7
492 5
493 12
494 9
495 6
496 9
497 2
498 8
499 9
500 7
501 7
502 7
503 9
504 5
505 2
506 3
507 7
508 8
509 8
510 8
511 11
512 6
513 7
514 6
515 6
516 9
517 7
518 6
519 6
520 4
521 4
522 2
523 5
524 9
525 4
526 7
527 5
528 7
529 6
530 4
531 6
532 6
533 7
534 7
535 8
536 5
537 6
538 8
539 5
540 7
541 3
542 5
543 2
544 7
545 2
546 6
547 5
548 7
549 11
550 7
551 9
552 5
553 8
554 11
555 14
556 9
557 13
558 5
559 10
560 15
561 18
562 18
563 20
564 26
565 24
566 24
567 22
568 41
569 28
570 24
571 32
572 21
573 44
574 33
575 36
576 38
577 40
578 45
579 46
580 55
581 71
582 66
583 75
584 60
585 72
586 66
587 68
588 74
589 71
590 68
591 80
592 51
593 68
594 75
595 67
596 63
597 75
598 76
599 83
600 80
601 64
602 73
603 85
604 77
605 79
606 82
607 89
608 68
609 81
610 83
611 73
612 87
613 75
614 80
615 88
616 93
617 72
618 80
619 82
620 82
621 84
622 61
623 68
624 64
625 60
626 64
627 51
628 52
629 67
630 63
631 68
632 49
633 60
634 59
635 47
636 40
637 46
638 28
639 37
640 30
641 32
642 24
643 26
644 20
645 14
646 16
647 23
648 14
649 18
650 16
651 9
652 12
653 20
654 9
655 10
656 12
657 15
658 11
659 10
660 9
661 5
662 5
663 7
664 9
665 3
666 7
667 7
668 5
669 9
670 7
671 4
672 4
673 5
674 6
675 3
676 4
677 3
678 1
679 3
680 1
681 7
682 7
683 5
684 4
685 5
686 4
687 3
688 5
689 1
690 4
691 4
692 1
693 3
694 4
695 3
696 2
698 2
699 3
700 1
701 1
702 4
703 2
704 3
705 1
706 3
708 1
709 1
710 3
712 5
713 4
714 10
715 2
716 1
717 1
718 8
719 5
720 6
721 8
722 3
723 4
724 1
725 6
726 3
727 3
728 3
729 6
730 3
732 1
733 3
734 4
735 2
736 1
737 5
738 2
739 2
740 1
741 2
742 1
743 4
744 2
746 2
747 1
748 1
749 2
750 1
751 1
752 1
753 2
754 4
755 1
757 2
758 2
759 1
760 3
761 2
762 2
763 5
764 1
765 6
767 1
769 3
770 1
771 3
772 4
773 2
774 1
775 3
776 2
777 3
778 3
779 3
780 2
781 3
782 1
784 1
786 1
787 1
789 1
790 1
791 2
793 3
794 1
795 1
796 1
797 1
798 1
799 1
800 6
801 3
802 1
803 3
804 1
805 3
806 5
808 1
809 2
810 2
811 1
812 4
813 1
814 3
815 4
816 2
817 3
818 3
819 2
820 2
824 2
827 1
828 1
830 2
832 1
833 2
834 3
835 2
836 2
837 3
838 1
839 2
840 4
841 1
842 2
844 1
846 4
847 3
848 4
849 2
850 2
851 2
855 2
857 1
858 2
859 3
860 6
861 2
862 3
863 4
864 3
865 4
866 2
867 5
868 5
869 4
870 8
871 3
872 6
873 4
874 4
875 4
876 3
877 2
878 6
879 4
880 6
881 3
882 3
883 4
884 2
886 1
887 4
888 2
889 4
890 2
891 1
892 1
893 3
894 2
895 1
896 3
897 7
898 2
899 5
900 2
901 4
902 5
903 3
904 4
905 5
906 2
907 1
908 6
909 6
910 3
911 2
912 6
913 5
914 5
915 5
916 4
917 3
918 1
919 1
920 3
921 6
922 1
923 1
924 2
926 1
927 3
928 5
929 2
931 1
932 3
933 1
934 5
935 4
936 5
937 3
938 7
939 3
940 5
941 1
942 3
943 3
944 5
945 6
946 2
947 2
949 2
950 2
951 2
952 3
955 1
956 2
957 2
959 2
961 1
963 1
964 2
965 1
973 1
975 1
980 1
981 1
982 1
985 1
986 2
990 1
991 1
992 1
994 2
995 3
999 3
1000 3
1001 4
1002 4
1003 1
1004 2
1005 4
1006 1
1007 1
1008 4
1009 3
1010 2
1011 3
1012 2
1013 7
1014 2
1015 1
1016 1
1017 1
1018 1
1019 1
1021 2
1022 1
1023 3
1024 2
1025 1
1026 1
1027 2
1029 3
1031 3
1032 1
1033 3
1034 2
1035 1
1037 1
1038 1
1040 1
1041 2
1042 2
1044 1
1045 2
1047 2
1052 1
1054 2
1058 1
1059 2
1060 2
1061 1
1063 1
1071 1
1072 1
1073 1
1075 1
1081 1
1082 1
1084 1
1085 1
1088 1
1089 3
1092 2
1093 2
1094 1
1096 1
1097 1
1103 1
1104 2
1109 1
1110 3
1114 1
1115 1
1116 2
1117 1
1118 1
1120 1
1121 1
1125 1
1130 1
1157 1
1164 1
1169 1
1170 2
1173 1
1176 1
1183 1
1185 2
1188 1
1189 1
1190 2
1191 1
1193 2
1195 1
1202 1
1203 1
1204 1
1210 3
1211 2
1213 1
1214 3
1217 1
1218 1
1219 1
1222 1
1223 1
1224 1
1226 1
1228 1
1230 2
1231 3
1233 3
1235 1
1237 2
1240 1
1241 1
1246 1
1249 1
1255 1
1256 1
1259 1
1260 1
1261 2
1264 1
1268 1
1270 1
1278 2
1383 1
1453 1
1456 1
1460 1
1466 1
1469 1
1471 1
1503 1
1505 1
1506 1
1514 1
1516 1
1519 2
1521 1
1525 2
1529 1
1532 1
1534 1
1536 1
1543 1
1544 1
1547 1
1548 1
1550 1
1553 1
1557 1
1560 1
1561 1
1696 1
1758 1
1805 1
1812 1
1816 1
1818 1
1821 1
1822 1
1826 1
1827 1
1832 1
1845 1
1850 1
1853 1
1854 3
1857 3
1860 1
1861 1
1862 1
1866 2
1870 1
1873 1
1881 2
1897 1
1899 2
1900 1
1901 1
1903 1
1905 1
1909 1
1910 1
1912 1
2039 1
2041 1
2045 1
2059 1
2074 1
2338 1
2469 1
2470 1
2640 1
2778 1
2914 1
2918 1
3727 1
3733 1
3739 2
3752 1
3754 1
3758 1
3770 1
3771 1
3773 1
