1 12961233
2 6127552
3 3854203
4 2504805
5 1660527
6 1074712
7 653814
8 367988
9 191325
10 94277
11 44305
12 22172
13 14180
14 13794
15 19223
16 29292
17 44959
18 67064
19 97948
20 136130
21 180241
22 227828
23 275648
24 323513
25 365120
26 400816
27 418572
28 421418
29 410734
30 389547
31 359471
32 321041
33 280087
34 235905
35 192812
36 154518
37 120582
38 90782
39 66708
40 47662
41 33547
42 23545
43 16299
44 11053
45 7394
46 5013
47 3542
48 2691
49 2198
50 2044
51 1790
52 1732
53 1683
54 1721
55 1719
56 1619
57 1543
58 1524
59 1490
60 1546
61 1437
62 1344
63 1277
64 1178
65 1061
66 919
67 820
68 757
69 731
70 684
71 714
72 700
73 713
74 708
75 602
76 550
77 548
78 526
79 540
80 527
81 554
82 604
83 604
84 610
85 559
86 493
87 518
88 430
89 393
90 363
91 368
92 357
93 332
94 307
95 287
96 250
97 261
98 256
99 249
100 231
101 255
102 259
103 215
104 224
105 211
106 220
107 217
108 214
109 229
110 201
111 197
112 171
113 197
114 213
115 207
116 239
117 265
118 243
119 228
120 250
121 249
122 240
123 237
124 230
125 206
126 198
127 233
128 222
129 187
130 187
131 220
132 239
133 193
134 179
135 197
136 197
137 200
138 183
139 191
140 173
141 168
142 167
143 155
144 143
145 124
146 142
147 130
148 99
149 111
150 110
151 114
152 107
153 96
154 109
155 86
156 83
157 68
158 80
159 95
160 76
161 100
162 100
163 97
164 106
165 96
166 108
167 89
168 94
169 97
170 81
171 72
172 83
173 53
174 60
175 39
176 29
177 31
178 32
179 22
180 18
181 28
182 29
183 26
184 25
185 23
186 38
187 33
188 29
189 22
190 20
191 20
192 19
193 14
194 6
195 11
196 9
197 9
198 11
199 9
200 14
201 9
202 14
203 21
204 12
205 11
206 17
207 18
208 21
209 19
210 11
211 4
212 15
213 5
214 11
215 13
216 11
217 8
218 9
219 10
220 8
221 6
222 3
223 13
224 11
225 14
226 17
227 9
228 7
229 15
230 17
231 13
232 10
233 9
234 8
235 10
236 9
237 9
238 3
239 9
240 12
241 9
242 7
243 11
244 7
245 6
246 5
247 7
248 5
249 9
250 8
251 6
252 5
253 2
254 2
255 8
256 6
257 15
258 6
259 14
260 4
261 9
262 10
263 10
264 12
265 8
266 15
267 9
268 6
269 11
270 11
271 8
272 5
273 6
274 11
275 17
276 17
277 14
278 19
279 15
280 16
281 12
282 27
283 16
284 20
285 22
286 19
287 23
288 17
289 13
290 8
291 14
292 14
293 20
294 20
295 12
296 22
297 11
298 12
299 11
300 11
301 20
302 16
303 33
304 19
305 21
306 18
307 23
308 29
309 29
310 22
311 21
312 18
313 15
314 19
315 10
316 19
317 8
318 12
319 12
320 13
321 12
322 4
323 11
324 13
325 9
326 9
327 14
328 14
329 13
330 8
331 5
332 10
333 10
334 10
335 2
336 8
337 4
338 4
339 11
340 7
341 13
342 12
343 15
344 8
345 11
346 8
347 13
348 11
349 18
350 16
351 18
352 8
353 7
354 19
355 13
356 15
357 11
358 15
359 8
360 13
361 18
362 8
363 13
364 12
365 11
366 9
367 8
368 3
369 4
370 7
371 7
372 10
373 6
374 4
375 12
376 7
377 13
378 12
379 9
380 5
381 8
382 14
383 13
384 13
385 14
386 9
387 14
388 11
389 12
390 9
391 17
392 13
393 15
394 13
395 14
396 13
397 13
398 14
399 16
400 11
401 20
402 12
403 12
404 12
405 6
406 9
407 1
408 1
409 5
410 11
411 4
412 3
413 5
414 4
415 3
416 1
417 3
418 8
419 9
420 8
421 4
422 12
423 6
424 6
425 5
426 4
427 8
428 6
429 8
430 10
431 3
432 4
433 5
434 11
435 11
436 4
437 3
438 7
439 8
440 13
441 8
442 11
443 3
444 8
445 5
446 6
447 2
448 3
449 3
450 7
451 7
452 2
453 6
454 8
455 4
456 2
457 3
458 6
459 12
460 11
461 6
462 12
463 11
464 8
465 12
466 11
467 13
468 9
469 5
470 10
471 11
472 2
473 6
474 5
475 6
476 2
477 3
478 6
479 4
480 6
481 7
482 2
483 7
484 9
485 5
486 6
487 4
488 7
489 1
490 1
495 1
496 1
499 3
500 2
501 2
503 2
504 1
506 3
507 2
508 3
509 2
510 1
511 3
512 1
513 4
514 1
516 1
518 3
519 1
521 1
522 2
524 1
526 2
528 1
530 2
532 1
545 1
548 1
584 1
596 1
610 1
624 1
627 1
629 1
635 2
636 2
637 3
638 2
640 2
641 1
644 2
648 1
651 1
655 1
657 1
662 1
666 1
670 1
671 1
705 1
707 1
714 1
715 1
716 2
717 2
718 2
720 1
721 1
723 1
740 1
769 1
771 1
773 1
789 1
831 1
937 1
970 1
984 1
986 2
991 1
1005 1
1009 1
1010 1
1011 1
1012 1
1014 1
1016 1
1018 2
1019 1
1020 1
1022 1
1023 1
1024 1
1027 1
1029 1
1040 1
1047 1
1070 1
1072 1
1073 1
1111 1
1183 1
1191 2
1192 1
1193 1
1195 2
1209 1
1210 1
