1 21523375
2 14847733
3 9819846
4 6919856
5 5290184
6 4312810
7 3718885
8 3369961
9 3184201
10 3051326
11 2897207
12 2686850
13 2428854
14 2151236
15 1872744
16 1599756
17 1349327
18 1118447
19 920751
20 744931
21 594286
22 466042
23 362374
24 282116
25 228675
26 192056
27 179695
28 181078
29 196593
30 223710
31 254378
32 289314
33 324925
34 356872
35 385255
36 403744
37 413801
38 413053
39 405135
40 384519
41 356357
42 325755
43 289599
44 250877
45 213585
46 179634
47 147743
48 118081
49 93234
50 73297
51 56961
52 45940
53 36896
54 30338
55 27109
56 25890
57 26449
58 28606
59 32786
60 37407
61 42524
62 48279
63 54875
64 61485
65 67925
66 73494
67 78874
68 83850
69 86512
70 89748
71 90888
72 91888
73 89912
74 86891
75 84290
76 79772
77 74645
78 69835
79 63779
80 57798
81 51161
82 45436
83 39465
84 34305
85 29408
86 24920
87 21160
88 17258
89 14166
90 11939
91 10140
92 8779
93 7858
94 7686
95 7630
96 8157
97 9227
98 11125
99 13162
100 15665
101 18974
102 22674
103 27507
104 32851
105 39826
106 46670
107 54745
108 63618
109 73993
110 84992
111 95552
112 107215
113 120016
114 133315
115 146403
116 161088
117 174408
118 187629
119 200101
120 211180
121 222577
122 230944
123 241630
124 247488
125 253443
126 257373
127 260214
128 260063
129 258024
130 255902
131 250070
132 244027
133 236059
134 227814
135 218156
136 208084
137 197913
138 186049
139 174110
140 160870
141 149043
142 136296
143 124106
144 112124
145 101110
146 89825
147 80024
148 70599
149 62325
150 54270
151 47180
152 40938
153 35099
154 30427
155 25358
156 21713
157 18124
158 15231
159 12776
160 10505
161 8816
162 7255
163 6121
164 5015
165 4123
166 3462
167 2890
168 2426
169 2054
170 1835
171 1581
172 1413
173 1467
174 1419
175 1431
176 1501
177 1605
178 1607
179 1673
180 1762
181 1960
182 1968
183 2237
184 2359
185 2633
186 2929
187 3149
188 3350
189 3571
190 3814
191 4076
192 4332
193 4525
194 4666
195 4921
196 5150
197 5226
198 5478
199 5569
200 5742
201 5914
202 5752
203 5805
204 5840
205 5819
206 5709
207 5628
208 5584
209 5420
210 5329
211 5033
212 4928
213 4647
214 4489
215 4188
216 4062
217 3862
218 3456
219 3378
220 3011
221 2841
222 2656
223 2443
224 2321
225 2113
226 1953
227 1718
228 1652
229 1554
230 1351
231 1243
232 1183
233 1122
234 1096
235 1071
236 983
237 946
238 933
239 978
240 860
241 838
242 794
243 831
244 822
245 747
246 723
247 783
248 760
249 780
250 803
251 840
252 864
253 871
254 879
255 923
256 916
257 915
258 941
259 976
260 959
261 933
262 967
263 974
264 903
265 928
266 929
267 885
268 930
269 854
270 939
271 900
272 897
273 862
274 793
275 833
276 798
277 790
278 684
279 723
280 669
281 629
282 600
283 586
284 521
285 469
286 445
287 413
288 348
289 345
290 305
291 304
292 296
293 247
294 273
295 214
296 235
297 201
298 194
299 184
300 166
301 151
302 126
303 123
304 114
305 112
306 110
307 121
308 77
309 85
310 66
311 63
312 58
313 57
314 59
315 59
316 57
317 57
318 44
319 56
320 48
321 45
322 56
323 40
324 37
325 43
326 38
327 54
328 62
329 59
330 55
331 58
332 58
333 59
334 53
335 76
336 72
337 79
338 69
339 73
340 74
341 68
342 80
343 82
344 87
345 85
346 93
347 85
348 119
349 100
350 102
351 99
352 99
353 97
354 100
355 100
356 96
357 98
358 98
359 101
360 113
361 102
362 92
363 123
364 130
365 143
366 139
367 140
368 137
369 170
370 128
371 143
372 155
373 186
374 174
375 166
376 170
377 135
378 157
379 187
380 172
381 161
382 181
383 169
384 206
385 195
386 195
387 188
388 212
389 192
390 228
391 211
392 189
393 177
394 208
395 170
396 157
397 203
398 176
399 199
400 182
401 188
402 176
403 157
404 184
405 192
406 186
407 163
408 163
409 184
410 170
411 141
412 153
413 146
414 139
415 140
416 112
417 121
418 114
419 119
420 103
421 119
422 107
423 117
424 119
425 101
426 92
427 84
428 94
429 78
430 63
431 67
432 68
433 77
434 62
435 62
436 63
437 40
438 40
439 56
440 56
441 73
442 63
443 54
444 68
445 86
446 67
447 64
448 64
449 55
450 58
451 53
452 60
453 61
454 63
455 60
456 65
457 79
458 82
459 76
460 74
461 68
462 72
463 79
464 69
465 79
466 48
467 76
468 69
469 50
470 55
471 61
472 57
473 59
474 61
475 58
476 54
477 64
478 44
479 52
480 56
481 64
482 51
483 53
484 73
485 62
486 52
487 63
488 57
489 51
490 59
491 64
492 69
493 85
494 60
495 67
496 75
497 80
498 89
499 102
500 87
501 84
502 98
503 85
504 98
505 102
506 91
507 107
508 95
509 87
510 78
511 107
512 91
513 91
514 94
515 109
516 119
517 126
518 132
519 121
520 136
521 107
522 123
523 109
524 142
525 117
526 122
527 104
528 101
529 123
530 114
531 106
532 106
533 121
534 134
535 123
536 143
537 136
538 116
539 115
540 130
541 99
542 107
543 112
544 108
545 101
546 114
547 105
548 112
549 100
550 103
551 86
552 104
553 95
554 103
555 68
556 76
557 67
558 80
559 78
560 86
561 84
562 80
563 75
564 59
565 58
566 61
567 57
568 44
569 57
570 55
571 57
572 42
573 38
574 38
575 42
576 39
577 44
578 38
579 41
580 30
581 23
582 31
583 29
584 22
585 27
586 16
587 24
588 28
589 25
590 32
591 34
592 28
593 18
594 29
595 18
596 17
597 31
598 22
599 22
600 26
601 28
602 40
603 40
604 33
605 33
606 36
607 38
608 43
609 44
610 29
611 24
612 34
613 41
614 27
615 41
616 32
617 29
618 35
619 31
620 43
621 38
622 22
623 38
624 31
625 29
626 32
627 36
628 25
629 33
630 29
631 44
632 35
633 30
634 22
635 20
636 32
637 36
638 36
639 28
640 32
641 44
642 25
643 29
644 34
645 36
646 34
647 31
648 29
649 35
650 25
651 36
652 33
653 36
654 35
655 29
656 36
657 34
658 29
659 28
660 30
661 24
662 26
663 34
664 38
665 37
666 43
667 35
668 38
669 32
670 39
671 36
672 28
673 41
674 32
675 31
676 31
677 38
678 34
679 28
680 35
681 33
682 30
683 26
684 29
685 25
686 27
687 34
688 26
689 21
690 24
691 25
692 21
693 27
694 29
695 20
696 19
697 35
698 19
699 17
700 22
701 24
702 27
703 30
704 22
705 24
706 22
707 27
708 15
709 22
710 18
711 22
712 16
713 16
714 23
715 23
716 18
717 17
718 21
719 19
720 16
721 17
722 16
723 18
724 14
725 13
726 13
727 10
728 12
729 16
730 25
731 13
732 16
733 19
734 22
735 11
736 10
737 19
738 17
739 17
740 14
741 17
742 16
743 12
744 18
745 23
746 12
747 12
748 13
749 12
750 13
751 11
752 16
753 10
754 20
755 11
756 11
757 16
758 10
759 17
760 14
761 12
762 12
763 12
764 11
765 10
766 15
767 8
768 14
769 8
770 12
771 9
772 11
773 12
774 13
775 13
776 13
777 18
778 11
779 14
780 19
781 17
782 17
783 21
784 16
785 15
786 24
787 20
788 28
789 20
790 26
791 28
792 39
793 34
794 28
795 39
796 44
797 38
798 47
799 58
800 66
801 63
802 87
803 81
804 93
805 99
806 110
807 109
808 91
809 123
810 150
811 157
812 208
813 212
814 252
815 266
816 283
817 334
818 327
819 406
820 434
821 472
822 528
823 571
824 618
825 655
826 786
827 848
828 868
829 961
830 1121
831 1197
832 1293
833 1447
834 1552
835 1734
836 1737
837 1935
838 2071
839 2293
840 2381
841 2560
842 2784
843 3039
844 3102
845 3507
846 3679
847 3860
848 4262
849 4514
850 4727
851 5015
852 5349
853 5852
854 5953
855 6456
856 6860
857 7012
858 7545
859 8029
860 8446
861 8769
862 9449
863 9727
864 10334
865 11008
866 11340
867 12094
868 12553
869 12981
870 13889
871 14117
872 14983
873 15694
874 15997
875 16784
876 17461
877 17958
878 18334
879 19104
880 19863
881 20220
882 20752
883 21483
884 22032
885 22418
886 22850
887 23629
888 23955
889 24565
890 25161
891 24987
892 25645
893 26163
894 26541
895 26837
896 27260
897 27700
898 27785
899 27922
900 28440
901 28711
902 28783
903 28925
904 29011
905 29105
906 29430
907 29185
908 29169
909 29360
910 29268
911 29115
912 28480
913 28555
914 28378
915 27919
916 27759
917 27528
918 27273
919 26906
920 26544
921 26017
922 26000
923 25699
924 25150
925 24726
926 23918
927 23517
928 23173
929 22559
930 22184
931 21280
932 21066
933 20387
934 19606
935 19277
936 18414
937 18001
938 17674
939 16844
940 16184
941 15674
942 15280
943 14579
944 14191
945 13579
946 12977
947 12513
948 11949
949 11252
950 10855
951 10508
952 9713
953 9442
954 8986
955 8575
956 8003
957 7703
958 7303
959 6985
960 6545
961 6101
962 5779
963 5497
964 5093
965 4945
966 4583
967 4184
968 3969
969 3799
970 3669
971 3299
972 3082
973 2830
974 2704
975 2468
976 2291
977 2248
978 2005
979 1874
980 1712
981 1645
982 1514
983 1344
984 1292
985 1183
986 1117
987 1010
988 1004
989 872
990 840
991 732
992 741
993 608
994 576
995 518
996 565
997 447
998 448
999 351
1000 343
1001 340
1002 282
1003 248
1004 254
1005 223
1006 232
1007 186
1008 202
1009 150
1010 148
1011 157
1012 118
1013 133
1014 135
1015 103
1016 97
1017 91
1018 83
1019 106
1020 100
1021 65
1022 72
1023 85
1024 74
1025 66
1026 80
1027 69
1028 61
1029 55
1030 69
1031 55
1032 53
1033 56
1034 53
1035 53
1036 67
1037 42
1038 55
1039 55
1040 57
1041 33
1042 50
1043 35
1044 35
1045 46
1046 34
1047 32
1048 34
1049 31
1050 29
1051 33
1052 22
1053 36
1054 29
1055 30
1056 30
1057 26
1058 18
1059 16
1060 22
1061 16
1062 11
1063 16
1064 18
1065 14
1066 20
1067 20
1068 17
1069 17
1070 14
1071 11
1072 14
1073 7
1074 14
1075 20
1076 6
1077 18
1078 14
1079 10
1080 14
1081 17
1082 13
1083 20
1084 13
1085 17
1086 17
1087 12
1088 18
1089 16
1090 12
1091 11
1092 22
1093 17
1094 20
1095 10
1096 8
1097 8
1098 12
1099 14
1100 9
1101 12
1102 5
1103 12
1104 11
1105 5
1106 5
1107 8
1108 2
1109 10
1110 8
1111 7
1112 13
1113 8
1114 7
1115 4
1116 6
1117 8
1118 7
1119 11
1120 7
1121 18
1122 14
1123 7
1124 8
1125 8
1126 3
1127 8
1128 6
1129 8
1130 6
1131 4
1132 7
1133 6
1134 6
1135 10
1136 7
1137 8
1138 6
1139 5
1140 5
1141 8
1142 2
1143 9
1144 5
1145 5
1146 6
1147 4
1148 7
1149 6
1150 5
1151 3
1152 4
1153 2
1154 2
1155 4
1156 6
1157 3
1158 3
1159 3
1160 4
1161 13
1162 3
1163 6
1164 8
1165 8
1166 5
1167 10
1168 5
1169 5
1170 6
1171 9
1172 6
1173 5
1174 3
1175 8
1176 10
1177 3
1178 4
1179 4
1180 5
1181 3
1182 7
1183 5
1184 4
1185 5
1186 8
1187 4
1188 4
1189 5
1190 2
1191 7
1192 2
1193 6
1194 5
1195 6
1196 4
1197 4
1198 7
1199 5
1200 8
1201 8
1202 6
1203 6
1204 6
1205 5
1206 5
1207 1
1208 2
1209 2
1210 5
1211 3
1212 7
1213 3
1214 4
1215 3
1216 6
1217 5
1218 8
1219 5
1220 3
1221 11
1222 8
1223 7
1224 8
1225 6
1226 5
1227 2
1228 4
1229 8
1230 3
1231 2
1232 4
1233 2
1234 6
1235 1
1236 1
1237 7
1238 2
1239 4
1240 6
1241 3
1242 2
1243 6
1244 5
1245 2
1246 2
1247 1
1248 3
1249 2
1250 6
1251 3
1252 3
1253 2
1254 4
1255 4
1256 6
1257 5
1258 3
1259 4
1260 5
1261 3
1262 3
1263 8
1264 4
1265 3
1266 3
1267 3
1268 2
1269 5
1270 2
1271 6
1272 3
1273 3
1274 2
1275 2
1276 3
1277 3
1278 4
1279 4
1280 4
1281 4
1282 4
1283 1
1284 4
1285 3
1286 3
1287 4
1288 3
1290 4
1291 3
1292 5
1293 2
1294 3
1295 1
1296 6
1297 2
1298 3
1299 3
1300 6
1301 2
1302 2
1303 3
1304 3
1305 3
1306 3
1307 5
1308 3
1309 7
1310 4
1311 3
1312 3
1313 6
1314 2
1315 3
1317 6
1319 6
1320 3
1321 1
1322 2
1323 3
1324 7
1325 6
1326 4
1327 5
1328 2
1329 3
1330 4
1331 3
1332 5
1333 7
1334 5
1336 6
1337 3
1338 6
1339 6
1340 3
1341 2
1342 2
1343 5
1344 3
1345 3
1346 2
1347 2
1348 2
1349 4
1350 4
1351 4
1352 4
1353 1
1354 1
1355 1
1356 2
1357 4
1359 3
1360 3
1361 1
1362 2
1363 2
1364 2
1365 2
1366 1
1367 3
1368 4
1369 2
1370 2
1371 2
1372 5
1373 2
1374 1
1375 1
1376 4
1377 4
1378 4
1379 2
1380 7
1381 2
1382 2
1383 1
1384 2
1385 3
1386 3
1387 2
1388 5
1389 2
1390 3
1391 1
1392 3
1393 3
1395 2
1396 5
1398 1
1399 3
1400 1
1401 1
1403 1
1405 2
1406 1
1407 1
1408 3
1409 1
1412 5
1413 2
1415 1
1417 2
1418 1
1419 2
1420 2
1421 2
1422 6
1423 2
1424 3
1425 2
1426 1
1427 5
1428 5
1429 5
1430 2
1431 2
1432 3
1433 1
1435 6
1437 1
1438 4
1441 1
1442 4
1444 1
1446 1
1447 2
1448 2
1449 1
1451 3
1452 1
1453 3
1454 2
1455 1
1456 2
1457 1
1458 2
1459 5
1460 1
1461 2
1462 4
1464 3
1465 3
1466 4
1467 1
1468 2
1469 3
1470 3
1471 2
1472 3
1473 1
1474 3
1476 3
1477 6
1478 7
1479 4
1480 3
1481 4
1483 3
1484 3
1485 4
1486 1
1487 4
1488 2
1489 6
1490 1
1491 2
1492 3
1493 7
1495 2
1496 1
1497 1
1499 5
1501 2
1502 1
1503 3
1504 1
1506 1
1507 2
1508 1
1509 3
1510 1
1511 4
1512 5
1513 3
1514 3
1515 2
1516 2
1519 2
1520 2
1522 1
1523 2
1524 1
1525 3
1526 2
1527 1
1528 2
1529 1
1530 1
1531 3
1532 3
1533 2
1534 1
1535 3
1536 1
1537 1
1539 2
1540 1
1541 1
1543 2
1545 1
1547 2
1548 2
1550 3
1551 1
1554 1
1555 1
1556 1
1557 2
1559 2
1560 1
1561 4
1563 1
1565 1
1568 1
1569 2
1572 1
1575 1
1577 1
1578 1
1580 1
1581 3
1582 1
1583 2
1586 2
1587 2
1588 1
1590 1
1594 2
1597 1
1598 1
1599 2
1600 2
1601 4
1602 1
1603 1
1604 1
1605 1
1606 1
1608 1
1609 1
1611 1
1612 2
1613 2
1614 2
1615 5
1616 4
1617 1
1618 3
1619 2
1620 2
1622 1
1624 3
1625 2
1626 4
1627 2
1629 1
1630 2
1631 2
1632 1
1637 3
1638 1
1640 1
1642 1
1643 1
1645 1
1646 1
1647 1
1648 1
1651 1
1652 1
1653 1
1655 1
1656 1
1657 1
1659 1
1667 1
1668 1
1669 1
1670 1
1673 2
1674 1
1677 2
1679 2
1680 1
1681 1
1682 5
1683 3
1685 2
1686 2
1687 3
1688 2
1689 2
1690 1
1692 2
1693 2
1694 2
1696 1
1698 1
1699 2
1700 2
1701 2
1702 3
1703 1
1704 1
1705 1
1706 2
1707 4
1708 1
1709 4
1710 2
1711 2
1712 1
1713 3
1714 1
1715 3
1716 1
1718 3
1719 1
1720 1
1721 4
1722 3
1723 2
1724 4
1725 2
1726 5
1727 2
1728 2
1729 4
1730 3
1731 2
1732 4
1733 3
1734 5
1735 6
1736 4
1737 4
1738 4
1739 2
1740 4
1741 6
1742 7
1743 10
1744 10
1745 10
1746 7
1747 5
1748 8
1749 10
1750 9
1751 7
1752 8
1753 18
1754 17
1755 8
1756 23
1757 10
1758 12
1759 22
1760 12
1761 17
1762 16
1763 19
1764 11
1765 19
1766 20
1767 22
1768 19
1769 25
1770 14
1771 23
1772 23
1773 21
1774 17
1775 23
1776 19
1777 29
1778 25
1779 33
1780 29
1781 23
1782 35
1783 35
1784 32
1785 35
1786 39
1787 36
1788 37
1789 25
1790 37
1791 31
1792 30
1793 27
1794 29
1795 32
1796 38
1797 38
1798 29
1799 46
1800 40
1801 30
1802 42
1803 34
1804 46
1805 40
1806 37
1807 49
1808 50
1809 46
1810 56
1811 49
1812 53
1813 38
1814 41
1815 30
1816 59
1817 50
1818 44
1819 53
1820 46
1821 40
1822 45
1823 42
1824 45
1825 44
1826 42
1827 45
1828 48
1829 45
1830 59
1831 49
1832 44
1833 52
1834 52
1835 52
1836 46
1837 44
1838 40
1839 39
1840 45
1841 49
1842 42
1843 58
1844 45
1845 51
1846 38
1847 48
1848 44
1849 37
1850 40
1851 45
1852 41
1853 43
1854 49
1855 51
1856 28
1857 51
1858 36
1859 35
1860 35
1861 33
1862 36
1863 32
1864 35
1865 41
1866 24
1867 41
1868 38
1869 43
1870 24
1871 35
1872 25
1873 29
1874 34
1875 37
1876 18
1877 27
1878 24
1879 19
1880 31
1881 21
1882 22
1883 15
1884 14
1885 24
1886 21
1887 14
1888 23
1889 19
1890 12
1891 7
1892 11
1893 21
1894 15
1895 12
1896 14
1897 8
1898 20
1899 10
1900 13
1901 17
1902 10
1903 12
1904 11
1905 9
1906 5
1907 6
1908 5
1909 4
1910 8
1911 10
1912 5
1913 2
1914 1
1915 9
1916 5
1917 7
1918 4
1919 1
1920 4
1921 1
1922 2
1923 3
1924 1
1925 2
1926 2
1927 1
1928 1
1930 1
1931 2
1932 3
1933 4
1935 1
1936 1
1937 1
1938 2
1939 1
1940 5
1941 1
1943 3
1944 4
1945 2
1946 3
1947 5
1948 1
1949 1
1950 3
1951 3
1952 2
1953 1
1956 1
1957 1
1960 1
1961 1
1962 4
1963 2
1964 1
1965 1
1966 1
1968 2
1969 2
1970 1
1972 1
1979 3
1980 2
1981 1
1988 2
1991 1
1993 1
1994 1
1995 2
2021 1
2027 1
2034 1
2035 1
2036 2
2038 2
2039 2
2040 2
2041 1
2042 5
2043 2
2044 4
2045 2
2046 4
2047 1
2048 4
2050 1
2051 2
2052 4
2053 1
2054 3
2055 3
2056 4
2057 3
2059 1
2060 1
2061 1
2062 5
2063 4
2064 5
2066 2
2068 1
2070 1
2071 3
2074 1
2078 2
2079 1
2080 2
2082 3
2083 1
2084 1
2087 2
2088 1
2089 2
2090 1
2091 1
2093 2
2094 4
2096 2
2098 2
2099 2
2100 4
2101 3
2102 2
2103 1
2104 4
2105 3
2106 2
2107 1
2108 1
2109 1
2110 2
2113 1
2114 3
2116 2
2117 1
2119 1
2120 1
2121 1
2122 1
2124 1
2125 2
2126 1
2127 1
2129 1
2130 2
2133 1
2136 1
2144 1
2145 1
2147 1
2150 1
2155 2
2159 1
2161 1
2163 1
2164 1
2166 1
2167 2
2168 1
2169 1
2170 1
2173 1
2176 1
2177 1
2178 2
2180 2
2185 1
2192 1
2193 2
2194 1
2196 3
2197 1
2198 3
2201 1
2202 1
2204 1
2206 1
2207 1
2210 1
2211 1
2212 1
2215 2
2216 1
2217 2
2219 1
2220 1
2222 1
2223 3
2230 2
2231 1
2239 1
2240 2
2243 2
2244 1
2245 1
2247 2
2248 2
2251 2
2252 1
2253 1
2254 1
2258 1
2259 1
2262 1
2263 1
2264 1
2266 1
2268 3
2269 1
2271 1
2272 2
2273 1
2274 2
2275 3
2276 1
2277 3
2279 1
2281 2
2282 2
2283 2
2285 1
2287 1
2289 1
2291 1
2297 1
2301 1
2304 1
2310 1
2311 1
2318 2
2319 2
2320 2
2321 3
2323 1
2324 2
2325 1
2326 1
2327 3
2328 1
2330 3
2331 2
2332 2
2333 2
2334 3
2335 3
2337 2
2340 2
2341 1
2342 1
2345 1
2347 1
2348 1
2349 2
2353 2
2357 1
2358 1
2360 1
2363 3
2365 1
2367 1
2368 1
2369 1
2372 1
2374 2
2375 1
2376 1
2377 2
2378 1
2379 1
2381 1
2382 1
2383 1
2384 1
2386 3
2387 1
2390 2
2394 2
2395 2
2396 1
2397 2
2399 3
2400 2
2402 2
2403 2
2407 1
2408 1
2412 1
2425 1
2429 1
2433 1
2436 1
2440 1
2441 1
2442 1
2446 1
2447 1
2449 2
2450 1
2461 1
2463 1
2465 1
2468 1
2470 1
2472 2
2474 1
2475 1
2478 1
2481 1
2482 1
2483 1
2484 1
2485 1
2497 1
2501 1
2508 1
2510 1
2513 1
2515 1
2516 1
2525 1
2526 3
2527 1
2532 1
2535 2
2537 2
2539 1
2542 1
2543 3
2545 1
2546 1
2547 1
2549 1
2550 1
2551 1
2554 1
2559 1
2562 1
2572 1
2580 2
2582 1
2584 1
2587 1
2601 1
2605 1
2608 1
2614 1
2617 1
2618 1
2619 1
2620 1
2622 2
2625 1
2626 2
2628 2
2630 1
2631 1
2632 1
2635 2
2637 1
2643 1
2649 2
2650 2
2653 1
2654 3
2655 1
2656 2
2658 2
2660 1
2661 2
2662 2
2664 2
2665 1
2667 1
2668 2
2670 1
2671 2
2673 2
2678 1
2679 3
2681 1
2682 1
2683 1
2684 4
2685 3
2686 1
2687 4
2688 3
2689 1
2690 3
2691 2
2692 2
2693 7
2694 3
2695 2
2698 2
2699 1
2700 3
2701 2
2702 4
2703 4
2704 1
2705 1
2706 3
2707 5
2708 1
2709 1
2710 2
2711 4
2712 8
2713 4
2714 2
2715 3
2716 3
2717 2
2718 5
2719 2
2720 3
2721 1
2722 2
2723 4
2724 6
2725 2
2726 3
2727 1
2728 3
2729 5
2730 2
2731 1
2732 3
2733 2
2734 3
2735 5
2736 2
2738 3
2739 4
2741 2
2742 3
2743 1
2744 6
2745 2
2746 1
2747 5
2748 5
2749 3
2750 3
2751 3
2752 4
2753 5
2754 1
2758 1
2761 2
2762 2
2763 2
2764 1
2765 1
2766 1
2767 1
2768 1
2770 1
2772 1
2773 1
2774 1
2775 1
2776 1
2777 1
2778 3
2781 2
2782 1
2783 2
2784 1
2785 1
2786 4
2787 2
2789 1
2790 2
2791 1
2792 1
2793 1
2794 2
2795 2
2801 1
2804 1
2807 1
2808 1
2812 2
2814 1
2828 1
2829 3
2836 1
2837 1
2838 2
2839 1
2841 1
2847 1
2878 1
2879 1
2882 1
2909 1
2913 1
2918 1
2920 1
2924 1
2925 2
2926 1
2931 1
2932 1
2936 1
2937 1
2938 2
2942 1
2944 1
2949 1
2958 2
2963 1
2967 1
2969 1
2971 1
2972 1
2973 2
2975 1
2976 2
2978 1
2979 1
2981 1
2982 1
2986 1
2987 2
2989 1
2990 2
2991 1
2993 2
2994 2
2998 5
2999 1
3000 1
3001 1
3003 3
3005 1
3006 3
3008 2
3010 1
3011 1
3012 1
3013 2
3014 1
3017 1
3019 1
3022 1
3024 1
3025 1
3026 1
3028 1
3029 2
3030 2
3032 1
3033 1
3034 3
3035 1
3036 1
3037 1
3038 2
3039 2
3040 1
3041 3
3044 1
3045 5
3046 2
3047 1
3049 1
3051 1
3055 1
3057 1
3060 1
3061 1
3062 1
3065 1
3066 1
3067 1
3076 1
3095 1
3101 1
3102 1
3104 1
3109 2
3110 1
3112 2
3114 1
3118 1
3119 2
3121 1
3122 2
3133 1
3135 1
3137 1
3141 2
3142 1
3168 1
3418 1
3477 1
3491 1
3497 1
3508 1
3517 1
3553 2
3554 1
3556 2
3558 1
3563 1
3565 1
3566 1
3567 1
3569 1
3570 1
3573 2
3575 2
3577 2
3580 1
3582 1
3584 1
3586 1
3596 1
3604 1
3605 2
3611 1
3613 1
3615 2
3616 1
3621 1
3622 1
3623 3
3625 1
3626 1
3627 1
3632 1
3635 1
3637 1
3638 1
3639 1
3643 3
3644 1
3645 2
3649 2
3650 1
3651 1
3652 1
3662 2
3666 1
3668 1
3671 2
3679 1
3680 1
3681 1
3682 1
3683 1
3688 1
3689 1
3724 1
3735 1
3736 1
4416 1
4457 1
4463 1
4500 1
4502 1
4519 1
4520 1
4525 1
4526 1
4528 1
4530 1
4531 1
4536 1
4537 1
4538 1
4539 1
4557 1
4559 1
4564 1
4565 1
4587 1
4590 1
4592 1
4594 1
4607 1
4609 1
4614 1
4655 1
4660 1
4683 1
5357 1
5400 1
5467 1
5478 1
5481 1
5505 1
5525 1
5535 1
5536 1
5537 1
5538 1
5541 1
5542 1
5546 1
5548 2
5550 1
5558 1
5564 1
5565 1
5574 1
5582 1
5677 1
5681 1
5772 2
5775 1
5784 2
5786 1
5790 2
5791 1
5793 1
5796 1
5808 1
5810 1
5813 1
5817 1
6241 1
6279 1
6385 1
6404 1
6413 1
7204 1
7235 1
7315 1
8082 1
8149 1
9115 1
9136 1
10001 10
