1 18369667
2 6116081
3 3050571
4 2206886
5 2008477
6 2002088
7 2001538
8 1952918
9 1815125
10 1637439
11 1440193
12 1245657
13 1056496
14 891880
15 754070
16 643920
17 566130
18 517914
19 489744
20 473654
21 467404
22 469758
23 468046
24 468640
25 464095
26 459115
27 449111
28 438460
29 423900
30 406879
31 382374
32 353755
33 323572
34 292123
35 256744
36 219616
37 184564
38 151398
39 121041
40 95800
41 73218
42 56036
43 41395
44 30586
45 22456
46 15936
47 11580
48 8555
49 6450
50 4761
51 3656
52 3055
53 2680
54 2297
55 2156
56 1897
57 1739
58 1574
59 1654
60 1626
61 1650
62 1551
63 1477
64 1379
65 1337
66 1239
67 1263
68 1241
69 1126
70 1095
71 1002
72 974
73 965
74 857
75 758
76 698
77 662
78 578
79 488
80 480
81 487
82 547
83 482
84 532
85 489
86 460
87 502
88 451
89 446
90 467
91 473
92 525
93 504
94 489
95 544
96 557
97 518
98 486
99 485
100 458
101 485
102 432
103 479
104 421
105 445
106 381
107 397
108 375
109 309
110 302
111 261
112 247
113 248
114 184
115 180
116 200
117 173
118 160
119 164
120 230
121 203
122 234
123 209
124 228
125 239
126 270
127 320
128 343
129 421
130 513
131 648
132 825
133 1029
134 1226
135 1544
136 1816
137 2254
138 2862
139 3582
140 4371
141 5301
142 6396
143 7745
144 9085
145 10902
146 12747
147 15010
148 17359
149 20301
150 23083
151 26394
152 30083
153 34207
154 38057
155 42912
156 47822
157 52335
158 57874
159 62495
160 68853
161 73656
162 80081
163 85706
164 91712
165 97243
166 102287
167 107887
168 113026
169 117704
170 122705
171 126412
172 130442
173 134554
174 137738
175 141163
176 143310
177 144926
178 146499
179 146989
180 147066
181 147502
182 146592
183 144678
184 142277
185 139507
186 136532
187 133726
188 129130
189 123778
190 119918
191 115096
192 108777
193 104077
194 97733
195 91944
196 86348
197 80315
198 74463
199 69272
200 63894
201 58658
202 53366
203 48880
204 44119
205 39461
206 35700
207 31276
208 28102
209 25066
210 21805
211 19434
212 17051
213 14785
214 12730
215 10819
216 9301
217 7974
218 6644
219 5720
220 4783
221 3986
222 3396
223 2753
224 2215
225 1962
226 1608
227 1300
228 1061
229 868
230 716
231 575
232 480
233 377
234 331
235 255
236 224
237 202
238 171
239 162
240 149
241 139
242 114
243 93
244 75
245 100
246 119
247 88
248 90
249 91
250 99
251 86
252 81
253 63
254 54
255 56
256 54
257 69
258 66
259 69
260 52
261 71
262 56
263 55
264 48
265 57
266 38
267 32
268 30
269 32
270 26
271 28
272 21
273 27
274 15
275 20
276 28
277 30
278 23
279 30
280 22
281 38
282 22
283 21
284 21
285 20
286 26
287 23
288 37
289 29
290 37
291 35
292 32
293 29
294 27
295 34
296 41
297 44
298 52
299 43
300 47
301 49
302 50
303 45
304 35
305 50
306 56
307 70
308 63
309 79
310 94
311 95
312 115
313 77
314 111
315 127
316 143
317 173
318 174
319 201
320 218
321 240
322 230
323 233
324 279
325 276
326 297
327 316
328 314
329 347
330 333
331 386
332 395
333 372
334 408
335 421
336 416
337 410
338 406
339 430
340 436
341 461
342 477
343 525
344 454
345 441
346 442
347 466
348 494
349 471
350 547
351 502
352 535
353 491
354 503
355 535
356 500
357 485
358 489
359 514
360 486
361 544
362 534
363 482
364 525
365 492
366 497
367 460
368 426
369 418
370 438
371 411
372 417
373 405
374 412
375 430
376 369
377 400
378 376
379 372
380 349
381 361
382 310
383 331
384 301
385 305
386 284
387 282
388 281
389 271
390 244
391 242
392 237
393 197
394 210
395 189
396 169
397 157
398 142
399 123
400 135
401 114
402 96
403 115
404 101
405 102
406 83
407 92
408 98
409 89
410 68
411 61
412 64
413 61
414 50
415 40
416 43
417 36
418 34
419 35
420 39
421 34
422 36
423 32
424 23
425 34
426 24
427 28
428 33
429 24
430 25
431 32
432 27
433 28
434 18
435 21
436 23
437 16
438 21
439 18
440 22
441 17
442 30
443 24
444 20
445 13
446 18
447 15
448 19
449 15
450 23
451 23
452 13
453 20
454 10
455 19
456 15
457 21
458 19
459 21
460 19
461 17
462 27
463 30
464 19
465 23
466 21
467 7
468 12
469 16
470 21
471 22
472 25
473 30
474 34
475 40
476 49
477 40
478 40
479 49
480 44
481 57
482 47
483 76
484 67
485 76
486 65
487 91
488 83
489 100
490 112
491 101
492 117
493 113
494 102
495 127
496 117
497 116
498 193
499 165
500 159
501 168
502 165
503 181
504 192
505 209
506 216
507 229
508 219
509 245
510 229
511 245
512 248
513 225
514 247
515 222
516 203
517 218
518 267
519 219
520 199
521 181
522 213
523 162
524 188
525 168
526 169
527 185
528 175
529 158
530 154
531 149
532 150
533 134
534 159
535 113
536 113
537 101
538 105
539 89
540 110
541 109
542 99
543 87
544 63
545 92
546 86
547 88
548 83
549 82
550 56
551 68
552 65
553 75
554 82
555 62
556 60
557 56
558 53
559 53
560 65
561 53
562 55
563 60
564 43
565 57
566 54
567 52
568 57
569 41
570 49
571 44
572 45
573 45
574 38
575 40
576 45
577 49
578 33
579 42
580 33
581 29
582 33
583 34
584 38
585 27
586 37
587 45
588 35
589 20
590 31
591 21
592 34
593 22
594 28
595 29
596 34
597 25
598 31
599 33
600 37
601 20
602 32
603 16
604 11
605 16
606 11
607 18
608 21
609 9
610 8
611 20
612 9
613 8
614 12
615 7
616 7
617 8
618 5
619 10
620 4
621 8
622 7
623 8
624 16
625 10
626 8
627 9
628 7
629 13
630 15
631 7
632 14
633 19
634 13
635 8
636 16
637 13
638 12
639 18
640 19
641 19
642 14
643 10
644 17
645 9
646 9
647 9
648 19
649 14
650 16
651 21
652 33
653 18
654 26
655 29
656 35
657 24
658 24
659 25
660 25
661 44
662 42
663 30
664 36
665 34
666 31
667 27
668 29
669 28
670 28
671 27
672 28
673 28
674 38
675 44
676 41
677 35
678 42
679 40
680 36
681 42
682 30
683 40
684 44
685 40
686 43
687 46
688 44
689 42
690 54
691 64
692 47
693 71
694 63
695 54
696 66
697 52
698 59
699 56
700 64
701 55
702 56
703 63
704 61
705 77
706 75
707 87
708 70
709 70
710 82
711 75
712 79
713 65
714 73
715 81
716 89
717 69
718 80
719 72
720 65
721 72
722 75
723 63
724 84
725 84
726 83
727 58
728 61
729 34
730 55
731 57
732 43
733 60
734 55
735 45
736 47
737 50
738 48
739 51
740 51
741 35
742 48
743 45
744 42
745 39
746 29
747 39
748 33
749 36
750 28
751 31
752 37
753 33
754 25
755 41
756 41
757 25
758 29
759 41
760 32
761 28
762 40
763 48
764 38
765 29
766 35
767 24
768 40
769 29
770 27
771 26
772 30
773 28
774 25
775 11
776 21
777 23
778 13
779 20
780 12
781 16
782 13
783 9
784 15
785 13
786 12
787 12
788 8
789 10
790 11
791 14
792 10
793 12
794 13
795 5
796 15
797 14
798 8
799 12
800 6
801 8
802 8
803 12
804 10
805 7
806 9
807 6
808 9
809 7
810 5
811 7
812 7
813 11
814 9
815 3
816 12
817 8
818 11
819 19
820 14
821 32
822 26
823 28
824 21
825 29
826 39
827 37
828 30
829 34
830 30
831 30
832 25
833 26
834 26
835 21
836 19
837 23
838 20
839 22
840 17
841 24
842 22
843 24
844 27
845 30
846 29
847 30
848 26
849 28
850 24
851 47
852 29
853 29
854 31
855 31
856 31
857 23
858 26
859 25
860 25
861 32
862 31
863 27
864 24
865 21
866 37
867 26
868 25
869 29
870 28
871 34
872 40
873 41
874 41
875 36
876 24
877 34
878 32
879 35
880 34
881 30
882 38
883 41
884 33
885 32
886 30
887 34
888 28
889 33
890 33
891 23
892 27
893 26
894 13
895 24
896 21
897 12
898 31
899 20
900 17
901 23
902 18
903 19
904 21
905 19
906 9
907 22
908 11
909 18
910 16
911 18
912 16
913 13
914 23
915 17
916 12
917 12
918 18
919 17
920 20
921 15
922 15
923 14
924 16
925 10
926 23
927 14
928 18
929 15
930 18
931 21
932 13
933 23
934 17
935 20
936 25
937 17
938 18
939 20
940 37
941 24
942 26
943 23
944 23
945 27
946 23
947 25
948 23
949 20
950 13
951 12
952 19
953 14
954 10
955 13
956 11
957 11
958 11
959 16
960 14
961 16
962 13
963 23
964 15
965 19
966 12
967 23
968 15
969 22
970 19
971 18
972 20
973 27
974 20
975 19
976 17
977 19
978 17
979 24
980 22
981 24
982 22
983 25
984 24
985 22
986 17
987 14
988 27
989 33
990 23
991 19
992 18
993 29
994 19
995 15
996 31
997 17
998 17
999 11
1000 21
1001 25
1002 19
1003 19
1004 27
1005 22
1006 26
1007 31
1008 23
1009 26
1010 23
1011 32
1012 35
1013 23
1014 20
1015 25
1016 29
1017 24
1018 24
1019 19
1020 38
1021 41
1022 32
1023 33
1024 36
1025 18
1026 27
1027 27
1028 20
1029 25
1030 34
1031 18
1032 26
1033 18
1034 28
1035 17
1036 22
1037 34
1038 20
1039 24
1040 15
1041 28
1042 30
1043 28
1044 23
1045 12
1046 11
1047 23
1048 15
1049 12
1050 17
1051 5
1052 18
1053 11
1054 8
1055 11
1056 9
1057 15
1058 11
1059 13
1060 13
1061 17
1062 14
1063 13
1064 16
1065 18
1066 9
1067 5
1068 7
1069 10
1070 7
1071 10
1072 13
1073 9
1074 11
1075 7
1076 9
1077 14
1078 6
1079 13
1080 16
1081 9
1082 11
1083 6
1084 11
1085 6
1086 13
1087 7
1088 8
1089 8
1090 4
1091 4
1092 4
1093 6
1094 5
1095 13
1096 12
1097 5
1098 3
1099 9
1100 6
1101 5
1102 5
1103 8
1104 3
1105 2
1106 6
1107 4
1108 1
1109 3
1110 1
1112 10
1113 2
1114 2
1115 3
1116 4
1117 3
1119 3
1120 1
1121 2
1122 3
1124 2
1125 2
1126 1
1127 2
1130 3
1131 2
1132 5
1133 3
1134 4
1135 10
1136 7
1137 3
1138 3
1139 5
1140 3
1141 5
1142 3
1143 4
1144 2
1145 2
1146 7
1147 11
1148 13
1149 9
1150 6
1151 4
1152 7
1153 1
1154 4
1155 5
1156 5
1157 6
1158 5
1159 4
1160 3
1161 3
1162 7
1163 3
1164 5
1165 2
1166 5
1167 6
1168 2
1169 4
1170 4
1171 2
1172 6
1173 8
1174 3
1175 1
1176 8
1177 3
1178 3
1179 2
1180 2
1181 4
1182 1
1183 2
1185 2
1186 1
1187 6
1188 6
1189 2
1190 2
1191 5
1192 1
1193 3
1194 8
1195 2
1196 2
1198 3
1199 4
1200 2
1201 3
1202 6
1203 3
1204 2
1205 2
1206 4
1207 2
1208 6
1209 3
1210 3
1211 5
1212 1
1213 3
1214 5
1215 3
1216 3
1217 5
1218 2
1219 2
1220 1
1221 3
1222 2
1223 3
1224 4
1225 1
1226 5
1227 3
1230 5
1231 2
1232 1
1233 1
1234 1
1235 4
1237 2
1238 2
1239 4
1240 3
1241 3
1242 1
1243 3
1244 1
1245 1
1246 2
1247 1
1248 1
1251 3
1252 1
1253 1
1255 2
1257 1
1268 1
1269 1
1270 1
1277 1
1278 1
1281 1
1283 1
1285 1
1286 1
1287 1
1293 1
1296 1
1302 2
1303 2
1304 1
1306 1
1309 1
1310 1
1324 1
1326 1
1327 2
1328 1
1329 1
1330 1
1332 1
1334 1
1335 2
1337 1
1338 1
1339 1
1340 2
1341 1
1342 3
1343 1
1345 3
1346 1
1348 3
1349 2
1350 3
1351 2
1352 1
1353 4
1354 2
1355 3
1356 4
1357 3
1358 4
1359 3
1360 5
1361 6
1362 1
1363 3
1364 3
1365 3
1366 1
1367 2
1368 1
1369 3
1370 1
1371 3
1373 3
1374 6
1375 1
1376 6
1377 3
1378 4
1379 7
1380 5
1381 3
1382 2
1383 2
1384 1
1385 1
1386 1
1387 3
1388 2
1389 2
1390 2
1391 5
1392 3
1393 4
1394 1
1395 2
1396 3
1397 3
1398 4
1399 4
1400 4
1401 3
1402 3
1403 2
1404 1
1405 2
1406 2
1407 2
1408 1
1409 2
1411 1
1412 6
1414 1
1415 2
1416 1
1417 2
1418 1
1419 1
1420 1
1426 1
1433 2
1436 2
1437 3
1438 1
1439 1
1440 2
1442 2
1443 1
1444 2
1446 1
1448 5
1449 2
1453 1
1456 1
1461 1
1462 2
1466 1
1467 1
1470 1
1473 1
1474 2
1477 3
1478 2
1479 2
1481 1
1483 1
1485 1
1486 3
1487 1
1490 2
1495 1
1496 1
1499 4
1501 1
1502 1
1506 1
1507 1
1508 1
1510 2
1511 1
1514 1
1515 1
1516 1
1517 2
1518 1
1519 3
1521 2
1522 2
1524 2
1526 2
1527 4
1528 5
1529 3
1530 3
1531 7
1532 2
1533 4
1534 9
1535 1
1536 4
1537 4
1538 3
1539 6
1540 1
1541 3
1542 6
1543 2
1544 3
1545 3
1546 4
1547 2
1548 2
1549 2
1550 2
1551 2
1552 3
1553 2
1554 1
1555 3
1559 2
1560 2
1561 1
1562 1
1563 1
1564 2
1565 1
1566 2
1567 3
1568 3
1569 2
1570 4
1571 4
1572 1
1574 4
1575 1
1576 2
1577 2
1578 1
1591 1
1594 1
1595 1
1597 1
1601 1
1609 1
1612 1
1614 2
1623 1
1624 1
1636 1
1639 1
1640 1
1644 1
1653 1
1654 1
1657 1
1658 1
1661 1
1663 1
1664 1
1665 1
1667 1
1668 1
1670 2
1671 1
1672 2
1673 4
1675 2
1676 2
1677 2
1678 5
1680 3
1681 5
1683 2
1684 6
1685 8
1687 5
1688 4
1689 1
1690 4
1692 2
1693 4
1694 2
1695 5
1696 3
1697 2
1698 3
1699 7
1700 4
1701 4
1702 3
1703 1
1704 4
1705 2
1706 1
1707 3
1708 3
1709 2
1710 2
1711 3
1712 1
1713 3
1714 3
1715 2
1716 1
1718 1
1719 1
1720 2
1721 2
1723 4
1724 2
1725 3
1726 1
1727 2
1728 1
1729 4
1730 2
1731 1
1732 2
1733 2
1734 5
1735 3
1736 2
1737 1
1738 3
1739 2
1740 2
1742 1
1744 1
1745 2
1746 1
1747 1
1748 2
1749 3
1750 3
1751 1
1752 3
1753 1
1754 1
1756 2
1757 4
1758 1
1759 4
1760 4
1761 2
1762 1
1763 5
1764 1
1765 1
1766 2
1767 2
1768 1
1769 2
1770 5
1771 1
1772 6
1773 3
1774 3
1775 2
1776 4
1777 1
1778 5
1779 6
1780 2
1781 3
1782 6
1783 5
1784 3
1785 4
1786 4
1787 1
1788 6
1789 3
1790 1
1791 4
1793 2
1795 2
1796 2
1797 1
1799 3
1803 1
1806 1
1808 1
1812 1
1816 1
1817 1
1819 1
1822 1
1823 1
1825 1
1826 2
1827 3
1828 5
1829 3
1830 2
1831 3
1832 3
1833 2
1834 3
1835 3
1836 5
1837 3
1838 4
1839 5
1840 3
1841 5
1842 2
1843 3
1844 2
1845 3
1846 8
1847 2
1848 1
1850 5
1851 6
1852 6
1853 1
1854 6
1855 2
1856 5
1857 3
1858 7
1859 4
1860 2
1861 4
1862 3
1863 2
1864 3
1865 3
1866 7
1867 6
1868 3
1869 4
1870 4
1871 4
1872 4
1873 4
1874 4
1875 1
1876 5
1877 7
1878 4
1879 4
1880 4
1881 6
1882 3
1883 3
1884 6
1885 3
1886 2
1887 3
1888 3
1889 3
1891 5
1892 5
1893 4
1894 2
1895 4
1896 4
1897 1
1898 2
1899 1
1900 5
1901 7
1902 4
1903 9
1904 4
1905 1
1906 5
1907 2
1908 1
1909 2
1910 2
1911 5
1912 1
1913 3
1914 8
1915 6
1916 5
1917 2
1918 3
1919 3
1920 3
1921 7
1922 2
1923 3
1924 4
1925 2
1926 4
1927 6
1928 2
1929 4
1930 4
1931 5
1932 4
1933 6
1934 4
1935 3
1936 3
1937 5
1938 8
1939 2
1940 6
1941 7
1942 3
1943 1
1944 1
1945 5
1946 3
1947 2
1948 3
1949 1
1950 3
1951 2
1952 1
1953 3
1954 2
1955 3
1956 4
1957 1
1959 1
1960 1
1961 1
1963 2
1964 2
1966 1
1969 1
1971 1
1972 1
1973 1
1974 3
1975 3
1976 2
1979 1
1981 1
1983 1
1984 3
1985 2
1987 2
1988 1
1990 1
1991 1
1992 3
1993 1
1996 1
1997 2
1999 3
2000 2
2001 2
2002 2
2003 3
2004 4
2005 1
2007 1
2009 5
2010 1
2013 1
2014 2
2015 4
2016 1
2017 2
2018 1
2019 1
2021 2
2022 2
2023 1
2024 5
2027 1
2028 2
2029 1
2030 1
2031 3
2032 1
2033 3
2034 2
2035 4
2036 3
2037 1
2038 1
2039 2
2040 1
2041 2
2042 1
2043 2
2044 1
2045 2
2046 5
2047 4
2048 5
2049 7
2050 3
2051 4
2052 6
2053 4
2054 5
2055 3
2056 2
2057 5
2058 1
2059 1
2060 2
2061 3
2062 2
2063 3
2064 5
2065 1
2066 3
2067 2
2068 1
2069 1
2070 2
2071 1
2072 6
2073 3
2074 1
2075 5
2076 3
2077 4
2078 4
2079 1
2080 3
2081 3
2082 3
2083 5
2084 4
2085 2
2086 3
2087 1
2088 2
2090 1
2091 1
2093 2
2094 1
2097 2
2098 2
2099 1
2100 1
2103 4
2104 1
2106 1
2107 3
2111 1
2112 2
2113 1
2115 2
2116 1
2119 1
2120 1
2122 3
2123 1
2128 1
2129 1
2130 2
2136 2
2142 1
2144 2
2146 2
2147 1
2149 1
2152 1
2156 1
2158 1
2160 1
2162 1
2163 2
2164 1
2165 2
2166 1
2167 1
2169 1
2171 2
2172 2
2173 4
2174 1
2175 3
2176 2
2177 2
2178 1
2179 2
2180 3
2181 3
2182 7
2183 5
2184 1
2185 1
2186 2
2187 1
2188 1
2189 2
2190 3
2191 2
2192 4
2193 1
2194 6
2195 2
2196 1
2197 1
2198 2
2199 1
2200 1
2201 4
2202 7
2203 7
2204 5
2205 4
2206 4
2207 4
2208 4
2209 2
2210 3
2211 7
2212 4
2213 2
2214 2
2215 3
2216 3
2217 5
2218 8
2219 3
2220 6
2221 2
2222 12
2223 4
2224 6
2225 5
2226 3
2227 5
2228 2
2229 4
2230 5
2231 3
2232 6
2233 3
2234 4
2235 5
2236 11
2237 9
2238 1
2239 1
2240 1
2241 6
2242 3
2243 5
2244 2
2245 4
2246 3
2247 6
2248 4
2249 4
2250 3
2252 4
2253 4
2254 5
2255 6
2256 3
2257 2
2258 6
2259 3
2260 4
2261 1
2262 4
2263 7
2264 2
2265 1
2266 5
2267 2
2268 5
2269 1
2270 2
2271 2
2272 2
2273 1
2274 1
2275 4
2276 1
2277 2
2278 1
2279 2
2280 1
2281 3
2282 2
2283 1
2284 1
2285 2
2286 1
2289 3
2290 2
2292 1
2293 1
2298 1
2305 1
2319 1
2323 1
2330 1
2332 1
2333 1
2336 2
2337 3
2339 1
2340 1
2341 2
2343 2
2347 1
2348 1
2349 2
2350 1
2355 1
2358 1
2362 1
2366 1
2377 2
2378 1
2380 1
2381 1
2382 1
2383 1
2384 1
2389 2
2390 2
2391 1
2392 1
2394 1
2395 1
2396 2
2403 1
2407 2
2409 2
2412 2
2413 1
2417 1
2418 1
2425 2
2427 2
2429 3
2430 1
2431 2
2433 2
2434 5
2436 3
2437 1
2438 2
2439 1
2441 1
2442 2
2444 1
2446 3
2448 5
2449 1
2450 3
2451 1
2452 2
2453 1
2455 1
2456 1
2457 1
2461 1
2463 1
2464 1
2465 2
2466 1
2467 3
2468 2
2469 3
2470 4
2471 1
2472 2
2473 5
2474 3
2475 6
2476 1
2477 6
2478 1
2479 1
2480 3
2481 3
2482 4
2483 2
2484 4
2485 1
2486 2
2487 1
2488 1
2490 3
2491 3
2492 5
2493 3
2494 1
2495 2
2496 3
2497 4
2498 1
2499 2
2501 2
2503 2
2504 3
2505 2
2506 3
2507 2
2508 1
2509 1
2510 4
2511 1
2512 6
2514 3
2515 2
2516 1
2517 1
2518 1
2520 1
2522 1
2523 1
2524 1
2526 2
2530 1
2531 3
2532 2
2536 1
2539 1
2540 2
2542 1
2543 2
2544 1
2545 3
2546 1
2547 2
2548 1
2550 4
2551 1
2554 2
2555 1
2557 3
2559 2
2560 2
2561 1
2562 1
2563 1
2564 1
2565 2
2566 2
2567 2
2568 3
2569 4
2570 1
2571 1
2572 1
2573 4
2574 2
2577 2
2578 3
2579 3
2580 5
2581 5
2582 2
2583 1
2584 4
2585 3
2586 2
2587 4
2588 5
2589 3
2590 5
2591 3
2592 4
2593 2
2594 3
2595 6
2596 8
2597 6
2598 6
2599 7
2600 4
2601 7
2602 6
2603 3
2604 3
2605 8
2606 5
2607 1
2608 3
2609 3
2610 12
2611 4
2612 2
2613 3
2614 1
2615 5
2616 6
2617 5
2618 3
2619 3
2620 3
2621 4
2622 6
2623 3
2624 8
2625 3
2626 5
2627 4
2628 2
2629 4
2630 3
2632 1
2633 6
2634 2
2635 1
2636 1
2637 2
2638 2
2639 1
2640 1
2641 1
2642 2
2643 1
2645 1
2646 1
2647 2
2648 1
2650 1
2653 1
2659 2
2662 1
2665 1
2666 2
2667 1
2668 2
2669 2
2670 2
2672 2
2673 2
2675 1
2676 2
2677 3
2678 3
2679 2
2680 1
2681 1
2682 1
2683 1
2684 6
2685 2
2686 2
2688 4
2689 2
2691 1
2698 1
2700 1
2701 1
2707 1
2712 1
2713 1
2714 2
2715 1
2717 1
2722 1
2726 2
2731 1
2733 1
2737 1
2742 1
2748 1
2751 1
2752 1
2755 1
2762 1
2767 1
2777 1
2784 2
2785 1
2786 1
2790 1
2795 1
2800 1
2804 2
2805 1
2811 3
2815 1
2816 1
2817 1
2818 1
2819 3
2821 3
2822 3
2823 1
2824 1
2826 4
2827 1
2829 1
2830 1
2832 2
2833 2
2834 1
2835 1
2836 3
2838 1
2841 2
2842 2
2843 1
2845 1
2846 1
2847 1
2851 1
2852 1
2853 3
2854 2
2855 1
2856 1
2857 2
2858 1
2859 1
2861 2
2862 2
2863 1
2864 1
2865 1
2866 1
2868 1
2870 2
2871 3
2872 1
2873 1
2874 1
2876 1
2877 1
2878 4
2880 3
2881 3
2882 2
2884 1
2886 2
2887 1
2888 1
2889 1
2891 1
2892 1
2893 1
2895 1
2897 1
2900 1
2901 2
2904 1
2905 1
2908 1
2909 1
2912 3
2913 1
2914 2
2915 1
2916 1
2917 2
2918 1
2919 2
2920 5
2921 3
2922 2
2925 2
2927 2
2928 3
2929 2
2931 3
2932 2
2933 1
2934 4
2935 1
2936 1
2938 2
2939 3
2942 3
2943 3
2944 1
2945 1
2946 2
2947 1
2949 2
2950 2
2951 2
2952 1
2953 1
2955 1
2957 2
2958 2
2959 1
2960 2
2961 3
2962 2
2963 1
2964 4
2965 2
2966 1
2967 2
2968 2
2969 2
2970 1
2971 6
2972 4
2973 4
2974 4
2975 4
2976 9
2977 8
2978 8
2979 4
2980 6
2981 4
2982 3
2983 6
2985 3
2986 1
2987 3
2988 2
2989 1
2990 1
2991 4
2992 2
2993 2
2994 4
2995 1
2996 1
2997 1
2998 2
2999 2
3000 4
3001 3
3002 2
3003 2
3004 1
3005 2
3006 3
3007 2
3008 1
3009 1
3010 1
3013 3
3014 2
3015 2
3016 1
3017 1
3019 2
3021 2
3022 2
3023 3
3025 1
3027 1
3028 1
3035 1
3036 1
3041 2
3043 1
3044 1
3045 1
3046 1
3050 1
3051 1
3053 2
3057 1
3060 1
3065 1
3078 1
3084 1
3087 1
3089 1
3113 1
3123 1
3134 1
3327 1
3331 1
3337 1
3339 1
3399 1
3475 1
3484 1
3643 1
3669 1
3670 1
3803 1
3857 1
3872 1
3938 1
3972 1
3975 1
3979 1
3980 2
3984 2
3986 1
3992 1
3995 1
4134 1
4170 1
4172 1
4174 1
4230 1
4234 1
4236 1
4399 2
4405 1
4407 1
4411 1
4412 1
4461 1
4509 1
4512 1
4522 1
4523 1
4525 1
4527 1
4528 1
4530 1
4553 1
4680 1
4838 1
4841 1
4855 1
4971 1
4990 1
4997 1
5228 1
5376 1
5818 1
5897 1
5905 1
5912 1
6022 1
6041 1
6047 2
6048 1
6051 1
6068 1
6213 1
6217 1
6336 1
6389 1
6465 1
6466 1
6467 1
6468 1
6476 1
6489 1
6540 1
6739 1
6787 1
6811 1
6884 1
6938 1
7239 1
7242 2
7258 1
7259 1
7263 1
7346 1
7404 1
7522 1
8038 1
