1 11751350
2 11115552
3 8907967
4 6945225
5 5543847
6 4540004
7 3875588
8 3483099
9 3248759
10 3070945
11 2893481
12 2677450
13 2430325
14 2158868
15 1878072
16 1611940
17 1375014
18 1169728
19 1006298
20 882937
21 807616
22 760232
23 736827
24 728520
25 731549
26 732094
27 724740
28 705670
29 672659
30 628826
31 576974
32 515569
33 451008
34 388000
35 325314
36 272182
37 223574
38 185611
39 152503
40 129048
41 110646
42 98454
43 91262
44 85629
45 84328
46 84381
47 87245
48 92241
49 97249
50 103343
51 109279
52 114697
53 121005
54 127096
55 132849
56 138733
57 146137
58 153989
59 162620
60 171169
61 180403
62 191460
63 202779
64 215321
65 226763
66 237103
67 247604
68 257960
69 264832
70 271943
71 277184
72 280654
73 282255
74 281058
75 278161
76 276103
77 273253
78 270096
79 266764
80 261754
81 259941
82 257943
83 256904
84 259438
85 261950
86 265990
87 271684
88 277900
89 284187
90 290069
91 296735
92 302117
93 307285
94 310664
95 313854
96 313909
97 311976
98 309202
99 304914
100 297371
101 286959
102 275479
103 264118
104 247667
105 232527
106 217815
107 203154
108 187483
109 173150
110 158741
111 145922
112 134032
113 124751
114 115149
115 109011
116 103748
117 100319
118 98784
119 99300
120 100465
121 103299
122 107306
123 112668
124 118592
125 125307
126 131619
127 137994
128 145310
129 151454
130 157705
131 163955
132 168316
133 171074
134 174544
135 175031
136 175511
137 174911
138 172151
139 168592
140 164423
141 158859
142 152505
143 146683
144 137997
145 129881
146 121090
147 112549
148 103987
149 95364
150 86389
151 77988
152 70325
153 62779
154 55172
155 48979
156 42725
157 36907
158 31894
159 27861
160 24407
161 20751
162 17649
163 15105
164 12769
165 11104
166 9542
167 8395
168 7278
169 6620
170 6159
171 5836
172 5946
173 6122
174 6554
175 7283
176 7927
177 9198
178 10628
179 12213
180 13881
181 15826
182 18149
183 20548
184 23629
185 26802
186 30164
187 33659
188 37831
189 42375
190 47232
191 52416
192 57856
193 63748
194 70391
195 76782
196 83368
197 90456
198 97875
199 104774
200 112509
201 120427
202 127943
203 135583
204 143738
205 150477
206 158535
207 165395
208 173389
209 180304
210 187080
211 193307
212 200582
213 206347
214 212738
215 216884
216 222534
217 227521
218 232644
219 237473
220 240862
221 244226
222 247238
223 249996
224 252628
225 253706
226 256070
227 256654
228 256581
229 257305
230 257763
231 257649
232 255897
233 255262
234 252810
235 251674
236 249417
237 247973
238 243469
239 241739
240 238593
241 234691
242 231421
243 227462
244 224028
245 221505
246 217507
247 213831
248 210305
249 206610
250 202241
251 199740
252 194966
253 192321
254 188036
255 184603
256 180613
257 177309
258 174320
259 170128
260 168056
261 164563
262 160406
263 156567
264 152561
265 148751
266 145042
267 141782
268 137690
269 133093
270 129600
271 125592
272 121116
273 117764
274 112693
275 108850
276 103545
277 98935
278 94587
279 89922
280 85382
281 80922
282 76583
283 72316
284 68254
285 64030
286 59671
287 56018
288 52218
289 48912
290 45450
291 41973
292 38791
293 35612
294 33011
295 29776
296 27540
297 25000
298 22995
299 21060
300 18719
301 17203
302 15662
303 14294
304 12959
305 11872
306 10706
307 9870
308 8926
309 8230
310 7681
311 7059
312 6574
313 6271
314 5858
315 5570
316 5299
317 5310
318 5354
319 5195
320 5401
321 5262
322 5254
323 5457
324 5556
325 5716
326 5640
327 5622
328 5886
329 6057
330 6192
331 6237
332 6347
333 6415
334 6500
335 6432
336 6381
337 6582
338 6736
339 6675
340 6520
341 6461
342 6384
343 6214
344 6305
345 6194
346 6006
347 6067
348 5755
349 5795
350 5594
351 5294
352 5241
353 5046
354 4927
355 4621
356 4398
357 4275
358 4040
359 3779
360 3732
361 3603
362 3365
363 3141
364 2990
365 2957
366 2711
367 2626
368 2411
369 2212
370 2100
371 2066
372 1844
373 1761
374 1663
375 1485
376 1401
377 1327
378 1211
379 1143
380 1047
381 1058
382 947
383 982
384 957
385 1009
386 967
387 969
388 899
389 919
390 965
391 899
392 915
393 955
394 956
395 952
396 991
397 1004
398 1059
399 1118
400 1174
401 1174
402 1246
403 1273
404 1317
405 1364
406 1400
407 1291
408 1487
409 1428
410 1547
411 1588
412 1604
413 1645
414 1753
415 1705
416 1736
417 1718
418 1710
419 1763
420 1713
421 1752
422 1806
423 1781
424 1712
425 1760
426 1690
427 1732
428 1634
429 1628
430 1649
431 1639
432 1620
433 1608
434 1538
435 1478
436 1451
437 1455
438 1382
439 1402
440 1301
441 1274
442 1290
443 1186
444 1170
445 1150
446 1131
447 1085
448 1090
449 1176
450 1134
451 1128
452 1037
453 999
454 1038
455 1075
456 1049
457 1051
458 1058
459 1012
460 962
461 1007
462 1039
463 957
464 985
465 934
466 846
467 907
468 890
469 873
470 877
471 882
472 808
473 829
474 814
475 783
476 852
477 821
478 776
479 817
480 737
481 790
482 844
483 745
484 767
485 753
486 659
487 768
488 739
489 799
490 749
491 790
492 788
493 682
494 728
495 663
496 684
497 658
498 721
499 674
500 690
501 620
502 588
503 588
504 594
505 591
506 602
507 627
508 604
509 593
510 587
511 568
512 553
513 544
514 559
515 589
516 550
517 563
518 564
519 610
520 592
521 583
522 611
523 576
524 505
525 554
526 541
527 550
528 517
529 509
530 565
531 518
532 533
533 527
534 441
535 470
536 466
537 406
538 460
539 427
540 412
541 426
542 396
543 372
544 421
545 374
546 389
547 328
548 319
549 334
550 350
551 352
552 305
553 311
554 301
555 313
556 302
557 285
558 307
559 272
560 270
561 256
562 265
563 268
564 236
565 246
566 224
567 222
568 204
569 218
570 212
571 205
572 205
573 166
574 195
575 171
576 167
577 178
578 168
579 161
580 168
581 154
582 157
583 163
584 153
585 132
586 152
587 118
588 124
589 112
590 106
591 129
592 114
593 98
594 97
595 94
596 95
597 96
598 116
599 98
600 100
601 104
602 90
603 81
604 100
605 87
606 98
607 94
608 82
609 76
610 80
611 88
612 75
613 74
614 80
615 72
616 77
617 65
618 73
619 95
620 84
621 84
622 82
623 81
624 66
625 86
626 68
627 73
628 85
629 65
630 72
631 66
632 61
633 61
634 55
635 73
636 74
637 61
638 68
639 70
640 77
641 76
642 92
643 78
644 71
645 79
646 100
647 91
648 86
649 91
650 89
651 92
652 100
653 112
654 97
655 104
656 123
657 120
658 134
659 122
660 138
661 128
662 131
663 120
664 140
665 141
666 134
667 148
668 121
669 122
670 122
671 121
672 107
673 130
674 133
675 125
676 151
677 126
678 128
679 109
680 136
681 148
682 148
683 164
684 128
685 143
686 138
687 143
688 133
689 145
690 142
691 124
692 124
693 135
694 163
695 148
696 135
697 128
698 126
699 146
700 123
701 123
702 122
703 119
704 123
705 120
706 135
707 119
708 137
709 132
710 117
711 111
712 139
713 95
714 118
715 115
716 88
717 99
718 110
719 108
720 112
721 106
722 110
723 130
724 117
725 112
726 92
727 105
728 121
729 104
730 108
731 120
732 104
733 108
734 104
735 118
736 118
737 88
738 97
739 112
740 116
741 122
742 107
743 78
744 129
745 120
746 77
747 97
748 124
749 111
750 99
751 104
752 98
753 107
754 84
755 96
756 107
757 97
758 106
759 112
760 95
761 111
762 93
763 103
764 88
765 114
766 93
767 79
768 80
769 104
770 89
771 89
772 103
773 90
774 104
775 109
776 102
777 109
778 121
779 106
780 107
781 114
782 106
783 130
784 136
785 123
786 118
787 103
788 120
789 128
790 135
791 137
792 127
793 113
794 119
795 130
796 142
797 121
798 124
799 135
800 147
801 127
802 131
803 127
804 128
805 115
806 123
807 133
808 114
809 115
810 96
811 112
812 114
813 109
814 128
815 120
816 116
817 101
818 115
819 103
820 125
821 108
822 96
823 124
824 117
825 122
826 115
827 130
828 109
829 106
830 116
831 128
832 114
833 122
834 113
835 116
836 95
837 103
838 107
839 96
840 107
841 96
842 90
843 88
844 87
845 82
846 76
847 109
848 94
849 94
850 96
851 92
852 91
853 98
854 96
855 94
856 109
857 88
858 98
859 103
860 120
861 88
862 99
863 96
864 63
865 84
866 95
867 88
868 96
869 87
870 98
871 83
872 74
873 69
874 65
875 84
876 66
877 79
878 61
879 78
880 75
881 77
882 77
883 76
884 83
885 70
886 78
887 65
888 73
889 67
890 74
891 85
892 66
893 85
894 81
895 76
896 80
897 68
898 74
899 82
900 88
901 77
902 76
903 53
904 81
905 76
906 84
907 83
908 71
909 60
910 79
911 68
912 67
913 65
914 87
915 84
916 71
917 75
918 57
919 63
920 60
921 67
922 79
923 64
924 59
925 64
926 61
927 67
928 49
929 67
930 61
931 50
932 58
933 80
934 71
935 54
936 62
937 59
938 53
939 51
940 53
941 59
942 51
943 42
944 46
945 53
946 47
947 44
948 49
949 55
950 40
951 44
952 36
953 50
954 29
955 41
956 42
957 30
958 31
959 46
960 38
961 32
962 34
963 36
964 35
965 44
966 35
967 36
968 35
969 38
970 34
971 32
972 29
973 27
974 38
975 36
976 32
977 38
978 23
979 19
980 22
981 30
982 19
983 24
984 18
985 23
986 28
987 19
988 26
989 25
990 21
991 18
992 15
993 19
994 27
995 21
996 16
997 19
998 15
999 22
1000 30
1001 16
1002 31
1003 21
1004 17
1005 23
1006 15
1007 17
1008 22
1009 23
1010 13
1011 20
1012 20
1013 20
1014 31
1015 22
1016 21
1017 22
1018 20
1019 18
1020 26
1021 25
1022 26
1023 21
1024 12
1025 10
1026 15
1027 16
1028 19
1029 24
1030 17
1031 14
1032 24
1033 17
1034 27
1035 23
1036 27
1037 26
1038 34
1039 42
1040 29
1041 40
1042 41
1043 27
1044 32
1045 48
1046 29
1047 40
1048 39
1049 26
1050 28
1051 23
1052 30
1053 24
1054 28
1055 32
1056 20
1057 14
1058 28
1059 29
1060 40
1061 27
1062 39
1063 32
1064 40
1065 43
1066 27
1067 43
1068 40
1069 41
1070 35
1071 41
1072 46
1073 43
1074 37
1075 42
1076 51
1077 52
1078 35
1079 36
1080 48
1081 32
1082 54
1083 43
1084 46
1085 54
1086 57
1087 42
1088 40
1089 42
1090 38
1091 41
1092 40
1093 40
1094 50
1095 45
1096 39
1097 52
1098 53
1099 50
1100 57
1101 36
1102 53
1103 50
1104 49
1105 57
1106 49
1107 43
1108 41
1109 60
1110 53
1111 43
1112 45
1113 46
1114 73
1115 71
1116 53
1117 45
1118 52
1119 49
1120 58
1121 55
1122 49
1123 53
1124 65
1125 56
1126 71
1127 47
1128 59
1129 59
1130 78
1131 60
1132 55
1133 55
1134 37
1135 53
1136 61
1137 54
1138 48
1139 53
1140 59
1141 44
1142 53
1143 31
1144 49
1145 49
1146 54
1147 62
1148 49
1149 67
1150 54
1151 49
1152 58
1153 59
1154 53
1155 50
1156 42
1157 55
1158 45
1159 46
1160 51
1161 51
1162 43
1163 46
1164 45
1165 46
1166 40
1167 40
1168 61
1169 48
1170 49
1171 56
1172 42
1173 50
1174 51
1175 45
1176 43
1177 48
1178 42
1179 57
1180 42
1181 51
1182 55
1183 42
1184 34
1185 47
1186 37
1187 47
1188 48
1189 44
1190 41
1191 42
1192 44
1193 39
1194 32
1195 35
1196 37
1197 56
1198 37
1199 34
1200 35
1201 37
1202 28
1203 32
1204 32
1205 33
1206 32
1207 24
1208 37
1209 34
1210 31
1211 23
1212 31
1213 41
1214 29
1215 30
1216 35
1217 24
1218 36
1219 25
1220 36
1221 22
1222 30
1223 44
1224 30
1225 28
1226 28
1227 29
1228 37
1229 38
1230 34
1231 35
1232 36
1233 30
1234 34
1235 32
1236 25
1237 34
1238 32
1239 35
1240 31
1241 32
1242 33
1243 45
1244 31
1245 22
1246 33
1247 27
1248 38
1249 27
1250 32
1251 28
1252 31
1253 24
1254 32
1255 38
1256 35
1257 30
1258 40
1259 32
1260 30
1261 31
1262 31
1263 19
1264 24
1265 24
1266 20
1267 19
1268 27
1269 13
1270 21
1271 16
1272 20
1273 13
1274 19
1275 18
1276 16
1277 10
1278 8
1279 11
1280 10
1281 7
1282 9
1283 9
1284 7
1285 10
1286 4
1287 6
1288 13
1289 14
1290 7
1291 4
1292 4
1293 4
1294 6
1295 4
1296 6
1297 3
1298 8
1299 7
1300 8
1301 7
1302 7
1303 4
1304 6
1305 13
1306 5
1307 15
1308 10
1309 5
1310 6
1311 6
1312 8
1313 9
1314 6
1315 6
1316 6
1317 11
1318 12
1319 5
1320 4
1321 11
1322 11
1323 5
1324 7
1325 16
1326 14
1327 9
1328 7
1329 9
1330 10
1331 13
1332 10
1333 7
1334 7
1335 12
1336 6
1337 10
1338 13
1339 10
1340 6
1341 11
1342 5
1343 8
1344 8
1345 20
1346 6
1347 10
1348 10
1349 7
1350 6
1351 9
1352 11
1353 4
1354 10
1355 5
1356 12
1357 9
1358 10
1359 5
1360 9
1361 10
1362 11
1363 10
1364 11
1365 9
1366 11
1367 4
1368 10
1369 7
1370 8
1371 6
1372 10
1373 11
1374 13
1375 10
1376 15
1377 4
1378 6
1379 15
1380 9
1381 5
1382 14
1383 10
1384 12
1385 11
1386 4
1387 16
1388 15
1389 12
1390 18
1391 14
1392 18
1393 13
1394 17
1395 23
1396 12
1397 16
1398 13
1399 22
1400 17
1401 19
1402 10
1403 16
1404 13
1405 14
1406 18
1407 20
1408 7
1409 16
1410 7
1411 13
1412 14
1413 11
1414 11
1415 12
1416 16
1417 8
1418 8
1419 11
1420 19
1421 9
1422 9
1423 7
1424 9
1425 10
1426 8
1427 16
1428 16
1429 11
1430 11
1431 13
1432 10
1433 14
1434 11
1435 11
1436 16
1437 12
1438 11
1439 13
1440 11
1441 8
1442 8
1443 7
1444 6
1445 10
1446 11
1447 15
1448 6
1449 14
1450 11
1451 10
1452 17
1453 12
1454 11
1455 11
1456 11
1457 9
1458 7
1459 10
1460 10
1461 15
1462 10
1463 17
1464 13
1465 15
1466 3
1467 15
1468 9
1469 11
1470 9
1471 11
1472 15
1473 14
1474 14
1475 10
1476 9
1477 7
1478 19
1479 18
1480 13
1481 5
1482 8
1483 15
1484 13
1485 10
1486 8
1487 8
1488 11
1489 11
1490 4
1491 14
1492 6
1493 13
1494 13
1495 8
1496 9
1497 19
1498 10
1499 13
1500 6
1501 11
1502 8
1503 6
1504 12
1505 10
1506 7
1507 3
1508 5
1509 11
1510 10
1511 5
1512 17
1513 6
1514 8
1515 7
1516 12
1517 9
1518 6
1519 8
1520 13
1521 10
1522 8
1523 9
1524 5
1525 8
1526 7
1527 10
1528 5
1529 7
1530 11
1531 6
1532 9
1533 10
1534 7
1535 4
1536 10
1537 10
1538 7
1539 10
1540 10
1541 9
1542 12
1543 11
1544 10
1545 5
1546 4
1547 7
1548 9
1549 9
1550 15
1551 3
1552 7
1553 9
1554 10
1555 9
1556 12
1557 11
1558 6
1559 4
1560 13
1561 10
1562 16
1563 10
1564 8
1565 10
1566 8
1567 7
1568 10
1569 8
1570 11
1571 15
1572 14
1573 10
1574 13
1575 13
1576 7
1577 19
1578 20
1579 7
1580 10
1581 8
1582 22
1583 8
1584 15
1585 13
1586 9
1587 13
1588 12
1589 11
1590 13
1591 9
1592 11
1593 10
1594 4
1595 12
1596 12
1597 15
1598 10
1599 17
1600 11
1601 12
1602 11
1603 10
1604 11
1605 13
1606 6
1607 12
1608 13
1609 13
1610 12
1611 8
1612 11
1613 11
1614 14
1615 12
1616 14
1617 6
1618 13
1619 13
1620 15
1621 8
1622 12
1623 9
1624 11
1625 8
1626 6
1627 8
1628 10
1629 9
1630 12
1631 11
1632 8
1633 9
1634 15
1635 8
1636 5
1637 4
1638 12
1639 4
1640 11
1641 6
1642 11
1643 15
1644 10
1645 10
1646 12
1647 8
1648 6
1649 6
1650 8
1651 12
1652 8
1653 7
1654 8
1655 5
1656 12
1657 6
1658 6
1659 5
1660 4
1661 6
1662 4
1663 4
1664 6
1665 3
1666 6
1667 5
1668 4
1669 2
1670 8
1671 7
1672 2
1673 2
1674 2
1675 8
1676 6
1677 6
1678 9
1679 5
1680 6
1681 5
1682 4
1683 7
1684 5
1685 7
1686 3
1687 7
1688 4
1689 4
1690 6
1691 4
1692 7
1693 7
1694 5
1695 3
1696 5
1697 12
1698 5
1699 5
1700 1
1701 4
1702 7
1703 8
1704 12
1705 11
1706 6
1707 5
1708 9
1709 9
1710 7
1711 2
1712 4
1713 17
1714 14
1715 8
1716 7
1717 11
1718 9
1719 8
1720 10
1721 7
1722 10
1723 6
1724 8
1725 6
1726 16
1727 5
1728 6
1729 14
1730 10
1731 12
1732 21
1733 4
1734 15
1735 13
1736 19
1737 14
1738 12
1739 13
1740 10
1741 12
1742 10
1743 15
1744 8
1745 7
1746 9
1747 9
1748 14
1749 14
1750 13
1751 10
1752 12
1753 13
1754 12
1755 8
1756 12
1757 10
1758 10
1759 15
1760 10
1761 11
1762 12
1763 9
1764 7
1765 8
1766 12
1767 7
1768 12
1769 7
1770 6
1771 8
1772 3
1773 7
1774 7
1775 5
1776 5
1777 4
1778 5
1779 6
1780 11
1781 6
1782 7
1783 7
1784 7
1785 7
1786 6
1787 9
1788 7
1789 3
1790 11
1791 8
1792 7
1793 11
1794 7
1795 6
1796 3
1797 4
1798 2
1799 7
1800 2
1801 4
1802 6
1803 5
1804 4
1805 1
1806 2
1807 1
1808 3
1809 3
1810 2
1811 11
1812 8
1813 7
1814 10
1815 4
1816 8
1817 7
1818 8
1819 6
1820 5
1821 4
1822 5
1823 8
1824 6
1825 11
1826 6
1827 7
1828 12
1829 7
1830 6
1831 6
1832 7
1833 6
1834 8
1835 10
1836 7
1837 3
1838 9
1839 9
1840 5
1841 6
1842 3
1843 9
1844 6
1845 10
1846 10
1847 4
1848 13
1849 5
1850 4
1851 9
1852 9
1853 1
1854 4
1855 5
1856 5
1857 1
1858 4
1859 2
1860 7
1861 3
1862 4
1863 3
1864 6
1865 4
1866 2
1867 2
1868 4
1869 4
1870 3
1871 5
1872 3
1873 6
1874 8
1875 1
1876 3
1877 1
1878 4
1879 4
1880 1
1881 5
1882 6
1883 1
1885 4
1887 2
1888 1
1889 1
1890 1
1891 1
1892 1
1893 1
1894 2
1895 1
1896 1
1897 3
1899 1
1900 2
1901 2
1903 3
1904 2
1905 4
1906 3
1907 6
1908 1
1909 1
1910 2
1911 3
1912 2
1913 2
1914 4
1915 2
1916 2
1917 3
1918 2
1919 1
1921 4
1922 5
1923 2
1924 1
1925 4
1926 3
1927 1
1928 1
1929 3
1931 4
1932 3
1933 2
1936 2
1937 4
1938 1
1939 3
1941 2
1942 4
1943 1
1944 3
1945 2
1946 2
1947 1
1948 3
1949 1
1951 1
1952 2
1953 1
1954 4
1955 2
1956 1
1957 1
1959 2
1960 1
1961 5
1962 1
1963 5
1964 1
1965 2
1966 5
1967 1
1968 2
1969 4
1970 8
1971 3
1972 8
1973 2
1974 2
1976 3
1977 4
1978 2
1979 1
1981 2
1982 2
1984 5
1985 1
1986 1
1987 1
1988 1
1989 1
1991 1
1993 3
1994 2
1995 2
1996 2
1997 1
1998 3
2000 2
2002 1
2003 5
2004 1
2005 3
2006 5
2007 1
2008 3
2009 1
2010 4
2011 5
2012 1
2013 2
2014 2
2015 2
2016 2
2017 2
2018 3
2020 3
2021 3
2022 1
2024 2
2025 1
2026 1
2027 2
2028 1
2029 1
2030 4
2031 3
2033 2
2034 1
2035 2
2036 1
2037 2
2038 1
2039 2
2040 2
2042 1
2044 1
2045 2
2046 3
2047 2
2048 5
2049 2
2050 1
2051 2
2052 1
2053 1
2054 2
2055 2
2056 2
2057 1
2058 2
2059 3
2060 2
2061 3
2062 3
2063 1
2064 2
2065 9
2066 4
2067 1
2068 6
2069 3
2070 1
2071 6
2072 4
2073 3
2074 3
2075 4
2076 6
2077 5
2078 3
2079 2
2080 4
2081 4
2082 3
2083 6
2084 1
2085 6
2086 3
2087 2
2088 4
2089 2
2090 1
2091 3
2092 2
2094 1
2095 2
2096 3
2097 1
2099 1
2101 2
2102 1
2105 2
2106 3
2107 1
2108 4
2109 1
2110 1
2111 4
2112 2
2113 3
2115 1
2116 1
2117 1
2118 2
2119 4
2120 1
2121 5
2122 1
2123 2
2124 1
2125 1
2126 1
2127 1
2129 2
2130 1
2131 1
2132 1
2134 2
2137 1
2138 1
2139 1
2140 1
2141 3
2142 2
2144 2
2145 1
2146 2
2148 2
2149 1
2150 3
2151 1
2152 4
2154 2
2155 1
2156 2
2157 1
2158 2
2159 2
2160 2
2161 1
2162 1
2163 1
2165 2
2166 3
2167 2
2168 1
2170 2
2171 3
2172 1
2174 2
2175 3
2176 2
2177 3
2178 3
2179 1
2180 3
2181 3
2182 1
2183 1
2184 2
2185 4
2186 2
2187 3
2188 3
2189 1
2190 1
2191 2
2192 1
2193 1
2194 2
2195 1
2196 4
2198 1
2199 4
2200 3
2201 3
2202 1
2203 1
2204 3
2205 3
2206 1
2207 3
2208 3
2209 3
2210 3
2212 1
2213 1
2214 3
2215 1
2218 1
2220 1
2221 1
2223 1
2224 2
2225 4
2226 3
2229 1
2231 1
2232 2
2233 3
2234 1
2237 1
2239 1
2241 1
2242 1
2243 2
2244 3
2246 1
2247 2
2248 2
2249 1
2251 1
2252 1
2254 2
2255 2
2256 2
2258 3
2259 2
2260 1
2261 2
2262 1
2263 1
2264 3
2265 3
2266 2
2267 4
2268 2
2269 5
2271 5
2272 1
2273 3
2275 1
2276 1
2278 2
2279 1
2280 1
2281 1
2282 2
2283 1
2285 1
2286 2
2287 2
2288 1
2289 1
2290 1
2293 2
2297 1
2299 1
2300 1
2302 2
2303 1
2304 2
2306 1
2307 1
2308 1
2309 4
2310 4
2311 1
2312 2
2313 1
2314 2
2315 2
2316 3
2317 1
2318 3
2319 1
2320 1
2321 2
2322 1
2323 6
2324 5
2325 1
2326 6
2327 2
2328 5
2329 4
2330 4
2331 2
2332 5
2333 1
2334 1
2335 3
2336 4
2337 1
2338 2
2339 1
2340 2
2341 3
2343 1
2344 2
2345 1
2346 1
2347 1
2348 2
2349 1
2350 3
2352 4
2355 1
2356 2
2357 3
2358 4
2360 1
2361 3
2362 1
2365 1
2366 3
2368 1
2369 1
2370 1
2372 2
2375 2
2376 1
2378 3
2379 1
2380 2
2383 1
2385 2
2386 1
2387 2
2388 1
2389 2
2390 1
2391 2
2392 3
2393 1
2394 3
2396 3
2397 1
2398 2
2400 2
2401 5
2403 7
2404 2
2405 4
2406 3
2407 2
2408 3
2409 2
2410 2
2411 2
2412 3
2413 3
2414 1
2416 1
2417 4
2418 2
2419 2
2420 3
2421 1
2422 1
2423 3
2424 1
2425 3
2427 2
2428 1
2429 1
2430 8
2431 1
2432 3
2433 1
2434 1
2435 1
2436 2
2437 3
2438 3
2439 1
2442 2
2443 2
2444 1
2445 1
2446 2
2447 3
2448 2
2449 4
2450 2
2452 7
2453 4
2454 1
2455 1
2456 3
2457 3
2458 1
2460 2
2461 2
2462 4
2463 3
2464 2
2465 1
2466 2
2467 2
2468 1
2470 1
2471 1
2473 3
2474 6
2475 2
2476 2
2477 2
2479 1
2480 1
2481 2
2484 2
2485 1
2486 3
2487 2
2488 3
2489 1
2491 4
2492 2
2493 5
2495 2
2498 1
2499 1
2500 2
2501 2
2504 1
2506 4
2507 3
2509 2
2510 2
2512 4
2513 1
2514 2
2515 4
2516 2
2517 1
2518 3
2521 2
2522 1
2523 2
2524 1
2525 2
2526 1
2528 1
2529 1
2531 1
2532 4
2533 3
2534 2
2536 2
2537 2
2538 4
2539 3
2540 2
2541 2
2542 3
2543 2
2544 7
2545 4
2546 5
2547 3
2548 3
2549 3
2550 2
2551 3
2552 1
2553 5
2554 4
2555 5
2556 4
2557 2
2558 3
2559 3
2560 3
2561 3
2562 2
2563 2
2564 2
2565 1
2566 4
2567 4
2568 5
2569 5
2570 6
2571 8
2572 5
2573 2
2574 5
2575 2
2577 9
2578 3
2579 3
2580 3
2581 2
2582 4
2583 4
2584 5
2585 2
2586 2
2587 1
2588 2
2589 2
2590 3
2591 5
2592 5
2593 5
2594 1
2595 3
2596 6
2597 2
2598 5
2599 1
2600 2
2601 4
2602 3
2603 2
2604 2
2605 4
2606 1
2607 2
2608 6
2609 4
2610 2
2612 2
2613 2
2614 4
2615 1
2616 1
2617 1
2619 1
2621 1
2626 1
2628 1
2630 1
2631 2
2632 3
2636 2
2637 1
2638 1
2639 2
2640 1
2641 2
2642 2
2644 2
2645 5
2646 3
2647 4
2648 1
2649 2
2650 1
2651 4
2652 3
2654 2
2655 1
2657 2
2658 3
2659 4
2660 4
2661 5
2662 3
2663 3
2664 2
2665 1
2666 1
2667 1
2672 1
2674 3
2675 2
2676 2
2677 1
2678 3
2679 1
2680 3
2681 1
2682 1
2683 2
2684 3
2686 2
2687 2
2688 2
2689 1
2690 1
2691 1
2692 6
2693 1
2697 2
2699 1
2701 1
2702 2
2703 1
2705 5
2707 2
2710 1
2711 3
2713 2
2714 1
2716 3
2717 2
2719 4
2720 2
2721 2
2722 1
2723 2
2724 1
2725 3
2726 1
2729 2
2730 2
2732 1
2738 3
2739 2
2742 2
2743 1
2744 3
2745 1
2746 1
2747 2
2751 4
2753 3
2755 2
2756 1
2758 2
2761 1
2762 1
2764 1
2770 2
2776 1
2778 2
2779 4
2781 1
2784 2
2785 1
2786 1
2787 2
2788 2
2789 1
2790 1
2793 2
2794 2
2795 1
2800 1
2801 1
2802 1
2803 1
2804 1
2805 3
2807 1
2808 1
2809 2
2811 2
2812 1
2813 1
2815 1
2816 1
2819 2
2821 1
2823 1
2824 1
2825 1
2826 2
2830 1
2837 4
2838 1
2839 3
2841 3
2842 2
2844 1
2845 2
2846 2
2847 2
2848 2
2849 2
2850 5
2851 1
2852 1
2854 3
2855 1
2857 3
2858 3
2859 6
2860 3
2861 2
2862 2
2863 1
2864 2
2866 4
2867 3
2868 1
2869 2
2870 2
2871 1
2873 1
2874 2
2876 1
2878 3
2880 4
2881 5
2882 4
2883 3
2884 2
2885 3
2886 1
2887 1
2888 5
2890 5
2891 4
2892 1
2893 4
2894 2
2895 4
2896 4
2897 4
2898 2
2899 2
2900 5
2901 4
2902 3
2903 2
2904 1
2905 1
2907 3
2908 2
2909 1
2910 3
2911 1
2912 3
2913 4
2914 2
2915 1
2916 1
2917 3
2918 5
2919 1
2920 2
2921 4
2922 5
2923 2
2924 3
2925 2
2926 1
2927 6
2928 1
2929 4
2930 1
2931 4
2932 4
2933 7
2934 8
2935 6
2936 3
2937 5
2938 4
2939 6
2940 10
2941 2
2942 10
2943 6
2944 6
2945 6
2946 5
2947 4
2948 3
2949 3
2950 3
2951 1
2952 5
2953 3
2954 2
2955 4
2956 2
2957 3
2958 1
2959 4
2960 1
2961 2
2962 3
2963 3
2965 1
2966 2
2967 5
2968 1
2969 1
2970 2
2971 2
2972 3
2974 4
2975 1
2976 3
2977 3
2978 2
2979 5
2980 3
2981 5
2982 3
2983 5
2984 5
2985 6
2986 1
2987 4
2988 3
2989 2
2990 5
2991 4
2992 1
2993 5
2994 1
2995 3
2997 1
2998 2
2999 1
3003 2
3004 2
3006 1
3007 3
3008 1
3010 1
3012 1
3013 2
3014 1
3015 2
3016 1
3018 4
3019 1
3020 2
3023 1
3024 3
3025 1
3026 2
3027 1
3028 3
3029 5
3030 3
3032 1
3033 2
3034 5
3035 1
3037 1
3038 2
3041 2
3042 4
3043 3
3044 3
3045 1
3046 1
3049 2
3051 1
3053 2
3057 1
3059 1
3061 1
3062 1
3063 3
3064 1
3066 2
3067 2
3068 2
3069 1
3070 1
3071 2
3074 1
3076 1
3077 3
3078 1
3079 2
3080 1
3081 1
3082 2
3083 1
3086 1
3087 3
3088 3
3089 2
3090 1
3093 3
3095 2
3096 4
3097 4
3098 1
3099 5
3100 2
3101 1
3102 2
3103 3
3104 2
3105 4
3106 1
3107 3
3108 6
3109 4
3110 2
3111 2
3112 3
3113 5
3114 3
3115 4
3116 6
3118 3
3119 3
3121 3
3122 4
3123 3
3124 3
3125 4
3127 3
3128 5
3129 4
3130 1
3131 3
3132 5
3133 3
3134 6
3135 2
3136 5
3137 1
3138 5
3139 2
3140 2
3141 3
3142 1
3143 4
3144 1
3145 3
3146 3
3147 3
3148 3
3149 1
3150 2
3151 3
3152 3
3153 2
3154 3
3155 2
3156 3
3157 3
3158 4
3159 3
3160 3
3161 4
3162 6
3163 3
3164 4
3165 3
3166 3
3167 2
3168 5
3169 3
3170 1
3171 5
3172 2
3173 5
3174 3
3175 3
3176 1
3177 6
3178 1
3179 5
3180 4
3181 5
3182 4
3184 5
3185 4
3186 6
3187 6
3188 7
3189 8
3190 4
3191 3
3192 7
3193 4
3194 6
3195 9
3196 6
3197 3
3198 6
3199 8
3200 5
3201 5
3202 5
3203 8
3204 5
3205 8
3206 3
3207 4
3208 5
3209 5
3210 8
3211 4
3212 5
3213 5
3214 8
3215 1
3216 6
3217 3
3218 1
3219 1
3220 6
3221 6
3222 4
3223 1
3224 2
3225 8
3226 1
3228 5
3229 4
3230 3
3231 4
3232 6
3233 2
3234 3
3235 3
3236 2
3237 2
3238 1
3239 2
3240 2
3241 3
3242 3
3243 1
3245 3
3246 6
3247 3
3248 3
3249 1
3250 4
3251 2
3252 2
3253 5
3254 2
3255 5
3256 3
3257 3
3258 2
3260 2
3261 4
3262 1
3263 3
3264 1
3265 5
3267 1
3268 1
3269 1
3270 1
3271 2
3274 1
3277 1
3278 1
3280 1
3281 1
3282 1
3289 1
3290 1
3292 2
3293 1
3294 2
3295 2
3297 1
3298 1
3299 2
3300 1
3301 1
3304 1
3306 2
3309 1
3313 1
3315 4
3317 1
3318 1
3319 2
3320 1
3321 2
3322 1
3323 1
3325 2
3327 2
3330 2
3331 1
3332 1
3333 1
3334 1
3337 2
3338 5
3339 1
3346 2
3347 2
3348 2
3349 1
3350 1
3352 2
3353 2
3354 2
3355 1
3356 2
3357 2
3358 3
3360 4
3362 3
3363 1
3365 2
3366 3
3367 1
3368 1
3369 2
3370 4
3371 3
3372 2
3373 2
3374 3
3375 3
3376 4
3378 1
3381 4
3382 2
3383 2
3384 4
3385 2
3386 2
3388 2
3389 2
3390 1
3391 1
3393 1
3395 2
3398 4
3399 5
3401 3
3402 1
3403 1
3404 1
3405 1
3406 1
3407 1
3410 1
3412 1
3413 1
3414 2
3415 1
3417 1
3420 1
3422 1
3424 1
3425 2
3427 1
3429 2
3431 1
3432 2
3434 1
3436 1
3437 1
3441 1
3442 2
3444 1
3445 4
3446 1
3447 3
3451 1
3453 1
3454 2
3456 1
3458 1
3460 1
3462 1
3474 1
3476 1
3482 1
3485 1
3486 1
3487 1
3489 1
3490 2
3493 1
3494 1
3495 1
3498 2
3499 1
3500 1
3501 2
3503 2
3504 1
3530 1
3536 1
3537 1
3555 1
3559 1
3565 1
3567 1
3573 1
3581 2
3583 1
3589 1
3591 2
3596 1
3598 1
3600 1
3603 1
3604 1
3606 1
3608 1
3610 2
3611 1
3612 1
3613 1
3614 2
3615 2
3616 1
3617 1
3618 1
3621 2
3626 1
3627 1
3631 1
3632 1
3634 2
3637 1
3640 2
3641 1
3643 1
3646 1
3648 1
3651 1
3652 2
3664 1
3667 1
3670 1
3671 1
3674 2
3676 1
3677 1
3681 1
3682 2
3685 2
3687 1
3691 1
3698 1
3701 2
3706 1
3707 1
3711 1
3712 2
3715 1
3716 1
3717 1
3719 1
3723 1
3724 1
3726 1
3732 2
3734 1
3742 1
3767 1
3768 1
3770 1
3772 1
3782 1
3783 1
3787 2
3789 1
3792 1
3793 1
3794 1
3795 2
3796 1
3797 1
3798 1
3804 1
3805 1
3806 1
3812 1
3838 1
3840 1
3846 2
3850 1
3854 1
3855 1
3858 2
3878 1
3881 1
3884 1
3887 1
3888 1
3889 1
3890 2
3897 1
3898 1
3900 1
3911 1
3917 1
3918 1
3925 1
3926 1
3929 1
3968 2
3973 1
3979 1
3982 1
4008 1
4048 1
4063 1
4069 1
4072 1
4074 2
4077 1
4078 2
4084 1
4097 1
4100 1
4121 1
4129 3
4133 2
4138 1
4148 1
4159 1
4164 1
4166 1
4168 1
4175 1
4177 2
4179 1
4180 1
4192 1
4220 1
4221 1
4223 2
4227 1
4234 1
4236 1
4242 1
4251 4
4255 1
4257 2
4259 1
4275 1
4303 1
4304 1
4308 1
4309 1
4311 1
4313 1
4314 1
4319 2
4324 2
4328 1
4331 1
4333 2
4342 1
4346 1
4351 1
4366 1
4371 1
4374 3
4377 1
4381 1
4383 1
4388 1
4401 1
4433 1
4434 1
4484 1
4522 1
4527 1
4546 1
4552 1
4553 1
4554 1
4555 1
4561 1
4565 1
4595 1
4617 1
4625 1
4638 1
4643 1
4647 1
4651 1
4665 1
4676 1
4679 1
4680 1
4683 1
4685 2
4692 1
4695 1
4701 2
4703 1
4784 1
4796 1
4857 1
4894 1
4898 1
4900 1
4903 1
4904 1
4907 1
4917 1
4918 2
4922 1
4960 1
5013 1
5053 1
5289 1
5322 1
5328 1
5331 1
5343 1
5347 1
5348 1
5366 1
5553 1
5564 1
5568 1
5571 1
5578 1
5587 1
5604 2
5610 1
5612 1
5619 1
5621 1
5622 1
5626 1
5627 1
5762 1
5775 1
5778 1
5785 1
5796 1
5804 1
5807 2
5809 1
5811 1
5814 1
5823 1
5833 1
5843 1
5866 1
5921 1
5924 1
5932 1
5950 1
6111 1
6245 1
6271 1
6298 1
6387 1
6456 1
6566 1
6660 1
6701 1
6705 1
6721 1
6722 1
6724 1
6726 1
6733 1
6766 1
6768 1
6799 1
6806 1
6868 1
7017 1
7021 1
7031 1
7037 1
7163 1
7165 1
7178 1
7184 1
7187 1
7189 1
7199 1
7209 1
7218 1
7220 2
7224 1
7225 2
7227 3
7234 1
7259 1
7262 1
7263 1
7264 1
7287 1
7296 1
7340 1
7417 1
7420 1
7433 1
7436 1
7441 1
7445 1
7457 1
7458 1
7462 1
7466 1
7469 1
7471 1
7474 1
7479 1
7481 2
7486 1
7487 1
7489 1
7495 1
7505 1
7522 1
7524 1
7525 1
7551 1
7559 1
7602 1
7625 1
7628 1
7639 1
7765 1
7819 1
7828 1
7844 1
8015 1
8077 1
8535 1
8674 1
8689 1
8702 1
8918 1
8939 2
8957 1
8958 1
8960 1
8993 1
9027 1
9175 1
9190 1
9196 2
9198 1
9217 1
9247 1
9249 1
9255 2
9271 1
9286 1
9331 1
9355 1
9547 1
9570 1
9772 1
9791 1
10001 36
