1 22025291
2 12208222
3 8117504
4 5395768
5 3333539
6 1995030
7 1292164
8 984981
9 893436
10 869238
11 851346
12 800449
13 722212
14 619838
15 510252
16 407274
17 315469
18 250591
19 209849
20 194250
21 198919
22 221666
23 257819
24 301699
25 350188
26 398103
27 443934
28 488290
29 523347
30 551737
31 571542
32 580981
33 581873
34 574796
35 562491
36 542138
37 519428
38 495232
39 468455
40 443306
41 422269
42 404646
43 389946
44 377532
45 371277
46 368041
47 368426
48 370616
49 373146
50 375087
51 376071
52 377768
53 376875
54 369468
55 361055
56 349736
57 337212
58 319486
59 300823
60 280017
61 257018
62 233633
63 210007
64 186746
65 165226
66 145075
67 126394
68 111445
69 99604
70 89379
71 81621
72 76928
73 74691
74 73809
75 74242
76 76417
77 80154
78 83524
79 86715
80 91467
81 95765
82 99593
83 102840
84 103510
85 104209
86 102724
87 102620
88 100085
89 97814
90 94457
91 90287
92 87259
93 83724
94 81354
95 79199
96 77024
97 76102
98 75179
99 76366
100 78648
101 80378
102 84170
103 88553
104 92075
105 97631
106 102986
107 107932
108 112736
109 116348
110 120671
111 123907
112 126078
113 126895
114 127773
115 127734
116 126119
117 125152
118 122558
119 119265
120 115948
121 111080
122 106114
123 101463
124 96366
125 91695
126 87066
127 82972
128 80828
129 78524
130 76716
131 76092
132 76037
133 77128
134 78197
135 80124
136 83596
137 86692
138 91388
139 94631
140 99211
141 103731
142 107518
143 111486
144 114741
145 118670
146 121644
147 123829
148 125339
149 126541
150 126663
151 125611
152 125073
153 123130
154 119950
155 116556
156 111741
157 107571
158 102327
159 96727
160 90704
161 84877
162 78853
163 73124
164 66884
165 61559
166 55697
167 49964
168 45112
169 40116
170 35310
171 31241
172 27535
173 23938
174 20791
175 17919
176 15496
177 13304
178 11521
179 9688
180 8161
181 6828
182 5804
183 4984
184 4176
185 3587
186 2855
187 2368
188 2023
189 1735
190 1425
191 1296
192 1132
193 934
194 931
195 778
196 779
197 720
198 597
199 563
200 533
201 544
202 538
203 474
204 485
205 539
206 524
207 499
208 505
209 532
210 529
211 542
212 526
213 522
214 560
215 554
216 546
217 610
218 622
219 606
220 688
221 716
222 706
223 689
224 722
225 750
226 681
227 738
228 746
229 761
230 794
231 781
232 760
233 709
234 718
235 787
236 690
237 716
238 741
239 686
240 685
241 639
242 637
243 593
244 596
245 531
246 559
247 529
248 497
249 477
250 399
251 437
252 424
253 375
254 337
255 322
256 365
257 296
258 255
259 288
260 243
261 250
262 258
263 206
264 208
265 181
266 200
267 179
268 188
269 186
270 182
271 175
272 201
273 227
274 192
275 212
276 209
277 234
278 214
279 224
280 268
281 268
282 261
283 263
284 267
285 272
286 298
287 292
288 272
289 303
290 345
291 332
292 355
293 350
294 369
295 362
296 366
297 359
298 376
299 355
300 384
301 391
302 381
303 408
304 407
305 390
306 337
307 312
308 346
309 334
310 319
311 280
312 341
313 339
314 278
315 304
316 269
317 249
318 253
319 278
320 249
321 237
322 273
323 220
324 223
325 239
326 209
327 224
328 245
329 254
330 222
331 234
332 222
333 245
334 194
335 258
336 231
337 260
338 251
339 244
340 263
341 259
342 238
343 291
344 253
345 233
346 215
347 243
348 233
349 236
350 245
351 227
352 211
353 234
354 172
355 175
356 180
357 154
358 151
359 152
360 146
361 143
362 148
363 141
364 142
365 122
366 107
367 107
368 118
369 90
370 123
371 117
372 93
373 64
374 73
375 55
376 43
377 45
378 39
379 46
380 41
381 33
382 40
383 54
384 36
385 42
386 35
387 41
388 35
389 37
390 33
391 44
392 38
393 35
394 40
395 50
396 51
397 28
398 37
399 38
400 50
401 55
402 55
403 61
404 69
405 68
406 69
407 61
408 93
409 90
410 72
411 95
412 95
413 99
414 100
415 93
416 110
417 98
418 96
419 96
420 108
421 90
422 113
423 98
424 118
425 118
426 123
427 91
428 97
429 113
430 124
431 144
432 124
433 141
434 166
435 144
436 145
437 150
438 164
439 142
440 132
441 149
442 123
443 162
444 144
445 145
446 161
447 169
448 170
449 165
450 141
451 140
452 159
453 153
454 150
455 178
456 168
457 158
458 167
459 165
460 170
461 159
462 152
463 147
464 152
465 120
466 158
467 143
468 126
469 122
470 136
471 105
472 126
473 114
474 132
475 146
476 133
477 119
478 97
479 102
480 115
481 86
482 94
483 73
484 77
485 92
486 76
487 89
488 94
489 82
490 93
491 79
492 62
493 59
494 74
495 42
496 72
497 60
498 53
499 57
500 61
501 65
502 72
503 75
504 94
505 77
506 67
507 80
508 47
509 57
510 51
511 58
512 71
513 63
514 73
515 72
516 59
517 63
518 68
519 69
520 71
521 55
522 71
523 68
524 67
525 53
526 66
527 65
528 62
529 61
530 49
531 52
532 59
533 55
534 46
535 43
536 44
537 29
538 34
539 37
540 37
541 42
542 15
543 27
544 29
545 27
546 31
547 32
548 32
549 33
550 19
551 15
552 35
553 23
554 27
555 24
556 22
557 28
558 21
559 16
560 25
561 26
562 28
563 29
564 23
565 27
566 25
567 21
568 21
569 29
570 25
571 17
572 15
573 28
574 22
575 10
576 24
577 18
578 20
579 25
580 17
581 33
582 25
583 24
584 31
585 28
586 29
587 27
588 24
589 27
590 22
591 23
592 29
593 27
594 28
595 38
596 42
597 28
598 30
599 40
600 36
601 33
602 43
603 30
604 41
605 24
606 42
607 39
608 35
609 34
610 29
611 32
612 32
613 43
614 47
615 36
616 24
617 30
618 34
619 31
620 37
621 23
622 26
623 22
624 30
625 27
626 23
627 20
628 10
629 20
630 19
631 13
632 19
633 21
634 25
635 9
636 20
637 17
638 20
639 16
640 17
641 12
642 11
643 15
644 14
645 10
646 4
647 9
648 14
649 4
650 3
651 5
652 11
653 15
654 8
655 5
656 6
657 2
658 2
659 8
660 2
661 5
662 6
663 1
664 4
665 7
666 5
667 5
668 5
669 8
670 11
671 9
672 11
673 10
674 14
675 11
676 17
677 10
678 15
679 12
680 11
681 18
682 14
683 10
684 10
685 14
686 10
687 17
688 21
689 18
690 17
691 23
692 15
693 24
694 30
695 29
696 23
697 25
698 20
699 36
700 31
701 39
702 32
703 46
704 46
705 43
706 49
707 40
708 56
709 62
710 79
711 85
712 105
713 102
714 120
715 138
716 132
717 158
718 185
719 188
720 218
721 244
722 275
723 305
724 322
725 377
726 395
727 466
728 508
729 588
730 635
731 710
732 776
733 846
734 954
735 1082
736 1145
737 1324
738 1449
739 1570
740 1772
741 1900
742 2138
743 2283
744 2484
745 2734
746 2947
747 3172
748 3420
749 3654
750 3906
751 4202
752 4548
753 4683
754 5066
755 5555
756 5894
757 6210
758 6776
759 7186
760 7734
761 8051
762 8374
763 8993
764 9656
765 10165
766 10686
767 11434
768 11870
769 12638
770 13129
771 13714
772 14244
773 15309
774 15645
775 16232
776 16903
777 17725
778 18181
779 18894
780 19848
781 20629
782 21297
783 21909
784 22603
785 23254
786 24208
787 24349
788 25060
789 25696
790 26461
791 27478
792 27416
793 28131
794 28926
795 29486
796 29801
797 30147
798 30395
799 30962
800 31932
801 31736
802 32385
803 32457
804 32783
805 32840
806 33550
807 33507
808 33966
809 33854
810 34381
811 34140
812 34300
813 34172
814 34486
815 34421
816 34728
817 34597
818 34538
819 34451
820 34452
821 34628
822 34335
823 34404
824 34387
825 34671
826 34757
827 34849
828 34502
829 34811
830 35201
831 35504
832 35235
833 35153
834 35238
835 34991
836 35572
837 35955
838 36004
839 36248
840 36501
841 36772
842 37002
843 37538
844 37639
845 37652
846 38994
847 38733
848 39463
849 39825
850 40278
851 40879
852 41102
853 41562
854 42192
855 42635
856 43054
857 43749
858 43912
859 44557
860 44863
861 45305
862 45871
863 46539
864 46625
865 46905
866 47491
867 47719
868 48103
869 48222
870 48798
871 48728
872 49109
873 48814
874 49306
875 49247
876 48775
877 49218
878 49014
879 48912
880 48831
881 48381
882 48735
883 48538
884 48085
885 48289
886 47239
887 46524
888 46153
889 45387
890 45107
891 44663
892 43385
893 43063
894 42244
895 41739
896 40494
897 40146
898 39185
899 38101
900 37033
901 36082
902 35458
903 34207
904 33415
905 32447
906 31263
907 30106
908 29566
909 28434
910 27491
911 26464
912 25448
913 24563
914 23596
915 22887
916 21978
917 20992
918 20043
919 19120
920 18242
921 17075
922 16231
923 15764
924 14769
925 14172
926 13466
927 12806
928 12059
929 11322
930 10847
931 10197
932 9713
933 9192
934 8480
935 8117
936 7775
937 7143
938 6654
939 6252
940 5960
941 5473
942 5136
943 4711
944 4359
945 4093
946 3798
947 3527
948 3273
949 3032
950 2862
951 2657
952 2422
953 2284
954 2089
955 1907
956 1741
957 1598
958 1454
959 1293
960 1194
961 1077
962 1041
963 894
964 811
965 788
966 651
967 624
968 579
969 508
970 505
971 469
972 391
973 390
974 329
975 313
976 268
977 249
978 203
979 202
980 186
981 146
982 146
983 128
984 100
985 128
986 95
987 96
988 74
989 79
990 67
991 58
992 45
993 37
994 49
995 27
996 35
997 35
998 23
999 28
1000 30
1001 29
1002 33
1003 33
1004 24
1005 18
1006 14
1007 15
1008 22
1009 12
1010 17
1011 17
1012 21
1013 19
1014 16
1015 17
1016 21
1017 21
1018 20
1019 21
1020 20
1021 16
1022 27
1023 21
1024 14
1025 17
1026 20
1027 21
1028 18
1029 25
1030 33
1031 20
1032 28
1033 25
1034 29
1035 29
1036 22
1037 38
1038 34
1039 18
1040 32
1041 30
1042 29
1043 27
1044 24
1045 34
1046 14
1047 19
1048 21
1049 26
1050 24
1051 23
1052 24
1053 26
1054 20
1055 25
1056 15
1057 23
1058 25
1059 24
1060 27
1061 25
1062 27
1063 26
1064 29
1065 31
1066 28
1067 32
1068 26
1069 30
1070 26
1071 34
1072 23
1073 32
1074 18
1075 27
1076 35
1077 19
1078 19
1079 36
1080 21
1081 13
1082 23
1083 27
1084 16
1085 16
1086 10
1087 17
1088 13
1089 19
1090 24
1091 11
1092 11
1093 14
1094 17
1095 22
1096 16
1097 13
1098 12
1099 15
1100 11
1101 11
1102 13
1103 19
1104 16
1105 19
1106 17
1107 14
1108 14
1109 18
1110 10
1111 12
1112 10
1113 16
1114 18
1115 21
1116 19
1117 14
1118 7
1119 11
1120 17
1121 16
1122 15
1123 24
1124 17
1125 11
1126 13
1127 6
1128 19
1129 21
1130 11
1131 27
1132 19
1133 16
1134 15
1135 15
1136 18
1137 23
1138 20
1139 17
1140 22
1141 22
1142 23
1143 17
1144 17
1145 25
1146 16
1147 20
1148 16
1149 26
1150 25
1151 21
1152 25
1153 20
1154 19
1155 19
1156 24
1157 22
1158 20
1159 19
1160 19
1161 20
1162 20
1163 21
1164 14
1165 27
1166 18
1167 21
1168 19
1169 20
1170 17
1171 17
1172 10
1173 13
1174 21
1175 24
1176 12
1177 18
1178 16
1179 14
1180 15
1181 20
1182 19
1183 17
1184 19
1185 18
1186 19
1187 14
1188 16
1189 14
1190 11
1191 18
1192 10
1193 11
1194 13
1195 19
1196 10
1197 9
1198 11
1199 11
1200 8
1201 8
1202 7
1203 6
1204 9
1205 14
1206 11
1207 9
1208 10
1209 11
1210 14
1211 15
1212 13
1213 9
1214 12
1215 8
1216 10
1217 9
1218 13
1219 9
1220 10
1221 15
1222 11
1223 11
1224 9
1225 8
1226 8
1227 8
1228 10
1229 6
1230 7
1231 5
1232 9
1233 4
1234 9
1235 5
1236 3
1237 8
1238 9
1239 5
1240 6
1241 2
1242 9
1243 10
1244 4
1245 9
1246 11
1247 8
1248 9
1249 4
1250 11
1251 6
1252 5
1253 2
1254 6
1255 3
1256 4
1257 2
1258 7
1259 3
1260 2
1261 3
1262 11
1263 6
1264 4
1265 3
1266 3
1267 6
1268 5
1269 5
1270 3
1271 7
1272 8
1273 7
1274 5
1275 7
1276 3
1277 4
1278 8
1279 6
1280 4
1281 4
1282 4
1283 7
1284 5
1285 8
1286 5
1287 3
1288 6
1289 5
1290 7
1291 1
1292 4
1293 6
1294 4
1295 1
1296 6
1297 2
1298 3
1299 1
1300 1
1301 4
1302 4
1303 1
1304 4
1306 1
1307 3
1308 1
1309 2
1310 1
1311 1
1312 3
1313 7
1314 2
1315 3
1316 4
1317 6
1318 3
1319 8
1320 6
1321 6
1322 6
1323 4
1324 9
1325 14
1326 5
1327 10
1328 9
1329 7
1330 6
1331 11
1332 11
1333 17
1334 12
1335 5
1336 5
1337 9
1338 10
1339 4
1340 5
1341 7
1342 6
1343 4
1344 3
1345 4
1346 5
1347 1
1348 4
1349 5
1350 3
1351 5
1352 3
1353 4
1354 4
1355 9
1356 6
1357 5
1358 4
1359 6
1360 8
1361 5
1362 6
1363 5
1364 3
1365 6
1366 3
1367 3
1369 2
1370 2
1371 3
1372 5
1373 2
1374 3
1375 2
1376 3
1377 3
1378 6
1379 2
1380 6
1381 2
1382 4
1383 2
1384 4
1385 3
1386 2
1387 1
1388 7
1389 3
1390 5
1391 5
1392 4
1394 4
1395 3
1396 4
1397 3
1398 5
1399 7
1400 6
1401 4
1402 6
1403 11
1404 8
1405 9
1406 6
1407 12
1408 9
1409 8
1410 6
1411 6
1412 9
1413 3
1414 6
1415 7
1416 3
1417 5
1418 8
1419 5
1420 2
1421 2
1422 1
1423 6
1424 1
1426 2
1427 3
1428 2
1429 2
1432 2
1433 5
1435 3
1436 5
1437 2
1438 2
1440 2
1441 1
1442 3
1444 2
1445 1
1447 2
1448 2
1450 1
1451 2
1453 1
1454 1
1455 1
1457 2
1458 3
1459 5
1460 1
1462 1
1463 2
1472 1
1473 1
1474 2
1475 1
1476 1
1477 1
1478 2
1479 2
1481 2
1482 2
1483 3
1484 1
1486 1
1487 2
1488 2
1490 1
1491 1
1496 1
1498 1
1500 1
1502 1
1504 1
1506 3
1507 1
1508 2
1509 4
1510 6
1511 3
1512 3
1513 4
1514 6
1515 6
1516 4
1517 9
1518 2
1519 9
1520 11
1521 11
1522 4
1523 8
1524 13
1525 12
1526 12
1527 12
1528 15
1529 12
1530 14
1531 12
1532 11
1533 19
1534 15
1535 18
1536 19
1537 17
1538 20
1539 26
1540 31
1541 38
1542 26
1543 23
1544 34
1545 36
1546 39
1547 44
1548 45
1549 36
1550 49
1551 46
1552 51
1553 35
1554 50
1555 47
1556 46
1557 52
1558 54
1559 50
1560 68
1561 75
1562 73
1563 64
1564 59
1565 66
1566 77
1567 80
1568 79
1569 77
1570 87
1571 84
1572 84
1573 96
1574 88
1575 87
1576 87
1577 100
1578 95
1579 96
1580 110
1581 108
1582 127
1583 140
1584 123
1585 136
1586 128
1587 132
1588 135
1589 134
1590 144
1591 117
1592 155
1593 146
1594 165
1595 149
1596 132
1597 146
1598 150
1599 126
1600 143
1601 167
1602 150
1603 151
1604 166
1605 144
1606 130
1607 174
1608 174
1609 162
1610 176
1611 146
1612 171
1613 152
1614 175
1615 147
1616 171
1617 135
1618 171
1619 156
1620 160
1621 166
1622 146
1623 171
1624 143
1625 170
1626 150
1627 139
1628 160
1629 150
1630 130
1631 133
1632 135
1633 165
1634 150
1635 143
1636 142
1637 119
1638 155
1639 131
1640 131
1641 107
1642 120
1643 139
1644 130
1645 132
1646 134
1647 116
1648 127
1649 129
1650 106
1651 114
1652 108
1653 88
1654 106
1655 94
1656 112
1657 99
1658 101
1659 91
1660 115
1661 101
1662 101
1663 91
1664 100
1665 106
1666 97
1667 90
1668 93
1669 96
1670 96
1671 91
1672 73
1673 83
1674 90
1675 77
1676 77
1677 76
1678 85
1679 89
1680 70
1681 73
1682 71
1683 90
1684 72
1685 74
1686 72
1687 72
1688 84
1689 64
1690 65
1691 74
1692 68
1693 85
1694 85
1695 93
1696 59
1697 86
1698 74
1699 81
1700 103
1701 57
1702 84
1703 75
1704 86
1705 87
1706 82
1707 68
1708 90
1709 87
1710 110
1711 66
1712 83
1713 90
1714 102
1715 73
1716 89
1717 97
1718 90
1719 101
1720 108
1721 108
1722 104
1723 104
1724 101
1725 119
1726 112
1727 118
1728 120
1729 121
1730 136
1731 159
1732 139
1733 129
1734 134
1735 134
1736 160
1737 189
1738 141
1739 162
1740 151
1741 156
1742 157
1743 159
1744 168
1745 148
1746 185
1747 163
1748 169
1749 160
1750 159
1751 176
1752 166
1753 160
1754 171
1755 155
1756 176
1757 158
1758 152
1759 155
1760 174
1761 156
1762 175
1763 148
1764 167
1765 161
1766 141
1767 171
1768 143
1769 170
1770 163
1771 140
1772 178
1773 132
1774 160
1775 148
1776 170
1777 141
1778 150
1779 133
1780 124
1781 122
1782 117
1783 131
1784 131
1785 128
1786 127
1787 120
1788 131
1789 142
1790 118
1791 112
1792 115
1793 94
1794 106
1795 99
1796 108
1797 108
1798 110
1799 100
1800 83
1801 103
1802 94
1803 111
1804 97
1805 91
1806 92
1807 101
1808 67
1809 64
1810 81
1811 69
1812 75
1813 70
1814 47
1815 63
1816 72
1817 73
1818 69
1819 65
1820 66
1821 59
1822 64
1823 37
1824 60
1825 48
1826 43
1827 47
1828 39
1829 49
1830 40
1831 42
1832 42
1833 28
1834 37
1835 27
1836 36
1837 29
1838 19
1839 28
1840 29
1841 20
1842 36
1843 21
1844 28
1845 19
1846 18
1847 24
1848 14
1849 16
1850 18
1851 16
1852 18
1853 10
1854 19
1855 11
1856 20
1857 12
1858 11
1859 6
1860 14
1861 10
1862 13
1863 11
1864 14
1865 8
1866 9
1867 6
1868 13
1869 9
1870 11
1871 6
1872 6
1873 6
1874 7
1875 3
1876 9
1877 9
1878 9
1879 5
1880 7
1881 6
1882 7
1883 3
1884 4
1885 4
1886 7
1887 5
1888 2
1889 4
1890 3
1891 2
1892 4
1893 3
1894 4
1895 2
1896 5
1897 1
1898 3
1899 1
1900 5
1901 3
1902 6
1903 3
1904 3
1905 7
1906 3
1907 3
1908 3
1909 2
1910 2
1911 4
1912 8
1913 4
1914 3
1916 3
1917 5
1918 7
1919 2
1920 3
1921 4
1922 5
1924 6
1925 5
1926 7
1927 2
1928 4
1929 2
1930 2
1931 3
1932 3
1933 5
1934 3
1935 5
1936 6
1937 1
1938 5
1939 5
1940 2
1941 3
1942 6
1943 13
1944 4
1945 7
1946 6
1947 9
1948 4
1949 7
1950 9
1951 6
1952 3
1953 8
1954 6
1955 8
1956 7
1957 7
1958 6
1959 11
1960 8
1961 6
1962 6
1963 9
1964 7
1965 3
1966 4
1967 5
1968 3
1969 4
1970 1
1971 5
1972 3
1973 6
1975 2
1976 3
1977 7
1978 7
1979 5
1980 6
1981 2
1982 3
1983 7
1984 3
1985 3
1986 4
1987 3
1988 1
1989 5
1990 4
1991 4
1992 5
1993 9
1994 9
1995 1
1996 5
1997 12
1998 9
1999 5
2000 6
2001 6
2002 4
2003 3
2004 4
2005 2
2006 4
2007 1
2008 11
2009 6
2010 4
2011 6
2012 2
2013 2
2014 6
2015 7
2016 4
2017 7
2018 8
2019 8
2020 4
2021 4
2022 8
2023 6
2024 2
2025 3
2026 5
2027 3
2028 8
2029 2
2030 5
2031 4
2032 4
2033 7
2034 4
2035 7
2036 3
2037 8
2038 7
2039 7
2040 4
2041 3
2042 3
2043 5
2044 7
2045 7
2046 4
2047 6
2048 6
2049 5
2050 10
2051 6
2052 5
2053 6
2054 2
2055 6
2056 3
2057 8
2058 3
2059 4
2060 8
2061 4
2062 2
2063 3
2064 6
2065 3
2066 3
2067 9
2068 4
2069 2
2070 3
2071 3
2072 7
2073 5
2074 6
2075 4
2076 5
2077 9
2078 6
2079 8
2080 2
2081 3
2082 2
2083 7
2084 2
2085 3
2086 6
2087 3
2088 4
2089 2
2090 7
2091 2
2092 4
2093 2
2094 2
2095 5
2096 3
2097 5
2098 2
2099 5
2100 5
2101 3
2102 3
2103 6
2104 3
2105 5
2106 3
2107 3
2108 3
2109 5
2110 2
2111 4
2112 5
2113 1
2114 4
2115 5
2116 1
2117 3
2118 5
2119 5
2120 3
2121 2
2122 3
2123 4
2124 5
2125 2
2126 2
2127 4
2128 3
2129 4
2130 1
2131 4
2132 2
2133 4
2134 2
2135 3
2136 2
2137 3
2138 3
2139 4
2140 3
2141 2
2142 6
2143 1
2144 1
2145 3
2146 3
2147 6
2148 2
2149 7
2150 3
2151 4
2152 6
2153 5
2154 3
2155 3
2156 5
2157 3
2158 1
2159 2
2160 4
2161 3
2162 3
2164 2
2165 1
2166 5
2167 3
2168 2
2171 1
2172 3
2173 3
2174 4
2175 1
2176 3
2178 2
2179 1
2180 2
2181 2
2182 2
2183 1
2184 1
2185 4
2186 9
2187 1
2188 5
2189 3
2191 1
2192 3
2193 3
2195 4
2196 1
2197 2
2199 3
2200 5
2201 1
2202 1
2203 3
2204 1
2205 2
2206 2
2207 3
2208 5
2209 2
2211 3
2212 2
2213 3
2214 2
2215 4
2216 6
2217 3
2219 3
2221 3
2222 1
2223 5
2224 3
2225 6
2226 2
2227 5
2228 2
2229 4
2230 4
2232 1
2233 5
2234 5
2235 1
2236 2
2237 4
2238 3
2239 2
2240 5
2241 4
2242 7
2243 5
2244 3
2245 4
2246 7
2247 6
2248 5
2249 7
2250 6
2251 6
2252 5
2253 6
2254 2
2255 5
2256 3
2257 5
2258 6
2259 4
2260 7
2261 6
2262 5
2264 5
2265 6
2266 2
2267 4
2268 3
2269 4
2270 4
2271 1
2272 7
2273 2
2274 4
2275 1
2276 6
2277 5
2278 2
2279 2
2281 6
2282 7
2283 3
2284 6
2285 4
2286 3
2287 7
2288 6
2289 3
2290 4
2291 7
2292 6
2293 11
2294 4
2295 4
2296 6
2297 3
2298 4
2299 7
2300 5
2301 10
2302 5
2303 6
2304 3
2305 5
2306 7
2307 3
2308 12
2309 13
2310 6
2311 11
2312 13
2313 9
2314 12
2315 11
2316 14
2317 12
2318 5
2319 10
2320 13
2321 10
2322 24
2323 14
2324 11
2325 12
2326 14
2327 11
2328 15
2329 17
2330 12
2331 15
2332 14
2333 18
2334 17
2335 18
2336 23
2337 25
2338 18
2339 24
2340 19
2341 28
2342 30
2343 33
2344 28
2345 32
2346 38
2347 36
2348 37
2349 36
2350 40
2351 43
2352 50
2353 49
2354 40
2355 40
2356 47
2357 38
2358 41
2359 55
2360 53
2361 41
2362 49
2363 50
2364 52
2365 49
2366 52
2367 50
2368 45
2369 55
2370 67
2371 57
2372 57
2373 73
2374 61
2375 57
2376 75
2377 64
2378 63
2379 59
2380 66
2381 74
2382 65
2383 67
2384 61
2385 58
2386 68
2387 66
2388 65
2389 62
2390 62
2391 55
2392 66
2393 52
2394 53
2395 72
2396 65
2397 59
2398 74
2399 78
2400 77
2401 72
2402 72
2403 91
2404 85
2405 70
2406 83
2407 71
2408 75
2409 70
2410 86
2411 78
2412 76
2413 66
2414 68
2415 75
2416 84
2417 79
2418 75
2419 73
2420 69
2421 87
2422 80
2423 65
2424 74
2425 86
2426 77
2427 86
2428 74
2429 92
2430 73
2431 87
2432 80
2433 86
2434 78
2435 87
2436 73
2437 97
2438 69
2439 62
2440 71
2441 71
2442 81
2443 78
2444 68
2445 75
2446 69
2447 67
2448 77
2449 76
2450 61
2451 82
2452 73
2453 88
2454 75
2455 78
2456 78
2457 74
2458 66
2459 81
2460 65
2461 77
2462 66
2463 67
2464 53
2465 69
2466 59
2467 52
2468 46
2469 65
2470 43
2471 49
2472 44
2473 34
2474 47
2475 42
2476 46
2477 50
2478 50
2479 50
2480 46
2481 43
2482 46
2483 49
2484 48
2485 50
2486 45
2487 39
2488 35
2489 24
2490 32
2491 17
2492 44
2493 30
2494 36
2495 23
2496 26
2497 24
2498 26
2499 36
2500 23
2501 33
2502 27
2503 24
2504 28
2505 26
2506 25
2507 24
2508 14
2509 16
2510 15
2511 21
2512 16
2513 17
2514 22
2515 11
2516 15
2517 10
2518 11
2519 15
2520 19
2521 14
2522 10
2523 16
2524 15
2525 10
2526 11
2527 9
2528 10
2529 13
2530 10
2531 10
2532 13
2533 11
2534 8
2535 7
2536 8
2537 7
2538 10
2539 8
2540 9
2541 11
2542 7
2543 5
2544 5
2545 5
2546 3
2547 5
2548 4
2549 4
2550 6
2551 1
2552 5
2553 9
2554 6
2555 5
2556 4
2557 2
2558 4
2559 6
2560 6
2561 6
2562 3
2563 6
2564 5
2565 6
2566 7
2567 5
2568 8
2569 4
2570 13
2571 13
2572 9
2573 11
2574 8
2575 14
2576 9
2577 8
2578 5
2579 4
2580 8
2581 8
2582 4
2583 12
2584 2
2585 8
2586 13
2587 4
2588 8
2589 6
2590 6
2591 6
2592 10
2593 5
2594 7
2595 9
2596 5
2597 11
2598 5
2599 11
2600 11
2601 9
2602 7
2603 14
2604 8
2605 10
2606 11
2607 8
2608 17
2609 9
2610 9
2611 12
2612 14
2613 6
2614 13
2615 15
2616 12
2617 8
2618 14
2619 14
2620 12
2621 7
2622 7
2623 8
2624 13
2625 9
2626 8
2627 9
2628 8
2629 11
2630 15
2631 8
2632 9
2633 10
2634 14
2635 8
2636 7
2637 9
2638 12
2639 9
2640 11
2641 15
2642 12
2643 14
2644 13
2645 10
2646 11
2647 6
2648 12
2649 5
2650 14
2651 9
2652 7
2653 4
2654 9
2655 2
2656 4
2657 6
2658 6
2659 7
2660 6
2661 4
2662 10
2663 10
2664 10
2665 8
2666 15
2667 11
2668 7
2669 10
2670 8
2671 6
2672 6
2673 8
2674 6
2675 7
2676 9
2677 5
2678 7
2679 10
2680 13
2681 4
2682 6
2683 8
2684 5
2685 7
2686 6
2687 13
2688 4
2689 4
2690 5
2691 8
2692 11
2693 7
2694 5
2695 12
2696 16
2697 10
2698 6
2699 8
2700 9
2701 5
2702 8
2703 6
2704 11
2705 5
2706 7
2707 6
2708 6
2709 4
2710 9
2711 6
2712 5
2713 4
2714 8
2715 2
2716 1
2717 4
2718 2
2719 1
2720 4
2721 5
2722 3
2723 2
2724 4
2725 2
2726 2
2727 3
2728 3
2729 3
2730 5
2731 3
2732 6
2733 5
2734 6
2735 2
2736 5
2737 1
2738 6
2739 6
2740 4
2741 3
2742 5
2743 4
2744 6
2745 4
2746 6
2747 3
2748 6
2749 3
2750 6
2751 6
2752 6
2753 9
2754 4
2755 3
2756 3
2757 5
2758 5
2759 2
2760 6
2761 7
2762 6
2763 5
2764 9
2765 4
2766 1
2767 7
2768 6
2769 3
2770 6
2771 3
2772 5
2773 8
2774 3
2775 9
2776 5
2777 4
2778 5
2779 4
2781 7
2782 5
2783 3
2784 2
2785 7
2786 4
2787 3
2788 4
2789 3
2790 5
2791 6
2792 3
2793 5
2794 5
2795 16
2796 4
2797 4
2798 8
2800 8
2801 7
2802 2
2803 9
2804 5
2805 5
2806 8
2807 8
2808 5
2809 7
2810 6
2811 14
2812 7
2813 12
2814 5
2815 8
2816 9
2817 8
2818 7
2819 6
2820 12
2821 5
2822 9
2823 10
2824 8
2825 8
2826 8
2827 6
2828 8
2829 10
2830 13
2831 4
2832 12
2833 5
2834 7
2835 9
2836 6
2837 4
2838 12
2839 7
2840 7
2841 5
2842 4
2843 4
2844 12
2845 10
2846 9
2847 4
2848 6
2849 6
2850 2
2851 8
2852 3
2853 3
2854 5
2855 1
2856 10
2857 4
2858 4
2859 4
2860 5
2861 7
2862 1
2863 3
2864 3
2865 3
2866 3
2867 8
2868 3
2869 5
2870 4
2871 9
2872 6
2874 5
2875 2
2876 2
2877 4
2878 2
2879 4
2880 4
2881 2
2882 3
2883 5
2884 6
2885 3
2886 6
2887 2
2888 6
2889 3
2890 4
2891 3
2892 3
2893 2
2894 2
2895 5
2896 6
2897 1
2898 4
2899 4
2900 1
2901 3
2902 3
2903 3
2905 1
2906 2
2907 1
2908 2
2909 1
2910 2
2911 1
2913 1
2915 1
2918 3
2920 1
2921 1
2925 1
2928 3
2929 1
2931 1
2934 1
2938 1
2943 2
2945 1
2949 1
2950 1
2952 1
2953 1
2955 1
2957 1
2958 2
2966 1
2974 1
2982 1
2986 1
2987 1
2992 1
2993 1
3010 1
3022 1
3035 1
3040 1
3043 1
3052 1
3058 1
3060 1
3061 2
3062 1
3063 1
3064 1
3065 1
3066 1
3068 1
3074 1
3075 3
3076 1
3077 2
3078 2
3079 1
3080 1
3081 2
3082 4
3083 6
3084 1
3086 1
3087 1
3088 3
3089 1
3090 2
3091 3
3092 3
3093 1
3094 4
3095 5
3096 1
3097 2
3098 2
3099 3
3101 6
3102 2
3103 2
3104 8
3105 2
3106 2
3107 3
3108 2
3109 2
3110 5
3111 2
3112 2
3113 4
3114 10
3115 4
3116 3
3117 4
3118 4
3119 4
3120 2
3121 2
3122 6
3123 6
3124 5
3125 3
3126 5
3127 4
3128 8
3129 5
3130 3
3131 3
3132 5
3133 5
3134 4
3135 5
3136 4
3137 2
3138 6
3139 6
3140 3
3141 6
3142 4
3143 11
3144 12
3145 8
3146 8
3147 8
3148 8
3149 11
3150 6
3151 14
3152 14
3153 8
3154 6
3155 9
3156 13
3157 13
3158 10
3159 11
3160 11
3161 11
3162 14
3163 15
3164 22
3165 16
3166 10
3167 16
3168 19
3169 12
3170 19
3171 16
3172 22
3173 23
3174 19
3175 21
3176 15
3177 13
3178 15
3179 21
3180 21
3181 14
3182 8
3183 27
3184 17
3185 12
3186 13
3187 15
3188 9
3189 17
3190 20
3191 15
3192 23
3193 16
3194 13
3195 21
3196 18
3197 16
3198 16
3199 21
3200 17
3201 18
3202 21
3203 20
3204 17
3205 25
3206 29
3207 21
3208 27
3209 29
3210 35
3211 24
3212 10
3213 23
3214 17
3215 17
3216 26
3217 20
3218 14
3219 16
3220 19
3221 25
3222 21
3223 23
3224 21
3225 22
3226 15
3227 29
3228 29
3229 18
3230 20
3231 25
3232 23
3233 30
3234 19
3235 25
3236 21
3237 22
3238 22
3239 21
3240 34
3241 22
3242 18
3243 20
3244 18
3245 20
3246 21
3247 12
3248 25
3249 16
3250 20
3251 17
3252 20
3253 22
3254 16
3255 22
3256 29
3257 19
3258 12
3259 15
3260 18
3261 25
3262 20
3263 22
3264 13
3265 21
3266 19
3267 16
3268 15
3269 21
3270 19
3271 12
3272 11
3273 13
3274 14
3275 21
3276 15
3277 13
3278 14
3279 16
3280 10
3281 10
3282 13
3283 19
3284 26
3285 13
3286 10
3287 12
3288 16
3289 8
3290 5
3291 12
3292 10
3293 6
3294 11
3295 8
3296 9
3297 15
3298 9
3299 12
3300 8
3301 8
3302 6
3303 7
3304 7
3305 9
3306 4
3307 15
3308 10
3309 12
3310 7
3311 10
3312 9
3313 9
3314 7
3315 5
3316 4
3317 9
3318 3
3319 6
3320 5
3321 5
3322 4
3323 6
3324 5
3325 5
3326 2
3327 5
3328 4
3329 1
3330 5
3331 5
3332 9
3333 4
3334 5
3336 6
3337 7
3338 2
3339 5
3340 4
3341 4
3342 3
3343 2
3344 1
3345 1
3346 3
3347 4
3348 3
3349 3
3350 6
3351 3
3352 2
3353 1
3354 7
3355 2
3356 3
3357 1
3358 1
3359 1
3360 3
3361 3
3362 3
3363 3
3365 3
3366 2
3367 7
3370 2
3371 1
3372 2
3373 1
3375 2
3376 2
3377 1
3378 2
3379 2
3380 4
3381 1
3382 4
3383 2
3384 2
3385 2
3386 2
3387 2
3388 1
3389 4
3390 10
3391 3
3392 5
3393 3
3394 9
3395 6
3397 2
3398 3
3399 2
3400 2
3401 5
3402 6
3403 5
3404 5
3405 8
3406 2
3407 10
3408 4
3409 9
3410 8
3411 11
3412 12
3413 6
3414 9
3415 8
3416 8
3417 12
3418 7
3419 6
3420 9
3421 9
3422 9
3423 5
3424 10
3425 9
3426 14
3427 12
3428 15
3429 16
3430 8
3431 15
3432 12
3433 8
3434 18
3435 16
3436 6
3437 12
3438 9
3439 15
3440 21
3441 15
3442 21
3443 16
3444 12
3445 13
3446 9
3447 12
3448 9
3449 5
3450 7
3451 12
3452 8
3453 11
3454 13
3455 4
3456 4
3457 7
3458 10
3459 12
3460 6
3461 8
3462 5
3463 8
3464 3
3465 5
3466 6
3467 6
3468 7
3469 5
3470 10
3471 7
3472 12
3473 11
3474 10
3475 9
3476 9
3477 6
3478 8
3479 10
3480 7
3481 3
3482 3
3483 15
3484 9
3485 9
3486 9
3487 15
3488 7
3489 13
3490 9
3491 5
3492 20
3493 10
3494 9
3495 12
3496 20
3497 13
3498 17
3499 9
3500 10
3501 13
3502 20
3503 16
3504 24
3505 24
3506 11
3507 18
3508 18
3509 15
3510 22
3511 21
3512 15
3513 28
3514 16
3515 21
3516 23
3517 17
3518 17
3519 18
3520 14
3521 19
3522 16
3523 16
3524 21
3525 25
3526 20
3527 22
3528 20
3529 19
3530 20
3531 14
3532 21
3533 24
3534 22
3535 16
3536 12
3537 18
3538 17
3539 23
3540 20
3541 26
3542 22
3543 16
3544 26
3545 14
3546 15
3547 14
3548 19
3549 26
3550 14
3551 26
3552 20
3553 21
3554 12
3555 10
3556 17
3557 19
3558 16
3559 18
3560 16
3561 21
3562 14
3563 22
3564 20
3565 19
3566 16
3567 15
3568 24
3569 15
3570 11
3571 23
3572 20
3573 15
3574 17
3575 19
3576 13
3577 21
3578 25
3579 10
3580 16
3581 16
3582 15
3583 16
3584 10
3585 17
3586 12
3587 13
3588 12
3589 11
3590 11
3591 11
3592 13
3593 12
3594 11
3595 9
3596 6
3597 6
3598 8
3599 14
3600 5
3601 4
3602 11
3603 7
3604 10
3605 7
3606 12
3607 9
3608 7
3609 14
3610 10
3611 14
3612 3
3613 3
3614 11
3615 10
3616 4
3617 6
3618 6
3619 5
3620 10
3621 6
3622 4
3623 9
3624 3
3625 9
3626 5
3627 7
3628 5
3629 3
3630 5
3631 11
3632 5
3633 5
3634 2
3635 7
3636 3
3637 4
3638 10
3639 8
3640 9
3641 10
3642 3
3643 10
3644 7
3645 6
3646 5
3647 3
3648 6
3649 9
3650 2
3652 5
3653 7
3654 3
3655 2
3656 3
3657 3
3658 3
3659 1
3660 1
3661 2
3662 3
3663 2
3664 1
3665 1
3666 3
3669 1
3670 1
3671 1
3672 1
3680 1
3681 1
3685 1
3686 1
3690 1
3694 1
3697 1
3719 1
3722 1
3728 1
3730 1
3731 1
3732 2
3735 1
3736 1
3737 1
3738 1
3784 1
3790 1
3835 1
3841 1
3843 1
3884 1
3885 1
3888 1
3889 1
3891 1
3896 1
3897 2
3900 1
3901 2
3903 1
3904 1
3907 1
3909 3
3910 1
3912 3
3914 2
3915 1
3916 1
3917 1
3918 2
3920 1
3921 2
3924 3
3925 3
3927 4
3928 2
3929 2
3930 1
3931 4
3932 5
3933 5
3934 3
3935 5
3936 3
3937 3
3938 3
3939 1
3940 4
3941 1
3942 2
3943 3
3944 4
3945 5
3946 6
3947 4
3948 5
3949 4
3950 3
3952 4
3953 8
3954 1
3955 4
3956 5
3957 6
3958 3
3959 6
3960 6
3961 3
3962 9
3963 5
3964 7
3965 9
3966 6
3967 8
3968 3
3969 9
3970 6
3971 4
3972 7
3973 8
3974 3
3975 6
3976 5
3977 13
3978 9
3979 8
3980 11
3981 11
3982 15
3983 12
3984 10
3985 12
3986 13
3987 15
3988 7
3989 10
3990 12
3991 14
3992 19
3993 20
3994 10
3995 15
3996 14
3997 13
3998 14
3999 12
4000 22
4001 15
4002 19
4003 14
4004 20
4005 10
4006 16
4007 20
4008 23
4009 16
4010 14
4011 21
4012 16
4013 12
4014 15
4015 17
4016 16
4017 16
4018 15
4019 17
4020 9
4021 19
4022 16
4023 10
4024 23
4025 19
4026 19
4027 16
4028 14
4029 20
4030 17
4031 26
4032 21
4033 19
4034 12
4035 21
4036 23
4037 25
4038 16
4039 17
4040 19
4041 16
4042 20
4043 29
4044 15
4045 20
4046 20
4047 26
4048 11
4049 20
4050 17
4051 22
4052 13
4053 13
4054 22
4055 21
4056 17
4057 14
4058 17
4059 15
4060 10
4061 14
4062 18
4063 19
4064 6
4065 15
4066 12
4067 15
4068 11
4069 16
4070 12
4071 13
4072 10
4073 11
4074 8
4075 13
4076 11
4077 6
4078 4
4079 4
4080 8
4081 8
4082 7
4083 7
4084 6
4085 3
4086 7
4087 5
4088 9
4089 10
4090 3
4091 6
4092 7
4093 5
4094 8
4095 7
4096 8
4097 6
4098 6
4099 7
4100 5
4101 8
4102 6
4103 9
4104 11
4105 7
4106 5
4107 5
4108 4
4109 8
4110 4
4111 9
4112 7
4113 6
4114 5
4115 9
4116 7
4117 3
4119 4
4120 6
4121 8
4122 3
4123 2
4124 5
4125 1
4126 3
4127 2
4128 1
4129 4
4130 5
4131 4
4132 3
4133 3
4134 2
4135 3
4136 4
4137 5
4138 2
4139 1
4141 3
4142 2
4143 2
4144 5
4145 4
4146 4
4147 4
4148 5
4149 5
4150 2
4151 2
4152 5
4153 1
4154 2
4155 3
4156 1
4157 2
4158 2
4159 2
4160 1
4161 3
4162 2
4163 2
4164 2
4166 1
4167 1
4168 4
4169 3
4170 1
4171 4
4172 2
4173 5
4174 2
4175 2
4176 3
4177 3
4179 1
4180 1
4181 1
4182 1
4185 1
4186 1
4187 1
4189 1
4190 2
4192 2
4194 1
4195 1
4198 1
4199 1
4201 1
4205 1
4209 1
4214 1
4215 1
4216 1
4217 1
4245 2
4250 1
4252 2
4253 2
4254 2
4255 1
4256 1
4257 1
4259 1
4263 1
4264 1
4265 2
4268 1
4270 1
4271 1
4272 1
4275 1
4276 1
4278 3
4279 3
4281 2
4282 1
4283 1
4284 2
4285 3
4286 1
4287 1
4289 3
4290 1
4291 2
4293 2
4294 1
4295 1
4296 1
4297 1
4298 2
4299 3
4300 4
4301 2
4302 2
4303 1
4304 5
4305 1
4306 4
4307 1
4310 5
4311 4
4313 3
4314 2
4315 4
4316 3
4317 3
4318 4
4319 7
4320 2
4321 3
4322 2
4323 2
4324 3
4325 2
4326 4
4327 4
4328 5
4329 1
4330 1
4331 3
4332 3
4333 7
4334 6
4335 3
4336 5
4337 7
4338 3
4339 7
4340 4
4341 6
4342 5
4343 4
4344 4
4345 4
4346 3
4347 7
4348 4
4349 7
4350 6
4351 5
4352 7
4353 10
4354 7
4355 6
4356 10
4357 10
4358 9
4359 6
4360 5
4361 12
4362 11
4363 8
4364 9
4365 14
4366 12
4367 14
4368 12
4369 10
4370 9
4371 11
4372 14
4373 12
4374 13
4375 10
4376 6
4377 11
4378 10
4379 4
4380 10
4381 12
4382 8
4383 13
4384 11
4385 13
4386 16
4387 10
4388 7
4389 2
4390 8
4391 12
4392 10
4393 4
4394 9
4395 3
4396 13
4397 14
4398 9
4399 8
4400 6
4401 4
4402 9
4403 4
4404 7
4405 11
4406 7
4407 7
4408 10
4409 7
4410 10
4411 9
4412 9
4413 7
4414 5
4415 4
4416 6
4417 4
4418 2
4419 7
4420 7
4421 3
4422 4
4423 8
4424 5
4425 10
4426 3
4427 2
4428 3
4429 4
4430 2
4431 6
4432 4
4433 2
4434 4
4435 2
4436 4
4437 7
4438 2
4439 1
4440 2
4441 8
4442 4
4443 2
4444 4
4445 2
4446 4
4447 5
4448 4
4449 6
4450 6
4451 6
4452 5
4453 3
4454 4
4455 3
4456 4
4457 4
4458 2
4459 3
4460 4
4461 4
4462 2
4464 4
4465 3
4466 4
4467 2
4468 4
4469 2
4470 2
4471 6
4472 4
4473 4
4474 8
4475 11
4476 7
4477 7
4478 5
4479 5
4480 4
4481 4
4482 6
4483 7
4484 3
4485 6
4486 4
4487 5
4488 9
4489 7
4490 3
4491 6
4492 5
4493 3
4494 7
4495 1
4496 2
4497 7
4498 5
4499 3
4500 3
4501 2
4502 2
4503 5
4504 4
4505 1
4506 5
4507 4
4508 10
4509 5
4510 4
4511 5
4512 3
4513 2
4514 3
4515 6
4516 3
4517 3
4518 2
4519 3
4520 7
4522 3
4523 3
4524 5
4525 2
4526 4
4527 8
4528 1
4529 5
4530 5
4531 4
4532 3
4533 4
4534 5
4535 2
4536 2
4537 1
4538 1
4539 2
4540 3
4541 1
4542 5
4543 5
4544 1
4545 3
4547 4
4548 1
4549 1
4550 1
4551 2
4552 4
4554 1
4555 1
4557 2
4558 1
4561 2
4562 2
4563 1
4564 1
4566 2
4567 1
4568 1
4569 1
4571 1
4573 3
4576 3
4577 1
4581 1
4584 1
4585 1
4586 1
4587 2
4588 1
4589 1
4590 1
4592 3
4593 1
4596 1
4598 1
4600 3
4604 1
4606 1
4608 1
4610 1
4611 1
4613 2
4614 2
4615 1
4616 1
4618 2
4619 2
4620 1
4621 4
4624 2
4625 1
4626 2
4627 1
4628 1
4629 1
4630 1
4633 1
4634 2
4637 2
4638 1
4643 1
4644 2
4645 2
4647 2
4648 1
4653 2
4655 1
4656 2
4658 1
4659 1
4662 2
4663 1
4665 1
4666 2
4667 1
4668 1
4670 2
4675 1
4677 2
4680 2
4687 3
4690 1
4693 1
4696 1
4697 1
4698 2
4699 1
4701 2
4702 1
4704 1
4705 2
4706 1
4707 1
4708 2
4709 2
4712 2
4713 1
4714 2
4715 1
4716 2
4719 2
4720 2
4721 1
4722 4
4724 1
4725 2
4726 1
4727 1
4730 3
4731 2
4733 1
4734 1
4735 3
4736 3
4737 4
4738 1
4739 1
4740 6
4741 2
4742 2
4745 2
4746 2
4747 4
4748 2
4749 1
4750 4
4751 3
4752 4
4753 1
4754 3
4755 5
4756 2
4757 3
4758 4
4759 5
4760 1
4761 4
4762 4
4763 5
4764 5
4765 5
4766 5
4767 2
4768 4
4769 4
4770 2
4771 5
4772 1
4773 6
4774 12
4775 10
4776 4
4777 10
4778 6
4779 5
4780 6
4781 2
4782 3
4783 7
4784 4
4785 8
4786 12
4787 8
4788 8
4789 6
4790 11
4791 10
4792 7
4793 15
4794 2
4795 9
4796 4
4797 8
4798 9
4799 11
4800 7
4801 6
4802 9
4803 11
4804 7
4805 13
4806 9
4807 10
4808 13
4809 18
4810 7
4811 7
4812 6
4813 14
4814 8
4815 13
4816 18
4817 12
4818 18
4819 12
4820 6
4821 9
4822 15
4823 21
4824 10
4825 12
4826 12
4827 13
4828 13
4829 9
4830 15
4831 14
4832 17
4833 17
4834 13
4835 11
4836 13
4837 12
4838 15
4839 16
4840 12
4841 15
4842 8
4843 16
4844 14
4845 17
4846 9
4847 14
4848 9
4849 13
4850 12
4851 12
4852 11
4853 7
4854 13
4855 9
4856 17
4857 6
4858 3
4859 20
4860 14
4861 6
4862 14
4863 13
4864 12
4865 15
4866 11
4867 12
4868 11
4869 15
4870 11
4871 10
4872 4
4873 14
4874 11
4875 9
4876 11
4877 7
4878 11
4879 7
4880 11
4881 11
4882 5
4883 7
4884 10
4885 3
4886 6
4887 11
4888 10
4889 7
4890 10
4891 9
4892 6
4893 12
4894 14
4895 10
4896 9
4897 5
4898 10
4899 11
4900 8
4901 6
4902 8
4903 7
4904 8
4905 9
4906 7
4907 8
4908 7
4909 10
4910 7
4911 6
4912 6
4913 8
4914 10
4915 8
4916 9
4917 11
4918 9
4919 10
4920 7
4921 13
4922 11
4923 8
4924 8
4925 12
4926 9
4927 9
4928 8
4929 6
4930 8
4931 8
4932 15
4933 9
4934 5
4935 14
4936 10
4937 11
4938 6
4939 7
4940 9
4941 6
4942 5
4943 5
4944 7
4945 8
4946 9
4948 5
4949 4
4950 3
4951 6
4952 6
4953 5
4954 3
4955 5
4956 8
4957 9
4958 1
4959 3
4960 7
4961 6
4962 2
4963 3
4964 7
4965 5
4966 5
4968 2
4969 5
4970 2
4971 4
4972 4
4974 6
4975 5
4976 4
4977 3
4978 2
4979 4
4980 2
4981 4
4982 3
4983 5
4984 2
4985 2
4986 7
4987 6
4988 4
4989 3
4990 1
4991 3
4992 3
4994 2
4995 4
4996 3
4997 5
4999 1
5000 2
5001 2
5002 1
5003 3
5004 1
5005 2
5006 1
5007 3
5008 1
5009 2
5010 4
5011 2
5012 2
5013 2
5015 3
5018 1
5020 1
5022 4
5023 4
5024 1
5025 2
5026 2
5027 1
5029 3
5030 2
5031 1
5032 1
5033 2
5034 2
5036 1
5037 1
5039 2
5041 1
5042 1
5043 1
5045 1
5047 1
5049 1
5054 1
5057 1
5079 1
5105 1
5109 1
5114 1
5126 1
5136 1
5144 1
5147 1
5150 1
5152 1
5153 1
5156 1
5157 2
5159 1
5160 1
5161 3
5162 2
5163 2
5164 1
5165 1
5167 1
5168 1
5170 1
5171 1
5172 1
5173 1
5176 1
5177 4
5178 1
5179 3
5180 1
5181 1
5190 1
5191 2
5194 1
5196 2
5198 1
5199 1
5200 2
5202 1
5203 1
5206 3
5207 1
5208 2
5210 1
5212 2
5213 1
5214 1
5215 3
5216 1
5218 1
5219 2
5221 6
5223 2
5225 2
5226 1
5227 2
5228 2
5229 3
5230 1
5231 3
5233 2
5234 4
5235 1
5237 1
5239 2
5240 1
5241 5
5242 1
5243 2
5244 3
5245 1
5246 2
5247 1
5248 1
5249 2
5250 4
5251 3
5252 5
5253 2
5254 3
5255 3
5256 4
5257 1
5258 2
5259 2
5261 3
5262 1
5263 1
5264 2
5266 4
5267 1
5268 2
5271 2
5272 1
5273 1
5274 4
5275 2
5276 2
5277 4
5278 3
5280 2
5285 1
5286 2
5287 1
5288 2
5290 1
5291 1
5292 1
5293 4
5295 1
5296 1
5297 1
5298 1
5299 1
5300 3
5305 1
5307 2
5308 2
5309 3
5310 1
5311 2
5313 1
5315 1
5316 1
5320 1
5321 1
5327 1
5328 2
5329 1
5330 1
5333 1
5335 1
5336 2
5337 1
5339 1
5340 1
5343 2
5344 5
5345 1
5346 1
5351 1
5352 1
5354 1
5356 2
5357 1
5360 2
5361 1
5363 1
5368 1
5369 1
5370 3
5372 1
5373 2
5376 1
5377 1
5380 1
5381 1
5382 1
5383 2
5384 2
5386 1
5387 2
5389 2
5390 1
5391 1
5393 1
5394 2
5395 1
5397 1
5398 1
5399 1
5402 2
5404 1
5405 2
5406 1
5408 1
5409 2
5412 1
5413 1
5414 4
5415 1
5418 2
5419 1
5421 1
5422 1
5424 2
5426 1
5428 1
5430 1
5436 2
5438 1
5441 1
5443 3
5448 1
5449 1
5456 1
5475 1
5477 1
5488 1
5490 1
5491 1
5494 1
5497 1
5503 1
5504 1
5505 2
5509 1
5513 1
5514 1
5515 1
5516 1
5517 2
5518 1
5521 1
5524 1
5532 1
5536 1
5537 1
5540 1
5541 2
5552 1
5553 2
5554 2
5555 1
5556 1
5557 1
5558 1
5559 1
5561 1
5562 2
5564 1
5565 1
5566 2
5569 1
5570 1
5571 1
5572 1
5573 4
5574 2
5575 2
5576 1
5577 2
5578 3
5581 5
5582 2
5584 3
5585 4
5588 1
5590 1
5591 1
5592 1
5595 2
5596 2
5597 2
5599 1
5600 1
5601 3
5602 1
5603 3
5604 1
5608 2
5609 1
5610 3
5612 3
5615 3
5617 1
5619 2
5620 2
5621 3
5622 3
5623 3
5624 1
5625 2
5626 3
5629 2
5631 1
5632 3
5633 2
5634 2
5635 1
5636 1
5637 2
5638 1
5639 1
5641 1
5642 1
5643 4
5644 5
5645 1
5646 4
5647 3
5648 2
5649 3
5650 7
5651 3
5652 1
5653 3
5654 4
5655 1
5656 1
5657 2
5659 2
5660 1
5662 4
5664 1
5665 1
5666 2
5667 2
5668 1
5669 1
5670 1
5672 2
5674 4
5675 2
5676 3
5677 4
5679 1
5681 1
5682 1
5683 1
5684 1
5685 1
5686 2
5687 2
5688 2
5689 1
5692 2
5695 1
5696 1
5697 1
5706 1
5707 1
5710 1
5712 1
5714 1
5716 1
5717 1
5719 1
5721 1
5722 3
5723 1
5724 1
5728 1
5729 2
5731 2
5732 2
5733 2
5736 3
5738 1
5739 1
5740 2
5741 2
5742 3
5743 1
5744 3
5745 3
5748 1
5750 1
5752 1
5755 1
5757 1
5758 1
5761 1
5762 1
5763 1
5764 1
5765 2
5766 1
5768 2
5770 1
5771 1
5772 1
5773 1
5774 1
5776 2
5780 2
5793 1
5824 1
5934 1
5949 1
5991 1
5994 1
6025 1
6054 1
6060 1
6063 1
6074 1
6090 1
6140 1
6146 1
6175 1
6176 1
6219 1
6236 1
6237 1
6254 1
6309 1
6310 1
6313 1
6318 1
6320 1
6321 1
6324 2
6326 1
6328 1
6330 1
6333 1
6338 1
6342 1
6346 1
6351 2
6353 1
6355 1
6357 1
6358 1
6364 1
6369 1
6372 1
6376 1
6381 3
6385 1
6387 1
6388 1
6389 2
6390 1
6395 3
6396 1
6397 1
6398 1
6399 1
6400 3
6401 5
6404 1
6405 1
6406 2
6407 2
6409 1
6411 1
6414 1
6416 1
6418 1
6420 2
6421 1
6422 3
6424 2
6425 3
6426 1
6428 2
6429 1
6431 1
6432 1
6433 1
6435 1
6436 1
6438 2
6440 1
6441 2
6442 1
6443 1
6444 2
6445 1
6446 1
6448 1
6450 1
6451 1
6453 2
6455 3
6456 3
6459 2
6464 2
6466 1
6467 3
6468 2
6471 1
6472 1
6473 2
6475 2
6478 1
6479 1
6480 1
6481 2
6483 1
6484 1
6486 1
6489 1
6490 1
6491 1
6493 1
6494 2
6495 1
6496 1
6497 2
6498 3
6499 1
6500 2
6502 2
6503 2
6504 1
6505 1
6508 1
6510 1
6513 2
6515 1
6516 2
6519 1
6520 1
6521 1
6522 1
6525 3
6526 1
6527 1
6529 1
6530 2
6533 1
6534 2
6535 3
6536 1
6537 1
6540 1
6541 2
6543 3
6544 2
6545 2
6546 1
6547 2
6548 3
6550 2
6552 2
6553 3
6554 1
6555 2
6557 2
6559 2
6560 4
6561 2
6562 1
6563 1
6565 1
6566 2
6568 2
6569 3
6570 5
6571 2
6574 4
6575 2
6577 2
6578 3
6584 1
6586 1
6590 1
6591 1
6592 1
6724 1
6729 1
6848 1
6857 1
6858 1
6865 1
6866 1
6887 1
6888 1
6920 1
6921 1
6925 1
6929 2
6931 1
6933 1
6935 1
6937 1
6955 1
6956 1
6959 1
6960 1
6962 1
6975 3
6978 1
6981 1
6983 1
6986 1
6989 1
6999 1
7021 1
7033 1
7081 1
7092 1
7096 1
7104 1
7128 1
7147 1
7163 1
7164 2
7168 1
7174 1
7175 1
7181 2
7182 1
7186 2
7188 1
7191 3
7193 1
7195 3
7196 1
7197 1
7198 2
7201 1
7202 1
7207 1
7208 1
7211 1
7212 1
7217 1
7219 1
7223 1
7228 1
7230 2
7236 2
7237 1
7238 1
7246 1
7248 1
7249 1
7254 1
7255 1
7267 1
7268 2
7271 1
7272 1
7274 1
7276 1
7277 1
7280 1
7282 1
7286 1
7287 1
7288 1
7289 1
7291 1
7295 1
7297 1
7299 1
7301 1
7302 2
7304 2
7305 2
7307 1
7308 1
7310 3
7311 2
7314 1
7315 1
7318 2
7319 3
7320 3
7322 1
7324 2
7325 2
7326 3
7327 3
7328 1
7329 1
7330 2
7331 2
7332 2
7333 3
7334 2
7335 3
7336 7
7337 1
7339 2
7341 2
7342 1
7345 1
7347 2
7348 1
7349 2
7351 1
7352 1
7353 3
7354 1
7356 2
7358 2
7359 2
7360 3
7361 1
7364 1
7366 1
7370 2
7372 1
7373 1
7376 1
7382 2
7388 2
7390 1
7393 1
7395 2
7400 1
7403 1
7405 1
7410 1
7415 1
7418 1
7419 1
7447 1
7449 1
7497 1
7522 1
7613 1
7670 1
7728 1
7772 1
7776 1
7792 1
7815 1
7836 1
7855 1
7859 1
7895 1
7896 1
7897 1
7901 1
7906 1
7910 1
7919 1
7929 1
7933 1
7934 1
7938 1
7940 1
7948 1
7949 2
7954 1
7955 1
7956 1
7958 1
7959 1
7960 1
7961 1
7962 1
7963 1
7964 1
7965 2
7968 1
7970 2
7972 2
7973 1
7974 1
7975 1
7976 2
7977 1
7979 2
7980 1
7981 2
7982 3
7986 2
7987 4
7988 2
7989 1
7990 3
7991 1
7992 1
7993 2
7994 2
7995 1
7996 1
7997 1
7998 1
8000 2
8001 1
8003 1
8004 2
8006 2
8007 4
8008 1
8009 2
8010 1
8012 1
8013 1
8014 1
8015 2
8016 1
8017 1
8018 1
8022 2
8024 1
8025 1
8029 2
8030 4
8032 1
8033 2
8034 1
8035 3
8036 1
8037 2
8042 2
8043 1
8044 2
8045 1
8047 1
8054 1
8055 1
8057 1
8058 1
8060 1
8062 1
8063 1
8065 1
8066 1
8067 4
8068 2
8071 2
8072 3
8073 1
8077 1
8079 1
8080 1
8081 1
8082 2
8083 1
8084 2
8088 1
8089 1
8091 2
8096 1
8097 1
8098 2
8099 1
8100 1
8101 1
8102 1
8104 1
8107 1
8113 2
8114 3
8116 1
8117 2
8118 1
8119 1
8120 2
8122 1
8123 1
8125 1
8126 1
8127 2
8128 1
8130 1
8134 1
8135 1
8137 1
8138 1
8141 1
8142 2
8143 1
8144 2
8145 1
8146 1
8147 1
8148 3
8150 3
8151 3
8152 2
8153 1
8154 1
8156 3
8157 3
8159 3
8161 1
8162 2
8163 1
8164 2
8165 2
8167 1
8168 1
8169 2
8171 2
8174 1
8175 1
8176 1
8177 1
8178 1
8179 1
8180 3
8182 4
8183 2
8185 2
8187 1
8188 2
8189 1
8190 1
8191 2
8192 1
8194 1
8195 4
8196 1
8197 1
8199 1
8203 1
8205 3
8206 3
8207 1
8208 1
8209 1
8211 2
8213 1
8214 2
8215 1
8216 1
8219 1
8221 1
8226 1
8229 1
8241 2
8242 1
8247 1
8356 1
8382 1
8486 1
8506 1
8565 1
8579 1
8587 1
8591 1
8603 1
8616 1
8619 1
8652 2
8663 1
8668 1
8676 1
8680 1
8687 1
8691 1
8696 1
8702 1
8711 1
8717 1
8737 1
8740 1
8744 1
8746 1
8749 2
8752 1
8753 1
8754 1
8761 1
8763 2
8764 1
8768 1
8771 2
8772 1
8773 2
8776 1
8778 1
8780 1
8781 1
8782 1
8783 1
8784 1
8785 1
8786 1
8789 2
8791 1
8792 2
8794 2
8796 1
8797 1
8798 1
8801 2
8802 3
8803 1
8804 3
8805 1
8807 1
8809 1
8812 2
8814 1
8815 1
8816 1
8817 2
8818 2
8819 3
8820 1
8821 2
8822 1
8824 2
8826 1
8827 2
8828 2
8830 1
8831 1
8833 2
8834 1
8835 1
8836 3
8837 2
8838 3
8839 2
8840 1
8841 5
8842 2
8843 4
8844 1
8845 4
8846 1
8847 1
8848 3
8850 1
8851 5
8852 3
8853 1
8854 3
8856 1
8857 2
8858 2
8859 2
8860 1
8861 2
8862 2
8863 1
8865 2
8866 1
8867 3
8868 3
8869 2
8870 2
8871 3
8872 3
8873 2
8874 1
8875 2
8876 1
8877 4
8878 3
8879 2
8880 3
8881 2
8882 2
8883 2
8884 2
8885 3
8886 4
8888 1
8889 2
8890 1
8891 1
8892 3
8893 7
8894 1
8895 3
8896 2
8897 1
8898 4
8899 3
8900 4
8901 2
8902 5
8903 1
8904 1
8905 2
8906 2
8907 5
8908 2
8909 2
8910 1
8911 2
8912 2
8913 1
8916 3
8917 3
8919 1
8920 3
8921 4
8922 2
8923 2
8924 5
8925 2
8926 3
8927 1
8928 1
8929 1
8930 4
8931 3
8932 2
8933 1
8934 7
8935 2
8936 3
8937 3
8938 3
8939 1
8941 3
8942 6
8943 4
8944 5
8945 3
8947 1
8949 2
8950 1
8951 3
8952 3
8953 1
8954 2
8955 2
8956 3
8957 3
8958 3
8959 1
8960 3
8961 2
8962 1
8963 2
8964 6
8965 1
8966 1
8967 2
8968 2
8969 2
8971 1
8972 2
8973 4
8975 4
8977 6
8980 2
8981 2
8982 1
8983 1
8984 3
8985 1
8986 3
8987 2
8988 2
8989 2
8990 2
8991 2
8992 2
8994 3
8995 1
8997 1
8999 1
9003 3
9007 1
9009 2
9010 1
9011 1
9013 1
9019 2
9021 3
9022 1
9031 1
9035 2
9036 1
9038 1
9039 1
9042 1
9043 1
9044 1
9046 1
9047 1
9048 1
9050 2
9051 1
9052 2
9053 2
9058 2
9060 2
9061 1
9063 1
9064 1
9065 1
9066 2
9067 1
9068 1
9069 2
9070 1
9071 1
9072 1
9073 1
9074 2
9075 1
9077 1
9078 2
9083 1
9084 1
9085 2
9086 1
9088 2
9089 1
9091 1
9097 1
9108 1
9122 1
9204 1
9247 1
9346 1
9398 1
9437 1
9438 2
9439 1
9441 1
9443 1
9446 1
9447 1
9494 1
9499 1
9511 1
9542 1
9543 1
9550 1
9557 1
9564 1
9570 1
9580 1
9589 1
9595 1
9600 1
9604 1
9606 1
9609 1
9610 3
9611 3
9612 1
9613 1
9614 2
9615 2
9616 2
9617 4
9619 3
9620 1
9621 2
9622 4
9624 1
9625 1
9627 1
9628 2
9629 2
9630 1
9631 1
9632 2
9633 3
9635 2
9636 2
9637 4
9638 1
9640 1
9641 1
9642 3
9643 2
9644 1
9645 5
9646 5
9647 1
9648 5
9649 1
9650 1
9652 2
9653 2
9654 1
9655 3
9656 1
9657 2
9658 1
9659 1
9660 1
9661 1
9662 2
9663 5
9664 5
9666 2
9667 2
9668 1
9669 1
9670 5
9671 4
9674 4
9675 2
9676 3
9677 1
9678 1
9679 2
9680 1
9681 1
9682 2
9683 1
9685 2
9687 3
9688 1
9690 2
9691 1
9696 1
9699 3
9700 2
9701 2
9702 1
9703 1
9704 1
9705 1
9706 4
9708 1
9709 3
9710 2
9712 1
9715 1
9716 3
9718 1
9721 1
9724 2
9728 1
9734 3
9736 1
9738 1
9739 2
9741 1
9745 1
9747 1
9750 1
9752 2
9755 1
9763 1
9766 1
9777 1
9778 1
9779 2
9780 1
9781 1
9782 1
9784 1
9786 2
9787 1
9795 1
9797 1
9800 1
9803 1
9818 1
9822 1
9827 1
9832 1
9834 1
9837 1
9839 1
9844 1
9845 1
9846 1
9848 1
9851 1
9852 1
9855 2
9857 1
9859 1
9862 1
9863 1
9864 1
9866 1
9867 1
9878 1
9883 1
9886 1
9906 1
9914 1
10001 1520
