1 22315503
2 12102087
3 7721657
4 4811205
5 2824389
6 1711261
7 1214308
8 1026113
9 967899
10 915526
11 838622
12 733858
13 612561
14 488192
15 385073
16 304893
17 257350
18 243880
19 256062
20 290109
21 335905
22 390098
23 443742
24 497488
25 545409
26 582123
27 611526
28 631506
29 635583
30 631331
31 620857
32 600497
33 572421
34 547882
35 519607
36 493670
37 471591
38 453417
39 439913
40 428794
41 421459
42 416677
43 416764
44 417805
45 417751
46 414466
47 411713
48 403818
49 392060
50 378915
51 359887
52 338732
53 315228
54 291079
55 263204
56 236796
57 209805
58 185207
59 163829
60 143210
61 125955
62 111537
63 101982
64 95395
65 91670
66 90063
67 91485
68 93360
69 95136
70 99044
71 101721
72 105286
73 108207
74 109775
75 111875
76 111845
77 110670
78 108539
79 106619
80 104005
81 100661
82 97763
83 95511
84 93525
85 92241
86 91421
87 92022
88 92417
89 94467
90 97391
91 101223
92 105408
93 110928
94 115472
95 120646
96 124719
97 128378
98 132553
99 134436
100 136220
101 137035
102 136477
103 135778
104 134565
105 131840
106 128163
107 124529
108 119888
109 114746
110 110654
111 105366
112 101281
113 97924
114 95229
115 93647
116 92281
117 92395
118 93147
119 93826
120 96451
121 99132
122 102090
123 106482
124 111082
125 115770
126 119061
127 123570
128 127039
129 129578
130 131805
131 132958
132 134910
133 134800
134 133894
135 132505
136 130287
137 126772
138 123086
139 119154
140 113252
141 107423
142 100851
143 94541
144 88064
145 81051
146 74302
147 67967
148 61596
149 55594
150 49561
151 44030
152 38479
153 34015
154 29378
155 25814
156 21624
157 18872
158 16029
159 13546
160 11565
161 9780
162 8175
163 6695
164 5832
165 4792
166 3986
167 3314
168 2687
169 2295
170 1856
171 1506
172 1363
173 1177
174 995
175 866
176 832
177 736
178 754
179 710
180 738
181 705
182 717
183 717
184 708
185 639
186 678
187 706
188 690
189 673
190 706
191 731
192 705
193 748
194 742
195 774
196 764
197 757
198 774
199 838
200 867
201 801
202 801
203 807
204 840
205 801
206 790
207 759
208 755
209 736
210 764
211 700
212 646
213 656
214 637
215 629
216 603
217 611
218 535
219 575
220 503
221 492
222 475
223 481
224 488
225 446
226 448
227 434
228 460
229 360
230 336
231 327
232 279
233 290
234 307
235 337
236 286
237 267
238 249
239 245
240 238
241 257
242 256
243 271
244 277
245 238
246 282
247 262
248 275
249 259
250 298
251 251
252 293
253 345
254 317
255 334
256 326
257 339
258 310
259 363
260 389
261 402
262 353
263 390
264 408
265 400
266 415
267 388
268 396
269 378
270 406
271 366
272 346
273 340
274 342
275 326
276 343
277 349
278 359
279 337
280 337
281 357
282 336
283 328
284 311
285 276
286 301
287 299
288 300
289 290
290 285
291 289
292 270
293 285
294 259
295 287
296 259
297 268
298 256
299 213
300 262
301 253
302 243
303 266
304 231
305 241
306 200
307 209
308 243
309 187
310 169
311 205
312 180
313 215
314 204
315 198
316 176
317 170
318 161
319 211
320 152
321 171
322 140
323 155
324 145
325 127
326 134
327 128
328 128
329 144
330 117
331 119
332 97
333 102
334 96
335 113
336 90
337 90
338 80
339 84
340 64
341 72
342 68
343 67
344 56
345 51
346 57
347 59
348 51
349 63
350 59
351 50
352 80
353 73
354 86
355 92
356 95
357 80
358 80
359 79
360 94
361 97
362 84
363 92
364 101
365 81
366 110
367 113
368 145
369 107
370 128
371 116
372 130
373 117
374 126
375 108
376 118
377 132
378 143
379 127
380 146
381 138
382 140
383 129
384 163
385 162
386 167
387 179
388 172
389 162
390 158
391 155
392 159
393 148
394 150
395 184
396 169
397 157
398 164
399 165
400 142
401 190
402 151
403 174
404 147
405 158
406 163
407 157
408 159
409 149
410 152
411 155
412 118
413 125
414 115
415 137
416 151
417 154
418 130
419 139
420 135
421 122
422 116
423 129
424 119
425 110
426 136
427 108
428 103
429 110
430 85
431 70
432 79
433 83
434 66
435 91
436 72
437 87
438 88
439 92
440 92
441 94
442 91
443 114
444 96
445 96
446 80
447 97
448 101
449 92
450 96
451 104
452 83
453 116
454 102
455 99
456 89
457 93
458 99
459 85
460 97
461 86
462 95
463 78
464 93
465 61
466 53
467 55
468 56
469 46
470 50
471 50
472 41
473 48
474 46
475 44
476 37
477 39
478 40
479 27
480 27
481 21
482 36
483 34
484 29
485 33
486 32
487 33
488 28
489 28
490 22
491 24
492 25
493 17
494 23
495 22
496 14
497 22
498 16
499 17
500 19
501 19
502 18
503 18
504 18
505 19
506 23
507 16
508 22
509 11
510 17
511 17
512 14
513 19
514 24
515 21
516 27
517 24
518 30
519 36
520 36
521 43
522 25
523 43
524 46
525 47
526 41
527 35
528 43
529 32
530 39
531 47
532 46
533 41
534 58
535 48
536 45
537 34
538 55
539 47
540 39
541 31
542 31
543 41
544 33
545 29
546 25
547 31
548 27
549 31
550 19
551 21
552 23
553 23
554 23
555 24
556 26
557 23
558 15
559 18
560 13
561 16
562 24
563 24
564 21
565 18
566 16
567 14
568 13
569 17
570 11
571 4
572 13
573 13
574 16
575 10
576 8
577 13
578 18
579 11
580 19
581 15
582 10
583 11
584 20
585 13
586 11
587 11
588 14
589 18
590 11
591 6
592 17
593 11
594 15
595 14
596 23
597 9
598 13
599 9
600 6
601 8
602 16
603 11
604 13
605 12
606 15
607 22
608 23
609 21
610 18
611 18
612 19
613 18
614 26
615 27
616 19
617 33
618 45
619 45
620 53
621 40
622 68
623 68
624 71
625 65
626 72
627 71
628 96
629 115
630 136
631 158
632 163
633 176
634 183
635 242
636 258
637 292
638 340
639 388
640 434
641 482
642 516
643 577
644 665
645 769
646 793
647 938
648 1010
649 1094
650 1256
651 1351
652 1499
653 1675
654 1846
655 2043
656 2136
657 2520
658 2672
659 2839
660 3075
661 3352
662 3679
663 3947
664 4355
665 4829
666 5044
667 5455
668 5803
669 6188
670 6664
671 7202
672 7520
673 8002
674 8533
675 9212
676 9763
677 10182
678 10738
679 11384
680 12238
681 12975
682 13397
683 14035
684 15051
685 15915
686 16589
687 17249
688 17889
689 19119
690 19689
691 20734
692 21302
693 22304
694 22836
695 23192
696 24810
697 24937
698 25855
699 26583
700 27339
701 27975
702 28806
703 29321
704 30188
705 30743
706 31181
707 31872
708 32200
709 33181
710 33703
711 33897
712 34427
713 34827
714 35164
715 35774
716 36195
717 36120
718 36590
719 37163
720 37271
721 37476
722 37457
723 38268
724 38515
725 38359
726 39024
727 38708
728 39057
729 39227
730 39173
731 39149
732 39335
733 39265
734 39638
735 39959
736 39724
737 39842
738 39770
739 40140
740 40095
741 40772
742 40747
743 41203
744 41619
745 41731
746 41896
747 42418
748 42890
749 43262
750 42763
751 43721
752 44315
753 44460
754 45103
755 45259
756 45769
757 46279
758 47021
759 47446
760 47703
761 48133
762 48831
763 49183
764 49417
765 50269
766 50689
767 51156
768 51480
769 51500
770 52033
771 52381
772 52894
773 52549
774 52895
775 53060
776 53203
777 53144
778 53165
779 52937
780 52675
781 52789
782 52738
783 52531
784 51996
785 52213
786 51366
787 50797
788 50092
789 49661
790 48714
791 48307
792 47895
793 46851
794 45957
795 45114
796 44248
797 43909
798 42711
799 41583
800 40653
801 39893
802 38493
803 37827
804 36430
805 35425
806 34535
807 33256
808 32290
809 31229
810 30048
811 28925
812 27448
813 26608
814 25555
815 24240
816 22954
817 22055
818 21556
819 20229
820 18981
821 18173
822 17191
823 16454
824 15340
825 14787
826 13947
827 13000
828 12376
829 11647
830 10947
831 10213
832 9651
833 8892
834 8486
835 7977
836 7484
837 6968
838 6584
839 6107
840 5807
841 5295
842 4943
843 4527
844 4113
845 3860
846 3625
847 3305
848 2960
849 2890
850 2687
851 2437
852 2342
853 2096
854 1795
855 1794
856 1650
857 1436
858 1401
859 1239
860 1072
861 1044
862 929
863 808
864 786
865 671
866 657
867 594
868 511
869 445
870 443
871 363
872 320
873 306
874 272
875 271
876 265
877 200
878 188
879 150
880 168
881 123
882 115
883 109
884 96
885 82
886 82
887 61
888 54
889 40
890 60
891 42
892 54
893 55
894 41
895 57
896 41
897 33
898 31
899 31
900 23
901 27
902 25
903 21
904 35
905 26
906 26
907 15
908 23
909 19
910 29
911 21
912 30
913 18
914 24
915 33
916 29
917 19
918 31
919 26
920 20
921 34
922 20
923 33
924 20
925 35
926 22
927 35
928 27
929 31
930 33
931 33
932 24
933 32
934 14
935 33
936 28
937 25
938 31
939 30
940 24
941 28
942 22
943 17
944 25
945 18
946 20
947 26
948 28
949 21
950 23
951 24
952 19
953 25
954 26
955 20
956 19
957 20
958 21
959 27
960 20
961 25
962 17
963 17
964 24
965 15
966 13
967 14
968 13
969 10
970 13
971 11
972 13
973 9
974 6
975 11
976 13
977 10
978 9
979 10
980 12
981 8
982 6
983 9
984 10
985 11
986 7
987 5
988 13
989 9
990 8
991 14
992 14
993 17
994 11
995 18
996 9
997 9
998 13
999 25
1000 17
1001 18
1002 17
1003 11
1004 20
1005 17
1006 23
1007 26
1008 17
1009 22
1010 17
1011 21
1012 28
1013 27
1014 33
1015 23
1016 28
1017 34
1018 37
1019 21
1020 20
1021 21
1022 22
1023 25
1024 27
1025 35
1026 29
1027 24
1028 27
1029 31
1030 18
1031 18
1032 28
1033 31
1034 23
1035 25
1036 25
1037 26
1038 15
1039 23
1040 21
1041 19
1042 23
1043 18
1044 18
1045 22
1046 21
1047 20
1048 10
1049 19
1050 15
1051 8
1052 13
1053 18
1054 19
1055 18
1056 21
1057 18
1058 19
1059 16
1060 14
1061 11
1062 16
1063 19
1064 18
1065 12
1066 14
1067 22
1068 12
1069 18
1070 12
1071 26
1072 11
1073 16
1074 18
1075 12
1076 18
1077 15
1078 6
1079 11
1080 12
1081 16
1082 12
1083 8
1084 8
1085 10
1086 15
1087 9
1088 18
1089 15
1090 11
1091 20
1092 11
1093 14
1094 12
1095 11
1096 9
1097 14
1098 12
1099 12
1100 8
1101 11
1102 12
1103 11
1104 19
1105 9
1106 9
1107 8
1108 9
1109 5
1110 16
1111 14
1112 9
1113 10
1114 5
1115 7
1116 7
1117 7
1118 9
1119 2
1120 6
1121 9
1122 6
1123 7
1124 3
1125 10
1126 4
1127 2
1128 2
1129 6
1130 2
1131 8
1132 2
1133 5
1134 5
1135 7
1136 10
1137 4
1138 2
1139 5
1140 6
1141 16
1142 6
1143 11
1144 6
1145 4
1146 8
1147 7
1148 6
1149 9
1150 4
1151 9
1152 8
1153 4
1154 4
1155 5
1156 7
1157 5
1158 13
1159 14
1160 7
1161 10
1162 5
1163 8
1164 4
1165 6
1166 7
1167 3
1168 5
1169 2
1170 1
1171 4
1172 7
1173 4
1174 6
1175 4
1176 5
1177 6
1178 5
1179 4
1180 9
1181 9
1182 6
1183 7
1184 5
1185 7
1186 3
1187 5
1188 4
1189 7
1190 6
1191 1
1192 6
1193 7
1194 6
1195 6
1196 6
1197 10
1198 6
1199 6
1200 11
1201 10
1202 3
1203 5
1204 5
1205 14
1206 4
1207 6
1208 9
1209 12
1210 12
1211 10
1212 14
1213 14
1214 8
1215 5
1216 9
1217 4
1218 10
1219 9
1220 7
1221 11
1222 7
1223 7
1224 8
1225 6
1226 6
1227 5
1228 6
1229 3
1230 7
1231 3
1232 10
1233 2
1234 6
1235 3
1236 5
1237 6
1238 2
1239 4
1240 3
1241 1
1242 4
1243 1
1244 1
1245 3
1246 3
1247 2
1248 2
1249 1
1251 1
1255 1
1258 2
1259 4
1260 1
1262 1
1263 2
1267 1
1268 1
1272 1
1273 1
1274 2
1275 3
1277 1
1278 2
1280 3
1281 1
1282 3
1283 3
1284 8
1285 1
1287 2
1288 4
1290 3
1291 2
1292 1
1293 3
1294 1
1295 2
1296 4
1297 2
1298 2
1299 2
1300 2
1301 4
1302 6
1303 3
1304 2
1305 1
1306 2
1307 3
1308 3
1310 1
1312 1
1313 1
1315 1
1316 1
1317 2
1318 2
1319 3
1321 4
1322 3
1323 1
1324 5
1325 3
1326 4
1327 2
1328 2
1329 4
1330 1
1332 4
1333 3
1334 3
1335 1
1336 4
1337 2
1338 1
1339 3
1340 7
1341 1
1342 6
1343 2
1344 8
1345 13
1346 8
1347 4
1348 13
1349 15
1350 13
1351 15
1352 12
1353 24
1354 14
1355 20
1356 12
1357 29
1358 33
1359 29
1360 27
1361 17
1362 29
1363 43
1364 25
1365 30
1366 33
1367 27
1368 27
1369 26
1370 26
1371 29
1372 32
1373 28
1374 35
1375 36
1376 43
1377 39
1378 49
1379 53
1380 56
1381 54
1382 56
1383 48
1384 63
1385 51
1386 66
1387 70
1388 69
1389 80
1390 78
1391 85
1392 74
1393 95
1394 89
1395 87
1396 111
1397 97
1398 98
1399 108
1400 119
1401 97
1402 110
1403 125
1404 119
1405 119
1406 135
1407 134
1408 115
1409 129
1410 141
1411 131
1412 132
1413 150
1414 137
1415 163
1416 164
1417 172
1418 141
1419 182
1420 160
1421 160
1422 162
1423 143
1424 154
1425 162
1426 169
1427 155
1428 147
1429 133
1430 162
1431 154
1432 176
1433 167
1434 173
1435 153
1436 159
1437 155
1438 170
1439 136
1440 151
1441 152
1442 156
1443 150
1444 148
1445 155
1446 137
1447 140
1448 135
1449 125
1450 123
1451 151
1452 156
1453 151
1454 132
1455 151
1456 174
1457 157
1458 133
1459 111
1460 158
1461 141
1462 140
1463 148
1464 128
1465 131
1466 144
1467 123
1468 133
1469 113
1470 126
1471 140
1472 130
1473 101
1474 138
1475 134
1476 124
1477 153
1478 134
1479 135
1480 104
1481 121
1482 94
1483 92
1484 111
1485 110
1486 109
1487 103
1488 90
1489 99
1490 103
1491 94
1492 83
1493 88
1494 124
1495 97
1496 98
1497 81
1498 93
1499 96
1500 89
1501 92
1502 100
1503 101
1504 103
1505 99
1506 106
1507 104
1508 89
1509 98
1510 96
1511 103
1512 106
1513 102
1514 114
1515 112
1516 88
1517 98
1518 111
1519 126
1520 106
1521 131
1522 130
1523 116
1524 136
1525 143
1526 131
1527 148
1528 117
1529 131
1530 144
1531 131
1532 158
1533 165
1534 117
1535 113
1536 122
1537 159
1538 149
1539 141
1540 138
1541 155
1542 158
1543 169
1544 165
1545 153
1546 150
1547 171
1548 163
1549 162
1550 172
1551 169
1552 179
1553 156
1554 185
1555 173
1556 173
1557 163
1558 167
1559 183
1560 168
1561 158
1562 188
1563 192
1564 180
1565 168
1566 178
1567 180
1568 169
1569 187
1570 175
1571 146
1572 167
1573 155
1574 163
1575 190
1576 134
1577 191
1578 168
1579 138
1580 129
1581 162
1582 151
1583 137
1584 169
1585 152
1586 144
1587 147
1588 134
1589 118
1590 142
1591 127
1592 108
1593 123
1594 118
1595 109
1596 108
1597 117
1598 100
1599 94
1600 94
1601 79
1602 90
1603 100
1604 101
1605 83
1606 78
1607 86
1608 95
1609 77
1610 99
1611 69
1612 81
1613 70
1614 56
1615 71
1616 72
1617 77
1618 70
1619 64
1620 54
1621 61
1622 73
1623 60
1624 58
1625 43
1626 59
1627 50
1628 54
1629 44
1630 54
1631 57
1632 40
1633 46
1634 42
1635 44
1636 30
1637 36
1638 30
1639 43
1640 25
1641 30
1642 34
1643 35
1644 19
1645 38
1646 23
1647 20
1648 21
1649 24
1650 22
1651 22
1652 23
1653 20
1654 24
1655 30
1656 21
1657 15
1658 20
1659 20
1660 15
1661 15
1662 19
1663 12
1664 19
1665 19
1666 18
1667 13
1668 11
1669 14
1670 11
1671 14
1672 16
1673 14
1674 9
1675 14
1676 15
1677 12
1678 7
1679 9
1680 15
1681 7
1682 13
1683 3
1684 8
1685 10
1686 4
1687 7
1688 5
1689 5
1690 10
1691 6
1692 6
1693 7
1694 9
1695 7
1696 7
1697 6
1698 11
1699 5
1700 10
1701 6
1702 5
1703 7
1704 9
1705 8
1706 7
1707 4
1708 4
1709 7
1710 7
1711 2
1712 1
1713 5
1714 5
1715 3
1716 4
1717 4
1718 3
1719 4
1720 2
1721 5
1722 6
1723 5
1724 6
1725 4
1726 5
1727 3
1728 4
1729 2
1730 3
1731 2
1732 9
1733 8
1734 5
1735 2
1736 9
1737 6
1738 7
1739 5
1740 9
1741 5
1742 9
1743 10
1744 8
1745 11
1746 7
1747 7
1748 8
1749 11
1750 4
1751 14
1752 6
1753 5
1754 7
1755 6
1756 10
1757 5
1758 9
1759 5
1760 9
1761 4
1762 5
1763 3
1764 5
1765 7
1766 8
1767 12
1768 8
1769 4
1770 7
1771 9
1772 2
1773 3
1774 8
1775 8
1776 6
1777 6
1778 4
1779 8
1780 3
1781 3
1782 5
1783 6
1784 2
1785 5
1786 4
1787 5
1788 4
1789 4
1790 6
1791 4
1792 5
1793 8
1794 2
1795 8
1796 12
1797 9
1798 8
1799 4
1800 10
1801 4
1802 9
1803 8
1804 9
1805 3
1806 2
1807 7
1808 2
1809 5
1810 3
1811 7
1812 5
1813 3
1814 6
1815 5
1816 6
1817 4
1818 1
1819 11
1820 7
1821 4
1823 4
1824 2
1825 5
1826 3
1827 6
1828 3
1829 3
1830 1
1831 2
1832 3
1833 1
1834 5
1835 3
1836 4
1837 3
1838 5
1839 4
1840 7
1841 6
1842 2
1843 6
1844 6
1845 3
1846 8
1847 4
1848 3
1849 4
1850 6
1851 6
1852 5
1853 6
1854 3
1855 2
1856 5
1857 8
1858 9
1859 1
1860 7
1861 3
1862 5
1863 4
1864 2
1865 4
1866 6
1867 2
1868 6
1869 2
1870 7
1871 2
1872 3
1873 6
1874 4
1875 7
1876 7
1877 3
1878 2
1879 3
1880 5
1881 5
1882 3
1883 4
1884 1
1885 3
1886 5
1887 4
1888 1
1889 3
1890 7
1891 2
1892 2
1894 4
1895 2
1896 3
1897 1
1899 3
1900 1
1901 3
1903 1
1904 4
1905 1
1906 2
1907 2
1908 1
1909 5
1910 3
1911 1
1912 2
1913 1
1914 2
1916 5
1917 1
1918 1
1919 2
1920 2
1921 3
1922 2
1923 3
1924 2
1925 3
1926 3
1927 5
1928 2
1930 2
1931 1
1932 1
1933 2
1934 3
1936 1
1937 4
1938 2
1939 2
1940 1
1941 2
1943 1
1944 3
1945 2
1946 2
1947 9
1948 2
1949 8
1950 8
1951 5
1952 1
1953 3
1954 6
1955 4
1956 5
1957 5
1958 7
1959 3
1960 4
1961 4
1962 4
1963 5
1964 4
1965 4
1966 6
1967 6
1968 8
1969 5
1970 2
1971 6
1972 2
1973 4
1974 4
1975 3
1976 4
1977 5
1978 4
1980 3
1981 3
1982 2
1984 1
1985 1
1986 3
1987 4
1988 1
1989 4
1990 5
1991 4
1992 1
1993 1
1994 1
1995 2
1996 4
1997 3
1998 1
1999 3
2000 3
2002 3
2003 3
2004 3
2005 5
2006 4
2007 1
2008 5
2009 5
2010 2
2011 3
2012 6
2013 3
2014 7
2015 2
2016 2
2017 11
2018 5
2019 5
2020 8
2021 11
2022 5
2023 3
2024 7
2025 3
2026 5
2027 9
2028 1
2029 6
2030 9
2031 5
2032 5
2033 4
2034 8
2035 6
2036 9
2037 11
2038 6
2039 6
2040 8
2041 3
2042 5
2043 7
2044 9
2045 7
2046 9
2047 10
2048 6
2049 9
2050 10
2051 10
2052 3
2053 11
2054 9
2055 11
2056 17
2057 15
2058 14
2059 10
2060 22
2061 15
2062 15
2063 16
2064 13
2065 14
2066 20
2067 15
2068 21
2069 25
2070 19
2071 22
2072 25
2073 22
2074 21
2075 20
2076 19
2077 21
2078 24
2079 33
2080 37
2081 18
2082 34
2083 23
2084 31
2085 37
2086 34
2087 47
2088 35
2089 43
2090 30
2091 36
2092 41
2093 41
2094 39
2095 34
2096 46
2097 51
2098 35
2099 53
2100 42
2101 44
2102 40
2103 49
2104 47
2105 53
2106 62
2107 57
2108 60
2109 54
2110 77
2111 53
2112 68
2113 81
2114 60
2115 86
2116 70
2117 85
2118 68
2119 64
2120 70
2121 78
2122 89
2123 90
2124 81
2125 75
2126 69
2127 86
2128 78
2129 88
2130 89
2131 75
2132 90
2133 79
2134 72
2135 76
2136 84
2137 81
2138 94
2139 79
2140 82
2141 87
2142 91
2143 82
2144 96
2145 101
2146 83
2147 104
2148 98
2149 85
2150 82
2151 88
2152 96
2153 88
2154 76
2155 80
2156 71
2157 80
2158 96
2159 79
2160 85
2161 75
2162 75
2163 72
2164 79
2165 87
2166 69
2167 82
2168 80
2169 78
2170 78
2171 74
2172 71
2173 84
2174 72
2175 86
2176 63
2177 77
2178 67
2179 67
2180 71
2181 70
2182 73
2183 77
2184 83
2185 68
2186 62
2187 68
2188 71
2189 64
2190 58
2191 65
2192 66
2193 69
2194 71
2195 78
2196 66
2197 62
2198 59
2199 68
2200 41
2201 57
2202 54
2203 52
2204 45
2205 61
2206 57
2207 44
2208 41
2209 72
2210 49
2211 49
2212 47
2213 41
2214 40
2215 47
2216 40
2217 47
2218 37
2219 30
2220 33
2221 30
2222 36
2223 28
2224 31
2225 35
2226 41
2227 26
2228 35
2229 28
2230 28
2231 28
2232 29
2233 34
2234 16
2235 17
2236 12
2237 15
2238 30
2239 21
2240 16
2241 16
2242 24
2243 10
2244 14
2245 15
2246 13
2247 10
2248 6
2249 8
2250 5
2251 10
2252 9
2253 13
2254 9
2255 10
2256 12
2257 9
2258 7
2259 4
2260 5
2261 5
2262 7
2263 6
2264 3
2265 5
2266 7
2267 5
2268 4
2269 4
2270 5
2271 11
2272 10
2273 6
2274 11
2275 10
2276 4
2277 2
2278 6
2279 8
2280 8
2281 5
2282 11
2283 9
2284 6
2285 9
2286 8
2287 10
2288 11
2289 10
2290 9
2291 12
2292 6
2293 4
2294 8
2295 7
2296 5
2297 9
2298 10
2299 6
2300 6
2301 13
2302 9
2303 10
2304 8
2305 9
2306 12
2307 10
2308 13
2309 9
2310 8
2311 6
2312 9
2313 9
2314 8
2315 13
2316 7
2317 11
2318 7
2319 12
2320 8
2321 7
2322 8
2323 8
2324 10
2325 11
2326 7
2327 13
2328 10
2329 8
2330 12
2331 8
2332 14
2333 12
2334 17
2335 10
2336 16
2337 11
2338 11
2339 7
2340 13
2341 14
2342 13
2343 8
2344 11
2345 15
2346 12
2347 6
2348 12
2349 18
2350 17
2351 4
2352 15
2353 11
2354 12
2355 11
2356 11
2357 15
2358 18
2359 13
2360 11
2361 21
2362 17
2363 22
2364 10
2365 10
2366 17
2367 12
2368 13
2369 10
2370 9
2371 10
2372 9
2373 13
2374 7
2375 14
2376 13
2377 11
2378 8
2379 11
2380 10
2381 6
2382 10
2383 11
2384 4
2385 9
2386 5
2387 11
2388 12
2389 10
2390 7
2391 7
2392 4
2393 4
2394 7
2395 6
2396 6
2397 2
2398 7
2399 11
2400 10
2401 7
2402 7
2403 6
2404 9
2405 10
2406 3
2407 10
2408 14
2409 5
2410 4
2411 7
2412 11
2413 8
2414 8
2415 9
2416 12
2417 6
2418 8
2419 6
2420 4
2421 12
2422 8
2423 7
2424 4
2425 9
2426 8
2427 6
2428 5
2429 10
2430 11
2431 10
2432 7
2433 7
2434 8
2435 10
2436 9
2437 15
2438 11
2439 11
2440 13
2441 20
2442 7
2443 9
2444 13
2445 8
2446 12
2447 9
2448 12
2449 10
2450 9
2451 9
2452 12
2453 12
2454 5
2455 6
2456 9
2457 8
2458 8
2459 6
2460 10
2461 8
2462 8
2463 13
2464 13
2465 8
2466 9
2467 6
2468 11
2469 8
2470 15
2471 16
2472 5
2473 8
2474 12
2475 7
2476 13
2477 11
2478 11
2479 9
2480 12
2481 11
2482 6
2483 7
2484 6
2485 4
2486 8
2487 13
2488 7
2489 10
2490 9
2491 10
2492 8
2493 4
2494 9
2495 6
2496 2
2497 6
2498 7
2499 4
2500 7
2501 8
2502 2
2503 3
2504 10
2505 4
2506 7
2507 3
2508 6
2509 3
2511 5
2512 4
2513 4
2514 5
2515 1
2516 1
2517 4
2518 4
2519 5
2520 7
2521 6
2522 3
2523 6
2524 4
2525 7
2527 1
2528 5
2529 2
2530 2
2531 2
2532 5
2533 2
2534 4
2535 3
2536 4
2537 2
2538 2
2539 3
2540 3
2541 2
2542 8
2543 3
2545 3
2546 2
2548 4
2549 4
2550 2
2551 2
2552 4
2553 5
2554 3
2555 2
2556 3
2557 1
2559 1
2561 2
2563 2
2565 1
2566 1
2567 3
2568 2
2569 1
2570 4
2571 3
2572 2
2573 5
2576 2
2577 2
2578 2
2579 2
2580 1
2581 1
2582 2
2583 2
2584 2
2585 3
2587 1
2589 1
2590 1
2591 3
2592 2
2593 2
2594 1
2595 1
2596 3
2597 3
2599 3
2600 4
2602 2
2603 1
2604 1
2606 1
2611 1
2613 1
2615 2
2617 1
2618 1
2623 1
2624 1
2629 2
2632 2
2637 1
2638 1
2639 1
2640 2
2641 2
2643 3
2644 2
2645 1
2648 1
2649 1
2652 1
2654 1
2657 1
2658 1
2660 1
2665 1
2666 2
2668 1
2673 1
2680 1
2688 1
2708 1
2711 1
2712 1
2714 1
2716 1
2719 2
2720 1
2721 1
2722 2
2723 1
2729 1
2731 1
2732 2
2733 1
2734 1
2737 1
2738 1
2739 1
2741 1
2742 1
2743 1
2744 1
2746 3
2747 1
2748 1
2750 2
2751 2
2753 1
2754 5
2755 3
2756 3
2758 2
2759 5
2760 2
2761 3
2762 3
2763 2
2764 5
2766 1
2767 4
2768 1
2769 5
2770 1
2771 3
2772 3
2773 3
2774 3
2775 4
2776 2
2777 3
2778 5
2779 3
2780 4
2781 3
2782 7
2783 10
2784 8
2785 6
2786 12
2787 6
2788 7
2789 4
2790 7
2791 7
2792 8
2793 8
2794 8
2795 8
2796 13
2797 12
2798 11
2799 11
2800 9
2801 11
2802 12
2803 10
2804 12
2805 8
2806 8
2807 9
2808 13
2809 16
2810 13
2811 16
2812 16
2813 17
2814 18
2815 16
2816 17
2817 10
2818 12
2819 12
2820 9
2821 18
2822 18
2823 25
2824 15
2825 15
2826 19
2827 19
2828 24
2829 15
2830 24
2831 28
2832 18
2833 26
2834 15
2835 23
2836 24
2837 25
2838 27
2839 27
2840 29
2841 22
2842 20
2843 23
2844 23
2845 34
2846 28
2847 25
2848 27
2849 34
2850 30
2851 21
2852 35
2853 32
2854 27
2855 35
2856 37
2857 31
2858 27
2859 32
2860 30
2861 20
2862 28
2863 31
2864 29
2865 35
2866 27
2867 25
2868 30
2869 27
2870 14
2871 22
2872 27
2873 35
2874 21
2875 25
2876 20
2877 16
2878 16
2879 17
2880 20
2881 17
2882 20
2883 23
2884 17
2885 16
2886 22
2887 17
2888 22
2889 18
2890 23
2891 24
2892 17
2893 10
2894 18
2895 18
2896 21
2897 12
2898 11
2899 12
2900 29
2901 11
2902 18
2903 22
2904 19
2905 16
2906 22
2907 22
2908 18
2909 20
2910 17
2911 30
2912 21
2913 19
2914 18
2915 18
2916 20
2917 21
2918 20
2919 10
2920 17
2921 20
2922 13
2923 10
2924 15
2925 11
2926 19
2927 18
2928 14
2929 6
2930 10
2931 11
2932 8
2933 12
2934 11
2935 12
2936 6
2937 5
2938 3
2939 10
2940 3
2941 4
2942 7
2943 13
2944 9
2945 9
2946 4
2947 6
2948 11
2949 8
2950 10
2951 10
2952 4
2953 7
2954 7
2955 7
2956 6
2957 5
2958 9
2959 3
2960 6
2961 1
2962 7
2963 4
2964 4
2965 5
2966 2
2967 3
2968 4
2969 2
2970 1
2971 2
2972 2
2973 6
2974 4
2975 4
2976 5
2977 3
2978 5
2979 2
2980 3
2981 8
2982 6
2983 6
2984 2
2985 6
2986 4
2987 5
2988 4
2989 5
2990 5
2991 4
2992 9
2993 5
2994 4
2995 4
2996 2
2997 3
2998 4
2999 7
3000 8
3001 4
3002 7
3003 2
3004 3
3005 3
3006 5
3007 7
3008 4
3009 3
3010 10
3011 1
3012 1
3013 1
3014 3
3015 7
3016 3
3017 3
3018 10
3019 9
3020 4
3021 8
3022 4
3023 7
3024 9
3025 5
3026 8
3027 8
3028 8
3029 3
3030 9
3031 7
3032 12
3033 9
3034 11
3035 11
3036 6
3037 12
3038 11
3039 11
3040 2
3041 11
3042 5
3043 10
3044 8
3045 11
3046 6
3047 15
3048 11
3049 11
3050 12
3051 12
3052 18
3053 14
3054 14
3055 15
3056 11
3057 9
3058 15
3059 18
3060 9
3061 8
3062 18
3063 14
3064 14
3065 17
3066 23
3067 15
3068 15
3069 20
3070 12
3071 12
3072 6
3073 15
3074 12
3075 20
3076 18
3077 16
3078 17
3079 21
3080 13
3081 18
3082 12
3083 14
3084 13
3085 13
3086 23
3087 18
3088 22
3089 20
3090 15
3091 27
3092 17
3093 14
3094 20
3095 25
3096 17
3097 19
3098 15
3099 15
3100 19
3101 21
3102 15
3103 23
3104 22
3105 21
3106 21
3107 20
3108 18
3109 16
3110 15
3111 17
3112 18
3113 24
3114 22
3115 19
3116 20
3117 30
3118 18
3119 17
3120 20
3121 20
3122 23
3123 22
3124 24
3125 17
3126 26
3127 25
3128 25
3129 18
3130 19
3131 15
3132 22
3133 26
3134 25
3135 30
3136 21
3137 28
3138 19
3139 21
3140 19
3141 24
3142 14
3143 10
3144 28
3145 19
3146 25
3147 19
3148 12
3149 17
3150 12
3151 29
3152 20
3153 17
3154 16
3155 14
3156 13
3157 15
3158 16
3159 15
3160 25
3161 17
3162 14
3163 15
3164 14
3165 16
3166 16
3167 9
3168 16
3169 17
3170 6
3171 11
3172 7
3173 17
3174 9
3175 10
3176 14
3177 15
3178 10
3179 17
3180 12
3181 20
3182 11
3183 8
3184 10
3185 17
3186 8
3187 7
3188 18
3189 3
3190 7
3191 10
3192 8
3193 9
3194 8
3195 12
3196 11
3197 10
3198 12
3199 9
3200 6
3201 12
3202 10
3203 9
3204 6
3205 7
3206 5
3207 9
3208 3
3209 4
3210 8
3211 6
3212 6
3213 3
3214 3
3215 9
3216 7
3217 9
3218 5
3219 6
3220 11
3221 4
3222 10
3223 6
3224 7
3225 3
3226 7
3227 7
3229 5
3230 3
3231 6
3232 3
3233 6
3234 5
3236 3
3237 4
3238 1
3239 3
3240 3
3241 1
3242 3
3243 2
3245 3
3246 2
3247 2
3248 1
3249 1
3250 1
3252 2
3254 1
3255 2
3256 2
3257 1
3258 2
3259 1
3260 2
3261 2
3262 1
3265 1
3267 1
3268 1
3270 1
3273 1
3286 2
3292 1
3296 3
3298 1
3299 2
3301 2
3302 1
3304 1
3306 1
3329 1
3335 1
3348 1
3356 1
3357 1
3410 1
3411 1
3437 1
3444 1
3447 1
3453 1
3455 1
3459 2
3461 2
3465 2
3469 1
3470 2
3471 2
3473 4
3474 2
3475 1
3477 2
3479 1
3480 2
3481 3
3482 2
3483 1
3484 2
3485 1
3486 3
3487 4
3488 4
3489 4
3490 4
3491 5
3492 3
3493 8
3494 4
3495 5
3496 5
3497 3
3498 4
3499 8
3500 6
3501 6
3502 6
3503 5
3504 5
3505 2
3506 4
3507 6
3508 3
3509 9
3510 6
3511 7
3512 7
3513 7
3514 4
3515 11
3516 7
3517 4
3518 6
3519 6
3520 7
3521 6
3522 9
3523 4
3524 8
3525 5
3526 8
3527 13
3528 11
3529 10
3530 11
3531 12
3532 11
3533 17
3534 15
3535 17
3536 11
3537 20
3538 9
3539 13
3540 18
3541 14
3542 10
3543 12
3544 19
3545 13
3546 13
3547 23
3548 17
3549 17
3550 18
3551 18
3552 18
3553 17
3554 17
3555 15
3556 15
3557 12
3558 24
3559 14
3560 9
3561 18
3562 11
3563 12
3564 19
3565 23
3566 24
3567 12
3568 27
3569 20
3570 15
3571 24
3572 18
3573 16
3574 21
3575 15
3576 27
3577 19
3578 25
3579 16
3580 16
3581 20
3582 16
3583 22
3584 20
3585 18
3586 15
3587 18
3588 15
3589 20
3590 7
3591 15
3592 12
3593 13
3594 15
3595 12
3596 17
3597 15
3598 9
3599 16
3600 10
3601 13
3602 13
3603 15
3604 11
3605 12
3606 9
3607 17
3608 14
3609 13
3610 13
3611 10
3612 9
3613 10
3614 9
3615 17
3616 14
3617 12
3618 10
3619 6
3620 19
3621 18
3622 7
3623 11
3624 7
3625 7
3626 13
3627 9
3628 18
3629 16
3630 11
3631 13
3632 9
3633 15
3634 13
3635 7
3636 13
3637 9
3638 9
3639 4
3640 10
3641 7
3642 14
3643 4
3644 6
3645 4
3646 5
3647 10
3648 6
3649 10
3650 4
3651 9
3652 5
3653 7
3654 4
3655 6
3656 3
3657 6
3658 5
3659 2
3660 7
3661 9
3662 7
3663 6
3664 7
3665 5
3666 7
3667 3
3668 6
3669 7
3670 3
3671 2
3672 5
3673 2
3674 2
3675 3
3676 4
3677 2
3678 2
3679 3
3680 2
3681 2
3682 4
3683 5
3684 3
3685 1
3686 4
3687 2
3688 4
3689 4
3690 2
3691 3
3692 4
3693 5
3694 2
3695 4
3696 4
3697 4
3698 2
3699 3
3700 2
3701 4
3702 4
3703 2
3705 2
3706 3
3707 1
3708 1
3709 1
3711 1
3712 1
3713 2
3714 2
3715 1
3716 1
3717 1
3718 3
3719 1
3720 1
3721 1
3722 1
3725 1
3730 1
3731 1
3732 1
3733 1
3734 1
3736 1
3737 1
3738 4
3741 1
3742 2
3744 2
3745 1
3746 4
3747 4
3748 2
3749 2
3750 1
3751 2
3752 2
3753 1
3754 1
3755 2
3756 2
3757 1
3758 2
3759 3
3760 3
3761 4
3762 8
3763 6
3764 1
3765 5
3766 1
3767 4
3768 3
3769 7
3770 4
3772 1
3773 3
3774 1
3775 1
3776 6
3777 1
3778 4
3779 1
3780 7
3781 4
3782 5
3783 4
3784 5
3785 5
3786 3
3787 2
3788 5
3789 8
3790 3
3791 9
3792 4
3793 3
3794 1
3795 3
3796 3
3797 3
3798 6
3799 3
3800 4
3801 6
3802 5
3803 1
3804 4
3805 3
3806 6
3807 5
3808 2
3809 4
3810 2
3811 6
3812 7
3813 10
3814 6
3815 5
3816 8
3817 3
3818 3
3819 7
3820 2
3821 5
3822 4
3823 5
3824 8
3825 8
3826 4
3827 2
3828 4
3829 4
3830 4
3831 4
3832 4
3833 5
3834 5
3835 3
3836 3
3837 5
3838 2
3839 4
3840 4
3841 2
3842 1
3843 5
3844 5
3845 10
3846 6
3847 7
3848 3
3849 3
3850 1
3851 4
3852 2
3853 2
3854 3
3855 6
3856 8
3857 2
3858 1
3859 6
3860 4
3861 2
3862 8
3863 7
3864 7
3865 3
3866 3
3867 4
3868 8
3869 3
3870 3
3871 6
3872 10
3873 8
3874 6
3875 7
3876 6
3877 6
3878 8
3879 5
3880 9
3881 3
3882 5
3883 11
3884 4
3885 9
3886 12
3887 5
3888 3
3889 8
3890 8
3891 7
3892 11
3893 11
3894 9
3895 7
3896 12
3897 8
3898 8
3899 8
3900 8
3901 6
3902 5
3903 2
3904 8
3905 8
3906 3
3907 1
3908 6
3909 4
3910 6
3911 4
3912 5
3913 2
3914 3
3915 7
3916 3
3917 6
3918 4
3919 8
3920 2
3921 5
3922 7
3923 5
3924 2
3925 2
3927 4
3928 4
3929 4
3930 4
3931 5
3932 5
3933 6
3934 3
3935 4
3936 5
3937 9
3938 7
3939 9
3940 8
3941 8
3942 4
3943 3
3944 5
3945 4
3946 4
3947 10
3948 8
3949 9
3950 4
3951 5
3952 5
3953 6
3954 6
3955 6
3956 13
3957 3
3958 10
3959 8
3960 12
3961 11
3962 7
3963 7
3964 5
3965 4
3966 6
3967 4
3968 6
3969 3
3970 6
3971 3
3972 5
3973 11
3974 4
3975 7
3976 6
3977 4
3978 7
3979 9
3980 7
3981 4
3982 3
3983 6
3984 5
3985 6
3986 7
3987 7
3988 4
3989 6
3990 6
3991 8
3992 8
3993 4
3994 3
3995 8
3996 10
3997 1
3998 5
3999 4
4000 6
4001 4
4002 3
4003 5
4004 2
4005 2
4006 3
4007 3
4008 3
4009 3
4010 2
4011 2
4012 2
4013 6
4014 10
4015 5
4016 3
4017 2
4018 4
4020 3
4021 5
4022 4
4023 3
4024 4
4025 2
4026 3
4028 3
4029 2
4030 4
4031 2
4032 7
4033 1
4034 4
4035 2
4036 2
4037 3
4038 2
4039 1
4040 1
4041 2
4042 3
4043 4
4044 2
4045 5
4046 3
4047 1
4048 1
4049 1
4050 3
4051 3
4052 1
4053 2
4055 1
4056 3
4057 2
4058 1
4060 1
4066 1
4070 1
4074 1
4075 1
4124 1
4127 2
4133 1
4134 1
4137 1
4141 1
4142 1
4150 1
4152 1
4155 1
4156 2
4159 1
4161 1
4173 1
4174 1
4175 1
4176 1
4177 1
4178 1
4179 1
4181 2
4182 1
4183 2
4184 1
4186 1
4187 3
4188 2
4189 1
4191 2
4192 3
4193 2
4194 2
4195 6
4196 3
4197 5
4198 2
4199 2
4200 5
4201 4
4202 5
4203 3
4204 4
4205 2
4206 7
4207 5
4208 3
4209 5
4210 8
4211 7
4212 5
4213 13
4214 7
4215 10
4216 6
4217 6
4218 4
4219 5
4220 4
4221 3
4222 8
4223 4
4224 5
4225 5
4226 19
4227 7
4228 9
4229 5
4230 5
4231 3
4232 6
4233 5
4234 7
4235 11
4236 9
4237 5
4238 8
4239 13
4240 4
4241 6
4242 8
4243 8
4244 8
4245 10
4246 8
4247 6
4248 12
4249 14
4250 5
4251 7
4252 8
4253 8
4254 12
4255 16
4256 8
4257 9
4258 15
4259 12
4260 5
4261 13
4262 11
4263 17
4264 9
4265 9
4266 13
4267 9
4268 10
4269 8
4270 16
4271 14
4272 8
4273 11
4274 13
4275 12
4276 12
4277 9
4278 9
4279 12
4280 11
4281 15
4282 19
4283 12
4284 10
4285 15
4286 12
4287 7
4288 8
4289 13
4290 9
4291 18
4292 8
4293 13
4294 14
4295 12
4296 13
4297 11
4298 17
4299 13
4300 16
4301 16
4302 13
4303 15
4304 14
4305 14
4306 16
4307 13
4308 15
4309 15
4310 20
4311 15
4312 11
4313 14
4314 20
4315 9
4316 17
4317 11
4318 12
4319 12
4320 11
4321 12
4322 14
4323 16
4324 12
4325 14
4326 13
4327 10
4328 16
4329 19
4330 16
4331 17
4332 14
4333 21
4334 8
4335 16
4336 12
4337 13
4338 18
4339 17
4340 13
4341 11
4342 15
4343 16
4344 10
4345 12
4346 10
4347 9
4348 10
4349 16
4350 11
4351 8
4352 6
4353 11
4354 12
4355 12
4356 10
4357 11
4358 15
4359 13
4360 11
4361 9
4362 5
4363 8
4364 11
4365 14
4366 8
4367 13
4368 9
4369 6
4370 13
4371 6
4372 5
4373 10
4374 11
4375 10
4376 3
4377 5
4378 8
4379 2
4380 1
4381 5
4382 7
4383 5
4384 3
4385 2
4387 6
4388 3
4389 8
4390 2
4391 5
4392 4
4393 4
4394 4
4395 3
4396 6
4397 3
4398 2
4399 3
4400 3
4401 3
4402 1
4403 3
4404 1
4405 4
4406 3
4407 1
4408 1
4409 2
4410 2
4411 3
4412 4
4413 1
4414 2
4415 3
4417 2
4418 2
4419 1
4420 1
4421 3
4422 1
4423 6
4424 4
4425 5
4426 2
4427 4
4428 3
4429 1
4430 1
4431 2
4432 2
4433 1
4434 2
4438 1
4439 1
4440 1
4441 1
4443 1
4444 1
4445 2
4446 2
4447 2
4448 3
4450 5
4451 2
4452 3
4453 1
4454 3
4455 4
4456 5
4458 2
4460 3
4461 3
4462 1
4463 1
4464 2
4467 1
4468 2
4470 2
4472 1
4473 2
4474 2
4475 2
4476 4
4478 2
4480 2
4481 6
4482 2
4483 3
4484 2
4485 1
4486 1
4488 1
4489 1
4491 2
4492 1
4493 3
4494 3
4496 2
4497 4
4499 1
4500 3
4501 2
4505 1
4507 1
4508 1
4509 1
4511 2
4513 1
4514 1
4515 1
4517 1
4518 2
4520 1
4524 1
4525 2
4526 3
4528 2
4530 1
4532 1
4537 3
4538 2
4539 1
4541 1
4547 1
4548 1
4553 1
4554 1
4555 1
4560 1
4564 1
4565 1
4566 1
4567 1
4568 1
4569 1
4570 1
4571 1
4572 1
4574 2
4575 2
4578 3
4579 1
4584 1
4585 2
4586 2
4587 1
4591 3
4594 3
4595 3
4596 1
4598 4
4600 2
4603 1
4604 1
4606 1
4608 3
4609 3
4610 2
4613 2
4616 2
4617 1
4620 1
4621 1
4626 2
4629 4
4630 2
4632 2
4633 1
4634 1
4635 2
4638 1
4641 3
4643 2
4644 1
4645 2
4646 4
4648 1
4649 1
4652 1
4653 1
4656 2
4661 1
4662 1
4664 2
4666 1
4667 1
4669 2
4670 1
4671 1
4674 3
4675 2
4677 1
4679 3
4680 3
4681 1
4682 3
4683 2
4684 3
4685 3
4686 1
4687 3
4691 1
4693 2
4695 2
4696 2
4697 2
4699 1
4700 3
4701 2
4702 2
4703 2
4704 4
4705 1
4706 2
4707 3
4708 3
4709 2
4710 3
4711 3
4712 4
4713 4
4714 2
4715 2
4716 1
4717 1
4718 4
4719 4
4720 1
4721 1
4722 1
4723 1
4724 1
4725 2
4726 1
4727 1
4728 1
4729 1
4730 2
4731 2
4732 4
4733 2
4734 2
4736 2
4737 3
4738 2
4739 3
4740 2
4741 2
4742 2
4743 1
4744 3
4745 1
4746 2
4748 2
4749 1
4750 2
4751 2
4752 2
4753 3
4754 1
4755 1
4756 2
4757 1
4758 1
4759 1
4760 1
4762 1
4764 2
4767 1
4769 2
4770 1
4771 2
4773 1
4774 1
4779 1
4787 1
4790 1
4794 1
4795 2
4807 1
4809 1
4810 1
4820 1
4825 1
4828 1
4830 1
4831 1
4832 2
4833 1
4840 1
4844 1
4847 1
4851 1
4864 1
4866 1
4869 1
4871 1
4873 1
4874 1
4875 1
4892 1
4895 1
4901 1
4902 1
4912 1
4914 1
4922 1
4934 1
4937 1
4938 1
4939 3
4940 2
4942 1
4944 2
4945 2
4946 2
4947 1
4948 3
4953 1
4957 1
4960 3
4963 4
4964 2
4965 1
4966 4
4967 2
4968 1
4969 1
4971 1
4972 3
4973 3
4975 4
4976 1
4977 3
4978 3
4979 2
4980 4
4981 7
4982 2
4983 2
4984 1
4985 4
4986 2
4987 1
4988 2
4989 1
4990 2
4991 1
4993 2
4994 1
4995 1
4996 3
4998 1
4999 1
5000 2
5001 1
5002 3
5004 3
5005 1
5006 2
5007 2
5008 3
5009 1
5012 3
5015 1
5016 3
5019 2
5020 1
5024 2
5025 4
5027 1
5028 1
5029 1
5035 1
5036 3
5038 2
5039 1
5041 2
5042 1
5043 2
5044 3
5045 1
5047 1
5049 2
5050 1
5052 2
5053 1
5054 2
5055 2
5056 1
5057 3
5058 1
5059 2
5061 3
5062 2
5064 2
5065 1
5067 1
5068 2
5069 1
5070 2
5072 2
5073 1
5074 1
5076 3
5077 2
5078 1
5079 1
5080 2
5081 2
5082 4
5083 2
5085 2
5087 1
5088 1
5090 1
5091 3
5092 2
5093 2
5094 1
5095 2
5096 2
5097 3
5098 2
5100 1
5101 1
5102 1
5103 2
5105 2
5106 1
5107 1
5108 2
5109 2
5110 1
5111 1
5112 1
5113 2
5115 3
5116 2
5117 2
5119 1
5120 1
5121 2
5124 2
5125 2
5126 1
5128 1
5129 2
5131 1
5133 1
5136 1
5138 2
5139 1
5140 1
5141 1
5143 3
5144 1
5146 1
5147 1
5148 1
5154 1
5157 1
5161 1
5166 1
5167 2
5171 1
5173 1
5175 1
5181 1
5187 1
5291 1
5307 1
5402 1
5406 1
5415 1
5447 1
5452 1
5462 1
5472 1
5474 1
5508 1
5517 1
5519 1
5527 1
5542 1
5562 1
5565 1
5572 1
5573 1
5574 1
5575 1
5579 1
5581 1
5583 1
5585 1
5586 1
5591 1
5593 2
5594 2
5595 1
5598 2
5604 1
5608 2
5610 1
5612 2
5614 1
5617 1
5619 1
5620 3
5621 1
5622 3
5624 1
5625 3
5635 2
5637 1
5638 1
5643 1
5645 1
5656 1
5657 2
5664 1
5672 1
5673 1
5676 1
5677 3
5680 1
5681 1
5682 1
5685 1
5686 1
5689 2
5691 2
5693 1
5694 1
5695 1
5696 5
5698 1
5699 2
5700 1
5701 5
5702 1
5705 3
5708 2
5709 3
5711 2
5713 1
5714 3
5715 4
5716 2
5717 1
5718 2
5719 1
5720 2
5721 4
5722 1
5723 1
5724 3
5725 1
5726 1
5727 2
5729 1
5730 1
5731 2
5732 4
5734 2
5735 2
5736 1
5739 1
5740 1
5741 5
5742 3
5743 2
5745 3
5746 2
5747 2
5748 1
5749 2
5752 3
5753 2
5754 2
5755 3
5756 2
5761 2
5763 1
5764 2
5767 1
5768 1
5772 1
5773 1
5774 2
5775 1
5776 2
5778 1
5780 1
5781 2
5782 1
5786 1
5788 1
5789 1
5790 4
5792 3
5795 1
5799 1
5800 1
5805 1
5808 1
5809 2
5810 1
5813 2
5814 2
5815 1
5816 2
5817 1
5818 1
5819 3
5825 2
5826 2
5827 1
5828 2
5830 2
5831 1
5833 1
5835 2
5842 1
5843 1
5845 1
5846 1
5848 1
5856 1
5857 1
5859 2
5861 1
5864 1
5871 3
5872 1
5873 1
5888 1
5959 1
5972 2
5978 1
5979 1
5982 2
6000 1
6003 1
6057 1
6143 1
6165 1
6176 1
6205 1
6211 1
6222 1
6223 1
6227 1
6229 1
6235 1
6239 1
6245 1
6246 1
6256 2
6259 1
6263 1
6268 1
6273 1
6276 1
6288 1
6289 1
6294 1
6301 2
6302 1
6340 1
6345 1
6354 1
6364 1
6370 1
6378 1
6382 1
6385 1
6393 1
6395 3
6396 1
6398 1
6403 1
6404 1
6405 1
6406 2
6409 2
6410 3
6412 1
6413 2
6414 1
6415 1
6416 1
6417 3
6419 2
6420 1
6421 1
6422 5
6424 1
6427 1
6428 3
6429 3
6431 2
6432 1
6433 1
6434 1
6436 2
6437 1
6439 2
6442 2
6443 3
6444 2
6445 1
6446 1
6447 1
6448 1
6449 3
6450 2
6451 2
6452 1
6453 1
6454 3
6456 1
6458 1
6459 1
6460 1
6461 2
6462 1
6463 2
6464 1
6467 1
6471 1
6473 1
6476 1
6487 1
6490 1
6491 1
6493 1
6497 1
6500 2
6502 1
6506 1
6511 1
6513 1
6521 1
6525 2
6531 1
6536 3
6537 1
6541 1
6545 1
6547 1
6548 2
6550 1
6551 4
6552 1
6553 2
6555 1
6556 1
6557 3
6560 1
6562 2
6564 2
6566 2
6571 3
6575 1
6578 2
6584 2
6587 1
6596 1
6598 1
6599 1
6606 1
6608 1
6618 1
6622 2
6623 1
6626 1
6627 1
6628 1
6629 1
6630 1
6633 2
6634 1
6635 1
6636 3
6642 1
6644 1
6645 2
6646 1
6648 1
6747 1
6748 1
6871 1
6875 1
6881 1
6932 1
6982 1
6983 1
6984 1
7007 1
7008 1
7009 1
7010 1
7012 1
7016 2
7017 1
7018 1
7019 1
7020 3
7021 1
7022 2
7023 1
7024 3
7025 2
7026 1
7029 1
7030 1
7031 4
7032 1
7033 4
7035 2
7037 2
7038 1
7040 2
7042 1
7043 1
7044 1
7046 2
7047 1
7048 1
7049 2
7051 1
7052 1
7053 1
7056 1
7061 2
7062 1
7063 6
7066 1
7069 1
7071 1
7074 2
7075 1
7082 1
7083 1
7084 1
7088 1
7090 2
7092 1
7093 1
7094 1
7096 1
7097 1
7099 1
7101 1
7102 2
7103 1
7104 1
7105 2
7107 1
7108 1
7109 2
7110 1
7113 3
7117 2
7119 2
7121 2
7122 3
7125 1
7126 1
7127 3
7129 2
7130 1
7131 3
7133 2
7135 3
7136 2
7137 3
7138 1
7139 2
7140 2
7141 3
7143 5
7145 2
7146 3
7147 4
7148 4
7149 1
7150 5
7151 3
7152 1
7153 1
7154 3
7157 2
7161 2
7162 1
7165 1
7167 2
7168 2
7171 2
7172 2
7173 1
7174 2
7176 3
7178 1
7180 3
7183 1
7184 1
7185 1
7186 1
7187 1
7188 3
7189 1
7191 3
7194 4
7195 1
7196 2
7197 1
7199 4
7200 1
7202 3
7203 2
7204 1
7206 2
7207 1
7209 1
7210 2
7211 3
7212 2
7213 2
7215 1
7216 1
7218 3
7220 3
7221 1
7223 1
7225 1
7226 1
7227 2
7233 1
7239 1
7241 1
7249 1
7254 1
7259 1
7263 1
7269 1
7272 1
7275 1
7281 1
7282 1
7285 1
7287 1
7290 1
7293 1
7295 1
7298 2
7299 1
7300 1
7305 1
7306 1
7307 2
7308 1
7310 1
7311 1
7315 4
7316 2
7317 2
7319 1
7321 1
7325 1
7329 1
7340 1
7346 1
7347 1
7360 1
7422 1
7441 1
7531 1
7555 1
7638 1
7672 1
7721 1
7732 1
7738 1
7740 1
7742 1
7747 1
7749 1
7751 1
7755 1
7758 1
7759 1
7761 2
7765 1
7766 2
7768 1
7770 1
7772 2
7773 1
7774 1
7775 1
7776 1
7778 2
7781 1
7782 1
7785 1
7788 1
7790 1
7791 1
7792 2
7793 1
7794 1
7796 2
7797 2
7798 1
7799 1
7803 2
7811 1
7812 1
7815 2
7818 2
7819 3
7820 2
7821 1
7822 2
7824 2
7825 2
7826 2
7827 1
7828 1
7829 2
7830 3
7832 1
7833 2
7834 1
7835 2
7836 3
7837 4
7838 1
7839 2
7840 2
7841 2
7842 1
7843 1
7844 2
7845 3
7847 1
7849 2
7850 2
7852 3
7853 1
7854 2
7855 2
7856 2
7857 4
7858 6
7859 4
7860 2
7861 3
7863 2
7864 5
7865 2
7866 1
7867 4
7868 4
7869 5
7870 2
7871 4
7872 4
7873 5
7874 2
7875 4
7876 2
7877 5
7878 4
7879 2
7880 3
7881 2
7882 2
7883 3
7884 5
7885 1
7886 1
7887 1
7888 1
7889 3
7891 2
7892 2
7893 2
7894 5
7895 2
7896 5
7897 1
7898 6
7899 3
7900 6
7901 3
7902 5
7903 3
7904 2
7905 4
7906 6
7907 3
7909 5
7910 2
7911 2
7912 1
7913 3
7914 4
7915 3
7916 2
7917 2
7920 1
7922 1
7923 3
7925 1
7926 3
7927 3
7928 2
7929 2
7930 2
7932 2
7933 2
7934 5
7936 4
7937 1
7938 1
7939 1
7940 1
7941 3
7943 5
7944 2
7945 2
7946 2
7947 4
7948 1
7949 1
7950 1
7953 5
7954 4
7955 3
7956 1
7958 1
7960 5
7964 2
7965 1
7966 1
7967 2
7968 2
7969 1
7970 3
7971 4
7972 1
7977 2
7978 2
7979 1
7980 2
7981 1
7982 2
7983 2
7984 2
7985 2
7987 2
7988 1
7989 2
7990 1
7991 1
7992 2
7993 4
7994 2
7995 1
7996 2
7997 2
7998 1
7999 2
8000 1
8001 5
8003 2
8004 3
8005 2
8007 1
8008 1
8009 4
8010 4
8011 2
8012 2
8015 3
8017 1
8018 1
8019 2
8020 4
8021 1
8022 1
8023 2
8024 1
8025 3
8026 1
8027 1
8028 1
8029 1
8031 3
8033 1
8035 4
8039 2
8040 1
8044 1
8045 1
8046 1
8047 1
8048 1
8053 1
8055 1
8056 1
8062 1
8069 1
8071 1
8075 1
8076 1
8079 1
8080 1
8087 1
8088 1
8090 1
8093 1
8103 1
8108 1
8111 1
8125 1
8143 1
8145 1
8147 1
8148 1
8151 1
8161 1
8162 1
8165 1
8167 2
8261 1
8262 1
8352 1
8392 1
8425 1
8432 1
8445 1
8450 1
8451 1
8453 1
8454 1
8456 1
8469 1
8476 1
8489 1
8495 1
8505 1
8507 1
8508 1
8514 1
8515 1
8516 3
8517 3
8519 1
8520 1
8524 1
8530 1
8532 2
8533 1
8535 1
8537 1
8538 2
8541 1
8543 1
8545 1
8562 2
8564 1
8566 1
8568 2
8569 1
8570 1
8571 3
8573 1
8575 2
8577 1
8580 1
8581 1
8582 1
8584 2
8585 1
8586 1
8587 3
8589 4
8591 2
8593 1
8594 4
8597 2
8598 2
8599 4
8600 1
8601 1
8602 5
8604 2
8605 2
8606 2
8607 2
8608 3
8609 2
8610 2
8611 3
8612 2
8613 1
8615 1
8617 2
8618 3
8622 3
8623 1
8624 1
8625 2
8627 1
8628 2
8629 1
8631 5
8632 2
8633 1
8634 2
8635 1
8637 1
8638 2
8639 2
8640 1
8641 1
8643 1
8647 3
8648 1
8649 1
8654 1
8656 1
8657 2
8658 2
8659 2
8660 1
8662 1
8671 1
8678 1
8679 1
8680 1
8683 1
8686 1
8687 1
8698 2
8710 1
8712 1
8714 1
8717 1
8718 1
8726 1
8727 1
8731 1
8732 1
8734 1
8737 1
8739 1
8740 1
8743 1
8744 2
8747 1
8748 2
8749 2
8751 4
8753 1
8754 4
8755 1
8756 1
8759 3
8760 1
8762 2
8764 1
8765 1
8766 1
8768 3
8769 2
8774 1
8778 1
8779 2
8781 1
8782 1
8784 1
8786 1
8788 1
8789 2
8790 1
8791 1
8794 1
8799 1
8800 1
8801 2
8802 1
8805 1
8806 1
8809 1
8810 1
8811 1
8815 1
8816 1
8817 1
8820 1
8822 1
8830 1
8836 1
8861 1
8868 1
8879 1
8887 1
8891 1
8895 1
8897 1
8908 1
8919 1
8942 1
9003 1
9046 1
9123 1
9152 1
9157 1
9158 1
9160 1
9162 1
9166 1
9168 1
9175 1
9177 1
9178 2
9182 1
9186 1
9187 1
9188 1
9193 2
9194 1
9196 1
9197 2
9199 1
9200 1
9202 2
9203 2
9205 2
9208 2
9210 2
9212 3
9213 1
9215 1
9216 1
9217 1
9218 3
9219 1
9220 1
9224 2
9225 3
9226 1
9227 2
9228 2
9229 2
9230 2
9231 4
9232 1
9233 3
9234 1
9235 4
9236 1
9237 8
9238 1
9239 3
9240 2
9241 2
9243 2
9244 6
9245 4
9246 2
9247 2
9248 1
9249 3
9251 1
9252 5
9253 2
9254 2
9255 2
9256 3
9257 2
9258 4
9260 3
9261 1
9262 1
9263 1
9265 2
9267 1
9268 1
9269 2
9270 1
9272 2
9273 4
9274 3
9275 4
9276 4
9277 2
9278 2
9279 1
9280 8
9282 3
9283 2
9284 1
9285 2
9286 3
9288 2
9289 4
9290 3
9291 1
9292 2
9293 3
9294 1
9295 1
9296 2
9297 4
9298 3
9299 2
9300 1
9301 1
9302 1
9304 1
9305 2
9309 1
9310 3
9311 2
9312 1
9313 1
9314 1
9316 1
9318 1
9324 2
9325 3
9326 2
9327 1
9328 1
9329 3
9330 2
9331 1
9332 1
9333 2
9334 3
9335 2
9336 1
9337 1
9342 2
9344 1
9347 2
9350 1
9356 1
9357 1
9359 1
9361 2
9363 1
9364 1
9367 2
9368 1
9372 1
9373 2
9374 1
9379 1
9380 2
9382 1
9386 1
9388 1
9390 1
9391 1
9393 1
9397 2
9398 1
9400 1
9411 2
9418 1
9419 1
9420 1
9421 1
9422 1
9423 1
9426 1
9431 1
9432 1
9435 1
9437 2
9440 1
9441 1
9442 1
9443 1
9445 1
9446 1
9448 2
9449 1
9453 1
9455 1
9456 1
9457 1
9464 1
9472 1
9479 1
9498 1
9499 1
9505 1
9556 1
9568 1
9578 1
9593 1
9594 1
9598 1
9600 2
9603 1
9604 1
9607 1
9608 2
9610 1
9612 1
9613 1
9615 1
9618 2
9619 1
9621 3
9622 2
9623 1
9625 1
9626 1
9627 1
9629 1
9634 3
9635 1
9636 2
9638 1
9647 1
9648 1
9650 1
9672 1
9679 1
9681 1
9686 1
9687 1
9689 1
9701 1
9704 1
9711 2
9712 1
9713 1
9714 1
9718 2
9722 1
9725 1
9727 1
9731 1
9734 1
9738 2
9743 1
9746 2
9747 1
9749 1
9751 1
9753 1
9755 2
9764 2
9766 1
9772 1
9774 1
9775 1
9777 1
9778 1
9782 2
9784 1
9786 1
9788 1
9793 1
9800 1
9803 1
9810 1
9904 1
9913 1
9919 1
9924 1
9927 1
9935 1
9938 2
9943 2
9946 1
9950 1
9951 1
9959 2
9961 2
9963 2
9967 1
9976 1
9977 1
9979 1
9980 2
9983 1
9987 1
9988 2
9991 1
9996 1
9997 2
10001 1073
