1 20279697
2 14811430
3 10078446
4 7102738
5 5414467
6 4354217
7 3631062
8 3181882
9 2929305
10 2809758
11 2731378
12 2644402
13 2522226
14 2356739
15 2154800
16 1928746
17 1707975
18 1492906
19 1296896
20 1108789
21 940625
22 789969
23 651614
24 528294
25 423241
26 334669
27 261304
28 204329
29 165385
30 142289
31 130276
32 130490
33 140437
34 158950
35 183050
36 214945
37 245813
38 279224
39 311473
40 339156
41 361649
42 376984
43 385330
44 384473
45 376469
46 359613
47 337307
48 312051
49 282560
50 248413
51 216595
52 184378
53 154160
54 126317
55 102370
56 82515
57 64813
58 50584
59 38982
60 30406
61 24283
62 19803
63 17636
64 16443
65 16230
66 17420
67 19610
68 22795
69 26417
70 30386
71 35189
72 41077
73 46322
74 52254
75 57960
76 63642
77 69338
78 73898
79 78032
80 80554
81 82434
82 84627
83 85416
84 84245
85 82493
86 80953
87 77135
88 72889
89 68406
90 63053
91 58269
92 52640
93 47663
94 42248
95 37940
96 32720
97 28172
98 23957
99 20390
100 16944
101 13911
102 11593
103 9751
104 8063
105 6690
106 5545
107 4836
108 4418
109 4135
110 4081
111 4303
112 4635
113 5493
114 6627
115 8065
116 9740
117 11886
118 14366
119 17505
120 21578
121 25507
122 30599
123 36130
124 41749
125 48459
126 55691
127 64045
128 73153
129 81653
130 92661
131 102767
132 114428
133 124552
134 136748
135 147735
136 159009
137 169718
138 180653
139 191733
140 200091
141 209108
142 216415
143 223186
144 228881
145 232832
146 235627
147 238027
148 237734
149 238160
150 234530
151 231114
152 227386
153 220938
154 213974
155 206475
156 198275
157 189890
158 180875
159 170173
160 159765
161 149306
162 139734
163 128277
164 118202
165 108082
166 98611
167 90089
168 80957
169 72387
170 64662
171 57174
172 50726
173 44152
174 39005
175 33732
176 28885
177 24934
178 21322
179 18395
180 15823
181 13529
182 11310
183 9667
184 8223
185 6767
186 5638
187 4685
188 3800
189 3141
190 2572
191 2171
192 1894
193 1593
194 1310
195 1120
196 974
197 936
198 881
199 813
200 802
201 836
202 861
203 864
204 883
205 1013
206 1111
207 1208
208 1308
209 1493
210 1586
211 1692
212 1916
213 2072
214 2220
215 2522
216 2556
217 2878
218 3082
219 3195
220 3512
221 3646
222 3744
223 3949
224 4155
225 4521
226 4543
227 4966
228 4902
229 5251
230 5319
231 5445
232 5293
233 5279
234 5368
235 5392
236 5406
237 5324
238 5297
239 5346
240 5112
241 4933
242 4864
243 4767
244 4621
245 4519
246 4337
247 4085
248 3725
249 3690
250 3414
251 3222
252 3127
253 2902
254 2548
255 2384
256 2135
257 1952
258 1855
259 1816
260 1566
261 1457
262 1315
263 1221
264 1105
265 1058
266 957
267 879
268 925
269 835
270 730
271 807
272 710
273 670
274 613
275 602
276 581
277 595
278 621
279 574
280 626
281 615
282 586
283 646
284 645
285 663
286 667
287 721
288 719
289 750
290 732
291 759
292 815
293 835
294 849
295 888
296 936
297 934
298 955
299 895
300 963
301 976
302 958
303 996
304 943
305 973
306 932
307 880
308 910
309 881
310 818
311 895
312 846
313 892
314 831
315 746
316 754
317 654
318 647
319 633
320 583
321 559
322 572
323 540
324 507
325 488
326 485
327 449
328 412
329 393
330 360
331 374
332 347
333 284
334 276
335 267
336 243
337 237
338 228
339 188
340 190
341 149
342 176
343 145
344 129
345 124
346 134
347 124
348 118
349 111
350 105
351 93
352 77
353 88
354 81
355 63
356 66
357 54
358 68
359 56
360 75
361 59
362 53
363 57
364 47
365 59
366 47
367 51
368 49
369 49
370 66
371 68
372 45
373 48
374 47
375 42
376 48
377 39
378 38
379 47
380 42
381 38
382 46
383 40
384 53
385 59
386 53
387 53
388 50
389 62
390 57
391 55
392 63
393 72
394 60
395 68
396 69
397 73
398 66
399 65
400 81
401 76
402 86
403 78
404 71
405 70
406 95
407 82
408 96
409 96
410 98
411 102
412 120
413 106
414 122
415 124
416 112
417 107
418 104
419 115
420 115
421 116
422 119
423 89
424 94
425 134
426 116
427 109
428 123
429 130
430 143
431 120
432 135
433 126
434 123
435 153
436 142
437 128
438 138
439 142
440 120
441 136
442 128
443 141
444 138
445 157
446 143
447 157
448 179
449 170
450 165
451 178
452 167
453 175
454 180
455 176
456 148
457 202
458 181
459 161
460 159
461 150
462 194
463 174
464 151
465 187
466 166
467 148
468 165
469 148
470 139
471 142
472 156
473 152
474 114
475 144
476 136
477 124
478 110
479 110
480 100
481 123
482 141
483 103
484 123
485 111
486 87
487 100
488 106
489 103
490 101
491 91
492 77
493 81
494 80
495 67
496 77
497 73
498 67
499 69
500 58
501 89
502 75
503 63
504 68
505 60
506 66
507 65
508 63
509 60
510 53
511 51
512 66
513 56
514 58
515 54
516 45
517 70
518 65
519 63
520 62
521 59
522 52
523 43
524 67
525 55
526 64
527 45
528 52
529 59
530 31
531 54
532 38
533 39
534 36
535 41
536 40
537 40
538 48
539 41
540 41
541 30
542 36
543 34
544 36
545 26
546 41
547 53
548 34
549 39
550 34
551 42
552 34
553 45
554 59
555 51
556 44
557 70
558 63
559 63
560 61
561 58
562 67
563 77
564 87
565 80
566 100
567 102
568 66
569 79
570 65
571 74
572 76
573 60
574 58
575 56
576 55
577 55
578 70
579 48
580 61
581 69
582 81
583 59
584 60
585 65
586 86
587 66
588 84
589 82
590 83
591 78
592 84
593 96
594 72
595 68
596 98
597 73
598 78
599 75
600 105
601 86
602 116
603 116
604 112
605 112
606 109
607 114
608 102
609 129
610 136
611 111
612 135
613 112
614 108
615 94
616 110
617 107
618 94
619 94
620 102
621 102
622 121
623 111
624 90
625 108
626 87
627 122
628 117
629 116
630 115
631 85
632 81
633 79
634 84
635 86
636 99
637 98
638 70
639 89
640 82
641 67
642 62
643 57
644 72
645 69
646 77
647 74
648 61
649 60
650 55
651 45
652 40
653 34
654 38
655 33
656 34
657 39
658 26
659 36
660 40
661 37
662 33
663 25
664 40
665 43
666 32
667 38
668 41
669 30
670 40
671 31
672 23
673 36
674 28
675 17
676 25
677 27
678 29
679 25
680 23
681 25
682 20
683 22
684 18
685 23
686 28
687 26
688 23
689 22
690 15
691 23
692 27
693 24
694 25
695 11
696 16
697 21
698 18
699 17
700 21
701 22
702 26
703 19
704 21
705 14
706 22
707 27
708 20
709 22
710 19
711 16
712 16
713 23
714 15
715 25
716 23
717 26
718 22
719 20
720 8
721 27
722 25
723 26
724 25
725 24
726 27
727 27
728 27
729 34
730 25
731 23
732 28
733 28
734 33
735 24
736 25
737 26
738 41
739 39
740 39
741 29
742 23
743 38
744 30
745 34
746 29
747 38
748 24
749 31
750 30
751 41
752 36
753 36
754 30
755 41
756 40
757 51
758 52
759 43
760 44
761 51
762 43
763 41
764 43
765 26
766 30
767 46
768 36
769 30
770 32
771 44
772 27
773 33
774 31
775 30
776 22
777 23
778 22
779 25
780 35
781 22
782 27
783 23
784 18
785 17
786 26
787 21
788 16
789 14
790 19
791 20
792 18
793 22
794 19
795 23
796 23
797 30
798 17
799 9
800 13
801 24
802 15
803 27
804 17
805 24
806 25
807 27
808 17
809 12
810 25
811 21
812 16
813 19
814 17
815 16
816 20
817 23
818 16
819 22
820 13
821 16
822 19
823 16
824 16
825 17
826 17
827 8
828 10
829 11
830 17
831 13
832 10
833 13
834 16
835 10
836 16
837 7
838 8
839 14
840 14
841 19
842 18
843 10
844 15
845 11
846 24
847 14
848 20
849 20
850 21
851 23
852 24
853 37
854 17
855 19
856 16
857 24
858 12
859 17
860 16
861 13
862 18
863 20
864 17
865 13
866 14
867 19
868 10
869 16
870 22
871 18
872 14
873 15
874 12
875 11
876 16
877 11
878 15
879 15
880 12
881 23
882 14
883 18
884 10
885 22
886 15
887 11
888 22
889 21
890 17
891 12
892 17
893 21
894 11
895 20
896 23
897 19
898 12
899 15
900 12
901 18
902 12
903 21
904 8
905 18
906 25
907 20
908 24
909 14
910 16
911 23
912 19
913 19
914 16
915 20
916 16
917 19
918 17
919 13
920 22
921 18
922 26
923 25
924 31
925 34
926 26
927 34
928 34
929 40
930 38
931 51
932 49
933 54
934 62
935 73
936 65
937 67
938 95
939 86
940 96
941 93
942 102
943 114
944 115
945 158
946 137
947 177
948 178
949 203
950 238
951 236
952 277
953 318
954 345
955 401
956 432
957 456
958 543
959 545
960 623
961 602
962 695
963 782
964 810
965 892
966 971
967 1059
968 1144
969 1197
970 1305
971 1444
972 1543
973 1648
974 1723
975 1895
976 1980
977 2207
978 2378
979 2539
980 2644
981 2877
982 2999
983 3225
984 3515
985 3705
986 3905
987 4096
988 4424
989 4725
990 4977
991 5207
992 5495
993 5845
994 6074
995 6437
996 6751
997 7289
998 7567
999 8052
1000 8337
1001 8783
1002 9086
1003 9670
1004 10108
1005 10502
1006 11037
1007 11295
1008 11752
1009 12191
1010 12866
1011 13312
1012 13868
1013 14418
1014 14881
1015 15387
1016 15597
1017 16370
1018 16772
1019 17695
1020 18048
1021 18153
1022 18698
1023 19379
1024 19995
1025 19981
1026 20664
1027 21136
1028 21536
1029 22287
1030 22533
1031 23282
1032 23336
1033 23593
1034 24192
1035 24347
1036 24715
1037 25398
1038 25689
1039 25623
1040 26251
1041 26324
1042 26779
1043 26805
1044 27065
1045 27024
1046 27043
1047 27196
1048 27212
1049 27400
1050 27578
1051 27639
1052 27827
1053 27125
1054 27263
1055 27147
1056 26884
1057 26578
1058 26624
1059 26144
1060 26179
1061 25718
1062 25631
1063 25197
1064 24853
1065 24482
1066 24120
1067 23793
1068 23481
1069 23065
1070 22530
1071 22028
1072 21587
1073 21081
1074 20638
1075 19958
1076 19525
1077 19259
1078 18792
1079 17939
1080 17527
1081 16908
1082 16476
1083 15851
1084 15530
1085 15195
1086 14640
1087 14047
1088 13688
1089 13172
1090 12690
1091 12254
1092 11771
1093 11203
1094 10610
1095 10199
1096 9960
1097 9677
1098 9201
1099 8641
1100 8219
1101 7771
1102 7508
1103 7182
1104 6816
1105 6263
1106 6021
1107 5762
1108 5311
1109 5058
1110 4720
1111 4525
1112 4264
1113 3984
1114 3801
1115 3623
1116 3488
1117 3082
1118 3030
1119 2865
1120 2585
1121 2503
1122 2370
1123 2211
1124 2054
1125 1956
1126 1785
1127 1679
1128 1541
1129 1507
1130 1421
1131 1245
1132 1148
1133 1061
1134 1004
1135 917
1136 865
1137 791
1138 703
1139 688
1140 640
1141 561
1142 571
1143 494
1144 456
1145 428
1146 412
1147 374
1148 348
1149 317
1150 288
1151 274
1152 226
1153 197
1154 215
1155 201
1156 210
1157 175
1158 188
1159 155
1160 146
1161 137
1162 142
1163 127
1164 119
1165 124
1166 113
1167 95
1168 106
1169 85
1170 102
1171 83
1172 82
1173 74
1174 69
1175 75
1176 59
1177 71
1178 76
1179 60
1180 79
1181 49
1182 63
1183 63
1184 49
1185 45
1186 46
1187 36
1188 43
1189 44
1190 42
1191 45
1192 43
1193 38
1194 33
1195 34
1196 37
1197 34
1198 34
1199 35
1200 38
1201 40
1202 51
1203 35
1204 43
1205 40
1206 36
1207 42
1208 33
1209 29
1210 40
1211 40
1212 35
1213 36
1214 41
1215 34
1216 34
1217 34
1218 36
1219 30
1220 32
1221 32
1222 23
1223 32
1224 22
1225 25
1226 33
1227 32
1228 25
1229 33
1230 18
1231 21
1232 22
1233 14
1234 19
1235 6
1236 14
1237 11
1238 7
1239 21
1240 11
1241 10
1242 13
1243 6
1244 12
1245 12
1246 8
1247 6
1248 17
1249 13
1250 11
1251 13
1252 8
1253 16
1254 11
1255 13
1256 10
1257 9
1258 9
1259 11
1260 11
1261 15
1262 9
1263 14
1264 8
1265 10
1266 7
1267 10
1268 10
1269 11
1270 12
1271 8
1272 5
1273 8
1274 6
1275 5
1276 3
1277 6
1278 4
1279 4
1280 4
1281 3
1282 5
1283 5
1284 4
1285 4
1286 4
1287 9
1288 9
1289 5
1290 5
1291 9
1292 5
1293 6
1294 7
1295 4
1296 10
1297 3
1298 2
1299 10
1300 4
1301 3
1302 4
1303 11
1304 4
1305 4
1306 6
1307 7
1308 7
1309 6
1310 6
1311 7
1312 11
1313 7
1314 10
1315 2
1316 3
1317 9
1318 2
1319 5
1320 4
1321 6
1322 10
1323 9
1324 9
1325 3
1326 3
1327 8
1328 5
1329 6
1330 7
1331 9
1332 5
1333 6
1334 5
1335 8
1336 2
1337 8
1338 7
1339 6
1340 3
1341 5
1342 2
1343 7
1344 6
1345 3
1346 7
1347 8
1348 5
1349 1
1350 5
1351 8
1352 7
1353 2
1354 7
1355 5
1356 3
1357 4
1358 6
1359 5
1360 10
1361 6
1362 8
1363 9
1364 6
1365 4
1366 5
1367 4
1368 7
1369 3
1370 6
1371 4
1372 7
1373 4
1374 6
1375 2
1376 8
1377 7
1378 7
1379 6
1380 4
1381 5
1382 4
1383 5
1384 2
1385 4
1386 6
1387 2
1388 3
1389 6
1390 3
1391 1
1392 2
1393 1
1394 5
1395 4
1396 3
1397 2
1398 7
1399 2
1400 4
1401 1
1402 1
1403 3
1404 1
1405 2
1406 3
1407 3
1408 3
1409 6
1410 3
1411 5
1412 1
1413 1
1414 3
1415 2
1416 4
1417 8
1418 5
1420 4
1421 8
1422 8
1423 2
1424 6
1425 3
1426 4
1427 3
1428 1
1429 6
1430 4
1431 8
1432 3
1433 3
1434 5
1435 6
1436 4
1438 3
1439 3
1440 5
1441 2
1442 4
1443 4
1444 7
1445 3
1446 3
1447 3
1449 5
1450 1
1451 2
1452 3
1453 2
1455 6
1456 2
1457 3
1458 1
1459 2
1460 3
1461 2
1462 2
1463 2
1465 2
1466 5
1467 5
1468 4
1470 2
1471 4
1472 3
1473 2
1475 1
1476 1
1477 1
1478 2
1479 3
1480 1
1481 3
1482 1
1483 2
1484 2
1485 1
1487 1
1488 1
1489 2
1490 6
1491 4
1492 3
1493 3
1494 1
1496 1
1497 4
1498 2
1499 2
1500 3
1501 2
1502 3
1503 2
1504 1
1505 5
1506 4
1507 3
1508 4
1509 5
1510 1
1511 1
1512 1
1513 3
1514 4
1515 3
1516 2
1517 3
1518 4
1519 4
1520 2
1521 3
1522 2
1523 3
1524 5
1525 6
1526 1
1527 4
1528 3
1529 6
1530 3
1531 3
1532 2
1533 7
1534 4
1535 6
1536 4
1537 5
1538 2
1539 4
1540 4
1541 3
1542 7
1543 2
1544 3
1546 5
1547 2
1548 3
1549 3
1550 4
1551 8
1552 5
1553 1
1554 2
1555 2
1556 4
1557 6
1558 4
1559 6
1560 1
1561 4
1564 3
1566 1
1567 5
1568 1
1569 2
1570 2
1571 1
1572 3
1573 2
1574 5
1575 3
1576 2
1577 1
1578 3
1579 2
1580 2
1581 2
1582 1
1584 4
1585 3
1586 4
1587 1
1588 1
1591 3
1592 6
1593 2
1595 1
1596 3
1597 2
1598 3
1599 5
1600 1
1601 3
1602 2
1603 5
1604 5
1605 3
1606 1
1607 4
1609 5
1610 1
1611 2
1613 2
1614 2
1615 2
1616 1
1617 1
1618 3
1619 5
1620 3
1621 6
1622 1
1623 3
1624 3
1625 4
1626 2
1627 1
1628 2
1629 1
1630 2
1631 2
1632 3
1634 1
1635 1
1636 1
1637 2
1638 3
1639 2
1640 3
1641 3
1642 1
1643 1
1644 3
1645 4
1646 2
1647 5
1648 3
1649 1
1650 3
1651 1
1652 2
1653 2
1654 5
1655 3
1657 1
1658 1
1659 1
1661 2
1662 4
1663 4
1665 2
1666 1
1667 1
1668 1
1669 4
1670 2
1671 1
1672 2
1675 1
1677 2
1678 3
1679 1
1680 2
1681 1
1682 1
1684 5
1685 1
1690 1
1691 3
1692 2
1693 3
1694 2
1695 1
1696 2
1697 4
1698 3
1699 1
1700 2
1701 4
1702 2
1703 5
1705 1
1706 1
1707 1
1708 2
1709 2
1710 1
1711 1
1712 1
1713 1
1714 2
1715 2
1717 1
1718 4
1719 1
1721 1
1722 2
1723 2
1724 2
1725 3
1726 3
1727 1
1729 3
1730 1
1731 2
1732 4
1733 2
1734 3
1735 1
1736 3
1737 3
1738 2
1739 1
1740 5
1741 4
1742 2
1743 1
1744 1
1745 1
1746 2
1747 1
1748 2
1749 4
1750 1
1751 1
1752 3
1753 4
1754 2
1755 1
1756 2
1757 1
1758 1
1759 1
1760 3
1761 2
1762 1
1763 1
1764 1
1766 1
1767 1
1768 2
1770 5
1771 1
1774 2
1775 2
1776 2
1778 1
1780 5
1781 1
1782 2
1783 1
1785 3
1786 2
1787 2
1789 1
1790 1
1791 1
1792 2
1793 2
1794 1
1795 3
1796 1
1798 3
1800 3
1801 1
1802 3
1803 2
1805 1
1806 1
1807 1
1808 3
1810 3
1812 2
1814 4
1815 1
1816 2
1817 2
1818 1
1820 1
1821 2
1822 2
1823 2
1824 1
1825 2
1826 2
1827 2
1828 3
1829 2
1831 1
1832 3
1834 2
1835 1
1836 1
1837 2
1838 2
1839 1
1840 2
1842 2
1843 1
1846 1
1848 3
1849 1
1851 1
1852 1
1853 2
1854 2
1858 1
1859 1
1860 1
1864 1
1865 2
1866 1
1867 2
1869 2
1870 2
1871 1
1873 1
1876 1
1878 2
1879 1
1881 1
1889 1
1890 1
1891 1
1893 1
1895 1
1900 1
1908 1
1910 2
1911 2
1912 3
1914 1
1915 1
1917 1
1919 1
1920 3
1921 1
1922 2
1927 1
1929 1
1933 1
1934 3
1935 2
1936 1
1938 2
1939 1
1940 1
1941 1
1942 1
1943 1
1944 2
1951 1
1954 1
1956 1
1958 2
1959 1
1965 1
1966 1
1968 1
1969 1
1970 1
1972 1
1974 1
1975 1
1976 1
1978 2
1979 2
1980 2
1981 3
1983 2
1984 1
1985 1
1987 4
1988 1
1989 1
1990 5
1991 2
1992 4
1993 3
1994 2
1995 3
1996 5
1997 4
1998 4
1999 3
2000 4
2001 5
2002 5
2003 4
2004 4
2005 4
2006 2
2007 7
2008 3
2009 6
2010 4
2011 5
2012 4
2013 5
2014 9
2015 5
2016 4
2017 4
2018 5
2019 4
2020 2
2021 5
2022 8
2023 7
2024 4
2025 9
2026 2
2027 6
2028 8
2029 10
2030 6
2031 4
2032 12
2033 8
2034 8
2035 5
2036 10
2037 9
2038 14
2039 13
2040 15
2041 12
2042 18
2043 10
2044 10
2045 15
2046 13
2047 14
2048 14
2049 21
2050 14
2051 10
2052 22
2053 23
2054 16
2055 25
2056 24
2057 18
2058 28
2059 27
2060 23
2061 22
2062 28
2063 20
2064 37
2065 36
2066 34
2067 42
2068 22
2069 35
2070 23
2071 37
2072 37
2073 39
2074 32
2075 41
2076 38
2077 31
2078 23
2079 25
2080 52
2081 32
2082 46
2083 48
2084 32
2085 47
2086 30
2087 48
2088 29
2089 30
2090 43
2091 36
2092 30
2093 30
2094 40
2095 41
2096 54
2097 37
2098 50
2099 45
2100 49
2101 45
2102 49
2103 48
2104 55
2105 56
2106 55
2107 42
2108 54
2109 45
2110 56
2111 51
2112 42
2113 60
2114 48
2115 43
2116 46
2117 40
2118 39
2119 51
2120 44
2121 39
2122 51
2123 43
2124 48
2125 40
2126 55
2127 43
2128 44
2129 43
2130 39
2131 33
2132 53
2133 37
2134 43
2135 34
2136 38
2137 45
2138 30
2139 27
2140 44
2141 25
2142 39
2143 16
2144 32
2145 28
2146 34
2147 38
2148 34
2149 26
2150 32
2151 28
2152 34
2153 21
2154 28
2155 28
2156 36
2157 27
2158 21
2159 19
2160 19
2161 19
2162 27
2163 19
2164 20
2165 12
2166 27
2167 21
2168 23
2169 23
2170 17
2171 20
2172 13
2173 13
2174 7
2175 14
2176 11
2177 12
2178 10
2179 11
2180 15
2181 10
2182 12
2183 11
2184 3
2185 10
2186 6
2187 12
2188 6
2189 4
2190 9
2191 4
2192 9
2193 8
2194 7
2195 5
2196 8
2197 7
2198 8
2199 7
2200 5
2201 11
2202 6
2203 10
2204 14
2205 8
2206 9
2207 4
2208 12
2209 7
2210 5
2211 6
2212 12
2213 12
2214 10
2215 7
2216 8
2217 8
2218 7
2219 11
2220 10
2221 7
2222 9
2223 6
2224 5
2225 9
2226 6
2227 4
2228 2
2229 5
2231 3
2232 2
2233 5
2234 4
2235 7
2236 5
2237 4
2238 3
2239 1
2240 3
2241 2
2242 2
2243 3
2245 2
2246 2
2247 1
2248 1
2250 1
2251 1
2253 2
2254 2
2260 2
2261 1
2265 2
2267 1
2272 2
2275 1
2276 1
2281 1
2292 1
2298 1
2301 1
2303 1
2304 1
2305 1
2308 1
2309 1
2323 1
2324 1
2325 1
2326 1
2327 1
2330 2
2331 1
2333 1
2334 1
2335 1
2338 1
2340 1
2341 2
2343 3
2344 1
2346 1
2347 1
2349 4
2350 1
2351 1
2352 1
2353 2
2354 2
2355 2
2357 1
2358 1
2360 1
2361 1
2362 1
2364 1
2366 1
2367 1
2368 2
2372 1
2373 2
2377 1
2380 1
2388 2
2394 1
2397 1
2400 1
2401 1
2402 1
2403 1
2409 1
2410 1
2411 1
2412 1
2413 1
2415 1
2416 1
2417 1
2419 1
2422 1
2423 1
2425 1
2427 2
2428 1
2430 1
2432 2
2433 1
2434 1
2436 1
2437 3
2439 2
2440 1
2441 2
2442 3
2443 1
2444 1
2446 4
2447 3
2448 4
2449 2
2450 1
2451 3
2452 2
2453 3
2454 2
2455 1
2456 3
2457 2
2458 1
2459 1
2460 1
2464 1
2465 2
2467 2
2468 1
2469 2
2470 1
2471 1
2473 3
2474 2
2475 3
2476 2
2477 2
2478 1
2481 2
2482 2
2483 1
2492 1
2502 1
2503 1
2505 2
2506 2
2508 1
2509 1
2516 1
2518 1
2529 1
2531 1
2535 3
2536 2
2538 1
2541 2
2545 2
2550 1
2553 1
2555 1
2556 1
2559 4
2561 2
2562 1
2565 1
2571 1
2576 1
2577 2
2579 1
2580 1
2581 1
2582 1
2583 1
2584 1
2585 1
2586 1
2587 2
2588 2
2590 2
2593 1
2595 1
2596 1
2597 2
2598 1
2599 1
2600 2
2602 2
2603 2
2604 1
2605 1
2607 1
2609 1
2610 2
2611 1
2616 1
2618 2
2629 1
2632 1
2639 1
2642 1
2643 1
2644 1
2648 1
2649 1
2650 3
2652 2
2653 3
2655 1
2659 1
2660 1
2662 1
2664 2
2665 2
2669 1
2670 2
2671 1
2674 1
2675 1
2676 1
2677 3
2679 1
2680 1
2682 1
2683 1
2685 1
2686 2
2696 1
2701 1
2710 1
2711 1
2713 1
2716 1
2718 1
2720 2
2721 1
2723 1
2724 1
2730 1
2735 1
2736 1
2745 3
2749 1
2750 1
2751 1
2753 2
2754 1
2755 1
2759 1
2760 1
2762 1
2763 1
2764 1
2766 1
2767 1
2769 2
2773 1
2777 1
2778 1
2779 2
2780 2
2782 1
2783 1
2784 4
2785 4
2786 1
2787 1
2789 2
2791 3
2792 4
2795 1
2796 2
2797 2
2798 2
2800 2
2801 4
2802 1
2803 4
2804 3
2805 6
2806 2
2807 2
2808 3
2809 1
2810 4
2811 3
2813 2
2814 1
2815 2
2816 1
2818 1
2819 2
2820 2
2821 1
2827 3
2830 1
2831 1
2833 1
2834 1
2835 1
2837 1
2838 1
2839 1
2840 1
2841 1
2843 1
2845 1
2852 1
2853 1
2857 2
2858 1
2860 1
2862 1
2864 1
2868 1
2870 1
2872 1
2882 1
2883 1
2885 2
2886 1
2888 1
2910 1
2911 1
2912 1
2918 1
2923 1
2925 1
2988 1
3029 1
3045 1
3049 1
3050 1
3052 2
3053 2
3056 1
3058 1
3061 1
3072 1
3073 1
3078 1
3079 1
3080 1
3084 1
3085 1
3088 1
3090 1
3091 2
3093 1
3094 1
3095 4
3097 1
3098 1
3100 3
3102 1
3103 1
3106 2
3108 2
3109 3
3110 1
3111 3
3113 4
3114 1
3115 3
3116 4
3117 2
3118 1
3119 1
3120 2
3121 2
3122 2
3123 3
3124 1
3125 1
3127 3
3131 1
3132 1
3135 1
3136 2
3138 2
3139 3
3140 6
3141 1
3142 3
3143 3
3144 2
3145 3
3146 4
3147 1
3148 1
3149 5
3150 3
3151 1
3153 3
3154 1
3155 1
3156 1
3157 1
3161 1
3162 1
3163 1
3164 1
3166 1
3167 2
3168 1
3169 1
3170 3
3171 1
3172 1
3173 2
3175 4
3178 2
3179 1
3180 6
3181 2
3182 2
3183 1
3184 4
3186 3
3188 3
3190 3
3191 4
3192 1
3193 3
3194 2
3195 3
3196 2
3197 3
3198 2
3199 1
3200 3
3201 3
3202 1
3203 1
3204 4
3205 2
3206 3
3207 3
3208 2
3209 3
3210 3
3211 3
3212 5
3213 5
3214 2
3215 5
3217 2
3219 1
3220 3
3222 3
3223 4
3224 2
3225 4
3227 2
3229 1
3230 4
3231 2
3232 1
3234 1
3237 2
3238 2
3239 3
3241 1
3242 2
3243 1
3245 1
3246 1
3247 1
3252 2
3256 1
3258 1
3259 4
3260 2
3261 1
3262 1
3264 2
3265 2
3267 1
3268 1
3269 2
3271 1
3273 1
3274 1
3275 3
3276 2
3279 1
3280 1
3285 1
3287 1
3295 1
3297 1
3358 1
3360 1
3362 1
3367 1
3369 2
3379 1
3382 1
3411 1
3422 1
3423 1
3425 1
3430 1
3432 1
3435 1
3438 1
3448 2
3451 1
3455 1
3457 2
3458 1
3464 2
3465 1
3467 3
3469 1
3472 3
3473 1
3474 2
3475 5
3476 2
3477 1
3478 3
3479 1
3480 4
3482 2
3483 1
3484 2
3485 1
3486 5
3488 1
3489 4
3490 1
3491 3
3496 1
3497 1
3500 2
3501 1
3502 2
3503 1
3504 1
3506 2
3509 1
3510 3
3513 1
3514 2
3515 3
3516 2
3517 1
3518 1
3519 2
3522 1
3523 1
3524 1
3525 1
3527 1
3530 1
3532 1
3534 2
3536 2
3537 1
3540 3
3542 1
3543 1
3573 1
3576 1
3577 1
3578 1
3580 1
3582 1
3585 1
3596 1
3600 1
3609 1
3614 1
3619 1
3620 1
3622 1
3624 2
3626 1
3627 4
3638 1
3973 1
4073 1
4090 1
4096 1
4104 1
4109 1
4110 1
4111 1
4113 1
4115 1
4122 1
4133 1
4137 1
4164 1
4175 1
4180 1
4184 1
4185 1
4188 1
4192 1
4197 3
4198 1
4203 2
4205 1
4206 1
4207 1
4213 1
4214 1
4216 1
4218 1
4221 1
4222 1
4224 3
4227 1
4232 1
4243 2
4246 1
4248 1
4251 1
4252 1
4254 2
4257 1
4262 1
4266 2
4267 1
4270 1
4274 1
4275 1
4280 1
4287 1
4293 1
4295 1
4296 2
4301 1
4322 1
4328 1
4336 1
4337 1
4338 1
4340 1
4343 1
4349 1
4350 2
4400 1
4496 1
4509 1
4511 1
5033 1
5043 1
5055 1
5096 1
5097 1
5111 1
5154 1
5158 1
5166 1
5170 1
5181 1
5230 1
5306 1
5323 1
5324 1
5348 1
5357 1
5364 1
5365 1
5367 1
5371 1
5376 1
5383 1
5388 1
5389 1
5392 3
5393 1
5394 1
6096 1
6150 1
6198 1
6296 1
6297 1
6311 1
6315 2
6319 1
6469 1
6530 1
6538 1
6539 1
6586 1
6610 1
6627 1
6631 2
6633 2
6635 1
6639 1
6643 1
6658 1
6665 1
6669 1
6673 1
6674 1
6678 1
6682 1
6685 1
6686 1
6688 2
6702 1
6703 1
6708 1
6709 1
6711 1
7256 1
7259 1
7262 1
7268 1
7379 1
8342 1
8649 1
8671 1
9492 1
9744 1
10001 12
