1 23418137
2 14649344
3 9372458
4 6702601
5 5323537
6 4548016
7 4102129
8 3758705
9 3413913
10 3015767
11 2576732
12 2147274
13 1752324
14 1394036
15 1089739
16 844070
17 643579
18 492573
19 388974
20 328828
21 305576
22 307428
23 331650
24 367761
25 406281
26 441821
27 467636
28 480583
29 478901
30 461787
31 432416
32 393819
33 347737
34 298780
35 251504
36 207225
37 167049
38 132831
39 105458
40 83873
41 68375
42 59504
43 54198
44 52676
45 54414
46 58980
47 65829
48 72748
49 80352
50 87299
51 93182
52 98541
53 101489
54 104766
55 104350
56 103184
57 99311
58 94833
59 88364
60 81158
61 73725
62 65733
63 58260
64 50563
65 42961
66 36523
67 31744
68 27489
69 23853
70 21278
71 20321
72 19772
73 20779
74 22888
75 26243
76 31513
77 38369
78 45969
79 55175
80 66128
81 78525
82 92718
83 107783
84 123812
85 142062
86 160013
87 178397
88 197158
89 213934
90 231904
91 248036
92 264258
93 275905
94 286614
95 295426
96 299692
97 302485
98 302193
99 299665
100 295529
101 287057
102 278137
103 265196
104 250157
105 236237
106 220916
107 204163
108 187744
109 170060
110 154778
111 138990
112 123225
113 109084
114 95108
115 83050
116 71589
117 61006
118 51653
119 43541
120 36450
121 30528
122 25153
123 20907
124 17064
125 14049
126 11545
127 9339
128 7405
129 6156
130 4980
131 4321
132 3650
133 3309
134 3028
135 2928
136 2931
137 2897
138 3143
139 3364
140 3736
141 4071
142 4182
143 4538
144 4791
145 5163
146 5209
147 5538
148 5584
149 5930
150 6169
151 6436
152 6462
153 6637
154 6749
155 6791
156 6775
157 6725
158 6582
159 6386
160 6134
161 6103
162 5849
163 5539
164 5442
165 5093
166 4811
167 4321
168 3999
169 3748
170 3566
171 3256
172 3090
173 2920
174 2662
175 2424
176 2295
177 2093
178 1885
179 1856
180 1742
181 1602
182 1498
183 1362
184 1381
185 1347
186 1261
187 1239
188 1284
189 1219
190 1151
191 1264
192 1167
193 1116
194 1197
195 1174
196 1202
197 1271
198 1148
199 1186
200 1253
201 1154
202 1104
203 1156
204 1150
205 1117
206 1060
207 1095
208 1076
209 1016
210 949
211 972
212 887
213 876
214 827
215 741
216 731
217 646
218 612
219 544
220 504
221 534
222 441
223 443
224 371
225 345
226 357
227 291
228 267
229 239
230 205
231 232
232 206
233 205
234 192
235 169
236 156
237 124
238 111
239 96
240 110
241 96
242 91
243 88
244 80
245 68
246 88
247 67
248 64
249 78
250 71
251 64
252 99
253 92
254 84
255 92
256 90
257 107
258 102
259 112
260 107
261 89
262 87
263 107
264 80
265 105
266 106
267 106
268 139
269 125
270 132
271 129
272 155
273 130
274 131
275 139
276 140
277 170
278 164
279 179
280 203
281 191
282 199
283 191
284 211
285 229
286 195
287 218
288 198
289 227
290 228
291 216
292 221
293 233
294 244
295 233
296 232
297 251
298 246
299 248
300 261
301 221
302 229
303 224
304 226
305 230
306 203
307 169
308 184
309 188
310 227
311 196
312 197
313 193
314 209
315 188
316 165
317 177
318 147
319 170
320 160
321 127
322 163
323 137
324 127
325 142
326 121
327 120
328 111
329 108
330 100
331 90
332 121
333 86
334 91
335 81
336 100
337 87
338 84
339 86
340 108
341 99
342 101
343 103
344 103
345 88
346 83
347 84
348 79
349 82
350 67
351 82
352 95
353 90
354 101
355 95
356 98
357 96
358 88
359 83
360 83
361 98
362 77
363 71
364 90
365 84
366 74
367 84
368 79
369 104
370 95
371 90
372 98
373 102
374 97
375 97
376 115
377 95
378 81
379 107
380 118
381 121
382 111
383 95
384 111
385 122
386 108
387 116
388 123
389 111
390 155
391 126
392 153
393 125
394 159
395 143
396 160
397 155
398 138
399 162
400 160
401 153
402 144
403 150
404 168
405 146
406 164
407 151
408 136
409 145
410 152
411 141
412 137
413 117
414 139
415 139
416 145
417 109
418 110
419 127
420 103
421 121
422 129
423 102
424 116
425 118
426 102
427 103
428 90
429 91
430 91
431 64
432 92
433 65
434 80
435 64
436 71
437 74
438 75
439 70
440 67
441 57
442 43
443 63
444 57
445 33
446 50
447 53
448 53
449 40
450 34
451 43
452 47
453 65
454 66
455 55
456 42
457 39
458 30
459 44
460 44
461 49
462 41
463 55
464 30
465 36
466 30
467 37
468 29
469 31
470 33
471 26
472 35
473 23
474 38
475 29
476 33
477 30
478 31
479 27
480 38
481 25
482 43
483 45
484 49
485 53
486 37
487 53
488 42
489 46
490 34
491 47
492 50
493 61
494 43
495 42
496 40
497 36
498 48
499 44
500 40
501 46
502 52
503 48
504 50
505 47
506 38
507 37
508 36
509 34
510 27
511 27
512 33
513 41
514 27
515 29
516 28
517 42
518 45
519 44
520 33
521 26
522 36
523 35
524 34
525 25
526 37
527 21
528 34
529 26
530 31
531 27
532 27
533 29
534 26
535 40
536 26
537 41
538 31
539 19
540 24
541 35
542 29
543 35
544 23
545 27
546 23
547 38
548 40
549 25
550 26
551 27
552 27
553 30
554 27
555 26
556 28
557 17
558 27
559 29
560 26
561 27
562 35
563 22
564 18
565 27
566 30
567 30
568 31
569 25
570 14
571 17
572 14
573 20
574 15
575 17
576 16
577 16
578 16
579 19
580 26
581 17
582 20
583 17
584 21
585 20
586 24
587 17
588 17
589 23
590 21
591 34
592 26
593 27
594 39
595 39
596 38
597 45
598 53
599 53
600 75
601 74
602 80
603 94
604 94
605 117
606 127
607 125
608 136
609 156
610 196
611 207
612 246
613 272
614 294
615 357
616 358
617 440
618 508
619 562
620 624
621 705
622 788
623 845
624 1001
625 1095
626 1247
627 1419
628 1459
629 1638
630 1816
631 2041
632 2168
633 2291
634 2471
635 2777
636 2967
637 3355
638 3449
639 3697
640 4092
641 4441
642 4666
643 5203
644 5480
645 6017
646 6377
647 6745
648 7175
649 7730
650 8160
651 8846
652 9566
653 10073
654 10748
655 11419
656 12096
657 12817
658 13482
659 14274
660 15060
661 15499
662 16359
663 17244
664 17819
665 18602
666 19364
667 20078
668 20970
669 21350
670 22209
671 23227
672 23792
673 24529
674 25324
675 26316
676 26513
677 27549
678 27966
679 28684
680 29617
681 29873
682 30289
683 30760
684 31472
685 31899
686 32205
687 32558
688 33082
689 33042
690 33815
691 33240
692 33520
693 33351
694 33517
695 33288
696 33119
697 33187
698 32900
699 32606
700 32263
701 31913
702 31561
703 31282
704 30686
705 30574
706 29907
707 29593
708 28936
709 28437
710 27963
711 26838
712 26382
713 25718
714 25015
715 24197
716 23381
717 22300
718 21931
719 21360
720 20556
721 19669
722 18879
723 18231
724 17580
725 16675
726 16060
727 15218
728 14562
729 14014
730 13322
731 12613
732 11977
733 11496
734 10727
735 10077
736 9337
737 8937
738 8373
739 7870
740 7453
741 6953
742 6528
743 5975
744 5654
745 5278
746 4921
747 4508
748 4128
749 3834
750 3479
751 3375
752 3143
753 2812
754 2529
755 2315
756 2165
757 2029
758 1863
759 1672
760 1638
761 1373
762 1293
763 1157
764 1052
765 970
766 862
767 809
768 714
769 668
770 648
771 607
772 541
773 471
774 429
775 367
776 368
777 356
778 292
779 262
780 252
781 246
782 237
783 183
784 184
785 169
786 169
787 171
788 122
789 138
790 147
791 98
792 107
793 99
794 85
795 81
796 80
797 85
798 81
799 74
800 62
801 63
802 77
803 77
804 60
805 48
806 68
807 42
808 38
809 49
810 37
811 46
812 28
813 29
814 35
815 24
816 29
817 35
818 24
819 37
820 25
821 23
822 27
823 22
824 27
825 18
826 28
827 22
828 18
829 28
830 19
831 20
832 13
833 16
834 22
835 14
836 12
837 13
838 9
839 10
840 13
841 12
842 5
843 5
844 8
845 5
846 11
847 5
848 6
849 5
850 4
851 8
852 4
853 6
854 6
855 5
856 6
857 10
858 8
859 9
860 8
861 10
862 8
863 15
864 6
865 7
866 6
867 12
868 7
869 11
870 7
871 2
872 3
873 8
874 12
875 8
876 10
877 7
878 13
879 12
880 7
881 7
882 5
883 6
884 7
885 7
886 8
887 11
888 10
889 7
890 8
891 6
892 12
893 8
894 7
895 8
896 8
897 6
898 11
899 13
900 7
901 4
902 7
903 9
904 15
905 10
906 7
907 3
908 9
909 11
910 9
911 9
912 7
913 8
914 7
915 7
916 10
917 7
918 6
919 6
920 8
921 6
923 5
924 5
925 5
926 6
927 7
928 7
929 3
930 6
931 5
932 3
933 3
934 9
935 3
936 7
937 5
938 3
939 8
940 5
941 5
942 2
943 3
944 3
945 6
946 5
947 9
948 10
949 10
950 3
951 7
952 1
953 3
954 4
955 3
956 2
957 3
958 1
959 2
960 6
962 2
963 2
965 2
966 2
968 1
969 4
970 3
971 1
972 6
973 4
974 5
975 5
976 3
977 2
978 2
979 2
980 3
981 5
982 4
983 5
984 10
985 5
986 4
987 4
988 5
989 3
990 3
991 3
992 3
993 4
994 2
995 4
996 5
997 5
998 4
1000 4
1001 5
1002 3
1003 6
1004 6
1005 1
1006 9
1007 6
1008 2
1009 3
1010 6
1011 3
1012 13
1013 3
1014 2
1015 5
1016 9
1017 3
1018 4
1019 3
1020 4
1021 4
1022 8
1023 4
1024 5
1025 9
1026 3
1027 6
1028 4
1029 6
1030 6
1031 6
1032 6
1033 4
1034 5
1035 1
1036 6
1037 9
1038 5
1039 7
1040 9
1041 2
1042 6
1043 3
1044 5
1045 1
1046 3
1047 5
1048 3
1049 3
1050 8
1051 1
1052 3
1053 6
1054 3
1055 4
1056 5
1058 1
1059 3
1060 5
1061 1
1062 4
1063 2
1064 5
1065 3
1066 2
1067 2
1068 5
1069 2
1070 1
1071 1
1072 3
1073 4
1074 3
1075 1
1076 2
1077 2
1078 1
1079 3
1080 2
1081 6
1082 3
1083 2
1084 2
1085 2
1086 2
1087 5
1088 2
1089 4
1090 1
1092 5
1093 3
1094 4
1095 5
1096 3
1097 1
1098 1
1099 2
1100 2
1101 2
1103 3
1104 5
1105 3
1106 5
1107 4
1108 2
1109 5
1110 5
1111 7
1112 2
1113 4
1114 2
1115 5
1116 5
1117 6
1118 2
1119 2
1120 2
1121 4
1122 2
1123 6
1124 4
1125 2
1126 1
1127 3
1128 1
1129 2
1130 1
1131 3
1132 2
1133 1
1134 2
1135 1
1136 5
1137 4
1138 3
1139 3
1140 3
1141 3
1142 6
1143 2
1144 5
1145 3
1146 3
1147 4
1148 4
1149 4
1150 1
1151 3
1152 6
1153 4
1154 3
1155 3
1156 2
1157 2
1158 4
1159 3
1160 1
1161 2
1162 1
1163 3
1164 3
1165 5
1166 3
1167 1
1168 2
1169 1
1171 2
1172 1
1173 3
1174 2
1175 2
1177 3
1180 3
1181 1
1182 1
1183 3
1184 1
1185 1
1186 1
1187 2
1188 3
1189 2
1190 7
1191 3
1192 2
1193 2
1194 1
1195 1
1196 3
1197 1
1201 2
1202 1
1204 1
1205 2
1206 2
1207 3
1209 1
1210 1
1211 2
1212 2
1214 3
1215 2
1216 2
1218 4
1220 2
1221 3
1222 2
1224 2
1225 1
1226 1
1228 4
1229 1
1230 3
1232 2
1233 3
1235 2
1236 1
1237 2
1238 1
1239 1
1240 1
1241 1
1242 1
1243 1
1244 3
1245 2
1246 2
1248 1
1251 1
1254 1
1255 1
1264 2
1267 2
1269 1
1272 1
1273 1
1278 2
1279 1
1281 2
1282 2
1283 3
1284 1
1285 1
1288 1
1290 1
1291 1
1293 2
1294 1
1295 3
1297 1
1298 2
1299 5
1300 2
1301 1
1302 2
1303 3
1305 2
1307 6
1308 4
1309 4
1310 4
1311 5
1312 7
1313 13
1314 10
1315 12
1316 8
1317 7
1318 19
1319 18
1320 12
1321 5
1322 15
1323 4
1324 11
1325 10
1326 17
1327 13
1328 9
1329 12
1330 20
1331 25
1332 12
1333 19
1334 12
1335 19
1336 21
1337 19
1338 22
1339 19
1340 26
1341 31
1342 25
1343 33
1344 27
1345 26
1346 29
1347 28
1348 26
1349 29
1350 39
1351 36
1352 33
1353 37
1354 43
1355 25
1356 33
1357 30
1358 41
1359 39
1360 39
1361 35
1362 28
1363 33
1364 30
1365 37
1366 53
1367 39
1368 44
1369 42
1370 39
1371 41
1372 65
1373 44
1374 46
1375 51
1376 63
1377 54
1378 59
1379 48
1380 57
1381 57
1382 67
1383 81
1384 56
1385 54
1386 45
1387 60
1388 64
1389 63
1390 60
1391 54
1392 66
1393 41
1394 59
1395 54
1396 53
1397 73
1398 60
1399 64
1400 52
1401 59
1402 54
1403 59
1404 58
1405 47
1406 58
1407 45
1408 55
1409 51
1410 61
1411 45
1412 52
1413 52
1414 44
1415 46
1416 48
1417 46
1418 47
1419 39
1420 33
1421 33
1422 38
1423 44
1424 41
1425 27
1426 42
1427 27
1428 20
1429 24
1430 31
1431 28
1432 26
1433 35
1434 34
1435 33
1436 34
1437 27
1438 19
1439 30
1440 31
1441 31
1442 23
1443 15
1444 21
1445 23
1446 20
1447 19
1448 16
1449 17
1450 19
1451 16
1452 13
1453 5
1454 13
1455 13
1456 12
1457 9
1458 8
1459 9
1460 9
1461 8
1462 4
1463 9
1464 5
1465 2
1466 3
1467 2
1468 8
1469 3
1470 4
1471 6
1472 4
1473 1
1474 6
1475 4
1476 5
1477 5
1478 4
1479 10
1480 3
1481 7
1482 9
1483 3
1484 4
1485 4
1486 3
1487 3
1488 6
1490 4
1491 2
1492 2
1493 2
1494 1
1495 4
1496 2
1497 2
1498 2
1501 4
1507 1
1508 3
1518 1
1519 1
1521 1
1522 1
1523 1
1525 1
1527 4
1533 1
1534 1
1537 1
1541 1
1543 1
1546 1
1548 1
1553 1
1563 2
1564 2
1565 2
1568 1
1572 2
1573 1
1577 2
1578 3
1579 2
1581 1
1582 1
1586 1
1588 1
1590 2
1592 2
1595 2
1596 1
1598 7
1600 1
1601 2
1603 2
1604 1
1605 1
1606 2
1607 2
1608 2
1609 3
1610 1
1611 2
1612 1
1613 3
1614 5
1616 2
1617 2
1618 4
1619 2
1620 2
1621 2
1622 1
1623 4
1624 2
1626 1
1627 2
1628 1
1629 2
1630 1
1631 1
1633 2
1634 1
1635 1
1636 4
1638 3
1639 2
1640 4
1641 5
1642 2
1643 1
1644 2
1645 5
1646 1
1647 2
1648 2
1649 1
1651 2
1652 1
1653 2
1654 1
1655 1
1656 3
1658 4
1667 1
1668 2
1671 1
1673 1
1674 1
1676 1
1677 3
1678 1
1681 1
1682 3
1683 2
1685 1
1687 1
1689 1
1696 3
1697 1
1698 1
1699 1
1703 1
1704 1
1705 1
1709 1
1710 1
1712 2
1713 4
1715 2
1716 2
1717 3
1719 2
1720 3
1721 2
1722 3
1724 2
1727 1
1728 1
1729 3
1730 1
1732 3
1733 1
1735 2
1736 1
1737 1
1738 4
1739 2
1740 2
1744 1
1745 1
1746 1
1747 2
1748 2
1750 2
1751 1
1752 1
1753 1
1754 2
1756 1
1758 2
1761 2
1763 1
1764 2
1765 2
1767 1
1768 1
1769 2
1771 1
1773 1
1775 1
1777 1
1778 2
1779 2
1780 1
1781 1
1785 1
1786 1
1789 1
1790 1
1791 1
1794 2
1796 1
1797 3
1799 3
1802 2
1804 1
1806 2
1809 2
1810 2
1812 1
1814 1
1815 2
1816 3
1817 1
1818 2
1819 2
1820 2
1821 1
1822 6
1824 2
1825 2
1826 3
1827 2
1828 1
1829 2
1830 1
1831 1
1833 3
1834 3
1835 2
1836 1
1837 3
1838 5
1839 4
1840 4
1841 6
1842 3
1843 3
1844 3
1846 3
1847 2
1848 1
1850 1
1852 1
1856 1
1857 1
1858 1
1860 1
1861 1
1864 1
1868 1
1871 1
1875 1
1876 1
1878 1
1879 1
1881 1
1883 2
1884 1
1885 2
1886 2
1888 1
1893 1
1895 1
1900 1
1911 1
1913 1
1917 1
1919 1
1921 1
1922 1
1923 1
1925 4
1927 5
1930 2
1931 1
1934 1
1936 1
1937 2
1943 1
1945 1
1948 2
1950 1
1951 1
1959 1
1962 1
1963 1
1964 1
1965 1
1984 1
1987 1
1988 1
1991 1
1993 3
1996 1
1997 1
1999 2
2000 1
2004 1
2006 1
2010 1
2012 1
2014 1
2018 1
2019 1
2020 2
2021 4
2022 1
2023 1
2024 1
2025 2
2026 1
2028 3
2029 4
2030 1
2031 3
2032 4
2033 1
2034 1
2035 4
2036 1
2037 2
2038 2
2039 1
2041 2
2042 3
2043 1
2044 2
2045 2
2047 1
2050 1
2052 2
2053 2
2055 1
2056 1
2057 2
2058 2
2060 6
2061 1
2062 1
2064 9
2065 1
2066 2
2067 1
2068 1
2069 4
2071 3
2072 4
2073 2
2074 4
2075 2
2076 3
2077 3
2078 2
2079 5
2080 6
2081 4
2082 3
2083 2
2084 5
2085 2
2086 1
2087 2
2088 5
2089 1
2090 2
2091 2
2093 3
2094 1
2095 1
2096 1
2097 2
2098 2
2099 4
2100 1
2101 1
2102 2
2103 2
2104 4
2107 3
2108 2
2110 1
2111 2
2112 1
2113 3
2115 2
2116 6
2117 4
2118 2
2119 3
2121 2
2122 2
2124 1
2125 3
2126 2
2127 5
2128 2
2129 1
2131 1
2132 5
2133 3
2135 1
2136 1
2140 2
2142 2
2143 1
2144 2
2145 1
2147 1
2148 3
2152 2
2153 1
2154 2
2155 1
2156 1
2157 2
2158 2
2160 1
2162 2
2164 1
2165 2
2166 2
2169 2
2170 3
2171 1
2173 2
2174 4
2175 1
2177 1
2178 1
2182 2
2183 2
2187 2
2189 1
2193 1
2213 1
2216 1
2220 1
2221 1
2226 1
2234 1
2237 1
2243 1
2244 1
2246 1
2247 1
2248 1
2251 1
2252 1
2255 2
2261 1
2262 1
2264 1
2276 1
2278 1
2281 1
2282 1
2286 1
2288 1
2291 1
2293 2
2295 1
2296 1
2297 1
2298 2
2299 1
2300 5
2302 3
2303 2
2304 2
2305 2
2306 3
2307 6
2308 3
2310 1
2312 1
2313 2
2314 2
2315 1
2316 3
2317 1
2320 2
2321 3
2322 4
2323 2
2324 1
2325 3
2326 2
2327 2
2328 4
2329 3
2330 3
2331 3
2333 4
2334 1
2336 1
2338 2
2339 2
2340 1
2348 2
2360 1
2364 1
2365 1
2367 1
2371 1
2373 1
2374 2
2375 2
2378 1
2380 3
2383 1
2385 1
2387 2
2389 1
2392 1
2402 1
2405 1
2410 2
2411 1
2419 1
2612 1
2679 1
2707 1
2713 1
2726 1
2729 1
2730 1
2737 1
2739 1
2740 1
2743 1
2746 2
2748 2
2749 1
2751 1
2752 1
2753 1
2754 1
2755 1
2756 2
2757 3
2758 2
2759 2
2761 1
2762 2
2764 1
2767 1
2768 1
2769 1
2772 1
2773 1
2775 1
2779 1
2781 1
2786 1
2789 2
2790 1
2794 1
2796 1
2803 1
2804 1
2805 1
2808 1
2818 1
2819 1
2820 1
2822 1
2823 1
2827 1
2828 1
2833 1
2834 1
2836 1
2838 1
2840 1
2853 1
2860 1
2865 1
2869 1
2870 1
2872 1
2874 1
2878 1
2882 1
2891 1
2964 1
2965 1
2976 1
3121 1
3127 1
3132 1
3209 1
3210 1
3213 1
3375 1
3409 1
3411 1
3446 1
3462 1
3464 1
3486 1
3491 2
3493 1
3494 1
3502 1
3504 1
3509 1
3519 1
3521 1
3522 2
3524 1
3529 3
3534 1
3541 1
4134 1
4158 1
4161 1
4169 1
4206 1
4207 1
4246 1
4267 1
4268 1
4272 1
4273 2
4276 1
4278 1
4285 2
4286 2
4287 1
4294 1
4295 2
4297 2
4303 1
4309 1
4311 1
4319 1
4365 1
4367 1
4369 1
4371 1
4372 1
4373 2
4377 1
4385 1
4405 1
4429 1
4840 1
4848 1
4896 1
4909 1
4917 1
5622 1
5644 1
5676 1
6185 1
6293 1
7089 1
7109 1
8583 1
8590 1
8594 1
8596 1
8598 2
8612 1
8660 1
8676 1
8689 1
