1 14048147
2 4250602
3 2253401
4 1250953
5 613018
6 274092
7 110246
8 50917
9 36434
10 44437
11 64008
12 90304
13 122321
14 152015
15 176979
16 199900
17 209579
18 208252
19 195123
20 173632
21 147844
22 118329
23 92748
24 68322
25 49791
26 33860
27 22440
28 14740
29 9279
30 5588
31 3149
32 1989
33 1295
34 854
35 677
36 507
37 365
38 272
39 251
40 202
41 202
42 155
43 157
44 160
45 169
46 131
47 127
48 126
49 77
50 58
51 61
52 44
53 28
54 34
55 15
56 25
57 29
58 39
59 37
60 26
61 20
62 22
63 20
64 17
65 10
66 9
67 11
68 8
69 8
70 6
71 6
72 6
73 6
74 5
75 4
76 3
77 1
78 3
79 3
80 3
81 3
82 1
83 2
86 1
87 4
88 4
89 3
90 4
91 2
92 4
96 2
97 1
98 3
99 2
100 2
101 4
102 2
103 3
105 2
106 3
107 1
119 1
120 1
121 4
122 5
123 2
124 1
125 4
129 1
145 1
146 1
160 1
161 1
163 1
166 1
203 2
204 1
205 2
206 1
207 1
209 3
