1 20879070
2 14834239
3 9961127
4 7029422
5 5357883
6 4318695
7 3652255
8 3261759
9 3051987
10 2927288
11 2830434
12 2693553
13 2507356
14 2276356
15 2035664
16 1787137
17 1552790
18 1325932
19 1123519
20 932905
21 765883
22 621060
23 495728
24 390862
25 307593
26 242257
27 195506
28 165414
29 151255
30 152711
31 165059
32 187794
33 217594
34 252285
35 286078
36 319982
37 350522
38 373396
39 390597
40 397170
41 397473
42 388644
43 369889
44 345478
45 314474
46 281877
47 246968
48 213428
49 182368
50 150247
51 121965
52 99528
53 78369
54 61379
55 48990
56 38562
57 30722
58 25934
59 23023
60 21562
61 21451
62 23007
63 25499
64 28743
65 33233
66 38645
67 44829
68 50236
69 56635
70 62182
71 68250
72 73861
73 77983
74 81747
75 84932
76 85997
77 87086
78 86598
79 85758
80 83622
81 80927
82 76524
83 71586
84 67019
85 61200
86 55258
87 49063
88 43901
89 38067
90 33123
91 28337
92 24290
93 20446
94 17127
95 14385
96 12254
97 10230
98 8638
99 7368
100 6689
101 6026
102 5973
103 6010
104 6406
105 7210
106 8528
107 10172
108 12159
109 14920
110 18162
111 22015
112 26315
113 31938
114 37703
115 44146
116 51137
117 58700
118 68327
119 77582
120 88200
121 99162
122 110555
123 123259
124 134201
125 147533
126 160605
127 172391
128 184275
129 195666
130 207008
131 217436
132 225542
133 233296
134 238932
135 244356
136 247055
137 248757
138 249913
139 247261
140 244091
141 238638
142 234878
143 228332
144 221145
145 212497
146 202521
147 193445
148 180963
149 170244
150 159062
151 147768
152 137117
153 125339
154 114855
155 104929
156 93928
157 85125
158 76238
159 67638
160 60023
161 52792
162 46000
163 40351
164 35054
165 30057
166 25789
167 22114
168 18939
169 15706
170 13116
171 11241
172 9344
173 7808
174 6603
175 5446
176 4667
177 3718
178 3140
179 2561
180 2056
181 1922
182 1641
183 1370
184 1239
185 1150
186 1110
187 1076
188 1104
189 1075
190 1237
191 1275
192 1339
193 1369
194 1642
195 1785
196 1919
197 2179
198 2360
199 2449
200 2733
201 3023
202 3138
203 3362
204 3593
205 3743
206 4042
207 4212
208 4319
209 4665
210 4825
211 4905
212 5154
213 5237
214 5321
215 5363
216 5415
217 5493
218 5562
219 5588
220 5377
221 5533
222 5553
223 5173
224 5204
225 5011
226 4817
227 4602
228 4530
229 4377
230 4273
231 3986
232 3765
233 3551
234 3347
235 3218
236 2956
237 2812
238 2605
239 2571
240 2177
241 2147
242 1976
243 1846
244 1685
245 1571
246 1444
247 1269
248 1192
249 1108
250 1040
251 954
252 813
253 799
254 776
255 781
256 782
257 746
258 674
259 713
260 698
261 714
262 682
263 765
264 745
265 851
266 788
267 836
268 864
269 901
270 940
271 889
272 867
273 872
274 937
275 848
276 880
277 953
278 961
279 931
280 976
281 937
282 957
283 982
284 982
285 928
286 939
287 850
288 820
289 766
290 805
291 803
292 749
293 716
294 723
295 705
296 637
297 658
298 631
299 587
300 607
301 600
302 600
303 575
304 544
305 521
306 453
307 420
308 443
309 384
310 342
311 348
312 269
313 316
314 290
315 245
316 224
317 211
318 218
319 201
320 176
321 188
322 150
323 139
324 111
325 118
326 107
327 116
328 118
329 85
330 115
331 80
332 74
333 69
334 82
335 57
336 66
337 43
338 37
339 57
340 48
341 50
342 49
343 51
344 49
345 51
346 72
347 62
348 35
349 44
350 57
351 71
352 66
353 51
354 68
355 57
356 57
357 49
358 49
359 53
360 63
361 62
362 59
363 61
364 54
365 53
366 76
367 63
368 69
369 85
370 68
371 70
372 68
373 62
374 68
375 64
376 82
377 77
378 64
379 78
380 69
381 79
382 73
383 64
384 82
385 100
386 104
387 116
388 112
389 98
390 112
391 130
392 130
393 121
394 122
395 143
396 121
397 128
398 125
399 128
400 141
401 130
402 154
403 151
404 154
405 158
406 165
407 165
408 173
409 154
410 155
411 188
412 189
413 159
414 171
415 163
416 169
417 187
418 173
419 180
420 191
421 200
422 208
423 189
424 191
425 168
426 165
427 159
428 173
429 162
430 173
431 148
432 167
433 168
434 159
435 187
436 149
437 161
438 141
439 148
440 153
441 150
442 118
443 138
444 131
445 135
446 123
447 123
448 104
449 131
450 110
451 118
452 109
453 98
454 104
455 120
456 93
457 98
458 86
459 86
460 88
461 83
462 87
463 78
464 67
465 69
466 77
467 74
468 68
469 70
470 87
471 70
472 71
473 58
474 64
475 65
476 62
477 66
478 66
479 64
480 58
481 62
482 78
483 80
484 68
485 80
486 52
487 61
488 62
489 63
490 55
491 57
492 55
493 64
494 72
495 66
496 61
497 61
498 57
499 55
500 57
501 48
502 57
503 59
504 57
505 53
506 43
507 61
508 41
509 61
510 50
511 58
512 51
513 46
514 50
515 44
516 42
517 54
518 86
519 73
520 76
521 66
522 63
523 55
524 60
525 61
526 53
527 77
528 61
529 78
530 65
531 75
532 74
533 70
534 66
535 66
536 62
537 71
538 60
539 63
540 74
541 78
542 81
543 75
544 91
545 82
546 75
547 91
548 76
549 61
550 89
551 67
552 81
553 69
554 108
555 89
556 100
557 94
558 108
559 103
560 114
561 132
562 123
563 120
564 135
565 112
566 132
567 156
568 129
569 149
570 130
571 133
572 142
573 124
574 115
575 120
576 123
577 130
578 149
579 125
580 132
581 123
582 128
583 140
584 109
585 115
586 106
587 104
588 102
589 80
590 95
591 84
592 80
593 79
594 57
595 70
596 66
597 63
598 66
599 59
600 59
601 53
602 48
603 42
604 48
605 57
606 36
607 53
608 44
609 43
610 44
611 60
612 45
613 47
614 37
615 41
616 40
617 32
618 36
619 23
620 38
621 30
622 31
623 24
624 37
625 33
626 31
627 18
628 33
629 29
630 29
631 32
632 36
633 32
634 32
635 32
636 19
637 32
638 30
639 33
640 16
641 21
642 24
643 31
644 27
645 26
646 24
647 29
648 29
649 20
650 17
651 20
652 25
653 15
654 22
655 15
656 18
657 20
658 19
659 16
660 18
661 12
662 15
663 22
664 19
665 11
666 23
667 28
668 29
669 25
670 25
671 41
672 34
673 33
674 30
675 27
676 30
677 30
678 55
679 37
680 38
681 27
682 35
683 31
684 55
685 41
686 45
687 43
688 57
689 63
690 51
691 46
692 45
693 52
694 41
695 61
696 37
697 38
698 41
699 40
700 27
701 46
702 45
703 34
704 29
705 46
706 50
707 37
708 38
709 33
710 24
711 23
712 35
713 37
714 25
715 23
716 41
717 28
718 24
719 31
720 40
721 35
722 32
723 33
724 36
725 31
726 22
727 24
728 27
729 28
730 20
731 29
732 38
733 28
734 22
735 26
736 33
737 35
738 27
739 22
740 19
741 19
742 22
743 17
744 20
745 17
746 25
747 24
748 18
749 19
750 17
751 21
752 17
753 19
754 24
755 12
756 23
757 16
758 22
759 17
760 18
761 11
762 15
763 14
764 15
765 16
766 11
767 13
768 7
769 16
770 12
771 8
772 15
773 18
774 17
775 8
776 18
777 16
778 10
779 15
780 17
781 14
782 14
783 19
784 11
785 14
786 18
787 21
788 16
789 17
790 11
791 14
792 17
793 8
794 8
795 21
796 10
797 5
798 16
799 10
800 14
801 11
802 11
803 11
804 11
805 7
806 10
807 13
808 11
809 13
810 19
811 12
812 11
813 14
814 15
815 10
816 14
817 18
818 20
819 20
820 15
821 20
822 10
823 17
824 13
825 18
826 14
827 24
828 11
829 13
830 21
831 20
832 11
833 11
834 9
835 18
836 16
837 6
838 20
839 12
840 9
841 10
842 11
843 13
844 22
845 15
846 10
847 6
848 11
849 15
850 22
851 14
852 15
853 16
854 24
855 24
856 25
857 23
858 31
859 17
860 32
861 33
862 38
863 41
864 57
865 36
866 53
867 52
868 71
869 74
870 70
871 73
872 86
873 98
874 115
875 118
876 128
877 158
878 179
879 193
880 210
881 227
882 252
883 246
884 302
885 311
886 326
887 379
888 425
889 473
890 504
891 566
892 622
893 651
894 742
895 787
896 819
897 876
898 1034
899 1135
900 1180
901 1308
902 1389
903 1528
904 1678
905 1799
906 1872
907 2046
908 2269
909 2339
910 2552
911 2759
912 2884
913 3196
914 3336
915 3475
916 3837
917 4005
918 4326
919 4605
920 5000
921 5314
922 5525
923 5843
924 6335
925 6584
926 7082
927 7369
928 7783
929 8088
930 8740
931 8938
932 9344
933 10038
934 10412
935 11150
936 11534
937 12058
938 12472
939 12967
940 13450
941 13807
942 14362
943 15074
944 15547
945 15886
946 16828
947 17156
948 17701
949 17978
950 18684
951 19188
952 19719
953 20437
954 20886
955 21199
956 22046
957 21990
958 22767
959 23369
960 23976
961 24406
962 24734
963 25160
964 25276
965 25621
966 26050
967 26227
968 26747
969 26660
970 27182
971 27156
972 27844
973 27829
974 27917
975 27953
976 28009
977 28168
978 28116
979 28172
980 28182
981 27881
982 27758
983 27441
984 27599
985 27165
986 27219
987 26898
988 26455
989 26320
990 25910
991 25617
992 25160
993 24985
994 24706
995 24093
996 23697
997 23645
998 22929
999 22472
1000 22081
1001 21766
1002 21172
1003 20473
1004 20003
1005 19424
1006 19114
1007 18430
1008 18052
1009 17370
1010 16968
1011 16626
1012 15821
1013 15168
1014 14987
1015 14494
1016 13748
1017 13426
1018 12768
1019 12326
1020 11812
1021 11235
1022 10925
1023 10589
1024 10127
1025 9379
1026 9286
1027 8752
1028 8399
1029 8045
1030 7434
1031 7003
1032 6691
1033 6443
1034 6201
1035 5738
1036 5470
1037 4981
1038 4817
1039 4468
1040 4295
1041 4107
1042 3824
1043 3529
1044 3362
1045 3145
1046 2939
1047 2818
1048 2604
1049 2482
1050 2200
1051 2088
1052 1982
1053 1774
1054 1652
1055 1592
1056 1491
1057 1354
1058 1277
1059 1147
1060 1135
1061 1020
1062 993
1063 915
1064 819
1065 749
1066 699
1067 621
1068 562
1069 559
1070 478
1071 447
1072 418
1073 395
1074 335
1075 338
1076 357
1077 290
1078 269
1079 231
1080 237
1081 205
1082 179
1083 178
1084 164
1085 145
1086 163
1087 148
1088 135
1089 124
1090 128
1091 119
1092 121
1093 105
1094 101
1095 77
1096 88
1097 83
1098 70
1099 64
1100 79
1101 69
1102 59
1103 51
1104 75
1105 64
1106 54
1107 59
1108 44
1109 43
1110 53
1111 53
1112 38
1113 49
1114 49
1115 47
1116 54
1117 35
1118 42
1119 47
1120 59
1121 44
1122 43
1123 34
1124 40
1125 39
1126 39
1127 33
1128 40
1129 31
1130 24
1131 31
1132 34
1133 33
1134 27
1135 37
1136 31
1137 37
1138 29
1139 25
1140 35
1141 30
1142 26
1143 23
1144 19
1145 27
1146 26
1147 22
1148 20
1149 26
1150 19
1151 14
1152 21
1153 22
1154 14
1155 14
1156 14
1157 16
1158 15
1159 12
1160 16
1161 16
1162 10
1163 14
1164 8
1165 11
1166 13
1167 16
1168 10
1169 7
1170 19
1171 8
1172 15
1173 11
1174 8
1175 14
1176 13
1177 12
1178 13
1179 12
1180 11
1181 9
1182 12
1183 8
1184 13
1185 8
1186 10
1187 12
1188 10
1189 6
1190 9
1191 8
1192 10
1193 8
1194 9
1195 10
1196 7
1197 10
1198 4
1199 8
1200 1
1201 4
1202 3
1203 2
1204 7
1205 8
1206 3
1207 6
1208 7
1209 7
1210 6
1211 8
1212 13
1213 1
1214 8
1215 12
1216 7
1217 3
1218 10
1219 1
1220 7
1221 9
1222 4
1223 4
1224 10
1225 5
1226 3
1227 9
1228 1
1229 5
1230 5
1231 3
1232 5
1233 4
1234 6
1235 1
1236 8
1237 2
1238 2
1239 2
1240 8
1241 5
1242 4
1243 8
1244 3
1245 6
1246 3
1247 4
1248 2
1249 5
1250 2
1251 5
1252 5
1253 6
1254 1
1255 3
1256 14
1257 7
1258 4
1259 4
1260 5
1261 9
1262 5
1263 9
1264 5
1265 9
1266 3
1267 5
1268 2
1269 7
1270 5
1271 2
1272 7
1273 2
1274 4
1275 7
1276 7
1277 4
1278 5
1279 6
1280 6
1281 2
1282 5
1283 5
1284 8
1285 3
1286 3
1287 8
1288 4
1289 6
1290 6
1291 3
1292 8
1293 3
1294 2
1295 4
1296 3
1297 4
1298 7
1299 2
1300 11
1301 8
1302 5
1303 4
1304 6
1305 6
1306 4
1307 5
1308 3
1309 4
1310 5
1311 5
1312 7
1313 2
1314 1
1315 4
1316 5
1317 4
1318 3
1319 1
1320 1
1321 2
1322 1
1323 2
1324 2
1325 1
1327 2
1328 3
1329 2
1331 2
1332 2
1333 1
1334 5
1335 3
1336 5
1337 6
1338 4
1339 7
1340 5
1341 1
1342 3
1343 4
1344 2
1345 2
1346 2
1348 6
1349 3
1350 3
1351 3
1352 2
1353 7
1354 3
1355 3
1357 7
1358 11
1359 8
1360 1
1361 6
1362 3
1363 5
1364 2
1365 4
1366 3
1367 4
1368 1
1369 3
1370 5
1371 1
1372 6
1373 6
1374 2
1375 5
1376 2
1377 8
1378 3
1379 2
1380 5
1381 5
1382 4
1383 2
1384 7
1385 2
1386 2
1387 3
1388 4
1389 6
1390 2
1391 3
1392 1
1393 2
1394 1
1395 4
1396 2
1397 2
1399 2
1400 3
1401 2
1403 2
1404 2
1407 3
1408 2
1411 1
1412 3
1413 1
1414 1
1415 2
1416 3
1417 3
1418 1
1419 2
1420 1
1421 1
1422 1
1424 4
1426 3
1427 2
1428 1
1429 4
1430 7
1431 2
1432 6
1433 5
1434 8
1435 7
1436 3
1437 5
1438 2
1439 6
1440 8
1441 5
1442 4
1443 1
1444 4
1445 2
1446 3
1447 3
1448 1
1449 2
1450 2
1451 7
1453 2
1454 1
1455 4
1456 6
1457 4
1458 3
1459 3
1460 6
1461 3
1462 2
1463 4
1464 2
1465 4
1466 2
1467 6
1468 5
1469 4
1470 7
1471 5
1472 4
1473 2
1474 2
1476 2
1477 4
1478 3
1479 2
1480 2
1481 4
1482 1
1483 1
1484 2
1485 4
1486 3
1487 4
1488 3
1489 1
1490 1
1491 1
1493 2
1494 4
1495 5
1496 3
1497 3
1498 1
1499 2
1500 4
1501 2
1502 4
1503 5
1504 1
1505 4
1506 2
1507 2
1508 2
1509 1
1511 4
1512 1
1513 3
1514 4
1515 3
1516 4
1517 3
1518 3
1519 4
1520 5
1521 1
1522 7
1523 6
1524 4
1525 4
1526 2
1527 2
1529 1
1530 2
1531 4
1532 3
1535 1
1536 3
1537 3
1538 3
1539 2
1540 3
1541 1
1543 1
1544 3
1545 3
1546 1
1547 1
1548 2
1549 1
1550 4
1551 2
1552 1
1553 1
1554 2
1555 1
1556 2
1558 3
1559 4
1560 3
1561 1
1562 5
1563 4
1564 2
1565 1
1566 3
1567 1
1568 3
1569 5
1570 1
1571 4
1573 1
1574 3
1575 1
1576 1
1577 1
1578 4
1579 1
1580 2
1581 3
1582 1
1583 1
1587 2
1588 1
1589 1
1592 1
1595 2
1597 3
1601 1
1602 3
1603 3
1604 3
1606 1
1607 2
1608 1
1610 1
1611 3
1612 1
1613 2
1615 1
1617 3
1619 1
1620 3
1621 1
1622 2
1623 2
1625 3
1626 1
1627 1
1628 2
1629 2
1630 2
1631 1
1632 1
1633 2
1634 3
1635 2
1636 2
1637 1
1640 3
1643 1
1644 4
1645 5
1646 2
1647 1
1648 3
1649 5
1650 3
1651 4
1652 6
1653 4
1654 4
1655 2
1656 5
1657 3
1658 8
1659 1
1660 1
1661 3
1662 3
1663 3
1664 5
1665 3
1666 3
1668 5
1669 4
1670 2
1671 3
1672 2
1673 2
1676 2
1677 1
1678 2
1679 1
1680 2
1681 1
1682 3
1684 1
1685 2
1688 1
1690 1
1692 1
1694 2
1695 1
1696 3
1698 3
1700 1
1701 2
1703 1
1706 2
1707 2
1710 1
1712 1
1713 2
1715 2
1717 1
1721 2
1723 1
1724 1
1725 1
1727 1
1729 1
1731 1
1732 1
1733 1
1734 1
1735 2
1736 1
1739 2
1740 1
1741 1
1742 1
1743 3
1744 1
1745 3
1746 3
1747 1
1748 1
1752 4
1753 2
1756 1
1758 1
1760 1
1762 1
1763 1
1768 1
1769 1
1773 1
1780 1
1787 1
1790 1
1791 1
1795 1
1796 2
1797 1
1802 1
1804 1
1807 2
1808 2
1811 1
1814 1
1817 2
1818 3
1819 3
1820 1
1821 5
1822 3
1823 3
1824 1
1825 3
1826 2
1827 4
1828 4
1829 6
1830 1
1831 3
1832 2
1833 2
1834 2
1835 2
1836 2
1837 4
1838 4
1839 4
1840 6
1841 5
1842 2
1843 3
1844 1
1845 3
1846 5
1847 9
1848 4
1849 3
1850 5
1851 7
1852 6
1853 4
1854 8
1855 4
1856 7
1857 1
1858 6
1859 5
1860 4
1861 4
1862 3
1863 2
1864 6
1865 11
1866 12
1867 9
1868 10
1869 7
1870 10
1871 11
1872 10
1873 14
1874 9
1875 8
1876 13
1877 11
1878 17
1879 8
1880 14
1881 13
1882 15
1883 7
1884 12
1885 12
1886 9
1887 12
1888 9
1889 14
1890 14
1891 5
1892 9
1893 17
1894 12
1895 6
1896 11
1897 10
1898 14
1899 22
1900 13
1901 8
1902 16
1903 21
1904 23
1905 15
1906 22
1907 18
1908 14
1909 17
1910 24
1911 24
1912 34
1913 18
1914 31
1915 35
1916 31
1917 34
1918 29
1919 38
1920 32
1921 34
1922 34
1923 38
1924 35
1925 37
1926 30
1927 43
1928 32
1929 35
1930 43
1931 41
1932 39
1933 24
1934 47
1935 37
1936 38
1937 33
1938 37
1939 37
1940 33
1941 33
1942 34
1943 41
1944 40
1945 39
1946 41
1947 39
1948 38
1949 37
1950 45
1951 41
1952 32
1953 54
1954 46
1955 39
1956 41
1957 44
1958 35
1959 43
1960 33
1961 40
1962 46
1963 45
1964 39
1965 50
1966 52
1967 45
1968 38
1969 43
1970 48
1971 52
1972 58
1973 49
1974 49
1975 41
1976 45
1977 50
1978 61
1979 46
1980 49
1981 52
1982 55
1983 34
1984 41
1985 44
1986 46
1987 54
1988 43
1989 39
1990 35
1991 26
1992 20
1993 30
1994 37
1995 33
1996 33
1997 29
1998 28
1999 29
2000 26
2001 26
2002 22
2003 28
2004 28
2005 34
2006 20
2007 21
2008 21
2009 26
2010 21
2011 22
2012 17
2013 20
2014 33
2015 19
2016 26
2017 26
2018 14
2019 18
2020 27
2021 21
2022 10
2023 19
2024 19
2025 22
2026 20
2027 17
2028 11
2029 11
2030 10
2031 20
2032 13
2033 16
2034 16
2035 6
2036 7
2037 7
2038 10
2039 7
2040 8
2041 8
2042 9
2043 12
2044 8
2045 13
2046 7
2047 6
2048 7
2049 11
2050 11
2051 5
2052 4
2053 18
2054 4
2055 8
2056 5
2057 3
2058 10
2059 4
2060 3
2061 5
2062 6
2063 5
2064 6
2065 7
2066 4
2067 3
2068 7
2069 5
2070 5
2071 6
2072 6
2073 4
2074 3
2075 2
2076 2
2077 2
2078 2
2079 1
2080 2
2081 1
2082 2
2083 4
2084 2
2085 1
2086 2
2088 1
2089 1
2090 1
2094 2
2095 2
2096 2
2097 4
2098 1
2100 1
2102 2
2107 2
2108 2
2109 1
2110 1
2113 1
2114 2
2116 1
2117 1
2118 1
2119 1
2120 1
2122 1
2125 1
2127 1
2130 1
2133 1
2136 1
2137 2
2139 2
2140 1
2141 1
2143 1
2145 1
2147 1
2149 1
2151 1
2153 1
2156 2
2158 1
2160 1
2165 1
2172 1
2173 2
2180 1
2183 1
2197 1
2198 1
2204 1
2205 1
2208 2
2210 1
2217 1
2218 2
2219 1
2224 1
2226 2
2227 1
2228 1
2230 1
2231 1
2234 1
2235 1
2237 2
2238 2
2241 1
2242 1
2243 1
2244 1
2245 1
2246 1
2249 1
2251 1
2252 1
2253 1
2254 1
2265 1
2267 2
2269 1
2271 1
2273 1
2274 3
2276 3
2277 3
2278 3
2279 1
2280 1
2281 2
2282 2
2283 1
2285 2
2286 2
2287 1
2289 6
2290 2
2291 1
2292 2
2293 2
2294 2
2295 2
2296 1
2297 2
2298 3
2299 2
2301 1
2302 2
2303 4
2305 2
2306 2
2307 4
2308 2
2309 1
2310 1
2311 4
2312 5
2314 2
2317 1
2318 2
2319 1
2320 1
2321 2
2322 1
2323 1
2324 1
2326 1
2329 1
2335 1
2337 1
2339 1
2341 1
2342 1
2344 1
2346 1
2347 1
2350 1
2354 2
2355 2
2358 1
2360 2
2361 1
2362 2
2364 3
2366 2
2367 1
2371 2
2373 1
2374 2
2378 1
2387 1
2395 1
2399 2
2412 1
2418 1
2420 2
2421 3
2424 4
2425 3
2426 3
2427 2
2428 1
2429 2
2431 1
2432 1
2436 1
2437 2
2438 2
2439 2
2441 2
2442 1
2444 1
2448 1
2449 3
2450 1
2451 2
2452 2
2454 1
2455 2
2456 1
2457 2
2459 1
2460 1
2461 1
2462 1
2463 2
2466 1
2467 1
2469 1
2473 1
2474 1
2477 1
2478 3
2480 1
2481 2
2484 2
2486 1
2488 2
2492 1
2493 1
2494 1
2495 1
2496 1
2497 3
2498 1
2499 1
2500 1
2502 1
2505 1
2506 3
2508 2
2509 1
2511 1
2512 2
2513 1
2516 1
2517 1
2519 1
2520 1
2522 2
2524 1
2527 1
2536 1
2541 1
2545 2
2550 2
2551 1
2552 1
2553 1
2558 1
2560 2
2566 1
2568 1
2569 2
2570 1
2571 2
2573 2
2574 1
2575 2
2576 1
2577 1
2578 2
2580 1
2582 1
2583 1
2584 2
2585 3
2586 1
2587 1
2588 1
2589 2
2591 2
2592 4
2593 2
2594 1
2595 2
2596 1
2597 1
2598 2
2599 1
2604 4
2606 1
2607 1
2608 1
2610 1
2611 1
2613 1
2614 1
2616 2
2617 1
2619 2
2623 3
2627 1
2629 2
2632 1
2633 2
2635 2
2637 1
2640 2
2641 1
2642 1
2643 1
2644 1
2646 2
2648 1
2650 1
2652 1
2653 1
2655 1
2656 2
2661 1
2663 2
2665 1
2669 1
2677 1
2678 1
2680 2
2682 1
2683 1
2685 2
2686 1
2690 2
2694 1
2696 1
2698 1
2701 1
2705 1
2707 1
2710 1
2711 2
2713 1
2714 1
2717 1
2718 1
2719 1
2720 1
2721 1
2722 2
2724 1
2725 1
2727 1
2728 1
2729 1
2734 1
2736 1
2753 1
2757 1
2760 1
2765 1
2766 1
2768 1
2770 1
2794 1
2818 1
2827 1
2830 1
2831 1
2835 2
2837 1
2839 1
2840 1
2841 2
2848 1
2855 3
2856 1
2857 2
2859 1
2860 3
2861 1
2862 1
2866 3
2867 1
2868 3
2869 1
2872 2
2873 3
2874 2
2875 2
2876 2
2878 3
2879 1
2880 1
2881 1
2882 1
2883 1
2884 4
2885 2
2886 1
2887 2
2888 2
2889 2
2890 1
2891 3
2892 1
2893 2
2894 3
2895 3
2896 2
2897 3
2900 2
2901 3
2903 3
2904 2
2906 2
2908 2
2910 1
2912 2
2913 3
2914 1
2915 1
2916 7
2917 3
2918 7
2919 5
2920 2
2921 3
2922 7
2923 3
2924 5
2925 8
2926 3
2927 8
2928 5
2929 2
2930 7
2931 7
2932 3
2933 3
2934 6
2935 3
2936 3
2937 1
2938 3
2939 5
2940 1
2941 1
2942 3
2943 2
2944 3
2945 4
2946 3
2947 2
2948 3
2949 2
2950 4
2951 4
2952 2
2953 2
2954 2
2955 2
2956 2
2958 1
2959 1
2960 2
2961 2
2962 2
2963 4
2964 2
2965 2
2967 1
2968 1
2969 1
2970 2
2972 1
2973 2
2974 1
2975 1
2978 1
2979 1
2980 2
2982 2
2983 2
2985 1
2986 2
2988 1
2993 2
2995 1
2996 1
2997 2
3007 1
3010 3
3013 1
3022 1
3023 1
3024 1
3027 2
3046 1
3048 1
3071 1
3077 2
3088 1
3089 1
3096 2
3132 1
3138 1
3142 1
3144 1
3153 2
3157 1
3159 1
3165 1
3170 1
3171 1
3177 1
3182 1
3184 1
3192 1
3216 1
3217 1
3226 1
3230 1
3240 1
3244 1
3245 1
3246 1
3247 1
3251 1
3255 1
3257 1
3258 2
3259 1
3260 2
3261 1
3262 2
3263 2
3264 2
3265 2
3266 1
3267 1
3268 2
3269 3
3270 1
3273 3
3274 3
3276 1
3280 1
3283 2
3284 3
3286 1
3288 1
3289 3
3291 2
3293 1
3294 2
3296 3
3297 1
3298 2
3299 4
3300 2
3302 2
3303 1
3304 1
3305 1
3306 3
3307 3
3309 1
3310 3
3311 4
3313 3
3314 2
3315 1
3321 4
3323 3
3324 1
3326 1
3332 1
3333 2
3338 1
3340 1
3341 1
3346 3
3347 2
3350 1
3354 1
3366 1
3374 1
3378 1
3388 1
3394 1
3399 1
3404 1
3406 1
3436 1
3636 1
3790 1
3811 1
3819 1
3835 1
3838 1
3841 2
3851 1
3855 2
3858 1
3862 1
3865 1
3867 1
3869 1
3870 2
3877 1
3878 2
3879 1
3880 2
3882 1
3886 2
3887 1
3889 3
3890 1
3891 1
3892 2
3893 2
3898 2
3901 2
3905 1
3907 1
3908 1
3911 1
3913 1
3915 1
3927 1
3939 1
3940 1
3942 1
3948 1
3951 1
3952 1
3953 1
3954 1
3955 1
3958 1
3963 1
3973 1
3990 1
3997 1
3999 1
4003 1
4007 1
4009 1
4013 1
4014 1
4015 1
4021 1
4022 1
4023 1
4026 1
4030 1
4095 1
4100 1
4101 1
4497 1
4504 1
4512 1
4659 1
4668 1
4669 1
4759 1
4760 1
4777 1
4812 1
4847 1
4856 2
4870 1
4871 1
4874 1
4880 1
4884 1
4885 1
4886 1
4889 1
4892 1
4895 1
4896 1
4898 1
4903 1
4993 1
5007 1
5065 1
5075 1
5767 1
5773 1
5811 1
5817 1
5820 1
5859 1
5860 1
5861 1
5872 1
5883 1
5885 1
5951 1
5953 1
5955 1
5958 1
5959 2
5962 1
5964 1
5968 1
5970 1
5979 1
5983 1
5984 1
5987 1
6002 1
6007 1
6009 1
6011 1
6015 2
6020 1
6041 1
6049 1
6052 2
6058 1
6059 1
6064 1
6795 1
6821 1
6831 1
6882 1
6967 1
7709 1
7816 1
7851 1
8823 1
8884 1
9614 1
9615 1
10001 10
