1 21441599
2 6983714
3 3127334
4 1915203
5 1547340
6 1432847
7 1339382
8 1194821
9 973732
10 732630
11 507215
12 333821
13 205045
14 118998
15 69856
16 40010
17 24004
18 14069
19 8903
20 5894
21 4136
22 3293
23 2662
24 2271
25 2108
26 1636
27 1547
28 1492
29 1560
30 1631
31 1901
32 2366
33 2901
34 3692
35 4935
36 6861
37 9393
38 12392
39 16761
40 22535
41 30010
42 37641
43 46424
44 55996
45 66025
46 76512
47 87188
48 96160
49 105606
50 112398
51 116944
52 121381
53 121585
54 120031
55 116074
56 110866
57 104369
58 95209
59 85989
60 76408
61 66573
62 57660
63 48527
64 41166
65 33920
66 27967
67 22390
68 17693
69 13741
70 10425
71 7692
72 5639
73 4225
74 3088
75 2255
76 1633
77 1150
78 818
79 648
80 398
81 293
82 241
83 164
84 127
85 111
86 96
87 66
88 73
89 67
90 67
91 75
92 84
93 82
94 100
95 119
96 128
97 149
98 194
99 187
100 194
101 223
102 200
103 199
104 211
105 211
106 244
107 211
108 189
109 229
110 213
111 227
112 207
113 236
114 179
115 178
116 149
117 129
118 119
119 90
120 65
121 88
122 75
123 76
124 63
125 49
126 54
127 39
128 31
129 18
130 38
131 26
132 29
133 16
134 11
135 5
136 7
137 6
138 8
139 17
140 9
141 7
142 8
143 4
144 7
145 10
146 9
147 9
148 11
149 14
150 9
151 11
152 9
153 6
154 13
155 12
156 14
157 11
158 13
159 10
160 12
161 18
162 15
163 23
164 36
165 20
166 22
167 17
168 32
169 28
170 15
171 19
172 17
173 13
174 10
175 4
176 9
177 5
178 5
179 1
181 3
182 3
183 7
184 3
185 2
186 2
187 1
188 1
190 3
191 2
192 3
193 5
194 4
195 1
196 2
197 4
201 3
202 1
204 1
205 1
207 1
208 1
209 2
210 5
211 2
213 2
214 1
215 1
216 1
217 1
218 2
219 1
221 5
222 6
223 6
224 6
225 4
228 2
232 3
233 4
234 2
235 1
236 1
244 1
248 1
250 1
256 1
258 1
262 4
266 1
267 1
268 2
270 1
271 1
272 3
273 3
274 2
275 1
276 2
309 2
312 1
317 1
319 1
320 1
321 1
323 2
324 1
325 1
326 3
327 6
330 1
331 3
333 1
338 1
340 1
349 3
351 1
352 1
353 2
354 3
358 2
366 1
377 1
378 1
381 1
383 1
389 1
391 1
392 1
394 1
398 1
401 1
449 1
461 1
464 1
492 1
518 1
554 1
557 1
701 3
702 2
703 2
704 1
705 2
