1 22498606
2 11876713
3 7135533
4 4139769
5 2387076
6 1539687
7 1209332
8 1086783
9 992864
10 879223
11 740619
12 602098
13 473429
14 381479
15 329155
16 315790
17 334853
18 378485
19 437172
20 500268
21 565142
22 618551
23 660070
24 687309
25 704187
26 702012
27 693267
28 671482
29 646805
30 614725
31 587488
32 557569
33 532982
34 511784
35 497558
36 488582
37 480961
38 478156
39 473088
40 465386
41 457386
42 445889
43 434004
44 412373
45 388136
46 359419
47 330508
48 301120
49 270779
50 240710
51 212019
52 186753
53 164224
54 146339
55 131580
56 121288
57 114188
58 110790
59 110515
60 112223
61 113868
62 115947
63 120532
64 121962
65 123367
66 123141
67 122428
68 122358
69 120644
70 118156
71 115246
72 113409
73 110562
74 109203
75 108679
76 109930
77 111574
78 112856
79 115780
80 119451
81 124151
82 129150
83 134922
84 138451
85 143406
86 145943
87 148458
88 149853
89 151121
90 148780
91 147389
92 144113
93 140734
94 136761
95 133224
96 128692
97 123156
98 120185
99 118088
100 115715
101 113919
102 112451
103 112552
104 114035
105 116302
106 119226
107 122673
108 126474
109 131135
110 135147
111 138878
112 141169
113 143994
114 144967
115 145352
116 145318
117 144119
118 142495
119 139202
120 134848
121 130705
122 125411
123 119414
124 112783
125 105840
126 97824
127 89777
128 83381
129 75635
130 68345
131 60931
132 53868
133 47497
134 41786
135 36176
136 31226
137 26914
138 23277
139 19591
140 16650
141 14045
142 11512
143 9656
144 8040
145 6865
146 5752
147 4723
148 3867
149 3243
150 2666
151 2281
152 1827
153 1571
154 1358
155 1241
156 1063
157 996
158 912
159 911
160 841
161 832
162 796
163 774
164 747
165 706
166 790
167 763
168 778
169 849
170 835
171 867
172 939
173 884
174 973
175 941
176 898
177 869
178 870
179 946
180 936
181 999
182 954
183 936
184 915
185 914
186 834
187 788
188 763
189 693
190 701
191 636
192 630
193 569
194 550
195 532
196 491
197 507
198 434
199 483
200 416
201 368
202 341
203 302
204 342
205 327
206 316
207 287
208 308
209 255
210 265
211 271
212 250
213 262
214 301
215 290
216 365
217 314
218 341
219 331
220 358
221 316
222 352
223 361
224 397
225 434
226 430
227 466
228 445
229 433
230 433
231 429
232 476
233 449
234 470
235 441
236 419
237 432
238 429
239 445
240 427
241 413
242 358
243 396
244 415
245 396
246 413
247 382
248 372
249 390
250 403
251 317
252 357
253 368
254 370
255 346
256 306
257 308
258 369
259 321
260 300
261 315
262 306
263 278
264 280
265 281
266 265
267 259
268 270
269 317
270 298
271 312
272 276
273 295
274 268
275 256
276 196
277 175
278 179
279 156
280 174
281 136
282 124
283 132
284 130
285 112
286 123
287 143
288 104
289 123
290 103
291 96
292 89
293 102
294 75
295 75
296 83
297 70
298 98
299 87
300 74
301 58
302 65
303 62
304 70
305 62
306 57
307 64
308 68
309 73
310 82
311 64
312 102
313 98
314 95
315 80
316 101
317 103
318 95
319 91
320 104
321 114
322 129
323 126
324 104
325 133
326 105
327 142
328 127
329 166
330 155
331 167
332 160
333 167
334 173
335 170
336 131
337 148
338 181
339 171
340 168
341 161
342 178
343 194
344 209
345 195
346 225
347 204
348 191
349 196
350 185
351 178
352 199
353 196
354 183
355 186
356 168
357 183
358 172
359 173
360 163
361 203
362 167
363 176
364 140
365 138
366 149
367 146
368 140
369 139
370 151
371 141
372 147
373 159
374 146
375 141
376 152
377 145
378 141
379 145
380 147
381 134
382 140
383 151
384 131
385 106
386 116
387 108
388 106
389 106
390 96
391 107
392 109
393 108
394 96
395 78
396 102
397 83
398 98
399 93
400 78
401 89
402 85
403 67
404 75
405 70
406 78
407 75
408 77
409 60
410 67
411 49
412 71
413 55
414 48
415 44
416 40
417 30
418 32
419 47
420 55
421 36
422 43
423 40
424 32
425 38
426 21
427 40
428 23
429 47
430 37
431 32
432 29
433 30
434 28
435 30
436 24
437 33
438 30
439 27
440 37
441 39
442 31
443 41
444 41
445 31
446 37
447 44
448 27
449 36
450 33
451 36
452 30
453 34
454 41
455 32
456 28
457 26
458 23
459 34
460 32
461 25
462 29
463 38
464 30
465 31
466 33
467 39
468 41
469 37
470 52
471 40
472 32
473 40
474 39
475 40
476 41
477 25
478 40
479 48
480 47
481 34
482 28
483 28
484 37
485 29
486 30
487 37
488 20
489 30
490 21
491 20
492 42
493 14
494 19
495 20
496 22
497 12
498 13
499 13
500 15
501 20
502 10
503 16
504 13
505 9
506 12
507 5
508 9
509 9
510 5
511 14
512 9
513 9
514 11
515 10
516 13
517 21
518 8
519 17
520 20
521 11
522 24
523 16
524 23
525 19
526 21
527 23
528 29
529 24
530 24
531 36
532 18
533 37
534 44
535 39
536 46
537 54
538 51
539 56
540 84
541 80
542 84
543 85
544 103
545 113
546 147
547 157
548 181
549 179
550 224
551 273
552 288
553 332
554 394
555 415
556 503
557 582
558 638
559 779
560 784
561 973
562 984
563 1144
564 1204
565 1405
566 1554
567 1729
568 1879
569 2092
570 2337
571 2517
572 2743
573 3092
574 3440
575 3644
576 3971
577 4426
578 4851
579 5221
580 5612
581 6180
582 6568
583 7226
584 7613
585 8140
586 8726
587 9243
588 9915
589 10702
590 11157
591 11901
592 12688
593 13496
594 14242
595 14958
596 15730
597 16900
598 17582
599 18244
600 19605
601 20437
602 21162
603 21937
604 23182
605 23424
606 24732
607 25282
608 26520
609 27116
610 28073
611 29029
612 30090
613 30770
614 32030
615 32518
616 33157
617 34075
618 34635
619 35313
620 36125
621 36377
622 37519
623 37754
624 38391
625 38677
626 39643
627 40153
628 40821
629 40906
630 41193
631 41401
632 42181
633 42623
634 42634
635 42924
636 43235
637 43876
638 44145
639 44682
640 44760
641 44735
642 45298
643 45640
644 45762
645 46458
646 46348
647 46729
648 47545
649 47700
650 47926
651 48483
652 48812
653 49202
654 49651
655 50160
656 50057
657 50494
658 51053
659 51211
660 52194
661 52968
662 52929
663 53508
664 54182
665 54547
666 54904
667 55380
668 56099
669 56204
670 56952
671 57568
672 57449
673 57614
674 58122
675 57907
676 58644
677 58801
678 58150
679 57903
680 58185
681 57802
682 57599
683 57427
684 57119
685 56994
686 56332
687 56138
688 55198
689 55203
690 54390
691 53891
692 52892
693 52262
694 51376
695 50420
696 49532
697 48117
698 47146
699 45624
700 44666
701 43765
702 42415
703 41169
704 39861
705 38856
706 37784
707 36351
708 34829
709 34293
710 32345
711 31586
712 30110
713 28557
714 27246
715 26391
716 24920
717 23699
718 22397
719 21255
720 20276
721 19233
722 18252
723 17319
724 16220
725 15348
726 14546
727 13637
728 12671
729 12066
730 11343
731 10621
732 9869
733 9213
734 8509
735 7990
736 7380
737 6729
738 6367
739 5841
740 5365
741 4960
742 4497
743 4250
744 3903
745 3609
746 3392
747 3139
748 2759
749 2588
750 2376
751 2133
752 1913
753 1690
754 1536
755 1428
756 1269
757 1179
758 1056
759 939
760 840
761 731
762 720
763 633
764 519
765 512
766 399
767 408
768 318
769 321
770 314
771 259
772 210
773 190
774 162
775 141
776 123
777 93
778 90
779 106
780 59
781 74
782 64
783 65
784 62
785 66
786 50
787 63
788 62
789 56
790 50
791 45
792 49
793 41
794 46
795 53
796 38
797 35
798 37
799 32
800 23
801 37
802 33
803 31
804 31
805 30
806 31
807 27
808 30
809 28
810 36
811 25
812 29
813 25
814 24
815 20
816 27
817 22
818 24
819 27
820 22
821 27
822 22
823 20
824 27
825 31
826 20
827 23
828 24
829 24
830 23
831 28
832 33
833 19
834 17
835 20
836 23
837 21
838 21
839 18
840 18
841 24
842 19
843 17
844 25
845 25
846 25
847 15
848 22
849 13
850 23
851 17
852 15
853 25
854 15
855 14
856 21
857 18
858 24
859 12
860 11
861 29
862 21
863 28
864 20
865 20
866 10
867 18
868 15
869 11
870 24
871 17
872 9
873 12
874 15
875 19
876 15
877 17
878 17
879 14
880 12
881 12
882 10
883 12
884 19
885 13
886 14
887 9
888 17
889 13
890 12
891 13
892 9
893 10
894 21
895 11
896 19
897 13
898 12
899 30
900 21
901 22
902 11
903 20
904 19
905 13
906 26
907 26
908 16
909 25
910 21
911 18
912 23
913 26
914 22
915 38
916 27
917 17
918 21
919 32
920 20
921 28
922 26
923 22
924 25
925 20
926 19
927 25
928 18
929 13
930 18
931 25
932 27
933 14
934 18
935 16
936 19
937 27
938 24
939 20
940 19
941 12
942 19
943 22
944 10
945 16
946 21
947 14
948 18
949 15
950 9
951 16
952 11
953 15
954 11
955 14
956 10
957 18
958 20
959 18
960 16
961 19
962 18
963 16
964 18
965 21
966 17
967 15
968 14
969 12
970 14
971 15
972 11
973 13
974 12
975 20
976 21
977 12
978 12
979 13
980 11
981 12
982 15
983 5
984 9
985 4
986 12
987 10
988 10
989 10
990 9
991 3
992 9
993 8
994 9
995 12
996 5
997 8
998 2
999 3
1000 7
1001 5
1002 7
1003 5
1004 6
1005 3
1006 2
1007 4
1008 4
1009 2
1010 2
1011 10
1012 3
1013 1
1014 8
1015 7
1016 7
1017 11
1018 13
1019 7
1020 9
1021 6
1022 15
1023 9
1024 7
1025 7
1026 7
1027 10
1028 9
1029 4
1030 6
1031 8
1032 4
1033 2
1034 3
1035 5
1036 5
1037 5
1038 5
1039 1
1040 6
1041 3
1042 5
1043 3
1044 6
1045 6
1046 5
1047 3
1048 6
1049 3
1050 4
1051 2
1052 1
1053 5
1054 3
1055 3
1056 5
1057 8
1058 4
1059 4
1060 4
1061 5
1062 4
1063 6
1064 2
1065 1
1066 4
1067 2
1068 5
1069 7
1070 6
1071 5
1072 1
1073 4
1074 3
1075 7
1076 3
1077 3
1078 5
1079 4
1080 4
1081 6
1082 7
1083 3
1084 4
1085 14
1086 9
1087 8
1088 17
1089 13
1090 7
1091 8
1092 14
1093 12
1094 5
1095 5
1096 10
1097 6
1098 5
1099 6
1100 1
1101 5
1102 4
1103 6
1105 4
1106 3
1107 7
1108 6
1109 6
1110 6
1111 7
1112 4
1113 6
1114 5
1115 3
1116 5
1117 1
1118 3
1119 2
1120 4
1121 4
1122 8
1123 1
1124 3
1127 3
1128 6
1129 2
1130 3
1131 5
1133 4
1134 2
1135 5
1136 2
1137 3
1138 2
1139 1
1140 4
1141 2
1142 4
1143 2
1144 4
1145 8
1146 3
1147 2
1148 5
1149 6
1150 6
1151 3
1152 4
1153 3
1154 6
1155 8
1156 8
1157 6
1158 8
1159 9
1160 9
1161 13
1162 8
1163 15
1164 17
1165 23
1166 18
1167 17
1168 23
1169 17
1170 24
1171 13
1172 15
1173 22
1174 16
1175 16
1176 17
1177 19
1178 15
1179 11
1180 19
1181 20
1182 28
1183 30
1184 25
1185 27
1186 26
1187 24
1188 32
1189 27
1190 29
1191 38
1192 34
1193 35
1194 34
1195 29
1196 37
1197 48
1198 44
1199 53
1200 59
1201 60
1202 51
1203 68
1204 67
1205 77
1206 63
1207 85
1208 75
1209 71
1210 79
1211 90
1212 87
1213 84
1214 87
1215 103
1216 105
1217 93
1218 115
1219 105
1220 119
1221 109
1222 116
1223 130
1224 127
1225 153
1226 153
1227 159
1228 144
1229 138
1230 137
1231 138
1232 139
1233 155
1234 142
1235 150
1236 155
1237 153
1238 148
1239 146
1240 142
1241 130
1242 161
1243 157
1244 179
1245 168
1246 157
1247 171
1248 129
1249 146
1250 175
1251 158
1252 161
1253 182
1254 196
1255 169
1256 181
1257 192
1258 163
1259 145
1260 149
1261 152
1262 185
1263 166
1264 165
1265 168
1266 170
1267 153
1268 166
1269 177
1270 174
1271 181
1272 151
1273 172
1274 182
1275 175
1276 167
1277 168
1278 137
1279 145
1280 133
1281 149
1282 136
1283 136
1284 148
1285 126
1286 154
1287 129
1288 125
1289 116
1290 125
1291 120
1292 127
1293 110
1294 121
1295 115
1296 102
1297 103
1298 102
1299 98
1300 116
1301 109
1302 114
1303 102
1304 107
1305 91
1306 104
1307 98
1308 92
1309 117
1310 96
1311 123
1312 117
1313 117
1314 129
1315 107
1316 105
1317 116
1318 125
1319 124
1320 95
1321 103
1322 109
1323 110
1324 116
1325 127
1326 114
1327 125
1328 126
1329 127
1330 128
1331 141
1332 142
1333 162
1334 146
1335 147
1336 157
1337 171
1338 137
1339 171
1340 163
1341 143
1342 157
1343 162
1344 162
1345 160
1346 187
1347 194
1348 178
1349 164
1350 194
1351 174
1352 200
1353 169
1354 189
1355 180
1356 177
1357 218
1358 210
1359 206
1360 210
1361 204
1362 187
1363 216
1364 208
1365 179
1366 217
1367 210
1368 226
1369 208
1370 218
1371 197
1372 214
1373 211
1374 199
1375 198
1376 209
1377 200
1378 183
1379 187
1380 173
1381 181
1382 179
1383 166
1384 173
1385 152
1386 152
1387 180
1388 169
1389 129
1390 140
1391 143
1392 129
1393 131
1394 156
1395 114
1396 120
1397 120
1398 110
1399 124
1400 106
1401 110
1402 101
1403 118
1404 92
1405 109
1406 77
1407 88
1408 96
1409 88
1410 76
1411 70
1412 87
1413 84
1414 76
1415 79
1416 71
1417 74
1418 76
1419 83
1420 47
1421 57
1422 55
1423 58
1424 42
1425 36
1426 49
1427 40
1428 37
1429 33
1430 34
1431 37
1432 40
1433 47
1434 45
1435 49
1436 31
1437 40
1438 49
1439 31
1440 38
1441 37
1442 31
1443 26
1444 19
1445 32
1446 24
1447 27
1448 30
1449 21
1450 18
1451 21
1452 11
1453 12
1454 11
1455 8
1456 11
1457 12
1458 13
1459 10
1460 11
1461 15
1462 9
1463 11
1464 6
1465 10
1466 19
1467 15
1468 17
1469 6
1470 6
1471 10
1472 7
1473 9
1474 9
1475 13
1476 8
1477 10
1478 8
1479 7
1480 4
1481 8
1482 8
1483 6
1484 6
1485 10
1486 10
1487 5
1488 6
1489 9
1490 11
1491 13
1492 9
1493 5
1494 8
1495 4
1496 16
1497 7
1498 11
1499 9
1500 9
1501 13
1502 13
1503 4
1504 10
1505 7
1506 7
1507 9
1508 8
1509 10
1510 11
1511 11
1512 13
1513 9
1514 8
1515 14
1516 10
1517 10
1518 5
1519 7
1520 11
1521 5
1522 9
1523 12
1524 12
1525 9
1526 4
1527 12
1528 9
1529 4
1530 7
1531 13
1532 10
1533 10
1534 8
1535 13
1536 6
1537 7
1538 6
1539 5
1540 11
1541 11
1542 8
1543 10
1544 10
1545 13
1546 8
1547 10
1548 6
1549 5
1550 9
1551 7
1552 9
1553 6
1554 6
1555 2
1556 7
1557 7
1558 4
1559 3
1560 4
1561 5
1562 6
1563 7
1564 5
1565 3
1566 1
1567 5
1568 8
1569 4
1570 11
1571 1
1572 3
1573 7
1574 5
1575 7
1576 5
1577 4
1578 5
1579 4
1580 7
1581 8
1582 7
1583 9
1584 4
1585 6
1586 7
1587 3
1588 6
1589 2
1590 8
1591 7
1592 8
1593 5
1594 6
1595 5
1596 5
1597 9
1598 10
1599 8
1601 5
1602 4
1603 7
1604 7
1605 7
1606 5
1607 5
1608 2
1609 6
1610 3
1611 5
1613 3
1614 6
1615 2
1616 4
1617 2
1618 4
1619 5
1620 5
1621 5
1622 3
1624 5
1625 1
1626 1
1627 4
1628 6
1629 6
1630 6
1631 4
1632 6
1633 10
1634 8
1635 6
1636 8
1637 8
1638 2
1639 10
1640 5
1641 7
1642 1
1643 3
1644 4
1645 4
1646 3
1647 1
1648 4
1650 3
1651 2
1652 1
1653 2
1654 2
1655 1
1656 2
1657 2
1658 3
1659 2
1662 1
1663 1
1664 1
1665 4
1666 3
1667 5
1668 5
1669 6
1671 2
1672 4
1673 3
1674 1
1675 2
1676 1
1677 3
1678 2
1679 4
1680 1
1681 4
1682 1
1683 5
1685 2
1686 1
1688 6
1689 3
1690 5
1691 6
1692 6
1693 3
1694 5
1695 6
1696 7
1699 4
1700 3
1701 8
1702 5
1704 6
1705 2
1706 1
1707 2
1708 4
1709 8
1710 2
1711 4
1712 4
1713 2
1714 3
1715 1
1716 5
1717 4
1718 2
1719 7
1720 4
1721 5
1722 2
1723 2
1724 2
1725 2
1726 2
1727 1
1728 3
1729 2
1730 1
1731 1
1732 8
1733 2
1734 3
1735 3
1736 5
1737 4
1738 4
1739 3
1740 6
1741 5
1742 2
1743 5
1744 3
1745 6
1746 2
1747 3
1748 7
1749 4
1750 4
1751 5
1752 4
1753 5
1754 3
1755 4
1756 5
1757 2
1758 1
1759 9
1760 2
1762 3
1763 3
1764 4
1765 5
1766 3
1767 6
1768 2
1769 5
1770 3
1771 4
1772 3
1773 3
1774 1
1775 10
1776 4
1777 7
1778 5
1779 5
1780 8
1781 3
1782 7
1783 4
1784 6
1785 8
1786 9
1787 11
1788 12
1789 15
1790 20
1791 15
1792 12
1793 16
1794 9
1795 16
1796 14
1797 13
1798 23
1799 16
1800 12
1801 26
1802 19
1803 15
1804 21
1805 20
1806 20
1807 22
1808 20
1809 16
1810 23
1811 25
1812 21
1813 25
1814 28
1815 26
1816 32
1817 32
1818 41
1819 27
1820 27
1821 33
1822 37
1823 43
1824 39
1825 33
1826 26
1827 36
1828 37
1829 32
1830 40
1831 47
1832 25
1833 39
1834 34
1835 54
1836 42
1837 47
1838 62
1839 52
1840 36
1841 52
1842 50
1843 53
1844 67
1845 52
1846 53
1847 57
1848 55
1849 39
1850 53
1851 61
1852 67
1853 67
1854 62
1855 59
1856 71
1857 66
1858 79
1859 68
1860 81
1861 70
1862 94
1863 73
1864 86
1865 63
1866 87
1867 90
1868 85
1869 111
1870 77
1871 96
1872 97
1873 91
1874 85
1875 94
1876 98
1877 83
1878 113
1879 116
1880 85
1881 98
1882 93
1883 78
1884 107
1885 109
1886 90
1887 96
1888 96
1889 89
1890 103
1891 114
1892 97
1893 98
1894 103
1895 120
1896 111
1897 113
1898 108
1899 100
1900 96
1901 119
1902 75
1903 83
1904 95
1905 89
1906 86
1907 95
1908 101
1909 88
1910 96
1911 95
1912 97
1913 76
1914 92
1915 82
1916 80
1917 86
1918 93
1919 81
1920 70
1921 70
1922 65
1923 69
1924 71
1925 58
1926 68
1927 57
1928 65
1929 71
1930 57
1931 62
1932 52
1933 57
1934 57
1935 51
1936 51
1937 45
1938 41
1939 53
1940 43
1941 44
1942 39
1943 55
1944 46
1945 47
1946 47
1947 33
1948 36
1949 37
1950 36
1951 41
1952 28
1953 31
1954 47
1955 24
1956 27
1957 30
1958 28
1959 34
1960 34
1961 37
1962 32
1963 24
1964 28
1965 23
1966 25
1967 28
1968 16
1969 24
1970 20
1971 19
1972 20
1973 27
1974 15
1975 14
1976 21
1977 20
1978 25
1979 23
1980 11
1981 20
1982 15
1983 22
1984 11
1985 22
1986 11
1987 21
1988 23
1989 26
1990 23
1991 20
1992 16
1993 26
1994 15
1995 19
1996 23
1997 22
1998 16
1999 21
2000 10
2001 19
2002 16
2003 17
2004 20
2005 25
2006 19
2007 25
2008 21
2009 14
2010 19
2011 23
2012 15
2013 17
2014 18
2015 18
2016 18
2017 15
2018 22
2019 11
2020 11
2021 13
2022 14
2023 10
2024 9
2025 7
2026 17
2027 10
2028 13
2029 13
2030 4
2031 9
2032 6
2033 5
2034 14
2035 3
2036 12
2037 9
2038 10
2039 7
2040 14
2041 10
2042 12
2043 19
2044 15
2045 11
2046 18
2047 10
2048 9
2049 11
2050 11
2051 12
2052 13
2053 18
2054 11
2055 11
2056 11
2057 14
2058 8
2059 14
2060 16
2061 12
2062 19
2063 13
2064 13
2065 9
2066 15
2067 18
2068 11
2069 14
2070 13
2071 12
2072 13
2073 11
2074 12
2075 15
2076 9
2077 16
2078 8
2079 10
2080 11
2081 17
2082 12
2083 13
2084 6
2085 13
2086 7
2087 10
2088 11
2089 6
2090 11
2091 10
2092 13
2093 5
2094 7
2095 3
2096 7
2097 5
2098 4
2099 5
2100 2
2101 4
2102 5
2103 4
2104 6
2105 8
2106 7
2107 5
2108 5
2109 2
2110 1
2111 6
2112 10
2113 4
2114 4
2115 4
2116 7
2117 5
2118 5
2119 6
2120 7
2121 8
2122 3
2123 6
2124 6
2125 6
2126 7
2127 7
2128 5
2129 7
2130 7
2131 8
2132 12
2133 7
2134 4
2135 3
2136 6
2137 6
2138 7
2139 8
2140 5
2141 4
2142 8
2143 6
2144 5
2145 10
2146 4
2147 4
2148 3
2149 9
2150 5
2151 7
2152 10
2153 13
2154 3
2155 4
2156 4
2157 5
2158 12
2159 4
2160 6
2161 9
2162 9
2163 8
2164 7
2165 9
2166 6
2167 7
2168 8
2169 4
2170 5
2171 9
2172 10
2173 3
2174 8
2175 5
2176 4
2177 3
2178 9
2179 3
2180 3
2181 8
2182 7
2183 5
2184 2
2185 7
2186 4
2187 6
2188 2
2189 3
2190 7
2191 9
2192 9
2193 7
2194 7
2195 6
2196 6
2197 4
2198 7
2199 8
2200 7
2201 10
2202 8
2203 8
2204 11
2205 6
2206 12
2207 12
2208 10
2209 7
2210 11
2211 7
2212 7
2213 6
2214 9
2215 5
2216 4
2217 1
2218 3
2219 5
2220 8
2221 8
2222 5
2223 6
2224 4
2225 7
2226 6
2227 5
2228 7
2229 6
2230 6
2231 3
2232 3
2233 3
2234 8
2235 4
2236 2
2237 4
2238 2
2239 2
2240 4
2241 3
2242 3
2243 3
2244 4
2245 3
2246 3
2248 5
2250 2
2251 1
2253 4
2254 6
2255 2
2256 4
2257 3
2258 3
2259 4
2260 4
2261 4
2262 1
2264 2
2265 3
2266 3
2267 2
2268 2
2269 1
2271 2
2272 1
2273 1
2274 1
2275 1
2276 1
2277 1
2278 5
2279 1
2281 1
2282 1
2283 2
2284 1
2285 1
2286 1
2287 1
2288 2
2291 1
2292 2
2294 1
2296 1
2298 1
2299 2
2300 1
2302 1
2303 1
2306 1
2310 1
2314 3
2323 1
2325 1
2326 2
2327 1
2329 1
2336 1
2339 1
2340 1
2345 1
2347 2
2349 1
2350 2
2351 1
2352 3
2353 1
2357 1
2373 1
2376 1
2380 2
2382 2
2386 1
2387 1
2389 1
2390 1
2391 2
2392 1
2393 2
2394 2
2395 1
2396 2
2398 1
2399 5
2400 1
2401 6
2402 2
2403 1
2404 3
2405 1
2406 1
2407 6
2408 4
2409 2
2410 4
2411 2
2412 3
2413 3
2414 7
2415 4
2416 6
2417 6
2418 10
2419 4
2420 13
2421 7
2422 6
2423 5
2424 5
2425 8
2426 9
2427 10
2428 7
2429 7
2430 6
2431 8
2432 4
2433 11
2434 9
2435 7
2436 5
2437 9
2438 7
2439 13
2440 8
2441 13
2442 6
2443 15
2444 13
2445 14
2446 12
2447 7
2448 12
2449 7
2450 14
2451 7
2452 12
2453 10
2454 10
2455 8
2456 14
2457 15
2458 8
2459 15
2460 18
2461 13
2462 18
2463 15
2464 22
2465 17
2466 22
2467 22
2468 15
2469 20
2470 19
2471 19
2472 22
2473 29
2474 25
2475 22
2476 16
2477 16
2478 15
2479 28
2480 18
2481 16
2482 31
2483 25
2484 22
2485 21
2486 21
2487 10
2488 12
2489 29
2490 27
2491 26
2492 22
2493 23
2494 28
2495 28
2496 22
2497 21
2498 26
2499 16
2500 14
2501 23
2502 25
2503 25
2504 21
2505 26
2506 28
2507 23
2508 20
2509 16
2510 18
2511 22
2512 23
2513 20
2514 21
2515 32
2516 33
2517 26
2518 28
2519 27
2520 41
2521 27
2522 23
2523 25
2524 27
2525 27
2526 24
2527 28
2528 37
2529 27
2530 38
2531 29
2532 27
2533 28
2534 24
2535 22
2536 30
2537 33
2538 33
2539 18
2540 21
2541 19
2542 32
2543 19
2544 22
2545 26
2546 26
2547 24
2548 24
2549 26
2550 26
2551 30
2552 24
2553 22
2554 25
2555 22
2556 16
2557 18
2558 19
2559 12
2560 16
2561 16
2562 11
2563 18
2564 13
2565 14
2566 16
2567 18
2568 11
2569 12
2570 12
2571 12
2572 16
2573 13
2574 8
2575 11
2576 7
2577 12
2578 11
2579 6
2580 7
2581 13
2582 7
2583 3
2584 8
2585 8
2586 8
2587 10
2588 4
2589 5
2590 12
2591 5
2592 7
2593 7
2594 9
2595 4
2596 4
2597 4
2598 10
2599 2
2600 5
2601 5
2603 1
2604 2
2605 6
2606 2
2607 2
2608 1
2609 2
2610 1
2611 1
2612 4
2613 1
2615 2
2616 1
2617 2
2618 1
2622 1
2623 1
2624 1
2626 5
2627 1
2628 4
2629 1
2630 1
2631 2
2632 1
2633 2
2634 4
2635 5
2636 4
2637 3
2638 5
2639 6
2640 1
2641 2
2642 2
2643 3
2644 4
2645 4
2646 9
2647 6
2648 4
2649 2
2650 5
2651 5
2652 8
2653 7
2654 8
2655 8
2656 7
2657 12
2658 15
2659 18
2660 10
2661 9
2662 13
2663 11
2664 8
2665 14
2666 17
2667 11
2668 11
2669 12
2670 14
2671 8
2672 10
2673 18
2674 16
2675 15
2676 11
2677 10
2678 8
2679 15
2680 21
2681 12
2682 18
2683 12
2684 22
2685 26
2686 16
2687 14
2688 15
2689 26
2690 17
2691 26
2692 31
2693 24
2694 31
2695 22
2696 33
2697 35
2698 25
2699 32
2700 27
2701 28
2702 29
2703 31
2704 27
2705 31
2706 27
2707 31
2708 31
2709 19
2710 26
2711 20
2712 36
2713 31
2714 28
2715 37
2716 31
2717 36
2718 32
2719 24
2720 31
2721 35
2722 26
2723 25
2724 29
2725 31
2726 26
2727 31
2728 29
2729 35
2730 22
2731 24
2732 22
2733 27
2734 24
2735 21
2736 32
2737 26
2738 19
2739 25
2740 22
2741 17
2742 21
2743 16
2744 31
2745 25
2746 19
2747 28
2748 20
2749 23
2750 20
2751 20
2752 28
2753 16
2754 15
2755 19
2756 16
2757 21
2758 14
2759 11
2760 17
2761 21
2762 15
2763 11
2764 14
2765 18
2766 11
2767 14
2768 17
2769 13
2770 19
2771 24
2772 15
2773 21
2774 20
2775 20
2776 16
2777 19
2778 14
2779 6
2780 14
2781 14
2782 12
2783 12
2784 11
2785 12
2786 10
2787 10
2788 18
2789 14
2790 9
2791 10
2792 8
2793 7
2794 5
2795 4
2796 10
2797 9
2798 7
2799 6
2800 10
2801 7
2802 2
2803 7
2804 4
2805 4
2806 5
2807 4
2808 7
2809 2
2810 6
2811 2
2812 3
2813 9
2814 3
2816 9
2817 7
2818 3
2819 3
2820 4
2821 5
2822 4
2823 8
2824 1
2825 5
2826 2
2827 1
2828 4
2829 4
2830 1
2831 2
2832 7
2833 4
2834 2
2835 3
2836 6
2837 1
2838 6
2839 3
2842 3
2843 1
2844 1
2845 1
2846 1
2847 1
2848 2
2849 2
2851 1
2852 1
2853 2
2854 2
2855 3
2856 1
2857 2
2859 1
2860 1
2862 1
2866 1
2870 1
2871 1
2872 1
2873 1
2878 1
2881 2
2884 1
2886 1
2887 1
2888 3
2889 3
2891 1
2892 1
2893 1
2895 2
2896 1
2911 2
2913 1
2917 1
2918 1
2919 1
2924 2
2925 1
2926 1
2930 1
2932 1
2934 2
2939 1
2940 1
2942 1
2944 2
2948 1
2951 2
2954 1
2956 1
2957 1
2963 1
2964 3
2965 1
2966 1
2969 2
2972 2
2974 2
2976 1
2978 1
2979 1
2984 1
2985 3
2988 1
2989 1
2991 2
2992 1
2994 1
2995 1
2998 1
2999 1
3001 2
3002 1
3003 3
3004 1
3005 5
3006 2
3007 1
3008 1
3009 1
3010 4
3011 1
3012 1
3013 3
3015 2
3016 2
3017 1
3019 1
3021 4
3022 1
3023 2
3024 3
3025 5
3026 2
3027 2
3028 2
3029 4
3030 3
3031 2
3032 2
3033 2
3034 4
3035 1
3036 4
3037 3
3038 5
3039 4
3040 4
3041 3
3042 5
3043 5
3044 4
3045 4
3046 9
3047 8
3048 8
3049 9
3050 7
3051 10
3052 11
3053 5
3054 4
3055 8
3056 8
3057 9
3058 7
3059 13
3060 8
3061 13
3062 12
3063 11
3064 6
3065 5
3066 13
3067 12
3068 6
3069 9
3070 9
3071 8
3072 14
3073 12
3074 14
3075 11
3076 15
3077 17
3078 18
3079 18
3080 15
3081 17
3082 9
3083 11
3084 15
3085 9
3086 13
3087 14
3088 7
3089 10
3090 19
3091 10
3092 7
3093 14
3094 10
3095 14
3096 15
3097 10
3098 6
3099 12
3100 16
3101 7
3102 12
3103 13
3104 16
3105 16
3106 11
3107 12
3108 21
3109 12
3110 15
3111 14
3112 8
3113 13
3114 19
3115 15
3116 12
3117 13
3118 14
3119 11
3120 18
3121 18
3122 14
3123 22
3124 15
3125 15
3126 8
3127 11
3128 10
3129 13
3130 13
3131 11
3132 14
3133 17
3134 16
3135 22
3136 9
3137 11
3138 13
3139 18
3140 10
3141 11
3142 20
3143 17
3144 11
3145 15
3146 9
3147 16
3148 16
3149 17
3150 8
3151 20
3152 6
3153 20
3154 7
3155 18
3156 14
3157 14
3158 10
3159 15
3160 12
3161 14
3162 16
3163 21
3164 18
3165 13
3166 15
3167 16
3168 12
3169 18
3170 8
3171 13
3172 11
3173 9
3174 12
3175 10
3176 12
3177 6
3178 14
3179 7
3180 18
3181 9
3182 11
3183 13
3184 7
3185 10
3186 8
3187 11
3188 12
3189 9
3190 9
3191 12
3192 9
3193 7
3194 5
3195 7
3196 9
3197 11
3198 5
3199 9
3200 9
3201 7
3202 7
3203 6
3204 8
3205 10
3206 6
3207 2
3208 3
3209 5
3210 1
3211 6
3212 11
3213 3
3214 6
3215 2
3216 3
3217 4
3218 3
3219 7
3220 3
3221 5
3222 3
3223 2
3224 3
3225 3
3226 2
3227 4
3228 5
3229 6
3230 4
3231 2
3232 6
3233 3
3234 6
3235 4
3236 4
3237 2
3238 6
3239 3
3240 6
3241 6
3242 1
3243 4
3244 2
3245 3
3246 2
3247 2
3248 3
3249 4
3250 1
3251 2
3253 3
3254 3
3255 4
3257 1
3259 1
3260 2
3261 1
3262 3
3263 1
3264 4
3265 4
3266 3
3267 1
3268 1
3269 1
3270 1
3271 1
3272 2
3273 1
3274 3
3282 2
3286 1
3290 1
3291 1
3297 1
3301 1
3303 1
3306 3
3308 2
3309 1
3310 1
3312 1
3314 1
3315 2
3317 2
3318 1
3319 1
3321 1
3323 2
3325 1
3326 1
3327 3
3328 2
3329 1
3330 1
3332 3
3333 2
3334 1
3335 3
3336 2
3337 2
3339 2
3340 2
3341 2
3342 1
3343 5
3344 3
3346 2
3347 5
3348 1
3349 4
3350 2
3351 3
3352 7
3353 4
3354 6
3355 2
3356 4
3357 3
3358 5
3359 3
3360 4
3361 4
3362 4
3363 3
3364 6
3365 3
3366 6
3367 9
3368 9
3369 5
3370 6
3371 6
3372 7
3373 11
3374 7
3375 8
3376 11
3377 8
3378 9
3379 18
3380 11
3381 4
3382 14
3383 10
3384 7
3385 11
3386 10
3387 10
3388 12
3389 9
3390 11
3391 9
3392 13
3393 10
3394 7
3395 12
3396 15
3397 12
3398 10
3399 9
3400 5
3401 10
3402 5
3403 9
3404 8
3405 8
3406 12
3407 13
3408 13
3409 14
3410 8
3411 10
3412 8
3413 7
3414 12
3415 17
3416 4
3417 12
3418 16
3419 9
3420 11
3421 9
3422 14
3423 10
3424 8
3425 9
3426 4
3427 19
3428 4
3429 9
3430 11
3431 10
3432 7
3433 13
3434 16
3435 9
3436 5
3437 3
3438 5
3439 7
3440 8
3441 5
3442 8
3443 10
3444 5
3445 4
3446 11
3447 7
3448 7
3449 8
3450 9
3451 7
3452 12
3453 11
3454 11
3455 11
3456 8
3457 13
3458 9
3459 9
3460 9
3461 11
3462 8
3463 11
3464 6
3465 2
3466 8
3467 8
3468 3
3469 2
3470 10
3471 6
3472 4
3473 10
3474 3
3475 6
3476 3
3477 5
3478 7
3479 5
3480 3
3481 6
3482 5
3483 6
3485 3
3486 5
3487 5
3488 7
3489 4
3490 7
3491 5
3492 4
3493 4
3494 9
3495 5
3496 5
3497 3
3498 2
3499 1
3500 6
3501 3
3502 4
3503 5
3504 3
3505 3
3506 5
3507 5
3508 5
3509 3
3510 2
3511 8
3512 1
3513 9
3514 7
3515 2
3516 1
3517 3
3518 2
3519 5
3520 4
3523 1
3524 3
3525 3
3526 3
3528 4
3530 1
3531 3
3532 1
3533 1
3534 1
3536 1
3537 1
3538 1
3539 2
3540 3
3541 1
3542 2
3544 3
3545 1
3547 1
3548 1
3550 2
3551 3
3553 1
3554 2
3556 1
3557 1
3558 1
3559 3
3560 1
3562 4
3564 2
3565 3
3567 1
3568 3
3569 1
3572 1
3573 2
3576 1
3578 1
3581 2
3583 2
3584 1
3586 3
3587 2
3588 1
3589 1
3590 2
3592 1
3609 1
3620 1
3626 2
3627 1
3629 2
3630 1
3631 1
3632 2
3635 2
3636 3
3637 1
3638 1
3641 1
3642 2
3643 2
3645 1
3646 2
3647 2
3648 2
3649 1
3651 4
3652 1
3653 2
3655 3
3656 3
3657 7
3659 1
3660 3
3661 2
3662 4
3663 1
3664 3
3665 4
3666 3
3667 2
3668 4
3669 1
3670 1
3671 1
3673 1
3676 8
3677 4
3678 6
3679 4
3680 2
3681 5
3682 4
3683 5
3684 4
3685 4
3686 4
3687 5
3688 10
3689 4
3690 5
3691 13
3692 7
3693 6
3694 4
3695 12
3696 4
3697 10
3698 12
3699 8
3700 8
3701 3
3702 11
3703 9
3704 6
3705 5
3706 9
3707 10
3708 9
3709 12
3710 8
3711 13
3712 14
3713 8
3714 8
3715 16
3716 12
3717 12
3718 16
3719 10
3720 16
3721 16
3722 11
3723 21
3724 13
3725 15
3726 16
3727 15
3728 19
3729 12
3730 14
3731 12
3732 18
3733 16
3734 28
3735 21
3736 11
3737 16
3738 17
3739 19
3740 12
3741 23
3742 11
3743 21
3744 27
3745 29
3746 22
3747 25
3748 24
3749 24
3750 23
3751 21
3752 23
3753 28
3754 28
3755 19
3756 22
3757 23
3758 17
3759 21
3760 14
3761 15
3762 18
3763 15
3764 10
3765 17
3766 14
3767 13
3768 18
3769 16
3770 12
3771 20
3772 13
3773 16
3774 13
3775 12
3776 22
3777 14
3778 8
3779 19
3780 10
3781 14
3782 8
3783 22
3784 7
3785 6
3786 12
3787 13
3788 8
3789 16
3790 8
3791 7
3792 11
3793 8
3794 15
3795 15
3796 8
3797 7
3798 14
3799 8
3800 16
3801 6
3802 8
3803 9
3804 10
3805 17
3806 11
3807 10
3808 9
3809 10
3810 5
3811 7
3812 7
3813 5
3814 2
3815 6
3816 9
3817 5
3818 10
3819 10
3820 7
3821 6
3822 8
3823 8
3824 2
3825 6
3826 7
3827 12
3828 16
3829 8
3830 7
3831 8
3832 9
3833 5
3834 6
3835 7
3836 6
3837 6
3838 5
3839 1
3840 8
3841 4
3842 7
3843 10
3844 8
3845 3
3846 7
3847 5
3848 7
3849 4
3850 2
3851 6
3852 8
3853 2
3854 6
3855 3
3857 4
3858 5
3859 2
3860 1
3861 2
3863 2
3865 4
3866 3
3867 3
3868 1
3869 5
3870 2
3871 3
3872 2
3873 2
3874 3
3876 2
3877 2
3878 2
3879 4
3880 2
3881 1
3882 3
3884 1
3885 2
3886 2
3887 2
3889 3
3893 2
3894 1
3899 2
3900 1
3901 2
3903 1
3906 1
3907 1
3908 1
3913 1
3915 1
3917 3
3919 1
3923 1
3924 2
3926 1
3927 1
3931 1
3935 1
3944 2
3947 2
3951 1
3977 1
3981 1
3986 3
3988 1
3991 1
3992 1
3994 1
4000 2
4001 1
4006 1
4011 1
4012 1
4013 1
4017 1
4020 1
4023 2
4028 1
4030 1
4031 1
4032 1
4034 3
4036 2
4037 1
4038 1
4039 1
4043 3
4045 2
4048 2
4049 2
4051 1
4052 2
4054 1
4055 2
4056 3
4059 1
4060 2
4061 1
4065 2
4066 1
4067 2
4068 3
4069 4
4070 4
4073 5
4074 1
4076 2
4077 3
4079 2
4081 4
4082 1
4083 1
4085 4
4086 1
4087 1
4088 1
4089 1
4090 3
4091 4
4092 1
4093 2
4094 2
4095 1
4096 1
4100 1
4102 2
4103 2
4105 1
4106 3
4107 2
4108 2
4109 2
4110 3
4111 1
4112 1
4113 1
4114 2
4115 4
4116 1
4117 1
4119 2
4120 2
4122 2
4123 1
4124 1
4125 4
4126 2
4127 2
4128 1
4129 1
4131 3
4132 1
4133 2
4134 1
4135 1
4136 2
4137 1
4138 3
4139 6
4140 1
4141 1
4142 2
4143 2
4144 3
4145 1
4146 2
4148 3
4149 3
4150 1
4151 6
4152 2
4154 1
4156 4
4157 1
4158 2
4159 4
4160 2
4161 1
4162 2
4163 1
4164 2
4165 2
4166 1
4167 2
4169 2
4170 2
4171 1
4173 1
4174 2
4175 1
4177 1
4178 1
4179 2
4180 3
4181 2
4186 1
4187 2
4188 1
4189 1
4190 1
4192 1
4194 2
4196 1
4197 1
4198 1
4199 2
4202 1
4203 2
4204 4
4206 3
4207 3
4208 1
4209 2
4210 3
4211 2
4212 2
4214 2
4217 2
4218 2
4219 2
4220 1
4221 1
4223 1
4228 2
4229 1
4231 1
4232 1
4233 1
4242 1
4244 1
4249 3
4252 1
4253 1
4255 1
4264 1
4266 1
4268 1
4269 1
4270 2
4271 6
4272 2
4273 4
4275 1
4276 1
4277 1
4278 2
4280 3
4281 1
4282 2
4284 2
4285 1
4287 2
4288 1
4291 2
4293 2
4297 1
4299 1
4301 1
4302 1
4306 1
4307 2
4311 2
4314 1
4315 1
4318 1
4319 1
4321 1
4322 2
4325 1
4326 1
4327 1
4328 1
4329 1
4331 1
4332 1
4334 1
4337 1
4338 2
4339 2
4340 2
4341 1
4342 1
4343 4
4344 3
4346 1
4350 1
4351 1
4353 4
4354 3
4356 1
4357 3
4358 3
4359 3
4361 1
4362 2
4363 1
4364 2
4365 1
4366 6
4367 2
4368 1
4369 2
4370 2
4371 1
4373 1
4374 1
4375 3
4376 5
4377 2
4378 1
4380 3
4381 1
4382 1
4383 1
4384 1
4385 1
4386 3
4387 1
4389 3
4390 1
4391 5
4392 2
4393 4
4394 1
4395 1
4396 2
4397 2
4398 4
4399 4
4400 4
4401 1
4402 4
4403 3
4405 1
4406 3
4407 1
4408 1
4409 2
4410 4
4411 2
4413 5
4414 3
4415 4
4417 3
4418 3
4419 1
4420 1
4421 1
4422 3
4423 1
4424 1
4425 1
4426 1
4428 3
4430 2
4431 4
4432 2
4433 3
4435 1
4437 1
4438 1
4439 2
4440 1
4442 1
4443 3
4445 3
4446 2
4447 2
4449 1
4450 1
4451 3
4453 2
4454 1
4455 1
4456 1
4457 2
4458 2
4459 1
4461 3
4462 1
4464 1
4465 1
4466 3
4467 2
4468 1
4470 1
4472 2
4474 1
4475 1
4476 1
4477 1
4483 2
4484 1
4493 1
4496 1
4497 1
4498 2
4501 1
4502 1
4504 1
4515 1
4528 1
4547 1
4603 1
4606 1
4626 1
4658 1
4696 1
4712 1
4722 1
4733 1
4749 1
4789 1
4797 1
4802 1
4811 1
4817 1
4823 1
4845 1
4865 1
4866 1
4867 1
4873 1
4875 1
4876 1
4877 3
4882 1
4883 1
4886 1
4890 1
4901 1
4905 1
4911 1
4914 1
4923 1
4928 1
4932 1
4936 1
4938 1
4939 1
4941 1
4942 1
4943 1
4944 2
4946 1
4949 1
4950 3
4951 1
4952 2
4954 1
4955 1
4958 2
4959 1
4960 3
4961 1
4962 1
4963 1
4964 1
4965 4
4966 1
4967 3
4968 4
4969 4
4970 1
4971 4
4972 1
4973 3
4974 1
4975 5
4976 3
4977 3
4979 1
4980 2
4981 4
4982 3
4983 5
4984 3
4985 4
4986 4
4987 5
4988 1
4989 1
4990 1
4992 1
4993 3
4995 1
4996 1
4997 2
4998 1
5000 1
5001 1
5002 2
5003 2
5004 1
5006 1
5007 1
5008 2
5009 1
5010 1
5012 2
5014 1
5016 2
5019 3
5020 2
5021 1
5022 1
5023 1
5024 1
5025 1
5026 1
5028 1
5032 1
5033 1
5034 1
5035 2
5036 1
5038 1
5039 4
5040 1
5041 1
5042 2
5043 2
5045 1
5047 4
5049 2
5051 3
5053 1
5054 1
5055 5
5056 1
5057 2
5058 1
5059 3
5061 2
5062 1
5063 1
5067 1
5068 2
5070 1
5073 1
5074 2
5076 1
5077 1
5078 1
5079 3
5080 2
5081 1
5086 1
5087 1
5088 1
5093 2
5097 2
5098 2
5100 1
5108 1
5110 1
5123 1
5124 1
5125 1
5132 1
5133 2
5134 1
5135 1
5136 1
5138 1
5141 1
5146 1
5153 1
5166 1
5181 2
5226 1
5238 1
5300 1
5307 1
5311 1
5322 1
5335 1
5338 1
5351 1
5365 1
5366 1
5417 1
5430 1
5443 1
5468 1
5471 1
5472 1
5475 1
5477 3
5482 1
5486 1
5487 1
5492 1
5493 1
5499 1
5503 1
5505 1
5506 1
5508 1
5512 1
5513 2
5517 1
5518 2
5520 1
5530 2
5532 1
5537 1
5538 1
5540 1
5541 1
5543 1
5544 2
5547 1
5553 1
5554 1
5555 1
5563 1
5566 1
5571 1
5573 1
5579 2
5582 1
5587 1
5588 1
5591 1
5604 1
5605 1
5607 1
5608 2
5609 1
5613 1
5614 2
5615 1
5616 1
5618 2
5621 1
5623 1
5624 1
5625 1
5629 1
5630 1
5632 1
5634 2
5635 1
5637 1
5638 1
5639 1
5642 2
5643 1
5644 1
5645 2
5646 1
5648 2
5649 1
5650 4
5652 1
5653 1
5655 1
5656 1
5658 1
5661 2
5662 1
5663 1
5664 2
5665 1
5667 1
5668 2
5670 1
5671 4
5673 1
5674 2
5676 1
5677 2
5678 3
5679 1
5680 2
5681 1
5682 1
5683 1
5684 1
5685 1
5686 2
5687 1
5688 2
5689 1
5690 1
5691 1
5692 1
5694 1
5695 2
5696 2
5697 2
5700 1
5702 2
5704 1
5712 2
5713 1
5714 1
5715 1
5716 1
5717 1
5718 1
5721 1
5722 1
5723 2
5730 1
5731 1
5732 1
5733 1
5736 3
5737 1
5739 2
5742 2
5744 1
5746 1
5747 1
5749 1
5750 1
5751 1
5752 1
5754 2
5755 1
5759 1
5760 1
5762 3
5763 1
5766 2
5767 1
5768 2
5769 1
5770 2
5771 1
5775 1
5797 1
5802 1
5806 1
5811 1
5813 1
5905 1
5922 1
5993 1
6002 1
6009 1
6052 1
6091 1
6098 1
6104 1
6109 2
6116 1
6117 1
6121 1
6124 2
6125 1
6127 2
6128 2
6131 1
6134 1
6135 1
6136 1
6140 2
6142 1
6147 4
6148 1
6149 1
6152 1
6153 1
6156 1
6157 2
6164 1
6165 2
6168 1
6170 1
6172 1
6173 3
6174 2
6175 1
6177 2
6178 1
6180 1
6181 2
6182 1
6183 2
6184 3
6185 4
6186 1
6187 2
6188 2
6189 2
6190 1
6191 1
6192 2
6193 1
6194 2
6195 1
6196 1
6198 1
6199 3
6200 1
6201 1
6203 1
6206 1
6207 1
6208 1
6212 2
6213 1
6216 2
6217 1
6218 3
6219 1
6221 1
6222 2
6224 1
6225 1
6226 1
6228 1
6230 1
6231 1
6232 5
6233 1
6235 1
6236 3
6238 5
6239 3
6240 3
6241 2
6242 4
6243 1
6244 2
6245 1
6246 1
6247 1
6248 1
6249 3
6250 1
6251 1
6252 1
6253 1
6254 4
6255 2
6257 1
6259 2
6261 2
6263 3
6264 4
6265 3
6266 1
6268 2
6269 1
6273 2
6278 1
6283 1
6286 1
6287 1
6288 1
6289 1
6292 1
6293 1
6294 3
6297 1
6299 1
6300 1
6301 2
6302 1
6303 1
6304 1
6305 1
6306 2
6307 1
6308 1
6309 2
6311 2
6315 1
6317 2
6318 1
6319 1
6320 1
6321 1
6322 2
6323 1
6325 2
6327 2
6330 1
6331 3
6332 3
6333 1
6334 2
6336 3
6337 1
6341 2
6343 1
6344 1
6345 2
6346 1
6347 2
6348 4
6349 2
6350 1
6351 1
6354 1
6358 1
6359 1
6360 1
6361 1
6365 1
6369 2
6373 1
6374 1
6383 1
6389 1
6392 1
6394 3
6395 2
6399 2
6400 1
6401 1
6402 2
6403 1
6405 3
6406 1
6407 1
6408 1
6409 2
6410 2
6411 1
6415 1
6417 3
6419 2
6421 1
6423 1
6426 1
6428 2
6441 1
6444 1
6516 1
6530 1
6605 1
6614 1
6713 1
6727 1
6749 1
6755 1
6762 1
6766 1
6767 1
6770 1
6786 2
6789 1
6790 1
6794 1
6796 1
6798 2
6799 2
6800 2
6801 3
6802 1
6803 1
6806 1
6807 1
6810 1
6811 1
6813 4
6814 1
6815 2
6816 2
6817 3
6819 2
6821 1
6823 2
6824 1
6825 2
6826 2
6827 3
6828 2
6829 1
6830 3
6831 2
6832 3
6833 2
6834 4
6835 1
6836 1
6838 1
6840 1
6841 1
6842 1
6843 1
6844 3
6845 1
6846 2
6847 2
6848 2
6849 2
6850 1
6851 2
6852 1
6853 1
6854 2
6855 4
6856 2
6857 1
6858 2
6861 3
6862 5
6863 5
6864 5
6866 7
6867 1
6868 2
6869 1
6870 3
6872 4
6873 4
6874 2
6875 2
6876 3
6878 3
6879 3
6880 1
6881 1
6882 2
6883 2
6884 4
6885 4
6886 2
6887 2
6888 2
6889 4
6890 4
6891 2
6892 3
6893 2
6894 2
6895 1
6896 2
6898 2
6899 1
6900 2
6901 2
6902 1
6903 2
6904 2
6906 3
6907 1
6909 3
6910 2
6911 3
6912 1
6913 4
6914 3
6915 3
6916 3
6917 1
6918 3
6919 3
6920 5
6921 1
6922 3
6923 4
6924 7
6925 4
6926 5
6927 3
6928 3
6929 3
6930 2
6931 4
6932 2
6933 2
6934 2
6935 1
6936 1
6937 2
6938 1
6939 1
6940 1
6942 5
6943 2
6945 1
6946 2
6947 3
6948 4
6949 1
6950 2
6951 3
6952 2
6953 4
6954 2
6956 2
6957 1
6958 2
6959 2
6960 1
6961 3
6962 3
6963 3
6964 3
6967 3
6969 2
6970 1
6971 2
6972 1
6973 1
6976 1
6977 1
6979 1
6980 1
6981 1
6982 1
6983 1
6985 1
6986 2
6987 1
6988 1
6989 5
6992 1
6993 2
6994 3
6995 1
6998 1
6999 1
7001 2
7002 2
7003 2
7004 1
7005 1
7006 1
7007 2
7008 1
7009 2
7010 1
7011 2
7012 6
7013 1
7014 1
7015 1
7016 1
7018 2
7019 2
7020 3
7021 1
7022 1
7023 2
7024 2
7025 3
7026 3
7027 5
7030 3
7031 2
7032 1
7033 1
7034 2
7036 3
7037 2
7038 2
7039 2
7040 1
7041 1
7042 2
7043 5
7044 2
7045 1
7046 1
7049 1
7050 2
7052 3
7053 1
7054 3
7055 1
7056 2
7057 1
7058 1
7059 1
7060 1
7061 1
7062 1
7064 1
7065 3
7067 1
7069 1
7072 1
7073 2
7075 1
7077 1
7079 1
7080 2
7081 2
7082 2
7089 1
7091 1
7092 1
7093 1
7098 1
7099 2
7108 1
7148 1
7155 1
7163 1
7167 1
7180 1
7198 1
7199 1
7276 1
7294 1
7372 1
7375 1
7379 1
7380 1
7382 1
7389 1
7390 1
7395 1
7396 1
7398 1
7399 1
7405 1
7408 1
7412 2
7413 1
7417 2
7418 2
7421 2
7422 2
7424 1
7425 1
7429 1
7432 1
7433 1
7437 1
7439 2
7442 1
7444 2
7447 1
7449 1
7452 1
7453 1
7464 1
7465 2
7470 1
7473 2
7475 2
7476 1
7480 1
7481 1
7484 2
7486 2
7487 1
7488 1
7489 1
7490 3
7491 1
7492 2
7493 2
7495 1
7496 1
7497 2
7498 1
7499 1
7500 1
7501 1
7502 1
7504 2
7505 1
7506 2
7507 1
7508 1
7509 1
7511 3
7512 1
7514 1
7516 3
7517 2
7518 1
7519 1
7520 2
7521 4
7522 4
7523 5
7525 4
7526 1
7528 1
7529 3
7530 2
7531 1
7532 5
7533 1
7534 4
7535 1
7536 1
7537 1
7538 4
7539 3
7543 3
7546 2
7547 1
7549 1
7550 1
7551 1
7555 1
7556 2
7560 1
7561 1
7563 1
7565 1
7568 1
7574 1
7580 1
7581 1
7586 2
7590 2
7593 1
7598 1
7601 2
7602 1
7604 2
7605 1
7611 1
7612 1
7616 2
7617 1
7618 1
7619 1
7620 1
7622 2
7623 1
7624 3
7625 2
7626 2
7627 2
7630 3
7632 1
7633 2
7634 1
7636 2
7637 3
7638 1
7641 1
7642 3
7643 1
7647 1
7648 2
7650 1
7652 3
7658 1
7660 1
7663 1
7664 1
7667 2
7670 1
7671 1
7674 2
7675 1
7676 2
7678 1
7680 2
7681 1
7682 1
7683 1
7688 2
7689 1
7691 2
7692 2
7695 3
7696 1
7701 1
7702 1
7703 3
7708 1
7718 1
7769 1
7802 1
7879 1
7902 1
7984 1
7990 1
7999 1
8001 1
8002 2
8011 1
8016 1
8017 1
8020 1
8021 1
8023 1
8026 2
8027 1
8028 2
8030 2
8033 1
8035 1
8036 1
8038 1
8039 2
8040 2
8041 3
8042 1
8043 1
8044 2
8047 1
8048 1
8049 3
8051 3
8052 1
8053 2
8054 1
8055 1
8057 3
8060 4
8061 1
8062 3
8063 1
8064 2
8065 1
8066 1
8067 1
8068 1
8069 1
8070 1
8072 2
8073 1
8076 2
8077 1
8079 1
8080 2
8081 4
8082 1
8084 1
8085 5
8088 5
8089 2
8090 2
8091 1
8092 2
8093 1
8094 1
8096 1
8097 1
8098 1
8099 1
8100 2
8101 3
8102 1
8103 2
8104 1
8107 1
8108 2
8109 1
8111 1
8116 1
8120 1
8125 1
8126 1
8127 1
8131 2
8132 1
8139 1
8141 1
8143 2
8144 1
8145 1
8146 1
8147 1
8148 1
8151 2
8152 1
8153 1
8154 1
8156 2
8157 1
8159 1
8160 3
8161 1
8163 3
8166 4
8169 2
8170 2
8171 1
8172 2
8173 1
8174 2
8175 2
8176 3
8177 4
8178 2
8179 1
8180 2
8181 2
8182 1
8183 2
8184 2
8185 3
8186 1
8187 4
8188 1
8190 2
8191 2
8192 3
8194 3
8195 2
8196 1
8197 4
8198 1
8199 1
8200 3
8201 1
8202 3
8204 1
8207 1
8209 1
8212 1
8213 1
8214 1
8215 1
8216 3
8218 2
8219 4
8220 1
8221 2
8222 1
8223 3
8224 4
8225 2
8226 1
8227 3
8228 3
8230 1
8231 4
8232 2
8233 2
8234 1
8235 2
8238 1
8239 1
8242 1
8243 2
8244 3
8248 1
8250 2
8254 2
8256 3
8259 1
8260 1
8261 1
8263 2
8264 1
8266 1
8267 1
8269 2
8273 1
8274 1
8278 1
8284 2
8291 1
8299 2
8300 1
8302 1
8305 1
8306 1
8310 1
8314 1
8320 1
8334 1
8344 1
8345 1
8349 1
8352 2
8354 1
8358 1
8359 1
8362 1
8363 1
8364 2
8365 1
8366 2
8368 2
8369 1
8370 1
8377 1
8379 2
8380 2
8384 1
8385 1
8386 1
8387 1
8389 1
8391 1
8392 2
8395 1
8399 1
8400 1
8402 2
8403 1
8404 1
8410 1
8414 1
8415 1
8420 1
8422 1
8427 1
8432 1
8439 1
8440 1
8442 1
8446 1
8447 1
8452 3
8454 1
8455 1
8456 4
8458 1
8463 1
8464 2
8466 1
8467 1
8468 2
8469 1
8470 1
8473 2
8475 2
8479 1
8480 1
8481 1
8484 2
8486 1
8488 1
8494 1
8499 1
8507 2
8509 1
8513 1
8514 1
8515 2
8516 1
8520 1
8531 1
8532 1
8534 1
8546 1
8551 1
8557 1
8596 1
8597 1
8607 1
8608 1
8612 1
8616 1
8619 1
8629 1
8631 1
8641 1
8659 1
8668 1
8670 1
8671 1
8672 1
8674 1
8678 2
8679 2
8680 1
8682 1
8683 2
8684 1
8685 1
8691 1
8693 1
8701 1
8708 2
8710 1
8718 2
8719 1
8720 1
8722 1
8727 2
8728 1
8729 1
8737 1
8738 1
8739 1
8741 1
8743 1
8744 1
8746 1
8753 1
8756 1
8764 1
8765 1
8785 1
8796 1
8800 1
8801 1
8802 1
8803 1
8806 1
8809 1
8810 2
8813 2
8815 2
8816 1
8817 1
8821 1
8826 1
8827 1
8828 1
8829 1
8833 1
8834 1
8836 1
8837 1
8839 1
8840 3
8841 2
8844 1
8845 1
8847 1
8848 1
8849 2
8850 1
8851 2
8855 1
8856 2
8859 1
8860 1
8861 1
8864 1
8866 2
8867 1
8870 1
8874 2
8875 1
8878 2
8880 1
8881 3
8883 3
8884 1
8885 1
8888 1
8889 1
8890 1
8891 1
8892 2
8893 1
8894 1
8897 1
8899 1
8900 3
8904 1
8908 1
8910 1
8918 1
8921 1
8930 1
8937 1
8956 1
8971 1
8978 1
8986 1
9061 1
9230 1
9261 1
9262 1
9264 1
9267 1
9269 1
9270 2
9282 1
9283 2
9284 1
9285 1
9286 2
9288 1
9290 2
9292 1
9293 1
9294 1
9295 3
9296 1
9297 1
9298 3
9299 2
9300 1
9301 3
9303 1
9304 3
9305 1
9306 1
9307 5
9308 2
9309 3
9310 2
9311 2
9312 6
9313 4
9314 3
9315 3
9316 3
9317 5
9318 1
9319 2
9320 1
9321 1
9322 1
9323 9
9324 3
9325 1
9326 4
9327 5
9328 3
9329 1
9330 4
9332 2
9333 6
9334 2
9335 1
9336 4
9337 3
9338 3
9339 2
9340 2
9341 8
9342 2
9343 4
9344 1
9345 2
9346 4
9347 2
9348 5
9349 5
9350 4
9351 2
9352 1
9353 2
9355 1
9356 2
9357 2
9358 2
9359 3
9360 3
9361 4
9362 4
9365 1
9366 2
9367 3
9368 2
9369 2
9370 3
9371 2
9372 1
9374 2
9375 1
9384 1
9388 1
9392 1
9393 1
9394 1
9396 1
9402 1
9412 1
9414 1
9415 1
9418 1
9419 1
9422 1
9425 1
9429 3
9433 2
9434 1
9435 1
9439 2
9440 2
9443 4
9444 2
9446 2
9447 1
9448 1
9449 1
9450 1
9451 2
9452 3
9453 1
9457 1
9459 1
9460 2
9461 1
9462 2
9464 1
9466 2
9467 1
9468 4
9469 1
9472 1
9473 1
9474 2
9476 1
9477 2
9479 2
9480 2
9481 1
9485 2
9486 1
9487 1
9488 1
9489 1
9490 2
9491 2
9492 2
9494 1
9495 1
9496 1
9497 3
9498 1
9499 2
9500 1
9503 1
9504 2
9505 4
9508 1
9509 2
9510 3
9512 1
9514 1
9515 1
9516 1
9517 1
9518 3
9520 2
9522 3
9523 1
9524 3
9525 1
9526 1
9527 4
9529 1
9530 3
9531 1
9532 1
9535 1
9538 1
9539 2
9540 1
9541 1
9543 1
9544 1
9545 2
9547 1
9548 1
9549 2
9550 1
9551 1
9552 1
9553 1
9557 2
9560 1
9561 1
9563 1
9564 1
9565 2
9567 1
9569 1
9570 1
9575 1
9576 1
9579 1
9580 1
9582 1
9583 4
9591 1
9599 1
9600 1
9601 1
9614 1
9619 1
9657 1
9920 1
9924 1
9928 1
9930 1
9932 1
9939 1
9942 1
9947 1
9948 1
9950 2
9958 1
9960 1
9962 1
9970 1
9972 1
9973 1
9975 2
9978 1
9979 2
9980 1
9981 1
9982 1
9984 1
9987 1
9988 1
9989 1
9991 2
9992 1
9993 2
9994 1
9995 1
9996 2
9997 2
9998 1
9999 1
10000 1
10001 519
