1 18506564
2 14617348
3 10378480
4 7388991
5 5576402
6 4486865
7 3716914
8 3156419
9 2759218
10 2501999
11 2388233
12 2340609
13 2326746
14 2306363
15 2237890
16 2127570
17 1984681
18 1823038
19 1648825
20 1480925
21 1315079
22 1168686
23 1033536
24 902196
25 783648
26 675161
27 571563
28 479421
29 393532
30 317536
31 251787
32 198695
33 157187
34 124924
35 102405
36 89901
37 84015
38 85670
39 93421
40 107631
41 128333
42 151836
43 178541
44 208125
45 236033
46 264335
47 289755
48 313338
49 330215
50 342454
51 348985
52 351180
53 345483
54 334095
55 317849
56 298501
57 275095
58 246632
59 219230
60 192718
61 166651
62 142604
63 118266
64 98562
65 80114
66 64357
67 51431
68 40932
69 32259
70 25245
71 19833
72 16038
73 13213
74 11306
75 9832
76 9489
77 9800
78 10727
79 11736
80 13965
81 16434
82 19354
83 22866
84 26781
85 30685
86 35112
87 39429
88 44274
89 48507
90 53857
91 58284
92 63043
93 66321
94 69680
95 72390
96 75129
97 76422
98 77591
99 77673
100 76759
101 75492
102 73543
103 70082
104 66987
105 63005
106 59081
107 54617
108 50718
109 45529
110 41339
111 36770
112 32650
113 28505
114 24775
115 21571
116 18738
117 15691
118 13339
119 11147
120 9450
121 7900
122 6462
123 5501
124 4409
125 3638
126 3124
127 2667
128 2381
129 2116
130 2073
131 2032
132 2172
133 2500
134 2822
135 3506
136 4250
137 4994
138 5988
139 7247
140 8833
141 10820
142 12698
143 15034
144 17661
145 20826
146 24367
147 28404
148 32956
149 37809
150 42830
151 48886
152 54700
153 61859
154 69242
155 77228
156 85054
157 93644
158 102156
159 110438
160 119405
161 128660
162 138200
163 147595
164 156660
165 164793
166 174844
167 182112
168 188723
169 195225
170 201034
171 205955
172 209088
173 212060
174 213951
175 215586
176 214732
177 213757
178 212219
179 210024
180 205680
181 200809
182 195589
183 190123
184 183390
185 176447
186 169757
187 161624
188 153690
189 145459
190 136228
191 127598
192 118956
193 109715
194 102150
195 93908
196 86309
197 78633
198 70995
199 65036
200 58502
201 52447
202 46714
203 41834
204 36702
205 33004
206 28894
207 25140
208 21941
209 19046
210 16384
211 14058
212 12141
213 10319
214 8827
215 7530
216 6381
217 5413
218 4469
219 3833
220 3333
221 2801
222 2259
223 1867
224 1539
225 1400
226 1128
227 930
228 869
229 734
230 682
231 600
232 575
233 541
234 542
235 504
236 539
237 510
238 514
239 555
240 525
241 589
242 668
243 647
244 779
245 787
246 844
247 977
248 999
249 1176
250 1262
251 1406
252 1484
253 1594
254 1843
255 2065
256 2040
257 2282
258 2382
259 2523
260 2735
261 2818
262 3076
263 3239
264 3519
265 3535
266 3858
267 3983
268 4046
269 4232
270 4510
271 4412
272 4625
273 4824
274 4932
275 4935
276 5072
277 5039
278 4921
279 4973
280 4930
281 4900
282 4797
283 4671
284 4668
285 4597
286 4359
287 4223
288 4153
289 3979
290 3847
291 3757
292 3631
293 3348
294 3171
295 3053
296 3037
297 2685
298 2756
299 2499
300 2387
301 2230
302 1998
303 1877
304 1714
305 1583
306 1494
307 1342
308 1216
309 1101
310 999
311 951
312 846
313 731
314 744
315 654
316 593
317 581
318 559
319 495
320 521
321 467
322 461
323 440
324 455
325 429
326 476
327 429
328 441
329 453
330 481
331 462
332 499
333 537
334 540
335 553
336 548
337 614
338 627
339 612
340 644
341 614
342 687
343 697
344 699
345 661
346 709
347 750
348 763
349 735
350 808
351 789
352 767
353 829
354 804
355 815
356 769
357 772
358 783
359 775
360 783
361 792
362 781
363 805
364 881
365 802
366 829
367 750
368 789
369 798
370 768
371 747
372 695
373 688
374 628
375 636
376 673
377 545
378 528
379 534
380 475
381 437
382 442
383 440
384 404
385 392
386 374
387 373
388 372
389 364
390 302
391 298
392 273
393 260
394 245
395 228
396 186
397 225
398 173
399 185
400 159
401 160
402 149
403 157
404 142
405 122
406 135
407 115
408 83
409 98
410 81
411 61
412 77
413 80
414 79
415 77
416 77
417 83
418 60
419 70
420 60
421 60
422 48
423 51
424 57
425 43
426 46
427 49
428 48
429 55
430 50
431 37
432 32
433 36
434 37
435 31
436 33
437 35
438 35
439 29
440 36
441 33
442 41
443 37
444 36
445 41
446 48
447 56
448 60
449 60
450 55
451 60
452 58
453 50
454 59
455 59
456 53
457 59
458 54
459 44
460 49
461 62
462 42
463 50
464 39
465 49
466 50
467 54
468 45
469 45
470 56
471 72
472 64
473 58
474 63
475 68
476 63
477 63
478 59
479 57
480 78
481 85
482 67
483 70
484 64
485 72
486 67
487 62
488 70
489 66
490 88
491 70
492 79
493 70
494 83
495 75
496 79
497 85
498 84
499 94
500 102
501 99
502 95
503 83
504 112
505 104
506 124
507 119
508 125
509 113
510 112
511 102
512 114
513 117
514 151
515 107
516 133
517 129
518 136
519 130
520 140
521 125
522 125
523 143
524 141
525 125
526 150
527 132
528 123
529 143
530 119
531 146
532 127
533 137
534 153
535 149
536 127
537 136
538 166
539 141
540 153
541 153
542 152
543 125
544 147
545 133
546 125
547 136
548 129
549 135
550 141
551 123
552 154
553 142
554 128
555 121
556 101
557 117
558 137
559 112
560 118
561 122
562 103
563 112
564 114
565 114
566 106
567 98
568 110
569 108
570 89
571 98
572 84
573 84
574 90
575 92
576 79
577 60
578 67
579 66
580 65
581 68
582 55
583 59
584 55
585 56
586 76
587 57
588 60
589 43
590 51
591 51
592 54
593 56
594 52
595 44
596 49
597 46
598 51
599 63
600 61
601 50
602 54
603 60
604 56
605 64
606 49
607 60
608 49
609 60
610 44
611 47
612 54
613 42
614 55
615 53
616 50
617 51
618 50
619 56
620 40
621 39
622 47
623 51
624 54
625 63
626 59
627 40
628 55
629 52
630 43
631 45
632 50
633 46
634 41
635 30
636 42
637 42
638 44
639 32
640 44
641 31
642 40
643 32
644 31
645 29
646 42
647 39
648 47
649 52
650 49
651 51
652 48
653 45
654 39
655 44
656 38
657 36
658 42
659 36
660 34
661 41
662 43
663 32
664 42
665 36
666 44
667 36
668 44
669 41
670 48
671 45
672 68
673 65
674 60
675 49
676 51
677 63
678 66
679 55
680 67
681 61
682 73
683 64
684 58
685 69
686 62
687 72
688 78
689 77
690 78
691 80
692 101
693 96
694 90
695 80
696 96
697 87
698 85
699 56
700 79
701 72
702 78
703 76
704 58
705 78
706 82
707 75
708 94
709 77
710 70
711 70
712 67
713 78
714 83
715 64
716 80
717 96
718 88
719 108
720 82
721 89
722 88
723 59
724 81
725 87
726 89
727 77
728 94
729 76
730 75
731 77
732 89
733 115
734 89
735 102
736 96
737 99
738 103
739 100
740 98
741 97
742 105
743 106
744 90
745 65
746 86
747 99
748 81
749 74
750 89
751 76
752 67
753 73
754 71
755 57
756 45
757 72
758 40
759 45
760 42
761 44
762 46
763 56
764 39
765 57
766 44
767 44
768 53
769 44
770 41
771 37
772 52
773 35
774 38
775 34
776 34
777 40
778 40
779 41
780 26
781 39
782 35
783 35
784 30
785 28
786 37
787 43
788 31
789 31
790 21
791 25
792 19
793 21
794 12
795 16
796 17
797 23
798 17
799 17
800 21
801 12
802 17
803 23
804 17
805 14
806 24
807 24
808 13
809 20
810 11
811 29
812 21
813 15
814 27
815 18
816 11
817 11
818 12
819 10
820 8
821 16
822 15
823 13
824 18
825 19
826 12
827 16
828 13
829 17
830 15
831 16
832 12
833 13
834 18
835 17
836 17
837 14
838 15
839 18
840 19
841 16
842 23
843 33
844 24
845 30
846 20
847 14
848 20
849 17
850 24
851 22
852 14
853 14
854 15
855 22
856 15
857 22
858 19
859 17
860 11
861 16
862 22
863 15
864 25
865 10
866 22
867 20
868 24
869 15
870 19
871 31
872 29
873 32
874 33
875 26
876 25
877 30
878 31
879 34
880 34
881 28
882 24
883 29
884 30
885 26
886 38
887 25
888 31
889 26
890 30
891 28
892 26
893 20
894 25
895 28
896 24
897 27
898 27
899 28
900 24
901 29
902 32
903 18
904 20
905 28
906 23
907 13
908 29
909 24
910 20
911 29
912 27
913 27
914 17
915 29
916 40
917 22
918 23
919 31
920 27
921 28
922 29
923 27
924 41
925 31
926 22
927 24
928 29
929 28
930 25
931 29
932 31
933 25
934 22
935 19
936 21
937 11
938 35
939 20
940 19
941 19
942 20
943 17
944 18
945 21
946 21
947 17
948 20
949 22
950 25
951 16
952 20
953 21
954 27
955 27
956 26
957 31
958 30
959 22
960 19
961 14
962 16
963 13
964 13
965 22
966 9
967 10
968 13
969 11
970 14
971 20
972 18
973 13
974 13
975 14
976 15
977 13
978 19
979 14
980 12
981 16
982 19
983 10
984 19
985 13
986 11
987 8
988 12
989 8
990 8
991 10
992 10
993 12
994 9
995 7
996 18
997 13
998 13
999 12
1000 19
1001 14
1002 20
1003 12
1004 14
1005 12
1006 13
1007 11
1008 9
1009 6
1010 7
1011 15
1012 15
1013 8
1014 11
1015 16
1016 16
1017 8
1018 4
1019 6
1020 6
1021 9
1022 10
1023 11
1024 7
1025 5
1026 5
1027 5
1028 6
1029 5
1030 5
1031 5
1032 6
1033 7
1034 10
1035 8
1036 6
1037 12
1038 8
1039 20
1040 6
1041 12
1042 15
1043 14
1044 10
1045 15
1046 10
1047 15
1048 13
1049 15
1050 10
1051 8
1052 8
1053 7
1054 12
1055 6
1056 13
1057 7
1058 13
1059 5
1060 15
1061 16
1062 12
1063 17
1064 15
1065 9
1066 12
1067 11
1068 9
1069 14
1070 5
1071 12
1072 15
1073 14
1074 5
1075 7
1076 13
1077 18
1078 20
1079 24
1080 19
1081 16
1082 24
1083 18
1084 17
1085 12
1086 22
1087 8
1088 14
1089 18
1090 19
1091 19
1092 11
1093 21
1094 18
1095 15
1096 18
1097 16
1098 15
1099 15
1100 9
1101 12
1102 14
1103 19
1104 13
1105 13
1106 30
1107 19
1108 18
1109 17
1110 16
1111 17
1112 26
1113 27
1114 36
1115 29
1116 30
1117 27
1118 35
1119 39
1120 48
1121 44
1122 48
1123 60
1124 72
1125 72
1126 77
1127 102
1128 93
1129 104
1130 138
1131 148
1132 144
1133 173
1134 182
1135 184
1136 204
1137 247
1138 235
1139 245
1140 296
1141 297
1142 350
1143 412
1144 395
1145 473
1146 431
1147 522
1148 540
1149 608
1150 620
1151 678
1152 767
1153 847
1154 849
1155 937
1156 996
1157 1057
1158 1120
1159 1198
1160 1327
1161 1456
1162 1493
1163 1677
1164 1738
1165 1828
1166 2029
1167 2111
1168 2229
1169 2326
1170 2533
1171 2631
1172 2816
1173 2995
1174 3270
1175 3351
1176 3552
1177 3785
1178 3999
1179 4282
1180 4475
1181 4677
1182 5057
1183 5252
1184 5530
1185 5682
1186 6104
1187 6433
1188 6717
1189 7151
1190 7312
1191 7595
1192 8110
1193 8289
1194 8700
1195 9139
1196 9420
1197 9857
1198 10290
1199 10470
1200 11056
1201 11334
1202 11779
1203 12246
1204 12449
1205 12850
1206 13445
1207 13775
1208 14352
1209 14601
1210 15122
1211 15360
1212 16101
1213 16502
1214 16554
1215 17382
1216 17550
1217 17937
1218 18424
1219 18746
1220 19205
1221 19746
1222 20155
1223 20215
1224 21179
1225 21377
1226 21780
1227 21969
1228 22509
1229 22664
1230 22820
1231 23280
1232 23430
1233 23339
1234 24033
1235 24089
1236 24255
1237 24475
1238 24288
1239 24829
1240 24724
1241 24930
1242 24906
1243 24804
1244 24946
1245 25037
1246 25090
1247 24794
1248 24715
1249 24931
1250 24599
1251 24710
1252 24096
1253 24439
1254 24069
1255 23933
1256 23697
1257 23716
1258 23376
1259 23257
1260 22935
1261 22715
1262 22374
1263 21988
1264 21886
1265 21489
1266 21145
1267 20767
1268 20580
1269 19759
1270 19633
1271 18864
1272 18989
1273 18217
1274 18062
1275 17606
1276 17303
1277 17000
1278 16277
1279 16079
1280 15442
1281 15218
1282 14525
1283 14322
1284 13851
1285 13370
1286 12936
1287 12624
1288 12157
1289 11718
1290 11311
1291 10969
1292 10465
1293 10134
1294 9585
1295 9334
1296 8957
1297 8678
1298 8230
1299 7857
1300 7713
1301 7209
1302 7024
1303 6646
1304 6350
1305 6138
1306 5857
1307 5625
1308 5283
1309 5034
1310 4694
1311 4499
1312 4223
1313 4154
1314 3928
1315 3620
1316 3472
1317 3325
1318 3195
1319 3028
1320 2864
1321 2686
1322 2476
1323 2384
1324 2248
1325 2074
1326 1956
1327 1937
1328 1806
1329 1682
1330 1499
1331 1463
1332 1361
1333 1270
1334 1184
1335 1040
1336 946
1337 928
1338 920
1339 857
1340 732
1341 706
1342 683
1343 617
1344 555
1345 528
1346 474
1347 432
1348 411
1349 345
1350 332
1351 285
1352 305
1353 290
1354 229
1355 222
1356 211
1357 200
1358 183
1359 167
1360 175
1361 141
1362 143
1363 153
1364 130
1365 107
1366 106
1367 95
1368 100
1369 88
1370 84
1371 71
1372 68
1373 64
1374 65
1375 54
1376 58
1377 40
1378 42
1379 62
1380 50
1381 43
1382 51
1383 50
1384 49
1385 40
1386 48
1387 54
1388 47
1389 44
1390 55
1391 45
1392 49
1393 42
1394 56
1395 44
1396 50
1397 54
1398 41
1399 48
1400 39
1401 43
1402 39
1403 60
1404 42
1405 44
1406 54
1407 37
1408 64
1409 43
1410 50
1411 44
1412 55
1413 50
1414 44
1415 45
1416 45
1417 74
1418 43
1419 44
1420 43
1421 63
1422 42
1423 52
1424 52
1425 27
1426 31
1427 34
1428 34
1429 35
1430 43
1431 28
1432 24
1433 33
1434 19
1435 27
1436 25
1437 23
1438 20
1439 9
1440 18
1441 28
1442 20
1443 38
1444 30
1445 32
1446 35
1447 28
1448 28
1449 28
1450 28
1451 34
1452 27
1453 25
1454 16
1455 23
1456 18
1457 16
1458 24
1459 23
1460 18
1461 16
1462 11
1463 16
1464 17
1465 13
1466 11
1467 7
1468 8
1469 9
1470 4
1471 13
1472 7
1473 10
1474 7
1475 11
1476 8
1477 6
1478 6
1479 10
1480 1
1481 7
1482 7
1483 6
1484 10
1485 2
1486 5
1487 4
1488 8
1489 7
1490 4
1491 5
1492 7
1493 8
1494 9
1495 8
1496 8
1497 6
1498 11
1499 3
1500 9
1501 5
1502 5
1503 12
1504 8
1505 8
1506 6
1507 6
1508 8
1509 10
1510 6
1511 3
1512 2
1513 7
1514 10
1515 2
1516 4
1517 5
1518 5
1519 7
1520 5
1521 13
1522 5
1523 9
1524 7
1525 3
1526 8
1527 14
1528 4
1529 6
1530 5
1531 3
1532 9
1533 5
1534 7
1535 6
1536 7
1537 3
1538 2
1539 4
1540 4
1541 5
1542 5
1543 5
1544 7
1545 1
1546 6
1547 4
1548 2
1549 3
1550 3
1551 1
1552 3
1553 5
1554 3
1555 5
1556 1
1557 5
1558 5
1559 4
1560 4
1561 1
1562 4
1563 2
1564 3
1565 3
1566 3
1567 7
1568 3
1569 1
1570 4
1571 7
1572 3
1573 2
1574 4
1575 3
1576 5
1577 2
1578 2
1579 5
1580 3
1581 2
1582 4
1583 3
1584 2
1585 2
1586 2
1587 5
1588 5
1589 3
1590 2
1591 3
1592 3
1593 5
1594 3
1595 3
1596 3
1597 2
1598 4
1599 3
1600 5
1601 12
1602 6
1603 6
1604 9
1605 7
1606 2
1607 6
1608 9
1609 3
1610 7
1611 5
1612 8
1613 3
1614 4
1615 5
1616 5
1617 7
1618 7
1619 6
1620 7
1621 4
1622 4
1623 8
1624 5
1625 6
1626 7
1627 10
1628 3
1629 7
1630 12
1631 2
1632 5
1633 4
1634 7
1635 5
1636 6
1637 5
1638 9
1639 2
1640 4
1641 4
1642 3
1643 3
1644 4
1645 2
1646 4
1647 1
1648 3
1649 5
1650 4
1651 2
1652 1
1653 1
1654 3
1655 4
1656 1
1657 5
1658 1
1659 2
1660 3
1661 2
1662 2
1663 1
1664 8
1665 5
1666 2
1667 4
1668 3
1669 3
1670 4
1671 5
1672 5
1673 2
1674 4
1675 3
1676 2
1677 7
1678 8
1679 3
1680 5
1681 2
1682 4
1683 3
1684 4
1685 4
1686 2
1687 2
1688 2
1690 4
1691 4
1692 1
1693 5
1694 5
1695 7
1696 4
1698 7
1699 3
1700 1
1702 1
1703 2
1704 1
1705 1
1706 4
1707 2
1708 1
1709 2
1710 3
1711 1
1712 2
1713 1
1714 4
1715 1
1716 2
1718 1
1719 2
1721 1
1722 3
1723 4
1724 2
1725 2
1726 2
1727 3
1728 4
1730 3
1731 3
1732 1
1733 2
1735 2
1736 4
1737 2
1739 2
1740 1
1741 4
1742 2
1744 3
1745 1
1746 2
1747 4
1748 1
1749 3
1750 2
1751 2
1752 3
1753 3
1755 2
1756 2
1757 3
1758 2
1760 4
1762 1
1763 2
1764 2
1765 3
1766 2
1767 5
1768 2
1769 4
1770 3
1771 2
1772 1
1773 4
1774 2
1775 1
1776 2
1777 4
1778 3
1779 3
1781 4
1782 1
1783 1
1784 3
1785 2
1786 4
1787 2
1788 1
1789 5
1790 3
1791 1
1792 1
1793 3
1794 1
1795 3
1796 1
1797 3
1798 4
1799 4
1800 4
1801 1
1802 4
1803 5
1804 3
1805 4
1806 5
1807 5
1808 2
1809 3
1810 4
1811 1
1812 3
1813 5
1814 2
1815 3
1816 2
1817 3
1818 4
1819 4
1821 2
1822 4
1823 1
1824 3
1826 1
1827 2
1828 2
1829 2
1830 4
1831 3
1832 3
1833 3
1834 3
1835 1
1836 1
1837 1
1838 1
1839 1
1840 1
1842 3
1843 2
1844 1
1846 4
1847 5
1850 1
1851 3
1852 3
1854 5
1855 3
1856 2
1857 4
1858 2
1859 5
1860 4
1861 6
1862 3
1863 2
1864 3
1865 3
1866 2
1867 2
1868 2
1870 1
1871 3
1872 4
1873 4
1874 1
1875 2
1877 2
1878 1
1881 2
1882 1
1884 1
1885 1
1887 2
1889 3
1890 1
1891 1
1892 2
1893 2
1896 1
1897 4
1898 1
1899 2
1901 3
1903 2
1904 2
1905 2
1906 1
1907 3
1908 1
1909 1
1910 2
1911 1
1912 1
1913 1
1914 2
1915 1
1917 3
1918 2
1919 2
1920 3
1921 1
1922 1
1923 5
1926 1
1927 2
1928 1
1929 5
1930 1
1931 2
1932 5
1933 4
1934 4
1936 3
1937 1
1938 5
1941 6
1942 3
1943 4
1944 1
1945 2
1946 3
1947 1
1948 2
1950 4
1951 1
1953 5
1955 4
1956 1
1958 2
1959 3
1960 1
1961 2
1963 2
1965 3
1967 3
1968 3
1969 3
1970 2
1972 1
1973 1
1974 1
1975 3
1976 1
1977 1
1979 1
1980 2
1981 2
1983 1
1984 1
1985 1
1986 1
1988 1
1989 2
1991 2
1992 5
1993 2
1994 1
1995 1
1997 2
1998 1
1999 2
2001 1
2004 1
2005 5
2006 2
2008 2
2009 2
2010 2
2011 1
2012 2
2014 1
2015 2
2016 4
2017 3
2018 3
2019 3
2020 1
2021 1
2022 2
2023 3
2024 2
2025 1
2026 3
2027 5
2028 1
2030 1
2031 2
2032 3
2033 1
2034 1
2035 1
2037 2
2038 1
2040 1
2041 1
2042 1
2043 1
2044 3
2045 2
2046 2
2047 1
2048 2
2049 2
2050 2
2051 2
2052 1
2053 1
2054 1
2055 2
2056 4
2058 1
2059 2
2061 1
2062 1
2063 1
2064 2
2066 4
2067 1
2069 2
2070 3
2071 3
2072 4
2073 3
2075 1
2077 1
2079 1
2080 2
2081 1
2082 3
2085 2
2087 1
2088 2
2089 1
2090 1
2091 2
2092 1
2093 1
2094 2
2095 2
2096 3
2097 1
2099 1
2100 2
2101 1
2102 3
2103 2
2104 4
2105 3
2106 2
2107 2
2108 4
2109 2
2110 2
2111 3
2112 1
2113 2
2115 2
2116 1
2117 3
2118 1
2119 1
2120 2
2121 1
2122 2
2125 1
2126 1
2127 2
2130 1
2132 1
2133 2
2136 2
2138 1
2140 1
2142 1
2144 1
2145 1
2146 1
2149 1
2151 2
2153 1
2154 4
2155 2
2156 2
2157 2
2158 1
2159 1
2160 2
2161 2
2162 4
2163 1
2164 3
2165 2
2166 1
2167 1
2168 4
2169 1
2170 2
2171 2
2175 1
2176 1
2177 1
2178 1
2179 2
2180 1
2181 1
2182 1
2184 2
2185 3
2187 1
2189 2
2190 1
2191 1
2192 2
2196 2
2197 1
2200 1
2201 3
2203 1
2204 1
2205 1
2209 2
2211 1
2214 1
2215 1
2219 1
2222 1
2228 1
2229 1
2238 1
2249 1
2251 1
2253 1
2254 2
2255 1
2256 1
2260 1
2261 2
2264 1
2266 1
2279 1
2280 1
2282 2
2283 1
2286 1
2288 2
2291 1
2292 1
2294 2
2295 1
2301 1
2302 1
2321 2
2322 1
2326 1
2333 1
2335 1
2336 2
2339 1
2341 1
2344 3
2346 1
2347 1
2348 1
2349 2
2352 2
2353 1
2354 1
2357 2
2358 2
2359 2
2360 2
2361 5
2364 1
2365 1
2366 1
2367 3
2369 5
2370 1
2371 2
2372 1
2373 6
2374 1
2375 2
2376 2
2377 2
2378 3
2379 1
2380 5
2381 3
2382 5
2383 3
2384 1
2385 4
2386 1
2387 2
2388 2
2389 5
2390 5
2391 2
2392 5
2393 2
2394 3
2395 4
2396 3
2397 13
2398 4
2399 6
2400 7
2401 4
2402 11
2403 7
2404 10
2405 9
2406 9
2407 10
2408 16
2409 10
2410 26
2411 16
2412 17
2413 11
2414 17
2415 22
2416 17
2417 10
2418 19
2419 17
2420 16
2421 14
2422 19
2423 18
2424 23
2425 20
2426 18
2427 30
2428 29
2429 23
2430 23
2431 22
2432 13
2433 21
2434 18
2435 19
2436 25
2437 21
2438 18
2439 14
2440 19
2441 23
2442 22
2443 18
2444 22
2445 15
2446 29
2447 28
2448 17
2449 23
2450 24
2451 31
2452 19
2453 18
2454 22
2455 27
2456 35
2457 38
2458 30
2459 27
2460 24
2461 30
2462 39
2463 28
2464 28
2465 25
2466 29
2467 40
2468 44
2469 40
2470 43
2471 37
2472 32
2473 41
2474 25
2475 33
2476 50
2477 35
2478 37
2479 37
2480 42
2481 33
2482 33
2483 41
2484 35
2485 31
2486 44
2487 35
2488 43
2489 34
2490 35
2491 49
2492 42
2493 45
2494 39
2495 39
2496 36
2497 35
2498 46
2499 36
2500 39
2501 39
2502 41
2503 40
2504 46
2505 33
2506 31
2507 42
2508 25
2509 27
2510 32
2511 30
2512 32
2513 37
2514 28
2515 31
2516 19
2517 34
2518 23
2519 25
2520 37
2521 29
2522 29
2523 25
2524 20
2525 19
2526 31
2527 16
2528 37
2529 29
2530 26
2531 30
2532 32
2533 32
2534 37
2535 28
2536 43
2537 40
2538 30
2539 31
2540 32
2541 38
2542 38
2543 23
2544 37
2545 29
2546 32
2547 21
2548 26
2549 24
2550 28
2551 24
2552 24
2553 16
2554 19
2555 21
2556 27
2557 13
2558 19
2559 31
2560 14
2561 17
2562 27
2563 19
2564 21
2565 23
2566 14
2567 13
2568 19
2569 17
2570 19
2571 18
2572 17
2573 16
2574 13
2575 15
2576 16
2577 10
2578 11
2579 14
2580 13
2581 7
2582 14
2583 14
2584 10
2585 14
2586 15
2587 14
2588 14
2589 14
2590 14
2591 11
2592 8
2593 12
2594 11
2595 6
2596 11
2597 10
2598 12
2599 9
2600 13
2601 6
2602 6
2603 7
2604 4
2605 8
2606 6
2607 5
2608 3
2609 5
2610 3
2611 2
2612 3
2613 5
2614 5
2615 1
2616 3
2617 3
2618 2
2619 1
2620 1
2621 2
2622 2
2623 3
2624 1
2625 3
2626 2
2627 2
2628 1
2629 2
2630 3
2631 1
2632 3
2633 1
2635 2
2636 4
2637 2
2639 2
2640 2
2641 2
2642 3
2645 1
2646 2
2648 1
2650 1
2651 3
2652 1
2653 2
2654 1
2655 2
2656 2
2657 2
2658 1
2659 3
2660 2
2661 2
2662 1
2663 1
2664 3
2665 2
2666 1
2667 2
2669 1
2671 1
2672 2
2674 2
2676 1
2679 1
2680 1
2723 1
2725 1
2726 1
2730 1
2731 1
2734 1
2735 1
2737 1
2738 2
2739 1
2743 1
2744 1
2745 1
2747 1
2750 1
2767 2
2769 1
2788 2
2790 1
2791 1
2793 1
2797 2
2798 1
2799 4
2800 1
2801 3
2802 2
2803 1
2805 1
2806 1
2810 1
2814 1
2818 1
2819 1
2820 2
2828 1
2829 1
2831 1
2834 1
2836 2
2837 2
2839 1
2843 1
2844 1
2846 1
2847 1
2849 1
2850 1
2851 3
2852 2
2855 1
2856 1
2857 1
2858 1
2859 1
2863 2
2864 2
2865 3
2867 2
2868 3
2870 1
2871 1
2873 2
2874 2
2876 1
2877 1
2879 2
2882 1
2884 1
2885 1
2887 1
2889 1
2893 3
2894 3
2895 1
2896 2
2899 1
2902 2
2903 2
2904 2
2905 3
2906 1
2909 1
2910 4
2911 1
2912 2
2913 3
2915 2
2934 1
2936 1
2937 1
2938 1
2941 1
2942 1
2944 1
2950 1
2951 2
2956 2
2957 2
2958 1
2960 1
2961 1
2962 1
2964 2
2965 1
2969 1
2979 1
2981 1
2982 1
2983 1
2984 1
2987 1
2988 2
2990 2
2992 1
2993 1
2994 3
2995 1
2996 2
2997 1
3000 4
3001 1
3002 1
3005 1
3009 2
3014 1
3015 3
3016 2
3017 2
3019 1
3021 2
3022 1
3023 2
3025 1
3028 2
3029 1
3031 1
3034 1
3041 1
3045 1
3049 1
3050 1
3051 1
3056 1
3057 3
3059 1
3060 2
3061 2
3065 2
3069 1
3070 2
3071 4
3072 2
3073 1
3075 1
3076 1
3077 1
3078 1
3083 1
3085 1
3086 1
3091 1
3092 1
3093 1
3099 2
3101 1
3104 1
3112 1
3115 1
3122 1
3128 1
3135 1
3141 1
3143 1
3144 2
3145 1
3146 1
3147 1
3149 2
3150 2
3152 1
3154 2
3156 2
3157 1
3158 2
3159 2
3165 1
3166 2
3167 2
3168 1
3171 2
3172 1
3173 3
3176 1
3177 1
3179 2
3180 1
3181 1
3184 1
3185 1
3189 1
3190 1
3198 1
3202 1
3204 1
3210 1
3213 1
3214 1
3215 1
3219 1
3221 1
3226 1
3228 1
3229 1
3231 1
3234 1
3235 2
3239 1
3241 1
3242 1
3245 1
3250 1
3251 2
3255 1
3258 1
3260 1
3262 1
3264 1
3266 1
3267 2
3268 2
3269 1
3271 1
3272 1
3274 1
3275 1
3276 1
3277 1
3278 2
3281 2
3282 2
3283 3
3284 1
3285 1
3288 1
3289 1
3290 1
3291 1
3292 2
3294 2
3298 2
3299 1
3301 1
3303 3
3304 3
3305 3
3306 1
3307 2
3309 2
3310 2
3311 2
3312 2
3313 2
3316 1
3317 1
3318 2
3320 1
3321 2
3325 1
3326 2
3328 1
3330 1
3331 2
3332 1
3333 1
3334 1
3337 1
3341 1
3342 4
3343 1
3347 1
3348 1
3351 1
3353 1
3355 1
3359 2
3371 1
3375 1
3379 1
3381 1
3395 2
3396 1
3400 1
3403 1
3408 1
3411 1
3417 1
3424 1
3454 1
3465 1
3470 1
3473 1
3476 1
3495 1
3496 1
3506 1
3507 2
3510 1
3511 1
3537 1
3541 1
3547 2
3552 1
3553 1
3566 1
3567 1
3570 1
3576 1
3577 1
3581 1
3582 1
3598 1
3604 1
3611 1
3621 1
3625 1
3628 2
3632 1
3633 1
3634 1
3635 1
3636 2
3638 1
3639 1
3640 1
3642 1
3644 1
3646 1
3649 2
3656 1
3658 1
3659 1
3661 1
3663 1
3664 1
3673 1
3678 1
3681 1
3682 2
3683 3
3684 1
3686 1
3688 4
3689 1
3690 2
3694 1
3695 1
3698 1
3699 1
3700 3
3702 1
3703 2
3704 1
3705 3
3706 1
3708 2
3709 2
3710 3
3711 3
3713 2
3714 1
3715 1
3717 2
3718 1
3719 2
3722 1
3723 1
3724 2
3725 1
3727 2
3729 1
3731 3
3732 2
3733 1
3734 2
3735 1
3736 1
3737 1
3738 3
3739 3
3740 3
3741 1
3742 1
3743 2
3744 1
3745 2
3746 5
3747 3
3748 3
3749 2
3750 1
3751 2
3752 3
3753 1
3754 2
3755 1
3756 2
3757 3
3758 1
3760 3
3761 1
3763 1
3764 1
3767 3
3768 2
3769 1
3771 1
3772 5
3773 2
3774 1
3775 1
3776 1
3777 4
3778 1
3779 3
3780 2
3781 2
3782 2
3783 1
3784 3
3785 2
3786 4
3787 4
3788 4
3789 2
3790 3
3791 2
3793 4
3794 7
3795 5
3797 2
3798 2
3799 1
3801 1
3802 2
3803 3
3804 3
3806 5
3807 1
3808 3
3809 4
3810 3
3811 2
3813 2
3814 1
3815 2
3817 2
3818 1
3819 1
3821 3
3822 1
3823 1
3825 3
3826 2
3828 2
3829 1
3830 2
3831 1
3832 2
3834 2
3835 1
3837 1
3838 2
3839 1
3840 1
3845 2
3846 1
3848 1
3849 1
3851 2
3866 1
3870 1
3878 1
3880 1
3884 1
3893 1
3894 1
3895 3
3899 1
3900 1
3902 1
3912 1
3955 1
3960 1
3962 1
3968 1
3974 1
3990 1
3991 1
3992 2
4013 2
4020 1
4021 1
4025 1
4032 1
4033 1
4040 1
4042 1
4043 1
4048 1
4049 1
4053 2
4062 1
4065 1
4071 2
4072 1
4073 2
4076 1
4077 2
4079 1
4080 2
4083 2
4084 2
4085 3
4087 3
4088 1
4089 2
4092 1
4095 1
4100 1
4108 1
4111 1
4112 1
4122 1
4124 1
4156 1
4161 1
4166 1
4167 1
4169 1
4174 1
4175 1
4179 2
4180 2
4183 1
4185 1
4186 2
4187 1
4192 1
4193 2
4194 1
4195 2
4199 2
4200 3
4201 2
4202 1
4203 3
4207 1
4210 2
4211 1
4212 1
4214 1
4215 1
4216 1
4218 1
4220 1
4224 1
4225 1
4229 1
4234 1
4235 1
4241 1
4245 1
4262 2
4268 1
4271 1
4277 1
4278 1
4279 1
4282 3
4283 1
4285 1
4295 1
4301 1
4305 1
4309 1
4310 1
4313 2
4314 1
4316 1
4321 3
4322 1
4323 1
4324 1
4326 1
4328 1
4329 1
4330 1
4331 1
4333 1
4335 1
4337 1
4343 1
4801 1
4854 1
4859 1
4862 1
4884 3
4887 1
4888 1
4889 1
4890 2
4892 2
4894 2
4897 2
4904 1
4905 2
4907 1
4912 1
4914 2
4915 2
4920 1
4930 1
4931 1
4933 1
4939 1
4943 1
4945 1
4951 1
4952 1
4953 1
4955 2
4958 1
4959 1
4960 1
4963 1
4964 1
4965 1
4971 1
4974 1
4975 1
4976 1
4977 1
4983 2
4987 1
4991 1
4992 1
5000 1
5005 1
5026 1
5033 1
5075 1
5076 1
5078 1
5082 1
5094 1
5097 1
5099 1
5102 1
5111 1
5125 1
5127 2
5130 1
5133 1
5151 1
5299 1
5304 1
5310 1
5512 1
5513 1
5523 1
5655 2
5656 1
6111 1
6115 1
6169 1
6181 1
6210 1
6214 1
6234 1
6323 1
6326 1
6333 1
6336 1
6344 1
6350 1
6357 1
6360 1
6362 1
6364 1
6366 1
6367 1
6378 1
6382 1
6383 1
6385 1
6393 1
7353 1
7376 1
7408 1
7409 1
7410 1
7416 1
7418 1
7428 1
7429 1
7544 1
7566 1
7638 1
7640 1
7793 1
7800 1
7805 1
7806 1
7808 1
7813 1
7817 1
7819 1
7822 1
7827 2
7830 2
7831 2
7848 1
7866 1
7868 1
7869 1
7871 2
7877 1
7879 1
7883 1
7885 1
7891 1
8590 1
8601 1
8605 1
8741 1
8844 1
9907 1
9993 1
9997 1
10001 14
