1 24810905
2 14303421
3 9156324
4 6847828
5 5624994
6 4830178
7 4138615
8 3439985
9 2751359
10 2128742
11 1609764
12 1183802
13 879726
14 672569
15 553547
16 503422
17 496998
18 518804
19 547160
20 568092
21 571717
22 554056
23 515209
24 464056
25 406587
26 345588
27 282654
28 228276
29 180225
30 145519
31 119497
32 103141
33 96083
34 93778
35 97061
36 101931
37 109578
38 115770
39 121481
40 122444
41 121525
42 118146
43 113270
44 106529
45 97522
46 88664
47 79081
48 69851
49 61819
50 54895
51 50048
52 47216
53 47257
54 49975
55 55749
56 64949
57 77002
58 90354
59 108538
60 126744
61 149729
62 172350
63 195703
64 221171
65 245710
66 270468
67 293073
68 313502
69 331143
70 342651
71 350885
72 355168
73 355495
74 349952
75 339502
76 327277
77 311328
78 294092
79 272882
80 251478
81 228382
82 205603
83 185090
84 162686
85 140944
86 121697
87 104089
88 87336
89 72466
90 59893
91 49879
92 40293
93 32544
94 26317
95 20966
96 16815
97 13764
98 11648
99 10102
100 8665
101 7585
102 6749
103 6461
104 6212
105 6250
106 6433
107 6415
108 6857
109 7170
110 7211
111 7408
112 7613
113 7876
114 7827
115 7732
116 7838
117 7442
118 7485
119 7228
120 6901
121 6807
122 6205
123 6090
124 5895
125 5478
126 5173
127 4789
128 4590
129 4198
130 3965
131 3643
132 3373
133 3031
134 2820
135 2549
136 2396
137 2236
138 2084
139 1905
140 1809
141 1789
142 1794
143 1685
144 1742
145 1646
146 1519
147 1413
148 1439
149 1394
150 1381
151 1255
152 1355
153 1347
154 1282
155 1174
156 1089
157 1125
158 1026
159 989
160 889
161 910
162 829
163 756
164 709
165 699
166 613
167 559
168 503
169 476
170 418
171 362
172 356
173 336
174 284
175 260
176 246
177 247
178 202
179 212
180 197
181 194
182 158
183 162
184 155
185 142
186 138
187 127
188 117
189 110
190 140
191 139
192 145
193 152
194 172
195 145
196 128
197 146
198 168
199 179
200 209
201 193
202 214
203 171
204 229
205 224
206 226
207 224
208 256
209 258
210 236
211 256
212 240
213 282
214 322
215 319
216 287
217 319
218 289
219 314
220 307
221 319
222 293
223 286
224 298
225 262
226 294
227 325
228 297
229 268
230 265
231 244
232 263
233 236
234 221
235 247
236 234
237 209
238 210
239 180
240 160
241 157
242 141
243 160
244 153
245 137
246 132
247 140
248 141
249 120
250 150
251 124
252 133
253 146
254 139
255 139
256 155
257 145
258 148
259 163
260 145
261 147
262 165
263 123
264 127
265 101
266 126
267 112
268 125
269 113
270 113
271 112
272 111
273 133
274 113
275 125
276 111
277 118
278 115
279 139
280 148
281 148
282 122
283 112
284 144
285 116
286 108
287 121
288 150
289 143
290 156
291 179
292 187
293 212
294 172
295 185
296 174
297 158
298 173
299 210
300 187
301 201
302 191
303 180
304 177
305 170
306 186
307 147
308 151
309 163
310 138
311 130
312 184
313 138
314 154
315 128
316 138
317 137
318 107
319 104
320 138
321 107
322 106
323 104
324 108
325 77
326 76
327 88
328 87
329 96
330 65
331 77
332 57
333 74
334 64
335 66
336 67
337 84
338 55
339 44
340 66
341 65
342 63
343 55
344 75
345 56
346 62
347 73
348 73
349 79
350 57
351 52
352 48
353 46
354 40
355 49
356 51
357 46
358 49
359 43
360 38
361 33
362 37
363 40
364 56
365 39
366 61
367 50
368 60
369 62
370 47
371 58
372 60
373 54
374 49
375 58
376 51
377 51
378 40
379 61
380 65
381 58
382 69
383 62
384 53
385 55
386 49
387 60
388 56
389 51
390 56
391 54
392 45
393 43
394 59
395 36
396 41
397 30
398 40
399 29
400 23
401 30
402 30
403 31
404 40
405 25
406 42
407 36
408 43
409 30
410 31
411 44
412 44
413 44
414 44
415 46
416 46
417 40
418 37
419 35
420 38
421 37
422 43
423 46
424 48
425 36
426 47
427 33
428 45
429 51
430 45
431 42
432 49
433 55
434 56
435 71
436 72
437 87
438 80
439 109
440 119
441 140
442 173
443 208
444 226
445 268
446 304
447 367
448 381
449 497
450 587
451 621
452 728
453 792
454 963
455 1076
456 1233
457 1289
458 1483
459 1692
460 1944
461 2174
462 2301
463 2532
464 2831
465 3087
466 3238
467 3627
468 4088
469 4497
470 4868
471 5377
472 5832
473 6363
474 7014
475 7528
476 7996
477 8892
478 9535
479 10046
480 11051
481 12054
482 12900
483 13623
484 14307
485 15387
486 16247
487 17529
488 18585
489 19370
490 20429
491 21474
492 22683
493 23827
494 24695
495 25910
496 27002
497 28157
498 29142
499 29944
500 31105
501 31825
502 32596
503 33796
504 34107
505 34792
506 35811
507 36134
508 36464
509 36843
510 37254
511 37805
512 38168
513 38566
514 38479
515 39150
516 38890
517 38935
518 38898
519 38494
520 38228
521 37863
522 37408
523 36703
524 36351
525 35779
526 34891
527 34010
528 33606
529 32662
530 31894
531 30894
532 29835
533 29118
534 27979
535 26978
536 26459
537 25250
538 24101
539 23191
540 22473
541 21153
542 20173
543 19101
544 18291
545 17114
546 16416
547 15293
548 14623
549 13748
550 12597
551 11784
552 11252
553 10563
554 9766
555 9060
556 8332
557 7704
558 7080
559 6828
560 6160
561 5623
562 5247
563 4664
564 4389
565 3917
566 3642
567 3252
568 2944
569 2757
570 2452
571 2208
572 2031
573 1895
574 1628
575 1510
576 1358
577 1219
578 1054
579 972
580 877
581 798
582 654
583 614
584 594
585 456
586 478
587 373
588 348
589 322
590 282
591 248
592 195
593 182
594 167
595 130
596 140
597 132
598 109
599 95
600 103
601 82
602 93
603 77
604 79
605 62
606 60
607 60
608 49
609 37
610 56
611 60
612 39
613 30
614 40
615 45
616 32
617 33
618 29
619 39
620 28
621 28
622 37
623 19
624 19
625 19
626 22
627 18
628 17
629 11
630 17
631 21
632 18
633 15
634 22
635 10
636 12
637 15
638 11
639 20
640 12
641 7
642 6
643 15
644 16
645 12
646 8
647 8
648 9
649 11
650 5
651 14
652 10
653 8
654 12
655 8
656 8
657 8
658 2
659 15
660 9
661 7
662 8
663 12
664 12
665 14
666 9
667 11
668 13
669 14
670 10
671 12
672 7
673 7
674 6
675 8
676 11
677 13
678 9
679 13
680 9
681 19
682 11
683 7
684 8
685 15
686 9
687 11
688 9
689 11
690 13
691 9
692 15
693 7
694 6
695 9
696 5
697 6
698 7
699 6
700 7
701 9
702 6
703 10
704 6
705 3
706 10
707 9
708 11
709 4
710 1
712 5
713 2
714 3
715 5
716 3
717 6
718 4
719 9
720 3
721 11
722 9
723 3
724 4
725 6
726 7
727 6
728 7
729 3
730 5
731 10
732 2
733 5
734 2
735 3
736 2
737 8
738 6
739 8
740 5
741 5
742 4
743 6
744 6
745 8
746 6
747 12
748 9
749 8
750 8
751 6
752 4
753 2
754 5
755 2
756 4
757 3
758 5
759 5
760 5
761 9
762 2
763 5
764 2
765 2
766 4
767 4
768 3
769 5
770 4
771 2
772 3
773 6
774 5
775 1
776 4
777 2
778 6
779 2
780 6
781 3
782 7
783 1
784 4
785 1
786 9
787 4
788 2
789 4
790 4
791 4
792 8
793 4
794 5
795 5
796 8
797 8
798 8
799 5
800 2
801 7
802 2
803 7
804 5
805 4
806 3
807 6
808 4
809 2
810 4
811 4
812 2
813 3
814 5
815 8
816 4
817 7
819 6
820 6
821 2
822 3
823 4
824 3
825 7
826 3
827 4
828 7
829 2
830 1
831 5
832 2
833 4
834 11
835 2
836 5
837 3
838 6
839 3
840 3
841 6
842 3
843 6
844 4
845 5
846 3
847 5
848 7
849 1
850 2
851 1
852 1
853 5
855 1
856 2
857 2
858 3
859 1
860 1
861 2
863 2
864 2
865 1
866 3
867 3
868 4
869 3
871 5
872 7
873 1
874 4
875 2
876 2
877 3
878 4
879 2
880 4
881 6
882 2
883 4
884 5
885 3
886 2
887 3
888 4
889 1
890 1
891 4
892 5
893 2
894 4
895 5
896 5
897 5
898 3
900 3
901 5
902 2
903 1
905 3
906 3
907 1
908 2
909 2
910 2
911 1
912 2
914 4
915 4
916 2
918 1
920 3
921 1
922 1
924 1
925 3
927 1
929 1
931 2
933 1
934 3
935 1
937 3
938 3
939 2
940 2
941 2
942 1
943 2
944 4
945 1
947 2
948 3
949 3
950 2
951 1
952 2
954 2
955 1
956 2
957 2
958 2
960 5
961 2
962 6
963 1
964 8
965 9
966 3
967 4
968 6
969 9
970 10
971 13
972 15
973 10
974 10
975 12
976 13
977 13
978 11
979 20
980 15
981 13
982 23
983 21
984 19
985 18
986 18
987 29
988 28
989 24
990 22
991 29
992 24
993 28
994 39
995 32
996 30
997 27
998 36
999 26
1000 23
1001 21
1002 29
1003 21
1004 19
1005 33
1006 28
1007 44
1008 25
1009 39
1010 31
1011 44
1012 41
1013 52
1014 43
1015 48
1016 59
1017 49
1018 54
1019 40
1020 68
1021 63
1022 56
1023 62
1024 55
1025 71
1026 73
1027 57
1028 63
1029 75
1030 72
1031 69
1032 61
1033 63
1034 78
1035 72
1036 80
1037 73
1038 79
1039 65
1040 76
1041 64
1042 85
1043 61
1044 75
1045 53
1046 67
1047 52
1048 65
1049 56
1050 58
1051 51
1052 60
1053 61
1054 61
1055 57
1056 59
1057 68
1058 54
1059 53
1060 55
1061 57
1062 59
1063 52
1064 51
1065 48
1066 45
1067 49
1068 39
1069 35
1070 43
1071 33
1072 30
1073 34
1074 35
1075 47
1076 33
1077 23
1078 29
1079 29
1080 25
1081 28
1082 25
1083 20
1084 24
1085 19
1086 10
1087 20
1088 17
1089 10
1090 21
1091 13
1092 15
1093 14
1094 11
1095 9
1096 7
1097 9
1098 10
1099 12
1100 12
1101 10
1102 10
1103 8
1104 8
1105 6
1106 11
1107 6
1108 3
1109 1
1110 2
1111 3
1112 6
1113 2
1114 7
1115 2
1116 5
1117 2
1118 3
1120 6
1121 4
1122 2
1123 1
1124 3
1125 2
1127 4
1129 2
1130 2
1131 1
1132 2
1133 1
1135 3
1136 1
1137 1
1142 1
1143 1
1146 2
1150 1
1151 1
1155 3
1156 1
1158 2
1159 1
1160 1
1161 1
1162 1
1163 3
1164 1
1165 1
1166 3
1167 1
1168 1
1169 1
1170 2
1171 3
1172 1
1173 2
1174 3
1176 3
1177 4
1178 4
1179 6
1180 2
1181 3
1183 1
1184 2
1185 1
1186 1
1187 1
1188 2
1191 1
1192 3
1194 2
1195 2
1196 3
1197 1
1198 3
1199 4
1201 4
1202 4
1203 1
1204 3
1205 4
1207 1
1208 1
1209 1
1210 1
1216 1
1221 1
1226 2
1227 3
1228 3
1230 4
1231 2
1232 3
1233 2
1234 1
1235 1
1236 3
1237 1
1240 6
1241 3
1242 1
1243 1
1245 1
1246 2
1247 1
1248 2
1249 4
1250 1
1251 4
1252 1
1253 3
1254 3
1255 3
1257 1
1258 2
1259 1
1260 2
1261 2
1262 1
1263 1
1264 1
1267 1
1268 1
1271 1
1272 3
1273 2
1274 2
1276 6
1277 1
1278 2
1279 2
1280 1
1281 1
1283 2
1285 2
1287 2
1288 4
1289 1
1290 4
1291 1
1292 3
1293 3
1294 1
1296 4
1297 1
1298 3
1299 2
1300 1
1301 4
1302 2
1303 1
1305 1
1308 2
1309 2
1310 1
1311 3
1313 3
1314 1
1316 3
1317 1
1318 1
1319 3
1320 2
1322 1
1323 2
1324 1
1326 1
1329 1
1330 1
1331 1
1332 1
1333 2
1334 1
1335 2
1336 1
1337 1
1338 1
1341 2
1342 1
1343 1
1348 1
1350 2
1351 1
1352 1
1354 2
1356 2
1357 2
1359 1
1361 1
1362 1
1364 2
1366 4
1368 1
1369 3
1370 1
1371 3
1372 1
1374 2
1375 1
1376 5
1377 3
1378 1
1379 2
1380 2
1382 4
1383 1
1384 2
1385 2
1387 1
1388 1
1389 2
1390 1
1391 2
1392 4
1393 2
1394 2
1396 2
1398 4
1399 1
1400 3
1402 3
1404 2
1405 3
1409 1
1410 2
1411 1
1418 1
1419 1
1422 1
1425 1
1427 1
1430 1
1432 1
1433 1
1436 1
1440 1
1442 1
1443 1
1446 1
1449 1
1451 1
1454 1
1455 1
1456 2
1457 1
1458 1
1459 2
1460 1
1461 1
1464 1
1468 1
1469 1
1471 1
1473 2
1475 2
1476 1
1477 1
1479 3
1480 1
1481 4
1483 1
1487 1
1488 1
1489 1
1491 1
1492 2
1493 2
1494 1
1496 2
1497 4
1498 1
1499 2
1500 4
1501 1
1502 2
1503 1
1504 3
1505 1
1506 4
1507 2
1508 9
1509 3
1510 2
1511 3
1512 1
1513 1
1514 5
1516 1
1517 4
1518 4
1519 2
1520 2
1521 3
1522 1
1524 1
1525 4
1527 3
1528 2
1529 2
1531 5
1532 3
1533 2
1534 2
1535 4
1537 2
1538 4
1539 5
1540 4
1541 2
1542 3
1543 2
1544 3
1545 3
1546 1
1547 1
1548 2
1549 3
1550 2
1551 2
1552 1
1553 3
1554 3
1555 5
1556 2
1557 1
1558 1
1559 4
1560 1
1561 2
1562 3
1565 2
1566 3
1567 1
1568 3
1569 1
1570 2
1571 1
1572 3
1574 2
1575 2
1576 4
1577 3
1579 3
1580 3
1581 2
1582 2
1583 1
1584 1
1585 4
1586 1
1588 1
1589 1
1590 1
1591 7
1593 3
1594 3
1595 2
1596 1
1597 3
1598 1
1601 2
1602 2
1603 1
1604 1
1605 2
1607 1
1609 2
1610 1
1611 1
1612 1
1613 1
1614 2
1616 2
1617 2
1618 1
1619 1
1621 1
1622 2
1626 1
1628 2
1629 1
1631 1
1633 1
1634 1
1635 2
1637 2
1639 1
1640 2
1641 1
1643 1
1644 2
1646 3
1647 1
1648 1
1649 1
1653 1
1656 2
1658 1
1659 3
1660 2
1661 2
1664 1
1665 1
1666 2
1667 2
1668 1
1670 2
1671 1
1672 2
1674 2
1676 1
1677 2
1678 1
1680 2
1681 1
1683 2
1684 1
1685 2
1687 1
1689 1
1691 1
1694 2
1695 1
1696 1
1697 2
1699 2
1700 3
1701 4
1702 5
1703 1
1704 2
1705 3
1706 1
1707 5
1708 1
1709 3
1710 4
1711 2
1712 2
1713 1
1715 3
1716 4
1718 1
1720 2
1721 5
1723 3
1724 2
1725 1
1726 1
1728 1
1730 2
1731 1
1732 1
1734 1
1736 3
1737 1
1740 1
1742 1
1744 2
1747 2
1750 1
1753 2
1754 1
1755 1
1758 1
1760 1
1761 4
1764 1
1765 1
1766 1
1767 1
1768 1
1769 1
1773 1
1775 1
1780 3
1782 1
1783 1
1940 1
1979 2
1980 1
1981 2
1982 1
1985 1
1986 1
1993 1
1996 2
1998 1
2002 1
2012 1
2013 1
2014 1
2015 1
2016 1
2017 2
2021 1
2022 2
2025 1
2027 2
2032 1
2035 1
2037 1
2042 1
2054 1
2062 1
2071 1
2073 1
2074 1
2077 1
2079 1
2082 1
2086 1
2087 1
2089 1
2090 1
2091 1
2092 1
2094 1
2098 1
2104 1
2110 2
2112 1
2115 1
2116 1
2117 1
2123 1
2125 1
2127 1
2128 4
2129 1
2130 2
2131 3
2132 1
2136 1
2137 3
2138 2
2139 2
2175 1
2369 2
2381 1
2460 1
2462 1
2465 1
2506 1
2519 1
2520 1
2561 1
2572 1
2620 1
2626 1
2627 1
2631 2
2633 1
2635 3
2638 1
2643 1
2644 1
2649 1
2708 1
2710 1
2711 1
2713 1
2718 1
2719 1
3002 1
3013 1
3014 1
3016 1
3017 1
3024 1
3027 1
3048 1
3049 1
3112 2
3126 1
3127 1
3129 1
3131 1
3133 2
3136 1
3137 1
3138 1
3141 1
3142 1
3143 1
3151 1
3153 4
3155 2
3156 2
3158 1
3161 1
3163 1
3164 1
3166 1
3173 1
3174 1
3684 1
3690 1
3694 1
3705 1
3708 1
4170 1
4174 1
4217 1
4713 1
4734 1
5301 1
5311 1
6425 1
6437 1
6443 1
6447 1
6452 1
6454 1
6463 2
6479 1
6497 1
