1 24550348
2 14378902
3 9186426
4 6771203
5 5569606
6 4820680
7 4209208
8 3595356
9 2975721
10 2378540
11 1841106
12 1393326
13 1035716
14 776227
15 596946
16 494323
17 451578
18 448941
19 474489
20 504501
21 532159
22 543860
23 540967
24 519083
25 479519
26 429053
27 368544
28 308464
29 252989
30 202773
31 160374
32 128097
33 105372
34 91217
35 84867
36 84121
37 88476
38 94164
39 100864
40 107229
41 112495
42 115619
43 117920
44 116709
45 113045
46 109460
47 102702
48 94819
49 84800
50 74885
51 65488
52 57520
53 50792
54 45118
55 40980
56 38901
57 39945
58 42506
59 47891
60 56067
61 66632
62 79608
63 95124
64 111743
65 130998
66 152318
67 174685
68 198813
69 220799
70 243406
71 265935
72 285207
73 302616
74 317692
75 330263
76 335754
77 341245
78 341472
79 338490
80 331182
81 320055
82 303302
83 287855
84 269902
85 250035
86 229030
87 207105
88 186399
89 165335
90 145550
91 126060
92 108495
93 92475
94 78002
95 65006
96 54332
97 44608
98 36913
99 30094
100 23952
101 19363
102 15355
103 12548
104 10414
105 8567
106 7127
107 6434
108 5781
109 5417
110 5273
111 5158
112 5359
113 5541
114 5787
115 6151
116 6471
117 6703
118 6907
119 7067
120 7254
121 7458
122 7505
123 7560
124 7550
125 7384
126 7460
127 7334
128 7198
129 7067
130 6765
131 6234
132 5817
133 5479
134 5168
135 4749
136 4372
137 3937
138 3676
139 3417
140 3222
141 2990
142 2658
143 2470
144 2188
145 2101
146 1949
147 1889
148 1766
149 1634
150 1536
151 1534
152 1421
153 1453
154 1511
155 1487
156 1462
157 1488
158 1525
159 1436
160 1482
161 1465
162 1364
163 1277
164 1219
165 1206
166 1202
167 1150
168 1112
169 1085
170 998
171 885
172 910
173 792
174 766
175 805
176 707
177 597
178 550
179 516
180 475
181 408
182 423
183 363
184 330
185 300
186 258
187 242
188 228
189 220
190 152
191 191
192 177
193 163
194 150
195 150
196 138
197 120
198 92
199 105
200 97
201 90
202 89
203 104
204 121
205 134
206 130
207 106
208 141
209 152
210 149
211 162
212 162
213 175
214 194
215 194
216 197
217 183
218 201
219 203
220 210
221 228
222 257
223 237
224 248
225 267
226 268
227 242
228 264
229 265
230 260
231 250
232 272
233 264
234 291
235 275
236 297
237 267
238 272
239 276
240 286
241 278
242 264
243 258
244 240
245 222
246 275
247 269
248 280
249 284
250 295
251 254
252 268
253 232
254 233
255 197
256 185
257 182
258 176
259 168
260 176
261 152
262 146
263 147
264 136
265 136
266 129
267 138
268 140
269 136
270 106
271 99
272 96
273 103
274 94
275 75
276 76
277 107
278 84
279 93
280 73
281 82
282 71
283 80
284 75
285 79
286 102
287 94
288 104
289 121
290 102
291 127
292 105
293 121
294 120
295 154
296 160
297 172
298 163
299 169
300 147
301 163
302 147
303 161
304 159
305 177
306 145
307 150
308 174
309 135
310 182
311 163
312 187
313 190
314 194
315 182
316 165
317 166
318 166
319 182
320 158
321 182
322 160
323 153
324 149
325 142
326 142
327 150
328 132
329 134
330 132
331 131
332 133
333 152
334 140
335 117
336 133
337 112
338 110
339 117
340 133
341 127
342 133
343 116
344 118
345 101
346 101
347 98
348 81
349 63
350 80
351 66
352 77
353 66
354 49
355 58
356 62
357 46
358 50
359 57
360 61
361 49
362 59
363 52
364 37
365 48
366 51
367 55
368 62
369 49
370 52
371 48
372 49
373 48
374 51
375 40
376 44
377 55
378 38
379 46
380 55
381 54
382 63
383 65
384 68
385 58
386 52
387 64
388 55
389 55
390 70
391 66
392 44
393 53
394 48
395 36
396 50
397 60
398 36
399 37
400 50
401 50
402 59
403 51
404 56
405 56
406 49
407 45
408 64
409 55
410 45
411 53
412 49
413 54
414 41
415 37
416 44
417 35
418 34
419 25
420 28
421 28
422 42
423 32
424 39
425 28
426 36
427 35
428 38
429 18
430 32
431 27
432 33
433 23
434 31
435 29
436 28
437 39
438 32
439 39
440 36
441 31
442 31
443 28
444 28
445 29
446 27
447 38
448 55
449 38
450 32
451 39
452 50
453 45
454 45
455 33
456 32
457 38
458 37
459 30
460 40
461 37
462 42
463 41
464 53
465 66
466 60
467 55
468 77
469 81
470 84
471 104
472 129
473 139
474 151
475 195
476 177
477 221
478 275
479 317
480 313
481 396
482 437
483 458
484 592
485 643
486 715
487 782
488 949
489 970
490 1148
491 1306
492 1429
493 1657
494 1723
495 2015
496 2208
497 2488
498 2718
499 2937
500 3259
501 3649
502 3847
503 4452
504 4819
505 5281
506 5731
507 6212
508 6862
509 7249
510 7944
511 8467
512 9229
513 9614
514 10470
515 11211
516 12002
517 12720
518 13592
519 14718
520 15348
521 16455
522 17127
523 18136
524 18849
525 19879
526 20765
527 22135
528 22842
529 23752
530 24857
531 25742
532 26740
533 27487
534 28953
535 29470
536 30467
537 31372
538 31954
539 33092
540 33432
541 34086
542 34768
543 35400
544 36254
545 36012
546 36894
547 37113
548 37733
549 37591
550 37974
551 38162
552 37768
553 37685
554 37397
555 37146
556 37005
557 36689
558 36256
559 35531
560 35081
561 34501
562 33706
563 33523
564 32393
565 31662
566 31306
567 30189
568 29236
569 28161
570 27448
571 26546
572 25327
573 24406
574 23469
575 22498
576 21760
577 20978
578 20062
579 18742
580 17958
581 17134
582 16174
583 15534
584 14657
585 13596
586 12987
587 12221
588 11353
589 10803
590 10056
591 9361
592 8573
593 8172
594 7673
595 7015
596 6493
597 6074
598 5411
599 5006
600 4673
601 4242
602 3956
603 3469
604 3145
605 2925
606 2596
607 2382
608 2139
609 1992
610 1706
611 1640
612 1458
613 1388
614 1188
615 1020
616 965
617 894
618 754
619 683
620 625
621 611
622 491
623 494
624 472
625 391
626 332
627 343
628 286
629 286
630 258
631 224
632 198
633 222
634 166
635 174
636 149
637 130
638 119
639 98
640 98
641 104
642 92
643 77
644 91
645 79
646 81
647 68
648 66
649 73
650 42
651 39
652 57
653 56
654 42
655 49
656 30
657 26
658 24
659 26
660 29
661 34
662 23
663 32
664 23
665 16
666 33
667 28
668 28
669 14
670 13
671 21
672 12
673 13
674 14
675 14
676 14
677 14
678 11
679 10
680 14
681 11
682 7
683 12
684 5
685 10
686 14
687 12
688 11
689 10
690 15
691 16
692 9
693 13
694 9
695 8
696 10
697 8
698 10
699 9
700 9
701 9
702 16
703 7
704 8
705 9
706 6
707 4
708 6
709 10
710 8
711 13
712 5
713 7
714 12
715 8
716 9
717 10
718 7
719 9
720 5
721 8
722 9
723 13
724 17
725 7
726 9
727 10
728 6
729 3
730 11
731 5
732 5
733 6
734 7
735 6
736 2
737 8
738 5
739 2
740 7
741 5
742 6
743 7
744 6
745 7
746 5
747 7
748 4
749 8
750 7
751 6
752 14
753 4
754 3
755 3
756 5
757 9
758 5
759 8
760 9
761 13
762 14
763 6
764 7
765 12
766 8
767 2
768 6
769 5
770 5
771 5
772 5
773 6
774 4
775 10
776 8
777 10
778 14
779 9
780 9
781 8
782 13
783 3
784 7
785 4
786 4
787 9
788 4
789 4
790 6
791 4
792 5
793 2
794 5
795 3
796 3
797 6
798 4
799 7
800 10
801 5
802 4
803 4
804 5
805 12
806 5
807 7
808 6
809 9
810 4
811 4
812 5
813 8
814 16
815 7
816 6
817 7
818 4
819 2
820 7
821 7
822 2
823 4
824 2
825 8
826 3
827 2
828 5
829 1
830 1
831 2
832 3
833 10
834 6
835 4
836 6
837 5
838 5
839 7
840 3
841 1
842 4
843 5
844 4
845 7
846 2
847 6
848 7
849 6
850 3
851 2
852 5
853 3
855 4
856 3
857 2
859 3
860 3
861 4
862 2
863 2
864 1
865 1
866 4
867 1
868 3
869 4
870 4
871 3
872 8
873 1
874 6
875 6
876 8
877 4
878 4
879 4
880 3
881 3
882 2
883 12
884 3
885 7
886 6
887 2
888 1
889 3
890 4
891 2
892 1
893 2
894 4
895 2
896 3
897 2
898 1
899 2
900 4
901 1
902 4
903 8
904 5
905 4
906 5
907 6
908 2
909 3
910 3
911 3
912 2
913 4
914 3
915 3
916 7
917 4
918 2
919 3
920 3
921 4
922 3
923 6
924 2
925 6
926 5
927 1
928 6
929 4
930 1
931 4
932 3
933 2
934 4
935 1
936 3
938 3
940 1
941 3
942 2
943 3
944 1
945 1
947 6
948 1
949 5
950 4
951 4
952 5
953 1
954 1
955 5
956 1
957 5
960 1
961 2
962 1
963 2
966 1
967 3
968 1
970 2
971 2
974 4
975 3
976 4
982 1
983 1
984 2
985 1
988 2
992 1
996 1
997 2
998 2
1001 1
1002 1
1003 1
1004 2
1005 1
1006 1
1010 1
1013 1
1014 1
1015 2
1016 2
1017 2
1019 2
1020 2
1022 2
1023 3
1024 3
1025 5
1026 7
1027 6
1028 8
1029 8
1030 7
1031 9
1032 4
1033 3
1034 14
1035 8
1036 7
1037 5
1038 11
1039 10
1040 11
1041 17
1042 12
1043 12
1044 22
1045 10
1046 22
1047 16
1048 19
1049 24
1050 16
1051 21
1052 23
1053 27
1054 19
1055 24
1056 21
1057 29
1058 27
1059 35
1060 26
1061 20
1062 27
1063 25
1064 30
1065 44
1066 36
1067 44
1068 41
1069 47
1070 50
1071 31
1072 47
1073 46
1074 39
1075 36
1076 41
1077 43
1078 58
1079 36
1080 45
1081 42
1082 57
1083 51
1084 52
1085 53
1086 39
1087 38
1088 42
1089 48
1090 40
1091 45
1092 51
1093 46
1094 42
1095 70
1096 50
1097 41
1098 65
1099 72
1100 62
1101 66
1102 61
1103 64
1104 68
1105 46
1106 65
1107 60
1108 56
1109 47
1110 65
1111 59
1112 62
1113 50
1114 57
1115 68
1116 56
1117 58
1118 49
1119 78
1120 62
1121 49
1122 55
1123 40
1124 42
1125 48
1126 57
1127 55
1128 44
1129 51
1130 45
1131 49
1132 58
1133 39
1134 38
1135 24
1136 41
1137 34
1138 42
1139 42
1140 38
1141 45
1142 47
1143 50
1144 33
1145 38
1146 34
1147 31
1148 26
1149 34
1150 25
1151 23
1152 34
1153 25
1154 21
1155 33
1156 18
1157 18
1158 17
1159 17
1160 25
1161 19
1162 11
1163 19
1164 13
1165 10
1166 8
1167 6
1168 3
1169 5
1170 10
1171 8
1172 3
1173 4
1174 4
1175 2
1176 3
1177 4
1178 5
1179 5
1180 4
1181 8
1182 10
1183 7
1184 6
1185 6
1186 5
1187 4
1188 11
1189 6
1190 7
1191 6
1192 4
1193 3
1194 4
1195 5
1196 4
1197 8
1198 2
1199 4
1200 4
1201 5
1202 1
1203 1
1204 2
1207 3
1209 4
1210 1
1212 1
1213 3
1216 3
1217 2
1219 2
1221 1
1227 3
1230 2
1231 1
1233 3
1234 2
1237 2
1239 1
1240 3
1241 3
1242 2
1243 1
1244 2
1245 1
1246 1
1248 4
1249 2
1250 1
1251 1
1253 2
1254 3
1255 2
1256 3
1258 1
1259 2
1260 1
1262 2
1263 1
1264 2
1265 2
1266 2
1267 1
1270 1
1271 2
1272 4
1273 3
1274 3
1275 3
1276 3
1277 2
1278 2
1279 3
1282 3
1283 1
1284 1
1287 2
1288 1
1290 1
1293 1
1296 2
1297 1
1298 1
1299 1
1301 1
1302 2
1303 1
1304 1
1305 2
1306 1
1307 3
1308 3
1309 4
1310 5
1312 4
1313 3
1314 4
1315 6
1316 3
1317 3
1318 3
1319 5
1320 1
1321 3
1322 1
1323 4
1324 2
1325 3
1326 1
1327 4
1328 2
1330 1
1331 2
1332 6
1333 4
1334 7
1336 5
1337 2
1338 5
1339 3
1340 1
1342 2
1343 3
1344 1
1345 1
1346 2
1347 1
1349 1
1350 1
1351 1
1352 1
1360 1
1368 1
1370 1
1372 2
1373 1
1374 1
1376 1
1377 1
1378 1
1379 2
1380 2
1383 1
1384 1
1385 2
1386 3
1388 1
1389 1
1390 1
1392 2
1393 1
1398 3
1403 1
1407 1
1408 3
1409 2
1410 1
1411 1
1412 2
1415 1
1416 1
1417 1
1418 2
1419 2
1421 1
1422 1
1423 3
1424 1
1425 1
1426 2
1427 4
1428 1
1430 1
1433 1
1434 3
1435 4
1436 1
1437 2
1438 2
1440 3
1441 1
1442 3
1443 2
1444 1
1445 1
1447 1
1448 1
1450 1
1451 3
1452 1
1454 1
1455 1
1456 1
1463 1
1465 2
1466 4
1467 1
1468 2
1470 3
1472 1
1475 1
1476 2
1478 3
1482 3
1483 2
1484 1
1485 4
1488 1
1489 1
1492 1
1493 2
1494 3
1499 1
1501 1
1504 1
1505 2
1506 1
1507 2
1512 1
1517 1
1523 1
1525 2
1526 2
1529 1
1532 2
1534 1
1537 1
1539 1
1546 3
1547 3
1548 2
1550 1
1552 2
1553 1
1554 2
1559 1
1561 1
1562 1
1563 1
1565 1
1568 2
1572 2
1574 1
1576 1
1579 2
1580 2
1581 1
1584 1
1585 1
1586 1
1588 1
1589 1
1590 1
1591 1
1592 2
1593 2
1597 1
1602 2
1604 1
1605 1
1606 1
1609 1
1611 1
1614 1
1615 1
1616 1
1617 3
1618 1
1620 1
1621 1
1622 4
1623 3
1624 2
1625 3
1626 4
1627 1
1628 3
1629 1
1630 1
1631 4
1632 3
1633 5
1634 2
1635 5
1636 2
1637 3
1638 1
1640 3
1641 3
1642 5
1643 5
1645 1
1646 1
1647 2
1648 3
1649 2
1650 2
1651 6
1652 4
1653 4
1654 4
1655 8
1656 1
1657 1
1658 3
1659 4
1660 7
1661 4
1662 7
1663 8
1664 2
1665 3
1666 3
1667 2
1668 6
1669 1
1670 4
1671 3
1672 3
1673 2
1674 2
1675 1
1676 4
1677 2
1678 7
1679 3
1680 3
1681 2
1682 4
1683 7
1684 1
1686 9
1687 2
1688 4
1689 3
1690 4
1691 3
1693 1
1695 2
1696 1
1698 1
1700 2
1702 1
1703 3
1706 2
1707 1
1708 2
1709 2
1711 1
1712 2
1713 3
1716 2
1717 4
1718 1
1719 4
1720 1
1721 2
1722 3
1723 2
1724 2
1725 3
1726 1
1727 2
1729 2
1730 2
1731 1
1732 2
1733 1
1736 2
1740 3
1742 1
1743 1
1744 1
1745 1
1755 1
1757 1
1758 1
1759 1
1761 1
1762 2
1763 1
1766 1
1768 1
1770 1
1771 1
1772 2
1774 2
1775 1
1785 1
1787 1
1792 2
1793 1
1796 1
1797 1
1798 1
1817 1
1818 1
1819 1
1820 1
1822 1
1842 1
1845 2
1846 1
1848 1
1849 1
1850 2
1851 1
1852 1
1854 1
1855 2
1856 2
1857 2
1858 5
1859 3
1861 2
1862 2
1863 4
1864 2
1865 3
1866 5
1867 4
1868 2
1869 4
1870 3
1871 4
1872 3
1873 1
1875 3
1876 1
1877 2
1878 1
1879 1
1881 1
1882 6
1883 3
1884 1
1885 2
1886 1
1887 2
1889 1
1890 2
1891 1
1895 4
1897 1
1903 1
1904 2
1906 1
1909 1
1910 1
1911 1
1912 1
1913 2
1930 1
1933 2
1944 1
1945 1
1950 1
1951 1
2054 1
2153 1
2154 2
2158 1
2160 1
2161 1
2162 1
2168 1
2170 1
2171 1
2175 2
2178 1
2180 1
2182 1
2183 1
2184 2
2187 2
2188 1
2189 2
2190 1
2191 1
2193 2
2196 1
2197 1
2199 1
2201 1
2205 1
2207 2
2221 1
2223 1
2227 2
2230 1
2236 1
2238 1
2241 3
2243 1
2248 1
2250 2
2251 1
2254 1
2256 2
2257 1
2259 2
2261 1
2262 2
2263 1
2268 2
2269 1
2270 1
2274 1
2278 1
2284 2
2289 1
2291 1
2292 1
2294 1
2295 1
2299 1
2301 1
2304 1
2312 1
2318 2
2320 1
2375 1
2387 1
2392 1
2739 1
2748 1
2752 1
2762 1
2791 1
2795 1
2796 2
2798 2
2801 1
2805 1
2812 1
2814 1
2822 1
2847 1
2861 2
2876 1
2877 1
2878 2
2879 1
2887 1
3283 1
3287 1
3296 1
3298 1
3301 1
3305 2
3310 3
3311 2
3312 2
3316 2
3318 1
3322 1
3324 1
3326 2
3330 1
3339 1
3346 1
3364 1
3374 1
3381 1
3391 1
3529 2
3540 1
3541 1
3549 1
3551 1
3557 1
3560 1
3568 1
3577 1
3585 1
3788 1
3907 1
3913 1
3917 1
3923 1
4456 1
4498 1
4499 1
5074 1
5079 1
5540 1
5554 1
6813 1
6820 1
6831 2
6833 1
6836 1
6837 1
6838 1
6848 1
6857 1
