1 18531507
2 8983320
3 5444238
4 3072743
5 1533123
6 679951
7 275809
8 103614
9 39530
10 16933
11 8553
12 5113
13 3485
14 2823
15 2225
16 1507
17 1289
18 1002
19 781
20 719
21 664
22 462
23 329
24 292
25 256
26 230
27 169
28 151
29 157
30 153
31 141
32 153
33 149
34 120
35 97
36 105
37 103
38 74
39 85
40 75
41 92
42 81
43 77
44 69
45 34
46 35
47 22
48 20
49 17
50 11
51 31
52 14
53 12
54 12
55 3
56 6
57 6
58 11
59 3
60 1
61 9
62 4
63 4
64 1
65 3
66 1
68 1
70 3
71 2
72 3
73 4
74 3
76 1
77 1
78 4
79 6
80 6
81 4
82 1
83 3
84 3
85 7
86 3
87 3
88 1
89 2
90 4
91 4
92 2
93 3
94 2
96 5
98 1
99 1
100 2
101 3
102 1
103 1
104 2
105 1
118 1
121 1
122 1
123 1
124 1
125 4
126 7
127 1
128 1
130 1
159 1
169 1
180 1
191 1
197 1
213 1
238 2
239 1
241 2
243 3
244 3
