1 22251326
2 9861943
3 4838133
4 2623793
5 1762194
6 1368619
7 1082917
8 881725
9 751101
10 708842
11 737954
12 809585
13 896445
14 968204
15 1010973
16 1029986
17 1015750
18 990499
19 944802
20 902068
21 857070
22 816151
23 776383
24 738339
25 698621
26 653440
27 606048
28 554044
29 498717
30 446416
31 392405
32 344705
33 302499
34 269277
35 244105
36 224615
37 210649
38 201275
39 195890
40 193575
41 191547
42 192126
43 191575
44 192743
45 194733
46 196456
47 198339
48 201307
49 204645
50 207367
51 210931
52 215801
53 217270
54 219295
55 220187
56 218938
57 216854
58 215000
59 213369
60 210662
61 207998
62 208104
63 205926
64 204454
65 206042
66 206693
67 207205
68 207861
69 207437
70 204413
71 200608
72 195640
73 190021
74 180672
75 172229
76 162187
77 150696
78 138498
79 125067
80 112825
81 99766
82 88277
83 76388
84 65051
85 55335
86 46774
87 38794
88 32100
89 25921
90 20943
91 16703
92 13511
93 10535
94 8292
95 6652
96 5386
97 4215
98 3474
99 2809
100 2341
101 2086
102 1885
103 1662
104 1559
105 1467
106 1592
107 1484
108 1480
109 1354
110 1312
111 1265
112 1158
113 1186
114 1092
115 1042
116 1030
117 997
118 1008
119 940
120 938
121 832
122 859
123 796
124 700
125 756
126 678
127 677
128 696
129 652
130 609
131 601
132 660
133 614
134 625
135 602
136 568
137 528
138 618
139 580
140 642
141 656
142 650
143 574
144 652
145 606
146 641
147 575
148 606
149 576
150 617
151 672
152 636
153 647
154 573
155 619
156 579
157 555
158 521
159 474
160 483
161 490
162 467
163 442
164 454
165 444
166 416
167 409
168 367
169 384
170 291
171 362
172 351
173 286
174 237
175 237
176 199
177 205
178 181
179 180
180 166
181 151
182 159
183 143
184 131
185 154
186 166
187 138
188 164
189 165
190 170
191 148
192 161
193 190
194 187
195 182
196 178
197 161
198 205
199 185
200 194
201 181
202 212
203 236
204 228
205 215
206 211
207 202
208 222
209 207
210 220
211 217
212 243
213 257
214 260
215 254
216 221
217 228
218 238
219 253
220 205
221 209
222 194
223 246
224 217
225 242
226 230
227 253
228 273
229 277
230 267
231 240
232 262
233 262
234 279
235 254
236 255
237 236
238 220
239 189
240 213
241 206
242 199
243 150
244 166
245 145
246 162
247 143
248 127
249 119
250 118
251 100
252 86
253 89
254 67
255 59
256 64
257 52
258 59
259 75
260 70
261 85
262 82
263 92
264 110
265 84
266 85
267 88
268 71
269 66
270 83
271 68
272 68
273 64
274 56
275 58
276 55
277 69
278 56
279 74
280 72
281 60
282 66
283 38
284 52
285 54
286 56
287 59
288 67
289 56
290 59
291 61
292 71
293 48
294 43
295 52
296 46
297 40
298 29
299 32
300 27
301 30
302 31
303 30
304 25
305 35
306 34
307 28
308 40
309 42
310 48
311 41
312 48
313 50
314 54
315 64
316 71
317 82
318 78
319 117
320 126
321 173
322 204
323 241
324 288
325 323
326 412
327 455
328 512
329 595
330 713
331 815
332 884
333 1078
334 1206
335 1405
336 1563
337 1864
338 1992
339 2402
340 2698
341 3037
342 3478
343 3911
344 4431
345 4946
346 5453
347 6348
348 6906
349 7913
350 8592
351 9482
352 10444
353 11589
354 12555
355 13722
356 14865
357 16079
358 17605
359 18789
360 20089
361 21667
362 23086
363 24673
364 26158
365 27771
366 29663
367 31178
368 32745
369 34593
370 36246
371 37670
372 39826
373 41193
374 43241
375 44823
376 46588
377 48266
378 50433
379 52371
380 53265
381 55695
382 57131
383 58493
384 59868
385 61384
386 62622
387 64110
388 65641
389 66978
390 67931
391 69094
392 69989
393 71698
394 71932
395 73279
396 74457
397 75112
398 76052
399 77540
400 77948
401 78880
402 79846
403 80385
404 80961
405 81776
406 82431
407 83133
408 82632
409 83772
410 83006
411 83604
412 83400
413 83183
414 83321
415 82501
416 81752
417 81598
418 80323
419 79973
420 78808
421 77911
422 76463
423 75441
424 74129
425 72796
426 71337
427 69418
428 67986
429 65938
430 64101
431 62634
432 60591
433 58190
434 56181
435 54099
436 52016
437 50076
438 47131
439 45677
440 42892
441 41396
442 39529
443 37102
444 35090
445 32973
446 31083
447 28887
448 26925
449 24980
450 23467
451 21866
452 20104
453 18893
454 17229
455 15902
456 14655
457 13270
458 12488
459 11111
460 10106
461 9346
462 8447
463 7834
464 7041
465 6350
466 5868
467 5363
468 4834
469 4346
470 3878
471 3549
472 3119
473 2716
474 2413
475 2176
476 1989
477 1640
478 1491
479 1279
480 1198
481 970
482 910
483 729
484 750
485 635
486 574
487 459
488 445
489 394
490 302
491 277
492 215
493 173
494 169
495 173
496 151
497 133
498 139
499 94
500 93
501 71
502 74
503 77
504 76
505 88
506 52
507 60
508 62
509 52
510 53
511 52
512 37
513 43
514 49
515 46
516 46
517 25
518 42
519 33
520 41
521 48
522 59
523 54
524 54
525 41
526 66
527 48
528 40
529 37
530 32
531 48
532 46
533 27
534 31
535 31
536 32
537 32
538 27
539 38
540 30
541 26
542 33
543 35
544 26
545 30
546 23
547 17
548 27
549 14
550 27
551 33
552 40
553 29
554 39
555 37
556 42
557 42
558 42
559 35
560 35
561 36
562 44
563 35
564 36
565 39
566 29
567 24
568 32
569 33
570 33
571 27
572 42
573 28
574 40
575 36
576 34
577 44
578 36
579 22
580 28
581 16
582 30
583 26
584 18
585 20
586 19
587 18
588 16
589 24
590 17
591 13
592 15
593 18
594 17
595 10
596 25
597 11
598 17
599 12
600 16
601 14
602 12
603 17
604 13
605 3
606 11
607 18
608 14
609 11
610 19
611 14
612 11
613 10
614 10
615 15
616 11
617 14
618 13
619 11
620 7
621 11
622 9
623 11
624 13
625 16
626 4
627 11
628 13
629 14
630 13
631 16
632 21
633 10
634 9
635 11
636 20
637 8
638 13
639 12
640 14
641 12
642 8
643 10
644 8
645 8
646 11
647 10
648 7
649 8
650 11
651 9
652 17
653 14
654 13
655 18
656 12
657 14
658 12
659 12
660 15
661 12
662 6
663 5
664 8
665 5
666 7
667 6
668 5
669 3
670 7
671 6
672 6
673 9
674 4
675 6
676 4
677 2
678 3
679 5
680 3
681 3
682 5
683 1
684 4
685 2
686 7
687 6
688 10
689 6
690 3
691 4
692 11
693 7
694 6
695 11
696 6
697 10
698 12
699 14
700 17
701 15
702 15
703 12
704 15
705 13
706 18
707 20
708 21
709 21
710 15
711 15
712 29
713 24
714 33
715 26
716 31
717 25
718 43
719 27
720 33
721 38
722 33
723 46
724 61
725 51
726 58
727 42
728 67
729 59
730 71
731 72
732 66
733 79
734 93
735 69
736 99
737 105
738 121
739 123
740 116
741 131
742 120
743 117
744 114
745 132
746 150
747 145
748 155
749 120
750 148
751 173
752 163
753 202
754 183
755 203
756 219
757 233
758 232
759 224
760 236
761 240
762 253
763 259
764 262
765 239
766 251
767 258
768 260
769 264
770 267
771 274
772 220
773 259
774 249
775 254
776 220
777 250
778 218
779 262
780 236
781 240
782 235
783 241
784 237
785 257
786 220
787 236
788 251
789 230
790 213
791 230
792 238
793 234
794 226
795 207
796 263
797 219
798 233
799 250
800 235
801 235
802 227
803 233
804 217
805 236
806 243
807 230
808 228
809 215
810 213
811 222
812 265
813 224
814 243
815 226
816 253
817 239
818 228
819 229
820 216
821 213
822 215
823 227
824 230
825 258
826 223
827 253
828 226
829 224
830 218
831 224
832 246
833 231
834 239
835 224
836 234
837 202
838 215
839 216
840 220
841 260
842 210
843 207
844 245
845 244
846 235
847 248
848 233
849 261
850 233
851 210
852 233
853 231
854 258
855 209
856 229
857 240
858 213
859 225
860 213
861 199
862 198
863 190
864 178
865 187
866 199
867 190
868 163
869 139
870 164
871 141
872 124
873 148
874 124
875 122
876 105
877 106
878 103
879 75
880 87
881 98
882 63
883 77
884 82
885 60
886 62
887 69
888 69
889 66
890 56
891 41
892 49
893 45
894 54
895 50
896 58
897 43
898 50
899 46
900 46
901 37
902 36
903 32
904 30
905 38
906 30
907 30
908 32
909 29
910 28
911 26
912 24
913 31
914 19
915 22
916 17
917 15
918 21
919 11
920 23
921 11
922 11
923 11
924 9
925 7
926 7
927 12
928 19
929 14
930 12
931 11
932 14
933 8
934 14
935 7
936 10
937 6
938 6
939 8
940 6
941 10
942 11
943 1
944 4
945 10
946 8
947 5
948 12
949 6
950 2
951 10
952 8
953 7
954 7
955 5
956 7
957 7
958 5
959 8
960 7
961 7
962 7
963 9
964 9
965 9
966 8
967 16
968 14
969 11
970 16
971 4
972 11
973 9
974 9
975 19
976 11
977 13
978 9
979 11
980 9
981 6
982 11
983 8
984 10
985 8
986 4
987 6
988 16
989 8
990 3
991 12
992 10
993 8
994 3
995 9
996 5
997 7
998 6
999 9
1000 2
1001 4
1002 6
1003 4
1004 5
1005 12
1006 4
1007 9
1008 10
1009 6
1010 2
1011 18
1012 12
1013 8
1014 12
1015 14
1016 10
1017 10
1018 6
1019 8
1020 8
1021 5
1022 7
1023 9
1024 9
1025 10
1026 5
1027 5
1028 2
1029 5
1030 5
1031 8
1032 6
1033 3
1034 4
1035 8
1036 8
1037 2
1038 2
1039 1
1040 4
1041 6
1042 3
1043 2
1044 3
1045 3
1046 2
1047 2
1048 4
1049 3
1050 9
1051 10
1052 2
1053 7
1054 4
1055 7
1056 7
1057 9
1058 9
1059 8
1060 5
1061 8
1062 5
1063 6
1064 7
1065 7
1066 7
1067 5
1069 4
1070 6
1071 5
1072 9
1073 13
1074 7
1075 9
1076 12
1077 7
1078 11
1079 8
1080 9
1081 7
1082 15
1083 15
1084 6
1085 16
1086 15
1087 15
1088 20
1089 18
1090 19
1091 19
1092 9
1093 20
1094 25
1095 18
1096 27
1097 19
1098 25
1099 34
1100 33
1101 32
1102 45
1103 43
1104 31
1105 35
1106 42
1107 40
1108 49
1109 46
1110 50
1111 40
1112 54
1113 51
1114 48
1115 62
1116 64
1117 61
1118 79
1119 55
1120 59
1121 51
1122 75
1123 62
1124 68
1125 68
1126 64
1127 79
1128 83
1129 78
1130 89
1131 91
1132 81
1133 90
1134 84
1135 102
1136 98
1137 110
1138 101
1139 100
1140 106
1141 119
1142 107
1143 88
1144 124
1145 107
1146 136
1147 137
1148 112
1149 129
1150 127
1151 126
1152 156
1153 148
1154 128
1155 159
1156 136
1157 142
1158 149
1159 126
1160 143
1161 141
1162 137
1163 135
1164 125
1165 128
1166 135
1167 142
1168 134
1169 144
1170 127
1171 105
1172 119
1173 109
1174 127
1175 105
1176 109
1177 131
1178 102
1179 94
1180 100
1181 105
1182 97
1183 85
1184 74
1185 97
1186 84
1187 79
1188 81
1189 79
1190 72
1191 66
1192 77
1193 71
1194 70
1195 55
1196 57
1197 58
1198 54
1199 58
1200 62
1201 48
1202 54
1203 47
1204 48
1205 53
1206 55
1207 43
1208 57
1209 56
1210 53
1211 44
1212 44
1213 44
1214 42
1215 40
1216 49
1217 41
1218 39
1219 37
1220 39
1221 43
1222 31
1223 37
1224 28
1225 33
1226 33
1227 35
1228 34
1229 39
1230 22
1231 25
1232 20
1233 28
1234 26
1235 24
1236 28
1237 32
1238 18
1239 18
1240 19
1241 21
1242 25
1243 25
1244 16
1245 19
1246 26
1247 24
1248 17
1249 18
1250 16
1251 17
1252 23
1253 15
1254 21
1255 22
1256 23
1257 16
1258 21
1259 21
1260 23
1261 23
1262 14
1263 21
1264 22
1265 22
1266 21
1267 23
1268 24
1269 19
1270 26
1271 20
1272 21
1273 21
1274 22
1275 21
1276 25
1277 21
1278 17
1279 17
1280 18
1281 18
1282 13
1283 21
1284 19
1285 20
1286 17
1287 11
1288 15
1289 12
1290 11
1291 11
1292 13
1293 13
1294 13
1295 18
1296 11
1297 14
1298 20
1299 12
1300 15
1301 12
1302 14
1303 19
1304 15
1305 24
1306 17
1307 16
1308 18
1309 23
1310 21
1311 20
1312 24
1313 17
1314 17
1315 19
1316 12
1317 13
1318 16
1319 14
1320 8
1321 16
1322 12
1323 11
1324 15
1325 10
1326 13
1327 16
1328 12
1329 19
1330 10
1331 10
1332 7
1333 10
1334 7
1335 7
1336 8
1337 8
1338 6
1339 12
1340 8
1341 9
1342 7
1343 11
1344 9
1345 7
1346 5
1347 9
1348 7
1349 12
1350 10
1351 7
1352 8
1353 11
1354 6
1355 7
1356 6
1357 5
1358 7
1359 8
1360 7
1361 10
1362 5
1363 5
1364 6
1365 5
1366 2
1367 7
1368 10
1369 7
1370 12
1371 8
1372 5
1373 9
1374 4
1375 4
1376 8
1377 13
1378 4
1379 8
1380 7
1381 4
1382 2
1383 6
1384 10
1385 6
1386 2
1387 3
1388 6
1389 2
1391 9
1392 8
1393 8
1394 5
1395 5
1396 1
1397 8
1398 7
1399 7
1400 4
1401 9
1402 4
1403 3
1404 7
1405 4
1406 5
1407 3
1408 3
1409 1
1410 1
1411 4
1412 2
1413 2
1414 1
1415 4
1416 1
1417 3
1418 5
1419 5
1420 1
1421 4
1422 5
1423 7
1424 4
1425 3
1426 3
1428 3
1429 1
1432 3
1434 1
1435 1
1436 2
1438 4
1439 3
1440 1
1442 2
1443 3
1445 2
1446 2
1447 3
1448 3
1449 1
1450 1
1452 1
1454 1
1455 1
1457 4
1458 1
1459 4
1460 2
1461 1
1462 3
1463 1
1464 4
1465 3
1466 4
1467 2
1468 3
1469 5
1470 4
1471 7
1472 2
1473 8
1474 6
1475 4
1476 8
1477 2
1478 8
1479 3
1480 3
1481 3
1482 3
1483 3
1484 5
1485 9
1486 7
1487 9
1488 7
1489 8
1490 9
1491 12
1492 13
1493 16
1494 16
1495 11
1496 12
1497 10
1498 18
1499 14
1500 15
1501 15
1502 22
1503 13
1504 14
1505 17
1506 17
1507 22
1508 23
1509 19
1510 30
1511 17
1512 25
1513 21
1514 15
1515 20
1516 22
1517 20
1518 26
1519 26
1520 22
1521 31
1522 35
1523 33
1524 29
1525 28
1526 28
1527 27
1528 23
1529 26
1530 33
1531 18
1532 25
1533 26
1534 19
1535 21
1536 21
1537 27
1538 30
1539 28
1540 34
1541 33
1542 23
1543 25
1544 31
1545 47
1546 26
1547 38
1548 24
1549 38
1550 37
1551 30
1552 29
1553 31
1554 31
1555 23
1556 26
1557 27
1558 19
1559 40
1560 19
1561 34
1562 38
1563 25
1564 38
1565 28
1566 47
1567 32
1568 34
1569 34
1570 34
1571 29
1572 42
1573 32
1574 36
1575 28
1576 22
1577 31
1578 23
1579 29
1580 21
1581 21
1582 30
1583 29
1584 24
1585 33
1586 39
1587 29
1588 30
1589 33
1590 22
1591 36
1592 33
1593 28
1594 23
1595 36
1596 20
1597 28
1598 29
1599 32
1600 25
1601 29
1602 20
1603 23
1604 20
1605 26
1606 21
1607 16
1608 18
1609 15
1610 25
1611 19
1612 30
1613 19
1614 23
1615 18
1616 19
1617 16
1618 18
1619 25
1620 17
1621 17
1622 19
1623 18
1624 23
1625 16
1626 22
1627 13
1628 28
1629 27
1630 22
1631 36
1632 23
1633 22
1634 19
1635 25
1636 21
1637 29
1638 30
1639 24
1640 27
1641 24
1642 28
1643 29
1644 23
1645 31
1646 33
1647 20
1648 23
1649 34
1650 24
1651 26
1652 27
1653 28
1654 25
1655 26
1656 31
1657 29
1658 24
1659 30
1660 24
1661 28
1662 27
1663 34
1664 36
1665 27
1666 27
1667 26
1668 33
1669 26
1670 25
1671 26
1672 22
1673 22
1674 31
1675 24
1676 25
1677 21
1678 30
1679 13
1680 21
1681 21
1682 26
1683 19
1684 19
1685 25
1686 28
1687 24
1688 20
1689 27
1690 26
1691 18
1692 33
1693 29
1694 31
1695 31
1696 31
1697 24
1698 28
1699 21
1700 29
1701 23
1702 26
1703 16
1704 22
1705 26
1706 19
1707 22
1708 18
1709 21
1710 18
1711 18
1712 20
1713 12
1714 18
1715 19
1716 18
1717 15
1718 21
1719 19
1720 17
1721 14
1722 16
1723 17
1724 12
1725 17
1726 12
1727 16
1728 15
1729 18
1730 19
1731 17
1732 16
1733 8
1734 15
1735 11
1736 13
1737 8
1738 6
1739 10
1740 9
1741 10
1742 10
1743 6
1744 7
1745 6
1746 9
1747 5
1748 6
1749 4
1750 9
1751 2
1752 6
1753 3
1754 3
1755 5
1756 3
1757 7
1758 6
1759 7
1760 6
1761 5
1762 6
1763 7
1764 3
1765 10
1766 7
1767 4
1768 4
1769 3
1770 2
1771 5
1772 4
1773 3
1774 4
1775 2
1776 2
1777 1
1779 5
1780 1
1781 1
1782 4
1783 6
1784 2
1785 3
1786 2
1790 3
1791 1
1793 1
1794 1
1798 1
1801 2
1802 1
1804 1
1805 1
1807 2
1808 1
1810 2
1812 1
1813 2
1814 3
1816 2
1818 1
1822 1
1823 1
1824 2
1826 2
1827 1
1828 4
1829 2
1830 2
1831 3
1832 4
1833 3
1834 4
1835 3
1836 4
1837 2
1838 9
1839 2
1840 7
1841 6
1842 6
1843 9
1844 4
1845 8
1846 7
1847 11
1848 8
1849 9
1850 11
1851 11
1852 10
1853 8
1854 15
1855 5
1856 12
1857 14
1858 11
1859 12
1860 9
1861 13
1862 9
1863 11
1864 9
1865 14
1866 17
1867 13
1868 19
1869 17
1870 14
1871 15
1872 15
1873 21
1874 16
1875 14
1876 10
1877 13
1878 11
1879 11
1880 15
1881 9
1882 18
1883 9
1884 9
1885 13
1886 14
1887 8
1888 13
1889 7
1890 7
1891 12
1892 4
1893 5
1894 8
1895 13
1896 13
1897 17
1898 5
1899 10
1900 17
1901 10
1902 13
1903 9
1904 11
1905 20
1906 19
1907 19
1908 21
1909 16
1910 20
1911 17
1912 20
1913 15
1914 27
1915 23
1916 22
1917 24
1918 16
1919 23
1920 20
1921 14
1922 22
1923 18
1924 22
1925 14
1926 15
1927 12
1928 18
1929 15
1930 22
1931 15
1932 15
1933 16
1934 14
1935 17
1936 18
1937 19
1938 23
1939 16
1940 8
1941 17
1942 17
1943 13
1944 10
1945 16
1946 18
1947 12
1948 18
1949 16
1950 14
1951 18
1952 14
1953 17
1954 11
1955 10
1956 13
1957 17
1958 11
1959 14
1960 18
1961 17
1962 14
1963 14
1964 14
1965 8
1966 14
1967 10
1968 13
1969 12
1970 18
1971 7
1972 15
1973 9
1974 7
1975 17
1976 3
1977 8
1978 11
1979 6
1980 5
1981 9
1982 7
1983 5
1984 7
1985 4
1986 10
1987 2
1988 8
1989 6
1990 6
1991 3
1992 6
1993 5
1994 6
1995 9
1996 6
1997 8
1998 14
1999 8
2000 14
2001 12
2002 6
2003 4
2004 8
2005 10
2006 6
2007 4
2008 4
2009 10
2010 5
2011 7
2012 6
2013 1
2014 4
2015 1
2016 5
2017 5
2018 5
2019 5
2020 2
2021 4
2022 6
2023 9
2024 3
2025 3
2026 7
2027 10
2028 5
2029 8
2030 5
2031 11
2032 8
2033 13
2034 11
2035 11
2036 13
2037 10
2038 4
2039 6
2040 8
2041 9
2042 13
2043 5
2044 6
2045 3
2046 4
2047 2
2048 7
2049 8
2050 7
2051 6
2052 6
2053 6
2054 2
2055 7
2056 5
2057 7
2058 5
2059 6
2060 8
2061 4
2062 9
2063 6
2064 14
2065 13
2066 8
2067 8
2068 3
2069 6
2070 13
2071 9
2072 2
2073 7
2074 4
2075 9
2076 8
2077 7
2078 2
2079 7
2080 6
2081 4
2082 10
2083 11
2084 6
2085 7
2086 3
2087 13
2088 9
2089 14
2090 6
2091 9
2092 4
2093 4
2094 11
2095 8
2096 8
2097 9
2098 8
2099 11
2100 16
2101 15
2102 9
2103 18
2104 7
2105 11
2106 11
2107 15
2108 17
2109 15
2110 13
2111 18
2112 17
2113 23
2114 12
2115 6
2116 13
2117 17
2118 11
2119 11
2120 11
2121 13
2122 21
2123 11
2124 11
2125 9
2126 9
2127 14
2128 9
2129 13
2130 12
2131 7
2132 5
2133 8
2134 6
2135 11
2136 10
2137 9
2138 9
2139 4
2140 12
2141 9
2142 11
2143 11
2144 6
2145 11
2146 8
2147 12
2148 9
2149 11
2150 12
2151 7
2152 3
2153 10
2154 5
2155 8
2156 11
2157 9
2158 11
2159 6
2160 10
2161 7
2162 6
2163 8
2164 4
2165 2
2166 6
2167 7
2168 4
2169 4
2170 6
2171 5
2172 3
2173 2
2174 6
2175 4
2176 8
2177 5
2178 5
2179 3
2180 5
2181 7
2182 9
2183 10
2184 1
2185 4
2186 7
2187 7
2188 8
2189 3
2190 5
2191 4
2192 5
2193 7
2194 2
2195 1
2196 11
2197 4
2198 8
2199 1
2200 6
2201 4
2202 5
2203 5
2204 3
2205 8
2206 2
2207 3
2208 2
2209 6
2210 2
2211 2
2212 4
2213 1
2214 4
2215 5
2216 2
2217 3
2218 2
2219 3
2220 4
2221 4
2222 4
2223 4
2224 1
2225 1
2226 2
2227 5
2228 4
2229 4
2230 4
2231 4
2232 4
2233 2
2234 2
2235 3
2236 2
2237 7
2239 4
2241 6
2242 3
2243 7
2244 4
2245 5
2246 6
2247 4
2248 7
2249 3
2250 5
2251 7
2252 8
2253 3
2254 6
2255 4
2256 7
2257 10
2258 9
2259 3
2260 6
2261 6
2262 10
2263 2
2264 6
2265 10
2266 9
2267 11
2268 10
2269 11
2270 7
2271 9
2272 9
2273 16
2274 9
2275 11
2276 9
2277 11
2278 11
2279 11
2280 10
2281 13
2282 12
2283 17
2284 15
2285 16
2286 14
2287 12
2288 16
2289 20
2290 12
2291 10
2292 14
2293 14
2294 11
2295 14
2296 11
2297 19
2298 18
2299 12
2300 16
2301 18
2302 15
2303 16
2304 19
2305 16
2306 20
2307 20
2308 13
2309 12
2310 20
2311 14
2312 15
2313 17
2314 17
2315 14
2316 21
2317 17
2318 15
2319 19
2320 19
2321 18
2322 21
2323 27
2324 21
2325 20
2326 27
2327 22
2328 24
2329 15
2330 19
2331 21
2332 20
2333 13
2334 21
2335 20
2336 23
2337 24
2338 16
2339 21
2340 30
2341 21
2342 18
2343 16
2344 17
2345 18
2346 19
2347 18
2348 16
2349 12
2350 22
2351 14
2352 14
2353 12
2354 14
2355 18
2356 16
2357 12
2358 21
2359 14
2360 16
2361 17
2362 16
2363 13
2364 11
2365 14
2366 9
2367 14
2368 11
2369 11
2370 7
2371 10
2372 21
2373 13
2374 12
2375 12
2376 12
2377 7
2378 5
2379 10
2380 6
2381 4
2382 11
2383 8
2384 7
2385 8
2386 5
2387 7
2388 3
2389 8
2390 6
2391 7
2392 6
2393 6
2394 6
2395 6
2396 6
2397 8
2398 5
2399 4
2400 3
2401 4
2402 4
2403 8
2404 7
2405 3
2406 2
2407 3
2408 3
2409 4
2410 1
2411 3
2412 5
2413 2
2414 3
2415 1
2417 1
2418 2
2419 3
2420 1
2421 2
2422 1
2423 1
2424 2
2425 1
2427 2
2428 2
2429 1
2430 1
2431 2
2432 2
2433 1
2435 3
2437 2
2440 3
2441 1
2442 1
2443 3
2444 1
2445 1
2448 2
2449 1
2451 3
2453 2
2454 3
2455 1
2456 2
2457 2
2458 1
2459 2
2461 3
2462 1
2463 2
2464 1
2466 2
2467 1
2468 2
2470 4
2471 1
2472 4
2475 2
2476 1
2477 2
2478 6
2479 2
2481 2
2482 1
2483 1
2485 1
2486 2
2489 3
2491 2
2494 2
2495 1
2496 2
2497 3
2498 4
2499 4
2500 3
2501 2
2502 1
2503 3
2504 3
2506 2
2507 1
2508 4
2509 2
2510 3
2511 1
2513 2
2514 3
2515 5
2516 1
2518 4
2519 1
2520 4
2521 1
2522 1
2523 4
2524 1
2525 2
2526 5
2527 2
2528 6
2529 3
2530 8
2531 7
2532 8
2533 2
2534 5
2535 5
2539 5
2540 1
2542 1
2545 4
2546 3
2547 3
2548 2
2549 5
2550 2
2551 1
2552 1
2553 1
2554 2
2555 1
2556 1
2557 2
2558 1
2560 1
2561 1
2562 4
2563 5
2564 2
2565 2
2566 2
2567 2
2568 1
2570 1
2571 1
2572 2
2574 1
2575 1
2576 2
2578 2
2579 2
2581 3
2584 1
2586 1
2587 2
2590 1
2591 1
2593 1
2594 2
2595 1
2596 2
2598 2
2599 2
2600 1
2602 2
2603 1
2604 2
2605 2
2606 1
2607 3
2609 1
2610 3
2611 1
2612 1
2613 1
2614 1
2615 1
2616 2
2618 1
2619 1
2620 3
2621 1
2623 2
2624 2
2625 5
2626 1
2627 2
2628 3
2629 2
2630 2
2631 5
2632 5
2633 3
2634 2
2635 1
2636 2
2637 2
2638 1
2639 2
2640 1
2641 2
2642 1
2643 3
2644 1
2646 1
2647 1
2649 1
2650 1
2653 2
2655 4
2656 2
2657 3
2658 2
2660 1
2661 2
2662 2
2663 3
2665 1
2666 1
2667 3
2668 1
2669 3
2670 4
2671 1
2672 4
2673 4
2674 6
2675 2
2676 3
2677 1
2678 2
2679 3
2680 4
2681 2
2682 1
2683 5
2684 1
2685 1
2686 2
2687 4
2688 5
2689 2
2690 3
2691 1
2692 2
2693 3
2694 4
2695 5
2696 3
2697 3
2698 3
2699 4
2700 2
2701 5
2702 6
2703 3
2704 3
2705 1
2706 3
2707 2
2708 3
2709 8
2710 2
2711 5
2712 1
2713 2
2714 5
2715 2
2717 3
2718 3
2719 3
2720 2
2721 2
2722 1
2723 2
2724 2
2725 3
2726 1
2727 4
2728 6
2729 1
2730 2
2731 3
2732 2
2733 3
2734 1
2735 1
2736 1
2740 1
2741 1
2742 1
2743 1
2745 2
2749 1
2752 1
2755 1
2756 3
2758 2
2760 1
2762 1
2763 1
2766 2
2771 1
2774 1
2775 1
2795 1
2829 1
2847 1
2860 1
2884 1
2898 1
2910 1
2914 1
2931 1
2941 1
2942 1
2943 2
2951 1
2962 2
2965 1
2966 1
2967 2
2972 1
2973 1
2978 1
2990 1
3001 1
3008 1
3012 1
3013 1
3014 1
3015 1
3017 2
3019 1
3020 1
3021 1
3022 1
3023 1
3024 1
3025 1
3026 2
3029 3
3030 2
3032 1
3034 2
3036 1
3037 1
3038 3
3040 1
3041 2
3042 3
3044 1
3045 1
3046 3
3047 1
3049 1
3050 2
3051 3
3053 1
3054 1
3055 2
3056 1
3061 1
3062 2
3063 1
3064 1
3065 1
3066 3
3068 1
3069 2
3071 1
3072 5
3075 3
3076 6
3077 4
3078 1
3079 4
3080 1
3082 2
3083 1
3084 1
3085 2
3086 1
3087 4
3089 2
3090 1
3091 2
3092 1
3094 2
3095 5
3096 1
3097 1
3098 1
3099 4
3100 1
3101 3
3102 3
3104 4
3105 4
3107 3
3108 3
3109 1
3111 3
3112 2
3113 1
3114 1
3115 4
3116 1
3118 3
3120 1
3121 4
3122 2
3123 2
3124 1
3125 1
3126 1
3127 3
3128 3
3130 2
3131 2
3132 1
3133 1
3135 2
3136 1
3137 1
3139 2
3140 1
3141 1
3143 1
3145 1
3146 2
3147 2
3151 1
3153 1
3156 2
3158 1
3159 2
3161 1
3165 2
3166 1
3170 1
3171 2
3173 1
3174 1
3175 1
3176 2
3180 2
3183 1
3187 1
3188 3
3191 1
3194 1
3197 2
3198 1
3201 1
3204 1
3207 2
3215 2
3216 1
3219 1
3222 1
3236 1
3237 1
3238 1
3240 1
3243 1
3251 2
3260 1
3265 1
3266 2
3267 1
3268 1
3272 1
3278 1
3280 1
3288 1
3289 1
3306 2
3308 2
3309 1
3311 2
3317 1
3318 1
3332 1
3334 1
3342 1
3344 1
3347 1
3350 1
3351 1
3352 1
3355 1
3357 1
3358 1
3360 1
3366 1
3368 1
3385 1
3393 1
3400 1
3404 2
3410 1
3411 1
3414 1
3416 1
3417 1
3418 2
3419 1
3421 1
3422 3
3423 2
3424 1
3425 1
3427 1
3428 2
3429 2
3431 1
3432 1
3435 2
3437 1
3439 2
3441 1
3446 1
3453 1
3458 1
3461 1
3462 1
3463 2
3464 1
3465 2
3467 1
3470 1
3471 3
3473 2
3474 1
3476 3
3477 3
3478 3
3480 5
3481 7
3482 3
3483 1
3485 3
3486 1
3488 1
3489 3
3490 2
3491 3
3493 1
3494 1
3495 2
3497 5
3498 3
3499 1
3500 1
3501 5
3502 4
3503 3
3504 3
3505 1
3506 1
3507 4
3508 3
3509 1
3510 1
3511 1
3512 1
3513 1
3514 1
3515 3
3516 2
3517 2
3518 1
3521 1
3525 1
3528 1
3532 2
3535 1
3537 1
3538 1
3540 1
3542 1
3547 1
3550 1
3551 1
3552 2
3554 2
3555 2
3558 1
3560 2
3561 1
3566 1
3568 1
3579 1
3581 1
3589 1
3594 1
3597 1
3598 1
3600 1
3608 1
3610 1
3620 1
3657 1
3666 1
3674 1
3677 2
3691 1
3696 1
3697 1
3699 1
3702 1
3710 1
3714 1
3719 1
3731 1
3737 1
3739 1
3743 1
3744 1
3750 1
3755 2
3757 1
3758 1
3763 1
3769 1
3770 1
3773 1
3776 1
3777 2
3780 1
3782 1
3784 1
3787 1
3788 2
3791 2
3792 1
3794 1
3795 1
3796 2
3801 2
3802 2
3803 2
3806 2
3808 1
3809 1
3810 2
3811 2
3812 1
3813 3
3814 2
3815 1
3816 2
3817 2
3818 1
3819 1
3820 2
3821 1
3823 3
3824 4
3825 2
3826 4
3827 3
3828 5
3829 1
3830 3
3831 1
3834 2
3835 2
3837 3
3838 2
3839 1
3840 2
3841 4
3842 2
3843 6
3844 1
3845 2
3847 3
3848 1
3849 3
3850 1
3851 3
3853 3
3854 1
3858 1
3859 5
3860 5
3861 4
3862 2
3863 2
3864 3
3865 5
3866 2
3867 2
3868 3
3869 1
3870 1
3871 1
3872 1
3873 2
3874 1
3875 1
3877 2
3879 1
3880 1
3881 1
3882 1
3883 1
3885 1
3886 1
3891 1
3892 1
3894 1
3896 2
3897 3
3898 1
3899 1
3900 1
3901 3
3903 1
3904 2
3905 3
3907 3
3908 5
3909 3
3910 1
3911 1
3912 2
3913 2
3914 2
3915 4
3916 1
3917 3
3919 5
3920 1
3921 2
3922 1
3923 1
3927 3
3928 3
3931 2
3932 1
3936 1
3937 1
3938 2
3939 1
3940 2
3941 1
3942 1
3943 1
3944 2
3945 1
3946 1
3947 2
3948 4
3949 1
3950 1
3951 3
3953 1
3954 1
3955 1
3956 1
3958 1
3959 3
3961 1
3964 1
3974 1
3975 2
3981 1
3990 1
3998 1
4003 1
4005 1
4043 1
4050 1
4056 1
4062 1
4063 1
4066 1
4076 1
4120 1
4124 1
4139 1
4141 1
4144 1
4146 2
4150 1
4151 2
4152 3
4153 1
4154 3
4155 1
4158 3
4159 1
4160 2
4161 3
4164 1
4166 2
4167 1
4168 3
4170 1
4172 1
4175 3
4176 1
4177 1
4178 4
4181 1
4182 2
4184 1
4185 1
4186 5
4187 1
4190 2
4191 2
4192 3
4193 1
4194 4
4195 2
4196 4
4197 2
4198 3
4199 1
4200 2
4201 1
4202 4
4203 5
4204 4
4205 3
4206 2
4207 2
4208 2
4210 2
4211 4
4212 4
4213 6
4214 1
4215 1
4216 5
4218 2
4219 4
4220 6
4221 4
4222 3
4223 1
4224 4
4225 3
4226 3
4227 1
4228 3
4229 4
4230 5
4231 2
4232 4
4233 2
4234 1
4235 7
4236 4
4237 2
4238 5
4239 5
4240 6
4241 6
4242 5
4243 3
4244 6
4245 1
4246 7
4247 3
4248 7
4250 5
4251 4
4252 3
4253 3
4254 3
4255 7
4256 5
4257 4
4258 6
4259 2
4260 2
4261 3
4262 2
4263 2
4265 2
4266 2
4268 2
4269 2
4270 2
4271 1
4272 4
4273 2
4274 2
4275 4
4276 4
4277 1
4278 1
4279 2
4280 2
4281 4
4282 2
4284 2
4285 1
4286 2
4287 3
4288 3
4289 3
4291 4
4292 1
4293 5
4294 3
4295 1
4296 1
4297 6
4298 2
4299 4
4300 4
4301 3
4302 3
4303 3
4304 2
4305 3
4306 4
4307 2
4308 3
4309 1
4310 1
4311 2
4312 2
4313 2
4314 3
4317 2
4320 1
4321 2
4322 2
4323 3
4324 3
4325 1
4328 1
4329 1
4331 3
4332 1
4333 1
4334 2
4335 2
4337 1
4338 2
4340 2
4342 1
4343 2
4344 1
4345 1
4348 2
4349 1
4350 1
4351 1
4352 3
4353 1
4354 3
4355 3
4356 2
4357 1
4358 2
4359 5
4360 1
4361 2
4362 2
4363 1
4364 2
4365 2
4366 2
4367 3
4368 1
4369 2
4370 1
4371 1
4372 1
4373 1
4375 1
4376 1
4380 1
4386 2
4387 1
4388 2
4389 2
4394 1
4402 1
4409 1
4436 1
4438 1
4444 1
4451 1
4454 1
4468 1
4480 1
4482 1
4491 1
4492 1
4493 1
4497 1
4503 1
4504 1
4505 1
4508 1
4509 1
4511 2
4513 1
4514 1
4515 3
4516 1
4518 1
4519 1
4520 1
4524 1
4526 1
4527 2
4528 2
4530 2
4532 3
4536 1
4538 1
4539 2
4540 2
4541 1
4542 2
4544 2
4545 2
4548 1
4549 1
4550 2
4551 3
4552 2
4553 1
4554 2
4555 1
4556 1
4557 1
4564 2
4566 1
4568 1
4569 3
4571 1
4574 2
4577 1
4579 1
4581 2
4582 1
4590 1
4591 2
4592 2
4594 1
4595 1
4596 2
4597 1
4598 2
4599 2
4601 4
4604 1
4605 1
4607 2
4608 1
4609 1
4612 1
4621 4
4623 1
4624 1
4626 1
4628 1
4629 1
4630 2
4631 1
4632 1
4634 3
4636 1
4637 2
4640 3
4641 2
4643 1
4644 1
4645 2
4646 2
4647 5
4648 2
4649 1
4650 2
4651 4
4652 4
4653 2
4656 1
4657 1
4658 3
4659 5
4660 2
4661 1
4662 2
4663 4
4664 2
4665 6
4666 1
4668 2
4669 1
4670 5
4672 2
4673 2
4674 1
4675 1
4676 2
4678 3
4679 1
4682 1
4683 2
4685 2
4687 1
4689 1
4690 3
4691 2
4692 1
4694 1
4697 4
4701 1
4702 1
4704 2
4706 2
4709 2
4711 2
4713 1
4714 3
4715 1
4716 1
4718 1
4719 4
4721 1
4723 1
4725 2
4729 1
4730 1
4737 1
4744 1
4748 1
4759 1
4762 2
4766 1
4767 1
4798 1
4824 1
4837 1
4856 1
4861 1
4862 1
4865 2
4868 1
4886 1
4887 1
4913 1
4918 1
4920 1
4922 1
4924 1
4925 1
4926 1
4927 1
4929 1
4931 1
4932 1
4933 2
4937 1
4939 1
4942 1
4948 1
4951 1
4954 1
4957 1
4958 1
4959 1
4961 1
4964 1
4965 2
4966 1
4970 1
4971 2
4978 2
4981 3
4982 1
4983 1
4988 1
4989 1
4990 1
4992 4
4994 2
4995 3
4996 1
4997 1
4998 3
5000 2
5002 2
5003 1
5004 2
5005 4
5006 1
5007 1
5008 3
5009 1
5010 2
5011 3
5012 2
5014 1
5015 4
5017 3
5018 4
5019 1
5020 2
5021 4
5023 4
5025 3
5027 2
5028 1
5029 1
5031 1
5032 2
5033 1
5034 1
5035 2
5036 1
5037 3
5039 1
5040 5
5041 1
5042 2
5043 2
5044 4
5045 2
5046 1
5048 4
5049 2
5050 1
5051 3
5054 1
5055 2
5056 1
5058 2
5059 1
5060 2
5061 3
5062 3
5063 1
5064 3
5065 3
5066 2
5067 2
5069 2
5071 3
5072 2
5073 3
5075 1
5076 2
5077 1
5078 2
5079 3
5080 4
5081 3
5082 1
5083 2
5084 3
5085 2
5088 1
5089 4
5090 1
5091 3
5092 2
5093 5
5094 4
5095 1
5096 2
5097 1
5101 5
5103 3
5105 1
5106 2
5107 1
5109 1
5110 1
5112 1
5113 1
5115 1
5116 1
5119 1
5120 2
5121 1
5124 4
5125 4
5127 1
5128 2
5131 1
5132 3
5133 2
5134 2
5135 3
5136 2
5137 1
5138 2
5139 4
5140 3
5142 2
5143 2
5144 6
5145 1
5147 3
5148 2
5149 3
5150 1
5151 1
5152 1
5153 4
5154 1
5156 1
5157 1
5158 2
5160 1
5161 1
5165 1
5166 1
5167 1
5170 1
5171 2
5181 1
5217 1
5221 1
5231 1
5237 1
5250 1
5256 1
5257 1
5259 1
5263 3
5264 1
5267 1
5268 1
5269 2
5272 1
5273 4
5274 2
5275 2
5276 3
5277 1
5278 2
5279 1
5280 3
5281 4
5282 1
5283 1
5284 4
5285 3
5286 3
5287 3
5290 1
5291 4
5292 2
5293 2
5294 1
5295 1
5296 2
5297 2
5298 3
5299 2
5300 4
5301 2
5302 1
5303 1
5304 1
5305 5
5306 2
5307 1
5308 2
5309 3
5310 2
5311 4
5312 1
5313 1
5316 2
5317 1
5318 2
5319 2
5320 1
5321 1
5322 1
5323 1
5330 2
5331 1
5332 1
5338 1
5345 1
5350 2
5355 2
5365 1
5369 1
5375 1
5384 1
5385 1
5416 2
5417 1
5423 1
5424 1
5425 2
5426 3
5430 2
5431 2
5433 4
5434 2
5435 3
5436 2
5438 4
5441 3
5442 2
5443 3
5444 1
5445 3
5447 1
5448 2
5449 2
5450 2
5451 2
5452 3
5453 1
5454 3
5456 1
5457 1
5459 1
5461 1
5464 2
5465 2
5466 3
5467 2
5471 1
5472 1
5473 1
5475 3
5477 1
5478 1
5479 1
5480 2
5483 1
5485 1
5491 1
5492 2
5493 1
5497 1
5502 1
5506 1
5565 1
5576 1
5583 1
5585 1
5608 1
5635 1
5638 1
5642 1
5644 1
5646 1
5647 1
5648 1
5649 2
5652 2
5653 2
5659 3
5660 2
5661 1
5662 1
5665 1
5666 5
5668 2
5672 2
5676 1
5677 2
5679 1
5682 3
5683 1
5685 1
5686 3
5689 1
5690 1
5692 1
5696 1
5697 3
5698 1
5700 2
5701 2
5702 6
5704 2
5705 2
5706 1
5707 2
5708 2
5710 1
5711 3
5712 2
5713 1
5714 2
5715 2
5718 1
5719 1
5721 1
5722 1
5723 1
5724 3
5725 2
5728 1
5729 3
5730 2
5731 5
5732 1
5733 3
5734 2
5735 3
5736 1
5737 3
5739 3
5741 3
5742 2
5743 4
5745 2
5746 2
5747 3
5748 4
5749 5
5750 1
5751 1
5752 2
5753 5
5754 2
5755 1
5756 2
5757 3
5758 4
5759 6
5760 1
5761 4
5762 6
5763 2
5764 1
5766 3
5767 1
5768 1
5769 1
5770 5
5771 1
5774 1
5775 3
5776 3
5777 2
5780 2
5781 2
5783 3
5784 1
5785 1
5786 3
5787 2
5788 1
5790 2
5791 2
5792 1
5793 4
5794 3
5796 4
5797 1
5798 3
5800 2
5802 5
5803 4
5804 4
5805 2
5806 4
5807 1
5808 1
5809 1
5810 1
5811 2
5812 4
5813 4
5814 4
5816 3
5817 4
5818 1
5819 1
5820 2
5821 2
5822 6
5823 5
5824 4
5825 5
5826 5
5827 1
5828 3
5829 5
5831 4
5832 5
5833 6
5834 1
5836 6
5837 3
5838 2
5839 1
5840 4
5841 1
5843 2
5844 2
5845 1
5846 3
5847 1
5848 2
5849 1
5851 4
5852 1
5853 1
5856 1
5857 1
5858 2
5859 1
5860 1
5861 2
5862 2
5864 2
5866 1
5867 1
5869 1
5870 2
5871 1
5872 1
5874 1
5877 1
5883 1
5943 1
5952 1
5953 1
5986 1
6049 1
6057 1
6059 1
6067 1
6068 1
6069 2
6070 1
6072 2
6073 1
6074 3
6075 1
6076 1
6078 1
6079 1
6080 1
6081 3
6086 1
6089 2
6090 2
6091 1
6092 2
6093 1
6094 1
6095 1
6096 1
6097 3
6099 1
6101 1
6102 2
6104 3
6105 1
6106 1
6108 2
6109 2
6110 6
6111 1
6112 1
6113 2
6114 2
6115 1
6118 1
6120 2
6122 3
6124 1
6125 1
6128 2
6129 1
6131 1
6132 2
6133 2
6135 1
6138 2
6139 1
6141 2
6142 2
6143 1
6149 1
6156 1
6157 1
6158 2
6159 2
6161 2
6165 2
6168 1
6173 1
6175 1
6181 1
6189 1
6197 1
6202 1
6205 1
6206 1
6209 1
6215 2
6220 1
6222 1
6223 1
6224 1
6230 1
6237 1
6241 1
6243 1
6257 1
6305 1
6346 1
6360 1
6366 1
6375 1
6376 1
6377 1
6378 1
6431 1
6434 1
6440 1
6446 1
6450 1
6452 1
6453 2
6454 1
6457 4
6459 1
6461 1
6462 1
6463 6
6465 1
6467 1
6471 5
6472 1
6475 4
6476 1
6477 2
6478 3
6480 2
6481 1
6483 2
6485 2
6486 3
6487 1
6489 2
6490 4
6491 2
6492 1
6494 1
6495 2
6496 1
6497 1
6501 2
6502 1
6504 2
6506 1
6510 3
6511 3
6512 1
6513 1
6516 1
6518 1
6519 1
6521 3
6523 4
6524 1
6525 3
6527 1
6529 1
6530 3
6533 1
6534 3
6535 2
6536 1
6537 1
6538 3
6540 1
6542 2
6544 1
6546 2
6547 1
6549 2
6550 1
6551 3
6552 2
6553 1
6554 1
6555 1
6556 2
6557 5
6559 5
6560 1
6561 1
6562 2
6563 2
6564 4
6565 4
6566 1
6567 1
6568 2
6569 3
6570 2
6571 2
6572 1
6574 1
6575 1
6576 1
6577 2
6583 4
6584 1
6585 1
6587 4
6588 2
6594 3
6599 2
6603 1
6605 1
6607 2
6608 2
6609 3
6611 1
6613 2
6618 3
6620 1
6622 1
6623 3
6625 1
6626 1
6628 1
6629 1
6631 2
6633 2
6640 1
6642 2
6644 1
6645 1
6891 1
6899 2
6901 1
6904 1
6905 1
6907 1
6908 1
6909 1
6910 1
6912 3
6913 1
6915 1
6916 1
6917 1
6919 1
6920 1
6923 1
6924 2
6926 1
6928 1
6930 1
6935 1
6937 1
6938 1
6940 1
6943 2
6945 2
6946 1
6947 1
6949 1
6951 2
6953 1
6955 2
6956 1
6958 2
6959 1
6960 3
6961 1
6962 2
6963 1
6968 2
6970 2
6971 1
6973 1
6974 2
6975 2
6976 3
6977 2
6978 1
6981 4
6982 1
6983 2
6984 2
6985 1
6989 1
6990 1
6991 2
6993 1
6995 1
6996 1
7000 2
7001 1
7002 4
7004 1
7005 1
7006 2
7007 1
7008 1
7013 1
7015 1
7028 1
7032 1
7035 1
7036 1
7037 3
7039 1
7041 1
7049 1
7050 1
7051 1
7060 1
7066 1
7068 1
7077 1
7078 1
7079 2
7087 1
7207 1
7339 1
7347 1
7348 1
7349 1
7358 1
7766 1
7779 1
8083 1
8132 1
8134 1
8416 1
8850 1
8855 1
8984 1
9315 1
9332 1
9334 1
9368 1
9375 1
9376 2
9405 1
9408 1
9426 1
9429 1
9431 1
9438 1
9611 1
9729 1
9741 1
9744 1
9753 1
9757 2
9758 1
9765 2
10001 56
