1 16959129
2 5534223
3 3131634
4 2608383
5 2506247
6 2404427
7 2216456
8 1956450
9 1679099
10 1402172
11 1158220
12 958347
13 815012
14 718524
15 656560
16 620356
17 598778
18 588576
19 580847
20 570252
21 555473
22 537853
23 510707
24 477182
25 436185
26 390661
27 344118
28 293896
29 246078
30 200280
31 157897
32 123388
33 92253
34 68502
35 49574
36 35498
37 24905
38 17330
39 11812
40 8300
41 6280
42 4685
43 3552
44 2939
45 2648
46 2424
47 2289
48 1927
49 1836
50 1759
51 1619
52 1592
53 1346
54 1391
55 1300
56 1097
57 1072
58 1063
59 933
60 872
61 936
62 867
63 829
64 812
65 784
66 722
67 654
68 719
69 659
70 671
71 677
72 637
73 648
74 644
75 558
76 595
77 578
78 580
79 591
80 509
81 579
82 547
83 557
84 466
85 447
86 466
87 400
88 411
89 341
90 326
91 297
92 273
93 301
94 291
95 338
96 399
97 492
98 586
99 732
100 937
101 1065
102 1352
103 1714
104 2245
105 2901
106 3730
107 4700
108 5834
109 7358
110 8860
111 10756
112 12876
113 15021
114 18161
115 21344
116 24957
117 29466
118 34174
119 39467
120 45119
121 51131
122 57634
123 64331
124 71826
125 79624
126 87100
127 94721
128 102886
129 110725
130 119022
131 126349
132 134449
133 140474
134 147214
135 152826
136 158820
137 163859
138 167237
139 169961
140 171370
141 172754
142 172034
143 171591
144 169109
145 167219
146 162454
147 159537
148 154436
149 147645
150 142262
151 135026
152 127478
153 120213
154 113134
155 105353
156 97359
157 91030
158 83255
159 75635
160 68805
161 61813
162 55362
163 49126
164 43224
165 38289
166 34015
167 29421
168 25631
169 21961
170 19401
171 16532
172 13876
173 11763
174 9854
175 8256
176 6763
177 5772
178 4661
179 3904
180 3187
181 2550
182 2184
183 1684
184 1382
185 1055
186 840
187 705
188 530
189 450
190 340
191 313
192 252
193 180
194 173
195 139
196 114
197 78
198 107
199 110
200 64
201 70
202 59
203 53
204 47
205 72
206 44
207 53
208 50
209 48
210 46
211 38
212 41
213 40
214 39
215 52
216 52
217 36
218 34
219 33
220 49
221 48
222 52
223 38
224 51
225 43
226 54
227 55
228 47
229 54
230 52
231 49
232 67
233 54
234 64
235 76
236 65
237 72
238 110
239 95
240 81
241 96
242 93
243 95
244 151
245 152
246 142
247 186
248 191
249 207
250 211
251 247
252 286
253 265
254 344
255 362
256 362
257 338
258 390
259 400
260 432
261 399
262 421
263 433
264 435
265 449
266 442
267 493
268 464
269 547
270 539
271 558
272 575
273 566
274 556
275 583
276 572
277 591
278 550
279 545
280 539
281 548
282 512
283 603
284 546
285 583
286 587
287 636
288 602
289 624
290 597
291 603
292 543
293 573
294 565
295 543
296 472
297 465
298 471
299 471
300 396
301 442
302 429
303 386
304 392
305 362
306 357
307 339
308 320
309 301
310 295
311 313
312 294
313 267
314 263
315 228
316 231
317 172
318 173
319 165
320 146
321 115
322 126
323 108
324 95
325 89
326 90
327 58
328 71
329 82
330 68
331 75
332 44
333 45
334 52
335 37
336 40
337 35
338 33
339 34
340 35
341 32
342 15
343 26
344 34
345 26
346 26
347 26
348 21
349 36
350 29
351 23
352 22
353 20
354 23
355 29
356 27
357 33
358 41
359 42
360 36
361 45
362 37
363 46
364 47
365 56
366 62
367 53
368 66
369 65
370 75
371 78
372 74
373 80
374 90
375 72
376 92
377 117
378 125
379 121
380 142
381 149
382 123
383 154
384 127
385 149
386 143
387 148
388 154
389 206
390 191
391 202
392 191
393 206
394 198
395 203
396 204
397 204
398 205
399 200
400 214
401 194
402 208
403 172
404 210
405 160
406 200
407 170
408 207
409 152
410 177
411 173
412 195
413 187
414 177
415 171
416 189
417 181
418 196
419 185
420 188
421 175
422 183
423 170
424 131
425 175
426 167
427 140
428 131
429 141
430 139
431 135
432 125
433 106
434 109
435 80
436 123
437 101
438 99
439 95
440 102
441 99
442 84
443 98
444 86
445 80
446 72
447 70
448 62
449 71
450 72
451 72
452 64
453 60
454 55
455 54
456 57
457 45
458 52
459 35
460 41
461 35
462 29
463 27
464 29
465 26
466 11
467 19
468 29
469 30
470 25
471 27
472 23
473 19
474 15
475 19
476 25
477 17
478 22
479 19
480 20
481 12
482 15
483 12
484 6
485 10
486 6
487 7
488 12
489 8
490 5
491 14
492 7
493 11
494 7
495 7
496 8
497 8
498 7
499 3
500 8
501 15
502 10
503 19
504 16
505 21
506 28
507 20
508 26
509 20
510 22
511 27
512 36
513 26
514 48
515 29
516 35
517 26
518 29
519 31
520 44
521 27
522 43
523 44
524 40
525 45
526 43
527 48
528 55
529 62
530 47
531 53
532 63
533 61
534 69
535 66
536 52
537 68
538 61
539 68
540 75
541 84
542 65
543 72
544 76
545 64
546 59
547 68
548 84
549 77
550 80
551 95
552 73
553 78
554 66
555 78
556 74
557 89
558 82
559 55
560 73
561 76
562 77
563 77
564 72
565 64
566 58
567 78
568 74
569 89
570 95
571 63
572 73
573 81
574 96
575 68
576 85
577 80
578 76
579 69
580 67
581 81
582 50
583 65
584 62
585 64
586 64
587 49
588 48
589 63
590 51
591 48
592 68
593 57
594 57
595 69
596 49
597 45
598 55
599 48
600 35
601 40
602 52
603 54
604 47
605 33
606 48
607 51
608 43
609 44
610 33
611 34
612 41
613 29
614 22
615 21
616 24
617 24
618 21
619 27
620 23
621 16
622 14
623 15
624 16
625 20
626 13
627 16
628 15
629 19
630 13
631 21
632 11
633 21
634 30
635 19
636 16
637 19
638 26
639 19
640 35
641 31
642 17
643 25
644 30
645 28
646 24
647 22
648 31
649 32
650 29
651 27
652 34
653 32
654 31
655 32
656 31
657 34
658 28
659 25
660 21
661 30
662 31
663 33
664 31
665 21
666 33
667 43
668 33
669 47
670 48
671 33
672 35
673 29
674 45
675 37
676 32
677 33
678 31
679 39
680 31
681 35
682 31
683 28
684 23
685 30
686 24
687 17
688 22
689 30
690 22
691 29
692 23
693 30
694 17
695 14
696 22
697 20
698 26
699 27
700 22
701 19
702 15
703 12
704 24
705 16
706 9
707 17
708 13
709 11
710 14
711 14
712 24
713 23
714 19
715 16
716 17
717 13
718 14
719 13
720 20
721 20
722 16
723 13
724 18
725 15
726 12
727 17
728 17
729 14
730 13
731 11
732 14
733 18
734 26
735 11
736 28
737 19
738 26
739 20
740 27
741 27
742 24
743 24
744 23
745 35
746 40
747 26
748 29
749 36
750 33
751 46
752 30
753 41
754 30
755 42
756 28
757 40
758 31
759 31
760 30
761 33
762 33
763 36
764 40
765 32
766 35
767 23
768 23
769 24
770 26
771 23
772 26
773 29
774 20
775 28
776 30
777 30
778 18
779 17
780 27
781 21
782 26
783 23
784 24
785 19
786 21
787 22
788 22
789 30
790 28
791 20
792 29
793 34
794 26
795 28
796 32
797 37
798 26
799 29
800 29
801 33
802 37
803 34
804 38
805 47
806 39
807 55
808 53
809 42
810 58
811 51
812 47
813 37
814 41
815 43
816 34
817 31
818 29
819 37
820 28
821 31
822 22
823 29
824 28
825 40
826 28
827 20
828 36
829 24
830 25
831 25
832 17
833 15
834 22
835 22
836 19
837 16
838 20
839 7
840 11
841 19
842 8
843 12
844 12
845 11
846 2
847 19
848 9
849 5
850 12
851 12
852 12
853 8
854 7
855 8
856 6
857 15
858 3
859 8
860 6
861 3
862 3
863 8
864 4
865 3
866 1
867 8
868 3
869 4
870 2
871 8
872 2
873 8
874 3
875 9
876 3
877 4
878 5
879 3
880 6
881 10
882 3
883 2
884 4
885 3
886 4
887 4
888 7
889 1
890 8
891 4
892 6
893 3
894 8
895 5
896 10
897 4
898 13
899 9
900 5
901 6
902 13
903 11
904 9
905 11
906 8
907 7
908 8
909 11
910 10
911 6
912 11
913 10
914 7
915 8
916 9
917 11
918 3
919 5
920 4
921 5
922 3
923 2
924 1
925 9
926 2
927 8
928 3
929 5
930 4
931 3
932 4
933 3
934 3
935 5
936 2
937 6
938 1
939 3
940 1
941 2
942 3
943 3
944 3
945 3
946 9
947 2
948 1
949 5
950 4
951 6
952 8
953 4
954 5
955 2
956 4
957 2
958 4
959 2
961 1
964 1
965 1
966 1
968 1
971 1
975 2
976 1
978 3
979 1
980 3
987 1
989 1
990 1
992 1
994 1
995 1
997 2
998 1
999 1
1000 2
1001 2
1004 2
1005 2
1006 3
1007 2
1012 2
1013 1
1015 3
1016 2
1017 3
1018 3
1020 1
1021 1
1023 1
1025 1
1026 2
1031 1
1034 1
1035 3
1038 3
1039 2
1041 1
1042 3
1044 1
1045 1
1046 1
1049 2
1052 1
1053 2
1054 1
1057 1
1061 1
1062 1
1063 2
1064 1
1065 1
1066 3
1067 1
1068 1
1069 3
1070 4
1071 4
1072 2
1074 6
1075 3
1076 3
1077 2
1078 1
1079 2
1080 2
1081 4
1082 4
1083 2
1084 1
1085 5
1086 7
1087 1
1088 3
1089 1
1090 1
1091 5
1092 2
1093 4
1094 5
1095 6
1096 1
1097 4
1098 1
1099 2
1100 3
1101 2
1102 2
1103 1
1104 2
1105 4
1106 1
1107 1
1108 1
1109 3
1110 4
1111 2
1112 4
1113 1
1114 3
1115 2
1116 5
1117 4
1118 3
1119 3
1120 4
1121 3
1122 2
1123 3
1124 3
1125 1
1126 3
1127 2
1128 3
1129 3
1130 2
1131 1
1132 2
1133 1
1134 2
1135 2
1138 3
1139 2
1140 2
1141 4
1142 5
1143 4
1144 2
1145 5
1146 5
1147 4
1148 2
1149 1
1150 2
1151 2
1152 2
1155 1
1157 1
1158 2
1159 3
1160 2
1162 4
1163 5
1164 4
1165 2
1166 2
1167 4
1168 2
1169 4
1170 4
1171 1
1172 2
1173 1
1174 2
1177 1
1178 2
1179 1
1180 3
1182 2
1183 3
1184 1
1185 1
1187 3
1188 2
1189 3
1190 1
1191 1
1192 1
1193 3
1194 3
1195 3
1196 3
1198 4
1199 1
1201 4
1202 4
1203 1
1205 2
1207 1
1208 2
1209 1
1215 1
1217 1
1221 1
1223 3
1225 4
1227 3
1228 1
1229 1
1230 3
1231 2
1232 1
1233 2
1234 2
1235 3
1236 2
1238 1
1239 1
1240 2
1241 2
1242 2
1243 1
1244 4
1246 2
1247 1
1248 1
1249 1
1250 1
1251 3
1252 5
1253 2
1254 3
1255 3
1256 2
1257 2
1258 3
1259 1
1260 1
1262 1
1263 2
1264 1
1265 3
1268 1
1270 3
1271 1
1272 2
1273 3
1274 2
1275 1
1277 1
1279 1
1284 1
1290 1
1296 1
1297 1
1306 1
1307 1
1309 1
1310 1
1311 1
1312 4
1314 2
1315 1
1316 2
1317 2
1318 1
1319 1
1320 2
1321 3
1323 3
1324 3
1325 2
1326 4
1327 1
1328 5
1329 7
1330 4
1331 5
1332 1
1333 3
1334 1
1335 4
1336 3
1337 3
1338 6
1339 1
1340 5
1341 6
1342 7
1343 4
1344 2
1345 2
1346 4
1347 10
1348 3
1349 3
1350 4
1351 6
1352 9
1353 5
1354 7
1355 4
1356 4
1357 1
1358 3
1359 4
1360 6
1361 8
1362 6
1363 3
1364 6
1365 2
1366 1
1367 5
1368 2
1369 1
1370 1
1371 3
1372 4
1373 1
1374 3
1375 4
1376 4
1377 3
1378 2
1380 2
1381 2
1382 4
1383 2
1384 1
1386 1
1387 1
1389 2
1390 3
1391 1
1392 1
1393 2
1394 3
1395 2
1397 4
1398 2
1399 1
1400 2
1401 3
1403 2
1405 5
1406 2
1407 1
1408 2
1409 4
1410 2
1411 4
1412 4
1413 3
1414 4
1415 1
1416 3
1417 1
1418 1
1419 1
1420 2
1422 2
1423 2
1424 2
1425 3
1427 2
1428 1
1429 1
1430 2
1431 3
1432 1
1433 1
1434 2
1435 1
1436 1
1437 1
1439 1
1440 1
1441 2
1442 2
1444 1
1447 2
1448 3
1449 3
1450 2
1451 3
1452 2
1453 2
1454 5
1455 4
1456 8
1457 4
1458 8
1459 4
1460 3
1461 3
1462 3
1463 7
1464 7
1465 7
1466 2
1467 4
1468 4
1469 6
1470 2
1471 5
1472 7
1473 5
1474 2
1475 5
1476 9
1477 5
1478 2
1479 8
1480 9
1481 7
1482 4
1483 6
1484 8
1485 8
1486 1
1487 3
1488 5
1489 6
1490 7
1491 6
1492 11
1493 6
1494 9
1495 3
1496 6
1497 4
1498 5
1499 7
1500 9
1501 2
1502 3
1503 10
1504 9
1505 7
1506 5
1507 2
1508 3
1509 8
1510 3
1511 1
1512 4
1514 2
1515 1
1516 2
1517 1
1518 1
1519 1
1521 1
1522 2
1523 2
1524 1
1525 3
1526 1
1527 2
1528 1
1529 3
1530 2
1531 3
1532 1
1533 4
1534 4
1535 8
1536 5
1537 5
1538 8
1539 7
1540 5
1541 4
1542 3
1543 6
1544 3
1545 1
1546 3
1547 3
1548 2
1549 5
1550 3
1551 1
1552 5
1553 5
1554 2
1555 3
1556 3
1557 5
1558 1
1559 1
1560 4
1561 4
1562 1
1563 4
1564 5
1567 5
1568 3
1569 6
1570 4
1572 2
1574 3
1575 1
1578 1
1582 1
1584 1
1585 1
1587 1
1589 1
1590 1
1592 4
1594 2
1595 1
1596 1
1598 2
1600 1
1601 4
1602 1
1603 1
1604 4
1605 3
1607 2
1608 3
1609 1
1610 1
1611 1
1612 1
1613 2
1614 4
1616 1
1617 1
1618 1
1619 3
1620 7
1621 4
1622 1
1623 6
1624 5
1625 1
1626 4
1628 7
1630 3
1631 2
1632 2
1633 5
1634 1
1635 2
1636 2
1638 1
1639 1
1640 5
1642 2
1644 3
1645 2
1646 2
1647 4
1648 2
1650 4
1651 2
1652 1
1654 3
1655 2
1656 5
1657 2
1658 8
1659 5
1660 5
1661 6
1662 6
1663 3
1664 5
1665 6
1666 1
1667 9
1668 7
1669 5
1670 3
1671 5
1672 2
1674 3
1675 4
1676 1
1677 1
1678 1
1679 1
1680 3
1681 2
1682 5
1683 7
1684 2
1685 2
1686 3
1687 3
1688 3
1689 2
1690 2
1691 1
1692 4
1693 3
1694 3
1695 2
1696 1
1697 3
1698 2
1699 3
1700 3
1701 4
1702 6
1703 6
1704 3
1705 7
1706 4
1707 3
1708 5
1709 1
1710 2
1711 4
1712 1
1714 2
1716 3
1718 2
1719 5
1720 1
1721 1
1722 3
1723 1
1724 3
1725 3
1726 3
1727 2
1728 3
1729 2
1730 8
1731 4
1732 3
1733 5
1735 8
1736 2
1737 7
1738 3
1739 4
1740 2
1742 1
1743 1
1744 5
1745 6
1746 1
1747 4
1748 1
1749 1
1750 1
1751 4
1752 4
1753 1
1754 2
1755 5
1756 1
1757 4
1758 3
1759 1
1760 4
1761 1
1762 5
1763 5
1764 5
1765 1
1767 1
1768 3
1769 2
1771 3
1772 3
1773 3
1774 1
1775 1
1776 2
1777 1
1778 1
1779 2
1780 4
1781 4
1783 2
1784 1
1785 1
1786 4
1787 1
1788 3
1789 2
1790 4
1791 3
1792 1
1793 1
1794 3
1795 1
1796 1
1797 2
1798 4
1799 5
1800 3
1801 1
1802 1
1803 2
1804 3
1805 4
1806 1
1807 2
1808 1
1809 2
1810 4
1812 2
1813 2
1816 2
1817 2
1819 1
1821 1
1822 2
1823 1
1826 2
1827 5
1828 2
1829 1
1831 1
1833 1
1834 1
1835 1
1839 2
1840 1
1841 1
1844 2
1845 4
1846 1
1847 2
1848 3
1850 3
1853 5
1854 5
1855 3
1856 1
1857 4
1858 3
1859 3
1860 2
1861 2
1862 3
1863 3
1864 2
1865 3
1866 3
1867 3
1868 2
1869 2
1870 5
1871 2
1872 2
1873 2
1874 2
1875 1
1876 1
1877 2
1878 2
1880 1
1882 1
1883 2
1884 2
1885 2
1886 1
1887 1
1888 2
1890 2
1892 2
1893 1
1896 1
1897 1
1899 2
1901 1
1902 1
1903 6
1906 2
1907 1
1908 2
1909 1
1910 2
1911 2
1912 3
1913 6
1914 2
1915 1
1916 2
1917 1
1919 2
1920 3
1921 1
1922 5
1923 3
1925 2
1926 2
1928 2
1929 1
1932 1
1934 6
1935 1
1937 1
1938 1
1939 3
1941 1
1943 2
1946 1
1948 2
1949 1
1951 1
1954 2
1956 1
1959 1
1961 1
1963 1
1967 1
1970 1
1971 1
1972 3
1973 1
1974 2
1975 1
1977 1
1980 1
1981 2
1982 1
1983 2
1984 3
1985 1
1986 2
1987 3
1988 3
1989 2
1990 3
1991 6
1992 6
1993 4
1994 1
1995 6
1996 9
1997 1
1998 2
1999 2
2000 5
2001 5
2002 4
2003 3
2004 5
2005 4
2006 3
2007 2
2008 3
2010 4
2011 3
2012 1
2013 7
2014 5
2015 8
2016 3
2017 5
2018 7
2019 5
2020 7
2021 12
2022 8
2023 6
2024 8
2025 3
2026 3
2027 5
2028 3
2029 3
2030 5
2031 5
2032 5
2033 3
2034 3
2035 4
2036 9
2037 4
2038 1
2039 3
2040 4
2041 8
2042 2
2043 5
2044 4
2045 2
2046 3
2047 5
2048 4
2049 3
2050 1
2051 3
2052 3
2053 4
2054 3
2055 4
2056 5
2057 3
2058 2
2059 2
2060 2
2061 2
2062 4
2063 2
2064 1
2065 2
2067 2
2069 1
2070 2
2071 1
2073 1
2074 2
2076 1
2077 1
2078 3
2080 1
2090 1
2091 1
2093 3
2094 3
2096 2
2100 4
2101 1
2102 3
2103 2
2104 1
2108 1
2109 2
2110 1
2114 1
2115 2
2116 1
2117 3
2118 1
2120 1
2121 1
2124 1
2125 2
2128 1
2129 2
2130 1
2131 2
2134 1
2137 1
2138 1
2139 1
2140 2
2143 2
2145 2
2147 1
2148 3
2149 3
2150 1
2151 2
2152 3
2153 2
2155 1
2156 1
2158 1
2159 2
2162 2
2163 4
2164 4
2166 1
2167 2
2168 3
2169 1
2172 4
2173 1
2174 1
2175 2
2177 2
2178 2
2179 1
2180 3
2181 1
2182 2
2183 1
2185 1
2186 1
2188 1
2190 1
2191 2
2192 1
2194 1
2195 1
2196 1
2197 1
2199 4
2200 2
2201 1
2202 1
2204 3
2205 1
2206 1
2208 2
2210 1
2212 2
2217 1
2219 1
2220 1
2221 1
2222 1
2225 1
2229 1
2230 2
2231 2
2232 1
2233 2
2235 1
2236 1
2238 1
2241 1
2242 1
2245 3
2246 1
2248 2
2249 3
2250 6
2251 4
2252 4
2253 5
2254 1
2255 7
2256 5
2257 5
2258 6
2259 4
2260 10
2261 1
2262 2
2263 4
2264 5
2265 3
2266 5
2267 6
2268 4
2269 5
2270 5
2271 2
2273 6
2274 3
2275 3
2276 3
2277 5
2278 4
2279 5
2280 1
2281 5
2282 4
2283 4
2284 3
2285 6
2286 3
2287 4
2288 3
2289 1
2290 5
2291 6
2292 5
2293 5
2294 3
2295 3
2296 2
2297 2
2298 2
2299 2
2300 1
2301 4
2302 3
2304 2
2305 2
2306 1
2307 1
2309 1
2310 1
2311 5
2312 1
2314 2
2316 3
2317 3
2321 2
2322 3
2323 1
2324 1
2325 1
2326 2
2327 1
2329 2
2330 1
2332 2
2333 2
2337 5
2338 4
2339 1
2341 1
2343 1
2344 3
2345 2
2346 1
2347 1
2348 1
2349 2
2350 1
2351 1
2352 3
2353 5
2354 3
2356 1
2358 1
2361 1
2364 3
2367 2
2368 2
2370 1
2371 1
2373 2
2374 2
2375 1
2376 1
2377 1
2379 1
2383 1
2385 1
2393 2
2395 1
2396 1
2398 1
2399 1
2401 1
2404 2
2405 1
2408 1
2416 1
2421 1
2424 1
2427 1
2429 1
2432 1
2434 1
2443 1
2540 1
2550 1
2552 1
2557 1
2559 1
2575 1
2698 1
2702 1
2812 1
2825 1
2861 1
2968 1
3136 1
3138 1
3139 1
3240 1
3243 1
3245 1
3246 1
3247 2
3255 1
3257 1
3263 1
3264 1
3268 1
3272 1
3300 1
3335 1
3336 1
3340 1
3375 1
3383 1
3392 1
3395 1
3401 2
3405 1
3421 1
3503 1
3576 1
3593 1
3595 1
3610 1
3612 2
3614 1
3616 2
3625 1
3715 1
3790 1
3848 1
3866 1
4007 1
4169 1
4189 1
4638 1
4762 1
4768 1
4770 1
4888 1
4891 1
4895 2
4907 1
4908 1
4909 1
4914 1
4997 1
5008 1
5013 2
5020 1
5021 1
5026 1
5031 1
5037 1
5042 1
5139 1
5284 1
5317 1
5356 1
5370 1
5735 1
5747 1
5797 1
5799 1
5810 1
5811 1
5822 1
5826 1
5931 1
6087 1
