1 17673060
2 5787728
3 3053740
4 2371816
5 2238728
6 2221090
7 2143720
8 1997847
9 1793537
10 1559522
11 1317496
12 1102869
13 916573
14 776008
15 672031
16 602066
17 559199
18 538000
19 529717
20 524597
21 518336
22 519114
23 512960
24 499353
25 482853
26 463602
27 437564
28 405228
29 369960
30 331594
31 290423
32 249018
33 209274
34 173799
35 137806
36 109427
37 84683
38 63529
39 46646
40 33322
41 23862
42 16566
43 11939
44 8497
45 6427
46 4874
47 3814
48 3023
49 2737
50 2439
51 2132
52 1985
53 1903
54 1848
55 1740
56 1680
57 1500
58 1476
59 1491
60 1382
61 1283
62 1249
63 1151
64 1086
65 954
66 964
67 1039
68 920
69 822
70 816
71 770
72 706
73 718
74 687
75 689
76 601
77 596
78 535
79 536
80 527
81 589
82 587
83 494
84 456
85 472
86 436
87 426
88 407
89 381
90 480
91 406
92 421
93 402
94 462
95 441
96 398
97 386
98 378
99 383
100 278
101 321
102 252
103 265
104 262
105 236
106 248
107 255
108 249
109 288
110 287
111 344
112 378
113 456
114 542
115 694
116 837
117 1160
118 1399
119 1740
120 2172
121 2724
122 3428
123 4108
124 4909
125 5898
126 7232
127 8926
128 10593
129 12703
130 14830
131 17554
132 20576
133 24037
134 27659
135 31475
136 36113
137 41372
138 45989
139 51663
140 57475
141 63419
142 69976
143 76788
144 83383
145 90288
146 97327
147 103540
148 110119
149 115967
150 122482
151 128077
152 133653
153 139621
154 144623
155 148175
156 151964
157 155497
158 157068
159 158953
160 159772
161 159513
162 159034
163 156906
164 154580
165 152119
166 148118
167 144319
168 139711
169 134588
170 129548
171 123783
172 117887
173 111816
174 105128
175 98427
176 92030
177 85053
178 78915
179 71770
180 65696
181 60076
182 54172
183 48715
184 44010
185 39105
186 34754
187 30734
188 26912
189 23735
190 20601
191 17737
192 15242
193 12990
194 11349
195 9555
196 8374
197 7065
198 5780
199 4876
200 4055
201 3226
202 2713
203 2271
204 1875
205 1613
206 1201
207 961
208 851
209 654
210 531
211 448
212 377
213 316
214 244
215 233
216 204
217 169
218 166
219 142
220 124
221 95
222 113
223 82
224 62
225 68
226 73
227 75
228 66
229 65
230 78
231 68
232 56
233 42
234 56
235 75
236 54
237 64
238 41
239 55
240 43
241 36
242 36
243 32
244 38
245 35
246 45
247 41
248 39
249 28
250 33
251 17
252 18
253 23
254 15
255 22
256 27
257 17
258 22
259 27
260 28
261 29
262 29
263 26
264 40
265 40
266 43
267 42
268 64
269 66
270 64
271 77
272 89
273 65
274 85
275 103
276 98
277 95
278 111
279 128
280 135
281 144
282 149
283 148
284 142
285 187
286 179
287 210
288 194
289 234
290 267
291 270
292 318
293 291
294 328
295 356
296 350
297 374
298 377
299 434
300 409
301 476
302 468
303 450
304 517
305 466
306 525
307 531
308 545
309 535
310 472
311 565
312 542
313 539
314 550
315 564
316 588
317 534
318 544
319 595
320 571
321 528
322 550
323 498
324 546
325 498
326 542
327 546
328 555
329 517
330 483
331 526
332 480
333 509
334 527
335 443
336 483
337 446
338 434
339 437
340 417
341 417
342 362
343 352
344 332
345 317
346 324
347 288
348 285
349 271
350 251
351 260
352 176
353 190
354 160
355 166
356 133
357 153
358 143
359 130
360 139
361 155
362 117
363 121
364 112
365 109
366 109
367 111
368 116
369 103
370 103
371 83
372 80
373 64
374 90
375 65
376 75
377 74
378 64
379 49
380 67
381 57
382 59
383 33
384 58
385 57
386 39
387 42
388 31
389 44
390 32
391 32
392 40
393 29
394 28
395 33
396 27
397 31
398 34
399 17
400 33
401 42
402 30
403 25
404 20
405 22
406 14
407 30
408 27
409 29
410 34
411 32
412 42
413 41
414 49
415 45
416 32
417 43
418 45
419 46
420 66
421 58
422 58
423 63
424 71
425 90
426 68
427 88
428 85
429 96
430 87
431 110
432 106
433 108
434 103
435 128
436 129
437 128
438 132
439 147
440 173
441 165
442 147
443 171
444 183
445 187
446 183
447 215
448 195
449 217
450 237
451 220
452 210
453 229
454 215
455 195
456 204
457 183
458 219
459 204
460 177
461 176
462 204
463 191
464 163
465 179
466 152
467 179
468 172
469 183
470 156
471 143
472 152
473 142
474 149
475 141
476 131
477 143
478 159
479 141
480 123
481 136
482 127
483 130
484 110
485 122
486 117
487 102
488 112
489 124
490 83
491 97
492 78
493 83
494 79
495 69
496 78
497 75
498 72
499 67
500 61
501 53
502 64
503 69
504 46
505 58
506 57
507 46
508 62
509 47
510 62
511 49
512 33
513 37
514 46
515 52
516 45
517 31
518 26
519 29
520 22
521 29
522 26
523 21
524 35
525 26
526 26
527 16
528 14
529 22
530 19
531 23
532 19
533 17
534 21
535 21
536 22
537 15
538 16
539 12
540 16
541 19
542 14
543 12
544 7
545 13
546 11
547 11
548 12
549 7
550 8
551 10
552 11
553 25
554 12
555 9
556 13
557 16
558 23
559 14
560 11
561 22
562 21
563 11
564 21
565 15
566 13
567 18
568 19
569 12
570 23
571 17
572 16
573 31
574 17
575 19
576 24
577 27
578 27
579 40
580 35
581 32
582 37
583 34
584 44
585 43
586 47
587 42
588 47
589 47
590 46
591 55
592 34
593 49
594 62
595 38
596 55
597 34
598 42
599 55
600 51
601 43
602 39
603 41
604 51
605 48
606 49
607 49
608 55
609 63
610 58
611 63
612 52
613 65
614 69
615 59
616 57
617 57
618 58
619 67
620 45
621 60
622 79
623 70
624 56
625 52
626 68
627 53
628 66
629 77
630 64
631 51
632 67
633 68
634 58
635 59
636 38
637 54
638 54
639 67
640 47
641 44
642 53
643 73
644 52
645 53
646 60
647 47
648 63
649 43
650 55
651 60
652 63
653 44
654 61
655 58
656 68
657 52
658 71
659 58
660 51
661 61
662 63
663 63
664 54
665 55
666 55
667 54
668 44
669 48
670 42
671 46
672 33
673 44
674 35
675 29
676 27
677 32
678 37
679 36
680 35
681 43
682 41
683 23
684 29
685 38
686 33
687 24
688 12
689 35
690 33
691 29
692 39
693 18
694 29
695 28
696 30
697 33
698 24
699 19
700 24
701 28
702 16
703 20
704 35
705 20
706 22
707 18
708 17
709 21
710 29
711 21
712 11
713 12
714 16
715 9
716 15
717 13
718 19
719 17
720 19
721 30
722 24
723 28
724 26
725 17
726 21
727 23
728 16
729 14
730 20
731 26
732 26
733 26
734 23
735 28
736 31
737 27
738 29
739 21
740 27
741 31
742 45
743 18
744 28
745 28
746 30
747 34
748 34
749 27
750 18
751 34
752 27
753 26
754 39
755 36
756 28
757 44
758 33
759 48
760 41
761 42
762 35
763 40
764 35
765 38
766 24
767 33
768 26
769 34
770 28
771 28
772 41
773 35
774 31
775 30
776 37
777 38
778 31
779 27
780 41
781 26
782 25
783 26
784 24
785 23
786 31
787 33
788 31
789 22
790 29
791 30
792 19
793 26
794 24
795 25
796 25
797 32
798 20
799 26
800 27
801 24
802 34
803 26
804 28
805 32
806 26
807 20
808 21
809 17
810 26
811 21
812 29
813 13
814 8
815 18
816 21
817 15
818 16
819 16
820 18
821 22
822 23
823 13
824 20
825 10
826 17
827 14
828 20
829 16
830 13
831 14
832 23
833 13
834 18
835 18
836 29
837 20
838 16
839 12
840 12
841 12
842 16
843 13
844 15
845 20
846 12
847 15
848 14
849 15
850 17
851 8
852 15
853 8
854 14
855 13
856 24
857 17
858 18
859 20
860 22
861 25
862 20
863 16
864 31
865 19
866 21
867 20
868 26
869 22
870 29
871 22
872 32
873 21
874 21
875 19
876 21
877 32
878 36
879 24
880 28
881 24
882 19
883 25
884 30
885 33
886 36
887 27
888 33
889 19
890 36
891 31
892 27
893 31
894 32
895 37
896 38
897 35
898 24
899 22
900 25
901 30
902 25
903 18
904 25
905 26
906 28
907 26
908 30
909 28
910 30
911 26
912 24
913 22
914 22
915 23
916 24
917 16
918 20
919 17
920 16
921 21
922 12
923 13
924 26
925 16
926 31
927 24
928 23
929 24
930 29
931 25
932 33
933 25
934 25
935 28
936 20
937 23
938 20
939 18
940 14
941 17
942 22
943 23
944 17
945 14
946 13
947 16
948 24
949 19
950 15
951 8
952 17
953 18
954 13
955 16
956 14
957 10
958 15
959 15
960 14
961 18
962 8
963 14
964 16
965 11
966 5
967 13
968 5
969 9
970 8
971 9
972 9
973 13
974 6
975 9
976 6
977 8
978 8
979 2
980 6
981 8
982 3
983 11
984 6
985 7
986 7
987 9
988 6
989 5
990 3
991 3
992 8
993 4
994 4
995 5
996 3
997 4
998 2
999 5
1000 5
1001 7
1002 4
1003 3
1004 3
1005 2
1006 3
1007 2
1008 6
1009 4
1010 1
1012 1
1013 1
1014 2
1015 3
1016 1
1017 1
1018 2
1019 4
1020 5
1021 2
1022 5
1023 5
1025 6
1026 3
1027 6
1028 1
1029 10
1030 7
1031 4
1032 3
1033 5
1034 4
1035 3
1036 3
1037 2
1038 1
1039 3
1040 4
1041 5
1042 4
1043 10
1044 4
1045 3
1046 6
1047 4
1048 5
1049 5
1050 9
1051 9
1052 4
1053 6
1054 8
1055 6
1056 6
1057 5
1058 3
1059 4
1060 4
1061 4
1062 2
1063 8
1064 4
1065 5
1066 4
1067 3
1068 2
1069 3
1070 6
1071 3
1072 3
1073 5
1074 1
1075 4
1076 6
1077 4
1078 2
1079 8
1080 3
1081 2
1082 5
1083 2
1085 3
1086 2
1087 5
1088 6
1089 1
1090 2
1091 4
1092 2
1093 2
1094 4
1095 4
1096 2
1097 3
1098 2
1099 2
1100 3
1101 2
1102 1
1103 3
1104 3
1105 1
1106 1
1107 2
1109 1
1112 1
1113 1
1114 1
1117 1
1118 1
1120 1
1121 1
1129 1
1131 1
1132 1
1133 1
1135 2
1139 1
1144 1
1146 1
1149 1
1150 1
1157 1
1161 1
1170 1
1171 1
1173 1
1174 2
1185 1
1186 2
1187 1
1188 2
1189 1
1190 2
1191 1
1192 5
1193 2
1194 2
1195 6
1196 4
1197 2
1198 6
1199 3
1200 8
1201 7
1202 7
1203 5
1204 3
1205 4
1206 2
1207 5
1208 5
1209 6
1210 5
1211 3
1212 2
1213 9
1214 12
1215 6
1216 7
1217 8
1218 5
1219 2
1220 7
1221 6
1222 2
1223 5
1224 6
1225 2
1226 3
1227 9
1228 8
1230 6
1231 5
1232 6
1233 1
1234 2
1235 1
1236 4
1237 4
1238 1
1239 3
1240 1
1242 1
1243 1
1244 1
1245 2
1246 1
1247 2
1249 3
1251 1
1254 1
1255 2
1260 1
1268 2
1270 4
1274 1
1275 1
1277 1
1278 1
1281 4
1283 1
1286 1
1287 1
1289 1
1290 2
1291 2
1294 1
1296 2
1297 1
1300 2
1301 3
1306 1
1307 1
1309 1
1315 2
1321 1
1322 3
1323 2
1324 1
1325 2
1326 1
1327 3
1328 3
1330 2
1331 4
1332 1
1333 2
1335 1
1336 1
1338 1
1339 1
1340 2
1342 3
1344 1
1347 1
1348 1
1349 1
1350 1
1353 2
1354 2
1355 1
1357 1
1358 2
1359 1
1360 3
1362 1
1363 3
1365 1
1366 1
1367 1
1368 1
1369 1
1370 3
1371 4
1372 2
1373 3
1374 2
1375 1
1376 2
1377 3
1378 2
1379 2
1381 1
1382 1
1384 3
1385 1
1386 2
1387 2
1388 3
1389 2
1390 3
1391 4
1392 2
1393 4
1394 4
1395 3
1396 4
1397 2
1398 2
1399 5
1400 2
1401 4
1402 2
1403 1
1404 2
1405 1
1406 3
1407 1
1409 1
1410 2
1411 2
1412 2
1414 1
1415 2
1416 2
1417 2
1418 2
1420 1
1421 2
1422 2
1424 1
1425 2
1429 1
1430 1
1433 1
1434 1
1435 1
1446 1
1447 1
1450 1
1452 4
1453 2
1454 1
1455 3
1456 2
1457 2
1458 4
1459 4
1460 1
1462 1
1466 1
1469 2
1470 4
1471 2
1472 2
1473 2
1475 2
1476 2
1478 1
1479 1
1480 2
1481 6
1482 1
1483 2
1484 3
1486 1
1487 3
1488 1
1489 3
1490 3
1491 2
1492 1
1493 1
1494 2
1495 2
1496 3
1497 3
1498 4
1500 3
1502 4
1503 1
1504 3
1505 2
1506 2
1507 2
1508 5
1509 5
1510 5
1511 9
1512 1
1513 11
1514 2
1515 6
1516 5
1517 6
1518 4
1519 2
1520 1
1521 3
1522 5
1523 6
1524 2
1525 3
1526 3
1527 1
1528 2
1529 3
1530 4
1531 3
1533 1
1535 2
1536 2
1537 2
1538 1
1539 2
1541 1
1542 2
1543 3
1544 1
1545 3
1546 3
1547 2
1548 4
1549 4
1550 3
1551 3
1552 4
1553 1
1554 2
1555 4
1556 1
1557 2
1559 3
1560 1
1562 1
1563 2
1564 1
1565 2
1567 2
1568 1
1569 1
1570 1
1571 2
1572 1
1574 3
1576 3
1578 1
1581 1
1585 1
1586 1
1589 3
1593 1
1594 1
1595 1
1596 3
1597 3
1598 3
1599 3
1600 1
1601 6
1602 3
1603 4
1604 1
1605 1
1606 4
1607 2
1608 2
1609 3
1610 2
1611 3
1612 4
1613 1
1614 2
1615 2
1616 5
1617 3
1619 5
1620 4
1621 4
1622 3
1623 5
1624 5
1625 4
1626 6
1627 3
1628 2
1629 2
1630 3
1631 5
1632 4
1633 2
1634 1
1635 1
1636 2
1637 4
1638 4
1639 8
1640 5
1641 5
1642 5
1643 2
1644 4
1645 4
1646 1
1647 4
1648 5
1649 5
1650 6
1651 4
1652 5
1653 6
1654 1
1655 7
1656 4
1657 2
1658 2
1659 2
1660 3
1661 3
1662 5
1663 3
1664 6
1665 7
1666 4
1667 6
1668 3
1669 2
1670 6
1671 7
1672 2
1673 5
1674 4
1675 4
1676 9
1677 4
1678 3
1679 4
1680 6
1681 6
1682 5
1683 5
1684 3
1685 6
1686 3
1687 9
1688 6
1689 5
1690 3
1691 2
1692 9
1693 4
1694 6
1695 6
1696 6
1697 7
1698 9
1699 6
1700 10
1701 2
1702 6
1703 5
1704 5
1705 5
1706 4
1707 1
1708 2
1709 3
1711 2
1712 7
1713 2
1714 1
1715 5
1716 4
1718 2
1719 6
1720 3
1721 1
1722 1
1723 2
1725 2
1726 1
1727 2
1728 1
1729 1
1730 3
1731 3
1732 1
1733 3
1734 1
1735 1
1737 1
1738 1
1739 2
1740 2
1741 1
1743 1
1745 2
1747 2
1749 1
1750 1
1751 1
1754 1
1757 5
1758 2
1759 1
1760 1
1761 1
1762 1
1763 2
1764 2
1765 4
1767 2
1768 1
1770 2
1771 1
1774 1
1775 1
1776 1
1778 1
1779 1
1780 1
1781 1
1784 1
1785 1
1786 1
1787 1
1788 1
1792 1
1793 2
1795 3
1797 2
1799 1
1803 1
1805 1
1807 2
1808 1
1810 1
1811 2
1815 2
1816 1
1819 1
1825 1
1826 4
1827 3
1828 2
1829 1
1830 2
1831 2
1832 2
1833 3
1834 3
1835 6
1836 5
1837 3
1838 2
1839 5
1840 2
1841 4
1842 8
1843 1
1844 6
1845 5
1846 1
1847 2
1848 2
1849 2
1850 4
1851 2
1852 2
1853 5
1854 5
1855 2
1857 4
1858 3
1859 6
1860 4
1861 6
1862 3
1863 3
1864 7
1865 2
1866 1
1867 3
1868 4
1870 3
1871 3
1874 3
1875 2
1876 3
1877 1
1878 2
1879 1
1880 1
1881 3
1882 2
1883 1
1884 4
1885 2
1886 1
1887 1
1888 2
1889 1
1890 2
1891 1
1893 2
1894 1
1896 1
1897 2
1898 1
1899 3
1901 1
1902 1
1904 1
1906 1
1907 1
1908 1
1910 1
1912 1
1914 2
1915 3
1916 3
1918 1
1919 1
1920 2
1921 1
1922 2
1924 3
1934 2
1935 1
1938 1
1939 1
1940 4
1942 3
1943 2
1944 3
1946 6
1947 2
1948 2
1949 2
1950 9
1951 5
1952 1
1953 6
1954 5
1955 1
1956 6
1957 5
1958 2
1959 5
1960 3
1961 2
1962 3
1963 2
1964 3
1965 4
1966 4
1967 1
1968 4
1969 4
1970 4
1971 4
1972 3
1973 4
1974 3
1975 5
1976 5
1977 4
1978 5
1979 1
1980 6
1981 4
1982 6
1983 4
1984 2
1985 4
1986 1
1987 1
1988 1
1989 3
1990 4
1991 6
1992 2
1993 4
1995 6
1996 3
1997 4
1999 1
2000 2
2001 1
2002 4
2004 2
2005 1
2006 1
2007 3
2008 5
2009 3
2010 2
2011 1
2012 4
2013 3
2015 2
2016 4
2017 4
2018 1
2019 2
2020 6
2021 3
2022 4
2023 4
2024 3
2025 4
2026 1
2027 1
2028 5
2029 2
2030 4
2031 5
2032 3
2033 1
2034 3
2036 5
2037 4
2038 3
2039 1
2040 6
2041 7
2042 4
2043 8
2044 2
2045 3
2046 4
2047 5
2048 3
2050 3
2051 6
2052 4
2053 2
2054 2
2055 4
2056 3
2057 3
2058 3
2059 1
2060 3
2061 1
2062 2
2063 2
2065 2
2067 2
2070 2
2071 1
2074 1
2076 1
2078 2
2079 1
2080 1
2081 1
2082 1
2083 2
2084 1
2085 4
2086 4
2087 1
2088 1
2089 2
2090 1
2091 1
2092 2
2094 2
2095 1
2096 1
2098 1
2099 2
2100 2
2101 1
2103 1
2105 1
2106 1
2107 1
2108 2
2111 2
2112 2
2113 1
2118 1
2119 1
2120 1
2121 1
2122 1
2123 1
2124 2
2126 1
2127 2
2130 1
2132 1
2134 3
2135 3
2137 1
2138 1
2139 1
2140 2
2141 1
2142 3
2143 2
2144 1
2145 1
2146 1
2147 2
2150 1
2151 1
2152 2
2153 1
2154 2
2155 2
2156 2
2158 1
2159 4
2160 2
2161 1
2162 1
2163 1
2164 2
2166 1
2167 1
2168 2
2169 1
2170 3
2172 1
2174 2
2175 2
2176 1
2177 1
2179 1
2182 1
2183 2
2185 2
2189 1
2192 1
2194 1
2195 1
2199 1
2203 1
2206 1
2208 2
2209 1
2210 1
2219 1
2220 1
2223 1
2224 1
2225 3
2227 3
2230 2
2231 2
2232 1
2233 1
2234 1
2235 2
2236 2
2237 3
2238 2
2239 4
2240 1
2241 1
2242 5
2243 8
2244 1
2247 2
2249 2
2250 2
2251 1
2252 4
2253 2
2254 3
2256 2
2257 2
2258 2
2259 2
2260 4
2261 2
2262 2
2263 2
2264 4
2265 3
2266 1
2267 3
2268 4
2269 2
2271 2
2273 4
2274 4
2275 3
2276 2
2277 3
2278 3
2279 3
2280 4
2281 3
2282 4
2283 4
2284 4
2285 3
2286 4
2287 1
2288 5
2289 6
2290 7
2291 1
2292 3
2293 5
2294 2
2295 5
2296 6
2297 1
2298 3
2299 3
2300 5
2301 7
2302 6
2303 7
2304 3
2305 6
2306 2
2307 5
2308 2
2309 5
2310 3
2311 2
2312 3
2313 1
2314 4
2315 5
2316 2
2317 2
2318 1
2319 3
2320 3
2321 2
2322 1
2323 4
2324 2
2325 3
2326 1
2327 2
2328 1
2329 5
2330 2
2332 4
2333 4
2334 2
2335 4
2336 3
2337 3
2338 1
2339 4
2340 5
2341 5
2342 3
2343 3
2345 2
2346 2
2347 1
2348 1
2349 2
2350 3
2351 4
2352 1
2353 1
2354 4
2356 3
2357 3
2358 6
2359 2
2360 4
2361 1
2362 2
2363 3
2364 3
2365 3
2366 4
2368 1
2369 2
2370 2
2371 1
2373 2
2375 1
2377 1
2378 1
2383 1
2384 1
2386 2
2388 2
2391 3
2392 1
2393 2
2395 3
2396 1
2397 1
2398 3
2399 2
2400 2
2401 1
2402 3
2403 2
2404 2
2405 3
2406 4
2407 2
2408 2
2409 1
2411 1
2412 1
2415 1
2416 1
2417 1
2430 1
2434 1
2437 1
2438 1
2444 2
2446 1
2447 1
2448 1
2453 2
2456 1
2458 1
2461 3
2463 1
2464 1
2466 2
2467 4
2469 1
2470 1
2471 2
2472 1
2473 2
2474 2
2475 1
2476 3
2477 2
2478 1
2479 1
2480 4
2481 1
2482 1
2483 1
2484 2
2486 2
2488 1
2489 2
2490 2
2493 2
2494 2
2495 1
2496 2
2497 2
2498 1
2499 2
2500 2
2501 3
2502 3
2503 1
2504 3
2505 4
2506 4
2507 1
2509 1
2510 1
2511 1
2512 2
2513 2
2514 1
2515 1
2516 1
2517 1
2518 1
2519 2
2520 1
2521 1
2522 2
2523 1
2524 2
2525 2
2526 2
2527 3
2528 2
2529 2
2530 1
2531 4
2532 5
2533 1
2534 2
2537 1
2538 3
2539 2
2540 2
2541 1
2542 2
2543 1
2544 4
2545 1
2546 2
2548 4
2549 9
2550 12
2551 6
2552 7
2553 4
2554 4
2556 4
2557 3
2559 2
2560 3
2561 3
2562 4
2563 2
2564 2
2565 1
2567 2
2568 3
2569 1
2570 1
2571 2
2574 2
2575 1
2577 1
2578 2
2581 2
2583 2
2584 1
2585 3
2586 3
2587 1
2588 3
2589 2
2590 3
2591 1
2592 2
2594 2
2595 2
2598 1
2601 1
2605 1
2607 2
2610 1
2613 2
2614 1
2616 2
2618 1
2619 2
2621 1
2622 1
2623 1
2625 1
2628 1
2634 1
2636 2
2638 1
2642 1
2643 2
2645 1
2647 1
2650 3
2651 1
2652 3
2654 3
2655 2
2656 1
2657 1
2658 5
2659 3
2660 1
2661 3
2664 2
2665 1
2666 2
2667 1
2668 1
2669 3
2671 1
2672 3
2674 4
2675 1
2676 1
2677 1
2678 1
2683 2
2684 3
2686 2
2687 1
2688 1
2690 1
2691 1
2692 3
2694 2
2695 1
2696 1
2698 2
2701 2
2703 1
2704 2
2705 1
2707 1
2731 1
2733 1
2734 1
2735 1
2739 1
2743 1
2746 2
2748 1
2758 1
2759 1
2761 3
2762 1
2765 2
2767 1
2768 2
2770 2
2771 1
2777 1
2779 1
2780 2
2781 1
2782 1
2783 1
2785 1
2787 1
2791 2
2792 2
2794 1
2800 1
2802 1
2804 1
2806 1
2811 1
2813 2
2814 1
2815 1
2816 1
2818 2
2821 2
2828 1
2829 1
2852 1
2956 1
2960 1
2965 1
2970 1
3052 1
3062 1
3204 1
3211 1
3324 1
3346 1
3451 1
3468 1
3556 1
3663 1
3673 1
3679 1
3698 1
3703 1
3705 1
3706 1
3707 1
3709 1
3712 2
3713 1
3715 1
3718 1
3719 1
3725 1
3822 1
3830 1
3836 1
3840 1
3847 1
3858 1
3882 1
3914 1
4045 1
4046 1
4047 2
4048 2
4049 1
4054 1
4065 1
4101 1
4251 1
4256 1
4365 1
4369 1
4388 1
4528 1
4745 1
4865 1
5200 1
5486 1
5497 1
5503 1
5556 1
5610 1
5617 1
5642 2
5655 1
5668 1
5673 1
5705 1
5721 1
5726 1
5728 1
5733 1
5737 1
5739 1
5778 2
5795 1
6062 1
6083 1
6119 1
6245 1
6246 1
6633 1
6637 1
6714 2
6720 1
6722 1
6724 1
6733 1
6860 1
7270 1
