1 20339585
2 7483419
3 3478548
4 2110638
5 1575393
6 1362170
7 1335354
8 1396047
9 1472713
10 1503268
11 1489086
12 1423528
13 1337010
14 1232676
15 1125745
16 1017751
17 902024
18 791818
19 688411
20 594791
21 518508
22 451307
23 401632
24 366029
25 342851
26 329100
27 325172
28 322609
29 323702
30 326604
31 326339
32 328806
33 333177
34 333637
35 335707
36 335118
37 334729
38 332901
39 329061
40 324920
41 320353
42 311719
43 302832
44 291241
45 277887
46 261393
47 241908
48 222496
49 201821
50 180531
51 156718
52 135149
53 113767
54 95184
55 78530
56 63201
57 51054
58 39447
59 30829
60 23574
61 17830
62 13575
63 10221
64 7972
65 6104
66 4779
67 3788
68 3104
69 2744
70 2474
71 2123
72 2005
73 1898
74 1861
75 1599
76 1504
77 1421
78 1407
79 1221
80 1208
81 1070
82 1097
83 1092
84 1054
85 1046
86 1014
87 967
88 936
89 969
90 975
91 927
92 1017
93 955
94 935
95 927
96 901
97 798
98 737
99 687
100 675
101 624
102 645
103 664
104 614
105 598
106 576
107 606
108 544
109 552
110 544
111 482
112 496
113 410
114 412
115 376
116 370
117 372
118 330
119 324
120 312
121 329
122 326
123 361
124 329
125 361
126 345
127 341
128 350
129 344
130 395
131 373
132 352
133 382
134 365
135 330
136 362
137 339
138 357
139 359
140 403
141 348
142 371
143 380
144 409
145 399
146 347
147 350
148 335
149 304
150 260
151 262
152 238
153 234
154 233
155 244
156 229
157 192
158 178
159 149
160 117
161 132
162 110
163 128
164 115
165 106
166 118
167 90
168 128
169 101
170 111
171 93
172 111
173 117
174 116
175 101
176 99
177 106
178 101
179 95
180 82
181 91
182 89
183 79
184 111
185 94
186 114
187 117
188 160
189 150
190 192
191 181
192 278
193 350
194 445
195 481
196 631
197 717
198 918
199 1089
200 1312
201 1548
202 1803
203 2218
204 2672
205 3155
206 3720
207 4332
208 4878
209 5799
210 6641
211 7740
212 8751
213 10048
214 11389
215 13031
216 14804
217 16623
218 18579
219 20830
220 22893
221 25208
222 27883
223 30317
224 33447
225 36611
226 39826
227 42009
228 45483
229 48791
230 51864
231 55793
232 59126
233 62864
234 66483
235 70421
236 74074
237 77977
238 81097
239 83943
240 87313
241 90417
242 93415
243 96122
244 99042
245 102151
246 103618
247 106335
248 107885
249 110005
250 110994
251 112513
252 114054
253 114390
254 115466
255 115750
256 116585
257 116587
258 116210
259 115069
260 113974
261 112957
262 111245
263 109296
264 107437
265 105023
266 103199
267 100585
268 97954
269 94968
270 91838
271 88225
272 84756
273 81349
274 78224
275 74544
276 70219
277 66539
278 62325
279 58943
280 54429
281 51415
282 47521
283 44430
284 41356
285 38214
286 34998
287 31778
288 29199
289 26756
290 24361
291 21987
292 20072
293 17986
294 16331
295 14261
296 12710
297 11548
298 10132
299 8850
300 7855
301 6774
302 5928
303 5208
304 4562
305 3931
306 3421
307 2857
308 2471
309 2097
310 1865
311 1520
312 1434
313 1153
314 908
315 807
316 661
317 521
318 430
319 425
320 360
321 293
322 279
323 195
324 186
325 176
326 150
327 141
328 123
329 102
330 101
331 95
332 90
333 85
334 104
335 100
336 91
337 96
338 91
339 93
340 76
341 96
342 82
343 85
344 85
345 73
346 77
347 52
348 53
349 65
350 74
351 75
352 65
353 54
354 59
355 50
356 48
357 38
358 31
359 35
360 31
361 33
362 37
363 24
364 41
365 32
366 27
367 38
368 27
369 27
370 37
371 24
372 34
373 27
374 28
375 26
376 24
377 24
378 26
379 9
380 19
381 21
382 26
383 15
384 20
385 18
386 22
387 33
388 20
389 24
390 23
391 22
392 18
393 17
394 23
395 14
396 24
397 17
398 21
399 16
400 16
401 21
402 20
403 21
404 26
405 36
406 21
407 24
408 14
409 18
410 19
411 24
412 21
413 15
414 14
415 17
416 19
417 17
418 12
419 21
420 15
421 16
422 12
423 21
424 9
425 16
426 17
427 15
428 18
429 22
430 12
431 26
432 30
433 36
434 25
435 30
436 31
437 31
438 26
439 43
440 34
441 38
442 46
443 58
444 56
445 71
446 80
447 81
448 88
449 81
450 88
451 93
452 109
453 102
454 121
455 116
456 148
457 140
458 161
459 163
460 170
461 182
462 166
463 178
464 228
465 207
466 193
467 223
468 220
469 264
470 263
471 260
472 287
473 281
474 341
475 280
476 288
477 386
478 321
479 339
480 357
481 330
482 358
483 373
484 354
485 394
486 378
487 352
488 386
489 370
490 377
491 345
492 334
493 347
494 361
495 329
496 362
497 363
498 348
499 386
500 354
501 354
502 382
503 348
504 390
505 396
506 373
507 387
508 396
509 371
510 371
511 355
512 372
513 365
514 343
515 343
516 376
517 356
518 368
519 381
520 361
521 340
522 355
523 350
524 343
525 361
526 333
527 360
528 340
529 329
530 327
531 301
532 299
533 315
534 335
535 311
536 291
537 283
538 290
539 302
540 273
541 301
542 277
543 249
544 248
545 228
546 193
547 180
548 203
549 167
550 167
551 150
552 159
553 156
554 129
555 147
556 137
557 147
558 105
559 106
560 122
561 109
562 110
563 107
564 83
565 85
566 76
567 72
568 62
569 63
570 50
571 43
572 61
573 49
574 46
575 31
576 41
577 35
578 40
579 33
580 31
581 30
582 31
583 24
584 33
585 27
586 24
587 17
588 21
589 24
590 18
591 17
592 18
593 19
594 27
595 18
596 18
597 17
598 16
599 21
600 24
601 25
602 17
603 19
604 26
605 12
606 21
607 14
608 10
609 11
610 17
611 9
612 16
613 9
614 15
615 16
616 18
617 15
618 13
619 10
620 10
621 9
622 8
623 9
624 12
625 14
626 15
627 11
628 2
629 10
630 14
631 8
632 4
633 6
634 3
635 11
636 6
637 4
638 15
639 10
640 15
641 15
642 11
643 13
644 11
645 13
646 12
647 17
648 11
649 14
650 15
651 11
652 15
653 12
654 17
655 20
656 10
657 19
658 17
659 18
660 17
661 23
662 20
663 14
664 29
665 21
666 14
667 18
668 37
669 23
670 34
671 20
672 33
673 35
674 34
675 30
676 35
677 46
678 34
679 45
680 43
681 49
682 33
683 59
684 65
685 57
686 52
687 61
688 84
689 67
690 67
691 76
692 79
693 72
694 85
695 75
696 90
697 75
698 84
699 90
700 115
701 109
702 121
703 106
704 113
705 120
706 115
707 130
708 121
709 137
710 159
711 142
712 153
713 138
714 139
715 153
716 146
717 191
718 157
719 182
720 159
721 159
722 151
723 169
724 158
725 146
726 162
727 177
728 140
729 146
730 157
731 157
732 158
733 156
734 166
735 177
736 171
737 160
738 152
739 168
740 157
741 154
742 139
743 163
744 132
745 110
746 104
747 123
748 110
749 101
750 107
751 97
752 87
753 96
754 94
755 96
756 79
757 99
758 88
759 70
760 66
761 77
762 78
763 65
764 56
765 56
766 59
767 51
768 52
769 58
770 69
771 58
772 53
773 47
774 44
775 54
776 41
777 45
778 46
779 39
780 36
781 40
782 35
783 49
784 32
785 36
786 48
787 40
788 33
789 29
790 28
791 30
792 47
793 36
794 31
795 27
796 24
797 30
798 31
799 42
800 47
801 24
802 41
803 30
804 30
805 28
806 22
807 23
808 34
809 22
810 21
811 26
812 31
813 24
814 30
815 21
816 21
817 16
818 18
819 20
820 24
821 24
822 27
823 18
824 31
825 16
826 16
827 21
828 18
829 25
830 17
831 21
832 28
833 15
834 18
835 15
836 18
837 24
838 18
839 24
840 24
841 19
842 15
843 17
844 21
845 17
846 17
847 22
848 15
849 20
850 17
851 14
852 12
853 16
854 13
855 9
856 19
857 13
858 10
859 18
860 11
861 17
862 12
863 8
864 14
865 12
866 8
867 7
868 8
869 7
870 5
871 5
872 7
873 7
874 8
875 5
876 8
877 6
878 5
879 2
880 5
881 2
882 2
883 5
884 10
885 3
886 8
887 5
888 5
889 4
890 4
891 8
892 2
893 7
894 3
895 4
896 5
897 3
898 4
899 4
900 4
901 4
902 9
903 10
904 11
905 7
906 11
907 10
908 11
909 11
910 12
911 17
912 15
913 15
914 15
915 19
916 24
917 12
918 21
919 14
920 13
921 22
922 26
923 17
924 35
925 24
926 21
927 19
928 27
929 22
930 24
931 31
932 21
933 15
934 27
935 29
936 20
937 27
938 28
939 31
940 24
941 23
942 35
943 43
944 27
945 38
946 32
947 26
948 20
949 26
950 29
951 39
952 35
953 35
954 30
955 44
956 32
957 33
958 48
959 44
960 39
961 41
962 45
963 40
964 42
965 50
966 37
967 38
968 34
969 52
970 52
971 32
972 54
973 36
974 33
975 39
976 44
977 47
978 37
979 26
980 44
981 33
982 32
983 36
984 36
985 37
986 45
987 49
988 31
989 36
990 39
991 33
992 38
993 31
994 35
995 40
996 34
997 30
998 40
999 46
1000 33
1001 25
1002 44
1003 43
1004 36
1005 37
1006 39
1007 32
1008 35
1009 30
1010 31
1011 31
1012 25
1013 28
1014 37
1015 31
1016 26
1017 23
1018 26
1019 38
1020 21
1021 32
1022 27
1023 22
1024 31
1025 33
1026 39
1027 26
1028 32
1029 35
1030 22
1031 30
1032 32
1033 20
1034 28
1035 33
1036 32
1037 43
1038 28
1039 39
1040 41
1041 39
1042 46
1043 45
1044 57
1045 60
1046 51
1047 45
1048 43
1049 63
1050 56
1051 52
1052 48
1053 45
1054 46
1055 36
1056 41
1057 45
1058 40
1059 45
1060 37
1061 50
1062 34
1063 38
1064 31
1065 37
1066 47
1067 48
1068 38
1069 35
1070 46
1071 36
1072 36
1073 27
1074 29
1075 29
1076 37
1077 24
1078 27
1079 36
1080 28
1081 19
1082 11
1083 13
1084 17
1085 19
1086 14
1087 12
1088 12
1089 7
1090 13
1091 15
1092 13
1093 17
1094 13
1095 14
1096 13
1097 26
1098 23
1099 11
1100 10
1101 12
1102 11
1103 15
1104 9
1105 15
1106 7
1107 10
1108 8
1109 14
1110 13
1111 5
1112 10
1113 10
1114 9
1115 10
1116 3
1117 4
1118 3
1119 1
1120 4
1121 3
1123 2
1124 4
1125 3
1127 1
1128 1
1129 1
1130 1
1131 1
1132 1
1133 2
1134 2
1136 1
1137 2
1139 6
1140 4
1141 1
1142 4
1143 1
1144 5
1145 4
1146 2
1147 3
1148 3
1149 2
1150 1
1151 2
1152 6
1153 3
1154 3
1155 8
1156 8
1157 6
1158 7
1159 4
1160 5
1161 5
1162 8
1163 5
1164 8
1165 8
1166 8
1167 6
1168 14
1169 3
1170 8
1171 11
1172 6
1173 10
1174 10
1175 12
1176 10
1177 9
1178 7
1179 12
1180 11
1181 16
1182 15
1183 15
1184 15
1185 17
1186 15
1187 15
1188 16
1189 17
1190 20
1191 17
1192 17
1193 27
1194 17
1195 16
1196 16
1197 18
1198 16
1199 25
1200 20
1201 21
1202 22
1203 31
1204 23
1205 28
1206 28
1207 27
1208 36
1209 29
1210 34
1211 47
1212 25
1213 35
1214 38
1215 29
1216 32
1217 32
1218 27
1219 34
1220 36
1221 42
1222 34
1223 36
1224 33
1225 31
1226 31
1227 36
1228 32
1229 37
1230 25
1231 26
1232 27
1233 28
1234 27
1235 25
1236 34
1237 20
1238 29
1239 30
1240 23
1241 23
1242 21
1243 20
1244 27
1245 23
1246 31
1247 21
1248 20
1249 20
1250 16
1251 15
1252 22
1253 16
1254 15
1255 24
1256 25
1257 12
1258 19
1259 16
1260 11
1261 22
1262 23
1263 15
1264 20
1265 23
1266 22
1267 16
1268 25
1269 18
1270 30
1271 15
1272 20
1273 20
1274 12
1275 22
1276 14
1277 15
1278 6
1279 13
1280 6
1281 20
1282 13
1283 11
1284 14
1285 11
1286 11
1287 19
1288 8
1289 5
1290 16
1291 15
1292 17
1293 17
1294 10
1295 15
1296 16
1297 14
1298 13
1299 13
1300 11
1301 15
1302 11
1303 13
1304 13
1305 12
1306 8
1307 12
1308 7
1309 11
1310 10
1311 12
1312 15
1313 11
1314 11
1315 15
1316 10
1317 8
1318 9
1319 8
1320 4
1321 17
1322 3
1323 7
1324 8
1325 6
1326 10
1327 5
1328 6
1329 4
1330 7
1331 9
1332 13
1333 8
1334 18
1335 10
1336 7
1337 11
1338 9
1339 12
1340 8
1341 10
1342 14
1343 13
1344 10
1345 14
1346 9
1347 4
1348 10
1349 14
1350 7
1351 10
1352 6
1353 10
1354 10
1355 6
1356 11
1357 4
1358 9
1359 7
1360 9
1361 8
1362 8
1363 10
1364 14
1365 8
1366 8
1367 12
1368 5
1369 3
1370 6
1371 6
1372 8
1373 12
1374 7
1375 14
1376 15
1377 9
1378 3
1379 4
1380 4
1381 8
1382 10
1383 6
1384 5
1385 9
1386 4
1387 6
1388 7
1389 6
1390 2
1391 8
1392 9
1393 11
1394 8
1395 6
1396 5
1397 6
1398 10
1399 14
1400 12
1401 9
1402 9
1403 4
1404 9
1405 3
1406 11
1407 12
1408 17
1409 17
1410 9
1411 6
1412 11
1413 13
1414 16
1415 12
1416 16
1417 10
1418 13
1419 9
1420 11
1421 14
1422 19
1423 13
1424 17
1425 20
1426 18
1427 18
1428 20
1429 17
1430 27
1431 16
1432 17
1433 18
1434 23
1435 13
1436 23
1437 22
1438 23
1439 20
1440 23
1441 19
1442 24
1443 30
1444 22
1445 19
1446 12
1447 21
1448 27
1449 27
1450 23
1451 21
1452 21
1453 15
1454 32
1455 21
1456 16
1457 26
1458 22
1459 27
1460 16
1461 24
1462 34
1463 24
1464 30
1465 36
1466 30
1467 22
1468 24
1469 31
1470 28
1471 26
1472 38
1473 26
1474 28
1475 21
1476 29
1477 31
1478 23
1479 24
1480 22
1481 22
1482 24
1483 20
1484 27
1485 22
1486 16
1487 26
1488 32
1489 30
1490 30
1491 17
1492 18
1493 19
1494 16
1495 15
1496 14
1497 17
1498 15
1499 16
1500 7
1501 11
1502 14
1503 15
1504 12
1505 11
1506 7
1507 7
1508 8
1509 8
1510 4
1511 4
1512 5
1513 8
1514 3
1515 3
1516 3
1517 5
1518 2
1519 5
1520 4
1521 7
1522 6
1523 6
1524 4
1525 6
1526 4
1527 4
1528 6
1529 8
1530 5
1531 4
1532 5
1533 3
1534 6
1535 1
1536 2
1537 3
1538 2
1539 3
1540 8
1541 6
1542 4
1543 5
1544 4
1545 5
1546 2
1547 3
1548 5
1549 1
1550 1
1551 5
1552 2
1553 4
1554 4
1555 2
1556 5
1557 5
1558 3
1559 2
1560 1
1561 5
1562 2
1563 1
1564 2
1565 2
1566 1
1567 1
1570 3
1571 3
1572 2
1573 3
1574 2
1575 2
1576 2
1577 3
1579 2
1580 3
1583 2
1584 1
1587 1
1589 2
1590 1
1591 1
1592 3
1595 3
1596 3
1599 2
1600 3
1601 5
1602 2
1603 3
1604 1
1605 1
1606 5
1607 4
1608 2
1609 2
1610 4
1611 3
1612 1
1613 4
1614 3
1615 2
1616 4
1617 5
1618 1
1619 4
1621 2
1622 2
1624 2
1625 3
1627 1
1629 3
1630 6
1631 4
1632 3
1633 1
1634 3
1635 1
1636 5
1637 1
1638 3
1639 5
1640 6
1641 1
1642 2
1643 2
1644 3
1645 3
1646 8
1647 5
1648 2
1649 4
1650 3
1651 7
1652 5
1653 7
1654 5
1655 1
1656 1
1657 2
1658 1
1659 6
1660 5
1661 9
1662 7
1663 6
1664 7
1665 4
1666 3
1667 8
1668 9
1669 6
1670 9
1671 5
1672 4
1673 6
1674 3
1675 6
1676 6
1677 5
1678 6
1679 3
1680 2
1681 2
1682 3
1683 4
1684 5
1685 3
1686 4
1687 4
1688 3
1689 2
1690 3
1691 3
1692 3
1693 3
1695 6
1696 5
1697 3
1698 6
1699 2
1700 3
1702 3
1703 1
1704 1
1705 3
1706 3
1707 3
1708 1
1709 2
1710 6
1711 1
1713 1
1714 1
1715 4
1717 2
1718 1
1719 2
1720 2
1722 1
1723 2
1724 3
1725 3
1727 3
1728 2
1729 3
1730 1
1732 3
1733 2
1735 1
1736 1
1737 2
1739 1
1740 4
1741 1
1742 2
1743 1
1744 1
1745 1
1746 1
1749 1
1750 1
1753 1
1759 1
1763 1
1770 1
1779 1
1782 1
1783 1
1796 1
1803 1
1814 1
1818 1
1829 1
1831 1
1833 1
1835 1
1837 1
1841 1
1844 1
1845 1
1847 1
1850 1
1853 1
1858 1
1860 2
1866 3
1872 1
1876 1
1877 4
1880 3
1881 2
1883 4
1887 1
1893 1
1895 3
1896 2
1899 1
1902 1
1904 1
1905 1
1907 1
1909 5
1912 2
1914 2
1915 1
1916 2
1917 3
1918 4
1920 2
1921 1
1922 1
1923 2
1924 4
1925 3
1926 1
1927 4
1928 1
1929 1
1930 2
1931 2
1932 2
1933 2
1934 2
1935 6
1936 3
1939 3
1940 2
1941 2
1942 1
1943 6
1944 2
1945 4
1946 3
1947 3
1948 2
1949 3
1950 4
1951 5
1952 3
1953 5
1954 5
1955 3
1957 6
1958 5
1959 2
1960 1
1961 1
1962 3
1963 2
1964 1
1965 3
1966 5
1967 4
1968 3
1969 3
1970 2
1971 4
1973 1
1974 1
1976 2
1978 1
1980 1
1982 1
1985 1
1998 1
2000 1
2006 1
2009 1
2010 1
2013 4
2014 1
2016 1
2017 5
2019 2
2021 1
2023 3
2024 3
2025 2
2026 1
2027 1
2028 2
2030 2
2033 1
2035 1
2036 1
2037 2
2038 2
2039 1
2041 1
2042 1
2043 1
2044 2
2045 1
2046 2
2048 2
2074 1
2075 1
2076 1
2082 1
2090 2
2093 1
2095 1
2097 1
2099 1
2101 1
2102 2
2103 1
2104 2
2105 2
2106 1
2107 2
2108 2
2109 1
2110 1
2111 1
2112 1
2114 1
2115 1
2116 1
2118 2
2120 1
2121 1
2123 2
2124 1
2126 1
2127 3
2128 1
2129 2
2130 2
2131 1
2133 2
2134 5
2135 4
2137 1
2138 2
2139 3
2140 1
2141 1
2142 3
2143 2
2144 1
2145 5
2146 2
2147 3
2148 1
2149 1
2151 4
2152 1
2154 1
2155 4
2157 1
2160 1
2162 3
2166 1
2167 1
2168 3
2169 2
2170 1
2171 3
2172 3
2173 5
2176 4
2177 1
2178 2
2179 2
2180 2
2186 1
2189 1
2190 1
2191 1
2194 1
2197 1
2199 2
2200 2
2201 2
2202 1
2209 4
2210 2
2211 1
2212 3
2213 2
2214 3
2216 1
2217 1
2218 1
2221 1
2222 1
2223 2
2225 1
2226 1
2227 3
2229 1
2230 1
2231 2
2232 1
2233 2
2234 2
2235 2
2236 1
2237 4
2238 1
2239 1
2240 1
2241 1
2243 1
2248 1
2251 1
2252 3
2254 1
2256 1
2258 1
2260 2
2261 1
2262 1
2263 1
2264 2
2265 1
2267 1
2270 1
2283 1
2304 1
2322 1
2339 1
2345 3
2346 1
2349 1
2351 4
2353 2
2354 5
2356 1
2358 1
2359 2
2361 2
2362 3
2363 1
2364 3
2365 1
2366 2
2367 1
2368 3
2369 1
2370 1
2372 2
2373 3
2374 2
2375 2
2376 1
2378 3
2379 2
2380 3
2381 5
2382 3
2383 1
2384 2
2385 2
2386 3
2387 2
2388 2
2389 1
2390 1
2392 6
2393 1
2394 4
2395 3
2396 5
2397 4
2398 2
2399 1
2400 1
2401 3
2402 3
2404 2
2405 2
2406 4
2407 6
2408 1
2409 1
2410 2
2411 2
2412 3
2413 3
2416 4
2417 1
2418 1
2419 1
2421 1
2422 2
2423 1
2424 1
2425 4
2428 2
2429 3
2431 1
2432 3
2433 1
2434 1
2435 2
2436 3
2437 2
2438 3
2439 3
2440 1
2441 2
2442 1
2443 1
2444 3
2445 3
2446 1
2447 3
2448 2
2449 1
2456 1
2457 4
2458 3
2459 1
2460 1
2461 1
2462 1
2464 4
2465 3
2467 2
2468 4
2469 3
2471 4
2472 1
2473 3
2475 1
2476 1
2478 1
2480 1
2481 3
2484 1
2485 1
2486 1
2488 2
2489 1
2490 1
2492 1
2493 1
2494 3
2495 3
2496 1
2497 2
2498 1
2499 2
2500 1
2501 2
2502 2
2503 6
2504 2
2505 3
2506 2
2507 1
2508 3
2509 1
2510 4
2511 1
2512 4
2513 2
2514 1
2522 2
2523 2
2538 1
2562 1
2568 1
2571 1
2572 2
2574 1
2578 1
2579 1
2582 2
2583 2
2585 1
2586 1
2587 1
2588 1
2589 2
2590 2
2591 3
2592 2
2593 2
2596 3
2597 7
2598 2
2599 3
2600 1
2601 2
2602 2
2603 3
2604 4
2605 3
2606 4
2607 3
2608 4
2609 5
2610 3
2611 3
2612 6
2613 2
2614 6
2615 3
2616 1
2617 3
2618 1
2619 2
2621 5
2622 3
2623 3
2624 6
2625 3
2626 1
2627 5
2628 3
2629 5
2630 3
2631 6
2632 2
2633 6
2634 3
2635 2
2636 3
2637 1
2638 4
2639 3
2640 1
2641 6
2642 3
2643 5
2644 5
2645 2
2646 3
2647 6
2648 3
2649 7
2650 3
2651 4
2652 1
2653 3
2654 8
2655 2
2656 5
2657 4
2658 5
2659 12
2660 1
2661 5
2662 5
2663 6
2664 2
2665 5
2666 5
2667 4
2668 2
2669 10
2670 6
2671 4
2672 5
2673 9
2674 5
2675 6
2677 4
2678 6
2679 2
2680 5
2681 2
2682 2
2683 2
2684 1
2686 4
2687 4
2688 2
2689 2
2690 6
2691 2
2692 2
2693 1
2694 4
2695 2
2696 1
2698 4
2699 5
2700 4
2701 2
2702 1
2703 1
2704 2
2705 1
2706 2
2707 3
2708 1
2709 2
2711 4
2712 2
2714 2
2715 2
2716 2
2717 1
2718 3
2719 1
2720 4
2721 2
2722 2
2723 1
2724 2
2725 3
2726 3
2727 4
2728 6
2729 5
2730 1
2731 2
2732 4
2733 2
2734 3
2735 4
2736 3
2737 3
2739 1
2741 1
2742 2
2743 5
2744 3
2747 3
2748 4
2750 1
2752 2
2755 2
2756 1
2757 1
2760 1
2762 1
2763 1
2768 1
2773 1
2774 1
2794 1
2804 1
2806 1
2809 2
2811 1
2815 2
2818 1
2819 1
2820 2
2823 1
2825 1
2826 1
2828 3
2829 2
2830 2
2831 1
2832 1
2833 1
2834 1
2835 1
2837 1
2839 1
2844 1
2845 1
2846 1
2847 1
2850 1
2851 2
2852 1
2853 1
2854 6
2855 3
2856 1
2857 3
2858 1
2860 1
2861 4
2862 4
2863 6
2864 2
2865 2
2866 4
2867 1
2869 2
2870 5
2871 4
2872 7
2873 2
2874 1
2875 2
2876 1
2877 2
2878 1
2879 3
2881 3
2882 3
2883 3
2884 3
2885 5
2886 1
2887 1
2888 3
2889 2
2890 2
2891 1
2892 1
2893 2
2894 5
2895 1
2896 1
2897 1
2898 1
2899 4
2900 3
2901 1
2902 4
2904 3
2906 2
2907 2
2908 2
2910 1
2913 2
2914 2
2915 1
2917 1
2918 3
2919 1
2920 1
2921 1
2923 1
2924 1
2925 1
2926 1
2927 1
2928 3
2929 1
2930 1
2931 2
2932 2
2933 4
2934 1
2935 1
2936 3
2937 2
2938 1
2939 1
2940 1
2941 1
2942 2
2943 2
2944 2
2946 1
2947 2
2948 1
2950 1
2951 1
2952 1
2953 3
2954 1
2955 2
2957 2
2958 3
2959 3
2963 1
2964 2
2965 2
2966 2
2967 2
2970 1
2975 1
2977 1
2978 1
2979 1
2980 2
2989 1
2990 1
2996 1
2998 2
3000 1
3003 1
3004 1
3005 1
3009 1
3010 1
3013 2
3017 1
3020 2
3032 1
3035 1
3039 1
3045 3
3046 1
3048 2
3049 1
3050 1
3051 1
3053 1
3054 2
3056 1
3058 1
3060 2
3066 1
3070 2
3071 1
3073 1
3074 3
3075 1
3077 2
3080 1
3081 1
3084 2
3085 1
3086 1
3091 5
3092 1
3093 1
3094 1
3095 4
3096 2
3097 3
3099 2
3100 4
3101 1
3102 2
3103 4
3104 3
3105 1
3107 2
3108 3
3109 5
3110 6
3111 3
3112 4
3113 1
3114 3
3115 2
3116 3
3117 5
3118 3
3119 4
3120 7
3121 3
3122 2
3123 4
3124 4
3125 2
3126 4
3127 4
3128 5
3129 5
3130 3
3131 4
3132 5
3133 6
3134 4
3135 6
3136 7
3137 4
3138 4
3139 2
3140 6
3141 2
3142 6
3143 4
3144 4
3145 6
3146 2
3147 3
3148 2
3149 3
3150 3
3151 1
3154 1
3155 1
3156 4
3157 3
3158 1
3159 1
3161 2
3162 3
3163 1
3166 1
3168 1
3169 1
3171 1
3173 1
3174 1
3175 1
3176 1
3177 1
3179 2
3180 1
3182 2
3184 2
3185 2
3186 1
3187 1
3188 2
3189 2
3191 3
3192 3
3194 2
3195 2
3196 2
3197 1
3198 2
3200 2
3201 2
3203 1
3204 1
3206 2
3208 1
3214 1
3215 1
3216 1
3217 2
3224 1
3225 1
3235 1
3239 1
3243 1
3250 1
3251 1
3253 1
3254 1
3255 1
3257 1
3261 2
3263 1
3264 1
3270 1
3301 1
3302 1
3303 1
3305 1
3306 1
3307 1
3309 1
3311 1
3312 2
3313 1
3314 3
3315 1
3319 3
3321 2
3322 1
3323 2
3324 1
3325 1
3326 1
3328 3
3329 3
3330 5
3331 3
3332 2
3333 1
3335 4
3336 3
3337 2
3338 1
3339 3
3340 1
3341 3
3342 2
3343 1
3344 2
3346 2
3347 3
3348 1
3349 1
3350 1
3352 3
3353 4
3354 4
3355 1
3356 2
3357 2
3358 1
3359 2
3360 1
3361 3
3363 1
3366 1
3367 3
3368 3
3370 1
3372 2
3373 1
3374 1
3379 2
3380 1
3381 1
3383 1
3384 1
3385 1
3386 1
3388 1
3390 4
3391 1
3392 3
3394 1
3395 1
3397 2
3398 4
3399 3
3400 1
3401 1
3403 1
3404 2
3407 3
3408 1
3409 1
3410 1
3411 1
3412 1
3413 2
3416 1
3417 1
3418 1
3419 2
3420 3
3421 2
3422 2
3423 1
3424 1
3425 2
3427 5
3428 2
3429 3
3430 3
3431 4
3432 2
3433 2
3434 1
3435 1
3436 3
3437 1
3438 2
3439 1
3440 1
3441 1
3442 1
3445 3
3447 2
3449 3
3452 1
3455 1
3456 1
3458 1
3460 1
3462 1
3463 1
3467 1
3476 1
3479 1
3502 1
3503 1
3504 1
3505 1
3506 1
3509 1
3511 1
3514 1
3517 1
3518 1
3523 1
3525 2
3527 2
3530 1
3532 1
3538 2
3539 1
3540 1
3541 1
3548 2
3550 1
3551 2
3554 1
3555 1
3557 2
3559 3
3561 1
3562 1
3563 1
3564 3
3565 2
3566 1
3567 1
3568 1
3569 1
3570 2
3571 1
3572 2
3573 2
3574 2
3575 2
3576 1
3577 1
3580 1
3582 1
3583 3
3584 2
3585 2
3587 3
3588 2
3589 4
3592 1
3593 4
3594 2
3595 1
3596 3
3597 2
3598 2
3599 5
3600 2
3601 3
3602 6
3603 2
3604 4
3605 4
3606 1
3607 4
3608 2
3609 1
3610 5
3611 1
3612 4
3613 5
3614 5
3615 5
3616 6
3617 5
3618 8
3619 6
3620 3
3621 11
3622 4
3623 6
3624 3
3625 8
3626 4
3627 6
3628 3
3629 2
3631 2
3632 4
3633 5
3634 2
3635 4
3636 2
3637 7
3638 2
3639 8
3640 5
3641 7
3642 7
3643 5
3644 2
3645 6
3646 2
3647 5
3648 3
3649 1
3650 5
3651 2
3652 3
3653 6
3654 4
3655 2
3656 1
3657 5
3658 5
3660 1
3661 3
3662 1
3663 4
3664 3
3665 1
3666 3
3667 1
3669 1
3670 3
3671 1
3673 1
3674 1
3675 1
3677 4
3679 2
3680 2
3681 1
3682 1
3683 1
3684 1
3687 1
3692 1
3694 1
3697 1
3698 1
3701 1
3703 2
3704 1
3705 1
3707 1
3708 1
3709 1
3710 2
3711 1
3712 1
3713 2
3717 2
3719 2
3720 2
3721 1
3736 1
3781 1
3788 1
3790 1
3798 1
3808 2
3811 2
3816 1
3817 1
3818 1
3819 1
3826 1
3829 1
3848 1
3850 1
3851 1
3860 1
3862 2
3863 1
3864 2
3865 1
3867 2
3868 1
3869 1
3870 1
3871 2
3872 2
3873 1
3874 2
3875 2
3876 3
3877 3
3879 1
3880 2
3881 4
3882 2
3883 1
3884 1
3885 2
3886 3
3887 1
3888 2
3889 3
3890 2
3891 3
3893 3
3894 2
3895 2
3897 1
3898 2
3899 2
3900 1
3902 2
3903 3
3904 2
3905 2
3906 2
3908 6
3909 1
3911 2
3912 3
3913 2
3914 1
3915 1
3916 1
3917 1
3919 3
3920 1
3921 1
3923 1
3924 1
3925 2
3926 1
3930 2
3931 1
3968 1
3973 1
3975 1
3978 1
3985 1
3995 2
3996 2
3998 1
4000 2
4001 2
4003 1
4004 2
4005 1
4006 3
4007 1
4008 1
4010 4
4012 2
4014 3
4015 2
4016 3
4017 1
4018 2
4019 2
4022 5
4023 1
4025 3
4026 1
4029 4
4030 3
4031 1
4033 1
4035 1
4037 3
4042 1
4046 1
4048 1
4050 1
4053 1
4054 1
4055 2
4056 1
4058 1
4060 2
4062 2
4063 2
4064 2
4066 1
4068 2
4069 1
4070 1
4071 1
4072 1
4074 1
4076 1
4077 2
4082 2
4083 1
4084 2
4086 2
4087 3
4091 1
4096 1
4098 1
4099 1
4100 1
4102 1
4105 3
4106 1
4107 4
4110 1
4111 1
4114 1
4116 2
4117 2
4118 1
4119 2
4120 1
4121 1
4123 4
4124 2
4125 2
4126 2
4127 1
4128 1
4129 1
4130 1
4131 1
4132 2
4135 2
4136 2
4137 1
4139 1
4140 3
4141 3
4142 2
4143 3
4146 1
4147 1
4148 2
4149 1
4150 1
4151 1
4153 2
4155 4
4158 2
4160 3
4161 2
4162 1
4163 1
4164 1
4167 1
4172 1
4174 1
4187 2
4193 1
4199 3
4202 1
4204 1
4219 1
4238 1
4243 1
4260 1
4264 1
4265 1
4267 1
4269 1
4271 1
4272 1
4273 1
4274 3
4275 1
4276 1
4277 2
4278 1
4280 3
4283 1
4284 2
4286 2
4290 2
4291 2
4292 1
4293 2
4295 2
4296 3
4297 3
4298 2
4299 1
4300 2
4301 1
4303 1
4304 3
4307 1
4308 1
4309 1
4313 1
4316 2
4317 1
4318 1
4319 1
4323 1
4324 1
4325 1
4326 1
4332 1
4334 1
4335 1
4339 3
4340 1
4345 1
4347 1
4349 1
4353 5
4354 2
4358 1
4359 2
4360 2
4365 3
4366 1
4367 1
4368 1
4373 1
4377 1
4378 1
4379 1
4381 4
4382 2
4385 3
4387 1
4388 1
4392 1
4394 1
4395 1
4396 1
4397 1
4398 1
4399 1
4401 1
4407 2
4408 1
4410 1
4413 3
4414 1
4419 1
4422 1
4423 1
4426 1
4429 1
4435 1
4442 1
4445 1
4450 1
4451 1
4455 1
4462 1
4464 1
4468 2
4474 1
4478 1
4480 1
4487 1
4534 1
4553 1
4556 1
4558 1
4702 1
4711 1
4712 1
4715 1
4799 1
4804 1
5055 1
5065 1
5187 1
5256 1
5558 1
5565 1
5649 1
5709 1
5726 1
5769 1
5791 1
5796 1
5797 1
5798 1
5801 1
5803 1
5804 1
5806 1
5811 1
5815 1
5962 1
5975 1
5983 1
5984 1
5986 1
6006 1
6031 1
6049 1
6057 1
6147 1
6309 1
6464 1
6474 1
6476 1
6477 1
6484 1
6486 1
6487 1
6488 1
6496 1
6574 1
6682 1
6717 1
6826 1
6957 1
6990 1
7124 1
7461 1
7639 1
8258 1
8618 1
8640 2
8869 1
8875 1
8880 2
8883 1
8884 1
8898 1
8900 1
8985 1
9073 1
9096 1
9098 1
9111 1
9115 1
9127 1
9129 1
9132 1
9138 1
9576 1
9592 1
9605 1
9759 1
9813 1
10001 10
