1 19326274
2 13311990
3 9362012
4 7152778
5 5728222
6 4606746
7 3641182
8 2868332
9 2307685
10 1903777
11 1623429
12 1396383
13 1193987
14 1005796
15 827575
16 668929
17 534847
18 432853
19 364276
20 327866
21 312979
22 315966
23 332806
24 360658
25 394160
26 428153
27 461148
28 492383
29 525267
30 552257
31 572083
32 590967
33 604610
34 616000
35 620881
36 627489
37 627132
38 628031
39 623138
40 613973
41 599225
42 580949
43 560782
44 533548
45 508911
46 478034
47 449647
48 421797
49 398061
50 376581
51 358542
52 344782
53 333073
54 325092
55 318635
56 312059
57 305624
58 298760
59 290272
60 279617
61 268150
62 252464
63 235312
64 217627
65 198199
66 178060
67 160323
68 142488
69 125746
70 111896
71 100508
72 91920
73 86268
74 83266
75 85211
76 90287
77 97357
78 108107
79 121227
80 136469
81 154314
82 174384
83 196122
84 220262
85 244706
86 270058
87 296086
88 321192
89 346923
90 372060
91 393419
92 413677
93 432921
94 450562
95 464408
96 475914
97 487067
98 494889
99 499226
100 501193
101 500983
102 497901
103 495158
104 486568
105 476700
106 466665
107 454057
108 440263
109 426068
110 410139
111 393561
112 376214
113 357754
114 339185
115 320812
116 303941
117 283895
118 264711
119 247985
120 230061
121 213110
122 195105
123 179120
124 162591
125 148406
126 133358
127 120768
128 108031
129 96166
130 85710
131 75928
132 67128
133 59290
134 52273
135 45725
136 40224
137 35823
138 31685
139 28502
140 25672
141 23204
142 20761
143 19150
144 17748
145 16294
146 14984
147 14289
148 13241
149 12602
150 11924
151 11395
152 10667
153 10342
154 9787
155 9282
156 8564
157 8104
158 7800
159 7265
160 6806
161 6265
162 5902
163 5821
164 5314
165 4923
166 4616
167 4273
168 4128
169 4017
170 3862
171 3691
172 3519
173 3535
174 3422
175 3284
176 3189
177 3233
178 3289
179 3284
180 3209
181 3254
182 3210
183 3158
184 3259
185 3124
186 3076
187 3091
188 3009
189 2976
190 3042
191 2956
192 2801
193 2775
194 2703
195 2626
196 2564
197 2520
198 2385
199 2294
200 2295
201 2156
202 2159
203 2183
204 2185
205 2146
206 2083
207 1978
208 2042
209 1946
210 1908
211 1844
212 1820
213 1800
214 1736
215 1653
216 1626
217 1532
218 1498
219 1516
220 1455
221 1363
222 1360
223 1320
224 1323
225 1305
226 1278
227 1248
228 1206
229 1127
230 1197
231 1138
232 1050
233 1045
234 959
235 919
236 859
237 862
238 775
239 764
240 761
241 794
242 734
243 684
244 643
245 658
246 630
247 560
248 529
249 491
250 510
251 402
252 376
253 415
254 367
255 388
256 351
257 315
258 304
259 305
260 268
261 273
262 254
263 267
264 237
265 266
266 210
267 231
268 198
269 208
270 185
271 186
272 179
273 181
274 213
275 201
276 192
277 206
278 178
279 179
280 184
281 212
282 226
283 255
284 214
285 247
286 270
287 256
288 261
289 253
290 266
291 257
292 284
293 275
294 282
295 275
296 237
297 268
298 264
299 251
300 240
301 253
302 235
303 252
304 251
305 251
306 265
307 266
308 252
309 268
310 251
311 249
312 266
313 232
314 249
315 259
316 295
317 269
318 293
319 286
320 289
321 264
322 292
323 273
324 300
325 255
326 269
327 257
328 270
329 307
330 263
331 299
332 302
333 273
334 288
335 276
336 260
337 267
338 260
339 274
340 254
341 270
342 295
343 297
344 260
345 243
346 283
347 287
348 268
349 266
350 246
351 263
352 240
353 266
354 244
355 260
356 275
357 237
358 225
359 228
360 250
361 212
362 205
363 224
364 242
365 213
366 195
367 220
368 208
369 217
370 214
371 216
372 252
373 228
374 235
375 203
376 226
377 209
378 196
379 154
380 203
381 215
382 173
383 204
384 206
385 164
386 184
387 203
388 171
389 161
390 152
391 185
392 170
393 184
394 170
395 144
396 176
397 161
398 145
399 143
400 136
401 152
402 143
403 118
404 131
405 134
406 141
407 137
408 145
409 150
410 149
411 137
412 143
413 134
414 152
415 118
416 127
417 131
418 98
419 81
420 93
421 95
422 86
423 82
424 79
425 76
426 66
427 60
428 62
429 54
430 62
431 61
432 59
433 58
434 51
435 47
436 60
437 38
438 70
439 63
440 50
441 51
442 51
443 53
444 82
445 71
446 71
447 72
448 76
449 53
450 79
451 67
452 80
453 39
454 62
455 64
456 66
457 67
458 72
459 82
460 95
461 65
462 58
463 73
464 72
465 88
466 95
467 83
468 98
469 111
470 81
471 108
472 101
473 113
474 126
475 96
476 120
477 129
478 115
479 109
480 123
481 108
482 101
483 117
484 131
485 99
486 113
487 98
488 98
489 99
490 118
491 83
492 104
493 95
494 107
495 109
496 109
497 105
498 108
499 115
500 119
501 116
502 112
503 114
504 120
505 108
506 92
507 104
508 100
509 104
510 86
511 87
512 78
513 70
514 96
515 75
516 78
517 84
518 78
519 88
520 76
521 82
522 72
523 74
524 58
525 80
526 67
527 68
528 78
529 57
530 73
531 70
532 54
533 57
534 59
535 40
536 70
537 46
538 66
539 36
540 67
541 50
542 60
543 54
544 58
545 52
546 49
547 67
548 71
549 68
550 54
551 59
552 68
553 68
554 42
555 47
556 65
557 59
558 55
559 49
560 54
561 60
562 44
563 42
564 54
565 42
566 54
567 46
568 28
569 39
570 46
571 49
572 27
573 44
574 30
575 31
576 27
577 25
578 32
579 25
580 31
581 26
582 26
583 34
584 38
585 26
586 24
587 31
588 27
589 30
590 29
591 26
592 41
593 31
594 37
595 35
596 20
597 34
598 36
599 32
600 27
601 36
602 28
603 42
604 29
605 43
606 39
607 41
608 21
609 25
610 33
611 31
612 16
613 21
614 25
615 18
616 16
617 16
618 16
619 18
620 21
621 24
622 23
623 24
624 16
625 15
626 26
627 21
628 22
629 28
630 24
631 20
632 20
633 33
634 25
635 38
636 29
637 31
638 33
639 23
640 28
641 29
642 33
643 30
644 21
645 41
646 31
647 22
648 27
649 27
650 21
651 22
652 25
653 26
654 35
655 30
656 26
657 29
658 24
659 15
660 22
661 16
662 19
663 19
664 28
665 18
666 27
667 23
668 26
669 23
670 20
671 26
672 20
673 25
674 28
675 20
676 20
677 17
678 18
679 25
680 25
681 25
682 18
683 25
684 16
685 13
686 15
687 22
688 17
689 13
690 24
691 15
692 14
693 20
694 15
695 12
696 18
697 22
698 16
699 14
700 19
701 25
702 16
703 8
704 13
705 14
706 20
707 17
708 7
709 13
710 8
711 13
712 16
713 13
714 21
715 14
716 12
717 11
718 16
719 14
720 21
721 12
722 15
723 19
724 19
725 15
726 21
727 17
728 17
729 23
730 11
731 7
732 25
733 18
734 28
735 27
736 23
737 30
738 23
739 20
740 17
741 26
742 16
743 24
744 27
745 23
746 21
747 20
748 28
749 22
750 17
751 27
752 21
753 22
754 17
755 27
756 18
757 38
758 25
759 37
760 31
761 27
762 24
763 16
764 21
765 26
766 23
767 14
768 12
769 14
770 23
771 28
772 15
773 17
774 15
775 13
776 11
777 14
778 11
779 15
780 13
781 9
782 10
783 13
784 8
785 11
786 8
787 6
788 9
789 9
790 10
791 6
792 10
793 6
794 11
795 9
796 10
797 8
798 10
799 5
800 6
801 14
802 6
803 9
804 11
805 8
806 4
807 13
808 6
809 9
810 5
811 8
812 8
813 6
814 8
815 3
816 3
817 8
818 3
819 7
820 10
821 6
822 9
823 10
824 5
825 12
826 6
827 10
828 3
829 5
830 4
831 7
832 5
833 5
834 1
835 3
836 5
837 4
838 3
839 5
840 3
841 4
842 4
843 2
844 7
845 5
846 5
847 5
848 4
849 6
850 8
851 12
852 7
853 7
854 6
855 6
856 5
857 10
858 9
859 5
860 3
861 4
862 7
863 6
864 6
865 8
866 5
867 5
868 4
869 5
870 5
871 4
872 1
873 4
874 4
875 1
876 4
877 3
878 4
879 5
880 6
881 4
882 3
883 8
884 1
885 2
886 5
887 8
888 6
889 5
890 2
891 2
892 3
893 3
894 2
895 2
896 6
897 6
898 2
899 7
900 3
901 2
902 4
903 7
904 5
905 4
906 4
907 7
908 5
909 11
910 7
911 4
912 8
913 5
914 7
915 5
916 3
917 1
918 1
919 6
920 5
921 4
922 1
923 6
924 5
925 3
926 1
927 4
928 7
929 5
930 2
931 2
932 1
933 1
934 3
935 3
936 5
937 2
938 2
939 2
940 4
941 4
942 2
943 1
944 3
945 2
946 3
947 1
948 3
949 2
951 6
952 2
953 6
954 6
955 5
956 2
957 2
958 3
959 4
960 1
961 3
962 3
963 6
964 7
965 2
966 3
967 4
968 4
969 3
970 3
971 4
972 2
973 5
974 3
975 4
976 7
977 3
978 4
979 4
980 6
981 3
982 3
983 3
984 2
985 3
986 5
987 3
988 2
989 2
990 3
991 2
992 2
993 2
994 4
995 5
996 2
997 3
998 7
999 3
1000 2
1001 2
1002 4
1003 3
1004 5
1005 4
1006 1
1007 4
1008 12
1009 3
1010 6
1011 9
1012 11
1013 6
1014 2
1015 2
1016 3
1017 7
1018 7
1019 5
1020 4
1021 2
1022 8
1023 5
1025 5
1026 5
1027 4
1028 2
1029 5
1030 3
1031 2
1032 5
1033 1
1034 3
1035 5
1036 5
1037 4
1038 11
1039 7
1040 2
1041 2
1042 5
1043 3
1044 2
1045 2
1046 3
1047 1
1048 2
1049 9
1050 4
1051 5
1052 6
1053 3
1054 8
1055 11
1056 6
1057 3
1058 8
1059 7
1060 4
1061 3
1062 4
1063 8
1064 6
1065 11
1066 6
1067 2
1068 5
1069 6
1070 7
1071 7
1072 5
1073 4
1074 11
1075 4
1076 8
1077 5
1078 7
1079 5
1080 2
1081 3
1082 3
1083 6
1084 4
1085 7
1086 10
1087 6
1088 4
1089 6
1090 8
1091 9
1092 6
1093 12
1094 7
1095 1
1096 8
1097 7
1098 3
1100 3
1101 5
1102 4
1103 3
1104 2
1105 1
1107 2
1108 2
1109 5
1110 5
1111 2
1112 1
1113 2
1115 7
1116 8
1117 4
1118 2
1119 2
1120 4
1121 2
1122 3
1123 9
1124 4
1125 6
1126 5
1127 3
1128 3
1129 7
1130 6
1131 4
1132 4
1133 3
1134 4
1135 5
1136 5
1137 3
1138 5
1139 4
1140 3
1141 1
1142 4
1143 1
1145 5
1146 4
1147 1
1148 2
1149 4
1151 1
1152 2
1153 2
1154 4
1155 4
1156 2
1157 1
1158 7
1159 1
1160 3
1161 3
1162 4
1163 1
1164 1
1165 1
1166 3
1167 5
1168 2
1169 5
1170 4
1171 3
1172 10
1173 6
1174 2
1175 5
1176 6
1177 4
1178 4
1179 3
1180 3
1181 4
1182 4
1183 5
1184 3
1185 6
1186 3
1187 7
1188 7
1189 3
1190 2
1191 3
1192 2
1193 2
1194 6
1195 2
1196 1
1197 6
1198 3
1199 3
1200 4
1201 4
1202 9
1203 4
1204 1
1205 11
1207 7
1208 7
1209 5
1210 7
1211 4
1212 6
1213 3
1214 1
1215 1
1216 1
1217 2
1218 2
1219 2
1220 1
1222 3
1224 3
1225 2
1226 2
1229 3
1230 2
1231 6
1232 4
1233 5
1234 2
1235 5
1236 1
1237 6
1238 3
1239 5
1240 4
1241 4
1242 5
1243 5
1244 6
1245 6
1246 5
1247 6
1248 11
1249 4
1250 3
1251 3
1252 3
1253 6
1254 4
1255 1
1256 7
1257 1
1258 5
1259 5
1260 4
1261 7
1262 8
1263 3
1264 7
1265 1
1266 4
1267 6
1268 7
1269 4
1270 8
1271 8
1272 8
1273 7
1274 6
1275 9
1276 10
1277 6
1278 10
1279 7
1280 8
1281 7
1282 7
1283 6
1284 6
1285 9
1286 3
1287 6
1288 4
1289 3
1290 4
1291 3
1292 5
1293 7
1294 5
1295 4
1296 4
1297 1
1298 7
1299 3
1300 7
1301 6
1303 5
1304 4
1305 5
1306 3
1307 3
1308 6
1309 3
1310 5
1311 4
1312 3
1313 6
1314 1
1315 6
1316 3
1317 6
1318 3
1319 6
1320 3
1321 3
1322 4
1323 4
1324 6
1325 5
1326 5
1327 3
1328 6
1329 4
1330 3
1331 3
1332 4
1333 5
1335 4
1336 1
1337 2
1338 2
1339 3
1340 6
1341 1
1342 4
1343 1
1344 4
1345 1
1346 3
1347 3
1348 2
1349 2
1350 1
1351 1
1352 4
1353 4
1354 5
1355 5
1356 5
1357 3
1358 2
1359 3
1360 3
1361 6
1362 6
1363 7
1364 10
1365 7
1366 12
1367 4
1368 8
1369 4
1370 3
1371 12
1372 10
1373 5
1374 7
1375 6
1376 5
1377 8
1378 6
1379 7
1380 2
1381 5
1382 6
1383 4
1384 10
1385 2
1386 8
1387 3
1388 2
1389 9
1390 4
1391 4
1392 4
1393 3
1394 9
1395 6
1396 5
1397 11
1398 5
1399 8
1400 9
1401 10
1402 9
1403 8
1404 12
1405 10
1406 9
1407 11
1408 15
1409 12
1410 15
1411 10
1412 10
1413 13
1414 6
1415 5
1416 4
1417 6
1418 5
1419 2
1420 7
1421 3
1422 1
1423 3
1424 5
1425 3
1426 3
1427 4
1428 6
1429 5
1430 10
1431 4
1432 2
1433 9
1434 4
1435 7
1436 7
1437 5
1438 8
1439 4
1440 5
1441 10
1442 8
1443 12
1444 3
1445 6
1446 10
1447 4
1448 9
1449 6
1450 1
1451 4
1452 5
1453 5
1454 4
1455 4
1456 4
1457 2
1458 6
1459 3
1460 5
1461 5
1462 6
1463 6
1464 3
1465 5
1466 4
1467 4
1468 3
1469 1
1470 4
1471 4
1472 5
1473 3
1474 2
1475 3
1476 3
1477 2
1478 2
1479 5
1480 3
1481 4
1482 2
1483 2
1484 2
1485 3
1488 2
1489 1
1490 4
1491 4
1492 1
1494 3
1495 1
1496 3
1497 3
1498 4
1499 2
1501 2
1502 3
1503 1
1504 2
1505 2
1506 2
1507 3
1508 1
1509 2
1510 1
1512 1
1513 2
1514 2
1515 2
1516 1
1517 1
1518 1
1519 1
1520 1
1522 3
1524 2
1525 2
1526 1
1527 1
1529 4
1530 1
1531 1
1532 4
1533 3
1534 4
1535 1
1536 2
1540 2
1545 1
1549 1
1551 2
1552 1
1553 4
1556 1
1557 1
1562 1
1565 1
1566 1
1568 1
1570 1
1572 1
1573 1
1579 1
1581 2
1584 1
1586 1
1587 2
1588 1
1591 1
1594 1
1595 1
1598 1
1599 1
1600 1
1601 1
1604 2
1606 1
1608 1
1609 1
1611 2
1613 1
1614 2
1615 2
1617 2
1619 1
1620 1
1622 1
1623 3
1624 2
1625 1
1626 1
1630 1
1632 1
1633 1
1634 1
1642 1
1644 1
1645 2
1646 1
1647 1
1650 3
1651 1
1652 2
1654 2
1655 1
1658 1
1660 2
1661 1
1662 1
1663 1
1664 1
1666 2
1668 1
1669 1
1670 1
1673 1
1677 1
1678 1
1681 1
1684 1
1689 1
1690 1
1692 1
1695 1
1710 1
1712 1
1716 1
1718 1
1719 2
1720 1
1722 1
1723 1
1726 1
1727 2
1729 2
1730 1
1732 2
1733 1
1739 1
1745 1
1748 1
1749 1
1750 2
1754 1
1755 1
1756 1
1761 1
1764 2
1766 1
1768 1
1774 1
1776 1
1778 1
1780 2
1783 2
1784 1
1785 1
1789 2
1796 1
1797 2
1798 3
1799 2
1800 2
1802 1
1803 1
1804 2
1809 1
1810 1
1814 2
1815 1
1818 1
1819 2
1820 1
1828 1
1836 1
1838 2
1842 1
1850 1
1853 1
1858 1
1867 1
1869 1
1870 1
1875 1
1878 1
1880 1
1910 2
1913 1
1915 1
1916 3
1919 1
1921 2
1924 1
1926 2
1927 1
1928 2
1930 2
1934 1
1939 1
1941 2
1944 1
1948 3
1959 2
1977 1
1985 1
1994 1
2000 1
2002 1
2004 1
2006 1
2009 1
2011 1
2015 1
2018 1
2020 1
2021 3
2026 1
2035 1
2039 1
2055 1
2068 1
2071 1
2110 1
2158 1
2201 1
2208 1
2209 3
2210 1
2218 1
2221 1
2224 1
2243 1
2245 1
2254 1
2266 1
2267 1
2269 1
2270 1
2273 1
2276 1
2310 1
2312 1
2315 1
2318 1
2319 1
2323 1
2334 1
2339 1
2374 1
2382 1
2405 1
2421 1
2424 1
2426 2
2434 1
2435 1
2441 1
2447 1
2451 1
2457 1
2459 1
2482 1
2563 1
2567 1
2573 1
2574 1
2594 2
2598 1
2599 1
2602 2
2603 1
2606 1
2612 1
2632 1
2673 1
2686 1
2688 1
2764 1
2793 1
2836 1
2840 1
2841 1
2843 2
2844 1
2858 1
2883 1
2909 1
2919 1
2920 1
2923 1
2926 1
2935 1
2938 1
2939 1
2941 1
2947 1
2976 1
2977 1
2981 1
3013 1
3025 3
3030 1
3031 1
3036 1
3037 1
3038 1
3042 1
3044 2
3047 1
3049 2
3051 1
3053 1
3054 1
3055 1
3067 1
3071 2
3078 1
3079 1
3081 1
3082 1
3084 1
3094 1
3096 1
3098 1
3099 3
3100 1
3104 1
3114 1
3115 1
3138 1
3182 1
3184 1
3199 1
3201 1
3208 1
3214 1
3259 1
3314 1
3371 1
3414 1
3421 1
3425 1
3429 1
3435 1
3439 1
3441 1
3521 1
3525 1
3526 1
3644 1
3822 2
3823 1
3836 2
3842 1
3849 1
3854 1
3858 1
3862 1
3920 2
3922 1
3923 2
3926 1
3936 1
3940 1
3945 2
3953 2
3954 1
3962 1
3985 1
4036 1
4045 1
4104 1
4116 1
4527 1
4533 1
4536 1
4545 1
4551 1
4557 1
4669 1
4710 1
4712 1
4715 1
4717 1
4720 1
4723 1
4733 2
4743 1
4759 1
4763 1
4811 1
6615 1
6654 1
7019 1
7336 1
7498 1
7879 1
9912 1
10001 10
