1 13301022
2 6152016
3 4353291
4 3136985
5 2306600
6 1777038
7 1431111
8 1132588
9 872689
10 639085
11 443201
12 289810
13 178889
14 105343
15 58604
16 32362
17 18049
18 10506
19 6108
20 4263
21 3223
22 2799
23 2604
24 2705
25 2745
26 3649
27 4811
28 6742
29 9834
30 14276
31 21213
32 30111
33 42067
34 56087
35 73530
36 95414
37 119414
38 145000
39 173434
40 202087
41 229140
42 255556
43 278602
44 298274
45 311612
46 318809
47 320144
48 316533
49 306716
50 291827
51 272443
52 249599
53 224357
54 200118
55 174273
56 149335
57 125112
58 103243
59 83961
60 67150
61 53221
62 41430
63 31401
64 23771
65 17817
66 13175
67 9519
68 6826
69 4639
70 3280
71 2304
72 1659
73 1247
74 845
75 755
76 642
77 588
78 640
79 612
80 673
81 741
82 831
83 806
84 945
85 959
86 1033
87 1085
88 1029
89 1088
90 1140
91 1154
92 1235
93 1285
94 1286
95 1266
96 1187
97 1134
98 1101
99 1061
100 1037
101 994
102 976
103 939
104 835
105 768
106 703
107 625
108 594
109 560
110 494
111 436
112 451
113 385
114 352
115 347
116 303
117 297
118 297
119 289
120 331
121 324
122 323
123 289
124 314
125 334
126 333
127 390
128 375
129 432
130 436
131 454
132 503
133 479
134 460
135 481
136 436
137 381
138 397
139 408
140 378
141 355
142 345
143 341
144 284
145 297
146 276
147 222
148 226
149 189
150 182
151 144
152 150
153 140
154 130
155 159
156 122
157 125
158 119
159 122
160 127
161 142
162 131
163 129
164 121
165 122
166 152
167 143
168 146
169 114
170 158
171 155
172 149
173 155
174 179
175 161
176 151
177 154
178 180
179 139
180 148
181 176
182 139
183 162
184 162
185 140
186 168
187 149
188 157
189 123
190 139
191 138
192 115
193 131
194 92
195 109
196 96
197 97
198 113
199 90
200 108
201 149
202 121
203 144
204 140
205 139
206 133
207 143
208 122
209 132
210 125
211 103
212 118
213 86
214 115
215 89
216 103
217 107
218 106
219 103
220 98
221 108
222 92
223 85
224 91
225 110
226 88
227 93
228 119
229 72
230 82
231 73
232 93
233 74
234 104
235 83
236 91
237 96
238 91
239 93
240 95
241 98
242 93
243 88
244 94
245 99
246 89
247 79
248 89
249 92
250 81
251 93
252 71
253 92
254 77
255 73
256 68
257 65
258 49
259 54
260 57
261 55
262 80
263 60
264 61
265 36
266 50
267 49
268 55
269 60
270 53
271 58
272 39
273 45
274 39
275 33
276 38
277 33
278 46
279 41
280 39
281 55
282 41
283 50
284 49
285 29
286 35
287 39
288 40
289 48
290 31
291 27
292 36
293 28
294 31
295 30
296 32
297 30
298 40
299 23
300 33
301 25
302 17
303 17
304 29
305 19
306 14
307 14
308 14
309 7
310 12
311 17
312 12
313 18
314 7
315 12
316 8
317 13
318 8
319 10
320 10
321 11
322 11
323 5
324 11
325 9
326 6
327 9
328 3
329 4
330 6
331 7
332 9
333 3
334 9
335 5
336 1
337 5
338 2
339 8
340 4
341 1
342 4
343 8
344 2
345 4
346 6
347 4
348 9
349 4
350 6
351 9
352 5
353 10
354 8
355 5
356 5
357 3
358 1
359 6
360 5
361 6
362 4
363 8
364 4
365 4
366 3
367 7
368 7
369 4
370 4
371 3
372 9
373 6
374 3
375 3
376 10
377 3
378 3
379 6
380 5
381 4
382 2
383 3
384 2
385 6
386 4
387 6
388 4
389 4
390 2
391 8
392 7
393 6
394 3
395 3
396 3
397 5
398 10
399 7
400 2
401 5
402 2
403 2
404 1
405 5
407 3
408 2
409 2
410 2
411 3
412 3
413 2
415 1
416 7
417 1
419 11
420 9
421 7
422 9
423 6
424 4
425 7
426 9
427 8
428 7
429 6
430 10
431 13
432 6
433 7
434 5
435 7
436 4
437 7
438 8
439 8
440 3
441 11
442 6
443 9
444 7
445 7
446 3
447 4
448 6
449 8
450 4
451 5
452 6
453 10
454 11
455 10
456 11
457 15
458 7
459 18
460 11
461 15
462 8
463 18
464 9
465 10
466 4
467 5
468 9
469 13
470 11
471 10
472 10
473 7
474 7
475 7
476 11
477 11
478 5
479 15
480 6
481 14
482 9
483 14
484 10
485 4
486 10
487 6
488 4
489 7
490 6
491 5
492 4
493 5
494 9
495 9
496 9
497 3
498 10
499 12
500 13
501 10
502 14
503 17
504 9
505 16
506 11
507 12
508 14
509 18
510 9
511 19
512 12
513 6
514 6
515 6
516 11
517 5
518 3
519 7
520 11
521 4
522 6
523 7
524 3
525 9
526 4
527 4
528 1
529 5
530 4
531 6
532 5
533 7
534 7
535 11
536 11
537 4
538 3
539 8
540 5
541 8
542 9
543 6
544 4
545 7
546 2
547 4
548 5
549 6
550 2
551 6
552 6
553 7
554 4
555 6
556 3
557 13
558 3
559 7
560 9
561 11
562 15
563 8
564 3
565 11
566 6
567 7
568 9
569 4
570 9
571 9
572 15
573 9
574 4
575 6
576 13
577 3
578 10
579 6
580 10
581 5
582 7
583 5
584 16
585 8
586 6
587 7
588 4
589 8
590 6
591 6
592 9
593 4
594 4
595 1
596 3
597 8
598 8
599 7
600 7
601 4
602 10
603 10
604 9
605 9
606 7
607 9
608 10
609 6
610 11
611 8
612 6
613 6
614 6
615 5
616 7
617 13
618 4
619 6
620 4
621 3
622 6
623 5
624 8
625 1
626 3
627 9
628 4
629 3
630 13
631 7
632 2
633 6
634 7
635 6
636 5
637 5
638 6
639 9
640 8
641 10
642 7
643 8
644 7
645 5
646 4
647 5
648 2
649 6
650 6
651 5
652 2
653 3
654 11
655 3
656 4
657 9
658 4
659 12
660 5
661 7
662 5
663 5
664 6
665 3
666 2
667 5
668 7
669 3
670 8
671 3
672 3
673 5
674 3
675 6
676 4
677 3
678 4
679 9
680 4
681 9
682 7
683 8
684 5
685 7
686 7
687 3
688 4
689 3
690 3
691 8
692 6
693 4
694 1
695 9
696 9
697 5
698 1
699 5
700 2
701 3
702 5
703 3
704 1
705 4
706 3
707 4
708 2
709 2
710 2
711 2
712 4
713 5
714 3
715 5
716 4
717 6
718 1
719 3
720 3
721 2
722 4
723 2
724 1
726 1
727 2
728 3
729 4
730 3
731 9
732 6
733 3
734 7
735 7
736 5
737 6
738 15
739 6
740 5
741 9
742 9
743 9
744 13
745 8
746 5
747 7
748 12
749 3
750 3
751 5
752 4
753 4
754 3
755 2
756 8
757 2
758 2
759 2
760 1
761 3
762 4
763 2
764 5
765 2
766 13
767 8
768 11
769 7
770 6
771 6
772 6
773 7
774 10
775 7
776 9
777 11
778 7
779 5
780 11
781 8
782 8
783 8
784 8
785 14
786 7
787 8
788 8
789 15
790 6
791 9
792 3
793 1
794 4
795 6
796 2
797 4
798 1
799 1
801 1
804 1
807 1
812 4
814 1
815 2
816 1
817 1
818 2
819 1
820 4
821 3
823 4
824 2
825 3
827 5
828 1
830 3
831 2
832 1
833 1
834 1
835 2
836 3
837 1
838 2
839 2
841 1
844 2
847 1
848 3
849 1
850 2
852 4
853 1
854 1
859 1
862 1
874 1
889 1
893 1
941 1
945 1
973 1
982 1
1013 1
1051 1
1052 1
1080 1
1085 1
1088 1
1089 1
1090 1
1091 1
1093 2
1094 1
1098 2
1099 1
1102 1
1128 1
1130 1
1131 1
1139 2
1140 2
1143 1
1144 1
1151 1
1162 1
1200 1
1204 2
1205 1
1207 1
1208 1
1210 1
1211 1
1212 2
1274 1
1299 1
1335 1
1355 1
1364 1
1370 1
1376 1
1410 1
1444 1
1598 1
1601 1
1602 1
1635 1
1647 1
1652 1
1658 1
1661 1
1662 1
1663 1
1686 1
1707 1
1711 1
1715 1
1717 1
1720 2
1721 1
1723 1
1724 1
1796 1
1802 1
1813 1
1816 1
1859 1
1876 1
1960 1
1972 1
1980 1
1981 1
1988 1
1989 1
1992 1
2031 1
2084 1
2140 1
