1 19336089
2 13282871
3 9380934
4 7166161
5 5741153
6 4583876
7 3642490
8 2870498
9 2302107
10 1902358
11 1624712
12 1395492
13 1198064
14 1005503
15 821012
16 662019
17 529673
18 430416
19 364594
20 328632
21 314457
22 320076
23 338944
24 363932
25 395087
26 428848
27 462121
28 496569
29 529418
30 554973
31 576741
32 592368
33 604613
34 614212
35 621548
36 624895
37 627161
38 626624
39 619401
40 611376
41 599580
42 580924
43 559416
44 533880
45 506234
46 477509
47 450867
48 424852
49 398581
50 377040
51 358358
52 343639
53 332967
54 324178
55 317880
56 312183
57 307451
58 300609
59 292471
60 281732
61 267589
62 251203
63 234833
64 218489
65 199395
66 180057
67 159830
68 141047
69 124225
70 111514
71 99889
72 92805
73 86896
74 85151
75 86199
76 90222
77 97728
78 107704
79 120536
80 134910
81 153919
82 173528
83 194849
84 219963
85 243923
86 270065
87 295224
88 321057
89 347580
90 371126
91 394459
92 416373
93 435453
94 453458
95 470407
96 480832
97 490026
98 496674
99 501517
100 501594
101 500182
102 495817
103 490552
104 481938
105 475694
106 464448
107 452627
108 438624
109 423343
110 408159
111 389740
112 372818
113 354808
114 338730
115 319490
116 301656
117 283343
118 266360
119 246971
120 230050
121 212478
122 195487
123 178692
124 163585
125 149310
126 134088
127 121193
128 108361
129 96605
130 85683
131 75886
132 67174
133 59758
134 52311
135 45945
136 40720
137 36377
138 32036
139 28736
140 25538
141 23439
142 21133
143 19083
144 17961
145 16306
146 15468
147 14390
148 13514
149 12753
150 12227
151 11530
152 10811
153 10223
154 9854
155 9315
156 8967
157 8442
158 7866
159 7256
160 6684
161 6503
162 5921
163 5428
164 5194
165 4902
166 4644
167 4393
168 4210
169 4125
170 3756
171 3644
172 3416
173 3412
174 3339
175 3252
176 3092
177 3164
178 3078
179 3068
180 3176
181 3113
182 3253
183 3180
184 3188
185 3091
186 3069
187 2989
188 3029
189 3045
190 3047
191 2988
192 3004
193 2898
194 2862
195 2886
196 2814
197 2751
198 2733
199 2534
200 2522
201 2438
202 2219
203 2261
204 2221
205 2080
206 2075
207 2094
208 1872
209 1861
210 1839
211 1794
212 1782
213 1734
214 1724
215 1653
216 1578
217 1561
218 1552
219 1515
220 1475
221 1464
222 1457
223 1383
224 1354
225 1299
226 1218
227 1241
228 1145
229 1141
230 1085
231 1066
232 1000
233 955
234 964
235 924
236 857
237 798
238 784
239 820
240 806
241 756
242 745
243 713
244 667
245 653
246 595
247 569
248 537
249 512
250 457
251 446
252 426
253 417
254 413
255 353
256 365
257 364
258 344
259 366
260 314
261 283
262 281
263 255
264 261
265 250
266 250
267 242
268 233
269 212
270 224
271 228
272 238
273 250
274 274
275 254
276 248
277 231
278 247
279 250
280 261
281 270
282 270
283 254
284 235
285 251
286 244
287 226
288 250
289 223
290 230
291 238
292 250
293 245
294 249
295 287
296 276
297 263
298 247
299 257
300 251
301 285
302 270
303 243
304 218
305 243
306 241
307 242
308 245
309 221
310 247
311 236
312 237
313 261
314 281
315 246
316 303
317 249
318 248
319 247
320 222
321 239
322 242
323 232
324 252
325 263
326 295
327 274
328 257
329 281
330 287
331 280
332 283
333 309
334 284
335 301
336 282
337 255
338 270
339 251
340 288
341 258
342 262
343 236
344 255
345 255
346 245
347 257
348 244
349 221
350 254
351 240
352 228
353 229
354 276
355 243
356 221
357 242
358 261
359 247
360 254
361 235
362 284
363 263
364 260
365 264
366 243
367 247
368 284
369 248
370 226
371 236
372 219
373 194
374 215
375 214
376 191
377 218
378 211
379 211
380 183
381 180
382 158
383 170
384 171
385 154
386 162
387 153
388 140
389 166
390 142
391 156
392 135
393 153
394 135
395 116
396 146
397 130
398 145
399 142
400 131
401 128
402 119
403 140
404 129
405 117
406 129
407 129
408 122
409 122
410 123
411 99
412 110
413 107
414 103
415 99
416 83
417 80
418 113
419 82
420 89
421 82
422 75
423 92
424 96
425 83
426 89
427 105
428 97
429 82
430 98
431 91
432 86
433 73
434 74
435 80
436 55
437 65
438 55
439 49
440 70
441 47
442 42
443 46
444 55
445 55
446 52
447 59
448 56
449 58
450 76
451 66
452 74
453 85
454 75
455 83
456 79
457 68
458 95
459 72
460 90
461 113
462 88
463 83
464 83
465 105
466 83
467 98
468 83
469 102
470 83
471 88
472 66
473 75
474 83
475 100
476 74
477 85
478 98
479 95
480 105
481 106
482 113
483 128
484 121
485 108
486 114
487 105
488 99
489 124
490 116
491 127
492 105
493 125
494 144
495 126
496 136
497 131
498 114
499 132
500 159
501 108
502 129
503 105
504 113
505 123
506 120
507 104
508 112
509 120
510 105
511 90
512 90
513 104
514 86
515 99
516 97
517 82
518 96
519 99
520 86
521 85
522 71
523 85
524 69
525 63
526 71
527 76
528 74
529 63
530 53
531 52
532 70
533 61
534 49
535 70
536 59
537 58
538 48
539 54
540 54
541 52
542 61
543 52
544 49
545 52
546 44
547 56
548 52
549 52
550 54
551 52
552 45
553 45
554 37
555 47
556 24
557 32
558 26
559 29
560 35
561 28
562 22
563 30
564 37
565 38
566 29
567 33
568 38
569 44
570 28
571 30
572 41
573 45
574 28
575 24
576 30
577 36
578 34
579 30
580 45
581 39
582 28
583 44
584 28
585 31
586 37
587 41
588 30
589 42
590 41
591 22
592 24
593 20
594 32
595 33
596 29
597 37
598 30
599 26
600 31
601 29
602 23
603 32
604 22
605 30
606 25
607 31
608 23
609 38
610 28
611 27
612 23
613 33
614 33
615 22
616 28
617 18
618 29
619 29
620 26
621 30
622 26
623 30
624 31
625 40
626 38
627 38
628 35
629 35
630 22
631 30
632 28
633 35
634 28
635 22
636 26
637 22
638 26
639 38
640 24
641 27
642 24
643 33
644 18
645 33
646 30
647 21
648 23
649 28
650 30
651 22
652 19
653 19
654 14
655 29
656 20
657 14
658 20
659 21
660 16
661 14
662 18
663 16
664 16
665 15
666 23
667 19
668 16
669 14
670 20
671 9
672 18
673 24
674 18
675 14
676 15
677 24
678 19
679 15
680 21
681 24
682 16
683 10
684 26
685 15
686 13
687 14
688 13
689 22
690 20
691 17
692 13
693 18
694 21
695 15
696 23
697 23
698 26
699 11
700 26
701 19
702 19
703 19
704 16
705 10
706 18
707 19
708 10
709 16
710 27
711 18
712 21
713 16
714 14
715 15
716 19
717 31
718 22
719 29
720 25
721 16
722 25
723 32
724 28
725 30
726 24
727 18
728 19
729 22
730 19
731 17
732 22
733 33
734 17
735 18
736 24
737 17
738 28
739 23
740 36
741 17
742 31
743 31
744 18
745 15
746 26
747 14
748 16
749 12
750 15
751 23
752 16
753 20
754 19
755 18
756 11
757 17
758 13
759 21
760 14
761 19
762 26
763 17
764 29
765 24
766 26
767 13
768 21
769 18
770 23
771 19
772 14
773 20
774 11
775 16
776 19
777 12
778 14
779 14
780 13
781 16
782 20
783 14
784 2
785 13
786 11
787 11
788 9
789 14
790 17
791 9
792 6
793 16
794 9
795 17
796 8
797 12
798 10
799 12
800 4
801 11
802 13
803 7
804 12
805 6
806 6
807 8
808 10
809 8
810 5
811 8
812 5
813 4
814 8
815 5
816 6
817 8
818 8
819 7
820 5
821 3
822 3
823 8
824 5
825 7
826 7
827 9
828 7
829 11
830 8
831 8
832 5
833 12
834 12
835 8
836 9
837 4
838 7
839 8
840 7
841 5
842 4
843 4
844 4
845 5
846 6
847 3
848 5
849 5
850 5
851 3
852 8
853 3
854 5
855 6
856 3
857 3
858 10
859 6
860 7
861 4
862 6
863 3
865 2
866 3
867 4
868 2
869 3
870 7
871 4
872 8
873 3
874 3
875 9
876 7
877 4
878 7
879 3
880 5
881 6
882 3
883 2
884 2
885 2
886 6
887 7
888 4
889 2
890 6
891 6
892 5
893 2
894 2
895 9
896 4
897 2
898 8
899 5
900 7
901 3
902 4
903 2
904 9
905 3
906 7
907 4
908 6
909 9
910 5
911 4
912 5
913 10
914 5
915 5
916 9
917 4
918 9
919 4
920 4
921 3
922 2
923 3
924 6
925 4
926 4
927 4
928 5
929 9
930 4
931 5
932 3
933 7
934 3
935 5
936 3
937 3
938 7
939 4
940 6
941 2
943 4
944 1
945 2
946 2
947 3
948 3
949 3
951 1
953 1
956 3
957 2
958 1
959 4
960 1
962 2
963 1
964 8
965 5
966 2
967 5
968 5
969 3
970 3
971 3
972 6
973 4
974 7
975 2
976 3
977 7
978 5
979 5
980 3
981 6
982 3
983 4
984 4
985 4
986 3
987 1
988 1
989 6
990 5
991 1
992 3
993 7
994 2
995 5
996 4
997 1
998 3
999 5
1000 4
1001 5
1002 1
1003 2
1004 2
1005 6
1006 4
1007 6
1008 6
1009 4
1010 4
1011 5
1012 4
1013 6
1014 3
1015 4
1016 4
1017 4
1018 2
1019 10
1020 3
1021 3
1022 5
1023 3
1024 6
1025 5
1026 2
1027 2
1028 3
1029 4
1030 3
1031 4
1032 2
1033 1
1034 5
1035 1
1036 1
1037 3
1038 1
1039 5
1041 5
1042 4
1044 7
1045 6
1046 4
1047 4
1048 5
1049 5
1050 3
1051 5
1052 6
1053 4
1054 5
1055 6
1056 2
1057 6
1059 7
1060 5
1061 3
1062 3
1063 8
1064 4
1065 9
1066 4
1067 7
1068 6
1069 5
1070 5
1071 7
1072 11
1073 9
1074 3
1075 2
1076 7
1077 3
1078 4
1079 4
1080 5
1081 2
1082 3
1083 5
1084 7
1085 8
1086 6
1087 8
1088 6
1089 8
1090 16
1091 7
1092 2
1093 8
1094 11
1095 8
1096 12
1097 4
1098 2
1099 3
1100 2
1101 2
1102 3
1103 7
1104 5
1105 5
1106 10
1107 6
1108 4
1109 3
1110 7
1111 2
1112 7
1113 5
1114 5
1115 6
1116 5
1117 5
1118 3
1119 5
1120 1
1121 4
1122 7
1123 7
1124 5
1125 6
1126 3
1127 7
1128 4
1129 3
1130 3
1131 6
1132 7
1133 9
1134 6
1136 3
1137 6
1138 2
1139 1
1140 8
1141 7
1142 3
1143 1
1144 1
1145 4
1146 2
1147 6
1148 3
1149 3
1151 4
1152 1
1153 3
1154 4
1155 2
1156 4
1157 2
1159 5
1160 4
1161 3
1162 2
1163 4
1164 2
1165 3
1166 2
1167 5
1168 4
1169 1
1170 1
1171 2
1173 1
1174 2
1175 1
1176 1
1177 2
1178 1
1179 1
1180 4
1181 4
1182 4
1183 4
1184 2
1185 5
1186 4
1187 3
1188 6
1189 5
1190 6
1191 4
1192 3
1193 3
1194 7
1195 5
1196 7
1197 2
1198 2
1199 3
1200 4
1201 3
1202 2
1203 1
1204 4
1205 2
1206 1
1207 2
1208 1
1209 2
1210 2
1211 8
1212 2
1213 2
1214 3
1215 2
1216 2
1217 5
1218 5
1219 1
1220 4
1221 2
1222 5
1223 1
1224 2
1225 5
1226 3
1227 3
1228 2
1229 4
1230 2
1231 5
1232 2
1233 3
1234 8
1235 3
1236 3
1237 6
1238 5
1239 4
1240 2
1241 3
1242 1
1243 3
1244 5
1245 5
1246 6
1247 3
1249 2
1250 4
1251 3
1252 3
1253 2
1254 6
1255 2
1256 7
1257 2
1258 4
1259 7
1260 8
1261 6
1262 7
1263 4
1264 3
1265 5
1266 5
1267 9
1268 5
1269 5
1270 5
1271 10
1272 8
1273 6
1274 8
1275 10
1276 7
1277 5
1278 3
1279 14
1280 10
1281 11
1282 9
1283 14
1284 7
1285 6
1286 8
1287 14
1288 7
1289 5
1290 3
1291 15
1292 8
1293 6
1294 4
1295 5
1296 7
1297 10
1298 7
1299 13
1300 10
1301 3
1302 7
1303 6
1304 18
1305 12
1306 4
1307 4
1308 9
1309 11
1310 3
1311 2
1312 5
1313 6
1314 2
1315 3
1316 5
1317 7
1318 5
1319 7
1320 5
1321 7
1322 3
1323 6
1324 5
1325 4
1326 5
1327 5
1328 6
1329 7
1330 4
1331 12
1332 4
1333 8
1334 7
1335 2
1336 3
1337 10
1338 3
1339 13
1340 5
1341 10
1342 6
1343 9
1344 5
1345 7
1346 8
1348 3
1349 7
1350 3
1351 6
1352 5
1353 4
1354 1
1355 3
1356 6
1357 8
1358 2
1359 5
1360 5
1361 6
1362 7
1363 2
1364 4
1365 7
1366 1
1367 3
1368 4
1369 6
1370 7
1371 6
1372 4
1373 7
1374 2
1375 3
1376 9
1377 10
1378 7
1379 5
1380 9
1381 12
1382 7
1383 8
1384 5
1385 13
1386 9
1387 8
1388 6
1389 9
1390 11
1391 6
1392 13
1393 4
1394 4
1395 7
1396 6
1397 5
1398 4
1399 10
1400 6
1401 3
1402 8
1403 2
1404 3
1405 3
1406 4
1407 7
1408 6
1409 1
1410 3
1411 6
1412 3
1413 1
1414 1
1415 3
1416 1
1417 2
1418 3
1419 3
1420 6
1421 2
1422 2
1423 2
1424 4
1425 4
1426 1
1427 2
1428 1
1429 7
1430 3
1431 2
1432 3
1433 3
1434 2
1435 1
1436 4
1437 3
1438 1
1439 1
1440 2
1441 1
1443 2
1444 3
1445 3
1446 2
1447 2
1448 1
1450 1
1451 1
1452 4
1453 2
1454 1
1455 4
1456 3
1457 2
1459 1
1460 1
1461 1
1462 4
1463 1
1464 1
1468 5
1470 2
1472 2
1474 3
1475 4
1476 3
1477 1
1478 2
1479 1
1480 2
1481 1
1482 4
1484 2
1485 1
1486 1
1487 3
1488 1
1489 1
1490 2
1491 1
1492 2
1494 1
1495 3
1496 3
1497 5
1498 2
1499 2
1500 1
1501 3
1502 2
1503 3
1504 8
1505 4
1506 2
1507 3
1508 3
1509 4
1510 3
1511 2
1512 4
1513 3
1514 7
1515 4
1516 4
1517 5
1518 3
1519 6
1520 3
1521 5
1522 6
1523 2
1524 3
1525 4
1527 4
1528 2
1529 2
1530 3
1531 5
1534 1
1535 1
1536 1
1539 1
1541 1
1543 1
1546 1
1547 1
1548 2
1549 2
1550 1
1557 2
1558 1
1559 1
1560 1
1561 1
1562 1
1563 5
1564 1
1565 2
1567 2
1568 2
1569 1
1570 1
1572 1
1573 1
1575 1
1578 1
1579 2
1580 1
1581 1
1582 1
1584 1
1585 1
1586 1
1587 2
1590 1
1593 1
1594 1
1596 1
1597 1
1598 1
1599 1
1601 3
1602 1
1604 1
1607 2
1608 1
1609 2
1611 4
1612 1
1613 3
1614 2
1616 2
1617 1
1618 3
1619 1
1620 1
1621 2
1622 1
1623 1
1625 2
1630 1
1636 1
1644 1
1649 1
1652 1
1657 1
1660 3
1661 1
1662 1
1663 1
1666 2
1667 2
1668 1
1670 2
1671 1
1672 1
1675 1
1676 2
1677 1
1688 1
1692 1
1698 1
1711 1
1714 1
1716 1
1720 1
1723 1
1724 1
1725 1
1726 1
1731 2
1732 1
1733 1
1738 1
1742 1
1744 1
1747 1
1749 1
1759 1
1762 1
1765 1
1766 1
1767 1
1774 1
1777 1
1779 1
1784 1
1787 1
1789 1
1799 1
1800 1
1801 1
1808 1
1811 2
1814 1
1817 1
1820 1
1822 1
1825 1
1827 1
1828 1
1831 3
1832 1
1833 1
1834 1
1835 1
1838 1
1839 2
1843 1
1844 2
1846 2
1849 1
1852 1
1853 3
1856 1
1857 2
1861 1
1864 3
1867 1
1868 1
1870 1
1871 1
1882 2
1891 1
1894 2
1896 1
1907 1
1910 1
1913 2
1915 1
1916 1
1922 1
1924 2
1926 1
1928 1
1930 1
1937 1
1938 1
1939 1
1940 1
1943 2
1957 1
1969 1
1979 1
2009 1
2057 1
2064 1
2118 1
2121 1
2123 1
2125 1
2127 2
2130 1
2133 2
2134 1
2135 2
2140 2
2145 1
2153 1
2155 1
2169 1
2192 1
2195 1
2207 1
2209 1
2211 2
2218 1
2221 2
2224 2
2225 1
2227 1
2228 1
2233 2
2240 1
2261 1
2268 1
2304 1
2339 1
2343 1
2360 1
2361 1
2364 1
2367 1
2369 1
2371 1
2402 1
2406 1
2416 1
2417 1
2428 1
2429 1
2433 1
2452 1
2460 1
2461 1
2463 1
2465 1
2471 1
2524 1
2529 1
2534 1
2536 1
2538 1
2540 1
2542 1
2544 1
2545 1
2547 1
2596 1
2658 1
2668 1
2672 1
2682 1
2691 1
2701 1
2710 1
2712 1
2823 1
2835 1
2854 1
2874 1
2877 1
2880 1
2889 2
2894 1
2904 1
2924 1
2931 1
2934 1
2937 1
2986 1
2992 1
3004 1
3053 1
3063 2
3064 2
3067 1
3072 1
3073 1
3076 1
3079 2
3080 1
3083 1
3084 1
3093 1
3099 1
3100 1
3112 1
3113 1
3114 1
3118 1
3121 1
3125 1
3153 1
3156 1
3162 1
3166 1
3169 1
3175 1
3190 1
3194 1
3197 1
3272 3
3273 2
3274 2
3276 1
3279 1
3280 2
3286 2
3287 2
3293 1
3298 1
3299 1
3344 1
3351 1
3405 1
3423 1
3425 1
3428 1
3433 1
3436 1
3446 1
3471 1
3474 1
3486 1
3545 1
3548 1
3550 1
3557 1
3561 1
3566 1
3575 1
3792 1
3831 1
3887 1
3893 1
3902 1
3906 1
3913 1
3918 1
3974 1
3984 1
3987 1
3989 1
3997 4
4004 1
4007 1
4018 1
4027 1
4101 1
4107 1
4266 1
4288 1
4566 1
4575 1
4582 1
4584 1
4591 1
4595 1
4645 1
4652 1
4657 2
4665 1
4667 1
4673 1
4679 1
4680 1
4681 1
4686 1
4712 1
4860 1
6650 1
6776 1
7390 1
7622 1
7671 1
8158 1
9836 1
9904 1
9905 1
9909 1
9910 1
9914 1
9915 2
9936 1
9938 1
9945 1
