1 17915251
2 13011217
3 9240847
4 7075232
5 5810815
6 4863900
7 4062025
8 3319724
9 2686753
10 2177436
11 1810591
12 1561610
13 1382653
14 1241477
15 1113222
16 978438
17 833524
18 693236
19 563992
20 457270
21 370888
22 305348
23 262788
24 239331
25 234054
26 237319
27 250723
28 271073
29 294032
30 318769
31 345181
32 369651
33 395554
34 421697
35 446722
36 463997
37 480821
38 492836
39 499784
40 507298
41 512503
42 519572
43 523782
44 526603
45 529760
46 528236
47 529477
48 524203
49 518376
50 508667
51 495840
52 477794
53 456195
54 434607
55 410374
56 385088
57 362197
58 339259
59 319819
60 300696
61 287429
62 278166
63 271333
64 266775
65 264426
66 264522
67 263646
68 262801
69 262266
70 261215
71 257075
72 250713
73 241877
74 230671
75 218398
76 203817
77 188429
78 172095
79 154899
80 138801
81 122247
82 107686
83 94736
84 82021
85 73066
86 65322
87 59796
88 55028
89 52450
90 52319
91 54680
92 58377
93 63808
94 71676
95 80701
96 91881
97 104852
98 118332
99 133797
100 150495
101 167923
102 186980
103 205834
104 224855
105 245445
106 263855
107 283260
108 303854
109 322374
110 339574
111 356567
112 371826
113 385962
114 398344
115 409381
116 418288
117 425861
118 429939
119 435545
120 435983
121 436129
122 435840
123 433160
124 427578
125 421906
126 412534
127 404180
128 395208
129 386706
130 376144
131 365801
132 352946
133 341282
134 328694
135 315780
136 303613
137 290263
138 277079
139 264060
140 250752
141 236720
142 223632
143 210895
144 197089
145 184047
146 170765
147 158813
148 145794
149 134654
150 123952
151 113252
152 102586
153 92782
154 84341
155 76222
156 68601
157 60940
158 54343
159 48221
160 43770
161 39074
162 34918
163 31100
164 27738
165 25030
166 22805
167 20550
168 18879
169 17549
170 16198
171 15047
172 14392
173 13665
174 13022
175 12606
176 11888
177 11533
178 10888
179 10353
180 9816
181 9492
182 9139
183 9064
184 8209
185 8057
186 7672
187 7424
188 6953
189 6512
190 6180
191 5880
192 5597
193 5108
194 4803
195 4539
196 4315
197 4008
198 3824
199 3682
200 3510
201 3231
202 3095
203 3016
204 2954
205 2907
206 2869
207 2823
208 2721
209 2799
210 2712
211 2749
212 2706
213 2642
214 2548
215 2664
216 2654
217 2691
218 2731
219 2721
220 2751
221 2832
222 2640
223 2702
224 2596
225 2643
226 2446
227 2481
228 2423
229 2403
230 2363
231 2389
232 2376
233 2281
234 2281
235 2260
236 2249
237 2092
238 2100
239 2069
240 1836
241 1978
242 1879
243 1879
244 1863
245 1712
246 1768
247 1666
248 1694
249 1714
250 1659
251 1580
252 1469
253 1642
254 1572
255 1520
256 1528
257 1368
258 1474
259 1493
260 1449
261 1385
262 1403
263 1293
264 1225
265 1267
266 1252
267 1179
268 1139
269 1125
270 1088
271 1040
272 999
273 1025
274 1040
275 976
276 994
277 950
278 926
279 907
280 882
281 835
282 801
283 812
284 759
285 748
286 739
287 684
288 715
289 655
290 614
291 559
292 534
293 512
294 532
295 509
296 416
297 433
298 406
299 380
300 367
301 345
302 365
303 339
304 323
305 309
306 297
307 340
308 297
309 269
310 289
311 254
312 268
313 232
314 253
315 222
316 209
317 199
318 189
319 202
320 186
321 168
322 169
323 179
324 145
325 155
326 143
327 149
328 163
329 158
330 148
331 162
332 129
333 167
334 149
335 163
336 172
337 177
338 164
339 162
340 161
341 153
342 167
343 153
344 162
345 199
346 203
347 205
348 235
349 231
350 206
351 229
352 242
353 243
354 212
355 228
356 233
357 222
358 226
359 224
360 232
361 245
362 232
363 267
364 230
365 268
366 215
367 229
368 206
369 221
370 254
371 238
372 266
373 280
374 274
375 263
376 261
377 245
378 258
379 250
380 224
381 247
382 247
383 216
384 210
385 214
386 223
387 214
388 219
389 214
390 199
391 200
392 188
393 191
394 216
395 201
396 206
397 228
398 226
399 210
400 226
401 242
402 197
403 229
404 250
405 187
406 224
407 241
408 249
409 198
410 232
411 228
412 216
413 233
414 223
415 195
416 218
417 219
418 215
419 212
420 233
421 225
422 234
423 239
424 230
425 235
426 236
427 251
428 224
429 202
430 214
431 230
432 209
433 208
434 204
435 213
436 212
437 199
438 192
439 212
440 226
441 178
442 188
443 177
444 191
445 180
446 166
447 156
448 171
449 162
450 154
451 166
452 166
453 137
454 192
455 148
456 165
457 184
458 156
459 139
460 142
461 146
462 146
463 143
464 153
465 120
466 133
467 126
468 144
469 132
470 127
471 119
472 129
473 104
474 118
475 131
476 115
477 150
478 123
479 145
480 116
481 109
482 132
483 115
484 119
485 109
486 137
487 101
488 116
489 114
490 112
491 117
492 111
493 85
494 88
495 95
496 74
497 102
498 88
499 81
500 77
501 84
502 71
503 73
504 79
505 60
506 70
507 86
508 71
509 70
510 67
511 59
512 54
513 66
514 70
515 64
516 70
517 66
518 49
519 59
520 54
521 56
522 56
523 51
524 68
525 44
526 62
527 49
528 53
529 56
530 62
531 57
532 45
533 54
534 53
535 56
536 50
537 71
538 58
539 63
540 60
541 66
542 70
543 70
544 62
545 75
546 67
547 54
548 70
549 73
550 60
551 77
552 93
553 87
554 89
555 85
556 104
557 103
558 85
559 94
560 90
561 100
562 97
563 77
564 91
565 82
566 85
567 83
568 87
569 83
570 83
571 98
572 85
573 72
574 79
575 84
576 104
577 97
578 79
579 82
580 89
581 94
582 83
583 88
584 85
585 79
586 83
587 87
588 91
589 96
590 85
591 95
592 87
593 105
594 82
595 92
596 103
597 80
598 79
599 86
600 87
601 98
602 95
603 112
604 93
605 93
606 95
607 99
608 83
609 91
610 79
611 99
612 81
613 74
614 80
615 72
616 66
617 74
618 77
619 72
620 78
621 67
622 68
623 73
624 80
625 83
626 60
627 67
628 60
629 47
630 52
631 55
632 50
633 63
634 54
635 57
636 38
637 58
638 62
639 49
640 56
641 53
642 53
643 52
644 55
645 46
646 46
647 49
648 55
649 48
650 40
651 44
652 37
653 51
654 37
655 43
656 49
657 32
658 37
659 36
660 30
661 36
662 40
663 37
664 39
665 32
666 29
667 33
668 35
669 43
670 28
671 29
672 35
673 36
674 31
675 28
676 19
677 37
678 30
679 32
680 30
681 36
682 35
683 32
684 27
685 25
686 25
687 19
688 27
689 23
690 26
691 24
692 23
693 26
694 19
695 16
696 35
697 22
698 28
699 27
700 23
701 24
702 22
703 23
704 24
705 16
706 32
707 21
708 26
709 15
710 11
711 20
712 17
713 10
714 14
715 18
716 13
717 21
718 15
719 17
720 27
721 16
722 22
723 23
724 17
725 14
726 27
727 24
728 17
729 21
730 17
731 26
732 24
733 23
734 19
735 23
736 22
737 20
738 18
739 23
740 16
741 22
742 24
743 20
744 33
745 27
746 29
747 24
748 32
749 28
750 19
751 31
752 27
753 24
754 25
755 16
756 24
757 25
758 25
759 30
760 27
761 26
762 8
763 24
764 26
765 25
766 15
767 19
768 21
769 16
770 23
771 18
772 20
773 31
774 21
775 14
776 18
777 14
778 19
779 12
780 17
781 20
782 24
783 14
784 15
785 13
786 16
787 14
788 15
789 11
790 13
791 19
792 15
793 9
794 15
795 19
796 16
797 13
798 12
799 12
800 20
801 13
802 15
803 23
804 23
805 19
806 18
807 19
808 19
809 16
810 15
811 13
812 16
813 16
814 15
815 13
816 24
817 22
818 15
819 13
820 18
821 5
822 12
823 13
824 9
825 18
826 15
827 21
828 8
829 26
830 21
831 13
832 15
833 14
834 17
835 15
836 16
837 18
838 10
839 8
840 9
841 13
842 11
843 12
844 19
845 14
846 12
847 15
848 11
849 14
850 11
851 9
852 14
853 17
854 21
855 18
856 18
857 16
858 17
859 20
860 19
861 18
862 17
863 17
864 18
865 14
866 17
867 16
868 21
869 19
870 21
871 22
872 27
873 13
874 13
875 13
876 9
877 13
878 16
879 11
880 10
881 11
882 11
883 14
884 3
885 13
886 10
887 14
888 14
889 13
890 14
891 15
892 21
893 17
894 23
895 17
896 18
897 18
898 17
899 15
900 19
901 16
902 19
903 19
904 17
905 22
906 22
907 14
908 11
909 25
910 21
911 21
912 31
913 12
914 23
915 21
916 27
917 19
918 17
919 27
920 26
921 18
922 18
923 13
924 17
925 27
926 21
927 11
928 10
929 11
930 13
931 11
932 9
933 17
934 11
935 21
936 13
937 15
938 9
939 17
940 19
941 12
942 13
943 13
944 23
945 17
946 17
947 14
948 18
949 13
950 12
951 14
952 10
953 10
954 15
955 11
956 9
957 13
958 7
959 10
960 15
961 8
962 10
963 10
964 8
965 20
966 10
967 7
968 7
969 7
970 7
971 17
972 9
973 13
974 10
975 7
976 10
977 9
978 6
979 7
980 6
981 3
982 12
983 9
984 5
985 6
986 6
987 3
988 7
989 4
990 10
991 5
992 3
993 4
994 4
995 5
996 1
997 4
998 5
999 4
1000 4
1001 3
1002 4
1003 3
1004 3
1005 2
1007 3
1008 5
1009 4
1010 5
1011 5
1012 3
1013 3
1014 2
1015 2
1016 1
1017 3
1018 2
1019 4
1020 2
1021 3
1022 3
1023 5
1024 5
1025 3
1026 7
1027 3
1028 3
1029 7
1030 1
1031 3
1032 2
1033 8
1034 6
1035 6
1036 3
1037 6
1038 5
1039 5
1040 7
1041 4
1042 7
1043 4
1044 8
1045 7
1046 11
1047 6
1048 9
1049 3
1050 5
1051 3
1052 9
1053 2
1054 6
1055 8
1056 5
1057 6
1058 6
1059 2
1060 10
1061 2
1062 3
1063 3
1064 2
1065 2
1066 2
1068 3
1069 1
1070 5
1071 2
1072 1
1073 3
1074 1
1075 1
1076 2
1077 3
1078 4
1079 2
1080 4
1081 4
1082 2
1084 3
1086 4
1087 1
1088 1
1089 5
1090 2
1091 4
1092 2
1093 5
1094 6
1095 3
1096 11
1097 3
1098 4
1099 5
1100 4
1101 5
1102 6
1103 3
1104 4
1105 2
1106 3
1107 5
1108 1
1109 1
1110 3
1111 2
1112 1
1114 2
1115 1
1117 1
1118 3
1119 1
1120 1
1121 1
1122 1
1123 1
1124 2
1125 2
1126 3
1127 2
1128 4
1129 2
1130 3
1131 3
1132 6
1133 3
1134 6
1135 4
1136 5
1137 7
1138 6
1139 4
1140 1
1141 2
1142 1
1143 5
1144 3
1145 5
1146 3
1147 6
1148 3
1149 4
1150 5
1151 6
1152 6
1153 4
1154 4
1155 6
1156 1
1157 1
1158 5
1159 3
1160 8
1161 1
1162 3
1163 4
1164 2
1165 5
1166 3
1167 1
1168 3
1169 2
1170 7
1171 3
1172 5
1174 3
1175 3
1176 3
1177 3
1178 3
1180 1
1181 2
1182 5
1183 5
1184 2
1185 2
1186 2
1187 2
1188 1
1189 1
1190 3
1191 3
1192 3
1193 4
1194 3
1195 5
1196 5
1197 2
1198 1
1199 2
1200 2
1201 5
1202 2
1203 4
1204 1
1205 4
1206 3
1207 2
1208 1
1209 4
1210 2
1211 1
1212 1
1213 2
1214 5
1215 1
1216 5
1217 5
1219 6
1220 4
1221 6
1222 2
1223 5
1224 5
1225 3
1226 3
1227 5
1228 4
1229 7
1230 5
1231 1
1232 3
1233 2
1234 4
1235 5
1236 1
1237 6
1238 5
1239 2
1240 2
1241 5
1242 1
1243 9
1244 1
1245 6
1246 1
1247 1
1248 4
1249 1
1250 4
1251 2
1252 6
1253 4
1254 4
1255 3
1256 2
1257 5
1259 3
1261 2
1262 3
1263 3
1264 2
1265 1
1266 1
1267 3
1268 3
1269 1
1270 1
1272 2
1273 3
1274 1
1275 3
1276 3
1277 3
1278 6
1279 1
1280 2
1281 3
1282 2
1283 1
1284 4
1285 2
1286 6
1287 4
1288 5
1289 1
1290 3
1291 4
1293 10
1294 3
1295 7
1296 4
1297 9
1298 12
1299 5
1300 8
1301 5
1302 4
1303 11
1304 6
1305 3
1306 7
1307 5
1308 3
1309 5
1310 6
1311 10
1312 5
1313 3
1314 5
1315 4
1316 3
1317 5
1318 6
1319 6
1320 7
1321 6
1322 9
1323 3
1324 6
1325 2
1326 6
1327 6
1328 8
1329 7
1330 6
1331 5
1332 14
1333 4
1334 3
1335 3
1336 7
1337 6
1338 5
1339 4
1340 8
1341 3
1342 5
1343 3
1344 5
1345 4
1346 6
1347 4
1348 6
1349 9
1350 3
1351 5
1352 5
1353 5
1354 6
1355 5
1356 6
1357 2
1358 3
1359 2
1360 3
1361 6
1362 2
1363 2
1364 1
1365 3
1366 3
1367 4
1368 3
1369 2
1370 3
1371 2
1372 3
1373 6
1374 4
1375 5
1376 4
1377 5
1378 2
1379 6
1380 5
1381 4
1382 3
1383 5
1384 1
1385 4
1386 3
1387 1
1388 3
1389 6
1390 5
1391 2
1392 1
1393 2
1394 2
1395 1
1396 3
1397 2
1398 3
1399 2
1400 2
1401 1
1403 2
1405 2
1407 2
1408 1
1410 1
1411 1
1412 1
1413 2
1415 1
1416 3
1421 1
1423 2
1425 3
1428 1
1429 1
1430 2
1431 1
1434 1
1435 3
1436 2
1437 1
1438 3
1439 1
1440 1
1441 3
1442 5
1443 3
1444 1
1445 2
1446 5
1447 2
1448 4
1449 2
1450 7
1451 7
1452 1
1453 3
1454 3
1455 1
1456 1
1457 2
1458 1
1459 1
1461 6
1462 1
1463 2
1464 6
1465 6
1466 2
1467 3
1468 1
1469 1
1470 2
1471 1
1472 2
1473 5
1474 1
1475 2
1476 5
1477 4
1478 5
1479 4
1480 1
1481 2
1482 4
1483 6
1484 5
1485 10
1486 9
1487 6
1488 6
1489 6
1490 5
1491 3
1492 9
1493 4
1494 4
1495 1
1496 3
1497 3
1498 2
1499 1
1500 1
1501 3
1502 4
1504 2
1505 5
1506 4
1507 5
1508 3
1509 6
1510 3
1511 6
1512 6
1513 3
1514 4
1515 2
1516 3
1517 4
1518 1
1519 7
1520 3
1521 6
1522 4
1523 10
1524 5
1525 8
1526 4
1527 2
1528 7
1529 5
1530 6
1531 3
1532 3
1533 5
1534 6
1535 5
1536 4
1537 1
1538 4
1539 8
1540 4
1541 8
1542 2
1543 1
1544 6
1545 1
1546 3
1547 2
1548 10
1549 8
1550 3
1551 6
1552 5
1553 1
1554 3
1555 5
1556 5
1557 4
1558 6
1559 4
1561 5
1562 1
1563 2
1564 3
1565 1
1566 2
1567 2
1569 4
1570 4
1571 4
1572 1
1573 3
1574 9
1575 3
1576 3
1577 2
1578 5
1579 6
1580 3
1581 7
1582 4
1583 7
1584 8
1585 2
1586 4
1587 3
1588 6
1589 1
1590 7
1591 9
1592 6
1593 5
1594 5
1595 4
1596 5
1597 7
1598 8
1599 9
1600 11
1601 4
1602 3
1603 1
1604 5
1605 2
1606 3
1607 4
1608 5
1609 5
1610 6
1611 6
1612 6
1613 7
1614 6
1615 11
1616 13
1617 3
1618 5
1619 9
1620 5
1621 6
1622 8
1623 3
1624 9
1625 9
1626 7
1627 8
1628 3
1629 8
1630 4
1631 9
1632 6
1633 10
1634 6
1635 7
1636 8
1637 9
1638 1
1639 12
1640 13
1641 9
1642 9
1643 6
1644 12
1645 8
1646 12
1647 8
1648 8
1649 10
1650 9
1651 10
1652 8
1653 5
1654 7
1655 7
1656 6
1657 5
1658 13
1659 4
1660 11
1661 16
1662 6
1663 8
1664 8
1665 9
1666 6
1667 4
1668 5
1669 5
1670 3
1671 4
1672 2
1673 3
1674 6
1675 4
1676 4
1677 1
1678 7
1679 6
1680 8
1681 4
1682 8
1683 6
1684 5
1685 2
1686 1
1687 3
1688 3
1689 6
1690 5
1691 6
1692 7
1693 3
1694 2
1696 3
1697 3
1698 2
1699 1
1700 1
1701 4
1702 5
1703 4
1704 4
1705 6
1706 4
1707 5
1708 2
1709 1
1710 2
1712 2
1713 2
1715 2
1717 1
1718 2
1720 1
1724 1
1725 1
1727 3
1728 3
1729 1
1730 1
1733 1
1736 1
1737 1
1739 5
1742 1
1743 1
1745 2
1746 2
1747 1
1749 3
1751 4
1752 2
1753 2
1754 2
1755 4
1756 3
1757 1
1759 2
1760 1
1761 1
1762 1
1763 2
1764 1
1765 4
1766 1
1769 1
1770 2
1771 4
1772 1
1773 4
1774 1
1775 2
1776 5
1777 2
1778 2
1779 2
1780 5
1781 3
1782 5
1785 2
1786 2
1787 3
1788 1
1789 2
1790 2
1792 2
1793 1
1794 1
1796 1
1798 3
1799 5
1800 1
1801 1
1802 2
1803 1
1804 2
1808 2
1813 1
1814 2
1817 2
1818 2
1820 1
1821 1
1822 3
1823 2
1826 4
1828 3
1829 1
1830 1
1831 1
1833 3
1834 4
1835 2
1837 1
1839 1
1840 1
1843 1
1845 1
1849 1
1852 1
1853 1
1855 1
1860 2
1864 1
1865 1
1866 2
1868 1
1871 1
1876 2
1877 2
1879 1
1881 1
1882 1
1883 3
1885 1
1886 1
1889 2
1890 1
1896 1
1898 1
1905 1
1909 1
1916 1
1924 1
1928 2
1930 1
1931 1
1935 1
1937 2
1938 1
1939 1
1941 1
1942 2
1946 1
1947 2
1949 1
1950 5
1951 1
1952 1
1953 2
1954 3
1955 3
1958 3
1960 2
1961 2
1962 1
1971 1
1972 1
1974 1
1975 3
1976 2
1977 1
1978 1
1980 2
1982 2
1986 1
1987 1
1988 1
1989 2
1991 2
1992 1
1994 2
1995 1
1997 1
1998 1
1999 3
2000 1
2002 1
2003 1
2004 2
2005 1
2007 1
2008 1
2010 3
2011 1
2012 1
2013 2
2014 1
2016 1
2017 1
2018 2
2021 1
2022 1
2027 2
2029 1
2031 2
2035 1
2036 1
2060 1
2065 1
2077 1
2085 1
2089 1
2106 1
2107 1
2111 1
2112 1
2114 1
2130 1
2132 1
2134 1
2138 2
2141 1
2144 1
2149 3
2151 1
2154 1
2155 1
2158 1
2159 1
2165 2
2166 1
2167 1
2169 1
2171 2
2174 1
2176 1
2177 1
2179 1
2185 2
2191 2
2192 1
2217 1
2218 1
2220 1
2226 1
2231 1
2232 1
2240 1
2242 1
2250 1
2252 1
2253 1
2257 1
2268 2
2269 1
2272 1
2276 1
2277 1
2278 1
2281 2
2283 1
2285 1
2286 1
2287 1
2293 1
2294 1
2295 1
2297 1
2301 1
2305 1
2306 1
2318 1
2321 1
2327 1
2335 2
2337 1
2338 1
2339 1
2344 1
2345 1
2350 1
2358 1
2360 1
2363 1
2365 1
2366 2
2371 1
2373 2
2383 1
2388 1
2396 1
2397 1
2398 1
2400 1
2402 1
2410 1
2431 1
2437 1
2448 1
2451 1
2460 1
2463 1
2466 1
2467 1
2469 1
2470 1
2471 1
2473 1
2474 1
2475 1
2477 1
2483 1
2493 1
2497 1
2521 1
2571 1
2573 1
2578 2
2597 2
2602 1
2604 1
2607 1
2608 1
2625 1
2628 1
2633 1
2653 1
2657 1
2658 1
2661 1
2663 1
2668 1
2674 1
2813 2
2815 1
2820 1
2821 1
2822 1
2829 1
2858 1
2896 1
2916 1
2931 1
2934 1
2940 1
2943 1
2946 1
2949 1
2952 1
2956 1
3006 1
3011 1
3027 1
3043 1
3049 1
3050 1
3053 1
3058 1
3060 1
3078 1
3090 2
3096 1
3099 1
3104 1
3107 1
3109 1
3187 1
3192 1
3197 1
3228 1
3242 1
3318 1
3393 1
3449 2
3456 1
3460 1
3463 1
3469 1
3473 1
3497 1
3514 1
3528 1
3599 1
3617 1
3626 1
3632 1
3636 1
3662 1
3671 1
3672 1
3686 1
3725 1
3726 1
3756 1
3760 1
3762 1
3777 1
3780 1
3783 1
3785 1
3789 1
3791 1
3793 1
3794 1
3796 1
3800 2
3801 1
3802 2
3804 1
3806 3
3808 1
3810 1
3821 1
3833 1
3840 2
3843 1
3844 1
3848 1
3854 1
3897 1
3904 1
3954 1
3956 1
3959 2
3960 1
3975 1
3982 1
3984 2
3987 1
3988 1
3992 2
3995 1
3996 1
3997 1
4005 1
4014 1
4030 1
4108 1
4114 1
4117 1
4180 1
4213 1
4401 1
4645 1
4648 1
4659 1
4670 1
4674 1
4678 1
4685 1
4750 1
4751 1
4753 1
4777 1
4788 1
4789 1
4799 1
4806 1
4807 1
4808 1
4810 1
4813 1
4817 1
4818 1
4895 1
4898 2
4924 1
4938 1
5115 1
5119 1
5138 1
5660 1
5662 1
5664 1
5666 1
5667 2
5670 1
5683 1
5696 1
5699 1
5701 1
5797 1
5817 1
5840 1
5845 1
5848 1
5860 1
5861 1
6012 1
8011 1
8066 1
8822 1
9079 1
9119 1
9699 1
10001 11
