1 26088602
2 11600416
3 6009056
4 3356328
5 2082705
6 1430310
7 1037952
8 782172
9 617240
10 536699
11 520932
12 549493
13 601536
14 665408
15 726920
16 766821
17 774421
18 751792
19 691496
20 612068
21 514109
22 414762
23 326521
24 245579
25 179351
26 128589
27 92012
28 64753
29 45424
30 34117
31 25501
32 19811
33 15569
34 12203
35 10175
36 8539
37 6854
38 5726
39 4621
40 3870
41 3297
42 2567
43 2125
44 1801
45 1627
46 1465
47 1245
48 1085
49 1049
50 1012
51 980
52 929
53 939
54 882
55 914
56 979
57 890
58 904
59 860
60 781
61 735
62 776
63 644
64 604
65 583
66 577
67 539
68 619
69 543
70 580
71 583
72 534
73 581
74 553
75 533
76 473
77 470
78 460
79 432
80 391
81 361
82 323
83 328
84 363
85 336
86 353
87 397
88 476
89 550
90 701
91 805
92 1003
93 1346
94 1697
95 2192
96 2712
97 3425
98 4336
99 5509
100 6871
101 8314
102 10226
103 11964
104 14598
105 17197
106 20111
107 23420
108 27362
109 30842
110 35108
111 39274
112 43346
113 47931
114 52195
115 56244
116 60049
117 64311
118 67982
119 71328
120 74041
121 75968
122 77604
123 78989
124 79213
125 78431
126 77743
127 76334
128 75177
129 72275
130 68981
131 66082
132 62343
133 58466
134 54877
135 50609
136 46153
137 42053
138 38702
139 34440
140 30076
141 26756
142 23267
143 19815
144 17347
145 14910
146 12658
147 10566
148 8900
149 7590
150 6377
151 5162
152 4254
153 3503
154 2790
155 2299
156 1872
157 1462
158 1093
159 927
160 722
161 617
162 481
163 403
164 323
165 252
166 230
167 147
168 127
169 125
170 78
171 83
172 87
173 67
174 55
175 48
176 33
177 41
178 27
179 25
180 30
181 25
182 29
183 27
184 22
185 19
186 29
187 27
188 22
189 14
190 24
191 10
192 9
193 8
194 13
195 19
196 27
197 26
198 23
199 15
200 19
201 14
202 15
203 13
204 19
205 24
206 22
207 17
208 20
209 18
210 16
211 11
212 25
213 18
214 15
215 19
216 19
217 11
218 16
219 21
220 24
221 40
222 31
223 29
224 44
225 37
226 45
227 57
228 59
229 66
230 70
231 79
232 81
233 92
234 95
235 115
236 114
237 108
238 122
239 111
240 136
241 110
242 129
243 94
244 146
245 129
246 158
247 130
248 116
249 122
250 137
251 139
252 146
253 147
254 137
255 153
256 111
257 127
258 107
259 133
260 114
261 85
262 97
263 94
264 99
265 64
266 92
267 61
268 61
269 67
270 51
271 48
272 41
273 44
274 43
275 38
276 34
277 32
278 20
279 21
280 23
281 35
282 17
283 14
284 11
285 10
286 15
287 19
288 11
289 17
290 12
291 10
292 13
293 7
294 5
295 4
296 6
297 5
298 3
299 4
300 4
301 2
302 4
303 8
304 5
305 3
306 7
307 3
308 5
309 6
310 2
311 5
312 4
313 3
314 5
315 6
316 6
317 2
318 6
319 4
320 5
321 2
322 9
323 12
324 4
325 4
326 7
327 8
328 9
329 11
330 7
331 9
332 7
333 10
334 4
335 9
336 2
337 5
338 3
339 4
340 4
341 5
342 4
344 6
345 2
346 6
347 3
348 4
349 5
350 13
351 6
352 9
353 7
354 11
355 10
356 6
357 9
358 10
359 12
360 10
361 10
362 11
363 5
364 5
365 7
366 6
367 4
368 6
369 5
370 2
371 5
372 5
373 5
374 7
375 2
376 8
377 2
378 8
379 5
380 8
381 10
382 7
383 3
384 5
385 5
386 2
387 2
388 5
389 4
390 8
391 6
392 7
393 4
394 5
395 3
396 4
397 3
398 3
399 6
400 4
401 9
402 10
403 6
404 5
405 7
406 9
407 8
408 5
409 6
410 4
411 2
412 3
413 2
414 2
415 2
416 2
417 3
418 4
419 4
420 3
421 2
422 1
423 2
424 2
425 1
428 2
431 1
434 1
436 1
438 1
439 1
440 2
444 4
445 2
446 1
447 3
448 3
450 4
451 3
452 4
453 5
454 3
455 1
456 2
457 3
458 2
459 2
460 2
462 1
463 2
464 3
467 1
468 2
469 1
470 2
471 1
472 3
473 1
474 3
475 1
477 3
482 1
485 1
486 1
489 1
491 1
493 1
494 1
496 2
497 1
498 1
499 3
501 1
502 1
504 2
505 2
506 2
508 2
509 3
510 2
511 2
514 1
516 1
519 1
520 2
523 2
525 1
526 2
528 2
529 3
530 1
536 1
548 1
549 2
550 1
551 1
567 1
568 1
569 1
572 2
576 1
580 1
581 1
582 1
584 1
585 1
588 1
589 1
590 1
594 1
598 1
599 1
613 1
614 2
615 2
625 1
628 3
631 2
634 1
642 1
643 1
649 2
720 1
724 1
727 1
738 1
743 1
745 1
746 1
751 3
752 1
753 2
754 1
756 1
757 2
758 1
759 1
760 5
761 3
763 2
764 2
766 1
767 1
768 2
769 2
770 1
773 1
841 1
848 1
853 1
859 1
889 1
994 1
998 1
1002 1
1134 1
1169 1
1240 1
1249 1
1534 2
1539 1
1543 2
1547 1
1552 2
1555 2
