1 20372057
2 7480163
3 3466545
4 2104175
5 1575994
6 1368361
7 1338025
8 1397199
9 1466772
10 1498853
11 1485294
12 1420531
13 1335025
14 1236380
15 1130542
16 1018650
17 902526
18 793453
19 689836
20 595697
21 514671
22 450690
23 400328
24 365546
25 343124
26 330289
27 324997
28 324932
29 324554
30 325382
31 327389
32 330479
33 332632
34 335095
35 335571
36 337180
37 333631
38 331265
39 326583
40 322088
41 317309
42 311069
43 301066
44 291948
45 277534
46 264369
47 244805
48 224858
49 201749
50 178545
51 156871
52 135802
53 114425
54 95814
55 78095
56 63101
57 50560
58 39978
59 30969
60 23953
61 18144
62 13475
63 10456
64 7684
65 6108
66 4728
67 3723
68 3110
69 2624
70 2263
71 1970
72 1915
73 1734
74 1743
75 1587
76 1428
77 1382
78 1385
79 1318
80 1176
81 1209
82 1092
83 1025
84 999
85 1077
86 1034
87 953
88 967
89 965
90 923
91 862
92 910
93 906
94 830
95 826
96 843
97 811
98 807
99 845
100 839
101 734
102 742
103 676
104 650
105 612
106 610
107 601
108 624
109 553
110 477
111 455
112 385
113 424
114 387
115 338
116 327
117 334
118 302
119 318
120 243
121 287
122 283
123 286
124 330
125 347
126 381
127 391
128 386
129 404
130 415
131 418
132 405
133 398
134 443
135 450
136 418
137 391
138 411
139 390
140 385
141 372
142 350
143 351
144 323
145 344
146 319
147 270
148 239
149 250
150 265
151 294
152 231
153 254
154 229
155 216
156 245
157 256
158 209
159 177
160 145
161 156
162 151
163 122
164 125
165 106
166 96
167 101
168 101
169 99
170 98
171 71
172 82
173 70
174 77
175 104
176 119
177 97
178 86
179 81
180 89
181 105
182 113
183 135
184 144
185 146
186 111
187 163
188 170
189 208
190 229
191 235
192 281
193 337
194 447
195 525
196 634
197 733
198 907
199 1090
200 1270
201 1498
202 1845
203 2227
204 2583
205 3142
206 3697
207 4200
208 4899
209 5698
210 6813
211 7683
212 8638
213 10042
214 11447
215 13009
216 14738
217 16496
218 18577
219 20477
220 23036
221 24973
222 27717
223 30099
224 33065
225 36230
226 39486
227 42522
228 45336
229 48584
230 52240
231 55285
232 59058
233 62842
234 65552
235 69579
236 73094
237 76689
238 80273
239 83491
240 86657
241 90126
242 93504
243 95744
244 98943
245 100950
246 103613
247 106371
248 108479
249 110436
250 112453
251 113953
252 114652
253 116669
254 117094
255 117634
256 117156
257 117424
258 116412
259 116372
260 114949
261 114050
262 113153
263 110328
264 109480
265 107363
266 103870
267 101480
268 98222
269 94602
270 91068
271 87781
272 84641
273 80514
274 76498
275 73372
276 69747
277 66074
278 61972
279 58212
280 54737
281 50937
282 47394
283 43771
284 41010
285 37481
286 34422
287 31324
288 28673
289 26223
290 23959
291 21737
292 19725
293 17769
294 16072
295 14229
296 12518
297 11320
298 10151
299 8720
300 7713
301 6704
302 6152
303 5248
304 4497
305 3987
306 3401
307 2838
308 2519
309 2114
310 1751
311 1507
312 1215
313 1094
314 946
315 831
316 646
317 583
318 489
319 367
320 348
321 305
322 272
323 202
324 185
325 173
326 138
327 109
328 130
329 107
330 96
331 87
332 83
333 72
334 73
335 69
336 79
337 74
338 78
339 57
340 70
341 81
342 55
343 50
344 56
345 62
346 58
347 53
348 58
349 55
350 73
351 42
352 49
353 50
354 45
355 56
356 48
357 54
358 41
359 45
360 51
361 47
362 46
363 39
364 43
365 33
366 29
367 37
368 31
369 32
370 30
371 37
372 36
373 48
374 29
375 33
376 32
377 30
378 35
379 25
380 28
381 37
382 29
383 29
384 34
385 17
386 25
387 22
388 15
389 21
390 14
391 16
392 20
393 11
394 23
395 11
396 20
397 17
398 16
399 14
400 13
401 10
402 15
403 12
404 16
405 14
406 9
407 10
408 18
409 9
410 11
411 12
412 9
413 14
414 8
415 14
416 15
417 11
418 19
419 9
420 16
421 16
422 13
423 11
424 9
425 13
426 15
427 12
428 11
429 16
430 23
431 14
432 20
433 27
434 23
435 35
436 40
437 36
438 34
439 44
440 45
441 46
442 64
443 56
444 56
445 54
446 62
447 72
448 81
449 90
450 86
451 88
452 94
453 124
454 102
455 110
456 104
457 130
458 140
459 151
460 152
461 154
462 167
463 171
464 153
465 196
466 223
467 186
468 211
469 230
470 230
471 246
472 283
473 256
474 239
475 252
476 252
477 253
478 303
479 297
480 296
481 304
482 320
483 285
484 331
485 301
486 352
487 309
488 337
489 326
490 373
491 404
492 361
493 389
494 406
495 366
496 411
497 415
498 362
499 387
500 334
501 385
502 370
503 345
504 380
505 324
506 388
507 367
508 404
509 381
510 422
511 405
512 411
513 404
514 396
515 421
516 406
517 390
518 374
519 388
520 358
521 408
522 353
523 361
524 393
525 350
526 360
527 333
528 353
529 341
530 342
531 331
532 301
533 305
534 297
535 306
536 293
537 272
538 255
539 275
540 221
541 210
542 208
543 176
544 189
545 201
546 182
547 198
548 200
549 183
550 203
551 188
552 191
553 182
554 171
555 140
556 150
557 144
558 158
559 131
560 122
561 101
562 123
563 82
564 97
565 103
566 104
567 78
568 109
569 83
570 78
571 71
572 61
573 80
574 68
575 66
576 75
577 57
578 55
579 54
580 50
581 52
582 40
583 43
584 39
585 40
586 42
587 38
588 31
589 27
590 38
591 42
592 24
593 25
594 21
595 29
596 11
597 22
598 17
599 16
600 23
601 23
602 13
603 14
604 26
605 14
606 13
607 13
608 12
609 16
610 23
611 19
612 11
613 11
614 15
615 15
616 24
617 17
618 17
619 17
620 21
621 19
622 26
623 20
624 19
625 24
626 11
627 6
628 13
629 23
630 11
631 10
632 10
633 12
634 7
635 7
636 11
637 6
638 13
639 7
640 12
641 8
642 9
643 16
644 9
645 12
646 18
647 13
648 19
649 16
650 11
651 12
652 5
653 13
654 8
655 13
656 8
657 9
658 10
659 10
660 16
661 16
662 19
663 17
664 23
665 24
666 33
667 24
668 25
669 25
670 35
671 31
672 45
673 37
674 45
675 51
676 35
677 41
678 36
679 58
680 44
681 53
682 60
683 63
684 69
685 74
686 76
687 63
688 78
689 83
690 84
691 65
692 74
693 64
694 64
695 74
696 81
697 79
698 62
699 77
700 79
701 96
702 98
703 91
704 87
705 87
706 103
707 101
708 94
709 114
710 109
711 113
712 115
713 104
714 139
715 132
716 129
717 140
718 147
719 164
720 159
721 157
722 167
723 162
724 146
725 147
726 173
727 194
728 173
729 153
730 141
731 178
732 169
733 161
734 162
735 140
736 162
737 160
738 163
739 142
740 146
741 135
742 135
743 142
744 142
745 126
746 119
747 121
748 111
749 111
750 118
751 116
752 115
753 106
754 103
755 105
756 108
757 76
758 101
759 78
760 68
761 102
762 82
763 70
764 98
765 83
766 73
767 60
768 82
769 76
770 68
771 69
772 62
773 60
774 48
775 62
776 75
777 47
778 61
779 51
780 59
781 54
782 55
783 40
784 45
785 42
786 39
787 37
788 39
789 39
790 32
791 37
792 30
793 32
794 25
795 27
796 22
797 32
798 46
799 33
800 32
801 28
802 19
803 22
804 25
805 21
806 22
807 18
808 23
809 22
810 18
811 21
812 20
813 24
814 12
815 14
816 14
817 25
818 23
819 18
820 15
821 21
822 24
823 22
824 18
825 28
826 31
827 29
828 21
829 15
830 27
831 29
832 25
833 25
834 29
835 24
836 27
837 24
838 21
839 20
840 16
841 13
842 15
843 14
844 13
845 21
846 14
847 10
848 14
849 10
850 15
851 16
852 6
853 14
854 10
855 14
856 8
857 25
858 13
859 12
860 8
861 10
862 12
863 10
864 9
865 11
866 13
867 10
868 7
869 14
870 11
871 12
872 3
873 3
874 5
875 7
876 7
877 4
878 4
879 6
880 10
881 5
882 8
883 11
884 6
885 4
886 3
887 12
888 5
889 4
890 9
891 3
892 4
893 6
894 7
895 6
896 3
897 4
898 3
899 5
900 1
901 4
902 3
903 5
905 3
906 9
907 3
908 8
909 7
910 6
911 5
912 8
913 6
914 3
915 11
916 10
917 9
918 6
919 9
920 16
921 13
922 18
923 13
924 12
925 17
926 16
927 8
928 11
929 16
930 16
931 23
932 16
933 24
934 24
935 20
936 15
937 26
938 22
939 29
940 33
941 25
942 33
943 31
944 31
945 33
946 35
947 38
948 35
949 39
950 45
951 44
952 39
953 44
954 40
955 46
956 36
957 35
958 36
959 34
960 44
961 32
962 41
963 34
964 51
965 51
966 32
967 39
968 38
969 28
970 39
971 35
972 43
973 35
974 49
975 41
976 37
977 35
978 31
979 37
980 38
981 27
982 57
983 36
984 47
985 34
986 39
987 38
988 40
989 36
990 42
991 40
992 41
993 44
994 23
995 35
996 28
997 28
998 22
999 39
1000 33
1001 26
1002 35
1003 44
1004 31
1005 33
1006 42
1007 37
1008 41
1009 52
1010 44
1011 38
1012 48
1013 52
1014 50
1015 50
1016 45
1017 44
1018 39
1019 38
1020 47
1021 38
1022 38
1023 34
1024 33
1025 41
1026 33
1027 41
1028 36
1029 31
1030 35
1031 39
1032 30
1033 32
1034 34
1035 42
1036 40
1037 45
1038 33
1039 31
1040 42
1041 36
1042 36
1043 35
1044 44
1045 36
1046 46
1047 46
1048 35
1049 42
1050 51
1051 37
1052 35
1053 42
1054 57
1055 43
1056 39
1057 57
1058 53
1059 46
1060 50
1061 53
1062 40
1063 46
1064 31
1065 43
1066 28
1067 41
1068 31
1069 41
1070 45
1071 38
1072 39
1073 29
1074 32
1075 41
1076 34
1077 38
1078 33
1079 47
1080 33
1081 34
1082 32
1083 29
1084 32
1085 25
1086 26
1087 26
1088 19
1089 20
1090 22
1091 16
1092 17
1093 23
1094 16
1095 11
1096 13
1097 13
1098 11
1099 6
1100 5
1101 7
1102 6
1103 8
1104 6
1105 7
1106 6
1107 11
1108 7
1109 6
1110 4
1111 11
1112 6
1113 11
1114 5
1115 10
1116 4
1117 5
1118 2
1119 8
1120 4
1121 6
1122 4
1123 1
1124 4
1125 6
1126 5
1128 2
1129 2
1130 1
1131 2
1132 2
1133 5
1134 4
1135 2
1136 3
1137 7
1138 4
1139 3
1140 1
1141 3
1142 4
1143 2
1144 1
1146 4
1147 6
1148 2
1149 4
1150 4
1151 4
1152 2
1153 3
1154 5
1155 2
1156 5
1157 3
1158 7
1159 6
1160 8
1161 6
1162 7
1163 7
1164 6
1165 7
1166 4
1167 11
1168 8
1169 8
1170 11
1171 5
1172 9
1173 7
1174 13
1175 12
1176 12
1177 15
1178 20
1179 11
1180 19
1181 24
1182 9
1183 17
1184 23
1185 21
1186 16
1187 22
1188 19
1189 18
1190 18
1191 28
1192 25
1193 22
1194 24
1195 22
1196 24
1197 23
1198 31
1199 22
1200 24
1201 24
1202 27
1203 30
1204 25
1205 26
1206 19
1207 25
1208 33
1209 26
1210 20
1211 28
1212 22
1213 24
1214 29
1215 35
1216 29
1217 34
1218 17
1219 25
1220 32
1221 24
1222 24
1223 35
1224 28
1225 32
1226 28
1227 21
1228 38
1229 32
1230 27
1231 36
1232 34
1233 38
1234 31
1235 23
1236 20
1237 27
1238 29
1239 40
1240 31
1241 23
1242 16
1243 24
1244 13
1245 17
1246 19
1247 22
1248 14
1249 16
1250 24
1251 23
1252 16
1253 12
1254 19
1255 15
1256 15
1257 18
1258 16
1259 11
1260 12
1261 17
1262 14
1263 13
1264 16
1265 14
1266 15
1267 9
1268 21
1269 13
1270 12
1271 6
1272 8
1273 14
1274 14
1275 17
1276 17
1277 18
1278 17
1279 17
1280 10
1281 15
1282 11
1283 11
1284 13
1285 11
1286 11
1287 13
1288 14
1289 13
1290 12
1291 15
1292 11
1293 20
1294 16
1295 22
1296 17
1297 17
1298 23
1299 21
1300 22
1301 17
1302 20
1303 20
1304 28
1305 29
1306 11
1307 17
1308 15
1309 12
1310 15
1311 17
1312 11
1313 17
1314 12
1315 10
1316 15
1317 20
1318 11
1319 12
1320 11
1321 9
1322 12
1323 16
1324 18
1325 20
1326 17
1327 13
1328 17
1329 18
1330 17
1331 17
1332 14
1333 20
1334 11
1335 18
1336 18
1337 21
1338 12
1339 15
1340 12
1341 14
1342 8
1343 18
1344 15
1345 9
1346 12
1347 5
1348 15
1349 5
1350 6
1351 5
1352 12
1353 8
1354 9
1355 5
1356 3
1357 6
1358 5
1359 3
1360 5
1361 4
1362 2
1363 3
1365 3
1366 4
1367 3
1368 2
1369 2
1371 2
1372 7
1373 6
1374 4
1375 3
1376 4
1377 3
1378 3
1379 6
1380 5
1381 8
1382 4
1383 4
1384 3
1385 4
1386 7
1387 3
1388 11
1389 5
1390 7
1391 4
1392 8
1393 4
1394 8
1395 5
1396 7
1397 9
1398 9
1399 10
1400 12
1401 18
1402 8
1403 11
1404 14
1405 9
1406 10
1407 10
1408 9
1409 13
1410 13
1411 9
1412 16
1413 14
1414 12
1415 16
1416 21
1417 16
1418 14
1419 14
1420 20
1421 15
1422 17
1423 14
1424 10
1425 22
1426 21
1427 12
1428 20
1429 11
1430 17
1431 18
1432 18
1433 18
1434 18
1435 14
1436 18
1437 10
1438 16
1439 16
1440 13
1441 13
1442 21
1443 22
1444 17
1445 25
1446 30
1447 23
1448 26
1449 27
1450 30
1451 26
1452 34
1453 24
1454 21
1455 22
1456 21
1457 28
1458 21
1459 31
1460 17
1461 25
1462 17
1463 19
1464 16
1465 25
1466 25
1467 18
1468 26
1469 25
1470 19
1471 19
1472 25
1473 18
1474 20
1475 16
1476 21
1477 17
1478 17
1479 12
1480 21
1481 13
1482 17
1483 23
1484 20
1485 15
1486 15
1487 12
1488 17
1489 16
1490 14
1491 7
1492 16
1493 25
1494 6
1495 11
1496 11
1497 8
1498 12
1499 13
1500 9
1501 15
1502 7
1503 11
1504 6
1505 10
1506 8
1507 11
1508 8
1509 8
1510 7
1511 8
1512 11
1513 4
1514 6
1515 4
1516 8
1517 4
1518 5
1519 6
1520 6
1521 8
1522 6
1523 7
1524 3
1525 12
1526 8
1527 15
1528 12
1529 5
1530 5
1531 5
1532 5
1533 7
1534 13
1535 9
1536 9
1537 11
1538 4
1539 4
1540 9
1541 6
1542 3
1543 3
1544 10
1545 6
1546 4
1547 3
1548 4
1549 2
1550 6
1551 5
1552 2
1553 5
1554 2
1555 5
1556 1
1557 3
1558 3
1559 3
1560 6
1561 3
1562 4
1563 10
1564 5
1565 4
1566 2
1567 9
1568 4
1569 3
1570 5
1571 7
1572 3
1573 3
1574 2
1575 2
1576 2
1577 3
1578 3
1579 4
1580 3
1581 5
1582 3
1583 2
1584 4
1585 4
1586 1
1587 4
1588 5
1589 1
1590 1
1591 2
1592 1
1593 2
1594 2
1595 2
1596 1
1597 2
1598 1
1599 3
1600 2
1601 3
1602 7
1603 2
1604 1
1608 1
1609 2
1610 1
1611 1
1612 4
1613 2
1614 1
1615 3
1616 2
1617 2
1618 3
1619 4
1620 4
1621 2
1622 5
1623 4
1624 2
1625 6
1626 7
1628 2
1629 1
1630 2
1632 2
1633 1
1634 4
1635 4
1636 4
1637 3
1640 1
1641 1
1642 1
1644 2
1645 3
1646 2
1650 1
1651 1
1652 1
1653 2
1655 2
1656 3
1657 1
1659 1
1660 1
1661 3
1662 2
1663 1
1664 1
1665 1
1666 3
1668 1
1669 1
1670 1
1671 2
1672 4
1673 2
1674 5
1675 5
1676 1
1677 5
1678 3
1679 4
1680 7
1681 1
1682 4
1683 2
1685 5
1686 1
1687 4
1688 2
1689 3
1690 2
1691 1
1692 3
1693 1
1694 3
1695 1
1696 2
1698 1
1699 3
1700 1
1701 4
1702 1
1703 1
1704 1
1705 1
1707 9
1708 1
1710 6
1711 3
1713 3
1714 10
1715 4
1716 5
1717 3
1718 5
1719 6
1720 4
1721 5
1722 5
1723 2
1724 8
1725 2
1726 5
1727 4
1728 4
1729 1
1730 1
1731 1
1732 3
1733 3
1734 3
1735 3
1736 2
1737 1
1738 3
1739 1
1740 3
1741 1
1742 2
1743 3
1744 1
1745 1
1746 2
1747 2
1748 2
1749 3
1750 3
1751 2
1752 3
1753 2
1754 2
1755 7
1756 3
1757 1
1758 4
1759 2
1760 2
1761 2
1762 1
1763 1
1764 2
1766 1
1767 1
1774 1
1777 1
1778 1
1780 2
1781 1
1782 1
1784 2
1788 2
1793 1
1796 1
1799 1
1804 1
1806 1
1812 1
1822 1
1824 1
1827 1
1847 1
1848 1
1851 1
1856 1
1857 1
1858 1
1864 1
1865 1
1873 1
1874 2
1878 1
1879 1
1882 2
1883 1
1885 3
1886 2
1888 1
1889 2
1890 3
1891 1
1892 2
1893 2
1894 1
1895 1
1897 1
1898 4
1899 4
1900 3
1901 3
1902 3
1904 1
1905 3
1906 2
1907 2
1908 2
1910 1
1911 1
1912 2
1913 1
1914 2
1915 2
1916 1
1917 1
1919 1
1920 2
1923 1
1924 3
1925 2
1926 2
1928 2
1929 3
1930 5
1931 3
1933 4
1934 4
1935 2
1936 2
1937 2
1938 3
1939 1
1942 2
1943 3
1944 3
1945 3
1946 4
1947 4
1948 4
1949 1
1950 3
1951 5
1952 1
1953 1
1954 2
1955 3
1956 1
1957 6
1959 3
1961 2
1962 5
1963 2
1964 1
1965 1
1966 3
1967 1
1968 1
1969 5
1970 1
1971 3
1972 1
1973 3
1974 2
1975 2
1976 3
1977 3
1979 2
1980 3
1981 1
1982 2
1983 2
1984 1
1986 2
1987 2
1988 2
1989 1
1992 4
1993 1
1994 1
1996 2
1999 2
2000 2
2002 1
2003 1
2007 1
2008 1
2009 1
2021 1
2022 1
2023 2
2027 1
2028 1
2031 2
2032 1
2033 1
2034 4
2035 1
2037 1
2042 2
2055 1
2056 1
2071 1
2083 1
2086 1
2087 1
2090 1
2092 2
2095 1
2098 1
2099 1
2100 1
2102 2
2103 2
2104 1
2105 3
2106 1
2108 3
2110 2
2111 1
2113 2
2118 1
2119 2
2122 1
2123 2
2124 2
2125 1
2126 1
2127 1
2128 1
2129 2
2131 2
2132 1
2133 1
2134 2
2136 1
2137 1
2138 2
2139 1
2140 1
2141 3
2142 1
2143 2
2144 1
2146 1
2149 1
2151 1
2155 3
2156 1
2158 2
2159 1
2160 1
2161 1
2162 2
2163 1
2165 3
2166 1
2167 2
2168 4
2169 2
2170 1
2171 2
2172 1
2173 3
2174 3
2175 1
2176 1
2177 5
2178 2
2179 2
2180 3
2181 1
2182 4
2183 1
2184 2
2185 1
2186 7
2188 1
2189 3
2190 3
2191 2
2192 1
2193 3
2194 1
2195 2
2196 2
2198 2
2199 3
2201 1
2202 1
2203 2
2204 1
2205 1
2208 1
2209 2
2211 1
2213 1
2218 1
2219 3
2221 1
2222 1
2225 1
2227 4
2228 3
2230 2
2231 1
2234 1
2235 1
2236 1
2237 1
2238 1
2239 3
2242 1
2243 2
2246 1
2248 2
2249 2
2252 1
2257 1
2259 1
2276 1
2277 1
2279 1
2282 1
2283 1
2289 1
2298 1
2313 1
2317 1
2325 3
2327 1
2329 1
2331 1
2333 3
2334 1
2336 2
2338 1
2341 1
2344 1
2346 1
2349 3
2351 2
2352 1
2353 1
2356 2
2357 1
2358 3
2359 1
2361 5
2362 1
2363 2
2364 1
2365 1
2366 2
2367 4
2368 1
2369 1
2370 2
2372 1
2373 1
2375 1
2376 3
2377 1
2378 1
2379 4
2381 2
2382 1
2383 4
2384 1
2385 1
2387 1
2388 3
2391 1
2392 2
2393 2
2395 4
2396 2
2397 2
2399 5
2400 4
2401 3
2402 3
2403 5
2404 2
2407 3
2408 4
2409 1
2410 1
2411 2
2412 2
2413 2
2414 4
2415 2
2416 1
2418 5
2419 3
2420 1
2421 2
2422 4
2423 5
2424 1
2425 2
2426 3
2427 1
2428 6
2429 2
2430 1
2431 3
2432 1
2433 1
2434 1
2437 1
2438 2
2439 5
2440 2
2441 1
2443 3
2444 3
2445 4
2446 2
2447 1
2450 1
2451 1
2454 2
2456 4
2459 1
2460 3
2461 2
2462 4
2463 1
2464 2
2466 1
2467 1
2468 1
2469 2
2470 3
2471 2
2472 3
2474 1
2475 3
2476 1
2477 1
2481 2
2482 2
2486 1
2487 1
2488 3
2493 1
2494 2
2495 2
2496 4
2511 1
2520 1
2527 1
2528 2
2530 1
2532 1
2534 1
2538 1
2542 1
2543 1
2545 1
2546 1
2548 1
2549 1
2550 1
2555 1
2556 1
2558 2
2563 1
2564 1
2569 1
2572 1
2573 1
2576 1
2580 2
2582 1
2583 1
2584 4
2585 1
2587 2
2588 1
2589 1
2590 3
2592 6
2594 4
2595 2
2596 3
2597 2
2598 2
2599 2
2600 4
2601 3
2602 2
2604 1
2605 1
2606 2
2608 2
2609 3
2610 5
2611 1
2612 1
2613 1
2614 2
2615 2
2616 2
2617 2
2618 1
2619 5
2620 1
2621 3
2622 2
2623 1
2624 2
2625 4
2626 1
2627 2
2628 5
2629 1
2630 2
2631 1
2632 3
2633 1
2634 3
2635 5
2636 4
2637 1
2638 6
2639 4
2640 5
2641 2
2642 3
2643 7
2644 3
2645 1
2646 5
2647 2
2648 4
2649 2
2650 6
2651 3
2652 7
2653 2
2654 2
2655 2
2656 3
2657 4
2658 4
2659 1
2660 4
2661 7
2662 4
2663 5
2664 7
2665 4
2666 8
2667 3
2668 8
2669 5
2670 12
2671 6
2672 7
2673 7
2674 12
2675 8
2676 8
2677 4
2678 4
2679 4
2680 10
2681 9
2682 3
2683 5
2684 2
2685 3
2686 7
2687 3
2688 7
2689 3
2690 6
2691 5
2692 2
2693 2
2694 1
2695 3
2696 1
2697 2
2698 5
2699 4
2700 2
2701 2
2702 3
2703 2
2704 5
2705 4
2706 3
2707 3
2708 3
2709 3
2710 1
2711 5
2712 4
2713 2
2714 2
2715 3
2716 3
2717 9
2718 4
2720 3
2722 1
2724 1
2725 1
2726 4
2727 2
2730 1
2731 3
2732 3
2735 1
2736 3
2737 1
2738 4
2739 2
2740 2
2741 2
2742 2
2743 2
2746 1
2747 2
2748 1
2754 1
2762 1
2765 1
2774 1
2775 1
2777 2
2780 2
2781 1
2782 1
2786 1
2788 1
2790 1
2791 1
2793 1
2794 2
2796 1
2797 2
2798 2
2803 1
2809 1
2810 1
2811 1
2816 2
2820 1
2822 1
2826 1
2830 2
2833 2
2834 1
2835 1
2837 2
2839 1
2841 1
2842 1
2843 1
2844 1
2847 1
2849 2
2851 1
2853 1
2855 1
2856 1
2858 1
2861 1
2871 1
2872 1
2874 1
2875 1
2877 2
2878 1
2882 1
2883 1
2889 1
2890 1
2896 2
2898 1
2899 4
2902 2
2903 2
2904 3
2905 2
2907 3
2908 3
2909 3
2910 2
2911 2
2912 1
2913 1
2914 1
2915 2
2916 1
2917 2
2919 6
2920 3
2921 5
2922 3
2923 3
2924 2
2925 2
2927 4
2928 2
2929 4
2930 2
2931 1
2932 4
2933 2
2934 2
2935 3
2936 3
2937 5
2938 5
2939 3
2940 3
2941 2
2942 7
2943 5
2944 2
2945 4
2947 1
2948 4
2949 3
2950 3
2951 2
2952 3
2953 2
2955 3
2956 3
2957 1
2958 2
2959 3
2960 3
2961 3
2963 5
2964 1
2965 5
2967 3
2968 2
2969 2
2970 1
2971 2
2974 1
2975 1
2976 1
2977 4
2978 2
2979 2
2980 1
2981 2
2982 1
2983 2
2984 1
2985 1
2986 2
2987 1
2988 2
2989 1
2990 2
2991 2
2992 1
2993 2
2994 1
3002 1
3003 1
3004 1
3008 1
3022 3
3035 1
3042 2
3044 1
3045 1
3060 2
3062 1
3063 1
3064 1
3068 1
3071 2
3072 2
3074 1
3075 2
3076 1
3077 4
3078 2
3079 1
3080 2
3081 1
3083 2
3084 1
3085 2
3086 4
3087 3
3088 2
3089 1
3090 2
3091 1
3092 4
3093 5
3094 3
3095 1
3096 1
3097 2
3098 6
3099 1
3103 1
3105 5
3106 3
3107 5
3108 3
3109 2
3110 4
3111 4
3112 3
3113 1
3115 2
3116 5
3117 1
3118 1
3119 2
3120 4
3121 1
3122 4
3123 4
3124 5
3125 1
3126 1
3127 2
3128 3
3129 5
3130 2
3131 2
3132 2
3133 4
3134 4
3135 3
3136 3
3137 1
3138 2
3139 3
3140 3
3142 2
3143 1
3144 4
3145 4
3146 2
3147 2
3148 5
3149 2
3150 3
3151 3
3152 3
3153 4
3154 1
3155 4
3156 3
3157 2
3158 2
3159 3
3160 3
3161 5
3162 4
3164 3
3165 4
3166 2
3167 4
3168 5
3169 4
3170 2
3172 2
3174 2
3175 1
3176 1
3177 1
3179 1
3181 3
3184 1
3185 1
3186 1
3187 3
3188 2
3189 1
3190 2
3191 3
3192 1
3193 2
3194 2
3195 2
3196 2
3197 3
3198 3
3199 1
3200 2
3201 5
3202 2
3203 3
3204 1
3206 3
3207 2
3208 1
3209 4
3210 2
3211 2
3212 2
3213 6
3214 2
3215 2
3216 2
3217 1
3218 2
3219 1
3223 1
3224 2
3227 1
3229 1
3231 1
3233 2
3235 1
3240 3
3244 1
3248 1
3249 2
3250 3
3251 2
3252 2
3253 1
3254 1
3255 3
3256 1
3258 1
3259 2
3262 1
3263 4
3264 2
3265 2
3266 1
3267 1
3268 3
3269 1
3271 2
3272 1
3275 1
3276 1
3279 3
3280 4
3281 1
3282 2
3283 2
3284 1
3285 1
3286 2
3287 1
3289 2
3290 4
3291 1
3292 1
3293 2
3294 1
3296 3
3297 1
3298 1
3299 2
3300 1
3302 5
3303 2
3304 1
3305 2
3306 1
3307 2
3309 4
3310 3
3312 1
3313 1
3314 3
3316 1
3317 2
3318 1
3319 1
3320 2
3322 1
3325 1
3326 1
3327 3
3328 1
3333 1
3337 1
3338 1
3339 1
3342 1
3344 2
3346 1
3349 1
3350 2
3353 2
3357 3
3359 1
3360 1
3361 2
3362 1
3364 1
3365 1
3366 1
3368 1
3369 1
3370 1
3371 2
3372 1
3373 1
3374 2
3379 4
3380 1
3383 4
3384 1
3385 2
3387 1
3388 1
3389 2
3391 1
3392 1
3394 2
3398 1
3399 1
3400 2
3402 1
3403 3
3407 1
3408 1
3412 1
3413 1
3419 1
3427 1
3430 1
3432 1
3436 1
3439 1
3442 1
3451 2
3453 1
3455 1
3458 2
3459 1
3463 1
3483 1
3488 1
3490 1
3492 1
3493 1
3496 1
3497 1
3498 1
3500 1
3502 1
3503 1
3505 1
3506 1
3507 4
3509 1
3510 3
3512 1
3516 1
3517 1
3518 1
3520 2
3521 1
3523 1
3525 1
3526 2
3528 1
3531 1
3533 1
3534 1
3535 4
3537 1
3538 1
3539 1
3544 1
3553 1
3555 1
3560 3
3563 1
3564 2
3576 1
3578 1
3579 1
3583 1
3585 1
3588 2
3590 2
3591 1
3592 1
3593 4
3594 2
3595 2
3598 1
3599 2
3600 4
3601 5
3602 1
3603 2
3604 2
3605 4
3606 2
3607 4
3608 4
3609 4
3610 1
3611 1
3612 1
3613 6
3614 3
3615 2
3616 4
3617 5
3618 1
3619 2
3620 3
3621 7
3623 5
3624 4
3625 5
3626 3
3627 3
3628 4
3629 6
3630 2
3631 3
3632 3
3633 8
3634 3
3635 6
3636 2
3637 2
3638 4
3639 3
3640 3
3641 2
3642 3
3643 3
3644 2
3645 5
3646 11
3647 3
3649 2
3650 3
3651 2
3652 2
3653 1
3654 1
3655 2
3656 4
3657 3
3659 3
3660 2
3661 3
3664 2
3665 1
3666 3
3667 4
3668 3
3669 3
3670 2
3672 1
3674 1
3675 6
3676 3
3677 3
3678 5
3679 2
3680 5
3681 2
3683 7
3684 1
3685 1
3686 1
3687 2
3688 1
3689 5
3690 1
3691 1
3692 4
3693 3
3694 2
3695 2
3696 3
3697 2
3698 2
3699 1
3701 3
3702 1
3704 3
3706 2
3707 1
3708 1
3711 1
3713 3
3715 2
3717 2
3718 1
3720 3
3721 1
3723 1
3726 1
3727 1
3729 3
3730 1
3735 1
3739 2
3743 1
3744 1
3746 1
3749 1
3750 1
3751 2
3753 1
3755 1
3757 1
3763 1
3765 1
3768 1
3769 2
3772 1
3773 1
3774 1
3778 1
3780 1
3782 1
3785 1
3787 2
3790 1
3797 1
3807 1
3814 1
3817 1
3819 2
3822 2
3824 1
3827 1
3828 2
3831 1
3833 1
3834 1
3839 1
3842 1
3843 2
3845 1
3851 2
3852 2
3854 1
3861 2
3863 1
3864 1
3869 2
3871 1
3873 2
3876 1
3877 1
3878 2
3880 1
3883 1
3885 1
3886 1
3888 1
3889 1
3890 1
3891 2
3892 1
3893 1
3894 2
3895 2
3896 4
3897 3
3898 1
3899 1
3900 3
3901 2
3902 3
3904 1
3905 1
3906 1
3908 1
3909 1
3910 3
3911 7
3913 2
3914 1
3919 1
3921 1
3923 1
3924 2
3926 1
3929 1
3931 1
3933 2
3934 3
3935 1
3937 1
3938 1
3940 2
3943 1
3947 1
3949 1
3950 1
3951 1
3952 2
3955 1
3959 1
3963 1
3964 1
3967 1
3970 1
3976 1
3977 1
3980 1
3984 1
3985 1
3987 1
3989 1
4040 1
4045 1
4049 1
4051 1
4052 1
4053 1
4054 2
4055 3
4057 1
4058 2
4059 1
4060 1
4062 1
4066 1
4067 1
4068 3
4070 1
4071 1
4072 3
4073 2
4074 1
4075 2
4077 2
4078 1
4080 4
4081 2
4083 2
4084 1
4086 1
4087 2
4088 2
4090 2
4091 1
4092 2
4093 3
4094 2
4095 1
4096 1
4097 5
4098 2
4101 2
4102 1
4103 1
4106 1
4109 2
4110 3
4111 2
4113 1
4116 2
4117 2
4118 2
4119 1
4120 3
4121 2
4122 3
4123 4
4124 3
4125 1
4126 4
4127 3
4128 4
4129 3
4130 6
4131 3
4132 2
4133 2
4134 1
4135 3
4136 2
4138 1
4139 2
4140 1
4141 8
4142 3
4143 4
4144 2
4145 5
4146 3
4149 1
4150 4
4151 3
4152 1
4153 1
4155 1
4156 1
4157 2
4158 2
4159 1
4160 2
4162 1
4163 3
4164 1
4166 2
4171 1
4172 2
4173 1
4174 3
4175 1
4177 1
4179 1
4180 1
4181 1
4182 1
4186 3
4189 1
4190 1
4191 2
4193 1
4194 1
4200 1
4202 1
4203 1
4337 1
4340 1
4341 2
4345 1
4348 1
4349 1
4350 1
4352 4
4353 1
4356 1
4358 1
4359 1
4363 1
4366 1
4367 1
4369 1
4370 1
4371 1
4372 1
4375 1
4376 1
4377 1
4378 1
4379 2
4382 1
4383 1
4385 1
4389 1
4390 1
4391 2
4393 1
4395 1
4396 1
4400 2
4401 2
4402 2
4403 1
4404 1
4407 1
4408 2
4409 1
4412 1
4413 1
4417 1
4418 1
4419 2
4420 1
4424 1
4425 1
4426 2
4427 4
4428 3
4429 1
4431 1
4432 1
4433 2
4436 2
4437 2
4438 4
4445 4
4446 2
4447 6
4448 2
4449 1
4450 1
4452 1
4454 1
4455 1
4456 1
4459 1
4463 2
4464 2
4465 2
4466 1
4467 1
4468 1
4469 3
4471 1
4472 1
4475 2
4479 1
4480 1
4484 1
4486 1
4548 1
4624 1
4871 1
4883 1
4971 1
5123 1
5125 1
5324 1
5475 1
5510 1
5567 1
5678 1
5698 1
5708 1
5711 1
5715 1
5721 1
5722 1
5723 1
5724 1
5739 1
5768 1
5826 1
5831 1
5875 1
5951 1
5954 1
5959 1
6039 1
6043 1
6046 1
6047 1
6053 1
6058 1
6299 1
6390 1
6473 1
6485 1
6487 1
6490 1
6492 2
6501 1
6504 1
6505 1
6702 1
6742 1
6846 1
6962 1
6975 1
7125 1
7219 1
7246 1
8162 1
8242 1
8253 1
8258 1
8518 1
8519 2
8522 1
8525 1
8534 1
8541 1
8777 1
8778 1
8875 1
9073 1
9084 1
9085 1
9089 1
9094 2
9107 1
9181 1
9366 1
9522 1
9539 1
9567 1
9635 1
10001 10
