1 17023169
2 14321174
3 10577379
4 7623064
5 5726837
6 4568575
7 3827970
8 3260073
9 2794711
10 2435400
11 2201445
12 2071984
13 2037563
14 2043108
15 2057936
16 2055122
17 2022091
18 1939500
19 1832094
20 1698197
21 1553707
22 1416608
23 1279717
24 1153304
25 1037407
26 934405
27 838609
28 743381
29 655194
30 568378
31 488582
32 412572
33 343634
34 282669
35 227908
36 181938
37 144658
38 114500
39 91816
40 74958
41 64499
42 58853
43 59327
44 63627
45 73538
46 86191
47 102566
48 121373
49 144032
50 168950
51 192603
52 219497
53 243647
54 267096
55 288440
56 304389
57 317983
58 325181
59 326632
60 324263
61 315520
62 304257
63 290929
64 269841
65 249078
66 227990
67 203045
68 179470
69 158274
70 136973
71 117407
72 99075
73 82213
74 66970
75 54510
76 43790
77 34570
78 27690
79 21495
80 16898
81 13188
82 11025
83 8779
84 7405
85 6577
86 6049
87 6033
88 6343
89 6996
90 7966
91 9210
92 11183
93 13239
94 15465
95 18227
96 21370
97 24511
98 27936
99 31952
100 35551
101 39784
102 43637
103 47236
104 51467
105 55674
106 59530
107 62624
108 65434
109 67734
110 69776
111 71139
112 71626
113 71811
114 71204
115 70545
116 68324
117 66218
118 64016
119 61066
120 57747
121 53517
122 50142
123 46227
124 42101
125 37789
126 34616
127 31135
128 27540
129 24225
130 21190
131 18421
132 15923
133 13422
134 11648
135 10105
136 8497
137 7045
138 5803
139 4745
140 3875
141 3192
142 2735
143 2201
144 1815
145 1501
146 1242
147 1139
148 1060
149 987
150 1050
151 1116
152 1219
153 1419
154 1596
155 1957
156 2494
157 2863
158 3500
159 4141
160 5080
161 6202
162 7450
163 8929
164 10763
165 12678
166 15052
167 17154
168 19878
169 23299
170 26867
171 30534
172 34639
173 38923
174 44640
175 49900
176 55683
177 61680
178 68261
179 75119
180 82500
181 89656
182 96896
183 105005
184 112942
185 121617
186 129089
187 136165
188 145118
189 151141
190 158537
191 165260
192 171171
193 177561
194 182643
195 187912
196 189896
197 193370
198 195713
199 197256
200 198192
201 198424
202 198170
203 196683
204 195300
205 192125
206 189545
207 185204
208 179599
209 173770
210 168777
211 163168
212 156807
213 149806
214 142198
215 135490
216 127918
217 120629
218 113295
219 105627
220 98402
221 91631
222 84811
223 78510
224 72495
225 66034
226 60173
227 54396
228 49501
229 44272
230 39679
231 36061
232 32014
233 28383
234 25312
235 22463
236 19435
237 17259
238 15065
239 13342
240 11417
241 9841
242 8500
243 7322
244 6197
245 5284
246 4411
247 3908
248 3351
249 2710
250 2209
251 2002
252 1661
253 1376
254 1209
255 1044
256 880
257 761
258 689
259 595
260 551
261 476
262 421
263 377
264 314
265 336
266 287
267 237
268 294
269 293
270 285
271 312
272 324
273 341
274 376
275 401
276 419
277 492
278 496
279 550
280 605
281 631
282 709
283 787
284 806
285 897
286 1018
287 1068
288 1148
289 1269
290 1469
291 1532
292 1601
293 1793
294 1790
295 2139
296 2171
297 2364
298 2501
299 2698
300 2782
301 2875
302 3196
303 3280
304 3485
305 3715
306 3797
307 3820
308 3841
309 4114
310 4160
311 4292
312 4315
313 4562
314 4576
315 4516
316 4568
317 4581
318 4504
319 4518
320 4557
321 4341
322 4450
323 4353
324 4236
325 4236
326 4267
327 4035
328 4115
329 3823
330 3804
331 3688
332 3551
333 3505
334 3344
335 3059
336 2903
337 2693
338 2574
339 2399
340 2260
341 2164
342 2043
343 1901
344 1687
345 1620
346 1546
347 1416
348 1296
349 1191
350 1098
351 1028
352 963
353 883
354 771
355 688
356 657
357 672
358 594
359 498
360 525
361 475
362 428
363 374
364 420
365 369
366 359
367 350
368 321
369 327
370 308
371 314
372 311
373 350
374 338
375 352
376 374
377 388
378 374
379 355
380 395
381 408
382 420
383 394
384 440
385 498
386 495
387 496
388 556
389 560
390 577
391 587
392 592
393 634
394 665
395 657
396 665
397 707
398 709
399 788
400 766
401 783
402 787
403 774
404 772
405 720
406 743
407 751
408 696
409 788
410 755
411 727
412 744
413 678
414 684
415 735
416 747
417 724
418 720
419 711
420 693
421 694
422 640
423 634
424 622
425 557
426 595
427 530
428 550
429 541
430 536
431 540
432 469
433 431
434 453
435 448
436 428
437 364
438 373
439 334
440 306
441 301
442 315
443 284
444 265
445 277
446 266
447 253
448 212
449 216
450 199
451 185
452 184
453 186
454 182
455 186
456 171
457 155
458 153
459 135
460 107
461 121
462 141
463 119
464 108
465 107
466 102
467 75
468 90
469 80
470 75
471 69
472 75
473 63
474 71
475 51
476 65
477 54
478 60
479 50
480 44
481 45
482 50
483 42
484 53
485 42
486 45
487 35
488 33
489 39
490 40
491 37
492 33
493 26
494 34
495 47
496 32
497 39
498 30
499 46
500 47
501 36
502 51
503 27
504 43
505 48
506 37
507 38
508 44
509 37
510 42
511 44
512 46
513 34
514 37
515 38
516 29
517 24
518 22
519 33
520 29
521 37
522 31
523 25
524 30
525 34
526 38
527 41
528 39
529 43
530 32
531 45
532 27
533 46
534 36
535 37
536 35
537 49
538 67
539 46
540 48
541 55
542 59
543 53
544 56
545 41
546 44
547 49
548 50
549 56
550 51
551 59
552 44
553 55
554 53
555 59
556 72
557 72
558 60
559 56
560 58
561 67
562 69
563 69
564 61
565 62
566 62
567 60
568 59
569 68
570 80
571 67
572 81
573 76
574 69
575 79
576 74
577 80
578 88
579 86
580 88
581 85
582 80
583 85
584 94
585 77
586 87
587 96
588 117
589 122
590 109
591 113
592 111
593 112
594 107
595 113
596 146
597 133
598 103
599 105
600 126
601 106
602 112
603 103
604 89
605 93
606 92
607 93
608 124
609 139
610 114
611 136
612 151
613 146
614 131
615 95
616 130
617 115
618 104
619 104
620 110
621 114
622 118
623 124
624 134
625 135
626 125
627 160
628 134
629 136
630 119
631 140
632 109
633 108
634 129
635 138
636 102
637 123
638 149
639 121
640 125
641 141
642 143
643 132
644 110
645 95
646 111
647 107
648 98
649 98
650 105
651 109
652 87
653 97
654 77
655 82
656 99
657 79
658 74
659 68
660 81
661 95
662 59
663 65
664 57
665 77
666 64
667 56
668 55
669 64
670 55
671 51
672 55
673 54
674 41
675 38
676 43
677 50
678 52
679 43
680 50
681 49
682 40
683 54
684 60
685 42
686 36
687 52
688 50
689 44
690 48
691 43
692 39
693 35
694 37
695 44
696 44
697 40
698 25
699 32
700 39
701 24
702 28
703 26
704 47
705 35
706 36
707 42
708 35
709 50
710 47
711 42
712 62
713 49
714 46
715 36
716 47
717 40
718 43
719 37
720 43
721 32
722 52
723 51
724 40
725 37
726 25
727 37
728 38
729 39
730 27
731 38
732 41
733 33
734 42
735 32
736 36
737 22
738 23
739 27
740 33
741 28
742 28
743 23
744 23
745 30
746 26
747 20
748 29
749 31
750 47
751 27
752 37
753 29
754 35
755 35
756 39
757 36
758 44
759 33
760 30
761 42
762 35
763 34
764 35
765 34
766 44
767 33
768 35
769 39
770 48
771 26
772 39
773 31
774 31
775 35
776 35
777 36
778 38
779 35
780 44
781 33
782 38
783 46
784 46
785 41
786 44
787 43
788 47
789 51
790 55
791 71
792 53
793 54
794 55
795 64
796 80
797 67
798 82
799 73
800 65
801 73
802 85
803 98
804 81
805 87
806 87
807 102
808 95
809 83
810 78
811 88
812 87
813 71
814 78
815 83
816 75
817 65
818 74
819 64
820 62
821 66
822 79
823 71
824 61
825 73
826 77
827 61
828 82
829 73
830 70
831 73
832 77
833 91
834 82
835 91
836 77
837 78
838 71
839 91
840 93
841 94
842 80
843 65
844 80
845 110
846 98
847 76
848 82
849 79
850 87
851 80
852 85
853 77
854 97
855 78
856 78
857 82
858 68
859 75
860 77
861 72
862 64
863 65
864 56
865 63
866 70
867 53
868 56
869 60
870 56
871 50
872 48
873 53
874 51
875 49
876 56
877 47
878 38
879 45
880 28
881 41
882 33
883 38
884 27
885 40
886 20
887 28
888 34
889 21
890 24
891 21
892 26
893 25
894 20
895 13
896 17
897 21
898 30
899 21
900 29
901 16
902 26
903 32
904 25
905 17
906 23
907 19
908 26
909 17
910 23
911 17
912 24
913 16
914 19
915 12
916 23
917 15
918 12
919 28
920 17
921 13
922 15
923 18
924 15
925 14
926 13
927 12
928 15
929 15
930 10
931 11
932 12
933 14
934 13
935 12
936 13
937 7
938 12
939 19
940 16
941 13
942 13
943 11
944 19
945 16
946 17
947 16
948 22
949 15
950 12
951 12
952 20
953 7
954 13
955 16
956 9
957 9
958 13
959 5
960 16
961 11
962 11
963 16
964 14
965 11
966 23
967 23
968 16
969 19
970 18
971 15
972 19
973 19
974 21
975 17
976 21
977 20
978 20
979 20
980 12
981 14
982 9
983 22
984 18
985 24
986 21
987 13
988 17
989 19
990 26
991 32
992 23
993 31
994 34
995 29
996 22
997 24
998 33
999 27
1000 22
1001 33
1002 27
1003 25
1004 22
1005 28
1006 22
1007 28
1008 23
1009 27
1010 17
1011 25
1012 33
1013 17
1014 27
1015 27
1016 33
1017 28
1018 35
1019 24
1020 20
1021 20
1022 9
1023 27
1024 20
1025 28
1026 16
1027 26
1028 24
1029 30
1030 17
1031 25
1032 28
1033 27
1034 29
1035 24
1036 25
1037 40
1038 36
1039 25
1040 30
1041 24
1042 26
1043 31
1044 27
1045 28
1046 40
1047 33
1048 28
1049 27
1050 26
1051 23
1052 23
1053 23
1054 19
1055 22
1056 23
1057 17
1058 17
1059 27
1060 22
1061 28
1062 14
1063 24
1064 29
1065 20
1066 16
1067 21
1068 18
1069 21
1070 16
1071 21
1072 21
1073 17
1074 16
1075 17
1076 15
1077 12
1078 12
1079 11
1080 10
1081 12
1082 11
1083 12
1084 15
1085 11
1086 10
1087 12
1088 9
1089 7
1090 9
1091 8
1092 12
1093 10
1094 8
1095 10
1096 5
1097 7
1098 12
1099 8
1100 10
1101 8
1102 4
1103 7
1104 5
1105 2
1106 9
1107 9
1108 11
1109 1
1110 4
1111 7
1112 5
1113 5
1114 7
1115 10
1116 9
1117 11
1118 3
1119 8
1120 11
1121 5
1122 7
1123 9
1124 7
1125 10
1126 11
1127 13
1128 9
1129 16
1130 15
1131 11
1132 18
1133 15
1134 17
1135 9
1136 10
1137 18
1138 12
1139 18
1140 17
1141 22
1142 15
1143 12
1144 20
1145 18
1146 12
1147 13
1148 15
1149 20
1150 9
1151 20
1152 17
1153 13
1154 23
1155 14
1156 11
1157 24
1158 16
1159 15
1160 15
1161 18
1162 11
1163 8
1164 13
1165 11
1166 9
1167 10
1168 18
1169 8
1170 6
1171 8
1172 10
1173 10
1174 11
1175 17
1176 13
1177 11
1178 18
1179 6
1180 14
1181 17
1182 14
1183 8
1184 14
1185 11
1186 17
1187 10
1188 18
1189 14
1190 10
1191 14
1192 11
1193 9
1194 12
1195 8
1196 14
1197 8
1198 11
1199 5
1200 11
1201 10
1202 7
1203 8
1204 7
1205 10
1206 17
1207 13
1208 12
1209 13
1210 13
1211 13
1212 15
1213 13
1214 15
1215 11
1216 10
1217 9
1218 12
1219 17
1220 13
1221 7
1222 6
1223 2
1224 16
1225 6
1226 9
1227 8
1228 9
1229 10
1230 8
1231 11
1232 8
1233 9
1234 8
1235 6
1236 6
1237 9
1238 7
1239 7
1240 9
1241 12
1242 3
1243 9
1244 12
1245 10
1246 7
1247 8
1248 4
1249 7
1250 4
1251 8
1252 9
1253 9
1254 11
1255 6
1256 11
1257 9
1258 12
1259 7
1260 5
1261 4
1262 8
1263 14
1264 11
1265 17
1266 17
1267 15
1268 11
1269 17
1270 16
1271 15
1272 17
1273 15
1274 24
1275 20
1276 13
1277 14
1278 19
1279 15
1280 13
1281 20
1282 27
1283 21
1284 21
1285 27
1286 29
1287 35
1288 27
1289 49
1290 44
1291 45
1292 52
1293 57
1294 62
1295 56
1296 49
1297 63
1298 74
1299 82
1300 89
1301 87
1302 120
1303 142
1304 102
1305 145
1306 149
1307 169
1308 160
1309 192
1310 237
1311 261
1312 287
1313 289
1314 282
1315 345
1316 360
1317 384
1318 429
1319 446
1320 481
1321 543
1322 529
1323 637
1324 595
1325 728
1326 813
1327 797
1328 880
1329 937
1330 1036
1331 1068
1332 1122
1333 1265
1334 1363
1335 1442
1336 1535
1337 1621
1338 1739
1339 1866
1340 1906
1341 2012
1342 2126
1343 2332
1344 2538
1345 2598
1346 2685
1347 2881
1348 3005
1349 3230
1350 3389
1351 3538
1352 3801
1353 4023
1354 4141
1355 4355
1356 4748
1357 4964
1358 5093
1359 5410
1360 5681
1361 5947
1362 6234
1363 6615
1364 6861
1365 6975
1366 7405
1367 7767
1368 8094
1369 8434
1370 8684
1371 9045
1372 9398
1373 9769
1374 10082
1375 10294
1376 10818
1377 11362
1378 11539
1379 11994
1380 12269
1381 12419
1382 12930
1383 13251
1384 13881
1385 14210
1386 14432
1387 15012
1388 15103
1389 15580
1390 16207
1391 16569
1392 16910
1393 17100
1394 17510
1395 17714
1396 17931
1397 18575
1398 18637
1399 19293
1400 19344
1401 19519
1402 19742
1403 20235
1404 20583
1405 20628
1406 21136
1407 21289
1408 21913
1409 21949
1410 22067
1411 22201
1412 22420
1413 22471
1414 22752
1415 22981
1416 23061
1417 23228
1418 23258
1419 23339
1420 23485
1421 23579
1422 23384
1423 23439
1424 23796
1425 23612
1426 23538
1427 23424
1428 23494
1429 23585
1430 23164
1431 23155
1432 23088
1433 22669
1434 22530
1435 22325
1436 22338
1437 22109
1438 21894
1439 21604
1440 21074
1441 21098
1442 20682
1443 20544
1444 20011
1445 19689
1446 19851
1447 19457
1448 19089
1449 18357
1450 18317
1451 17792
1452 17505
1453 17253
1454 16789
1455 16510
1456 15788
1457 15541
1458 15249
1459 14674
1460 14497
1461 14014
1462 13675
1463 13500
1464 13108
1465 12654
1466 12342
1467 12046
1468 11336
1469 11283
1470 10831
1471 10383
1472 10045
1473 9763
1474 9545
1475 8925
1476 8667
1477 8484
1478 8063
1479 7660
1480 7399
1481 7252
1482 6869
1483 6542
1484 6255
1485 6185
1486 5866
1487 5544
1488 5380
1489 5198
1490 4765
1491 4797
1492 4501
1493 4329
1494 4111
1495 3834
1496 3660
1497 3486
1498 3462
1499 3266
1500 3060
1501 2833
1502 2780
1503 2495
1504 2516
1505 2376
1506 2207
1507 1981
1508 1995
1509 1832
1510 1721
1511 1716
1512 1607
1513 1503
1514 1408
1515 1337
1516 1270
1517 1131
1518 1146
1519 1071
1520 1003
1521 936
1522 907
1523 844
1524 747
1525 645
1526 652
1527 615
1528 566
1529 529
1530 470
1531 464
1532 404
1533 403
1534 324
1535 320
1536 311
1537 300
1538 297
1539 289
1540 248
1541 209
1542 210
1543 198
1544 194
1545 155
1546 180
1547 164
1548 153
1549 150
1550 122
1551 131
1552 121
1553 101
1554 107
1555 91
1556 110
1557 84
1558 88
1559 72
1560 75
1561 79
1562 58
1563 72
1564 59
1565 63
1566 44
1567 53
1568 54
1569 56
1570 41
1571 43
1572 52
1573 41
1574 43
1575 42
1576 42
1577 38
1578 40
1579 39
1580 41
1581 47
1582 55
1583 35
1584 51
1585 46
1586 40
1587 38
1588 47
1589 38
1590 44
1591 41
1592 34
1593 39
1594 36
1595 37
1596 32
1597 40
1598 34
1599 32
1600 39
1601 32
1602 32
1603 24
1604 41
1605 26
1606 31
1607 38
1608 41
1609 41
1610 36
1611 32
1612 32
1613 37
1614 41
1615 33
1616 32
1617 32
1618 26
1619 35
1620 32
1621 37
1622 35
1623 38
1624 31
1625 33
1626 35
1627 27
1628 26
1629 29
1630 34
1631 36
1632 40
1633 30
1634 25
1635 42
1636 12
1637 34
1638 38
1639 30
1640 26
1641 24
1642 30
1643 28
1644 23
1645 14
1646 25
1647 24
1648 19
1649 24
1650 16
1651 22
1652 10
1653 16
1654 14
1655 15
1656 22
1657 15
1658 21
1659 19
1660 19
1661 15
1662 13
1663 15
1664 18
1665 14
1666 11
1667 14
1668 8
1669 18
1670 10
1671 23
1672 18
1673 14
1674 13
1675 14
1676 14
1677 16
1678 17
1679 17
1680 12
1681 15
1682 13
1683 16
1684 11
1685 8
1686 15
1687 12
1688 12
1689 14
1690 9
1691 15
1692 13
1693 8
1694 13
1695 8
1696 5
1697 6
1698 7
1699 8
1700 5
1701 5
1702 2
1703 4
1704 4
1705 8
1706 9
1707 11
1708 7
1709 5
1710 6
1711 5
1712 9
1713 7
1714 5
1715 7
1716 9
1717 6
1718 6
1719 5
1720 6
1721 2
1722 8
1723 7
1724 5
1725 8
1726 6
1727 6
1728 3
1729 4
1730 4
1731 13
1732 7
1733 3
1734 5
1735 8
1736 6
1737 4
1738 10
1739 3
1740 6
1741 5
1742 6
1743 7
1744 3
1745 4
1746 3
1747 6
1748 5
1749 7
1750 8
1751 4
1752 4
1753 5
1754 4
1755 5
1756 5
1757 5
1758 7
1759 4
1760 2
1761 2
1762 1
1763 6
1764 1
1765 1
1766 4
1767 2
1768 2
1769 2
1770 5
1771 1
1772 4
1773 2
1774 2
1775 8
1776 3
1777 5
1778 3
1779 4
1780 4
1781 3
1782 3
1783 4
1784 5
1785 2
1786 4
1787 3
1788 4
1789 5
1790 1
1791 4
1792 6
1793 1
1794 6
1795 7
1796 1
1797 3
1798 4
1799 4
1800 7
1801 1
1802 3
1803 2
1804 2
1805 4
1806 5
1807 2
1808 4
1809 2
1810 3
1811 3
1812 4
1813 3
1814 2
1815 5
1816 3
1817 2
1818 6
1819 4
1820 5
1821 4
1822 4
1823 2
1824 1
1825 2
1826 1
1827 4
1828 3
1829 4
1830 3
1831 5
1832 1
1833 2
1834 1
1835 5
1836 4
1837 3
1838 4
1839 3
1840 5
1841 6
1842 3
1843 3
1844 3
1845 4
1846 4
1847 5
1848 4
1849 1
1850 5
1851 4
1852 4
1853 5
1854 6
1855 3
1856 5
1857 5
1858 3
1859 2
1860 4
1861 2
1862 6
1863 3
1864 2
1865 5
1866 5
1867 4
1868 2
1870 3
1871 1
1872 1
1873 3
1874 1
1875 3
1876 3
1877 2
1879 2
1881 3
1882 3
1883 5
1884 3
1885 3
1886 4
1887 1
1888 3
1889 3
1891 6
1892 1
1893 3
1894 4
1895 4
1896 5
1897 4
1898 4
1899 4
1900 3
1901 1
1902 2
1903 3
1904 3
1905 1
1906 3
1907 1
1908 4
1909 3
1911 1
1912 2
1913 2
1914 1
1915 3
1916 2
1917 2
1918 4
1919 3
1920 4
1921 2
1922 4
1923 2
1924 3
1925 1
1926 2
1927 2
1928 3
1929 3
1930 1
1931 3
1933 2
1934 3
1935 2
1937 2
1938 1
1940 2
1941 3
1942 2
1945 3
1946 6
1947 2
1948 3
1949 3
1950 2
1951 1
1952 3
1953 1
1954 1
1956 2
1957 1
1959 1
1960 3
1963 3
1964 2
1965 5
1966 1
1967 6
1969 3
1970 2
1971 4
1972 2
1973 3
1974 5
1975 1
1976 3
1977 2
1978 7
1979 1
1980 4
1981 4
1982 4
1983 4
1984 1
1985 2
1986 7
1987 3
1988 1
1989 1
1990 4
1991 1
1992 2
1993 3
1994 3
1995 2
1996 2
1997 3
1998 4
1999 7
2000 1
2001 5
2002 4
2003 1
2004 3
2005 1
2006 2
2008 3
2009 1
2010 4
2011 5
2012 1
2013 3
2014 4
2015 6
2016 1
2017 1
2018 2
2019 3
2020 1
2022 5
2023 3
2024 3
2026 1
2027 5
2028 2
2029 1
2030 3
2033 2
2034 2
2035 2
2036 3
2037 1
2038 3
2039 3
2040 3
2041 2
2042 3
2043 3
2044 1
2045 2
2046 3
2047 1
2048 3
2049 2
2050 1
2051 5
2052 4
2053 3
2054 5
2055 2
2056 3
2057 1
2058 4
2059 2
2061 1
2064 2
2065 1
2066 2
2067 1
2069 2
2070 1
2071 2
2073 2
2075 1
2076 1
2077 2
2078 1
2079 3
2080 2
2082 1
2083 1
2084 1
2086 1
2087 1
2089 1
2090 1
2091 3
2092 3
2094 2
2095 2
2096 3
2097 3
2098 4
2099 2
2100 3
2101 6
2102 6
2104 2
2105 6
2106 3
2107 2
2109 2
2111 3
2112 1
2113 1
2114 3
2115 2
2116 4
2117 1
2118 3
2119 1
2120 3
2121 1
2122 1
2123 2
2124 4
2125 3
2126 2
2127 1
2128 2
2129 3
2130 2
2131 3
2132 1
2133 3
2134 2
2135 5
2136 1
2137 2
2139 1
2141 3
2143 3
2144 1
2145 3
2146 1
2147 2
2148 1
2149 3
2150 3
2151 2
2153 1
2154 2
2155 4
2156 3
2157 3
2158 2
2159 3
2160 1
2161 1
2162 4
2163 4
2165 1
2166 4
2167 1
2168 1
2169 1
2170 1
2173 4
2174 4
2175 2
2176 1
2177 3
2178 3
2179 2
2180 2
2181 8
2182 5
2183 3
2184 3
2185 2
2186 2
2187 1
2189 5
2190 5
2191 2
2193 1
2194 5
2195 1
2196 1
2197 3
2198 2
2199 1
2202 2
2204 1
2205 1
2206 1
2207 2
2209 2
2210 1
2211 1
2212 1
2213 5
2214 1
2216 2
2219 2
2220 2
2221 3
2222 2
2223 1
2224 2
2225 1
2227 1
2228 1
2229 1
2231 1
2232 1
2233 2
2234 2
2236 1
2239 1
2241 1
2242 1
2243 1
2244 1
2245 1
2246 3
2247 1
2249 2
2251 1
2252 1
2255 1
2256 2
2257 1
2258 2
2259 3
2260 1
2262 2
2263 2
2264 1
2265 1
2266 1
2267 1
2268 1
2271 2
2273 1
2274 2
2277 1
2278 1
2279 5
2282 2
2283 1
2284 1
2285 4
2286 1
2287 2
2288 1
2289 1
2290 3
2291 2
2292 5
2293 1
2294 2
2295 2
2297 1
2299 3
2300 1
2301 1
2302 1
2303 3
2304 1
2305 4
2306 7
2307 4
2308 1
2309 1
2311 1
2313 2
2314 2
2315 1
2316 5
2317 2
2318 1
2320 4
2321 2
2322 1
2323 1
2324 1
2325 2
2326 2
2327 3
2328 2
2330 2
2331 2
2332 4
2333 4
2334 1
2335 1
2336 2
2337 1
2338 1
2339 1
2340 1
2341 1
2342 1
2343 1
2344 2
2346 2
2347 2
2348 1
2349 2
2350 1
2351 1
2352 1
2353 1
2355 1
2356 2
2358 1
2359 2
2360 1
2361 4
2362 1
2363 3
2364 2
2365 1
2366 1
2367 1
2369 3
2370 2
2371 3
2372 1
2373 1
2375 1
2376 1
2377 2
2378 1
2382 3
2383 5
2384 1
2387 4
2389 1
2390 1
2391 1
2392 2
2393 2
2394 1
2395 3
2396 2
2397 2
2400 5
2401 1
2402 1
2404 4
2405 1
2406 1
2407 1
2408 1
2410 2
2412 2
2414 1
2417 1
2418 2
2419 1
2420 1
2422 1
2425 1
2426 2
2427 2
2428 1
2430 2
2431 1
2432 2
2434 1
2437 1
2440 1
2442 2
2445 1
2446 1
2447 1
2448 2
2449 1
2450 1
2451 1
2452 1
2454 1
2455 1
2457 2
2458 1
2459 1
2460 1
2461 1
2462 1
2463 2
2465 1
2466 2
2467 2
2468 2
2469 2
2471 1
2472 3
2473 2
2474 1
2477 2
2479 1
2482 1
2487 1
2488 2
2493 3
2496 2
2499 2
2500 1
2502 1
2505 1
2507 1
2508 1
2509 1
2510 2
2511 2
2512 1
2513 1
2515 2
2519 1
2520 1
2521 2
2522 2
2523 1
2526 1
2529 2
2530 1
2532 1
2533 2
2534 2
2538 1
2539 1
2540 1
2543 1
2556 1
2561 1
2565 1
2566 1
2570 1
2573 1
2576 2
2577 1
2584 1
2589 1
2590 1
2591 2
2609 1
2613 1
2615 1
2618 1
2623 1
2624 1
2628 2
2630 1
2632 1
2633 2
2634 2
2638 1
2640 2
2642 2
2644 2
2646 1
2647 1
2648 1
2650 2
2651 1
2664 1
2670 1
2675 1
2676 1
2680 1
2685 1
2690 3
2691 1
2692 1
2693 1
2697 1
2699 1
2700 1
2701 3
2702 1
2703 2
2704 1
2705 1
2706 2
2707 2
2708 3
2709 2
2710 4
2711 2
2712 3
2713 1
2714 1
2715 3
2716 3
2717 2
2719 1
2720 1
2721 3
2722 3
2723 4
2724 3
2725 2
2726 1
2727 3
2728 5
2729 1
2730 4
2731 5
2732 4
2733 2
2734 6
2735 2
2736 1
2737 4
2738 7
2739 4
2740 3
2741 4
2742 4
2743 4
2744 10
2745 6
2746 2
2747 2
2748 7
2749 10
2750 14
2751 6
2752 8
2753 5
2754 10
2755 10
2756 10
2757 8
2758 8
2759 9
2760 6
2761 3
2762 4
2763 10
2764 9
2765 15
2766 10
2767 17
2768 9
2769 11
2770 11
2771 11
2772 15
2773 10
2774 12
2775 16
2776 11
2777 18
2778 5
2779 15
2780 10
2781 14
2782 13
2783 17
2784 13
2785 18
2786 16
2787 12
2788 17
2789 23
2790 26
2791 26
2792 25
2793 12
2794 22
2795 25
2796 21
2797 17
2798 28
2799 23
2800 30
2801 24
2802 26
2803 25
2804 27
2805 33
2806 29
2807 30
2808 36
2809 32
2810 25
2811 31
2812 33
2813 35
2814 34
2815 32
2816 40
2817 28
2818 33
2819 33
2820 33
2821 35
2822 21
2823 31
2824 32
2825 32
2826 38
2827 30
2828 29
2829 30
2830 31
2831 31
2832 39
2833 29
2834 39
2835 32
2836 37
2837 47
2838 36
2839 41
2840 53
2841 40
2842 51
2843 41
2844 39
2845 41
2846 51
2847 33
2848 35
2849 46
2850 48
2851 25
2852 46
2853 37
2854 43
2855 44
2856 38
2857 43
2858 34
2859 48
2860 40
2861 37
2862 40
2863 43
2864 36
2865 39
2866 39
2867 39
2868 35
2869 26
2870 29
2871 29
2872 36
2873 42
2874 27
2875 39
2876 26
2877 41
2878 36
2879 51
2880 48
2881 29
2882 34
2883 28
2884 39
2885 38
2886 33
2887 37
2888 36
2889 31
2890 28
2891 29
2892 31
2893 32
2894 34
2895 26
2896 25
2897 27
2898 32
2899 18
2900 25
2901 37
2902 16
2903 23
2904 23
2905 19
2906 19
2907 38
2908 17
2909 26
2910 22
2911 19
2912 21
2913 11
2914 12
2915 20
2916 19
2917 27
2918 17
2919 14
2920 14
2921 9
2922 19
2923 24
2924 13
2925 18
2926 9
2927 15
2928 18
2929 18
2930 15
2931 12
2932 14
2933 12
2934 12
2935 4
2936 13
2937 8
2938 9
2939 3
2940 8
2941 10
2942 5
2943 3
2944 8
2945 6
2946 1
2947 7
2948 8
2949 8
2950 3
2951 2
2952 3
2953 4
2954 2
2955 2
2956 5
2957 8
2958 4
2959 4
2960 7
2961 3
2962 2
2963 10
2964 2
2965 3
2966 8
2967 7
2969 1
2970 6
2971 2
2972 3
2973 5
2974 7
2975 1
2976 1
2978 4
2979 6
2980 3
2981 4
2982 2
2983 2
2984 4
2985 4
2986 5
2987 5
2989 2
2991 1
2992 3
2993 3
2994 4
2995 2
2996 1
2998 3
2999 1
3000 4
3001 1
3003 1
3004 1
3006 1
3007 1
3011 1
3012 1
3015 1
3017 1
3031 1
3034 2
3046 1
3052 2
3054 1
3055 1
3057 1
3060 1
3079 1
3081 1
3086 3
3096 1
3101 1
3105 2
3108 1
3109 3
3142 1
3144 1
3146 1
3149 1
3152 1
3154 1
3160 1
3164 1
3165 1
3167 1
3175 1
3180 1
3185 1
3186 1
3198 1
3203 1
3210 1
3216 1
3220 1
3223 1
3228 1
3229 2
3230 1
3231 1
3234 2
3235 1
3236 2
3240 1
3241 1
3242 1
3243 1
3244 1
3248 1
3250 2
3252 2
3255 2
3256 1
3262 1
3263 1
3264 1
3265 1
3266 1
3275 1
3279 1
3281 2
3285 1
3287 2
3289 1
3299 1
3300 1
3301 1
3302 2
3303 1
3304 1
3306 1
3309 1
3312 1
3313 1
3315 2
3316 2
3317 1
3319 1
3320 4
3322 2
3323 1
3324 2
3327 2
3328 1
3329 1
3330 1
3331 1
3332 3
3333 2
3335 2
3337 1
3339 1
3340 4
3341 1
3342 4
3343 2
3345 1
3346 1
3347 3
3348 1
3349 2
3350 1
3353 1
3356 2
3357 1
3358 1
3364 1
3368 1
3369 1
3372 2
3374 3
3378 1
3379 2
3380 1
3382 1
3383 1
3385 1
3386 2
3389 1
3390 1
3394 2
3396 2
3399 1
3401 1
3402 2
3403 1
3405 1
3408 2
3409 1
3410 2
3413 1
3414 1
3415 2
3416 1
3417 1
3418 1
3420 2
3421 3
3422 1
3424 2
3426 1
3428 1
3429 3
3430 1
3432 1
3433 2
3435 3
3438 1
3439 1
3440 1
3443 2
3444 1
3445 2
3447 1
3451 1
3453 1
3455 1
3456 1
3463 2
3464 1
3469 2
3475 2
3479 1
3487 1
3492 1
3493 1
3500 1
3502 1
3507 1
3517 1
3528 1
3529 1
3537 1
3541 1
3544 1
3549 1
3551 1
3555 1
3556 2
3558 1
3569 1
3570 1
3571 1
3584 1
3587 1
3588 1
3592 1
3596 1
3602 1
3606 1
3607 1
3608 1
3609 2
3610 1
3611 1
3612 1
3614 2
3618 2
3619 3
3620 1
3621 2
3622 1
3623 1
3625 1
3626 1
3627 1
3628 1
3629 1
3631 1
3640 1
3643 1
3645 1
3646 1
3647 2
3651 1
3656 1
3658 1
3659 1
3661 1
3664 1
3667 3
3669 2
3670 1
3672 2
3674 1
3675 1
3676 1
3679 3
3691 1
3693 1
3694 1
3695 2
3696 4
3701 1
3705 1
3707 1
3708 1
3710 1
3712 1
3714 1
3717 1
3718 3
3719 1
3731 4
3732 1
3736 1
3739 2
3740 1
3741 1
3742 2
3744 2
3745 2
3746 2
3749 2
3751 2
3755 1
3756 1
3761 1
3765 1
3766 1
3767 1
3769 2
3770 1
3772 2
3773 1
3774 1
3775 1
3777 3
3778 1
3783 1
3785 2
3791 2
3797 2
3800 1
3801 1
3802 1
3803 1
3807 1
3809 1
3810 2
3812 1
3817 1
3818 3
3820 1
3822 1
3830 1
3834 1
3842 2
3843 1
3846 1
3847 1
3848 1
3849 1
3854 1
3855 1
3863 1
3877 1
3879 2
3880 1
3882 1
3884 2
3885 1
3887 1
3889 1
3890 1
3893 1
3894 2
3895 1
3898 1
3899 2
3903 1
3905 1
3907 1
3908 1
3909 1
3910 1
3911 1
3912 2
3914 1
3915 2
3916 1
3917 1
3918 1
3919 2
3922 1
3924 1
3928 1
3931 1
3945 1
3946 1
3951 1
3953 1
3956 1
3961 1
3964 1
3979 1
3980 1
3981 1
3984 1
4021 1
4068 1
4079 2
4080 1
4084 1
4086 1
4087 1
4089 1
4091 1
4092 1
4095 1
4097 1
4098 1
4099 1
4105 1
4106 1
4108 1
4127 1
4128 1
4129 1
4130 1
4144 1
4151 1
4153 1
4156 1
4160 2
4169 1
4170 3
4171 2
4181 3
4183 1
4184 2
4186 2
4187 2
4189 1
4191 2
4192 1
4193 1
4195 2
4198 1
4199 2
4200 2
4201 1
4203 1
4206 1
4207 1
4209 1
4210 2
4212 2
4216 1
4217 2
4218 1
4219 1
4221 2
4222 1
4223 1
4224 1
4225 3
4226 1
4228 1
4229 3
4231 1
4232 1
4233 1
4234 3
4235 2
4237 3
4238 3
4241 4
4242 4
4243 1
4244 1
4245 2
4246 2
4247 1
4248 2
4249 1
4250 3
4252 3
4253 2
4254 4
4256 1
4257 1
4259 1
4260 1
4261 4
4262 1
4263 1
4264 2
4265 3
4266 2
4267 2
4269 2
4271 3
4272 3
4273 2
4274 3
4275 3
4276 3
4277 3
4278 1
4279 4
4280 3
4281 1
4283 1
4285 1
4286 1
4288 1
4289 2
4290 2
4292 2
4293 3
4294 2
4296 1
4297 2
4298 2
4299 3
4301 2
4302 1
4303 2
4304 1
4306 2
4308 3
4309 2
4312 3
4314 1
4318 1
4325 2
4330 2
4331 2
4333 1
4335 1
4336 1
4338 1
4340 2
4341 1
4342 2
4343 3
4344 1
4346 1
4347 2
4348 2
4349 1
4350 2
4351 2
4354 2
4355 3
4357 2
4358 1
4359 1
4360 2
4363 1
4364 2
4365 2
4367 2
4368 1
4369 1
4371 2
4373 1
4376 1
4377 1
4378 1
4379 1
4380 5
4382 1
4383 2
4384 1
4385 1
4386 2
4388 1
4389 1
4390 1
4391 1
4394 1
4398 1
4399 1
4401 2
4413 1
4414 1
4418 1
4419 2
4421 1
4426 2
4427 1
4428 1
4429 1
4430 1
4432 1
4433 1
4434 2
4435 1
4444 1
4452 1
4458 1
4462 1
4467 1
4478 1
4539 1
4579 1
4601 1
4603 1
4608 1
4614 1
4615 1
4618 1
4619 1
4620 1
4622 1
4623 1
4648 1
4649 1
4651 1
4653 1
4658 1
4663 1
4667 1
4672 1
4673 1
4678 1
4688 1
4693 1
4694 1
4695 1
4701 1
4704 2
4706 1
4708 1
4711 2
4713 1
4717 1
4718 1
4720 1
4723 1
4724 1
4731 1
4733 1
4734 1
4735 1
4738 1
4739 1
4740 2
4743 1
4745 1
4746 1
4751 2
4755 4
4756 1
4757 1
4759 2
4761 2
4762 1
4763 2
4766 1
4767 1
4770 1
4774 1
4778 2
4780 1
4784 1
4785 1
4788 3
4789 1
4790 2
4791 1
4792 1
4793 3
4794 1
4795 1
4796 2
4797 3
4800 2
4801 1
4802 1
4803 1
4804 1
4805 1
4806 3
4807 3
4808 1
4809 2
4810 1
4811 2
4812 1
4814 1
4815 1
4818 2
4821 1
4825 1
4826 1
4827 2
4830 1
4832 1
4833 1
4834 1
4835 1
4836 1
4837 1
4840 2
4841 1
4842 1
4850 1
4858 1
4870 1
4880 1
4886 1
4897 1
4903 1
4909 1
5406 1
5594 1
5635 1
5649 1
5652 1
5657 1
5658 1
5661 1
5665 1
5666 1
5667 1
5669 2
5670 1
5671 2
5675 1
5677 2
5678 1
5680 3
5682 2
5683 1
5689 1
5690 1
5695 2
5698 1
5699 2
5703 1
5707 1
5708 2
5709 1
5710 1
5711 1
5713 3
5725 1
5726 1
5728 1
5797 1
5813 1
5815 1
5819 2
5820 1
5824 1
5827 1
5831 2
5837 1
5839 1
5842 1
5843 1
5848 1
5849 1
5856 1
5863 2
5869 1
5870 1
5871 1
5874 1
5875 1
5876 1
5884 1
5891 1
5893 1
6062 1
6067 1
6082 1
6705 1
6706 1
6709 1
6893 1
6895 1
6896 1
6927 1
7011 1
7018 1
7024 1
7099 1
7102 1
7132 1
7167 1
7173 1
7200 1
7208 1
7217 1
7218 1
7221 2
7239 1
7252 1
7261 1
7268 1
7269 1
7280 1
7288 1
7291 1
7292 1
8453 1
8459 2
8466 1
8476 1
8486 1
8533 1
8582 1
8675 1
8681 1
8705 1
8706 1
8713 1
8832 1
8833 1
8839 1
8842 1
8845 1
8846 1
8848 2
8854 1
8861 2
8864 1
8867 1
8877 1
8893 1
8934 1
8977 1
9010 2
9015 1
9016 2
9019 1
9032 1
9036 1
9052 1
9953 1
10001 21
