1 22994562
2 13696651
3 8931087
4 6081476
5 4226593
6 3006976
7 2190264
8 1616596
9 1238176
10 979490
11 837573
12 786037
13 801245
14 847006
15 908652
16 970196
17 1023564
18 1055495
19 1072294
20 1067054
21 1049953
22 1013667
23 965624
24 908289
25 851179
26 789143
27 730845
28 675402
29 622134
30 573522
31 528224
32 486427
33 445378
34 406599
35 370838
36 341357
37 318971
38 303423
39 298496
40 301816
41 318251
42 343095
43 376026
44 417744
45 468460
46 517783
47 566281
48 619193
49 663605
50 705007
51 736497
52 758512
53 771177
54 776638
55 773719
56 762750
57 739795
58 712509
59 680614
60 640735
61 598900
62 553726
63 507907
64 462043
65 416028
66 371351
67 329130
68 288742
69 251112
70 215863
71 186331
72 159088
73 134826
74 113743
75 96036
76 80687
77 67675
78 56876
79 47516
80 40106
81 33864
82 28952
83 24838
84 21390
85 18842
86 16873
87 15162
88 13247
89 11830
90 10969
91 9905
92 9218
93 8505
94 8177
95 7555
96 6926
97 6573
98 6195
99 5878
100 5451
101 5370
102 5073
103 5052
104 4801
105 4635
106 4526
107 4480
108 4462
109 4307
110 4062
111 4107
112 3859
113 3687
114 3473
115 3393
116 3113
117 2885
118 2694
119 2609
120 2561
121 2437
122 2325
123 2207
124 1995
125 1839
126 1828
127 1708
128 1588
129 1453
130 1451
131 1304
132 1223
133 1108
134 1117
135 970
136 1021
137 948
138 857
139 817
140 795
141 690
142 624
143 596
144 562
145 553
146 515
147 493
148 448
149 496
150 507
151 489
152 516
153 532
154 471
155 513
156 472
157 473
158 515
159 468
160 454
161 475
162 438
163 472
164 474
165 487
166 475
167 468
168 525
169 518
170 508
171 475
172 515
173 468
174 485
175 503
176 512
177 564
178 534
179 506
180 505
181 499
182 517
183 456
184 477
185 445
186 453
187 461
188 442
189 489
190 397
191 423
192 393
193 412
194 440
195 446
196 402
197 401
198 376
199 384
200 413
201 384
202 367
203 348
204 324
205 308
206 304
207 316
208 289
209 305
210 330
211 322
212 280
213 317
214 316
215 289
216 275
217 241
218 289
219 248
220 255
221 253
222 255
223 216
224 191
225 212
226 187
227 187
228 182
229 169
230 174
231 132
232 143
233 140
234 117
235 164
236 114
237 140
238 117
239 120
240 119
241 143
242 138
243 146
244 137
245 133
246 119
247 124
248 135
249 133
250 124
251 146
252 127
253 140
254 148
255 128
256 145
257 161
258 176
259 194
260 191
261 217
262 218
263 214
264 237
265 200
266 217
267 224
268 230
269 241
270 232
271 214
272 208
273 195
274 195
275 152
276 168
277 174
278 136
279 151
280 164
281 138
282 143
283 149
284 134
285 116
286 124
287 120
288 118
289 99
290 96
291 115
292 97
293 111
294 98
295 80
296 90
297 75
298 75
299 64
300 92
301 78
302 83
303 60
304 83
305 77
306 68
307 71
308 59
309 52
310 47
311 49
312 34
313 44
314 45
315 44
316 42
317 32
318 55
319 56
320 60
321 66
322 59
323 78
324 72
325 64
326 62
327 56
328 65
329 74
330 53
331 54
332 46
333 49
334 56
335 39
336 43
337 40
338 34
339 42
340 40
341 36
342 44
343 44
344 40
345 31
346 30
347 41
348 42
349 36
350 52
351 47
352 54
353 41
354 48
355 50
356 44
357 44
358 45
359 30
360 40
361 44
362 38
363 53
364 41
365 35
366 45
367 36
368 42
369 40
370 38
371 48
372 44
373 36
374 45
375 46
376 28
377 31
378 45
379 42
380 44
381 40
382 31
383 47
384 38
385 30
386 28
387 28
388 30
389 40
390 28
391 32
392 29
393 39
394 35
395 30
396 26
397 35
398 54
399 33
400 50
401 55
402 49
403 53
404 55
405 39
406 63
407 42
408 52
409 45
410 31
411 25
412 33
413 16
414 22
415 18
416 18
417 14
418 17
419 20
420 14
421 18
422 21
423 14
424 19
425 13
426 17
427 12
428 3
429 11
430 7
431 22
432 13
433 15
434 12
435 15
436 21
437 8
438 18
439 15
440 15
441 17
442 9
443 22
444 15
445 9
446 13
447 20
448 10
449 18
450 19
451 18
452 15
453 20
454 13
455 11
456 14
457 11
458 8
459 10
460 11
461 14
462 9
463 12
464 10
465 14
466 12
467 7
468 12
469 15
470 8
471 11
472 8
473 14
474 11
475 6
476 6
477 7
478 5
479 5
480 5
481 12
482 9
483 8
484 11
485 7
486 11
487 8
488 9
489 10
490 8
491 12
492 10
493 6
494 11
495 12
496 9
497 13
498 6
499 11
500 8
501 4
502 4
503 5
504 9
505 6
506 7
507 11
508 6
509 9
510 8
511 11
512 13
513 8
514 4
515 8
516 8
517 5
518 5
519 3
520 2
521 6
522 5
523 10
524 12
525 3
526 8
527 7
528 8
529 6
530 8
531 5
532 15
533 11
534 6
535 8
536 5
537 12
538 4
539 5
540 9
541 7
542 4
543 9
544 10
545 12
546 11
547 15
548 8
549 5
550 7
551 12
552 3
553 4
554 5
555 1
557 6
558 2
559 4
560 5
561 7
562 4
563 8
564 3
565 6
566 4
567 9
568 5
569 12
570 9
571 9
572 7
573 10
574 7
575 9
576 11
577 10
578 10
579 11
580 8
581 13
582 12
583 12
584 4
585 9
586 8
587 16
588 11
589 9
590 12
591 5
592 7
593 13
594 17
595 14
596 11
597 11
598 4
599 9
600 10
601 10
602 12
603 9
604 13
605 10
606 6
607 12
608 6
609 6
610 11
611 5
612 1
613 1
614 5
615 6
616 2
617 5
618 1
619 6
620 4
621 2
622 2
623 4
624 9
625 2
626 7
627 4
628 3
629 4
630 4
631 2
632 5
633 4
634 5
635 7
636 5
637 6
638 12
639 3
640 5
641 7
642 11
643 6
644 9
645 5
646 4
647 7
648 5
649 7
650 6
651 9
652 8
653 6
654 7
655 5
656 8
657 5
658 4
659 3
660 4
661 3
662 3
663 7
664 4
665 12
666 12
667 7
668 10
669 9
670 12
671 10
672 15
673 13
674 18
675 11
676 10
677 19
678 13
679 12
680 8
681 8
682 9
683 12
684 10
685 13
686 11
687 8
688 12
689 9
690 15
691 15
692 13
693 12
694 16
695 16
696 15
697 8
698 13
699 20
700 14
701 11
702 8
703 10
704 7
705 15
706 10
707 10
708 7
709 12
710 9
711 13
712 12
713 9
714 13
715 8
716 7
717 11
718 7
719 14
720 6
721 6
722 9
723 6
724 18
725 7
726 19
727 8
728 15
729 9
730 8
731 8
732 16
733 13
734 16
735 17
736 11
737 14
738 9
739 12
740 8
741 13
742 13
743 11
744 4
745 11
746 7
747 8
748 6
749 8
750 9
751 5
752 12
753 9
754 2
755 3
756 15
757 11
758 9
759 10
760 8
761 10
762 11
763 16
764 17
765 12
766 8
767 13
768 10
769 10
770 4
771 9
772 4
773 6
774 6
775 6
776 5
777 2
778 3
779 3
780 5
781 1
782 3
783 3
784 1
786 3
787 2
788 4
789 1
790 1
792 2
793 1
794 1
795 4
796 4
797 3
798 1
799 2
800 2
801 2
803 4
805 3
806 2
807 4
808 4
809 3
810 1
811 2
812 3
813 1
815 2
816 2
817 1
818 2
819 1
820 2
821 3
822 3
823 2
824 3
825 3
826 1
827 1
828 3
829 1
830 6
831 1
832 4
833 7
834 7
835 7
836 2
837 6
838 2
839 2
840 4
841 2
842 5
843 3
844 5
845 2
846 4
847 5
848 5
849 4
850 1
851 2
852 3
853 2
854 1
856 3
857 2
858 1
861 5
862 3
863 1
864 3
865 1
866 1
867 2
868 1
869 1
871 2
872 2
874 1
875 1
878 1
879 1
880 1
883 2
884 1
888 1
890 1
891 1
892 1
893 1
895 1
897 4
898 2
901 1
902 1
903 1
904 3
907 1
909 1
913 2
914 1
915 4
916 2
917 2
918 1
919 3
920 2
921 2
922 1
924 1
925 1
926 4
927 3
928 3
929 1
930 2
932 4
933 3
934 3
935 3
936 4
938 5
939 3
940 2
946 1
951 2
958 1
959 1
961 1
963 2
965 1
966 1
969 1
974 1
979 2
983 1
984 1
985 2
986 1
987 1
988 1
989 3
990 1
992 1
993 2
996 1
999 1
1001 1
1002 1
1003 1
1004 1
1005 1
1006 1
1012 1
1015 1
1016 1
1018 1
1020 1
1021 3
1022 2
1023 1
1025 2
1028 1
1029 1
1030 1
1031 1
1032 1
1033 2
1035 1
1037 1
1038 1
1039 1
1042 1
1044 4
1050 1
1051 1
1054 1
1056 1
1064 1
1065 2
1067 1
1072 1
1073 1
1075 1
1079 1
1080 1
1084 1
1087 1
1090 1
1104 1
1107 1
1108 2
1109 1
1110 2
1111 1
1112 1
1115 2
1118 2
1119 2
1126 2
1128 2
1129 1
1130 1
1131 1
1132 2
1135 1
1137 2
1139 1
1140 1
1145 1
1150 1
1152 1
1153 1
1156 1
1168 1
1177 1
1180 1
1181 2
1186 1
1192 1
1200 2
1205 3
1208 1
1229 1
1232 1
1234 1
1235 2
1236 1
1240 2
1262 1
1266 1
1267 1
1276 1
1280 1
1283 1
1305 1
1306 1
1307 1
1309 1
1310 1
1312 1
1316 1
1323 1
1332 2
1371 1
1373 1
1374 1
1375 1
1376 2
1378 1
1385 1
1386 1
1391 1
1393 1
1402 1
1415 1
1420 1
1424 1
1442 1
1482 1
1489 1
1499 1
1500 1
1503 1
1506 1
1509 1
1514 1
1529 1
1541 1
1543 2
1546 2
1547 1
1552 1
1556 1
1557 1
1560 1
1561 1
1563 2
1566 1
1567 2
1571 2
1573 2
1579 1
1580 1
1581 1
1584 1
1593 1
1621 1
1630 1
1632 1
1633 1
1638 1
1644 1
1666 1
1670 2
1673 1
1676 2
1677 1
1693 1
1694 1
1716 3
1718 1
1720 2
1721 1
1723 3
1724 2
1725 1
1727 1
1730 1
1735 1
1736 1
1738 2
1785 1
1787 1
1827 1
1835 1
1836 1
1839 1
1841 1
1861 1
1898 1
1904 2
1935 1
1968 1
1981 1
2044 1
2057 1
2058 1
2069 1
2075 1
2078 1
2102 1
2123 1
2131 1
2134 2
2136 1
2145 1
2146 1
2148 1
2154 1
2155 1
2161 1
2162 1
2165 1
2166 1
2210 1
2213 1
2227 1
2231 1
2238 1
2281 1
2282 1
2291 2
2293 1
2295 2
2301 1
2373 1
2527 1
2531 1
2532 1
2534 2
2535 1
2538 3
2544 1
2552 1
2588 1
3542 1
3580 1
3943 1
4019 1
4076 1
4322 1
5209 1
5286 1
5287 1
5288 1
5290 2
5296 1
5299 2
5305 1
5310 1
