1 14513286
2 5445382
3 4022424
4 3438703
5 2855270
6 2280215
7 1789906
8 1434886
9 1204187
10 1059087
11 966680
12 897045
13 820569
14 739010
15 648592
16 545898
17 447875
18 352077
19 266486
20 194858
21 136010
22 92698
23 60443
24 39420
25 25027
26 15513
27 10172
28 6803
29 4684
30 3583
31 3100
32 2767
33 2448
34 2174
35 2018
36 1700
37 1639
38 1481
39 1443
40 1274
41 1182
42 1074
43 1098
44 1054
45 975
46 848
47 846
48 841
49 898
50 919
51 901
52 925
53 1142
54 1297
55 1648
56 2186
57 3044
58 4085
59 5363
60 7386
61 9612
62 12643
63 16515
64 21291
65 27251
66 34052
67 41443
68 50940
69 62180
70 73634
71 86849
72 100041
73 113965
74 128849
75 143511
76 158232
77 171837
78 186060
79 198454
80 208286
81 217748
82 224975
83 229221
84 232962
85 234248
86 232320
87 226773
88 220874
89 211453
90 202296
91 190849
92 178326
93 165217
94 151277
95 136952
96 123622
97 110320
98 97454
99 85083
100 74098
101 63297
102 53836
103 45612
104 38807
105 32548
106 26858
107 22008
108 17417
109 13894
110 10939
111 8795
112 6842
113 5352
114 4081
115 3198
116 2256
117 1706
118 1297
119 978
120 684
121 546
122 363
123 310
124 281
125 173
126 156
127 129
128 113
129 106
130 95
131 91
132 108
133 90
134 91
135 108
136 116
137 117
138 133
139 165
140 155
141 211
142 224
143 206
144 271
145 266
146 297
147 281
148 340
149 371
150 423
151 416
152 492
153 519
154 589
155 602
156 635
157 666
158 675
159 718
160 762
161 749
162 836
163 760
164 836
165 800
166 851
167 885
168 905
169 893
170 897
171 851
172 917
173 857
174 834
175 818
176 818
177 775
178 740
179 764
180 708
181 610
182 610
183 571
184 545
185 437
186 466
187 431
188 404
189 382
190 360
191 342
192 317
193 282
194 240
195 292
196 221
197 214
198 201
199 159
200 141
201 107
202 124
203 119
204 113
205 93
206 95
207 102
208 88
209 97
210 88
211 101
212 106
213 107
214 102
215 101
216 132
217 120
218 119
219 134
220 138
221 129
222 120
223 136
224 133
225 161
226 156
227 186
228 187
229 175
230 190
231 213
232 246
233 238
234 279
235 272
236 311
237 316
238 320
239 322
240 319
241 325
242 310
243 295
244 334
245 334
246 309
247 330
248 321
249 306
250 319
251 274
252 275
253 273
254 219
255 224
256 223
257 225
258 219
259 200
260 188
261 196
262 199
263 161
264 150
265 122
266 107
267 122
268 112
269 112
270 71
271 75
272 89
273 91
274 70
275 70
276 72
277 68
278 72
279 55
280 57
281 60
282 60
283 37
284 50
285 51
286 53
287 45
288 45
289 49
290 26
291 35
292 31
293 32
294 38
295 35
296 38
297 35
298 39
299 38
300 48
301 38
302 34
303 42
304 53
305 54
306 53
307 52
308 49
309 58
310 58
311 79
312 100
313 95
314 88
315 94
316 103
317 96
318 93
319 88
320 90
321 96
322 92
323 97
324 86
325 116
326 100
327 109
328 106
329 95
330 108
331 96
332 96
333 100
334 97
335 72
336 80
337 104
338 102
339 114
340 122
341 104
342 109
343 81
344 80
345 94
346 105
347 85
348 86
349 68
350 70
351 76
352 70
353 69
354 72
355 83
356 88
357 78
358 80
359 95
360 88
361 74
362 77
363 58
364 67
365 60
366 66
367 56
368 64
369 58
370 58
371 61
372 53
373 56
374 56
375 50
376 53
377 49
378 57
379 46
380 51
381 50
382 59
383 65
384 52
385 50
386 44
387 46
388 46
389 40
390 32
391 51
392 36
393 37
394 35
395 57
396 46
397 43
398 47
399 49
400 46
401 53
402 38
403 34
404 33
405 44
406 39
407 42
408 33
409 51
410 49
411 57
412 62
413 59
414 50
415 61
416 46
417 56
418 48
419 46
420 59
421 54
422 59
423 57
424 57
425 59
426 57
427 60
428 61
429 62
430 55
431 52
432 64
433 50
434 52
435 49
436 51
437 53
438 54
439 48
440 51
441 49
442 52
443 46
444 53
445 37
446 58
447 44
448 35
449 53
450 48
451 61
452 53
453 34
454 55
455 36
456 33
457 42
458 36
459 40
460 29
461 40
462 31
463 39
464 40
465 42
466 37
467 33
468 31
469 46
470 37
471 46
472 24
473 49
474 36
475 38
476 44
477 36
478 41
479 41
480 39
481 32
482 24
483 29
484 42
485 25
486 35
487 46
488 35
489 48
490 36
491 46
492 40
493 41
494 39
495 40
496 31
497 47
498 40
499 33
500 38
501 33
502 34
503 38
504 36
505 33
506 27
507 34
508 35
509 36
510 21
511 29
512 23
513 23
514 24
515 21
516 23
517 26
518 23
519 23
520 16
521 25
522 22
523 10
524 18
525 8
526 9
527 13
528 12
529 9
530 8
531 8
532 8
533 9
534 9
535 14
536 9
537 9
538 12
539 10
540 8
541 6
542 5
543 6
544 12
545 1
546 9
547 8
548 8
549 6
550 6
551 5
552 14
553 7
554 8
555 12
556 7
557 9
558 12
559 13
560 5
561 8
562 4
563 2
564 2
565 5
566 1
567 6
568 5
569 9
570 1
571 4
572 3
573 6
574 6
575 4
576 7
577 4
578 3
579 5
580 9
581 7
582 3
583 6
584 4
585 4
586 8
587 7
588 4
589 2
590 3
591 4
592 1
593 2
594 2
596 1
597 2
600 1
602 1
603 3
605 2
606 2
607 1
608 3
609 4
610 1
611 3
612 4
613 5
614 4
615 3
616 7
617 3
619 2
620 3
621 4
622 3
623 3
624 3
625 5
626 10
627 5
628 6
629 3
630 4
631 7
632 2
633 6
634 3
635 2
636 6
637 4
638 5
639 7
640 3
642 1
643 1
644 14
645 3
646 9
647 4
648 5
649 10
650 9
651 4
652 6
653 7
654 6
655 5
656 4
657 5
658 5
659 5
660 1
661 2
662 2
664 2
665 4
666 2
667 3
668 2
669 4
671 3
672 1
673 3
674 3
675 1
676 3
677 1
678 1
680 2
681 3
682 4
683 2
687 1
688 1
689 2
690 6
691 4
692 1
693 9
694 5
695 4
696 2
697 6
698 4
699 3
700 3
701 3
702 1
703 1
704 2
705 1
706 4
707 2
708 1
709 3
710 3
711 4
712 1
713 3
714 3
715 1
716 4
717 1
719 2
720 3
721 2
722 4
723 6
724 1
725 2
726 2
727 4
728 1
730 5
731 2
732 3
733 1
734 1
735 2
736 2
738 2
739 4
740 2
741 3
742 2
743 3
744 2
746 1
749 2
750 1
751 1
752 2
754 3
755 4
756 2
757 6
758 4
759 2
760 2
761 3
762 4
763 8
764 4
765 6
766 2
767 2
768 6
770 8
771 4
772 6
773 5
774 2
775 3
776 2
777 4
778 6
779 6
780 12
781 7
782 6
783 10
784 9
785 9
786 6
787 10
788 2
789 4
790 4
791 2
792 3
793 5
794 3
795 1
796 6
797 2
798 1
799 3
800 2
802 4
803 5
804 2
805 2
806 2
807 6
808 5
809 3
810 2
811 8
812 7
813 9
814 9
815 5
816 6
817 4
818 4
819 3
820 3
821 6
822 14
823 6
824 4
825 3
826 4
827 4
828 11
829 2
830 3
831 2
833 2
835 2
836 2
837 1
839 1
840 2
841 1
842 1
844 3
845 5
846 1
847 1
848 5
849 2
850 5
851 8
852 2
853 6
854 5
855 8
856 5
857 6
858 7
859 7
860 7
861 9
862 8
863 5
864 5
865 7
866 2
867 5
868 8
869 9
870 7
871 5
872 1
873 8
874 2
875 2
876 8
877 3
878 4
879 3
880 5
881 5
882 11
883 3
884 8
885 5
886 10
887 5
888 6
889 9
890 4
891 10
892 4
893 7
894 8
895 7
896 4
897 4
898 10
899 7
900 5
901 9
902 6
903 8
904 7
905 8
906 3
907 7
908 8
909 11
910 11
911 5
912 7
913 6
914 9
915 5
916 5
917 1
918 5
919 2
920 1
921 7
922 3
923 2
924 2
925 2
927 2
928 5
929 2
930 3
931 2
932 1
933 6
935 2
936 3
937 3
938 3
939 1
942 2
943 1
944 2
945 2
946 1
947 2
948 4
949 1
950 2
951 2
952 2
953 2
954 1
955 1
956 2
957 2
959 2
960 3
961 1
962 2
963 2
964 5
965 2
966 3
967 3
968 5
969 2
970 6
971 8
972 6
973 6
974 5
975 5
976 4
977 5
978 6
979 7
980 6
981 6
982 4
983 6
984 10
985 7
986 4
987 5
988 3
989 4
990 3
991 6
992 6
993 4
994 5
995 4
996 11
997 6
998 9
999 10
1000 7
1001 6
1002 11
1003 8
1004 8
1005 6
1006 8
1007 6
1008 4
1009 8
1010 6
1011 3
1012 7
1013 3
1014 4
1016 5
1017 4
1018 3
1019 5
1020 5
1021 4
1022 6
1023 4
1024 3
1025 3
1026 4
1027 2
1028 4
1029 2
1030 3
1031 4
1032 3
1033 3
1034 2
1035 3
1036 4
1037 4
1038 3
1039 5
1040 7
1041 9
1042 2
1043 8
1044 4
1045 4
1046 7
1047 4
1048 5
1049 5
1050 4
1051 3
1052 7
1053 4
1054 3
1055 3
1056 5
1057 3
1058 2
1060 2
1062 2
1063 4
1064 3
1065 3
1066 1
1067 4
1068 1
1069 1
1070 4
1071 3
1072 4
1073 2
1074 3
1075 3
1076 6
1077 5
1078 6
1079 1
1080 6
1081 4
1082 3
1083 4
1084 8
1085 8
1086 5
1087 3
1088 2
1089 2
1090 2
1091 7
1092 3
1093 3
1094 1
1095 2
1096 5
1097 3
1098 4
1099 7
1100 8
1101 3
1102 5
1103 5
1104 5
1105 5
1106 9
1107 6
1108 1
1109 2
1110 5
1111 4
1112 5
1113 5
1114 4
1115 2
1116 1
1117 1
1118 2
1119 2
1120 5
1121 4
1122 5
1123 3
1124 4
1125 7
1126 1
1127 2
1128 3
1129 3
1130 3
1131 2
1132 2
1133 4
1134 4
1135 4
1136 4
1137 3
1138 3
1139 4
1140 3
1141 5
1142 4
1145 1
1146 3
1147 1
1148 1
1149 1
1150 1
1151 4
1152 2
1153 2
1154 2
1155 3
1156 4
1157 4
1158 1
1159 7
1160 5
1161 1
1162 1
1163 3
1164 5
1165 4
1166 3
1167 2
1168 2
1169 2
1170 3
1172 2
1173 3
1176 2
1177 4
1178 1
1179 1
1180 1
1183 2
1184 5
1185 6
1186 5
1187 2
1188 4
1189 4
1190 2
1192 5
1193 7
1194 2
1195 4
1196 2
1197 3
1198 6
1199 3
1200 3
1201 2
1202 1
1203 4
1204 9
1205 5
1206 2
1207 4
1208 5
1209 8
1210 5
1211 8
1212 11
1213 10
1214 7
1215 13
1216 8
1217 11
1218 9
1219 9
1221 13
1222 9
1223 8
1224 4
1225 9
1226 1
1227 2
1228 6
1229 2
1230 1
1231 4
1232 1
1233 3
1234 1
1235 4
1238 1
1239 2
1240 1
1243 1
1244 1
1245 1
1247 1
1252 1
1253 2
1254 1
1255 4
1256 2
1257 4
1258 4
1259 4
1260 4
1261 4
1262 1
1263 5
1264 2
1266 4
1267 5
1268 3
1269 3
1270 1
1271 4
1272 2
1273 5
1274 3
1275 2
1277 2
1278 1
1279 3
1280 1
1281 3
1282 3
1283 3
1284 2
1285 3
1286 2
1287 2
1290 1
1291 1
1292 1
1293 1
1294 2
1298 1
1303 1
1305 1
1306 1
1308 1
1309 1
1311 3
1312 1
1313 1
1315 2
1316 2
1317 2
1318 1
1319 3
1320 4
1321 2
1322 2
1324 2
1325 3
1326 2
1327 3
1328 1
1329 6
1330 3
1331 3
1332 5
1333 1
1334 6
1336 1
1337 3
1338 2
1339 1
1340 1
1341 2
1342 5
1343 4
1345 6
1346 4
1347 8
1348 4
1349 1
1350 2
1351 4
1352 5
1353 2
1354 2
1355 3
1356 4
1357 6
1358 9
1359 10
1360 7
1361 6
1362 7
1363 6
1364 11
1365 10
1366 5
1367 10
1368 10
1369 5
1370 5
1371 5
1372 8
1373 8
1374 6
1375 4
1376 6
1377 3
1378 3
1379 3
1380 4
1381 2
1382 2
1383 3
1385 1
1386 2
1387 2
1388 1
1389 1
1390 1
1391 1
1393 1
1394 5
1395 3
1396 2
1397 4
1398 4
1399 3
1400 3
1401 1
1402 1
1403 3
1404 3
1405 2
1406 3
1407 6
1408 3
1409 2
1410 1
1411 5
1412 1
1413 8
1414 1
1415 2
1416 2
1417 1
1418 1
1419 2
1420 2
1421 1
1422 4
1424 1
1425 1
1426 1
1427 1
1428 1
1429 2
1430 1
1432 2
1434 1
1441 1
1442 1
1443 1
1444 2
1445 2
1446 2
1447 3
1448 1
1450 1
1451 1
1458 1
1461 1
1462 1
1466 1
1468 1
1469 1
1471 2
1472 1
1474 1
1475 1
1478 2
1479 2
1481 2
1482 1
1485 1
1490 1
1506 1
1512 1
1644 1
1647 2
1648 1
1655 1
1657 1
1753 1
1757 1
1764 1
1801 1
1847 1
1854 1
1932 1
1937 1
1973 1
1979 1
2014 1
2022 1
2024 1
2030 2
2031 1
2032 1
2036 1
2040 1
2041 3
2043 1
2044 1
2045 1
2046 1
2048 1
2049 1
2059 1
2126 1
2168 1
2177 2
2178 1
2179 1
2186 1
2187 1
2189 1
2190 1
2195 2
2253 1
2271 1
2297 1
2302 1
2323 1
2357 1
2461 1
2607 1
2775 1
2947 1
2963 1
2975 2
2986 1
3028 1
3044 1
3056 1
3057 1
3059 2
3060 1
3062 3
3065 1
3066 1
3071 1
3072 1
3140 1
3143 1
3180 1
3183 1
3196 1
3254 1
3419 1
3432 1
3504 1
3679 1
3682 2
3688 1
3695 1
3700 1
3775 1
3842 1
