1 13782557
2 5788135
3 4299275
4 3424839
5 2634595
6 2018330
7 1611408
8 1345384
9 1169057
10 1031716
11 887333
12 742109
13 594292
14 456952
15 333785
16 232293
17 156288
18 100405
19 62501
20 37121
21 21784
22 13210
23 8582
24 5930
25 4093
26 3349
27 2863
28 2219
29 1864
30 1723
31 1597
32 1501
33 1506
34 1441
35 1296
36 1383
37 1416
38 1536
39 1771
40 2380
41 3121
42 4217
43 5697
44 7737
45 10858
46 14597
47 19496
48 25629
49 33771
50 43247
51 55171
52 68817
53 83460
54 100757
55 119980
56 139852
57 159509
58 177868
59 196980
60 214111
61 230047
62 243007
63 253812
64 261298
65 265748
66 267023
67 264486
68 257498
69 249879
70 237181
71 223051
72 206397
73 189086
74 171769
75 153689
76 136014
77 118677
78 102634
79 86899
80 73697
81 61640
82 50429
83 41253
84 33158
85 26654
86 21428
87 16532
88 12717
89 9656
90 7359
91 5444
92 4120
93 3019
94 2207
95 1725
96 1248
97 896
98 652
99 497
100 412
101 280
102 252
103 237
104 184
105 167
106 206
107 191
108 212
109 315
110 294
111 351
112 398
113 458
114 517
115 540
116 561
117 617
118 673
119 724
120 759
121 756
122 740
123 828
124 868
125 883
126 942
127 926
128 984
129 974
130 940
131 969
132 990
133 951
134 960
135 961
136 866
137 919
138 857
139 850
140 845
141 826
142 745
143 691
144 727
145 607
146 534
147 510
148 505
149 416
150 391
151 401
152 377
153 354
154 332
155 288
156 229
157 203
158 199
159 188
160 179
161 182
162 162
163 187
164 190
165 189
166 205
167 224
168 257
169 225
170 224
171 246
172 263
173 264
174 278
175 250
176 283
177 270
178 290
179 271
180 265
181 311
182 294
183 297
184 347
185 314
186 354
187 292
188 308
189 316
190 289
191 292
192 345
193 293
194 281
195 274
196 253
197 284
198 274
199 256
200 252
201 254
202 219
203 222
204 182
205 212
206 185
207 197
208 184
209 188
210 166
211 167
212 136
213 155
214 138
215 116
216 109
217 85
218 79
219 69
220 82
221 73
222 58
223 70
224 74
225 65
226 53
227 76
228 62
229 57
230 80
231 53
232 62
233 80
234 60
235 67
236 77
237 87
238 101
239 118
240 116
241 118
242 97
243 97
244 88
245 89
246 79
247 77
248 99
249 95
250 110
251 116
252 125
253 145
254 152
255 158
256 141
257 170
258 139
259 164
260 138
261 112
262 119
263 115
264 111
265 122
266 164
267 137
268 129
269 115
270 117
271 113
272 128
273 93
274 141
275 128
276 111
277 123
278 112
279 100
280 97
281 82
282 81
283 73
284 70
285 65
286 59
287 48
288 63
289 53
290 48
291 48
292 43
293 36
294 37
295 49
296 49
297 54
298 49
299 29
300 37
301 37
302 35
303 43
304 43
305 38
306 30
307 54
308 40
309 48
310 42
311 52
312 56
313 49
314 52
315 58
316 89
317 77
318 65
319 79
320 82
321 85
322 71
323 78
324 74
325 68
326 89
327 87
328 85
329 91
330 71
331 81
332 76
333 72
334 67
335 70
336 60
337 59
338 49
339 63
340 69
341 59
342 60
343 56
344 49
345 54
346 59
347 47
348 43
349 47
350 59
351 52
352 58
353 68
354 53
355 57
356 54
357 51
358 46
359 47
360 46
361 43
362 60
363 47
364 61
365 52
366 52
367 48
368 46
369 50
370 46
371 53
372 47
373 55
374 48
375 70
376 49
377 48
378 47
379 64
380 61
381 49
382 44
383 39
384 45
385 48
386 44
387 41
388 43
389 36
390 40
391 52
392 52
393 47
394 47
395 46
396 26
397 36
398 38
399 44
400 38
401 43
402 38
403 37
404 37
405 35
406 26
407 25
408 26
409 21
410 34
411 23
412 25
413 23
414 20
415 16
416 13
417 13
418 16
419 17
420 8
421 7
422 12
423 13
424 9
425 5
426 9
427 7
428 5
429 6
430 8
431 7
432 3
433 3
434 7
435 3
436 2
437 5
438 7
439 6
440 8
441 5
442 8
443 2
444 7
445 8
446 12
447 10
448 13
449 12
450 6
451 2
452 7
453 4
454 6
455 5
456 4
457 6
458 4
459 2
460 7
461 3
462 3
463 5
464 5
465 3
466 7
467 4
468 8
469 6
470 2
471 3
472 7
473 2
474 5
475 6
476 1
477 2
478 2
479 2
481 1
482 4
483 2
484 2
485 3
486 6
487 4
488 6
489 7
490 4
491 3
492 2
493 3
494 9
495 5
496 3
497 4
498 9
499 2
500 3
501 5
502 9
503 6
504 4
505 7
506 7
507 3
508 2
509 4
510 2
511 5
512 6
513 3
514 4
515 3
516 4
517 1
518 2
519 3
520 5
521 5
522 5
523 1
524 4
525 8
526 3
527 4
528 8
529 1
530 5
531 6
532 6
533 5
534 3
535 3
536 3
537 3
538 5
539 4
540 5
541 4
542 4
543 3
544 2
545 2
546 4
547 2
548 1
549 3
550 4
551 2
552 4
553 4
554 3
555 3
556 1
557 2
558 4
559 1
562 2
563 4
564 1
565 3
567 2
568 10
569 1
570 4
571 5
572 5
573 8
574 4
575 7
576 5
578 3
579 3
580 8
581 4
582 5
583 4
584 3
585 5
586 2
587 4
588 2
589 2
590 3
591 2
592 4
593 7
594 6
595 5
596 3
597 6
598 3
599 3
600 6
601 7
602 3
603 4
604 5
605 3
606 3
607 6
608 8
609 7
610 7
611 12
612 6
613 5
614 6
615 6
616 3
617 3
618 3
619 4
620 4
621 5
622 3
623 1
624 7
625 3
626 2
627 1
629 1
630 4
631 5
632 7
633 1
634 9
635 2
636 6
637 6
638 5
639 3
640 8
641 5
642 6
643 5
644 5
645 4
646 4
647 7
648 7
649 9
650 5
651 3
652 3
653 6
654 8
655 7
656 13
657 6
658 4
659 14
660 8
661 8
662 13
663 8
664 10
665 7
666 7
667 8
668 7
669 10
670 10
671 8
672 8
673 5
674 5
675 8
676 9
677 10
678 16
679 8
680 6
681 10
682 6
683 6
684 8
685 8
686 7
687 2
688 8
689 7
690 2
691 7
692 6
693 7
694 4
695 8
696 9
697 4
698 9
699 7
700 8
701 12
702 8
703 7
704 11
705 4
706 7
707 7
708 4
709 8
710 4
711 12
712 9
713 6
714 2
715 8
716 5
717 6
718 6
719 4
720 3
721 2
722 2
723 6
724 5
725 5
726 5
727 4
728 2
729 5
730 5
731 3
732 7
733 5
734 8
735 7
736 8
737 6
738 13
739 12
740 8
741 3
742 6
743 6
744 7
745 6
746 4
747 4
748 4
749 3
750 8
751 9
752 4
753 8
754 6
755 7
756 8
757 9
758 7
759 8
760 5
761 9
762 10
763 8
764 8
765 3
766 4
768 5
769 5
770 5
771 3
773 1
774 5
775 2
776 3
777 5
778 5
779 2
780 3
781 1
782 3
783 3
784 6
785 6
786 1
787 3
788 2
789 4
790 2
791 4
792 7
793 5
794 6
795 7
796 7
797 8
798 9
799 5
800 4
801 9
802 7
803 10
804 6
805 4
806 9
807 5
808 6
809 5
810 5
811 6
812 4
813 4
814 5
815 3
816 3
817 3
818 4
820 6
821 5
822 7
823 8
824 6
825 3
826 2
827 2
828 3
829 7
830 7
831 1
832 5
833 4
834 7
835 4
836 7
837 3
838 4
839 6
840 1
841 5
842 3
843 5
844 3
845 2
846 3
847 7
848 7
849 1
850 6
851 1
852 5
853 3
854 5
855 6
856 5
857 3
858 4
859 4
860 6
861 7
862 4
863 6
864 2
865 3
866 4
867 3
868 2
869 3
870 4
871 4
872 3
873 3
874 3
875 5
876 1
877 3
878 4
879 4
880 6
881 5
882 4
884 5
885 2
886 3
887 6
888 8
889 9
890 4
891 7
892 5
893 3
894 3
895 5
896 2
897 3
898 7
899 4
900 3
901 6
902 8
903 3
904 8
905 9
906 2
907 3
908 1
909 5
910 6
911 3
912 9
913 2
914 4
915 5
916 5
917 5
918 6
919 7
920 7
921 6
922 7
923 2
924 1
925 8
926 5
927 6
928 6
929 4
930 8
931 3
932 5
933 7
934 7
935 4
936 6
937 2
938 1
939 6
940 5
941 6
942 5
943 4
944 2
945 6
946 4
947 5
948 6
949 5
950 4
951 6
952 4
953 3
954 3
955 2
956 4
957 2
958 2
959 5
960 5
961 2
962 5
963 3
964 5
965 2
966 4
967 7
968 7
969 5
970 3
971 1
972 7
973 5
974 3
975 4
976 5
977 7
978 3
979 4
980 4
981 3
982 10
983 4
984 6
985 5
986 5
987 4
988 2
989 2
990 7
991 2
992 5
993 1
994 2
995 3
996 5
997 4
998 4
999 2
1000 3
1001 3
1003 3
1004 2
1005 1
1006 5
1007 2
1008 2
1009 3
1010 4
1011 3
1012 3
1013 4
1014 5
1015 5
1016 4
1017 2
1018 5
1019 3
1020 3
1021 1
1022 2
1023 2
1025 1
1028 1
1029 1
1030 2
1031 1
1032 4
1034 1
1035 1
1036 1
1038 1
1040 2
1042 1
1044 3
1045 4
1046 3
1047 3
1049 2
1051 4
1052 1
1053 4
1054 3
1055 2
1056 4
1057 4
1058 1
1059 2
1060 2
1061 2
1062 2
1063 6
1064 2
1065 4
1066 3
1067 1
1068 9
1069 7
1070 11
1071 2
1072 11
1073 4
1074 5
1075 7
1076 11
1077 8
1078 4
1079 9
1080 4
1081 3
1082 4
1083 3
1084 3
1085 3
1086 4
1087 2
1089 1
1090 4
1091 4
1092 5
1093 9
1094 4
1095 7
1096 3
1097 2
1098 3
1099 1
1100 6
1101 3
1102 5
1103 5
1104 6
1105 4
1106 4
1107 3
1108 5
1109 4
1110 4
1111 4
1112 3
1113 2
1114 5
1115 3
1116 6
1117 3
1118 6
1119 6
1120 4
1121 3
1122 4
1123 1
1124 1
1125 4
1127 1
1128 2
1129 1
1130 1
1131 2
1137 1
1138 1
1140 1
1141 1
1142 2
1143 2
1146 1
1147 1
1148 1
1150 1
1152 1
1156 2
1157 1
1161 1
1193 1
1204 2
1260 1
1261 1
1355 1
1435 1
1439 1
1444 1
1450 1
1472 1
1488 1
1502 1
1503 1
1506 1
1508 1
1511 1
1512 1
1533 1
1557 1
1559 2
1561 1
1563 1
1564 2
1565 1
1568 3
1570 1
1575 1
1616 1
1652 1
1671 1
1672 1
1674 2
1676 1
1678 1
1679 1
1680 1
1681 2
1790 1
1821 1
1851 1
1900 1
1911 1
1920 1
1974 1
2119 2
2120 1
2126 1
2192 1
2198 1
2199 1
2209 1
2215 1
2219 2
2252 1
2273 1
2278 1
2305 1
2306 1
2307 1
2310 1
2313 1
2317 1
2355 1
2416 1
2488 1
2491 1
2529 1
2544 1
2614 1
2624 1
2631 1
2634 1
2635 1
2642 1
2644 1
2711 1
2788 1
2852 1
2945 1
