1 25819008
2 14032805
3 9197770
4 6983033
5 5509392
6 4269016
7 3184102
8 2289652
9 1612198
10 1169235
11 909638
12 784926
13 738461
14 722278
15 708017
16 669962
17 608063
18 530515
19 447920
20 367919
21 293004
22 236617
23 196258
24 169294
25 155181
26 150171
27 151125
28 151477
29 149404
30 146685
31 141214
32 132632
33 124323
34 113814
35 105314
36 100130
37 97528
38 100017
39 108055
40 121160
41 139766
42 164370
43 193403
44 226231
45 261445
46 295377
47 327856
48 358284
49 382582
50 403044
51 415693
52 421711
53 419968
54 411221
55 396698
56 376279
57 348965
58 320025
59 288743
60 256704
61 225081
62 193513
63 163658
64 138417
65 113792
66 93134
67 75656
68 61422
69 48487
70 38319
71 30166
72 24803
73 20074
74 16426
75 14026
76 12436
77 11256
78 10391
79 10236
80 10070
81 9769
82 9796
83 9863
84 9505
85 9196
86 9292
87 8925
88 8621
89 8063
90 7803
91 7330
92 6771
93 6344
94 5777
95 5294
96 4830
97 4428
98 3909
99 3731
100 3547
101 3159
102 2787
103 2625
104 2282
105 2246
106 2047
107 1973
108 2040
109 1877
110 1923
111 1807
112 1751
113 1650
114 1482
115 1473
116 1400
117 1271
118 1231
119 1060
120 1024
121 888
122 814
123 734
124 683
125 549
126 511
127 434
128 398
129 349
130 336
131 309
132 304
133 280
134 257
135 221
136 205
137 182
138 212
139 194
140 181
141 171
142 191
143 158
144 226
145 213
146 244
147 245
148 250
149 263
150 308
151 316
152 338
153 395
154 359
155 378
156 400
157 389
158 382
159 371
160 374
161 403
162 421
163 391
164 395
165 385
166 405
167 373
168 392
169 353
170 366
171 343
172 293
173 296
174 263
175 260
176 283
177 239
178 229
179 209
180 189
181 202
182 203
183 163
184 217
185 181
186 215
187 185
188 182
189 166
190 172
191 169
192 173
193 161
194 161
195 161
196 202
197 213
198 212
199 208
200 191
201 191
202 207
203 225
204 222
205 198
206 220
207 215
208 188
209 220
210 227
211 228
212 209
213 227
214 202
215 217
216 215
217 216
218 233
219 231
220 207
221 232
222 227
223 227
224 191
225 167
226 180
227 171
228 186
229 162
230 147
231 180
232 145
233 145
234 130
235 148
236 122
237 138
238 118
239 147
240 133
241 122
242 108
243 108
244 138
245 96
246 90
247 89
248 81
249 66
250 76
251 59
252 59
253 71
254 65
255 70
256 72
257 86
258 78
259 63
260 77
261 70
262 61
263 65
264 71
265 88
266 60
267 85
268 78
269 75
270 69
271 72
272 67
273 78
274 69
275 62
276 60
277 57
278 61
279 63
280 66
281 87
282 60
283 58
284 61
285 58
286 70
287 69
288 62
289 72
290 63
291 61
292 77
293 64
294 57
295 64
296 77
297 50
298 63
299 65
300 64
301 64
302 70
303 71
304 78
305 92
306 96
307 106
308 114
309 137
310 168
311 191
312 218
313 255
314 350
315 372
316 449
317 552
318 659
319 789
320 897
321 1007
322 1221
323 1346
324 1628
325 1802
326 2120
327 2418
328 2698
329 3147
330 3475
331 3943
332 4556
333 4965
334 5687
335 6277
336 6921
337 7607
338 8407
339 9307
340 10441
341 11388
342 12188
343 13298
344 14357
345 15617
346 16641
347 18230
348 19331
349 20368
350 21680
351 23073
352 24732
353 26481
354 27877
355 28943
356 30314
357 31713
358 33248
359 34350
360 35916
361 37019
362 38535
363 39474
364 40680
365 42135
366 43270
367 43834
368 44110
369 44770
370 45160
371 46309
372 45669
373 45926
374 45803
375 45371
376 44749
377 44626
378 44397
379 43416
380 42891
381 42034
382 41129
383 39901
384 39125
385 38106
386 36933
387 35663
388 34306
389 32874
390 31487
391 30203
392 28954
393 27454
394 25917
395 24504
396 23459
397 21698
398 20473
399 19121
400 17878
401 16598
402 15520
403 14324
404 13406
405 12469
406 11529
407 10468
408 9608
409 8693
410 7892
411 7292
412 6713
413 6008
414 5441
415 4977
416 4347
417 4057
418 3560
419 3206
420 2819
421 2708
422 2379
423 2036
424 1795
425 1616
426 1358
427 1282
428 1087
429 965
430 813
431 725
432 638
433 533
434 468
435 402
436 353
437 297
438 276
439 253
440 208
441 194
442 167
443 142
444 112
445 97
446 95
447 94
448 93
449 82
450 60
451 49
452 65
453 59
454 61
455 49
456 44
457 36
458 37
459 27
460 20
461 24
462 25
463 21
464 19
465 19
466 19
467 26
468 28
469 26
470 22
471 18
472 14
473 15
474 11
475 18
476 21
477 21
478 15
479 15
480 11
481 10
482 11
483 12
484 15
485 9
486 12
487 11
488 8
489 9
490 10
491 13
492 13
493 11
494 17
495 12
496 13
497 19
498 18
499 19
500 14
501 20
502 22
503 16
504 8
505 9
506 9
507 8
508 9
509 10
510 6
511 9
512 7
513 11
514 10
515 6
516 9
517 13
518 11
519 9
520 13
521 15
522 13
523 9
524 12
525 13
526 11
527 10
528 8
529 15
530 14
531 16
532 11
533 10
534 13
535 11
536 4
537 7
538 5
539 6
540 6
541 6
542 4
543 4
544 5
545 9
546 4
547 3
548 4
549 5
550 5
551 2
552 3
553 6
554 6
555 6
556 5
557 4
558 2
559 6
560 5
561 8
562 10
563 8
564 10
565 9
566 9
567 9
568 3
569 11
570 16
571 15
572 5
573 8
574 9
575 12
576 5
577 9
578 8
579 6
580 7
581 4
582 8
583 8
584 4
585 6
586 6
587 7
588 8
589 5
590 6
591 7
592 2
593 13
594 6
595 6
596 10
597 2
598 7
599 8
600 5
601 8
602 2
603 6
604 7
605 8
606 6
607 5
608 4
609 5
610 6
611 8
612 7
613 4
614 3
615 8
616 4
617 6
618 6
619 9
620 3
621 1
622 7
623 2
624 7
625 9
626 3
627 4
628 7
629 7
630 4
631 5
632 6
633 8
635 4
637 1
639 3
640 1
641 3
642 5
643 4
644 5
645 1
646 1
647 5
648 3
649 4
650 3
651 4
652 5
653 2
654 2
655 3
656 3
658 3
659 6
660 2
661 2
662 1
663 1
665 2
666 2
667 2
668 4
669 2
670 1
671 1
672 4
674 1
675 7
676 2
677 4
678 3
679 4
680 5
682 5
683 7
684 5
685 7
686 7
687 6
688 10
689 10
690 9
691 16
692 10
693 9
694 17
695 7
696 14
697 9
698 18
699 17
700 13
701 14
702 25
703 21
704 18
705 27
706 21
707 49
708 29
709 28
710 35
711 31
712 30
713 24
714 50
715 38
716 31
717 41
718 44
719 47
720 44
721 43
722 56
723 54
724 55
725 64
726 55
727 48
728 61
729 52
730 59
731 42
732 53
733 53
734 55
735 63
736 69
737 80
738 82
739 83
740 70
741 79
742 65
743 62
744 66
745 83
746 76
747 77
748 67
749 88
750 79
751 69
752 78
753 81
754 60
755 79
756 78
757 74
758 78
759 68
760 51
761 63
762 73
763 55
764 69
765 74
766 68
767 59
768 81
769 61
770 59
771 65
772 66
773 68
774 48
775 52
776 45
777 53
778 49
779 54
780 34
781 40
782 38
783 38
784 23
785 24
786 34
787 31
788 27
789 21
790 20
791 32
792 24
793 18
794 22
795 21
796 16
797 17
798 18
799 9
800 9
801 8
802 14
803 13
804 9
805 8
806 5
807 8
808 4
809 7
810 8
811 10
812 6
813 8
814 10
815 1
816 3
817 4
818 1
819 5
820 2
821 4
822 4
823 2
824 5
825 2
826 4
827 5
828 1
829 5
830 1
831 3
832 1
833 2
835 1
836 1
838 1
841 2
842 1
845 1
846 4
847 5
848 2
849 3
850 5
851 3
852 2
853 1
854 3
855 4
856 3
857 4
858 4
859 4
861 1
862 1
863 5
864 3
865 2
867 4
868 2
869 1
870 1
871 3
872 2
874 3
875 3
876 5
879 1
880 2
881 1
882 3
883 2
884 3
885 4
886 1
887 1
888 4
889 2
890 1
891 8
892 3
893 2
894 3
895 3
896 5
897 4
898 3
899 1
901 2
902 1
903 1
904 1
907 1
908 1
910 1
911 2
912 1
913 4
914 1
917 1
918 1
919 3
921 1
924 1
926 1
930 1
931 1
932 1
933 2
934 2
935 1
936 4
937 2
938 1
939 3
940 1
941 2
942 1
944 1
945 1
947 2
948 2
949 1
950 3
951 5
952 2
953 1
954 1
955 2
956 3
957 1
958 4
959 4
960 3
961 3
962 1
963 4
964 4
965 6
966 2
967 3
968 6
969 3
970 1
971 1
972 4
973 3
974 1
975 3
976 1
977 1
978 5
979 4
980 1
981 4
982 3
984 2
985 1
986 1
988 2
989 3
990 4
992 3
994 1
995 1
996 2
997 1
998 1
999 2
1000 2
1001 2
1002 1
1003 1
1005 2
1010 1
1011 2
1012 1
1014 1
1016 1
1017 2
1018 2
1019 1
1020 3
1021 1
1022 2
1023 2
1024 3
1026 1
1027 2
1028 4
1029 1
1030 1
1031 1
1032 1
1033 2
1034 1
1035 1
1036 1
1037 1
1039 1
1041 2
1043 3
1045 2
1046 2
1047 1
1048 1
1050 2
1051 4
1053 2
1055 1
1056 2
1059 2
1060 1
1061 1
1062 1
1063 2
1064 2
1066 1
1067 4
1070 3
1071 2
1072 4
1073 4
1074 3
1075 4
1076 2
1078 3
1079 4
1080 1
1081 1
1082 4
1083 5
1084 1
1085 3
1086 3
1087 1
1088 2
1089 1
1090 2
1091 1
1092 4
1093 2
1095 2
1096 1
1097 5
1098 3
1099 4
1101 5
1102 3
1103 1
1104 2
1105 2
1106 6
1107 2
1108 4
1109 3
1110 6
1111 1
1112 4
1113 3
1114 2
1115 4
1116 2
1118 3
1119 2
1120 4
1121 2
1122 4
1123 4
1124 5
1125 1
1126 2
1127 3
1128 3
1129 1
1130 5
1132 1
1133 4
1134 3
1135 5
1136 1
1137 3
1138 3
1139 3
1140 4
1141 5
1142 7
1143 5
1144 2
1145 4
1146 5
1147 9
1148 5
1149 3
1150 3
1151 8
1152 6
1153 4
1154 6
1155 3
1156 6
1157 2
1158 1
1160 3
1161 2
1162 2
1163 1
1166 1
1167 1
1168 3
1170 1
1171 4
1173 2
1174 1
1175 4
1176 1
1178 2
1179 1
1181 1
1182 2
1184 2
1185 1
1187 3
1189 1
1190 2
1191 1
1192 2
1193 1
1195 4
1197 1
1198 1
1200 1
1201 1
1202 1
1204 1
1205 1
1207 1
1212 1
1213 1
1218 1
1224 1
1227 1
1228 1
1229 1
1231 1
1232 1
1233 1
1234 1
1235 2
1236 4
1239 1
1240 1
1242 4
1243 1
1244 1
1245 3
1246 4
1247 1
1248 1
1249 1
1252 1
1254 1
1255 1
1257 1
1258 1
1264 1
1266 1
1267 2
1269 1
1270 2
1271 1
1272 2
1276 2
1277 2
1279 1
1281 3
1283 2
1284 1
1285 1
1286 1
1287 2
1290 4
1291 4
1292 2
1293 1
1294 3
1295 2
1297 2
1299 4
1300 2
1302 1
1303 1
1305 1
1306 1
1307 1
1308 1
1309 2
1310 2
1311 3
1312 2
1313 2
1314 3
1315 4
1317 1
1318 1
1320 2
1321 1
1323 2
1324 1
1326 1
1327 1
1350 1
1411 1
1423 2
1425 1
1426 1
1427 1
1431 1
1432 1
1435 3
1438 1
1446 1
1447 1
1450 1
1451 1
1460 1
1462 2
1463 3
1464 2
1467 1
1468 1
1470 1
1471 3
1473 3
1477 1
1483 1
1490 1
1500 1
1502 2
1507 1
1508 1
1510 1
1515 2
1517 1
1525 1
1526 1
1527 1
1528 1
1535 1
1538 1
1548 2
1549 1
1550 1
1551 1
1553 2
1555 2
1561 1
1562 1
1565 3
1567 1
1568 1
1569 4
1571 1
1572 1
1575 1
1579 1
1586 1
1727 1
1757 1
1804 1
1805 1
1808 1
1810 1
1811 1
1812 1
1816 1
1819 1
1825 1
1826 1
1838 2
1843 1
1844 1
1859 1
1871 1
1879 1
1901 1
1914 1
1928 1
1931 1
1936 1
2065 1
2070 1
2074 1
2110 1
2126 1
2127 1
2161 1
2184 1
2189 1
2198 1
2201 1
2228 1
2230 1
2232 1
2233 2
2236 2
2241 1
2242 2
2244 1
2250 1
2251 1
2255 1
2258 2
2260 1
2262 2
2263 1
2264 1
2314 1
2325 1
2373 1
2376 2
2378 1
2380 1
2381 2
2386 1
2388 2
2391 1
2602 1
2629 1
2631 1
2633 1
2661 1
2889 1
2901 1
3014 1
3282 1
3354 1
3723 1
3733 1
4496 1
4501 1
4511 1
4512 1
4513 1
4520 1
4521 1
4525 1
4529 2
