1 22175065
2 14819852
3 9681942
4 6824059
5 5262504
6 4351954
7 3824807
8 3509245
9 3315065
10 3128460
11 2886986
12 2600456
13 2272213
14 1957244
15 1651636
16 1375250
17 1122718
18 903401
19 708550
20 556060
21 429401
22 333520
23 267381
24 227719
25 212065
26 215795
27 233085
28 263457
29 297906
30 338777
31 374636
32 402351
33 422531
34 433353
35 432675
36 418683
37 397973
38 366797
39 329923
40 290356
41 250821
42 212143
43 176786
44 143050
45 114315
46 90348
47 71177
48 55800
49 44903
50 38341
51 34292
52 33167
53 34356
54 37192
55 41018
56 46599
57 53019
58 59293
59 65092
60 72691
61 78869
62 84850
63 87952
64 92536
65 93945
66 95067
67 94415
68 91859
69 88305
70 83804
71 79047
72 73526
73 66642
74 60457
75 53599
76 47206
77 40915
78 34976
79 29805
80 25188
81 21300
82 17773
83 15332
84 12855
85 11220
86 10565
87 10156
88 10677
89 11843
90 13675
91 16061
92 19522
93 23785
94 28740
95 34409
96 41803
97 49097
98 58183
99 68649
100 79099
101 90874
102 104372
103 117108
104 130955
105 146321
106 161409
107 176390
108 190080
109 204444
110 217647
111 230720
112 241848
113 252041
114 260084
115 265588
116 269276
117 271591
118 271162
119 270027
120 266772
121 261474
122 254992
123 245835
124 235780
125 224498
126 212597
127 200226
128 186849
129 173016
130 159652
131 145800
132 133355
133 120697
134 107532
135 96696
136 85001
137 75004
138 65300
139 57159
140 49162
141 42367
142 36083
143 30317
144 25390
145 21425
146 17707
147 14731
148 12365
149 10152
150 8194
151 6786
152 5657
153 4591
154 3872
155 3266
156 2836
157 2406
158 2114
159 1960
160 1896
161 1832
162 1901
163 1841
164 1984
165 2115
166 2216
167 2385
168 2630
169 2853
170 3080
171 3358
172 3573
173 3805
174 4103
175 4319
176 4405
177 4622
178 4867
179 4979
180 5224
181 5407
182 5676
183 5735
184 5897
185 5910
186 5940
187 6108
188 6115
189 6166
190 6132
191 5976
192 5820
193 5723
194 5436
195 5086
196 4959
197 4722
198 4468
199 4192
200 3895
201 3716
202 3439
203 3161
204 2942
205 2673
206 2529
207 2284
208 2127
209 1952
210 1698
211 1573
212 1509
213 1459
214 1286
215 1293
216 1269
217 1121
218 1073
219 1065
220 1024
221 1013
222 982
223 962
224 898
225 908
226 896
227 934
228 945
229 973
230 989
231 947
232 1000
233 1080
234 1056
235 1114
236 1012
237 1057
238 1016
239 1025
240 1039
241 1007
242 981
243 1054
244 1048
245 1033
246 1018
247 974
248 997
249 982
250 987
251 874
252 884
253 773
254 730
255 750
256 611
257 653
258 692
259 612
260 569
261 586
262 579
263 491
264 462
265 476
266 448
267 407
268 371
269 338
270 318
271 287
272 268
273 233
274 227
275 223
276 209
277 202
278 159
279 131
280 131
281 126
282 104
283 100
284 89
285 81
286 88
287 76
288 84
289 73
290 63
291 73
292 86
293 69
294 72
295 74
296 71
297 68
298 66
299 65
300 53
301 61
302 64
303 68
304 61
305 53
306 60
307 84
308 73
309 75
310 74
311 82
312 80
313 72
314 72
315 64
316 75
317 96
318 79
319 83
320 83
321 87
322 79
323 92
324 74
325 80
326 77
327 93
328 88
329 96
330 111
331 121
332 141
333 138
334 131
335 154
336 140
337 182
338 168
339 157
340 183
341 168
342 165
343 203
344 196
345 167
346 166
347 169
348 180
349 159
350 202
351 194
352 204
353 203
354 176
355 193
356 203
357 224
358 220
359 220
360 214
361 218
362 190
363 212
364 206
365 223
366 198
367 197
368 192
369 192
370 193
371 232
372 196
373 181
374 168
375 166
376 152
377 159
378 141
379 129
380 171
381 152
382 140
383 150
384 141
385 136
386 128
387 134
388 131
389 120
390 102
391 91
392 99
393 112
394 87
395 82
396 85
397 96
398 80
399 89
400 84
401 66
402 82
403 63
404 64
405 54
406 77
407 71
408 62
409 76
410 61
411 65
412 63
413 51
414 59
415 59
416 73
417 66
418 72
419 67
420 60
421 64
422 59
423 65
424 70
425 86
426 70
427 58
428 90
429 90
430 59
431 83
432 89
433 62
434 71
435 70
436 70
437 76
438 62
439 60
440 66
441 70
442 53
443 69
444 63
445 67
446 72
447 81
448 60
449 69
450 76
451 74
452 70
453 88
454 92
455 86
456 79
457 73
458 88
459 70
460 70
461 71
462 81
463 89
464 85
465 93
466 96
467 91
468 102
469 123
470 124
471 150
472 124
473 128
474 110
475 128
476 112
477 117
478 117
479 140
480 107
481 124
482 137
483 135
484 147
485 142
486 140
487 130
488 125
489 123
490 149
491 132
492 111
493 147
494 133
495 130
496 132
497 112
498 105
499 132
500 123
501 114
502 97
503 112
504 92
505 107
506 105
507 113
508 107
509 96
510 105
511 88
512 87
513 91
514 77
515 103
516 67
517 77
518 83
519 76
520 64
521 64
522 74
523 52
524 78
525 67
526 59
527 70
528 57
529 35
530 41
531 37
532 51
533 37
534 36
535 51
536 29
537 37
538 35
539 40
540 37
541 27
542 42
543 30
544 30
545 24
546 18
547 32
548 23
549 13
550 20
551 23
552 26
553 15
554 27
555 18
556 15
557 23
558 27
559 33
560 32
561 34
562 43
563 36
564 35
565 42
566 40
567 45
568 43
569 34
570 32
571 38
572 25
573 40
574 42
575 36
576 30
577 34
578 38
579 33
580 39
581 32
582 25
583 22
584 37
585 30
586 28
587 31
588 24
589 40
590 34
591 41
592 38
593 36
594 45
595 27
596 34
597 32
598 23
599 27
600 26
601 45
602 45
603 45
604 44
605 41
606 28
607 44
608 36
609 32
610 36
611 41
612 48
613 36
614 35
615 38
616 34
617 56
618 39
619 52
620 40
621 35
622 34
623 46
624 28
625 35
626 46
627 40
628 33
629 41
630 43
631 30
632 30
633 19
634 21
635 30
636 25
637 29
638 23
639 20
640 35
641 24
642 23
643 26
644 29
645 32
646 18
647 26
648 35
649 30
650 27
651 24
652 24
653 21
654 22
655 25
656 17
657 17
658 19
659 22
660 22
661 20
662 21
663 27
664 21
665 20
666 20
667 15
668 16
669 24
670 10
671 18
672 16
673 18
674 17
675 15
676 21
677 22
678 19
679 13
680 16
681 24
682 16
683 27
684 21
685 15
686 24
687 29
688 18
689 24
690 19
691 21
692 22
693 18
694 15
695 19
696 20
697 14
698 18
699 23
700 18
701 17
702 15
703 11
704 10
705 21
706 11
707 16
708 18
709 24
710 10
711 11
712 12
713 15
714 25
715 24
716 9
717 23
718 13
719 17
720 21
721 19
722 29
723 25
724 25
725 28
726 37
727 37
728 45
729 42
730 26
731 37
732 52
733 39
734 62
735 70
736 56
737 67
738 84
739 90
740 113
741 99
742 107
743 139
744 159
745 180
746 207
747 224
748 233
749 275
750 305
751 337
752 362
753 422
754 466
755 564
756 601
757 628
758 755
759 795
760 907
761 972
762 1080
763 1196
764 1330
765 1451
766 1617
767 1633
768 1771
769 1932
770 2129
771 2263
772 2496
773 2756
774 2903
775 3183
776 3287
777 3526
778 3973
779 4101
780 4503
781 4785
782 5141
783 5457
784 6020
785 6316
786 6854
787 7420
788 7550
789 8152
790 8615
791 9067
792 9667
793 10080
794 10575
795 11350
796 11899
797 12440
798 13106
799 13664
800 14463
801 14710
802 15217
803 16034
804 16735
805 17319
806 18119
807 18774
808 19288
809 19994
810 20484
811 21098
812 21680
813 22455
814 22922
815 23453
816 24157
817 24362
818 24956
819 25679
820 26099
821 26422
822 26841
823 27514
824 27728
825 28288
826 28910
827 29101
828 29422
829 29492
830 29731
831 29798
832 30043
833 30222
834 30413
835 30218
836 30024
837 30514
838 30862
839 30733
840 30344
841 30324
842 30319
843 29684
844 29736
845 29375
846 29044
847 28591
848 28248
849 27750
850 27197
851 26683
852 26321
853 25702
854 25374
855 24846
856 24152
857 23549
858 22820
859 22353
860 21593
861 21019
862 20527
863 19800
864 18867
865 18571
866 17850
867 17052
868 16745
869 15688
870 15241
871 14483
872 13777
873 13459
874 12852
875 12409
876 11642
877 11225
878 10923
879 10282
880 9694
881 9347
882 8904
883 8267
884 7947
885 7372
886 6960
887 6645
888 6323
889 5808
890 5453
891 5254
892 4867
893 4490
894 4317
895 4026
896 3626
897 3467
898 3405
899 3079
900 2872
901 2686
902 2506
903 2230
904 2120
905 1996
906 1871
907 1700
908 1541
909 1448
910 1319
911 1249
912 1142
913 1019
914 954
915 914
916 771
917 719
918 634
919 592
920 565
921 555
922 457
923 431
924 435
925 355
926 312
927 329
928 288
929 278
930 246
931 241
932 235
933 193
934 195
935 164
936 155
937 123
938 121
939 125
940 125
941 114
942 94
943 84
944 98
945 80
946 88
947 72
948 55
949 82
950 60
951 68
952 54
953 55
954 64
955 50
956 51
957 48
958 58
959 56
960 38
961 42
962 35
963 35
964 44
965 41
966 37
967 47
968 40
969 40
970 37
971 31
972 28
973 28
974 28
975 18
976 26
977 28
978 31
979 27
980 19
981 27
982 25
983 15
984 19
985 16
986 15
987 21
988 18
989 13
990 14
991 4
992 14
993 12
994 14
995 21
996 12
997 12
998 16
999 13
1000 11
1001 6
1002 9
1003 10
1004 5
1005 8
1006 5
1007 14
1008 14
1009 6
1010 12
1011 14
1012 5
1013 6
1014 9
1015 9
1016 8
1017 9
1018 5
1019 6
1020 9
1021 8
1022 8
1023 5
1024 8
1025 6
1026 5
1027 9
1028 2
1029 6
1030 4
1031 12
1032 4
1033 7
1034 7
1035 8
1036 4
1037 6
1038 7
1039 4
1040 5
1041 8
1042 5
1043 12
1044 6
1045 10
1046 6
1047 7
1048 7
1049 3
1050 5
1051 9
1052 9
1053 6
1054 10
1055 10
1056 7
1057 4
1058 9
1059 11
1060 4
1061 7
1062 8
1063 7
1064 5
1065 6
1066 9
1067 2
1068 6
1069 7
1070 3
1071 5
1072 6
1073 8
1074 3
1075 8
1076 6
1077 4
1078 3
1079 7
1080 9
1081 6
1082 6
1083 11
1084 12
1085 3
1086 6
1087 9
1088 13
1089 8
1090 3
1091 15
1092 4
1093 9
1094 7
1095 9
1096 9
1097 8
1098 12
1099 12
1100 10
1101 5
1102 6
1103 7
1104 3
1105 8
1106 6
1107 6
1108 3
1109 3
1110 4
1111 5
1112 7
1113 6
1114 5
1115 6
1116 4
1117 5
1118 4
1119 4
1120 5
1121 6
1122 5
1123 5
1124 2
1125 8
1126 5
1127 5
1128 4
1129 3
1130 2
1131 9
1132 4
1133 3
1134 2
1135 4
1136 3
1137 4
1138 1
1139 3
1140 2
1141 9
1142 7
1144 6
1145 6
1146 6
1147 3
1148 2
1149 5
1150 7
1151 4
1152 5
1153 2
1154 5
1155 1
1156 5
1157 1
1158 5
1159 4
1160 2
1161 2
1162 3
1164 3
1165 6
1166 4
1167 2
1168 1
1169 2
1170 6
1171 5
1172 2
1173 2
1174 2
1175 3
1176 2
1177 3
1178 3
1179 4
1180 7
1181 3
1182 4
1183 2
1184 2
1186 2
1187 6
1188 4
1189 4
1190 2
1191 1
1193 2
1194 6
1195 5
1196 3
1197 4
1198 1
1199 10
1200 2
1201 4
1202 4
1203 5
1204 4
1205 6
1206 3
1207 5
1208 4
1209 5
1210 6
1211 3
1212 2
1213 4
1214 3
1215 5
1216 3
1217 1
1218 5
1219 2
1220 2
1221 3
1222 2
1223 2
1224 1
1225 1
1226 3
1227 3
1229 1
1230 3
1231 2
1232 3
1233 6
1234 2
1236 1
1237 7
1238 3
1239 2
1240 2
1241 3
1242 3
1243 2
1244 7
1245 5
1246 6
1247 4
1248 4
1249 3
1250 3
1251 3
1252 3
1253 3
1254 4
1255 3
1257 4
1258 3
1260 3
1261 2
1262 3
1263 1
1264 2
1265 2
1266 6
1267 3
1268 4
1269 3
1270 3
1271 6
1272 2
1273 1
1274 7
1276 2
1277 1
1278 3
1279 4
1280 5
1281 4
1282 1
1283 3
1284 4
1285 3
1286 2
1287 1
1288 2
1289 2
1292 1
1293 1
1294 1
1295 2
1296 1
1297 3
1299 5
1300 4
1301 3
1302 2
1303 1
1304 3
1306 1
1307 5
1308 1
1309 1
1310 2
1312 2
1313 4
1314 5
1315 6
1316 1
1317 3
1318 2
1319 5
1320 1
1321 3
1323 3
1324 5
1325 2
1326 1
1327 3
1328 2
1329 5
1330 1
1331 5
1332 3
1334 6
1336 3
1337 4
1338 5
1339 4
1340 5
1341 3
1342 3
1343 3
1344 4
1345 4
1346 2
1347 1
1350 4
1351 1
1352 5
1353 1
1354 6
1355 3
1356 5
1357 3
1358 4
1359 8
1360 1
1361 4
1362 5
1364 4
1365 2
1366 4
1367 2
1368 2
1369 1
1371 4
1372 2
1373 2
1375 3
1376 1
1377 2
1378 2
1379 1
1381 2
1382 2
1383 3
1384 4
1385 3
1386 1
1388 7
1390 1
1391 2
1392 1
1393 2
1394 3
1395 1
1396 1
1400 3
1401 8
1402 3
1403 1
1404 2
1406 1
1408 5
1409 1
1410 1
1411 1
1412 3
1413 2
1414 2
1415 2
1416 2
1417 2
1418 1
1419 4
1420 3
1421 1
1422 1
1423 1
1424 1
1425 1
1426 1
1428 4
1429 1
1430 3
1431 1
1432 3
1433 3
1434 2
1435 4
1436 2
1437 2
1438 2
1439 8
1440 1
1442 3
1443 1
1445 3
1446 2
1447 3
1448 1
1449 2
1450 2
1451 3
1452 5
1454 1
1455 1
1456 2
1457 3
1458 1
1460 1
1462 1
1463 1
1465 1
1466 2
1470 1
1471 2
1472 2
1476 1
1477 1
1478 1
1481 1
1482 2
1483 1
1484 1
1485 3
1486 2
1487 2
1489 2
1490 2
1494 1
1497 1
1501 1
1502 1
1505 1
1506 2
1507 1
1510 1
1511 2
1512 1
1513 2
1514 1
1515 2
1517 1
1520 1
1522 1
1523 4
1532 1
1534 1
1536 4
1539 2
1541 1
1542 1
1543 2
1546 1
1548 1
1549 1
1550 2
1551 4
1552 3
1554 1
1556 1
1557 4
1559 4
1560 1
1561 3
1562 2
1563 1
1564 5
1565 5
1566 4
1567 2
1568 4
1569 5
1570 2
1571 2
1572 2
1573 2
1574 4
1575 2
1576 1
1578 5
1579 3
1580 5
1581 3
1582 1
1583 2
1584 4
1585 1
1586 5
1587 2
1588 2
1589 6
1590 4
1591 4
1592 3
1593 2
1594 4
1595 8
1596 6
1597 3
1598 4
1599 6
1600 9
1601 5
1602 11
1603 9
1604 7
1605 9
1606 11
1607 14
1608 17
1609 8
1610 9
1611 13
1612 11
1613 16
1614 14
1615 18
1616 10
1617 12
1618 15
1619 21
1620 14
1621 15
1622 15
1623 20
1624 23
1625 22
1626 16
1627 19
1628 28
1629 24
1630 25
1631 20
1632 26
1633 21
1634 32
1635 31
1636 22
1637 25
1638 25
1639 37
1640 26
1641 29
1642 41
1643 33
1644 40
1645 27
1646 47
1647 34
1648 36
1649 36
1650 45
1651 48
1652 66
1653 39
1654 42
1655 42
1656 41
1657 51
1658 52
1659 46
1660 42
1661 47
1662 36
1663 49
1664 51
1665 46
1666 62
1667 43
1668 62
1669 49
1670 55
1671 43
1672 45
1673 42
1674 50
1675 39
1676 48
1677 38
1678 45
1679 46
1680 56
1681 47
1682 41
1683 48
1684 40
1685 50
1686 45
1687 29
1688 59
1689 33
1690 57
1691 56
1692 34
1693 47
1694 34
1695 44
1696 42
1697 39
1698 42
1699 40
1700 45
1701 38
1702 42
1703 34
1704 48
1705 51
1706 40
1707 49
1708 40
1709 39
1710 20
1711 41
1712 44
1713 41
1714 40
1715 35
1716 40
1717 38
1718 49
1719 35
1720 25
1721 36
1722 41
1723 40
1724 33
1725 30
1726 25
1727 23
1728 29
1729 22
1730 25
1731 25
1732 26
1733 32
1734 28
1735 24
1736 30
1737 28
1738 27
1739 19
1740 25
1741 18
1742 27
1743 22
1744 26
1745 16
1746 23
1747 15
1748 20
1749 8
1750 18
1751 12
1752 7
1753 20
1754 13
1755 13
1756 9
1757 11
1758 2
1759 14
1760 6
1761 8
1762 9
1763 5
1764 11
1765 6
1766 5
1767 3
1768 8
1769 5
1770 1
1771 2
1772 3
1773 4
1774 4
1775 4
1776 2
1777 2
1778 4
1779 2
1781 3
1782 1
1783 2
1784 3
1785 2
1786 2
1788 1
1789 1
1790 2
1791 2
1792 2
1793 1
1795 1
1796 1
1798 1
1806 1
1809 2
1813 3
1814 1
1815 1
1817 1
1820 1
1821 4
1823 1
1826 1
1830 1
1831 2
1833 1
1837 1
1840 1
1844 2
1845 2
1846 1
1848 2
1849 2
1850 2
1851 2
1853 1
1854 2
1855 1
1856 2
1857 1
1858 2
1859 3
1865 2
1871 1
1874 2
1877 1
1880 2
1883 1
1886 2
1889 2
1890 1
1891 1
1892 2
1893 1
1894 1
1897 1
1898 1
1899 4
1900 3
1901 4
1902 1
1903 2
1904 4
1905 4
1906 3
1908 4
1909 2
1910 5
1911 3
1914 2
1915 1
1916 2
1917 1
1919 3
1920 1
1921 1
1922 1
1923 1
1924 1
1926 1
1929 1
1937 1
1939 1
1942 2
1947 4
1948 1
1949 3
1950 1
1953 1
1954 1
1955 3
1957 1
1959 1
1960 1
1961 3
1963 2
1964 1
1965 2
1968 1
1972 1
1973 2
1974 1
1975 1
1978 1
1979 1
1980 1
1983 2
1985 4
1987 1
1989 1
1990 2
1992 1
1994 3
1995 2
1997 2
1998 1
1999 1
2000 1
2001 1
2003 1
2004 2
2014 1
2015 2
2017 1
2018 1
2019 2
2020 2
2021 2
2022 1
2023 1
2026 1
2027 1
2028 1
2029 1
2030 1
2033 1
2045 1
2053 1
2054 1
2057 1
2060 2
2061 1
2072 1
2076 2
2077 1
2079 2
2081 1
2083 1
2085 1
2086 5
2087 2
2088 5
2089 1
2090 3
2091 4
2093 2
2094 2
2095 1
2096 3
2098 1
2099 2
2100 1
2104 1
2106 1
2107 1
2108 3
2109 2
2110 1
2111 1
2112 1
2113 2
2115 1
2116 4
2117 1
2118 3
2119 2
2120 2
2121 1
2123 2
2124 2
2125 1
2126 3
2127 1
2128 1
2129 2
2130 2
2131 1
2133 1
2134 3
2135 1
2136 3
2137 1
2138 2
2139 1
2140 1
2141 2
2143 2
2144 1
2145 1
2148 2
2152 2
2154 2
2155 4
2156 1
2158 2
2159 2
2162 1
2163 2
2164 4
2168 3
2169 1
2170 2
2171 1
2173 2
2174 1
2176 1
2177 1
2180 1
2181 3
2183 1
2185 1
2186 1
2191 1
2192 1
2193 2
2195 1
2196 1
2198 1
2200 1
2201 1
2202 1
2204 1
2205 1
2216 2
2219 2
2220 3
2222 1
2223 1
2228 2
2231 2
2232 1
2235 1
2241 1
2243 1
2245 1
2246 2
2247 1
2250 1
2251 3
2253 1
2255 1
2260 1
2268 1
2273 1
2276 1
2277 2
2279 1
2280 2
2283 1
2285 3
2287 2
2289 1
2290 5
2291 2
2295 1
2299 3
2300 2
2301 1
2302 3
2303 1
2305 1
2307 1
2308 3
2311 1
2312 1
2313 1
2314 1
2319 1
2367 1
2394 2
2397 3
2400 1
2403 2
2404 2
2406 3
2408 1
2409 1
2410 1
2414 1
2416 2
2420 1
2422 3
2423 1
2424 1
2426 1
2430 1
2431 1
2432 1
2435 1
2437 2
2438 1
2439 1
2443 2
2444 2
2445 3
2446 3
2448 2
2449 2
2450 1
2451 2
2452 1
2453 5
2455 1
2457 1
2458 1
2459 2
2460 1
2463 3
2464 1
2467 2
2470 1
2471 2
2472 1
2473 2
2474 1
2475 2
2476 1
2477 1
2478 1
2479 2
2482 1
2483 2
2484 6
2485 3
2486 3
2487 5
2490 6
2491 3
2492 4
2493 2
2494 2
2495 1
2497 3
2498 1
2499 3
2500 1
2501 2
2502 1
2503 2
2504 2
2505 4
2506 1
2507 4
2508 3
2510 2
2511 4
2512 4
2513 2
2514 2
2515 4
2516 3
2517 2
2518 1
2519 2
2520 3
2522 5
2523 5
2524 2
2525 3
2526 1
2527 2
2528 3
2529 3
2530 1
2531 1
2532 4
2533 5
2534 3
2535 1
2536 1
2537 4
2538 6
2539 5
2541 4
2542 2
2543 4
2544 2
2545 1
2546 1
2547 1
2548 3
2549 2
2550 3
2553 4
2554 2
2555 1
2556 2
2557 5
2558 1
2559 4
2560 3
2561 2
2562 2
2563 2
2564 1
2565 1
2568 1
2569 1
2571 1
2572 2
2574 1
2575 2
2576 3
2580 1
2583 2
2584 1
2585 2
2586 2
2587 4
2588 2
2589 1
2591 2
2592 1
2596 1
2598 1
2600 1
2627 1
2631 1
2634 1
2635 1
2644 1
2699 1
2707 2
2708 1
2709 1
2710 1
2715 1
2719 2
2720 2
2721 3
2722 1
2723 2
2726 2
2728 2
2729 2
2730 1
2732 1
2733 1
2734 3
2735 1
2736 3
2737 1
2738 1
2739 1
2742 1
2743 1
2744 1
2745 2
2746 1
2749 1
2750 1
2752 1
2753 2
2755 1
2756 1
2758 1
2762 2
2763 2
2764 1
2765 1
2770 2
2772 1
2773 2
2774 1
2778 1
2779 1
2791 1
2795 2
2800 1
2806 1
2808 1
2810 1
2813 1
2816 1
2818 1
2819 2
2821 2
2823 1
2825 2
2826 2
2827 1
2828 2
2832 3
2833 1
2834 1
2835 2
2836 2
2838 3
2839 1
2840 3
2841 1
2842 2
2843 1
2844 2
2845 1
2846 2
2847 2
2848 1
2849 1
2850 1
2852 1
2857 1
2858 1
2859 1
2865 1
2866 1
2869 1
2871 2
2872 3
2876 1
2877 1
2878 1
2897 1
2901 1
2914 1
2916 1
2918 1
3094 1
3181 1
3199 2
3205 1
3206 1
3209 1
3211 1
3214 1
3216 1
3221 1
3223 1
3229 1
3230 1
3234 2
3241 1
3251 1
3255 1
3260 1
3264 2
3265 2
3266 1
3277 1
3279 2
3283 1
3295 1
3299 1
3302 1
3304 1
3306 1
3311 1
3316 1
3317 1
3320 1
3323 1
3324 1
3328 1
3329 1
3330 2
3331 1
3336 1
3342 2
3347 1
3348 2
3353 3
3354 1
3357 1
3372 1
3391 2
3393 1
3401 1
3406 2
3407 1
3409 1
3410 1
3415 1
3421 1
3425 1
3490 1
3493 1
3494 1
3502 1
3530 1
3613 1
3616 1
3617 1
3979 1
3982 1
3993 1
4058 1
4074 1
4076 1
4089 2
4091 2
4094 1
4099 1
4101 1
4104 1
4108 1
4113 1
4115 1
4129 1
4131 1
4132 1
4135 1
4140 1
4141 1
4142 1
4157 1
4254 1
4259 1
4263 1
4265 1
4266 1
4899 1
4912 1
4936 1
4943 1
4950 2
4954 1
4957 1
4961 1
5057 1
5062 1
5074 1
5094 1
5163 1
5164 1
5167 1
5168 1
5170 1
5172 2
5173 1
5174 1
5181 1
5182 1
5187 1
5192 1
5193 1
5197 1
5303 1
5304 1
5307 1
5309 1
5311 1
5312 1
5315 1
5317 1
5319 1
5337 1
5340 1
5661 1
5668 1
5678 1
5746 1
5942 1
6556 1
6626 1
6628 1
7385 1
7437 1
8288 1
8291 1
10001 10
