1 22257451
2 9876917
3 4819494
4 2644357
5 1769494
6 1362785
7 1083131
8 870320
9 745820
10 710086
11 740565
12 814747
13 896956
14 969578
15 1014195
16 1032782
17 1018712
18 986609
19 942508
20 899562
21 856445
22 813414
23 775619
24 737641
25 696244
26 656664
27 606963
28 553948
29 499047
30 444382
31 391931
32 344443
33 301938
34 267365
35 241703
36 223983
37 211642
38 203509
39 197893
40 194519
41 193276
42 193577
43 193754
44 193962
45 195102
46 196803
47 198687
48 202070
49 206023
50 206611
51 210930
52 212811
53 216899
54 218528
55 217452
56 218222
57 215961
58 214838
59 213155
60 209905
61 208911
62 206182
63 206073
64 206669
65 207523
66 207361
67 207045
68 206372
69 205966
70 204352
71 200817
72 197197
73 189569
74 181431
75 171802
76 162546
77 150518
78 138349
79 126479
80 113514
81 101032
82 87574
83 75876
84 64996
85 55297
86 45785
87 38074
88 31135
89 25392
90 20452
91 16608
92 13550
93 10746
94 8472
95 6493
96 5259
97 4275
98 3388
99 2939
100 2488
101 2177
102 1872
103 1768
104 1581
105 1445
106 1385
107 1360
108 1351
109 1444
110 1391
111 1305
112 1308
113 1221
114 1165
115 1131
116 1032
117 963
118 964
119 976
120 977
121 921
122 834
123 795
124 795
125 715
126 670
127 694
128 692
129 683
130 711
131 659
132 665
133 695
134 663
135 649
136 648
137 645
138 595
139 622
140 644
141 689
142 688
143 670
144 716
145 649
146 594
147 557
148 559
149 586
150 584
151 579
152 600
153 535
154 584
155 553
156 543
157 557
158 531
159 504
160 567
161 508
162 459
163 482
164 438
165 483
166 407
167 407
168 393
169 371
170 348
171 321
172 270
173 238
174 234
175 236
176 203
177 188
178 189
179 155
180 176
181 155
182 143
183 150
184 176
185 175
186 142
187 163
188 206
189 202
190 186
191 193
192 186
193 190
194 191
195 182
196 197
197 188
198 145
199 171
200 218
201 211
202 207
203 214
204 240
205 249
206 233
207 248
208 244
209 262
210 281
211 270
212 290
213 294
214 332
215 309
216 292
217 290
218 269
219 252
220 250
221 234
222 250
223 250
224 242
225 229
226 223
227 241
228 223
229 252
230 200
231 195
232 214
233 182
234 207
235 211
236 216
237 220
238 184
239 203
240 205
241 172
242 184
243 184
244 154
245 141
246 142
247 113
248 140
249 112
250 110
251 115
252 106
253 116
254 118
255 110
256 119
257 102
258 103
259 100
260 78
261 66
262 72
263 76
264 81
265 69
266 66
267 53
268 53
269 46
270 31
271 33
272 31
273 32
274 24
275 25
276 36
277 24
278 20
279 31
280 34
281 35
282 38
283 49
284 39
285 44
286 51
287 52
288 43
289 66
290 64
291 63
292 53
293 72
294 51
295 67
296 53
297 56
298 55
299 62
300 52
301 49
302 61
303 42
304 45
305 40
306 50
307 51
308 53
309 64
310 53
311 57
312 58
313 80
314 70
315 76
316 103
317 104
318 130
319 141
320 143
321 174
322 218
323 234
324 297
325 325
326 374
327 481
328 536
329 627
330 722
331 800
332 975
333 1109
334 1248
335 1551
336 1775
337 2001
338 2249
339 2715
340 2979
341 3365
342 3760
343 4228
344 4698
345 5260
346 5929
347 6540
348 7349
349 7820
350 8540
351 9451
352 10547
353 11356
354 12387
355 13532
356 14607
357 16066
358 17097
359 18338
360 19914
361 21487
362 22808
363 24452
364 26310
365 27728
366 29567
367 31471
368 32811
369 34276
370 36160
371 38068
372 39654
373 41487
374 43242
375 44534
376 46519
377 48229
378 50149
379 51107
380 52927
381 54758
382 55995
383 58106
384 59383
385 61179
386 62334
387 63959
388 64256
389 65729
390 67220
391 68353
392 69174
393 70461
394 71877
395 73445
396 74655
397 75423
398 76269
399 77238
400 78942
401 79347
402 79901
403 80955
404 81184
405 82337
406 82795
407 83136
408 83452
409 83972
410 83974
411 84422
412 83995
413 83536
414 83387
415 83286
416 82006
417 81484
418 81098
419 79872
420 78589
421 77853
422 76843
423 75639
424 74105
425 72871
426 71361
427 69705
428 67724
429 65985
430 64085
431 62511
432 60699
433 57874
434 56174
435 54138
436 51625
437 49565
438 47497
439 45369
440 43212
441 40952
442 38846
443 37085
444 34615
445 33031
446 30931
447 28953
448 27090
449 25224
450 23641
451 22001
452 20349
453 18925
454 17561
455 16131
456 14993
457 13884
458 12606
459 11580
460 10562
461 9703
462 8730
463 7966
464 7151
465 6352
466 5905
467 5268
468 4683
469 4136
470 3738
471 3515
472 2997
473 2638
474 2296
475 2083
476 1883
477 1632
478 1448
479 1286
480 1123
481 944
482 857
483 732
484 624
485 605
486 491
487 436
488 370
489 340
490 253
491 255
492 190
493 163
494 186
495 134
496 133
497 114
498 121
499 113
500 105
501 94
502 90
503 83
504 68
505 78
506 78
507 83
508 67
509 53
510 58
511 48
512 52
513 36
514 53
515 42
516 38
517 50
518 32
519 30
520 39
521 34
522 37
523 41
524 29
525 45
526 32
527 34
528 41
529 30
530 33
531 33
532 37
533 34
534 25
535 35
536 25
537 32
538 31
539 34
540 35
541 43
542 42
543 50
544 35
545 34
546 32
547 27
548 38
549 32
550 46
551 51
552 42
553 42
554 48
555 35
556 37
557 37
558 35
559 45
560 31
561 29
562 34
563 28
564 34
565 36
566 38
567 31
568 40
569 32
570 31
571 32
572 36
573 36
574 37
575 25
576 30
577 24
578 22
579 37
580 19
581 26
582 24
583 22
584 21
585 20
586 33
587 23
588 24
589 23
590 19
591 21
592 19
593 14
594 21
595 17
596 26
597 20
598 21
599 18
600 11
601 17
602 13
603 7
604 4
605 9
606 7
607 8
608 3
609 7
611 3
612 6
613 9
614 7
615 7
616 13
617 11
618 4
619 9
620 5
621 5
622 5
623 6
624 7
625 9
626 8
627 9
628 4
629 6
630 6
631 7
632 5
633 8
634 7
635 8
636 7
637 6
638 10
639 12
640 5
641 6
642 3
643 4
644 9
645 7
646 8
647 5
648 11
649 7
650 6
651 5
652 8
653 7
654 5
655 5
656 5
657 10
658 8
659 12
660 12
661 11
662 15
663 9
664 15
665 15
666 9
667 9
668 14
669 9
670 8
671 7
672 9
673 16
674 8
675 13
676 12
677 12
678 16
679 21
680 9
681 12
682 10
683 9
684 13
685 4
686 10
687 9
688 3
689 3
690 6
691 8
692 4
693 11
694 6
695 7
696 5
697 10
698 6
699 5
700 9
701 12
702 13
703 18
704 20
705 17
706 25
707 20
708 27
709 30
710 33
711 34
712 37
713 22
714 37
715 38
716 37
717 27
718 44
719 56
720 46
721 42
722 57
723 57
724 57
725 53
726 72
727 56
728 74
729 77
730 101
731 77
732 71
733 105
734 87
735 104
736 93
737 111
738 107
739 126
740 111
741 116
742 136
743 152
744 133
745 157
746 167
747 186
748 161
749 165
750 177
751 154
752 191
753 193
754 160
755 191
756 210
757 199
758 203
759 212
760 194
761 235
762 237
763 226
764 219
765 233
766 244
767 273
768 228
769 247
770 234
771 273
772 257
773 260
774 299
775 254
776 250
777 232
778 266
779 262
780 255
781 234
782 227
783 217
784 231
785 230
786 217
787 251
788 237
789 247
790 266
791 218
792 207
793 239
794 231
795 265
796 240
797 240
798 235
799 229
800 232
801 245
802 210
803 232
804 223
805 202
806 215
807 208
808 237
809 238
810 246
811 217
812 222
813 241
814 232
815 221
816 250
817 229
818 191
819 244
820 247
821 245
822 214
823 230
824 254
825 244
826 254
827 243
828 235
829 251
830 265
831 265
832 279
833 246
834 263
835 239
836 242
837 249
838 242
839 269
840 209
841 210
842 236
843 228
844 239
845 216
846 225
847 208
848 221
849 237
850 237
851 225
852 254
853 230
854 206
855 209
856 224
857 212
858 163
859 163
860 164
861 140
862 170
863 167
864 158
865 170
866 158
867 151
868 130
869 140
870 133
871 134
872 109
873 133
874 115
875 119
876 133
877 119
878 105
879 117
880 96
881 81
882 91
883 87
884 71
885 85
886 86
887 73
888 62
889 61
890 53
891 58
892 62
893 62
894 47
895 47
896 42
897 38
898 47
899 28
900 39
901 32
902 19
903 29
904 24
905 17
906 25
907 15
908 20
909 22
910 25
911 18
912 12
913 14
914 6
915 12
916 11
917 20
918 12
919 19
920 13
921 25
922 13
923 12
924 12
925 20
926 15
927 17
928 7
929 11
930 13
931 8
932 13
933 11
934 10
935 3
936 9
937 11
938 8
939 6
940 7
941 6
942 10
943 9
944 11
945 7
946 10
947 8
948 7
949 6
950 8
951 10
952 8
953 7
954 15
955 7
956 6
957 12
958 8
959 7
960 10
961 8
962 6
963 8
964 6
965 10
966 11
967 18
968 16
969 15
970 11
971 11
972 13
973 19
974 13
975 11
976 18
977 11
978 16
979 14
980 10
981 14
982 15
983 9
984 6
985 10
986 4
987 4
988 7
989 5
990 7
991 9
992 5
993 4
994 7
995 6
996 6
997 12
998 5
999 8
1000 19
1001 4
1002 9
1003 7
1004 17
1005 9
1006 7
1007 5
1008 5
1009 6
1010 11
1011 8
1012 9
1013 3
1014 9
1015 9
1016 8
1017 4
1018 8
1019 7
1020 10
1021 3
1022 6
1023 2
1024 3
1025 7
1026 7
1027 4
1028 6
1029 4
1030 6
1031 2
1032 10
1033 10
1034 10
1035 15
1036 6
1037 11
1038 5
1039 8
1040 7
1041 8
1042 9
1043 7
1044 5
1045 6
1046 2
1047 8
1048 7
1049 6
1050 6
1051 3
1052 5
1053 3
1054 6
1055 3
1056 1
1057 8
1058 2
1059 5
1060 5
1061 2
1062 4
1063 4
1064 8
1065 4
1066 6
1067 11
1068 9
1069 10
1070 3
1071 4
1072 6
1073 6
1074 8
1075 7
1076 15
1077 15
1078 17
1079 13
1080 18
1081 16
1082 13
1083 16
1084 18
1085 22
1086 31
1087 22
1088 22
1089 18
1090 32
1091 25
1092 25
1093 25
1094 33
1095 23
1096 23
1097 38
1098 34
1099 22
1100 36
1101 31
1102 34
1103 35
1104 31
1105 26
1106 34
1107 39
1108 40
1109 38
1110 37
1111 37
1112 28
1113 56
1114 45
1115 37
1116 57
1117 56
1118 62
1119 56
1120 60
1121 78
1122 81
1123 62
1124 71
1125 64
1126 70
1127 76
1128 80
1129 88
1130 73
1131 75
1132 91
1133 84
1134 90
1135 89
1136 87
1137 79
1138 73
1139 101
1140 126
1141 92
1142 79
1143 110
1144 101
1145 98
1146 99
1147 120
1148 119
1149 128
1150 126
1151 126
1152 148
1153 119
1154 126
1155 109
1156 136
1157 120
1158 141
1159 135
1160 124
1161 149
1162 147
1163 140
1164 150
1165 137
1166 146
1167 125
1168 135
1169 133
1170 149
1171 161
1172 105
1173 132
1174 134
1175 134
1176 125
1177 122
1178 105
1179 115
1180 127
1181 112
1182 119
1183 119
1184 118
1185 92
1186 84
1187 80
1188 102
1189 69
1190 61
1191 75
1192 80
1193 65
1194 80
1195 60
1196 64
1197 78
1198 58
1199 65
1200 55
1201 41
1202 65
1203 52
1204 54
1205 60
1206 54
1207 63
1208 55
1209 44
1210 41
1211 45
1212 40
1213 57
1214 57
1215 35
1216 39
1217 35
1218 37
1219 51
1220 32
1221 42
1222 29
1223 41
1224 28
1225 30
1226 25
1227 33
1228 38
1229 29
1230 34
1231 20
1232 31
1233 29
1234 21
1235 36
1236 22
1237 31
1238 21
1239 37
1240 26
1241 27
1242 34
1243 17
1244 27
1245 29
1246 23
1247 21
1248 22
1249 18
1250 18
1251 16
1252 16
1253 19
1254 19
1255 23
1256 14
1257 16
1258 12
1259 23
1260 22
1261 12
1262 19
1263 17
1264 17
1265 18
1266 16
1267 8
1268 25
1269 20
1270 18
1271 20
1272 16
1273 17
1274 10
1275 11
1276 14
1277 11
1278 15
1279 13
1280 19
1281 20
1282 18
1283 13
1284 11
1285 15
1286 15
1287 17
1288 14
1289 11
1290 14
1291 17
1292 17
1293 20
1294 17
1295 19
1296 12
1297 12
1298 9
1299 7
1300 15
1301 9
1302 12
1303 9
1304 13
1305 16
1306 9
1307 19
1308 19
1309 12
1310 19
1311 11
1312 10
1313 14
1314 15
1315 20
1316 18
1317 14
1318 15
1319 25
1320 19
1321 14
1322 15
1323 11
1324 7
1325 12
1326 17
1327 24
1328 13
1329 7
1330 15
1331 13
1332 12
1333 9
1334 12
1335 14
1336 17
1337 12
1338 16
1339 11
1340 14
1341 17
1342 9
1343 9
1344 8
1345 12
1346 8
1347 9
1348 14
1349 3
1350 11
1351 6
1352 9
1353 14
1354 9
1355 18
1356 6
1357 14
1358 8
1359 9
1360 9
1361 6
1362 11
1363 13
1364 6
1365 6
1366 4
1367 5
1368 8
1369 7
1370 4
1371 7
1372 8
1373 6
1374 3
1375 3
1376 4
1377 4
1378 5
1379 1
1380 4
1381 2
1382 4
1383 6
1384 4
1385 3
1386 9
1387 2
1388 4
1389 1
1391 1
1392 7
1393 3
1395 3
1396 3
1397 2
1398 3
1399 1
1400 4
1401 2
1402 2
1403 1
1404 2
1405 3
1406 1
1407 2
1408 2
1411 1
1412 3
1414 2
1415 3
1416 2
1417 1
1418 1
1419 1
1420 2
1422 4
1423 1
1424 2
1425 2
1426 3
1427 1
1428 4
1429 1
1430 2
1431 3
1432 2
1433 2
1434 2
1435 2
1436 5
1437 4
1438 1
1439 1
1440 1
1441 1
1442 1
1443 2
1444 2
1445 4
1446 3
1447 2
1450 4
1451 1
1452 5
1453 1
1454 6
1455 6
1456 6
1457 11
1458 6
1459 9
1460 4
1461 4
1462 13
1463 7
1464 6
1465 11
1466 9
1467 12
1468 9
1469 16
1470 6
1471 12
1472 9
1473 2
1474 7
1475 9
1476 8
1477 3
1478 6
1479 11
1480 7
1481 5
1482 6
1483 10
1484 11
1485 17
1486 18
1487 13
1488 15
1489 12
1490 10
1491 12
1492 12
1493 17
1494 16
1495 19
1496 8
1497 25
1498 16
1499 15
1500 16
1501 18
1502 15
1503 11
1504 19
1505 16
1506 22
1507 19
1508 23
1509 22
1510 22
1511 31
1512 31
1513 19
1514 25
1515 24
1516 21
1517 23
1518 28
1519 14
1520 18
1521 15
1522 24
1523 20
1524 24
1525 18
1526 20
1527 18
1528 14
1529 12
1530 21
1531 10
1532 15
1533 20
1534 21
1535 27
1536 20
1537 14
1538 28
1539 34
1540 31
1541 38
1542 30
1543 26
1544 25
1545 31
1546 37
1547 32
1548 28
1549 25
1550 29
1551 22
1552 35
1553 27
1554 36
1555 22
1556 26
1557 37
1558 27
1559 29
1560 21
1561 25
1562 34
1563 39
1564 29
1565 27
1566 30
1567 32
1568 28
1569 26
1570 30
1571 19
1572 32
1573 42
1574 31
1575 28
1576 26
1577 35
1578 30
1579 23
1580 33
1581 31
1582 31
1583 22
1584 19
1585 31
1586 17
1587 14
1588 35
1589 31
1590 25
1591 22
1592 26
1593 27
1594 25
1595 24
1596 20
1597 14
1598 31
1599 28
1600 27
1601 32
1602 31
1603 24
1604 33
1605 21
1606 20
1607 25
1608 26
1609 17
1610 20
1611 29
1612 25
1613 23
1614 30
1615 23
1616 18
1617 24
1618 19
1619 19
1620 16
1621 24
1622 21
1623 19
1624 18
1625 20
1626 17
1627 26
1628 28
1629 20
1630 31
1631 20
1632 18
1633 22
1634 25
1635 27
1636 15
1637 29
1638 33
1639 29
1640 21
1641 22
1642 24
1643 27
1644 33
1645 24
1646 34
1647 17
1648 22
1649 38
1650 26
1651 30
1652 24
1653 24
1654 30
1655 31
1656 29
1657 27
1658 28
1659 27
1660 26
1661 24
1662 37
1663 17
1664 24
1665 22
1666 30
1667 27
1668 18
1669 29
1670 32
1671 29
1672 23
1673 24
1674 23
1675 12
1676 16
1677 34
1678 34
1679 26
1680 24
1681 33
1682 20
1683 30
1684 24
1685 24
1686 35
1687 21
1688 25
1689 24
1690 33
1691 17
1692 13
1693 29
1694 31
1695 13
1696 21
1697 19
1698 24
1699 28
1700 12
1701 25
1702 24
1703 20
1704 18
1705 22
1706 18
1707 33
1708 29
1709 22
1710 27
1711 22
1712 32
1713 25
1714 24
1715 25
1716 12
1717 16
1718 10
1719 12
1720 24
1721 16
1722 24
1723 19
1724 18
1725 8
1726 9
1727 11
1728 13
1729 11
1730 14
1731 11
1732 9
1733 9
1734 13
1735 8
1736 6
1737 15
1738 7
1739 15
1740 4
1741 9
1742 3
1743 7
1744 5
1745 6
1746 3
1747 3
1748 7
1749 7
1750 4
1751 5
1752 6
1753 6
1754 5
1755 5
1756 5
1757 4
1758 4
1759 6
1760 9
1761 8
1762 4
1763 3
1764 4
1765 4
1766 5
1767 10
1768 5
1769 4
1770 6
1771 1
1772 3
1773 8
1774 3
1775 2
1776 5
1777 4
1778 1
1779 5
1781 2
1783 2
1784 2
1785 5
1786 5
1788 1
1789 3
1790 8
1791 1
1792 2
1793 1
1794 1
1795 1
1796 1
1797 1
1798 4
1799 1
1800 2
1804 2
1806 1
1807 1
1808 1
1813 1
1815 2
1825 2
1836 3
1839 3
1840 1
1841 1
1842 1
1843 3
1845 4
1846 2
1848 5
1849 4
1850 1
1851 6
1852 2
1853 3
1854 3
1855 4
1856 3
1857 6
1858 6
1859 5
1860 5
1861 7
1862 5
1863 5
1864 6
1865 8
1866 8
1867 8
1868 10
1869 7
1870 9
1871 10
1872 8
1873 8
1874 15
1875 13
1876 7
1877 13
1878 12
1879 14
1880 20
1881 19
1882 14
1883 21
1884 15
1885 12
1886 14
1887 25
1888 18
1889 15
1890 13
1891 20
1892 16
1893 24
1894 17
1895 21
1896 16
1897 17
1898 19
1899 17
1900 12
1901 26
1902 17
1903 16
1904 19
1905 26
1906 18
1907 24
1908 26
1909 25
1910 18
1911 26
1912 29
1913 25
1914 20
1915 20
1916 20
1917 25
1918 27
1919 22
1920 25
1921 22
1922 22
1923 26
1924 23
1925 31
1926 23
1927 27
1928 22
1929 16
1930 20
1931 28
1932 24
1933 32
1934 23
1935 16
1936 22
1937 15
1938 23
1939 22
1940 14
1941 26
1942 23
1943 11
1944 23
1945 17
1946 9
1947 15
1948 14
1949 14
1950 22
1951 10
1952 15
1953 17
1954 18
1955 11
1956 15
1957 12
1958 14
1959 17
1960 21
1961 14
1962 10
1963 13
1964 6
1965 16
1966 13
1967 12
1968 16
1969 8
1970 18
1971 5
1972 6
1973 12
1974 10
1975 7
1976 11
1977 5
1978 8
1979 2
1980 3
1981 9
1982 6
1983 9
1984 6
1985 6
1986 6
1987 2
1988 5
1989 3
1990 12
1991 11
1992 5
1993 10
1994 8
1995 6
1996 10
1997 9
1998 5
1999 7
2000 6
2001 9
2002 8
2003 13
2004 5
2005 5
2006 9
2007 5
2008 9
2009 2
2010 4
2011 8
2012 5
2013 6
2014 4
2015 7
2016 2
2017 1
2018 7
2019 10
2020 5
2021 10
2022 3
2023 4
2024 2
2025 2
2026 2
2027 3
2028 4
2029 3
2030 6
2031 4
2032 4
2033 3
2034 2
2035 2
2036 3
2037 2
2038 3
2039 1
2040 3
2041 3
2042 6
2043 3
2044 4
2045 2
2046 8
2047 7
2048 4
2049 3
2050 7
2051 8
2052 4
2053 6
2054 6
2055 6
2056 10
2057 9
2058 7
2059 5
2060 7
2061 9
2062 6
2063 6
2064 6
2065 6
2066 8
2067 10
2068 9
2069 4
2070 5
2071 2
2072 6
2073 6
2074 7
2075 6
2076 11
2077 9
2078 5
2079 11
2080 5
2081 10
2082 6
2083 7
2084 9
2085 10
2086 13
2087 17
2088 7
2089 15
2090 9
2091 17
2092 13
2093 13
2094 13
2095 10
2096 13
2097 11
2098 11
2099 9
2100 12
2101 13
2102 12
2103 10
2104 18
2105 9
2106 8
2107 10
2108 12
2109 12
2110 17
2111 15
2112 17
2113 13
2114 15
2115 17
2116 12
2117 13
2118 10
2119 11
2120 14
2121 14
2122 18
2123 18
2124 11
2125 10
2126 20
2127 11
2128 10
2129 16
2130 5
2131 7
2132 12
2133 15
2134 12
2135 11
2136 8
2137 7
2138 10
2139 4
2140 5
2141 5
2142 3
2143 7
2144 8
2145 13
2146 8
2147 6
2148 5
2149 4
2150 8
2151 5
2152 10
2153 7
2154 9
2155 12
2156 3
2157 7
2158 8
2159 5
2160 7
2161 7
2162 8
2163 6
2164 6
2165 4
2166 4
2167 13
2168 10
2169 11
2170 6
2171 6
2172 6
2173 4
2174 9
2175 7
2176 4
2177 5
2178 4
2179 5
2180 3
2181 6
2182 7
2183 5
2184 2
2185 3
2186 1
2187 6
2188 3
2189 2
2190 2
2191 1
2192 5
2193 3
2194 6
2195 6
2196 9
2197 4
2198 6
2199 5
2200 3
2201 5
2202 1
2203 6
2204 10
2205 5
2206 8
2207 9
2208 7
2209 7
2210 5
2211 11
2212 5
2213 8
2214 6
2215 10
2216 7
2217 10
2218 7
2219 4
2220 3
2221 6
2222 6
2223 7
2224 4
2225 6
2226 8
2227 4
2228 3
2229 4
2230 5
2231 2
2232 6
2233 5
2234 3
2235 5
2236 2
2237 5
2238 7
2239 7
2240 6
2241 11
2242 9
2243 8
2244 11
2245 12
2246 13
2247 10
2248 15
2249 11
2250 12
2251 21
2252 20
2253 19
2254 14
2255 16
2256 18
2257 17
2258 16
2259 11
2260 17
2261 12
2262 14
2263 5
2264 10
2265 20
2266 13
2267 12
2268 11
2269 19
2270 19
2271 10
2272 12
2273 10
2274 13
2275 23
2276 16
2277 13
2278 12
2279 10
2280 14
2281 16
2282 13
2283 14
2284 13
2285 7
2286 12
2287 13
2288 13
2289 25
2290 18
2291 16
2292 12
2293 19
2294 23
2295 17
2296 22
2297 23
2298 19
2299 16
2300 12
2301 25
2302 14
2303 22
2304 21
2305 14
2306 22
2307 15
2308 14
2309 18
2310 23
2311 16
2312 17
2313 20
2314 18
2315 17
2316 10
2317 15
2318 22
2319 19
2320 24
2321 16
2322 13
2323 18
2324 17
2325 19
2326 23
2327 20
2328 23
2329 25
2330 13
2331 20
2332 13
2333 19
2334 13
2335 16
2336 15
2337 19
2338 14
2339 12
2340 12
2341 12
2342 11
2343 11
2344 10
2345 7
2346 9
2347 7
2348 14
2349 6
2350 11
2351 11
2352 11
2353 8
2354 9
2355 8
2356 11
2357 9
2358 12
2359 5
2360 12
2361 9
2362 12
2363 5
2364 7
2365 7
2366 9
2367 6
2368 3
2369 9
2370 6
2371 4
2372 10
2373 5
2374 8
2375 2
2376 4
2377 1
2378 8
2379 5
2380 2
2381 7
2382 4
2383 5
2384 6
2385 2
2387 4
2389 4
2390 4
2391 1
2392 4
2393 7
2394 5
2395 2
2397 3
2398 1
2399 1
2400 3
2401 1
2402 2
2403 5
2404 2
2405 2
2407 1
2408 3
2409 4
2410 3
2411 1
2412 1
2413 4
2414 1
2415 1
2416 5
2417 1
2418 2
2419 2
2420 2
2421 1
2422 1
2423 1
2424 3
2425 3
2426 1
2427 1
2428 1
2432 2
2433 1
2435 1
2436 1
2437 2
2438 4
2439 1
2440 1
2441 1
2444 1
2448 1
2450 1
2452 1
2454 1
2456 1
2457 1
2458 1
2460 2
2461 2
2462 1
2463 4
2466 2
2467 2
2468 1
2469 3
2470 1
2471 3
2474 2
2475 1
2476 2
2477 2
2478 2
2479 5
2480 1
2481 4
2482 3
2483 4
2484 4
2485 5
2486 3
2487 4
2488 1
2489 2
2490 1
2491 3
2492 1
2493 4
2494 1
2495 1
2496 3
2497 3
2500 2
2501 2
2502 3
2503 2
2504 1
2505 5
2506 2
2507 4
2508 2
2509 1
2510 4
2512 4
2513 4
2514 2
2515 1
2516 5
2517 5
2518 2
2519 2
2520 1
2521 1
2522 1
2523 4
2524 7
2525 1
2527 6
2528 2
2529 3
2530 2
2532 2
2533 3
2534 5
2535 1
2537 2
2539 4
2541 3
2542 3
2544 2
2545 2
2546 1
2547 4
2548 2
2549 5
2550 2
2552 1
2553 1
2555 3
2556 2
2558 2
2560 2
2561 1
2563 3
2565 1
2566 1
2567 2
2570 3
2572 1
2574 2
2575 1
2579 1
2581 2
2583 1
2584 1
2586 3
2589 1
2593 1
2595 1
2597 1
2598 1
2599 1
2600 1
2602 2
2603 1
2604 1
2605 1
2606 1
2607 1
2608 1
2610 1
2612 3
2613 1
2614 1
2615 1
2616 1
2618 1
2619 1
2620 1
2621 2
2623 1
2624 1
2625 4
2626 2
2627 1
2629 2
2630 1
2631 2
2632 4
2633 1
2634 5
2635 2
2638 1
2639 4
2640 3
2641 2
2642 3
2643 1
2644 2
2646 2
2647 2
2649 1
2650 3
2652 1
2653 1
2654 1
2655 1
2656 1
2657 2
2659 1
2660 2
2661 5
2662 2
2663 4
2664 1
2665 2
2666 1
2667 1
2668 2
2669 1
2670 1
2671 2
2672 2
2673 1
2674 3
2675 4
2676 3
2677 1
2679 2
2680 4
2681 2
2682 2
2683 2
2684 3
2685 7
2686 3
2687 2
2688 2
2689 2
2690 3
2691 1
2692 5
2693 1
2695 1
2696 1
2697 2
2698 3
2699 2
2700 3
2701 1
2702 3
2704 2
2705 1
2706 1
2708 3
2709 4
2710 1
2712 3
2713 2
2714 2
2715 5
2716 1
2717 3
2718 4
2719 2
2720 1
2723 2
2724 3
2725 4
2726 2
2727 3
2728 1
2729 3
2730 2
2731 1
2732 3
2734 1
2735 3
2736 2
2738 1
2740 1
2741 1
2742 2
2745 1
2746 1
2747 2
2748 1
2749 1
2750 1
2751 2
2752 2
2753 1
2754 4
2755 3
2756 1
2758 1
2759 1
2760 1
2762 1
2766 1
2769 4
2772 1
2773 1
2774 1
2776 2
2780 3
2782 2
2783 3
2784 4
2785 4
2786 2
2788 1
2789 1
2790 1
2792 1
2793 2
2797 1
2802 1
2803 1
2805 1
2806 2
2807 1
2809 1
2811 3
2813 1
2814 1
2816 1
2817 1
2818 1
2820 2
2821 1
2822 1
2825 1
2827 1
2831 1
2835 1
2837 1
2848 1
2850 1
2853 1
2887 1
2893 1
2895 1
2899 1
2915 1
2920 1
2934 1
2936 1
2937 1
2945 1
2946 1
2947 1
2972 1
2982 1
2989 2
2992 1
2993 3
2995 1
2996 1
2997 1
2998 1
3000 2
3003 2
3005 3
3006 2
3007 1
3009 1
3010 2
3011 1
3012 1
3013 4
3014 1
3016 1
3018 3
3019 1
3020 3
3021 1
3023 2
3025 3
3026 5
3028 3
3029 2
3030 5
3031 1
3032 1
3033 3
3034 1
3035 2
3036 7
3038 3
3041 2
3042 3
3043 1
3046 2
3047 1
3048 2
3052 1
3053 2
3054 2
3055 3
3057 3
3058 2
3060 2
3062 3
3063 6
3065 2
3068 1
3069 5
3071 2
3072 6
3073 1
3074 1
3075 1
3077 5
3078 1
3081 1
3082 1
3083 1
3084 1
3091 1
3093 1
3096 2
3098 2
3103 3
3107 1
3109 1
3110 2
3111 1
3112 2
3115 2
3116 3
3117 2
3120 1
3123 2
3124 2
3126 1
3128 1
3129 2
3131 1
3132 1
3133 2
3135 1
3137 1
3138 1
3139 2
3140 2
3141 1
3142 1
3144 1
3146 1
3152 1
3157 1
3160 1
3161 3
3162 1
3163 1
3164 2
3165 2
3169 1
3171 3
3172 1
3173 1
3174 1
3175 1
3176 3
3177 1
3180 1
3181 1
3183 1
3184 1
3188 1
3190 1
3191 1
3192 2
3195 3
3197 1
3200 2
3205 1
3207 2
3208 1
3209 2
3214 1
3215 1
3218 2
3223 1
3225 1
3226 1
3229 1
3230 1
3231 2
3232 1
3235 1
3236 1
3245 1
3259 1
3287 1
3289 1
3291 1
3296 1
3301 1
3313 1
3319 1
3323 1
3326 1
3327 1
3329 1
3333 1
3334 1
3336 1
3337 3
3338 1
3341 1
3342 2
3345 1
3346 1
3347 1
3352 1
3354 1
3355 1
3357 2
3359 1
3362 1
3368 1
3374 1
3384 1
3387 1
3390 1
3392 2
3394 1
3395 3
3399 1
3400 3
3401 2
3405 1
3407 1
3410 1
3411 2
3412 2
3413 1
3416 2
3417 1
3419 1
3421 1
3422 1
3425 2
3426 1
3428 2
3429 1
3433 1
3445 1
3454 1
3458 1
3464 1
3466 1
3474 1
3477 1
3478 1
3479 1
3480 1
3481 1
3482 1
3483 2
3484 1
3485 1
3486 1
3487 3
3488 1
3489 1
3490 3
3492 2
3493 1
3495 2
3496 5
3497 1
3498 1
3499 3
3501 2
3502 1
3503 2
3504 2
3506 2
3507 4
3508 2
3509 2
3510 3
3511 2
3512 4
3513 1
3514 3
3515 3
3516 4
3517 2
3518 1
3519 1
3520 4
3521 2
3522 2
3523 3
3524 3
3525 1
3527 3
3528 2
3529 1
3530 3
3531 2
3534 2
3536 1
3537 1
3541 2
3543 1
3546 1
3550 1
3557 1
3562 1
3563 1
3569 1
3573 1
3574 1
3575 1
3579 1
3581 1
3582 1
3583 3
3586 1
3589 1
3590 1
3593 1
3597 1
3624 1
3625 2
3626 1
3639 1
3656 1
3657 1
3666 1
3669 1
3684 1
3687 2
3691 1
3693 1
3694 1
3699 1
3700 1
3702 1
3709 1
3712 1
3713 1
3715 1
3716 1
3717 1
3718 1
3721 1
3723 1
3724 1
3725 2
3726 1
3727 1
3728 1
3729 1
3730 2
3738 1
3739 2
3742 1
3743 1
3749 1
3751 2
3752 1
3755 1
3757 1
3758 1
3760 2
3762 1
3766 1
3767 2
3772 1
3776 1
3782 1
3791 2
3792 1
3793 1
3795 1
3796 1
3797 4
3798 1
3799 1
3800 2
3803 3
3805 1
3806 1
3807 2
3808 3
3809 11
3810 6
3811 3
3812 5
3813 1
3815 5
3816 1
3817 3
3819 4
3820 6
3821 1
3822 2
3823 6
3824 3
3825 2
3826 3
3827 5
3828 3
3829 4
3830 3
3831 5
3832 3
3833 2
3834 2
3835 1
3836 5
3837 3
3838 1
3839 3
3840 2
3841 8
3842 1
3845 3
3846 3
3847 1
3848 2
3849 2
3850 2
3851 3
3852 4
3853 3
3854 1
3855 1
3856 1
3857 3
3858 3
3859 3
3860 1
3861 2
3862 1
3863 2
3864 4
3865 5
3866 1
3867 1
3868 2
3870 2
3871 1
3872 1
3873 1
3874 3
3875 2
3876 1
3877 1
3878 2
3880 1
3881 1
3884 1
3885 1
3886 2
3888 1
3889 1
3890 2
3892 1
3893 1
3894 2
3895 2
3898 1
3899 1
3900 1
3909 2
3910 1
3912 1
3916 1
3921 1
3923 1
3924 1
3925 2
3927 1
3929 1
3931 1
3932 1
3934 1
3935 1
3941 1
3944 3
3945 1
3950 1
3968 1
3975 2
3980 1
3982 1
3998 1
4018 1
4072 2
4076 1
4081 1
4082 2
4094 1
4095 1
4104 1
4106 1
4108 1
4110 1
4115 1
4117 1
4121 1
4122 2
4123 2
4124 1
4125 2
4126 1
4127 3
4130 1
4131 3
4132 2
4133 1
4135 6
4136 1
4139 2
4142 2
4143 1
4144 2
4145 1
4147 1
4148 2
4149 2
4150 4
4151 1
4156 1
4157 1
4159 2
4160 3
4161 5
4162 4
4165 3
4166 4
4168 2
4169 1
4170 5
4171 2
4172 2
4173 1
4174 4
4176 4
4177 4
4178 4
4179 2
4180 4
4181 4
4182 4
4183 2
4184 4
4185 3
4186 5
4187 4
4188 2
4189 6
4190 1
4191 7
4192 3
4193 2
4194 1
4195 3
4196 4
4197 2
4199 3
4200 4
4201 4
4202 4
4203 3
4204 7
4205 3
4206 3
4207 6
4208 4
4209 1
4210 7
4211 3
4212 3
4213 7
4214 4
4215 5
4216 2
4217 2
4218 5
4219 3
4220 1
4221 6
4222 3
4223 5
4224 3
4225 2
4226 1
4227 2
4228 3
4229 1
4230 4
4231 4
4233 3
4234 5
4235 3
4236 1
4237 1
4238 1
4239 3
4240 2
4241 1
4242 1
4243 2
4244 1
4245 4
4246 4
4247 4
4248 5
4249 4
4250 4
4251 2
4252 8
4253 5
4254 3
4255 5
4256 3
4257 4
4258 3
4259 1
4260 3
4261 1
4262 4
4263 2
4264 2
4265 1
4266 2
4267 3
4268 1
4270 2
4271 1
4272 5
4273 3
4274 3
4275 3
4276 2
4277 2
4280 4
4281 2
4282 2
4283 2
4284 2
4286 3
4288 2
4289 2
4293 1
4294 1
4297 2
4299 2
4304 1
4305 2
4306 3
4310 2
4311 2
4313 1
4314 1
4315 2
4316 3
4318 1
4319 2
4320 1
4321 2
4322 1
4324 3
4325 1
4326 2
4327 2
4332 1
4334 2
4335 2
4336 2
4337 1
4338 1
4339 1
4342 1
4345 2
4346 1
4350 1
4351 2
4353 1
4354 1
4356 1
4357 1
4358 1
4360 1
4361 3
4362 1
4364 1
4366 1
4371 1
4379 1
4399 1
4409 1
4414 1
4430 1
4457 1
4458 2
4460 2
4467 1
4471 1
4477 1
4478 1
4479 1
4482 1
4483 1
4484 1
4487 1
4490 1
4491 1
4492 2
4493 3
4494 2
4495 1
4496 1
4497 1
4500 1
4502 1
4507 1
4510 1
4512 1
4513 2
4517 1
4527 1
4537 1
4548 1
4551 1
4555 2
4558 1
4560 1
4565 2
4576 1
4577 1
4578 1
4579 1
4582 1
4583 2
4584 1
4585 2
4586 2
4587 1
4593 1
4594 1
4596 1
4597 2
4602 1
4604 2
4606 1
4607 2
4608 1
4610 1
4611 1
4613 1
4615 1
4616 2
4617 1
4618 1
4619 1
4620 2
4621 1
4623 2
4624 5
4625 1
4626 2
4629 2
4630 1
4632 2
4634 4
4635 4
4636 3
4637 1
4641 2
4642 1
4644 3
4645 1
4646 1
4647 1
4649 1
4650 2
4651 2
4652 1
4653 1
4654 2
4658 1
4661 1
4664 1
4665 1
4675 1
4678 1
4681 1
4684 1
4687 1
4694 1
4695 1
4696 2
4698 3
4700 2
4701 1
4702 2
4704 2
4705 3
4706 2
4707 3
4710 1
4711 1
4712 2
4713 2
4714 1
4715 5
4716 2
4718 1
4720 2
4721 1
4722 4
4723 2
4725 3
4726 1
4727 2
4728 2
4730 2
4731 2
4732 2
4734 2
4736 1
4737 2
4738 3
4739 1
4740 2
4741 2
4742 2
4744 1
4745 2
4746 3
4747 3
4748 2
4750 1
4751 1
4753 2
4754 4
4755 3
4756 1
4757 1
4758 1
4759 1
4760 1
4761 1
4762 1
4768 2
4770 1
4771 2
4772 1
4773 1
4774 1
4775 1
4777 1
4778 1
4779 1
4780 1
4781 1
4783 1
4788 2
4789 2
4790 1
4792 1
4793 1
4797 2
4802 1
4804 1
4805 1
4808 2
4811 3
4813 2
4814 1
4817 1
4819 1
4829 1
4830 1
4855 1
4877 1
4893 1
4898 1
4899 1
4903 1
4904 2
4908 1
4909 1
4912 2
4915 1
4917 1
4924 1
4934 1
4935 1
4936 1
4938 1
4943 2
4948 1
4952 1
4953 1
4955 1
4959 1
4960 1
4963 2
4964 2
4965 2
4967 1
4969 2
4970 2
4971 1
4972 1
4973 2
4975 1
4976 1
4977 4
4978 1
4979 1
4980 1
4981 1
4982 1
4983 2
4984 1
4985 1
4986 4
4987 2
4988 2
4991 1
4992 1
4994 1
4996 3
4997 1
4999 3
5000 2
5001 1
5002 2
5004 2
5005 2
5006 4
5007 3
5008 4
5009 3
5010 1
5011 1
5012 1
5014 2
5017 2
5018 1
5021 1
5022 1
5023 1
5024 3
5025 3
5026 1
5027 2
5028 3
5029 2
5030 2
5031 2
5034 3
5035 1
5037 6
5038 3
5039 2
5041 2
5043 3
5044 2
5046 2
5047 2
5048 2
5049 5
5050 1
5051 2
5052 2
5053 1
5054 2
5055 1
5056 1
5057 3
5058 7
5059 2
5060 2
5061 3
5062 1
5063 1
5064 3
5065 2
5066 2
5067 3
5068 2
5070 2
5071 1
5072 1
5073 2
5074 4
5075 4
5076 4
5077 2
5078 3
5079 2
5080 1
5082 2
5083 1
5084 2
5085 3
5086 2
5087 6
5088 4
5089 3
5090 3
5091 5
5093 1
5095 1
5096 2
5097 1
5099 1
5100 2
5101 1
5102 3
5104 2
5106 2
5107 1
5108 1
5110 3
5114 2
5117 2
5119 1
5120 1
5121 1
5122 2
5124 1
5125 2
5130 3
5131 2
5132 1
5133 1
5134 1
5135 1
5136 2
5139 1
5141 1
5142 1
5143 3
5147 1
5150 1
5155 1
5156 1
5163 1
5168 1
5173 2
5175 2
5177 1
5178 1
5179 2
5180 1
5189 1
5190 1
5192 1
5194 1
5195 1
5196 1
5199 1
5201 1
5203 1
5207 1
5220 1
5221 1
5222 3
5223 1
5224 1
5225 1
5226 1
5227 1
5228 1
5230 2
5232 2
5233 2
5237 1
5239 3
5240 1
5241 2
5242 2
5243 1
5245 1
5246 1
5247 1
5248 2
5251 1
5252 1
5256 3
5257 1
5258 1
5261 1
5263 1
5264 1
5265 2
5266 1
5267 2
5268 1
5269 1
5272 1
5274 2
5276 1
5278 2
5280 1
5282 1
5285 1
5287 2
5288 1
5290 2
5293 1
5294 1
5304 1
5305 1
5306 1
5308 1
5311 1
5318 1
5321 2
5323 1
5324 1
5325 1
5331 1
5332 2
5333 1
5334 1
5335 1
5337 2
5339 1
5340 1
5341 1
5345 2
5346 1
5348 1
5349 1
5350 1
5352 1
5357 4
5358 1
5361 1
5363 1
5364 2
5365 1
5366 1
5367 3
5368 3
5369 7
5370 2
5371 1
5372 1
5373 1
5374 4
5376 2
5377 4
5378 1
5379 4
5380 2
5381 1
5382 2
5383 1
5384 2
5387 1
5388 1
5389 2
5395 1
5397 1
5398 1
5400 1
5401 1
5404 1
5408 1
5411 1
5412 1
5413 1
5415 1
5416 4
5417 3
5418 1
5419 2
5420 1
5421 2
5422 2
5423 2
5425 2
5426 1
5435 1
5437 1
5438 1
5439 2
5443 1
5446 2
5449 1
5451 1
5456 1
5457 1
5463 1
5464 2
5467 2
5468 1
5471 1
5476 1
5480 2
5485 1
5486 1
5493 1
5501 1
5509 1
5510 1
5511 1
5514 1
5516 1
5527 2
5531 1
5538 2
5543 2
5545 1
5552 1
5559 1
5561 1
5573 1
5668 1
5670 1
5671 2
5677 1
5678 1
5679 1
5682 1
5683 1
5684 2
5685 1
5687 2
5689 1
5691 1
5692 1
5693 3
5696 2
5697 1
5698 2
5699 1
5700 1
5701 2
5702 2
5703 3
5704 1
5705 1
5706 2
5707 3
5708 1
5709 1
5710 4
5713 1
5715 2
5719 1
5720 1
5721 1
5722 5
5723 2
5724 2
5725 3
5726 3
5727 1
5728 5
5729 2
5730 1
5731 2
5732 4
5733 3
5734 2
5735 5
5736 1
5737 3
5738 2
5739 4
5740 1
5741 2
5742 1
5743 2
5744 1
5745 3
5746 2
5747 1
5749 2
5750 3
5751 1
5752 3
5753 2
5754 4
5755 1
5756 2
5757 4
5758 3
5759 3
5762 2
5763 1
5764 4
5765 3
5766 3
5767 1
5768 3
5769 5
5770 3
5771 2
5772 3
5773 4
5774 2
5775 3
5776 2
5777 2
5778 1
5779 3
5780 3
5781 3
5782 4
5783 3
5784 2
5785 3
5786 3
5787 3
5788 5
5789 3
5790 2
5791 1
5792 2
5793 2
5794 2
5795 3
5796 3
5797 2
5798 1
5799 3
5800 3
5801 3
5802 4
5803 1
5804 2
5805 3
5806 1
5807 2
5808 3
5809 4
5810 2
5811 4
5812 3
5813 1
5814 2
5815 1
5816 1
5817 4
5818 5
5819 2
5821 1
5822 5
5823 1
5824 1
5825 5
5826 1
5828 3
5829 1
5830 1
5831 1
5833 2
5834 5
5835 1
5836 4
5837 1
5839 3
5841 3
5842 2
5844 1
5845 1
5846 4
5847 2
5848 1
5851 1
5852 2
5853 2
5854 3
5856 1
5858 2
5859 3
5860 2
5862 2
5863 3
5864 1
5865 1
5868 2
5869 1
5871 2
5875 1
5876 1
5877 1
5878 1
5880 1
5884 2
5886 1
5887 2
5891 6
5893 1
5894 2
5895 1
5897 1
5899 2
5901 1
5905 1
5908 2
5920 1
5921 1
6032 1
6033 2
6034 1
6041 1
6043 2
6048 1
6053 2
6056 1
6060 1
6065 1
6066 1
6070 2
6071 1
6073 1
6076 1
6078 1
6081 1
6085 1
6087 2
6094 2
6095 1
6098 1
6102 2
6103 1
6104 1
6106 1
6108 1
6113 1
6114 1
6116 1
6121 1
6123 1
6125 1
6130 1
6133 1
6138 1
6140 1
6141 1
6142 1
6143 1
6144 1
6146 2
6147 1
6148 2
6150 1
6151 2
6153 1
6154 1
6156 1
6158 2
6160 1
6162 1
6166 1
6171 1
6174 1
6176 1
6180 1
6185 1
6186 2
6189 1
6190 1
6200 1
6218 1
6225 1
6226 1
6227 1
6228 1
6230 1
6231 1
6235 1
6236 1
6237 1
6241 2
6244 3
6248 3
6250 1
6251 2
6253 2
6254 1
6255 2
6256 1
6257 2
6258 1
6263 1
6265 1
6273 1
6275 1
6281 1
6283 1
6285 1
6299 1
6302 1
6307 1
6309 1
6311 1
6313 1
6314 1
6318 1
6320 1
6321 1
6326 1
6328 1
6334 1
6340 1
6345 1
6350 1
6416 1
6420 1
6430 1
6436 1
6438 2
6439 1
6440 2
6441 2
6445 1
6446 1
6452 1
6455 1
6458 1
6462 1
6466 1
6467 1
6471 2
6475 1
6477 1
6482 1
6483 1
6488 1
6493 1
6497 1
6502 2
6508 1
6509 1
6512 1
6514 1
6518 2
6519 1
6520 1
6525 2
6526 1
6528 2
6532 1
6536 1
6537 1
6539 1
6541 2
6542 1
6545 1
6553 1
6557 1
6559 1
6560 1
6563 1
6564 2
6565 1
6567 2
6572 1
6573 1
6574 1
6575 3
6576 2
6578 1
6579 2
6580 1
6582 1
6583 1
6587 2
6591 1
6592 3
6598 2
6599 3
6601 1
6602 1
6603 1
6604 1
6606 1
6607 1
6608 1
6609 1
6610 1
6611 2
6612 1
6613 1
6614 1
6615 2
6616 1
6617 1
6618 1
6619 2
6620 2
6622 2
6625 1
6626 3
6627 1
6628 2
6629 2
6631 2
6632 2
6633 2
6634 3
6635 1
6636 2
6637 1
6638 1
6639 3
6640 1
6641 4
6642 3
6644 4
6645 2
6646 2
6648 1
6649 1
6651 2
6652 1
6653 2
6654 2
6657 1
6658 1
6659 1
6661 1
6662 2
6665 2
6666 2
6667 1
6669 1
6670 3
6674 1
6675 1
6676 4
6677 1
6681 1
6683 1
6684 2
6685 1
6686 3
6687 1
6688 1
6689 2
6691 2
6694 1
6695 2
6697 1
6699 2
6701 1
6702 1
6703 1
6704 1
6706 1
6707 3
6708 1
6709 1
6715 1
6718 1
6721 1
6723 1
6733 1
6744 1
6749 1
6806 1
6812 2
6815 1
6821 2
6824 1
6832 1
6833 1
6835 1
6841 1
6866 1
6867 1
6876 1
6880 1
6882 1
6883 1
6913 1
6916 1
6918 1
6923 1
6934 3
6937 1
6938 1
6944 1
6945 1
6946 2
6947 1
6948 1
6950 2
6956 1
6958 3
6959 1
6960 1
6961 2
6962 2
6964 2
6965 1
6967 1
6974 1
6975 2
6976 1
6977 1
6979 2
6980 1
6984 2
6985 2
6987 1
6988 1
6995 1
6996 1
6997 1
6998 3
7002 1
7005 1
7007 1
7011 3
7013 2
7014 1
7018 1
7019 4
7020 1
7021 1
7022 2
7024 1
7025 1
7026 2
7027 1
7030 1
7032 1
7034 1
7035 1
7036 3
7040 3
7041 1
7042 3
7043 3
7044 1
7047 1
7054 1
7055 2
7059 1
7061 1
7064 1
7065 1
7067 1
7079 2
7097 1
7376 1
7401 1
7426 1
7438 1
7447 1
7575 1
7577 1
7963 1
7977 1
8151 1
8624 1
8903 1
8927 1
8935 1
9064 1
9091 1
9246 1
9267 1
9269 1
9284 1
9286 1
9287 1
9288 1
9290 2
9303 1
9315 1
9458 1
9474 1
9480 1
9482 1
9493 1
9496 1
9713 1
9746 1
9763 1
9764 1
10001 56
