1 16923098
2 5530731
3 3153482
4 2606699
5 2479602
6 2397776
7 2221964
8 1977129
9 1678476
10 1408115
11 1159444
12 957699
13 809376
14 709843
15 652646
16 621782
17 600657
18 590203
19 585375
20 575222
21 559752
22 537431
23 508082
24 475377
25 433534
26 390146
27 342283
28 293895
29 247098
30 201923
31 159044
32 122094
33 92413
34 68159
35 48866
36 34602
37 24623
38 17562
39 12397
40 8745
41 6103
42 4665
43 3715
44 3129
45 2606
46 2250
47 2204
48 1978
49 1786
50 1744
51 1556
52 1410
53 1357
54 1320
55 1284
56 1229
57 1165
58 1149
59 1137
60 1074
61 923
62 889
63 815
64 752
65 763
66 665
67 640
68 683
69 669
70 721
71 679
72 681
73 649
74 662
75 656
76 650
77 634
78 609
79 540
80 524
81 469
82 477
83 484
84 408
85 389
86 339
87 359
88 356
89 345
90 306
91 332
92 337
93 346
94 402
95 358
96 393
97 437
98 573
99 660
100 891
101 1129
102 1393
103 1792
104 2360
105 3018
106 3645
107 4645
108 5707
109 6985
110 8832
111 10458
112 12704
113 15463
114 18503
115 21993
116 25600
117 29828
118 34403
119 39588
120 45494
121 50970
122 57572
123 64750
124 71846
125 79742
126 86968
127 95207
128 103583
129 110791
130 119133
131 125862
132 133648
133 139957
134 146174
135 151640
136 157138
137 161155
138 165764
139 168436
140 170901
141 172164
142 171967
143 171430
144 169732
145 166689
146 164084
147 158248
148 154539
149 148227
150 141517
151 135418
152 128449
153 121041
154 113469
155 105692
156 98597
157 90869
158 83801
159 76648
160 69266
161 62455
162 55989
163 49957
164 44138
165 39236
166 34067
167 29846
168 25981
169 22151
170 18887
171 15931
172 13337
173 11326
174 9527
175 8056
176 6669
177 5585
178 4460
179 3779
180 3082
181 2495
182 2010
183 1679
184 1419
185 1090
186 895
187 767
188 610
189 517
190 448
191 314
192 318
193 258
194 220
195 185
196 169
197 158
198 130
199 132
200 104
201 105
202 77
203 78
204 69
205 66
206 54
207 53
208 55
209 55
210 57
211 42
212 37
213 27
214 28
215 33
216 32
217 38
218 40
219 30
220 26
221 44
222 41
223 37
224 42
225 40
226 40
227 37
228 28
229 35
230 35
231 37
232 51
233 48
234 46
235 72
236 79
237 85
238 90
239 113
240 104
241 123
242 131
243 147
244 134
245 177
246 189
247 207
248 246
249 273
250 276
251 333
252 295
253 297
254 337
255 341
256 379
257 389
258 432
259 414
260 413
261 444
262 448
263 460
264 449
265 490
266 532
267 550
268 487
269 549
270 570
271 592
272 557
273 570
274 566
275 550
276 519
277 539
278 522
279 569
280 564
281 559
282 547
283 527
284 569
285 534
286 569
287 594
288 560
289 594
290 563
291 517
292 535
293 512
294 489
295 479
296 458
297 505
298 447
299 444
300 447
301 413
302 417
303 418
304 419
305 368
306 380
307 340
308 333
309 306
310 277
311 282
312 219
313 234
314 229
315 207
316 202
317 182
318 155
319 152
320 128
321 145
322 97
323 121
324 85
325 98
326 94
327 69
328 61
329 64
330 47
331 59
332 69
333 45
334 39
335 44
336 51
337 33
338 54
339 45
340 43
341 27
342 39
343 32
344 32
345 21
346 31
347 24
348 32
349 21
350 37
351 42
352 46
353 38
354 42
355 43
356 39
357 44
358 51
359 54
360 55
361 55
362 51
363 52
364 68
365 48
366 67
367 73
368 64
369 52
370 81
371 68
372 79
373 78
374 92
375 72
376 90
377 101
378 105
379 110
380 131
381 120
382 145
383 187
384 136
385 161
386 188
387 172
388 165
389 166
390 196
391 189
392 196
393 170
394 187
395 188
396 200
397 185
398 192
399 174
400 173
401 225
402 257
403 218
404 223
405 241
406 204
407 257
408 221
409 241
410 246
411 182
412 210
413 173
414 177
415 173
416 159
417 158
418 157
419 160
420 130
421 139
422 153
423 139
424 158
425 135
426 150
427 152
428 152
429 130
430 125
431 121
432 110
433 104
434 91
435 99
436 100
437 107
438 77
439 84
440 86
441 70
442 61
443 64
444 80
445 64
446 43
447 45
448 50
449 57
450 45
451 55
452 41
453 35
454 36
455 53
456 38
457 54
458 31
459 27
460 33
461 38
462 34
463 21
464 27
465 18
466 28
467 32
468 26
469 28
470 29
471 20
472 18
473 21
474 17
475 15
476 18
477 14
478 20
479 18
480 15
481 18
482 18
483 17
484 22
485 22
486 19
487 25
488 24
489 26
490 22
491 16
492 24
493 26
494 32
495 31
496 30
497 19
498 19
499 38
500 31
501 27
502 36
503 39
504 33
505 36
506 34
507 44
508 30
509 44
510 40
511 38
512 37
513 26
514 41
515 45
516 41
517 40
518 37
519 44
520 44
521 54
522 55
523 59
524 66
525 55
526 63
527 46
528 50
529 43
530 56
531 62
532 53
533 60
534 56
535 65
536 61
537 60
538 56
539 57
540 63
541 58
542 49
543 53
544 61
545 46
546 44
547 46
548 56
549 62
550 62
551 49
552 44
553 65
554 62
555 47
556 59
557 53
558 51
559 41
560 34
561 48
562 51
563 46
564 41
565 44
566 42
567 62
568 58
569 47
570 48
571 53
572 46
573 49
574 47
575 40
576 48
577 54
578 52
579 45
580 46
581 59
582 53
583 45
584 70
585 46
586 58
587 47
588 50
589 59
590 45
591 54
592 53
593 46
594 40
595 59
596 55
597 61
598 75
599 59
600 51
601 67
602 65
603 39
604 44
605 58
606 43
607 51
608 37
609 39
610 40
611 39
612 32
613 34
614 35
615 37
616 33
617 39
618 26
619 28
620 25
621 35
622 34
623 23
624 23
625 22
626 24
627 25
628 12
629 15
630 21
631 17
632 22
633 25
634 26
635 14
636 19
637 26
638 19
639 21
640 22
641 15
642 21
643 20
644 15
645 25
646 28
647 22
648 35
649 25
650 31
651 34
652 37
653 35
654 35
655 32
656 26
657 41
658 28
659 37
660 38
661 33
662 40
663 28
664 43
665 32
666 37
667 30
668 39
669 47
670 41
671 35
672 52
673 40
674 47
675 60
676 63
677 42
678 36
679 32
680 50
681 43
682 43
683 47
684 44
685 26
686 38
687 39
688 35
689 41
690 46
691 49
692 49
693 49
694 42
695 43
696 47
697 33
698 46
699 37
700 37
701 36
702 32
703 40
704 37
705 30
706 40
707 40
708 36
709 30
710 31
711 24
712 29
713 26
714 34
715 39
716 24
717 24
718 25
719 27
720 25
721 31
722 29
723 25
724 25
725 28
726 32
727 28
728 28
729 22
730 23
731 22
732 19
733 18
734 20
735 16
736 25
737 20
738 24
739 23
740 27
741 27
742 21
743 19
744 22
745 24
746 26
747 21
748 19
749 20
750 19
751 14
752 8
753 20
754 8
755 13
756 12
757 12
758 20
759 9
760 19
761 8
762 15
763 18
764 19
765 17
766 7
767 17
768 19
769 22
770 21
771 32
772 31
773 30
774 16
775 15
776 15
777 19
778 13
779 8
780 23
781 14
782 25
783 25
784 25
785 22
786 36
787 21
788 19
789 29
790 31
791 29
792 28
793 30
794 23
795 39
796 29
797 32
798 37
799 36
800 33
801 29
802 37
803 33
804 32
805 40
806 32
807 42
808 33
809 41
810 46
811 30
812 25
813 22
814 26
815 26
816 24
817 32
818 23
819 19
820 23
821 23
822 30
823 18
824 26
825 19
826 27
827 20
828 25
829 23
830 24
831 28
832 22
833 22
834 17
835 18
836 18
837 16
838 15
839 24
840 19
841 12
842 9
843 10
844 5
845 7
846 8
847 13
848 20
849 13
850 13
851 11
852 13
853 9
854 14
855 17
856 11
857 11
858 12
859 10
860 13
861 10
862 6
863 5
864 6
865 6
866 4
867 6
868 3
869 9
870 2
871 7
872 8
873 6
874 5
875 10
876 3
877 4
878 9
879 4
880 3
881 4
882 8
883 5
884 4
885 6
886 7
887 6
888 5
889 9
890 8
891 8
892 8
893 8
894 7
895 11
896 13
897 7
898 6
899 6
900 11
901 7
902 7
903 6
904 5
906 7
907 7
908 5
909 5
910 5
911 7
912 1
913 4
914 5
915 2
916 3
917 2
918 3
919 3
920 7
921 6
922 5
923 1
924 4
925 2
927 1
928 6
929 3
930 2
931 4
932 8
933 3
934 3
935 4
936 2
937 5
938 3
939 3
940 4
941 5
942 3
943 4
944 2
946 3
947 4
948 2
949 5
950 4
951 2
952 2
953 2
954 5
955 2
956 7
957 2
958 3
959 5
960 3
961 3
962 7
963 4
964 1
965 2
966 2
967 1
968 1
969 3
970 4
971 3
973 5
974 6
975 3
976 4
977 1
978 1
979 4
980 3
981 3
982 9
983 2
984 1
985 3
988 1
992 1
993 1
994 1
995 1
999 3
1000 1
1003 1
1009 1
1010 1
1011 1
1012 1
1014 1
1015 1
1016 1
1023 2
1024 1
1025 2
1026 2
1027 2
1028 3
1029 2
1030 1
1031 2
1032 2
1033 3
1034 1
1035 2
1036 2
1037 2
1038 3
1039 2
1040 2
1041 7
1042 1
1043 2
1044 1
1045 2
1046 2
1048 2
1049 6
1050 7
1051 1
1052 5
1053 1
1054 5
1055 1
1056 3
1057 5
1058 3
1059 1
1060 3
1061 4
1062 2
1063 4
1064 4
1065 3
1066 6
1067 4
1068 1
1070 11
1071 3
1072 8
1073 6
1074 2
1075 4
1076 4
1077 3
1078 4
1079 1
1080 2
1081 1
1082 3
1083 3
1084 1
1085 2
1086 1
1087 4
1088 1
1089 2
1090 1
1091 2
1093 2
1094 2
1097 3
1099 2
1100 1
1101 1
1102 2
1104 1
1105 1
1106 2
1107 4
1108 1
1109 4
1112 3
1113 1
1114 6
1115 1
1116 4
1117 1
1120 1
1121 1
1123 1
1124 4
1126 2
1127 1
1128 2
1129 2
1130 1
1131 3
1133 1
1134 2
1135 2
1137 1
1138 1
1139 1
1140 1
1143 1
1154 1
1156 1
1158 2
1159 1
1161 3
1163 2
1166 2
1167 4
1169 5
1170 2
1171 1
1173 3
1174 2
1175 1
1176 3
1177 6
1178 3
1179 1
1181 2
1182 4
1183 1
1184 1
1185 1
1186 2
1187 2
1188 2
1189 1
1190 3
1191 1
1192 4
1194 1
1196 1
1197 1
1199 3
1201 2
1202 4
1204 2
1207 3
1208 1
1209 3
1210 4
1212 1
1213 2
1214 2
1217 3
1218 2
1220 2
1221 2
1222 3
1223 3
1224 3
1225 4
1226 2
1227 4
1228 2
1229 1
1230 3
1231 3
1232 2
1233 6
1235 1
1237 8
1238 7
1239 3
1240 2
1241 5
1242 1
1243 3
1244 1
1247 4
1248 1
1249 3
1250 1
1251 2
1252 2
1253 1
1257 1
1258 1
1259 1
1260 1
1261 1
1262 2
1264 2
1267 1
1269 2
1271 1
1273 1
1274 1
1276 3
1278 2
1279 2
1280 3
1282 1
1283 1
1284 1
1287 1
1288 1
1289 1
1290 1
1291 2
1293 1
1295 1
1299 2
1300 1
1301 1
1307 1
1309 1
1311 2
1314 4
1315 1
1316 1
1317 2
1318 4
1319 3
1321 6
1322 5
1323 2
1324 2
1325 3
1326 2
1327 4
1328 2
1329 5
1330 5
1331 4
1332 2
1333 5
1334 6
1335 2
1336 9
1337 5
1338 2
1339 4
1341 5
1342 5
1343 4
1344 5
1345 9
1346 6
1347 9
1348 3
1349 2
1350 4
1352 6
1353 6
1354 6
1355 4
1356 2
1357 2
1358 2
1359 6
1360 5
1361 4
1362 5
1363 6
1364 4
1365 5
1366 2
1367 1
1368 3
1370 2
1371 2
1372 2
1373 1
1374 1
1375 2
1376 1
1377 2
1378 3
1380 4
1381 2
1382 1
1386 2
1388 2
1389 1
1390 1
1391 1
1392 1
1394 2
1395 1
1396 3
1397 1
1400 3
1401 2
1402 2
1403 3
1404 2
1405 2
1406 4
1407 1
1408 2
1409 1
1410 2
1411 3
1412 2
1413 1
1414 3
1415 3
1416 3
1418 3
1419 1
1420 2
1422 2
1423 1
1426 1
1427 1
1428 1
1429 1
1430 1
1431 3
1432 1
1433 1
1434 1
1435 1
1436 2
1437 4
1438 2
1439 4
1440 2
1442 1
1443 3
1444 3
1445 5
1446 1
1447 3
1448 6
1449 4
1450 5
1451 7
1452 1
1453 5
1454 8
1455 3
1456 9
1457 1
1458 1
1459 6
1460 7
1461 5
1463 3
1464 7
1465 3
1466 3
1467 7
1468 7
1469 4
1470 6
1471 2
1472 8
1473 1
1474 8
1475 3
1476 8
1477 8
1478 6
1479 4
1480 9
1481 5
1482 6
1483 8
1484 7
1485 1
1486 4
1487 9
1488 2
1489 8
1490 3
1491 6
1492 3
1493 5
1494 10
1495 4
1496 8
1497 3
1498 7
1499 5
1500 6
1501 4
1502 10
1503 10
1504 6
1505 5
1506 3
1507 5
1508 7
1509 5
1510 3
1511 10
1512 4
1513 7
1514 4
1515 6
1516 2
1517 7
1518 5
1519 6
1520 3
1521 6
1522 1
1523 3
1524 5
1525 5
1526 4
1527 4
1528 3
1530 8
1531 1
1532 3
1533 4
1534 2
1535 2
1537 2
1538 1
1539 2
1543 1
1544 1
1551 1
1552 1
1553 2
1555 1
1556 1
1557 2
1558 3
1559 1
1560 1
1561 2
1562 2
1563 2
1565 3
1566 1
1567 4
1568 5
1569 4
1570 4
1571 2
1572 2
1573 3
1574 5
1575 5
1576 3
1577 1
1578 1
1579 1
1580 4
1581 2
1582 1
1583 2
1584 2
1585 3
1586 3
1587 3
1588 2
1589 1
1590 2
1591 1
1593 2
1594 3
1595 4
1596 4
1598 1
1599 1
1600 3
1601 4
1602 1
1603 1
1604 2
1605 5
1606 3
1607 3
1608 7
1609 4
1610 3
1611 1
1612 5
1613 3
1614 4
1615 6
1616 3
1617 3
1618 2
1619 9
1620 5
1621 4
1622 6
1623 7
1624 3
1625 5
1626 6
1627 1
1628 3
1629 3
1630 1
1631 2
1632 6
1633 1
1634 3
1636 3
1637 2
1638 1
1639 1
1640 1
1641 2
1642 2
1646 1
1649 2
1650 1
1655 1
1656 1
1657 1
1659 3
1664 2
1665 2
1667 2
1669 3
1672 1
1673 2
1674 3
1676 2
1677 2
1679 1
1680 4
1682 1
1683 2
1686 3
1687 2
1688 2
1691 1
1692 2
1694 1
1695 1
1696 4
1698 3
1699 2
1701 4
1702 6
1703 2
1705 1
1706 1
1707 2
1709 3
1711 2
1712 2
1713 4
1714 3
1715 5
1716 1
1717 1
1719 2
1720 1
1721 2
1722 1
1724 2
1725 6
1727 3
1728 1
1729 3
1730 2
1731 2
1732 2
1733 3
1734 1
1735 2
1736 2
1737 2
1738 3
1739 1
1740 1
1741 1
1743 3
1744 4
1745 3
1746 2
1747 4
1748 3
1749 2
1750 5
1751 3
1752 4
1753 2
1754 2
1755 3
1756 5
1757 9
1758 5
1759 3
1760 9
1761 3
1762 3
1763 5
1764 5
1765 7
1766 11
1767 5
1768 4
1769 8
1770 5
1771 3
1772 4
1773 1
1774 9
1775 4
1776 2
1777 4
1778 5
1779 5
1780 2
1781 6
1782 6
1783 4
1784 7
1785 4
1786 2
1787 2
1788 1
1789 2
1790 3
1791 4
1793 3
1794 3
1795 6
1796 2
1797 1
1798 2
1799 2
1800 2
1801 1
1802 2
1803 3
1804 1
1805 3
1806 4
1807 1
1808 2
1809 2
1810 2
1811 3
1812 1
1813 1
1814 2
1815 2
1816 1
1818 1
1819 3
1822 2
1823 1
1824 1
1828 2
1829 2
1830 4
1831 2
1832 3
1833 4
1834 1
1835 1
1836 3
1837 5
1838 1
1839 4
1840 1
1841 2
1842 4
1843 4
1844 5
1845 1
1846 1
1847 1
1848 3
1849 1
1850 1
1851 4
1852 3
1853 2
1854 2
1856 2
1857 1
1858 4
1859 4
1860 2
1861 3
1862 2
1863 2
1866 1
1867 1
1868 2
1870 3
1872 1
1873 1
1874 1
1877 3
1879 2
1880 1
1887 1
1888 1
1889 1
1891 2
1896 2
1897 3
1898 2
1899 3
1900 1
1901 2
1902 2
1903 2
1904 2
1905 4
1906 1
1907 5
1908 2
1909 1
1910 9
1911 1
1912 4
1913 3
1914 2
1915 5
1916 8
1917 7
1918 1
1919 4
1920 2
1921 2
1922 4
1923 3
1924 3
1925 3
1926 3
1928 3
1929 2
1930 1
1932 2
1933 2
1934 1
1935 2
1936 1
1939 1
1940 1
1941 1
1944 1
1945 1
1946 1
1947 1
1948 1
1951 1
1953 2
1955 1
1958 1
1960 3
1962 1
1963 1
1964 2
1968 1
1969 1
1970 2
1972 4
1975 1
1976 1
1977 1
1978 2
1979 1
1981 3
1982 2
1983 2
1984 1
1985 1
1986 3
1987 1
1988 1
1989 2
1990 2
1991 3
1992 1
1993 1
1994 4
1995 1
1996 4
1997 3
1998 1
1999 3
2000 3
2001 4
2002 4
2004 2
2006 1
2007 1
2008 1
2009 1
2010 2
2011 4
2012 1
2013 1
2014 1
2015 2
2016 1
2018 3
2019 4
2020 2
2021 3
2022 2
2023 2
2025 3
2026 1
2027 4
2029 3
2030 6
2031 3
2034 4
2035 7
2036 1
2037 3
2038 2
2039 3
2040 3
2041 3
2042 2
2043 1
2044 4
2045 1
2046 5
2047 3
2048 4
2049 4
2050 5
2051 6
2052 3
2053 5
2054 4
2055 1
2056 1
2057 6
2058 2
2059 5
2060 4
2061 5
2062 3
2063 5
2064 2
2065 6
2066 5
2067 4
2068 6
2069 3
2070 6
2071 3
2072 8
2073 4
2074 2
2075 4
2076 6
2077 5
2078 2
2079 3
2080 1
2081 3
2082 2
2084 7
2085 3
2086 2
2087 2
2088 7
2089 1
2090 5
2091 3
2092 5
2093 1
2094 4
2095 4
2096 4
2097 2
2098 3
2099 2
2100 2
2101 3
2102 2
2103 4
2104 4
2105 2
2106 3
2107 2
2108 1
2109 4
2110 1
2111 3
2112 1
2113 3
2114 1
2115 2
2118 1
2120 1
2123 2
2125 1
2128 1
2129 1
2137 1
2138 1
2139 1
2140 3
2141 1
2143 1
2145 1
2147 1
2148 1
2151 3
2154 1
2158 1
2160 1
2161 3
2163 1
2164 2
2165 4
2167 3
2168 3
2169 1
2170 1
2171 2
2172 2
2174 1
2176 3
2177 1
2178 1
2179 1
2180 4
2181 2
2182 1
2183 2
2184 4
2185 2
2186 4
2187 2
2188 4
2190 2
2191 5
2192 1
2193 2
2194 4
2195 3
2196 4
2197 2
2198 2
2199 1
2200 1
2201 4
2202 4
2203 2
2204 2
2206 1
2207 3
2208 4
2209 1
2210 2
2211 2
2214 2
2216 6
2217 1
2218 4
2219 1
2220 1
2221 2
2223 3
2225 1
2226 1
2227 3
2228 1
2231 2
2232 2
2234 2
2238 1
2239 2
2240 1
2242 2
2244 5
2245 3
2246 2
2247 2
2248 1
2250 4
2251 5
2253 1
2254 1
2255 3
2257 1
2258 4
2260 2
2261 4
2262 2
2264 1
2265 2
2266 1
2267 1
2269 2
2271 1
2272 2
2273 2
2274 2
2275 1
2277 1
2278 1
2279 1
2281 2
2282 2
2283 1
2284 1
2285 1
2286 2
2289 1
2290 1
2294 2
2295 1
2296 2
2298 2
2299 2
2300 2
2301 1
2302 1
2303 1
2304 3
2305 2
2307 3
2308 1
2309 1
2310 1
2311 1
2312 3
2314 1
2316 1
2317 1
2318 1
2319 2
2321 2
2324 1
2325 3
2327 1
2330 3
2331 1
2342 1
2343 1
2346 3
2347 2
2348 1
2349 2
2350 1
2352 1
2353 2
2354 3
2356 2
2358 2
2360 2
2362 1
2363 1
2364 2
2366 1
2368 1
2372 3
2376 1
2379 1
2380 1
2381 3
2382 4
2385 1
2386 3
2388 1
2389 2
2392 1
2393 1
2395 1
2398 2
2399 2
2405 2
2408 1
2409 1
2410 1
2412 1
2417 2
2418 2
2419 2
2420 2
2426 1
2427 1
2429 1
2430 1
2431 3
2434 2
2436 3
2437 2
2438 1
2439 2
2440 1
2442 1
2444 1
2446 2
2447 1
2448 2
2449 1
2450 3
2451 2
2453 1
2454 1
2455 3
2456 3
2458 2
2459 1
2460 1
2461 1
2462 2
2463 3
2465 2
2466 1
2467 3
2468 1
2470 1
2474 1
2477 1
2478 1
2479 1
2480 2
2481 1
2482 1
2484 1
2485 1
2488 1
2489 2
2497 1
2588 1
2635 1
2644 1
2758 1
2767 1
2770 1
2953 1
3046 1
3077 1
3105 1
3118 1
3133 1
3139 2
3141 1
3142 1
3154 1
3156 2
3157 1
3212 1
3255 1
3261 1
3320 1
3373 1
3376 1
3380 2
3381 1
3384 1
3444 1
3445 1
3446 1
3503 1
3594 1
3679 1
3762 1
3770 1
3773 1
3774 1
3775 1
3779 1
3782 1
3785 1
3787 1
3804 1
3838 1
3897 1
3902 1
3916 1
4068 1
4080 1
4578 1
4634 1
4650 1
4651 1
4756 1
4762 1
4775 1
4780 1
4790 1
4798 1
4800 1
4909 1
4922 1
4975 1
5078 1
5218 1
5227 1
5238 1
5241 1
5243 1
5246 2
5260 1
5300 1
5334 1
5432 1
5499 1
5702 1
5704 1
5705 1
5715 1
5719 1
5730 1
5744 1
5878 1
6014 1
6156 1
