1 21998946
2 9336332
3 4475665
4 2485173
5 1698251
6 1301653
7 1041907
8 877776
9 814912
10 838416
11 911460
12 998910
13 1069558
14 1109808
15 1115351
16 1088453
17 1051288
18 1001909
19 948321
20 893016
21 844785
22 794610
23 742986
24 684079
25 625571
26 564774
27 500598
28 440283
29 387834
30 340636
31 300535
32 271292
33 249216
34 234403
35 223527
36 217659
37 214872
38 214204
39 212982
40 214372
41 216704
42 218636
43 220336
44 222875
45 227651
46 231357
47 233639
48 237205
49 237818
50 238575
51 238643
52 238657
53 236579
54 234775
55 231784
56 231798
57 230201
58 229644
59 227559
60 227351
61 225600
62 224688
63 221016
64 216685
65 210716
66 203685
67 195009
68 184800
69 172740
70 160283
71 146252
72 132540
73 117370
74 103681
75 89717
76 77397
77 66169
78 55300
79 46143
80 37185
81 30065
82 24195
83 19404
84 15224
85 12037
86 9034
87 7317
88 5695
89 4532
90 3552
91 3032
92 2592
93 2349
94 1981
95 1777
96 1781
97 1610
98 1524
99 1486
100 1478
101 1456
102 1482
103 1444
104 1347
105 1217
106 1137
107 1109
108 992
109 941
110 860
111 896
112 835
113 845
114 729
115 715
116 672
117 669
118 640
119 628
120 611
121 637
122 635
123 653
124 673
125 726
126 680
127 720
128 720
129 746
130 734
131 746
132 735
133 764
134 762
135 713
136 676
137 658
138 704
139 651
140 779
141 690
142 604
143 580
144 544
145 497
146 561
147 495
148 508
149 501
150 460
151 419
152 417
153 380
154 437
155 364
156 352
157 340
158 291
159 267
160 269
161 249
162 218
163 209
164 221
165 196
166 157
167 161
168 163
169 150
170 159
171 142
172 148
173 189
174 186
175 166
176 195
177 201
178 239
179 249
180 238
181 243
182 254
183 258
184 284
185 283
186 287
187 305
188 327
189 325
190 377
191 347
192 357
193 381
194 346
195 346
196 343
197 314
198 274
199 260
200 250
201 261
202 277
203 279
204 287
205 286
206 250
207 245
208 248
209 209
210 196
211 244
212 229
213 181
214 172
215 181
216 169
217 157
218 125
219 151
220 131
221 138
222 153
223 123
224 113
225 112
226 112
227 108
228 118
229 119
230 121
231 97
232 110
233 100
234 111
235 96
236 97
237 62
238 58
239 72
240 67
241 66
242 72
243 79
244 63
245 83
246 74
247 71
248 69
249 64
250 67
251 55
252 76
253 64
254 64
255 56
256 59
257 56
258 63
259 55
260 56
261 52
262 56
263 53
264 56
265 50
266 55
267 50
268 57
269 59
270 71
271 72
272 64
273 53
274 43
275 42
276 43
277 56
278 49
279 59
280 57
281 68
282 62
283 68
284 95
285 111
286 127
287 167
288 190
289 224
290 269
291 301
292 367
293 420
294 468
295 580
296 723
297 750
298 885
299 1004
300 1134
301 1307
302 1541
303 1848
304 2089
305 2466
306 2813
307 3184
308 3781
309 4180
310 4704
311 5405
312 5922
313 6648
314 7491
315 8206
316 9018
317 10334
318 11336
319 12171
320 13601
321 14757
322 16227
323 17551
324 19480
325 20709
326 22383
327 23731
328 25897
329 27734
330 29189
331 31325
332 33135
333 35370
334 37097
335 38944
336 41258
337 42769
338 45273
339 47354
340 48714
341 50850
342 53058
343 55053
344 57225
345 58894
346 61180
347 63068
348 64950
349 66809
350 68197
351 70247
352 71508
353 73082
354 74597
355 75794
356 77060
357 78286
358 80074
359 81212
360 82886
361 83431
362 85004
363 85873
364 86540
365 87467
366 88320
367 88304
368 89337
369 89346
370 89734
371 90129
372 90382
373 89885
374 89603
375 89524
376 88244
377 87781
378 87257
379 86248
380 84745
381 84673
382 82997
383 81757
384 80641
385 78325
386 76943
387 75157
388 73457
389 71896
390 69576
391 66631
392 64985
393 62552
394 59697
395 57848
396 54524
397 52645
398 50001
399 47407
400 45360
401 42681
402 40706
403 38587
404 35996
405 33886
406 32215
407 29647
408 27660
409 25658
410 23923
411 22307
412 20386
413 18925
414 17131
415 15709
416 14450
417 13147
418 12117
419 11141
420 10038
421 9121
422 8274
423 7469
424 6777
425 6075
426 5431
427 4752
428 4399
429 3888
430 3442
431 3077
432 2651
433 2414
434 2121
435 1853
436 1618
437 1431
438 1215
439 1039
440 989
441 757
442 781
443 640
444 591
445 493
446 436
447 373
448 364
449 299
450 242
451 196
452 194
453 160
454 157
455 119
456 103
457 90
458 67
459 66
460 65
461 60
462 38
463 41
464 35
465 50
466 52
467 56
468 57
469 52
470 54
471 43
472 48
473 55
474 57
475 67
476 59
477 41
478 61
479 69
480 47
481 56
482 63
483 57
484 64
485 47
486 55
487 48
488 59
489 49
490 50
491 57
492 48
493 52
494 35
495 46
496 35
497 42
498 30
499 31
500 31
501 30
502 43
503 25
504 37
505 32
506 27
507 22
508 28
509 31
510 24
511 32
512 32
513 35
514 35
515 23
516 29
517 30
518 26
519 25
520 23
521 24
522 15
523 25
524 15
525 27
526 26
527 28
528 28
529 21
530 29
531 27
532 20
533 25
534 26
535 23
536 22
537 27
538 26
539 18
540 22
541 23
542 28
543 21
544 18
545 20
546 17
547 23
548 16
549 23
550 10
551 16
552 13
553 7
554 10
555 16
556 20
557 22
558 14
559 17
560 16
561 11
562 16
563 15
564 14
565 16
566 10
567 10
568 18
569 19
570 9
571 12
572 7
573 19
574 26
575 9
576 19
577 15
578 21
579 14
580 12
581 18
582 15
583 8
584 9
585 11
586 9
587 9
588 2
589 5
590 4
591 9
592 6
593 3
594 7
595 11
596 4
597 8
598 7
599 5
600 4
601 3
602 1
603 4
605 3
607 4
608 1
609 4
610 4
611 4
612 11
613 9
614 8
615 9
616 5
617 4
618 2
619 11
620 4
621 5
622 9
623 7
624 9
625 8
626 6
627 6
628 6
629 4
630 4
631 8
632 11
633 5
634 6
635 10
636 15
637 16
638 17
639 20
640 17
641 9
642 16
643 24
644 19
645 35
646 22
647 20
648 37
649 35
650 39
651 39
652 50
653 64
654 62
655 65
656 66
657 67
658 75
659 74
660 73
661 97
662 97
663 105
664 109
665 112
666 126
667 126
668 132
669 139
670 152
671 147
672 130
673 122
674 162
675 145
676 146
677 183
678 196
679 197
680 210
681 184
682 223
683 196
684 188
685 206
686 216
687 219
688 229
689 237
690 248
691 228
692 245
693 264
694 254
695 219
696 251
697 221
698 251
699 221
700 265
701 258
702 245
703 249
704 284
705 270
706 271
707 293
708 250
709 273
710 286
711 303
712 242
713 262
714 258
715 289
716 271
717 249
718 229
719 255
720 256
721 250
722 267
723 283
724 306
725 239
726 258
727 242
728 251
729 260
730 278
731 285
732 252
733 300
734 258
735 272
736 257
737 271
738 255
739 250
740 258
741 244
742 239
743 250
744 257
745 262
746 236
747 261
748 262
749 241
750 235
751 248
752 253
753 279
754 263
755 257
756 259
757 254
758 237
759 240
760 253
761 242
762 261
763 270
764 272
765 254
766 255
767 250
768 297
769 260
770 258
771 264
772 256
773 263
774 258
775 246
776 214
777 254
778 242
779 232
780 216
781 191
782 212
783 206
784 193
785 195
786 195
787 164
788 163
789 180
790 126
791 154
792 150
793 139
794 114
795 130
796 109
797 97
798 98
799 107
800 83
801 79
802 88
803 77
804 81
805 74
806 70
807 58
808 54
809 58
810 46
811 37
812 43
813 40
814 42
815 40
816 43
817 23
818 28
819 29
820 34
821 33
822 21
823 36
824 33
825 30
826 17
827 30
828 17
829 11
830 12
831 14
832 12
833 9
834 13
835 14
836 14
837 16
838 13
839 17
840 16
841 10
842 9
843 8
844 10
845 5
846 11
847 15
848 8
849 12
850 17
851 15
852 11
853 12
854 17
855 14
856 24
857 14
858 17
859 17
860 12
861 19
862 10
863 18
864 8
865 11
866 22
867 13
868 16
869 17
870 10
871 12
872 14
873 15
874 10
875 6
876 12
877 8
878 11
879 8
880 5
881 14
882 9
883 8
884 11
885 7
886 7
887 11
888 8
889 6
890 10
891 4
892 11
893 12
894 10
895 12
896 8
897 7
898 12
899 8
900 7
901 4
902 8
903 4
904 2
905 7
906 4
907 3
908 4
909 6
910 6
911 2
912 6
913 8
914 5
915 3
916 2
917 3
918 11
919 4
920 6
921 3
922 3
923 6
924 3
925 8
926 2
927 11
928 5
929 3
930 6
931 9
932 7
933 11
934 6
935 12
936 7
937 12
938 8
939 3
940 14
941 13
942 7
943 10
944 10
945 12
946 6
947 15
948 11
949 9
950 15
951 8
952 8
953 2
954 10
955 5
956 9
957 9
958 7
959 8
960 6
961 11
962 9
963 17
964 13
965 12
966 15
967 16
968 18
969 18
970 10
971 10
972 13
973 11
974 16
975 14
976 19
977 12
978 17
979 18
980 14
981 27
982 12
983 26
984 20
985 16
986 13
987 20
988 26
989 26
990 33
991 31
992 31
993 23
994 25
995 30
996 29
997 29
998 33
999 37
1000 31
1001 42
1002 48
1003 46
1004 47
1005 48
1006 55
1007 49
1008 53
1009 57
1010 62
1011 77
1012 68
1013 69
1014 81
1015 63
1016 66
1017 70
1018 78
1019 79
1020 86
1021 64
1022 75
1023 95
1024 92
1025 110
1026 85
1027 105
1028 95
1029 95
1030 121
1031 111
1032 88
1033 109
1034 103
1035 110
1036 109
1037 123
1038 131
1039 117
1040 146
1041 124
1042 102
1043 126
1044 120
1045 149
1046 121
1047 136
1048 127
1049 145
1050 119
1051 140
1052 140
1053 142
1054 156
1055 129
1056 125
1057 127
1058 129
1059 149
1060 130
1061 141
1062 125
1063 148
1064 155
1065 140
1066 151
1067 124
1068 134
1069 130
1070 115
1071 119
1072 109
1073 122
1074 125
1075 121
1076 106
1077 96
1078 95
1079 82
1080 91
1081 75
1082 72
1083 70
1084 82
1085 81
1086 63
1087 60
1088 80
1089 71
1090 65
1091 60
1092 63
1093 69
1094 51
1095 73
1096 51
1097 43
1098 54
1099 43
1100 52
1101 39
1102 49
1103 50
1104 41
1105 33
1106 44
1107 57
1108 45
1109 45
1110 42
1111 30
1112 34
1113 21
1114 34
1115 38
1116 28
1117 21
1118 33
1119 24
1120 30
1121 34
1122 30
1123 24
1124 33
1125 19
1126 42
1127 29
1128 22
1129 27
1130 29
1131 19
1132 16
1133 33
1134 22
1135 26
1136 21
1137 22
1138 18
1139 17
1140 20
1141 15
1142 16
1143 19
1144 22
1145 21
1146 19
1147 16
1148 8
1149 22
1150 18
1151 16
1152 20
1153 23
1154 24
1155 20
1156 18
1157 35
1158 19
1159 22
1160 16
1161 21
1162 15
1163 13
1164 16
1165 14
1166 15
1167 15
1168 23
1169 20
1170 8
1171 12
1172 12
1173 16
1174 15
1175 8
1176 17
1177 9
1178 10
1179 20
1180 21
1181 19
1182 17
1183 15
1184 16
1185 20
1186 20
1187 23
1188 18
1189 19
1190 16
1191 18
1192 28
1193 21
1194 16
1195 25
1196 13
1197 20
1198 17
1199 17
1200 16
1201 12
1202 13
1203 16
1204 12
1205 20
1206 13
1207 15
1208 9
1209 11
1210 4
1211 14
1212 14
1213 10
1214 9
1215 17
1216 6
1217 12
1218 11
1219 8
1220 10
1221 9
1222 16
1223 7
1224 9
1225 7
1226 11
1227 2
1228 12
1229 7
1230 6
1231 6
1232 4
1233 2
1234 11
1235 7
1236 7
1237 6
1238 4
1239 8
1240 5
1241 6
1242 12
1243 9
1244 7
1245 9
1246 5
1247 7
1248 5
1249 7
1250 6
1251 8
1252 3
1253 7
1254 5
1255 7
1256 5
1257 6
1258 6
1259 5
1261 2
1262 1
1264 4
1265 2
1266 8
1267 1
1268 4
1269 4
1270 3
1271 2
1272 5
1273 2
1274 4
1275 3
1276 1
1277 1
1278 4
1280 2
1281 3
1282 1
1283 2
1284 1
1285 1
1286 2
1288 1
1290 1
1291 1
1293 2
1294 1
1296 1
1297 2
1298 1
1299 4
1300 2
1302 1
1303 3
1304 1
1305 1
1307 4
1308 3
1309 2
1310 1
1311 1
1312 1
1314 1
1315 5
1316 1
1317 1
1318 2
1319 1
1320 4
1321 2
1322 1
1323 2
1324 4
1325 3
1326 2
1327 6
1328 6
1329 4
1330 7
1331 6
1332 10
1333 7
1334 11
1335 10
1336 13
1337 5
1338 8
1339 6
1340 7
1341 16
1342 11
1343 9
1344 10
1345 6
1346 8
1347 11
1348 12
1349 14
1350 11
1351 12
1352 15
1353 12
1354 29
1355 14
1356 18
1357 17
1358 13
1359 20
1360 14
1361 15
1362 23
1363 26
1364 21
1365 19
1366 25
1367 17
1368 21
1369 27
1370 17
1371 20
1372 22
1373 21
1374 27
1375 26
1376 24
1377 24
1378 25
1379 29
1380 29
1381 31
1382 25
1383 27
1384 32
1385 30
1386 33
1387 31
1388 34
1389 20
1390 38
1391 34
1392 41
1393 28
1394 40
1395 32
1396 29
1397 35
1398 39
1399 38
1400 28
1401 41
1402 30
1403 48
1404 43
1405 36
1406 54
1407 32
1408 35
1409 52
1410 35
1411 26
1412 33
1413 28
1414 30
1415 34
1416 27
1417 44
1418 31
1419 40
1420 39
1421 36
1422 41
1423 28
1424 40
1425 27
1426 29
1427 33
1428 39
1429 36
1430 40
1431 28
1432 33
1433 25
1434 27
1435 29
1436 27
1437 20
1438 24
1439 32
1440 21
1441 20
1442 25
1443 25
1444 21
1445 28
1446 30
1447 23
1448 33
1449 35
1450 19
1451 29
1452 33
1453 39
1454 30
1455 26
1456 26
1457 14
1458 26
1459 26
1460 27
1461 23
1462 14
1463 22
1464 26
1465 20
1466 16
1467 24
1468 24
1469 17
1470 14
1471 33
1472 29
1473 32
1474 10
1475 19
1476 34
1477 22
1478 28
1479 30
1480 25
1481 24
1482 29
1483 34
1484 27
1485 25
1486 38
1487 34
1488 23
1489 21
1490 30
1491 23
1492 27
1493 24
1494 34
1495 28
1496 38
1497 25
1498 38
1499 34
1500 35
1501 22
1502 39
1503 22
1504 36
1505 34
1506 30
1507 37
1508 38
1509 41
1510 30
1511 31
1512 37
1513 43
1514 41
1515 40
1516 26
1517 23
1518 41
1519 29
1520 26
1521 30
1522 21
1523 24
1524 26
1525 18
1526 31
1527 22
1528 25
1529 22
1530 26
1531 17
1532 14
1533 13
1534 20
1535 16
1536 27
1537 22
1538 15
1539 19
1540 26
1541 19
1542 26
1543 23
1544 18
1545 22
1546 19
1547 18
1548 22
1549 27
1550 18
1551 22
1552 22
1553 15
1554 21
1555 21
1556 15
1557 17
1558 14
1559 15
1560 18
1561 11
1562 18
1563 14
1564 22
1565 16
1566 13
1567 16
1568 20
1569 14
1570 18
1571 12
1572 21
1573 17
1574 21
1575 7
1576 13
1577 13
1578 9
1579 14
1580 5
1581 9
1582 11
1583 8
1584 3
1585 8
1586 7
1587 2
1589 6
1590 2
1592 2
1593 5
1594 2
1595 1
1596 2
1597 1
1598 1
1599 2
1601 4
1602 1
1603 5
1604 1
1605 2
1606 4
1607 3
1608 3
1609 4
1611 2
1612 2
1613 1
1614 2
1615 1
1616 1
1617 3
1618 1
1619 4
1620 3
1621 3
1622 6
1623 5
1624 5
1625 4
1626 1
1627 1
1628 4
1629 2
1630 1
1631 2
1633 1
1634 2
1636 2
1637 2
1640 2
1641 1
1642 3
1643 1
1644 2
1645 2
1646 2
1647 1
1649 3
1650 2
1651 1
1652 2
1653 2
1654 3
1656 3
1657 7
1659 6
1660 4
1661 4
1662 1
1663 6
1664 3
1666 7
1667 3
1668 7
1670 4
1671 6
1672 9
1673 5
1674 4
1675 7
1676 9
1677 7
1678 5
1679 11
1680 4
1681 3
1682 5
1683 7
1684 8
1685 9
1686 3
1687 6
1688 6
1689 9
1690 10
1691 5
1692 6
1693 9
1694 5
1695 10
1696 9
1697 12
1698 11
1699 10
1700 12
1701 10
1702 10
1703 7
1704 8
1705 14
1706 6
1707 6
1708 13
1709 9
1710 11
1711 16
1712 8
1713 14
1714 11
1715 13
1716 11
1717 11
1718 18
1719 10
1720 15
1721 13
1722 9
1723 20
1724 11
1725 16
1726 12
1727 23
1728 19
1729 18
1730 12
1731 14
1732 21
1733 22
1734 20
1735 24
1736 16
1737 24
1738 21
1739 23
1740 17
1741 23
1742 24
1743 23
1744 31
1745 25
1746 28
1747 18
1748 21
1749 16
1750 24
1751 18
1752 26
1753 17
1754 27
1755 26
1756 21
1757 19
1758 20
1759 16
1760 23
1761 23
1762 27
1763 28
1764 19
1765 23
1766 25
1767 26
1768 35
1769 23
1770 26
1771 33
1772 29
1773 22
1774 20
1775 19
1776 18
1777 25
1778 15
1779 22
1780 22
1781 20
1782 16
1783 19
1784 24
1785 14
1786 15
1787 20
1788 14
1789 21
1790 11
1791 17
1792 19
1793 17
1794 15
1795 12
1796 7
1797 8
1798 8
1799 11
1800 5
1801 7
1802 7
1803 8
1804 10
1805 6
1806 5
1807 5
1808 10
1809 5
1810 4
1811 2
1812 6
1813 5
1814 5
1815 3
1816 4
1817 2
1818 5
1819 2
1820 7
1821 5
1822 8
1823 4
1824 3
1825 2
1826 4
1827 6
1828 5
1829 4
1830 5
1831 6
1832 3
1833 6
1834 3
1835 6
1836 8
1837 5
1838 9
1839 6
1840 8
1841 11
1842 6
1843 10
1844 3
1845 6
1846 6
1847 8
1848 5
1849 6
1850 8
1851 5
1852 4
1853 9
1854 6
1855 10
1856 5
1857 13
1858 6
1859 5
1860 5
1861 17
1862 13
1863 10
1864 9
1865 10
1866 9
1867 10
1868 13
1869 10
1870 15
1871 12
1872 5
1873 11
1874 9
1875 11
1876 8
1877 11
1878 6
1879 12
1880 13
1881 14
1882 15
1883 14
1884 8
1885 10
1886 10
1887 21
1888 16
1889 12
1890 15
1891 14
1892 23
1893 14
1894 9
1895 16
1896 12
1897 5
1898 11
1899 12
1900 10
1901 12
1902 7
1903 12
1904 11
1905 14
1906 10
1907 10
1908 17
1909 13
1910 7
1911 8
1912 10
1913 11
1914 9
1915 14
1916 11
1917 14
1918 9
1919 15
1920 16
1921 8
1922 15
1923 13
1924 9
1925 19
1926 16
1927 8
1928 9
1929 13
1930 12
1931 20
1932 11
1933 19
1934 14
1935 17
1936 15
1937 14
1938 11
1939 11
1940 12
1941 14
1942 7
1943 10
1944 16
1945 12
1946 6
1947 5
1948 4
1949 5
1950 5
1951 9
1952 5
1953 5
1954 7
1955 3
1956 4
1957 6
1958 6
1959 4
1960 4
1961 4
1962 1
1963 4
1965 3
1966 1
1967 2
1968 1
1969 1
1970 2
1971 1
1972 2
1974 4
1975 1
1976 2
1978 3
1980 3
1981 2
1982 1
1983 2
1984 3
1985 2
1988 3
1989 2
1990 1
1991 3
1992 5
1993 4
1994 3
1995 3
1996 3
1997 5
1998 7
1999 2
2000 2
2001 5
2002 4
2003 4
2004 11
2005 4
2006 13
2007 3
2008 8
2009 6
2010 7
2011 4
2012 3
2013 9
2014 8
2015 9
2016 9
2017 7
2018 6
2019 6
2020 6
2021 5
2022 5
2023 12
2024 2
2025 6
2026 5
2027 6
2028 8
2029 6
2030 9
2031 13
2032 7
2033 10
2034 11
2035 10
2036 6
2037 2
2038 7
2039 9
2040 9
2041 11
2042 19
2043 7
2044 7
2045 7
2046 6
2047 10
2048 13
2049 10
2050 12
2051 9
2052 9
2053 8
2054 8
2055 7
2056 12
2057 10
2058 10
2059 11
2060 13
2061 7
2062 14
2063 15
2064 8
2065 16
2066 15
2067 15
2068 13
2069 15
2070 22
2071 18
2072 21
2073 19
2074 18
2075 23
2076 24
2077 29
2078 15
2079 26
2080 16
2081 25
2082 22
2083 22
2084 14
2085 19
2086 21
2087 10
2088 20
2089 25
2090 23
2091 17
2092 29
2093 22
2094 16
2095 19
2096 15
2097 12
2098 22
2099 17
2100 18
2101 14
2102 13
2103 22
2104 17
2105 19
2106 19
2107 16
2108 14
2109 22
2110 16
2111 18
2112 20
2113 18
2114 15
2115 14
2116 17
2117 15
2118 13
2119 14
2120 8
2121 13
2122 14
2123 16
2124 8
2125 20
2126 11
2127 17
2128 16
2129 20
2130 7
2131 10
2132 13
2133 19
2134 19
2135 15
2136 13
2137 16
2138 23
2139 18
2140 18
2141 11
2142 12
2143 11
2144 11
2145 11
2146 11
2147 15
2148 3
2149 6
2150 6
2151 10
2152 4
2153 7
2154 7
2155 12
2156 9
2157 7
2158 7
2159 10
2160 9
2161 8
2162 11
2163 9
2164 3
2165 11
2166 9
2167 11
2168 4
2169 8
2170 5
2171 4
2172 4
2173 2
2174 7
2175 6
2176 3
2177 5
2178 2
2179 2
2180 7
2181 7
2182 3
2183 7
2184 5
2185 8
2186 6
2187 3
2188 9
2189 2
2190 2
2191 5
2192 5
2193 3
2194 2
2195 3
2196 2
2197 5
2199 1
2200 2
2201 1
2202 2
2203 3
2204 1
2205 1
2206 1
2207 1
2208 2
2209 2
2210 3
2212 3
2213 4
2215 3
2217 4
2219 2
2220 1
2221 2
2222 3
2223 1
2225 5
2226 2
2228 1
2230 1
2231 1
2232 5
2233 5
2234 2
2235 4
2237 2
2238 1
2240 2
2241 3
2243 1
2245 1
2246 1
2247 1
2248 3
2249 3
2250 1
2251 3
2252 1
2254 1
2255 2
2256 1
2257 1
2258 4
2260 5
2261 3
2262 3
2263 2
2264 5
2265 1
2266 5
2267 5
2268 4
2269 4
2270 6
2271 2
2272 3
2273 3
2274 2
2275 3
2276 5
2277 1
2278 3
2279 7
2280 4
2281 2
2282 6
2283 10
2284 8
2285 2
2286 4
2287 9
2288 6
2290 4
2291 1
2292 3
2293 7
2294 3
2295 2
2296 4
2297 4
2298 5
2299 3
2300 3
2301 5
2302 4
2303 1
2304 3
2305 4
2306 8
2307 2
2308 2
2309 1
2311 6
2312 5
2313 2
2314 1
2315 2
2316 3
2318 1
2320 2
2321 2
2322 1
2323 1
2325 1
2327 2
2329 1
2330 1
2331 1
2334 2
2335 1
2336 1
2338 3
2339 2
2342 2
2343 2
2345 1
2346 2
2348 1
2349 1
2351 1
2352 2
2353 3
2354 1
2355 1
2357 2
2358 1
2359 1
2360 3
2361 2
2362 6
2363 1
2364 1
2365 4
2366 3
2367 2
2369 7
2371 2
2372 3
2373 1
2374 5
2375 1
2376 3
2377 1
2378 2
2379 3
2380 1
2381 2
2383 2
2384 2
2386 1
2387 2
2388 1
2389 2
2390 2
2391 1
2392 3
2393 1
2394 1
2395 4
2397 1
2398 2
2399 3
2400 4
2401 4
2402 2
2403 4
2404 4
2405 2
2406 2
2407 2
2408 3
2409 2
2410 1
2411 2
2412 5
2413 2
2414 1
2415 2
2416 3
2417 2
2418 4
2419 1
2421 2
2422 3
2423 1
2424 1
2427 2
2429 1
2430 1
2431 2
2432 1
2434 2
2435 3
2436 2
2437 1
2438 2
2439 2
2440 2
2441 2
2442 3
2443 1
2444 2
2445 3
2446 4
2447 1
2448 1
2449 2
2450 4
2451 4
2453 2
2454 5
2455 3
2456 1
2457 3
2458 2
2459 3
2460 3
2461 1
2462 1
2463 1
2464 3
2465 3
2466 3
2467 1
2468 1
2469 2
2470 4
2471 1
2472 3
2473 1
2475 1
2476 2
2477 2
2478 2
2479 3
2480 1
2481 4
2482 2
2483 1
2484 1
2485 2
2486 5
2487 1
2488 3
2489 3
2491 1
2492 1
2493 2
2494 2
2495 1
2497 1
2498 2
2499 4
2500 2
2501 3
2503 2
2504 1
2505 1
2506 1
2508 1
2510 2
2511 1
2515 1
2517 2
2533 1
2557 1
2560 1
2562 1
2565 3
2571 1
2572 1
2580 1
2582 1
2586 2
2590 1
2592 1
2598 1
2601 1
2612 1
2616 1
2625 1
2640 1
2647 2
2650 1
2651 1
2653 1
2655 1
2659 1
2666 1
2673 1
2680 1
2682 1
2683 1
2684 1
2685 1
2686 1
2687 3
2689 1
2697 1
2699 1
2701 1
2703 1
2704 1
2706 1
2711 1
2712 1
2713 1
2715 1
2718 1
2719 2
2721 1
2722 2
2723 1
2724 2
2725 1
2726 1
2728 2
2730 1
2731 1
2732 1
2733 2
2734 4
2735 1
2736 2
2737 1
2738 2
2740 1
2741 1
2744 1
2746 3
2747 2
2749 1
2750 1
2751 4
2753 1
2754 1
2755 2
2756 1
2757 2
2758 3
2760 3
2761 2
2762 2
2763 3
2764 1
2765 3
2766 1
2767 2
2768 2
2769 1
2770 1
2771 1
2773 1
2774 3
2775 1
2776 5
2777 3
2778 2
2779 2
2780 1
2781 5
2782 1
2783 1
2784 1
2785 2
2786 1
2787 4
2790 1
2791 1
2798 1
2801 1
2802 1
2803 1
2804 3
2806 1
2807 1
2808 2
2809 1
2810 3
2812 1
2814 1
2818 1
2821 1
2822 1
2823 1
2825 2
2826 3
2827 4
2829 3
2830 1
2831 3
2832 2
2833 1
2834 2
2835 2
2836 2
2837 3
2838 2
2839 2
2840 3
2841 2
2842 5
2844 4
2845 2
2846 1
2848 2
2849 1
2852 1
2854 2
2855 2
2856 1
2857 2
2858 2
2861 1
2863 4
2864 2
2867 1
2868 1
2869 2
2871 1
2872 1
2873 1
2876 1
2878 1
2883 1
2886 1
2887 1
2889 2
2890 3
2892 1
2896 1
2897 1
2899 1
2900 2
2901 1
2905 1
2923 1
2940 1
2953 1
2968 1
2976 1
2978 1
2988 1
2992 1
3011 1
3012 1
3013 1
3017 2
3022 2
3025 1
3027 1
3028 1
3031 1
3034 3
3035 1
3041 1
3045 1
3048 1
3049 2
3055 1
3060 1
3076 1
3087 1
3088 1
3097 1
3100 1
3101 3
3103 1
3104 2
3106 2
3107 1
3108 1
3111 1
3115 1
3119 1
3121 1
3122 1
3123 1
3124 2
3127 1
3129 1
3131 1
3133 1
3134 1
3135 4
3137 1
3140 1
3141 2
3143 1
3144 3
3147 1
3149 2
3150 2
3151 1
3152 1
3153 2
3154 1
3155 2
3157 3
3158 2
3159 3
3160 1
3161 1
3162 1
3163 1
3164 2
3165 2
3166 3
3167 1
3168 2
3169 1
3170 3
3171 3
3172 2
3173 1
3174 2
3175 4
3176 5
3177 4
3178 1
3179 2
3180 2
3181 1
3182 4
3183 1
3184 2
3186 2
3187 2
3188 4
3189 2
3190 1
3191 1
3193 1
3194 2
3195 2
3196 3
3197 2
3198 1
3199 2
3200 1
3201 1
3203 2
3204 2
3205 1
3206 1
3207 1
3208 2
3209 3
3213 1
3214 1
3218 2
3221 2
3222 2
3225 2
3230 2
3233 1
3234 1
3235 2
3237 3
3238 2
3239 2
3240 1
3241 1
3242 2
3243 2
3245 1
3248 1
3249 1
3252 1
3255 1
3281 1
3320 1
3354 1
3379 1
3384 1
3391 2
3398 3
3400 3
3401 1
3404 3
3405 2
3409 1
3410 1
3411 1
3412 1
3413 2
3414 1
3415 1
3416 1
3417 1
3418 1
3420 1
3421 1
3424 1
3425 3
3426 2
3430 1
3445 1
3447 1
3449 1
3457 1
3465 1
3466 1
3468 2
3470 2
3472 1
3474 1
3476 1
3477 2
3479 1
3481 1
3482 3
3484 1
3485 2
3487 1
3488 4
3489 1
3490 2
3491 2
3492 3
3493 3
3494 2
3496 1
3497 1
3499 3
3501 5
3502 3
3505 3
3506 5
3507 5
3508 2
3509 4
3510 1
3511 2
3512 2
3513 3
3514 4
3515 4
3516 4
3517 1
3518 1
3519 5
3520 3
3521 1
3522 1
3524 2
3525 4
3526 2
3527 1
3528 3
3529 2
3530 1
3531 1
3532 2
3533 2
3534 1
3535 3
3536 3
3537 1
3538 1
3539 4
3540 3
3541 1
3542 2
3543 3
3544 3
3545 3
3546 2
3547 2
3548 1
3549 4
3550 1
3551 2
3552 2
3553 6
3554 2
3556 4
3558 2
3559 2
3560 1
3561 1
3562 3
3563 1
3564 3
3565 3
3566 4
3567 1
3568 4
3569 3
3570 2
3571 2
3572 5
3573 2
3574 1
3575 2
3576 3
3578 2
3580 1
3583 1
3586 1
3587 1
3588 2
3589 1
3591 2
3592 1
3593 3
3595 2
3597 2
3600 1
3601 2
3602 2
3603 1
3605 1
3608 1
3609 1
3610 3
3611 1
3613 1
3624 1
3626 1
3631 1
3637 1
3639 1
3668 1
3672 1
3686 1
3704 1
3715 1
3717 1
3723 1
3724 2
3725 1
3726 1
3728 1
3729 2
3730 1
3731 1
3732 1
3733 1
3734 3
3736 1
3737 4
3738 3
3740 1
3741 3
3742 4
3743 4
3744 1
3745 1
3748 1
3750 2
3752 1
3754 1
3755 2
3757 2
3758 2
3760 1
3765 1
3769 1
3772 1
3775 1
3779 1
3782 1
3784 1
3785 1
3786 1
3788 1
3789 1
3790 3
3792 1
3793 1
3794 2
3796 1
3797 1
3798 1
3800 1
3801 4
3803 2
3804 3
3805 3
3806 3
3808 3
3809 2
3810 1
3811 3
3812 5
3813 5
3814 1
3815 4
3816 1
3817 5
3818 2
3819 5
3820 3
3822 4
3823 3
3824 3
3826 4
3827 2
3828 6
3829 3
3830 8
3832 5
3833 8
3834 2
3835 1
3836 4
3837 3
3838 3
3839 5
3840 4
3841 1
3842 2
3843 5
3844 1
3845 4
3846 5
3848 4
3849 3
3850 4
3851 2
3852 2
3853 2
3854 1
3855 4
3856 1
3857 4
3858 1
3859 5
3860 4
3861 1
3862 2
3863 3
3864 1
3866 2
3867 6
3869 2
3870 4
3871 7
3872 1
3873 3
3874 5
3875 5
3876 13
3877 5
3878 7
3879 3
3880 5
3881 6
3882 5
3883 6
3884 9
3885 6
3886 2
3887 4
3888 4
3889 3
3890 4
3891 2
3892 5
3893 5
3894 9
3895 2
3896 4
3897 6
3899 4
3900 3
3901 6
3902 1
3904 1
3905 1
3906 2
3907 1
3908 2
3909 3
3910 1
3912 3
3913 3
3915 2
3916 2
3918 3
3922 1
3923 2
3924 2
3925 1
3926 3
3927 1
3928 3
3930 4
3931 1
3932 3
3934 4
3935 2
3936 5
3937 1
3939 3
3940 2
3941 2
3942 1
3943 2
3946 1
3949 1
3950 3
3951 1
3955 1
3956 1
3976 1
3990 2
3993 1
4002 1
4003 1
4009 1
4012 1
4015 1
4017 2
4020 1
4026 1
4031 3
4033 1
4034 1
4037 1
4048 1
4073 1
4074 1
4075 1
4076 1
4077 1
4078 1
4080 2
4081 2
4083 1
4085 1
4088 2
4090 1
4091 5
4093 1
4094 2
4095 2
4096 1
4097 2
4098 1
4101 2
4102 5
4104 3
4106 2
4107 3
4108 1
4109 3
4110 2
4114 2
4119 1
4120 2
4122 1
4123 2
4124 2
4125 1
4127 3
4128 2
4129 2
4140 1
4141 1
4147 2
4149 2
4150 1
4151 1
4156 1
4158 1
4159 1
4160 1
4161 1
4163 2
4164 3
4165 2
4166 2
4168 2
4173 1
4174 2
4175 1
4176 4
4177 4
4178 1
4179 1
4180 2
4183 2
4184 2
4185 1
4187 3
4188 2
4190 3
4191 2
4192 3
4193 2
4194 1
4198 1
4199 2
4200 1
4201 1
4202 1
4203 1
4204 2
4205 3
4206 4
4207 2
4208 3
4209 5
4210 1
4211 2
4212 1
4214 3
4215 1
4216 1
4217 2
4218 4
4219 4
4222 4
4223 4
4225 2
4227 2
4228 2
4229 2
4231 1
4232 1
4235 2
4236 2
4237 3
4238 1
4240 1
4241 1
4244 1
4245 2
4247 2
4248 1
4249 1
4250 1
4251 2
4252 1
4255 1
4258 1
4259 2
4260 1
4262 3
4264 2
4266 1
4267 1
4268 2
4270 3
4275 2
4278 1
4281 1
4286 1
4288 1
4292 1
4293 1
4296 1
4298 1
4300 1
4301 1
4302 1
4307 1
4311 1
4316 1
4324 1
4326 1
4328 1
4329 1
4332 2
4337 1
4355 1
4360 1
4361 2
4365 1
4367 2
4368 1
4380 1
4382 1
4393 1
4427 1
4432 1
4434 1
4438 1
4440 2
4442 1
4445 1
4446 1
4447 1
4450 2
4451 2
4452 3
4453 4
4454 1
4456 1
4457 1
4459 1
4460 1
4463 1
4464 1
4470 1
4475 2
4476 1
4480 1
4481 1
4482 1
4483 2
4485 2
4487 3
4488 4
4489 2
4490 2
4491 2
4492 1
4497 2
4498 2
4499 3
4501 1
4502 2
4503 2
4505 3
4506 3
4507 2
4508 1
4509 1
4510 1
4511 4
4513 2
4515 1
4516 2
4517 1
4518 2
4519 2
4521 2
4523 1
4524 1
4527 2
4529 1
4530 1
4531 1
4532 1
4533 2
4535 1
4536 4
4537 1
4538 2
4540 1
4541 3
4542 2
4543 1
4544 1
4546 4
4547 2
4548 1
4549 1
4550 4
4551 1
4552 3
4553 2
4554 4
4555 2
4556 1
4557 5
4558 1
4559 2
4560 1
4561 1
4562 3
4563 1
4564 1
4565 2
4566 3
4568 3
4569 1
4572 1
4574 3
4575 2
4576 4
4577 1
4578 5
4579 1
4581 2
4582 1
4583 1
4584 2
4586 1
4587 1
4588 1
4590 3
4591 1
4592 3
4594 1
4595 5
4596 1
4598 2
4600 1
4601 2
4602 1
4603 2
4604 2
4605 2
4606 1
4607 1
4609 3
4611 1
4612 1
4613 1
4615 1
4616 1
4617 1
4619 2
4623 1
4628 1
4630 1
4632 1
4634 1
4635 1
4636 2
4640 1
4641 1
4646 2
4648 1
4652 3
4654 2
4655 3
4657 3
4658 1
4659 4
4661 2
4662 4
4663 2
4665 2
4666 2
4667 1
4668 2
4669 3
4670 1
4671 5
4672 5
4673 2
4674 1
4675 1
4676 2
4677 2
4678 2
4679 1
4680 1
4681 2
4682 1
4683 3
4684 4
4686 1
4687 1
4688 1
4689 1
4690 3
4695 2
4697 1
4698 1
4701 1
4702 2
4707 2
4708 1
4710 1
4712 1
4717 1
4718 2
4719 1
4722 2
4725 2
4726 2
4727 1
4728 1
4733 1
4736 1
4737 1
4738 1
4754 1
4760 1
4762 1
4764 1
4765 1
4770 1
4771 1
4776 1
4784 1
4800 1
4801 1
4803 1
4807 2
4809 1
4811 3
4813 2
4816 1
4817 1
4818 1
4819 3
4820 2
4822 3
4823 2
4824 2
4825 3
4826 2
4827 2
4829 3
4830 3
4831 2
4832 2
4833 2
4834 2
4835 1
4837 2
4838 3
4839 2
4841 5
4842 2
4843 4
4844 4
4845 2
4846 2
4847 3
4848 4
4849 2
4850 5
4852 1
4853 3
4854 1
4855 4
4856 2
4857 1
4858 1
4860 2
4861 1
4862 3
4865 2
4867 2
4870 1
4874 2
4875 1
4877 1
4883 1
4886 1
4889 1
4890 2
4894 1
4897 1
4902 1
4903 1
4907 1
4910 1
4911 1
4912 1
4913 1
4918 1
4924 1
4927 3
4929 1
4930 1
4931 1
4934 2
4937 2
4946 1
4947 2
4949 1
4952 1
4953 2
4954 2
4955 1
4957 2
4958 2
4959 1
4962 1
4963 2
4965 1
4966 2
4967 1
4968 1
4970 1
4973 1
4975 1
4976 1
4982 1
4988 1
4989 1
4991 1
4993 2
4994 1
4996 1
4997 2
4998 2
4999 1
5001 1
5002 1
5004 1
5006 1
5007 1
5009 2
5011 1
5016 1
5018 1
5020 2
5034 1
5039 1
5047 1
5076 1
5090 1
5093 1
5098 1
5105 1
5107 1
5108 1
5109 1
5111 4
5112 1
5113 1
5114 1
5117 1
5118 1
5119 2
5120 1
5121 1
5122 2
5129 1
5130 2
5131 2
5132 2
5133 1
5135 2
5136 3
5138 1
5139 1
5142 3
5143 3
5144 1
5145 2
5146 1
5147 1
5148 2
5149 1
5151 1
5153 1
5155 2
5156 2
5157 1
5158 3
5160 4
5161 1
5162 2
5163 2
5164 1
5165 4
5166 3
5167 2
5168 3
5169 1
5170 3
5173 2
5175 1
5176 3
5177 1
5178 4
5179 3
5180 2
5181 2
5182 3
5183 4
5184 4
5185 3
5186 1
5187 3
5188 5
5189 3
5190 1
5191 2
5192 3
5193 1
5194 2
5195 5
5196 2
5198 2
5199 3
5200 6
5201 3
5202 4
5203 4
5204 5
5205 4
5206 6
5207 5
5208 4
5209 8
5210 5
5211 1
5213 3
5214 3
5215 3
5216 6
5219 2
5220 2
5222 1
5224 3
5225 2
5226 1
5227 1
5228 2
5230 2
5231 1
5233 4
5235 2
5237 5
5238 3
5239 2
5240 1
5241 1
5242 2
5243 3
5247 1
5248 1
5249 1
5250 1
5251 2
5253 1
5255 2
5256 2
5257 2
5259 1
5262 1
5264 4
5265 1
5266 1
5267 1
5268 1
5269 2
5271 3
5272 2
5273 1
5274 2
5276 3
5279 3
5280 1
5281 3
5282 1
5283 1
5284 1
5285 2
5287 2
5289 1
5290 1
5293 1
5301 3
5305 2
5307 1
5317 1
5320 3
5323 2
5324 1
5327 2
5328 2
5329 1
5332 1
5333 1
5335 1
5336 3
5337 2
5345 1
5346 1
5347 2
5349 1
5351 1
5357 1
5358 4
5360 1
5362 1
5365 1
5366 2
5368 1
5372 1
5374 1
5376 1
5379 1
5380 1
5381 1
5384 1
5386 2
5387 2
5389 1
5390 1
5392 1
5394 2
5396 4
5397 2
5398 1
5399 2
5400 1
5401 1
5402 1
5406 1
5410 1
5414 3
5417 2
5418 1
5423 1
5426 1
5430 2
5435 1
5436 2
5441 1
5480 1
5483 1
5485 1
5500 1
5501 1
5503 1
5509 1
5510 1
5511 1
5521 1
5522 1
5523 1
5525 1
5535 1
5540 1
5542 1
5552 1
5564 1
5569 2
5570 1
5576 2
5577 1
5578 1
5579 1
5581 1
5590 2
5591 1
5592 1
5593 1
5597 2
5604 1
5605 2
5606 1
5607 2
5608 1
5609 1
5610 1
5611 1
5614 1
5615 1
5616 1
5619 1
5620 1
5622 1
5630 1
5633 1
5635 3
5637 1
5638 1
5639 1
5640 1
5642 1
5645 1
5648 1
5651 1
5652 1
5655 3
5658 4
5661 2
5662 1
5663 1
5666 1
5667 3
5668 1
5669 1
5674 1
5677 1
5678 1
5685 1
5688 1
5690 2
5696 2
5697 1
5698 1
5704 2
5706 2
5709 1
5710 2
5714 1
5715 2
5717 2
5718 1
5719 1
5721 1
5722 1
5723 1
5725 1
5726 1
5727 1
5730 1
5753 1
5755 1
5756 1
5757 1
5759 1
5760 1
5761 1
5764 1
5765 1
5766 1
5770 1
5771 1
5775 1
5777 1
5780 1
5861 1
5864 1
5866 1
5869 3
5871 1
5872 1
5874 1
5875 1
5876 1
5878 3
5879 1
5880 2
5881 1
5882 2
5884 1
5887 1
5888 1
5894 2
5895 1
5896 2
5902 2
5905 1
5909 1
5913 1
5914 2
5920 1
5934 1
5945 1
5949 2
5950 1
5958 1
5959 1
5969 1
5970 1
5973 1
5975 2
5978 1
5982 2
5983 1
5985 2
5987 1
5988 2
5990 1
5991 3
5992 2
5993 4
5995 2
5996 5
5997 2
6000 5
6001 1
6003 3
6004 2
6006 3
6007 3
6008 1
6009 3
6010 1
6011 4
6012 4
6013 3
6015 5
6016 1
6018 1
6019 3
6020 3
6022 1
6024 1
6025 3
6026 2
6027 3
6028 3
6029 5
6030 3
6031 3
6032 2
6033 2
6034 1
6035 4
6036 2
6037 1
6038 4
6040 5
6041 1
6042 2
6043 2
6044 1
6045 2
6046 3
6047 3
6048 3
6049 1
6051 4
6052 1
6054 1
6055 2
6058 1
6059 1
6062 2
6064 2
6065 3
6072 1
6073 1
6077 1
6080 1
6088 1
6089 1
6090 1
6091 1
6092 1
6094 1
6095 1
6097 1
6098 1
6099 1
6171 1
6179 1
6183 1
6194 1
6205 1
6217 1
6220 1
6221 1
6227 1
6229 1
6232 2
6235 1
6238 1
6240 1
6255 1
6256 1
6259 3
6264 1
6266 1
6268 1
6269 1
6271 1
6272 1
6275 2
6276 1
6277 1
6279 1
6280 2
6281 2
6283 1
6284 2
6289 1
6290 2
6294 3
6295 1
6296 1
6299 1
6300 3
6302 1
6304 2
6305 3
6306 2
6307 1
6310 1
6311 2
6312 2
6314 1
6316 2
6318 2
6319 2
6320 1
6323 1
6324 2
6325 3
6329 1
6330 4
6331 1
6332 2
6334 1
6336 1
6337 2
6338 4
6340 3
6341 1
6342 4
6343 4
6347 1
6348 2
6350 2
6351 4
6352 2
6353 2
6354 1
6355 1
6362 2
6406 1
6502 1
6738 1
6882 1
6883 1
6893 1
6904 1
7228 1
7232 1
7513 1
7579 1
7590 1
7822 1
7948 1
8020 1
8091 1
8273 1
8274 1
8282 1
8284 1
8288 1
8294 1
8297 1
8316 1
8319 1
8324 1
8392 1
8687 2
8867 1
8885 1
8887 1
8891 1
9041 1
9043 1
9051 1
9057 1
9058 1
9071 1
9261 1
9551 1
9571 1
9573 2
9583 1
9585 1
9595 1
9601 1
9614 1
9671 1
9742 1
9945 1
10001 43
