1 15326689
2 5303545
3 3640447
4 3204958
5 2879557
6 2469730
7 2031915
8 1626659
9 1316001
10 1097056
11 948607
12 866936
13 815509
14 776843
15 738378
16 696520
17 641261
18 575320
19 506098
20 430480
21 355620
22 281954
23 217635
24 162061
25 118586
26 83802
27 57507
28 39087
29 25726
30 16915
31 11196
32 7459
33 5432
34 3986
35 3423
36 2871
37 2438
38 2157
39 2001
40 1775
41 1611
42 1664
43 1616
44 1430
45 1274
46 1168
47 1065
48 1148
49 1024
50 1000
51 973
52 865
53 808
54 757
55 717
56 698
57 666
58 741
59 732
60 699
61 653
62 597
63 549
64 519
65 591
66 573
67 774
68 922
69 1137
70 1440
71 1878
72 2361
73 3173
74 4353
75 5449
76 6993
77 9119
78 11339
79 14269
80 17672
81 21905
82 27178
83 33270
84 40135
85 47491
86 56205
87 65326
88 74888
89 85870
90 96289
91 108556
92 120336
93 131438
94 143191
95 153858
96 163193
97 172467
98 182252
99 189991
100 195928
101 201468
102 204843
103 206692
104 207602
105 205410
106 201088
107 197107
108 190638
109 185451
110 176157
111 166692
112 157272
113 146599
114 135694
115 123904
116 113835
117 102774
118 93037
119 82428
120 74255
121 64521
122 56149
123 48901
124 41869
125 35371
126 30244
127 24918
128 21169
129 17680
130 14381
131 11938
132 9619
133 7962
134 6377
135 5115
136 3965
137 3306
138 2519
139 2088
140 1617
141 1297
142 1043
143 774
144 581
145 459
146 342
147 247
148 225
149 187
150 171
151 114
152 118
153 105
154 60
155 69
156 79
157 56
158 57
159 86
160 87
161 92
162 80
163 63
164 80
165 80
166 85
167 87
168 94
169 76
170 80
171 91
172 96
173 113
174 131
175 140
176 169
177 172
178 225
179 232
180 247
181 274
182 327
183 349
184 343
185 356
186 389
187 379
188 440
189 467
190 553
191 502
192 571
193 598
194 664
195 689
196 683
197 685
198 739
199 733
200 791
201 802
202 794
203 783
204 759
205 860
206 766
207 769
208 842
209 784
210 797
211 780
212 783
213 752
214 767
215 704
216 682
217 628
218 555
219 527
220 468
221 459
222 437
223 458
224 435
225 452
226 398
227 434
228 356
229 346
230 334
231 283
232 254
233 308
234 236
235 228
236 224
237 199
238 188
239 150
240 151
241 129
242 95
243 111
244 111
245 101
246 82
247 91
248 84
249 88
250 72
251 57
252 65
253 61
254 86
255 76
256 77
257 85
258 94
259 74
260 80
261 89
262 77
263 72
264 97
265 110
266 106
267 99
268 129
269 142
270 119
271 139
272 150
273 201
274 175
275 165
276 176
277 183
278 202
279 189
280 227
281 214
282 252
283 232
284 274
285 268
286 274
287 267
288 272
289 254
290 260
291 236
292 232
293 227
294 255
295 218
296 237
297 248
298 256
299 234
300 246
301 237
302 238
303 220
304 190
305 200
306 193
307 194
308 188
309 189
310 186
311 178
312 186
313 160
314 144
315 137
316 134
317 108
318 120
319 101
320 107
321 113
322 101
323 100
324 105
325 91
326 97
327 100
328 87
329 74
330 64
331 60
332 67
333 51
334 64
335 69
336 54
337 58
338 64
339 80
340 49
341 57
342 59
343 54
344 45
345 36
346 35
347 29
348 29
349 30
350 36
351 34
352 34
353 37
354 33
355 26
356 28
357 34
358 30
359 29
360 28
361 22
362 32
363 31
364 30
365 29
366 34
367 23
368 37
369 38
370 51
371 68
372 54
373 54
374 49
375 77
376 64
377 68
378 72
379 61
380 50
381 68
382 70
383 81
384 84
385 82
386 64
387 78
388 80
389 74
390 81
391 74
392 71
393 76
394 63
395 70
396 60
397 60
398 47
399 53
400 53
401 60
402 70
403 45
404 56
405 46
406 34
407 53
408 57
409 62
410 56
411 57
412 54
413 70
414 64
415 65
416 71
417 71
418 81
419 82
420 83
421 87
422 85
423 77
424 102
425 101
426 100
427 74
428 68
429 79
430 86
431 93
432 72
433 77
434 75
435 87
436 65
437 82
438 71
439 60
440 51
441 62
442 64
443 65
444 54
445 78
446 66
447 50
448 58
449 60
450 57
451 60
452 55
453 72
454 55
455 58
456 47
457 43
458 57
459 41
460 48
461 37
462 38
463 31
464 37
465 36
466 30
467 36
468 38
469 27
470 41
471 35
472 33
473 43
474 36
475 27
476 39
477 35
478 27
479 23
480 29
481 29
482 42
483 27
484 39
485 26
486 30
487 31
488 28
489 27
490 35
491 45
492 47
493 37
494 54
495 53
496 42
497 44
498 47
499 43
500 62
501 77
502 60
503 57
504 43
505 61
506 48
507 42
508 45
509 49
510 39
511 37
512 42
513 42
514 29
515 36
516 42
517 43
518 34
519 34
520 36
521 26
522 40
523 36
524 43
525 26
526 36
527 27
528 41
529 39
530 32
531 38
532 35
533 28
534 40
535 39
536 32
537 36
538 39
539 49
540 42
541 50
542 37
543 49
544 42
545 32
546 36
547 42
548 37
549 42
550 41
551 37
552 41
553 41
554 30
555 30
556 26
557 22
558 27
559 33
560 30
561 26
562 26
563 31
564 20
565 22
566 18
567 19
568 20
569 27
570 27
571 31
572 18
573 22
574 24
575 24
576 19
577 21
578 20
579 22
580 21
581 24
582 31
583 27
584 27
585 23
586 26
587 38
588 35
589 37
590 41
591 32
592 44
593 40
594 46
595 30
596 45
597 40
598 47
599 39
600 34
601 33
602 34
603 38
604 30
605 28
606 35
607 44
608 33
609 38
610 42
611 34
612 43
613 29
614 33
615 38
616 36
617 33
618 27
619 21
620 27
621 41
622 31
623 22
624 16
625 20
626 27
627 15
628 26
629 19
630 24
631 14
632 19
633 17
634 14
635 19
636 13
637 12
638 11
639 14
640 12
641 15
642 16
643 8
644 12
645 15
646 19
647 17
648 11
649 10
650 8
651 6
652 7
653 10
654 5
655 14
656 7
657 9
658 12
659 11
660 5
661 9
662 3
663 6
664 3
665 5
666 9
667 4
668 6
669 3
670 8
671 4
672 3
673 4
674 8
675 4
676 7
677 6
678 6
679 2
680 6
681 2
682 7
683 1
684 5
685 5
686 9
687 4
688 3
689 7
690 6
691 6
692 5
693 3
694 6
695 7
696 4
697 2
698 5
699 3
700 5
701 4
702 3
703 3
704 1
705 7
706 6
708 2
709 4
710 4
711 5
712 2
713 4
715 3
716 1
717 1
718 1
720 1
721 2
723 1
724 1
725 5
726 2
727 1
728 1
729 2
731 2
732 6
733 3
734 2
735 1
737 4
738 2
739 2
740 2
741 1
742 2
743 4
744 2
746 3
747 5
748 5
749 9
750 4
751 8
752 3
753 5
754 5
755 5
756 3
757 5
758 2
759 1
760 5
761 3
762 3
763 7
764 2
765 3
766 3
767 1
768 4
769 4
770 5
771 3
772 3
773 3
774 4
775 1
776 2
777 2
779 3
780 1
782 2
783 2
784 1
786 1
787 1
788 5
789 3
790 4
791 4
792 6
793 1
794 6
795 1
796 2
797 2
798 2
799 1
801 4
802 2
803 3
804 3
805 4
806 1
807 3
808 3
810 3
811 4
812 1
814 5
816 1
817 4
818 2
819 1
821 1
822 2
823 1
825 1
827 2
828 1
829 1
830 1
833 1
834 2
835 2
836 5
837 2
838 5
839 3
840 3
841 1
842 4
843 2
844 3
846 4
847 2
848 3
849 2
850 2
851 5
852 4
853 3
854 1
855 4
856 3
857 2
858 3
861 1
862 1
863 6
864 2
865 1
866 2
867 2
868 3
869 1
870 1
871 1
872 1
873 2
874 3
876 4
877 5
878 2
879 4
881 4
882 1
883 1
884 2
885 2
886 3
888 1
889 2
890 1
891 5
892 3
893 3
894 2
895 5
896 5
897 4
898 2
899 3
900 2
901 3
902 7
903 5
904 4
905 2
906 2
907 2
908 1
909 2
910 1
911 3
912 2
913 1
914 5
915 1
916 1
917 3
918 3
919 2
920 2
921 3
923 1
926 1
931 1
932 1
934 3
935 2
936 4
937 4
938 2
939 4
940 4
941 1
942 1
943 2
944 4
945 2
946 1
947 2
948 4
949 6
950 3
951 1
952 4
953 6
954 3
955 2
956 6
957 2
958 1
959 3
960 1
961 2
962 1
963 3
964 7
966 4
967 3
968 5
969 5
970 1
971 3
972 4
974 1
976 2
979 2
981 1
982 3
983 2
984 2
985 3
986 1
987 2
988 4
989 6
990 7
991 4
992 2
993 3
994 4
995 4
996 3
997 5
998 4
999 4
1000 4
1001 4
1002 8
1003 6
1004 4
1005 4
1006 6
1007 8
1008 6
1009 13
1010 5
1011 8
1012 1
1013 6
1014 5
1015 5
1016 4
1017 3
1018 3
1019 6
1020 6
1021 4
1022 2
1023 4
1024 10
1025 5
1026 3
1027 3
1028 2
1029 5
1030 4
1031 4
1032 6
1033 4
1034 3
1035 2
1036 2
1037 3
1038 6
1039 2
1040 6
1041 11
1042 3
1043 5
1044 6
1045 2
1046 7
1047 6
1048 9
1049 4
1050 5
1051 3
1052 7
1053 1
1054 1
1055 2
1056 4
1057 2
1058 2
1060 4
1061 3
1062 1
1063 2
1064 3
1065 2
1066 4
1067 8
1068 5
1069 4
1070 4
1071 5
1072 5
1073 3
1074 6
1075 3
1076 8
1077 5
1078 5
1079 5
1080 1
1081 6
1082 5
1083 4
1084 10
1085 5
1086 6
1087 8
1088 7
1089 9
1090 5
1091 7
1092 3
1093 12
1094 7
1095 12
1096 5
1097 16
1098 4
1099 8
1100 9
1101 6
1102 8
1103 5
1104 4
1105 5
1106 10
1107 3
1108 9
1109 5
1110 6
1111 5
1112 4
1113 1
1114 4
1115 6
1116 1
1117 4
1118 4
1119 1
1121 2
1122 3
1124 1
1125 4
1126 3
1127 1
1128 2
1129 1
1130 2
1131 3
1132 2
1133 1
1134 1
1135 1
1137 2
1140 2
1141 1
1142 1
1143 1
1144 1
1145 2
1146 4
1147 3
1148 3
1149 6
1150 5
1151 5
1152 8
1153 5
1154 6
1155 6
1156 5
1157 10
1158 4
1159 6
1160 4
1161 2
1162 5
1163 4
1164 2
1165 3
1166 3
1167 7
1168 2
1169 1
1170 2
1171 1
1172 2
1173 2
1174 2
1175 6
1176 3
1177 5
1178 1
1179 5
1180 2
1181 2
1182 3
1183 4
1184 2
1186 5
1187 3
1188 3
1189 2
1190 5
1191 2
1192 3
1193 3
1194 1
1195 4
1196 5
1197 6
1198 4
1199 1
1200 1
1201 3
1202 1
1203 3
1204 2
1205 5
1206 3
1207 2
1208 1
1209 2
1210 2
1211 1
1212 1
1214 2
1215 2
1217 1
1219 2
1220 2
1221 3
1222 3
1224 2
1225 3
1226 4
1227 5
1228 1
1229 4
1230 3
1231 1
1232 1
1233 4
1234 2
1235 6
1236 4
1237 8
1238 3
1239 4
1240 3
1241 6
1242 4
1243 6
1244 2
1245 8
1246 4
1247 3
1248 1
1249 3
1250 5
1251 2
1252 1
1253 2
1254 4
1255 3
1256 3
1258 2
1259 1
1260 1
1261 4
1262 3
1263 2
1264 4
1265 1
1266 4
1267 2
1268 2
1269 4
1270 2
1271 1
1272 2
1273 7
1274 4
1275 2
1276 6
1277 2
1278 2
1279 2
1280 4
1281 4
1282 4
1283 4
1284 3
1285 1
1286 2
1287 3
1288 1
1289 1
1291 6
1292 3
1294 5
1295 1
1296 2
1297 1
1298 1
1299 2
1300 3
1301 3
1302 5
1303 1
1304 2
1305 1
1306 2
1307 3
1308 1
1310 1
1312 3
1313 1
1314 3
1315 4
1318 6
1319 5
1320 5
1321 3
1323 8
1324 4
1325 5
1326 5
1327 2
1328 5
1329 5
1330 3
1331 3
1332 4
1333 6
1334 2
1336 4
1337 2
1338 3
1339 1
1340 2
1341 2
1342 2
1343 2
1344 1
1345 1
1346 3
1347 2
1349 2
1350 4
1351 6
1352 6
1353 4
1354 3
1355 4
1356 3
1357 5
1358 3
1359 2
1360 1
1361 5
1362 3
1363 5
1364 2
1365 3
1366 3
1367 1
1368 1
1369 1
1370 3
1372 1
1373 4
1374 1
1375 2
1376 2
1377 3
1378 3
1379 3
1380 6
1381 6
1382 7
1383 5
1384 2
1385 4
1386 4
1387 5
1388 2
1389 5
1390 7
1391 2
1392 3
1393 4
1395 4
1396 2
1398 1
1399 6
1400 2
1401 2
1402 2
1403 6
1404 2
1405 2
1406 2
1407 3
1408 5
1409 5
1410 3
1411 2
1412 2
1413 2
1414 2
1415 2
1416 1
1417 3
1418 1
1419 3
1421 2
1422 7
1423 1
1424 1
1425 1
1426 2
1427 2
1430 2
1432 2
1434 1
1438 1
1442 2
1444 2
1445 1
1446 3
1449 2
1450 1
1451 1
1453 1
1454 1
1455 1
1456 3
1457 1
1458 2
1459 2
1460 3
1462 2
1463 4
1464 3
1465 3
1466 6
1467 1
1468 4
1469 3
1470 3
1471 2
1472 6
1473 4
1474 4
1475 4
1476 5
1477 4
1478 5
1479 5
1480 6
1481 4
1482 6
1483 3
1484 8
1485 6
1486 2
1487 5
1488 5
1489 8
1490 3
1491 7
1492 5
1493 10
1494 6
1495 6
1496 4
1497 7
1498 4
1499 6
1500 5
1501 5
1502 6
1503 2
1504 4
1505 10
1506 6
1507 3
1508 5
1509 4
1510 5
1511 8
1512 6
1513 8
1514 11
1515 2
1516 4
1517 5
1518 4
1519 7
1520 6
1521 6
1522 5
1523 1
1524 2
1525 4
1526 5
1527 2
1528 8
1530 3
1531 1
1532 5
1533 6
1534 6
1535 3
1536 3
1538 10
1539 4
1540 4
1541 2
1542 1
1543 3
1544 1
1545 1
1546 4
1547 4
1548 1
1550 1
1552 1
1554 2
1555 2
1557 1
1558 4
1559 1
1560 2
1561 2
1562 2
1563 2
1564 1
1566 3
1567 1
1568 1
1569 1
1570 1
1571 1
1573 1
1574 1
1575 3
1576 1
1577 2
1580 1
1584 1
1588 2
1589 2
1590 2
1591 1
1592 3
1593 2
1594 3
1596 4
1597 2
1598 3
1599 1
1600 3
1601 2
1602 3
1603 4
1604 1
1607 2
1608 2
1611 3
1612 6
1613 3
1614 5
1615 4
1616 3
1617 4
1618 5
1619 8
1620 4
1621 5
1622 1
1623 5
1624 2
1625 3
1626 6
1627 8
1628 1
1629 3
1630 4
1631 8
1632 5
1633 1
1634 4
1635 2
1636 2
1637 3
1639 2
1640 1
1642 2
1643 2
1644 3
1645 1
1646 5
1648 4
1649 2
1650 5
1653 2
1654 5
1655 3
1656 1
1657 4
1658 3
1659 2
1660 1
1662 1
1663 2
1669 2
1671 2
1672 2
1674 7
1675 3
1676 4
1677 1
1678 6
1679 4
1680 4
1681 4
1682 5
1683 1
1685 2
1686 3
1687 2
1688 2
1689 2
1690 1
1691 4
1693 3
1694 2
1695 2
1696 2
1699 1
1700 3
1707 1
1709 2
1710 1
1714 1
1715 1
1716 1
1717 1
1719 1
1720 2
1721 1
1723 1
1724 1
1725 3
1726 1
1727 1
1728 4
1733 1
1734 1
1736 1
1737 3
1738 2
1739 2
1741 5
1742 1
1743 2
1746 4
1747 3
1748 1
1749 2
1750 2
1751 2
1752 1
1754 1
1755 2
1756 2
1757 1
1759 1
1760 2
1761 1
1763 1
1765 2
1766 1
1767 1
1771 3
1772 1
1775 1
1776 1
1777 4
1778 2
1780 1
1781 2
1785 1
1786 1
1788 1
1803 1
1805 1
1808 1
1812 3
1814 2
1815 1
1817 1
1821 1
1822 1
1823 1
1825 1
1827 1
1828 3
1830 1
1833 1
1835 1
1837 2
1838 3
1839 2
1840 6
1841 5
1842 2
1843 1
1844 1
1845 1
1846 3
1847 1
1848 2
1849 1
1853 2
1854 1
1855 1
1859 2
1889 1
1896 1
1898 1
1905 1
1914 1
1933 1
1943 1
2038 1
2040 1
2041 1
2182 1
2218 1
2219 1
2291 1
2294 1
2297 1
2324 1
2341 1
2351 1
2355 1
2357 1
2361 1
2362 2
2366 1
2368 1
2372 1
2385 1
2386 1
2387 1
2390 1
2393 1
2394 1
2395 1
2398 1
2403 1
2407 1
2498 1
2557 1
2559 1
2563 1
2566 1
2567 1
2568 2
2572 1
2573 1
2665 1
2681 1
2739 1
2839 1
2893 1
2896 1
2918 1
2923 1
3054 1
3236 1
3347 1
3356 1
3373 1
3420 1
3424 1
3427 1
3434 1
3439 2
3444 1
3524 1
3529 1
3537 1
3624 1
3625 1
3626 1
3634 1
3642 1
3643 1
3656 1
3794 1
3812 1
3835 1
3882 1
3996 1
4040 1
4147 1
4148 1
4155 1
4156 2
4163 1
4166 1
4235 1
4401 1
4662 1
