1 25576261
2 14079316
3 9216025
4 6978896
5 5640588
6 4521241
7 3522038
8 2631939
9 1902645
10 1364878
11 1007617
12 797487
13 698220
14 666039
15 668115
16 667423
17 648625
18 609645
19 548704
20 477259
21 398657
22 323837
23 256208
24 207704
25 172378
26 150490
27 140004
28 134959
29 134783
30 138543
31 140375
32 140653
33 138089
34 132869
35 124455
36 114576
37 104261
38 94803
39 86775
40 82135
41 80635
42 83094
43 91149
44 103573
45 120337
46 141390
47 166857
48 194769
49 224414
50 256969
51 288224
52 317673
53 344135
54 368066
55 384606
56 395162
57 401203
58 401896
59 394259
60 380608
61 361653
62 339925
63 314679
64 286073
65 256047
66 226933
67 197417
68 171374
69 144895
70 121667
71 101232
72 84054
73 67527
74 54170
75 44036
76 35491
77 28643
78 22744
79 18407
80 15288
81 12958
82 11415
83 10109
84 9559
85 9307
86 9221
87 9196
88 9119
89 8916
90 8858
91 8704
92 8741
93 8672
94 8329
95 8014
96 7790
97 7562
98 7153
99 6805
100 6474
101 5995
102 5540
103 5221
104 4810
105 4450
106 4026
107 3759
108 3389
109 3082
110 2965
111 2570
112 2396
113 2335
114 2169
115 2071
116 2035
117 2025
118 1937
119 1888
120 1747
121 1717
122 1638
123 1565
124 1444
125 1344
126 1280
127 1173
128 1149
129 1001
130 1006
131 894
132 825
133 742
134 695
135 610
136 527
137 462
138 412
139 380
140 333
141 333
142 288
143 253
144 268
145 237
146 226
147 242
148 218
149 229
150 227
151 250
152 221
153 220
154 224
155 235
156 264
157 304
158 297
159 255
160 261
161 240
162 250
163 258
164 268
165 286
166 308
167 302
168 310
169 305
170 282
171 278
172 282
173 304
174 276
175 295
176 294
177 319
178 305
179 323
180 333
181 339
182 315
183 305
184 323
185 275
186 297
187 260
188 273
189 254
190 234
191 255
192 203
193 216
194 187
195 204
196 181
197 196
198 200
199 198
200 176
201 183
202 162
203 169
204 162
205 164
206 188
207 202
208 210
209 198
210 209
211 190
212 192
213 196
214 202
215 182
216 202
217 193
218 189
219 178
220 198
221 176
222 186
223 196
224 178
225 195
226 183
227 172
228 189
229 188
230 200
231 175
232 182
233 189
234 181
235 159
236 162
237 182
238 168
239 153
240 166
241 141
242 153
243 159
244 161
245 180
246 181
247 179
248 175
249 179
250 163
251 174
252 161
253 193
254 174
255 167
256 139
257 156
258 145
259 142
260 133
261 143
262 138
263 115
264 135
265 140
266 138
267 103
268 123
269 99
270 138
271 91
272 104
273 91
274 78
275 96
276 74
277 90
278 73
279 74
280 83
281 77
282 84
283 71
284 65
285 69
286 63
287 64
288 56
289 69
290 58
291 70
292 75
293 68
294 52
295 58
296 90
297 71
298 80
299 78
300 69
301 69
302 71
303 61
304 41
305 84
306 74
307 70
308 69
309 73
310 62
311 70
312 54
313 49
314 54
315 39
316 52
317 49
318 66
319 38
320 43
321 53
322 51
323 45
324 50
325 50
326 57
327 40
328 41
329 45
330 36
331 52
332 51
333 52
334 66
335 67
336 74
337 66
338 77
339 121
340 124
341 137
342 166
343 196
344 250
345 261
346 298
347 358
348 399
349 496
350 517
351 635
352 683
353 825
354 981
355 1107
356 1283
357 1492
358 1619
359 1916
360 2095
361 2502
362 2833
363 3197
364 3638
365 4112
366 4411
367 4827
368 5566
369 5978
370 6634
371 7428
372 8048
373 8761
374 9728
375 10498
376 11504
377 12597
378 13473
379 14418
380 15475
381 16985
382 17936
383 18926
384 20069
385 21519
386 22750
387 24082
388 25680
389 26603
390 28111
391 29350
392 30703
393 31593
394 33264
395 34284
396 35368
397 36313
398 37406
399 38744
400 39559
401 40516
402 41363
403 42124
404 42464
405 43185
406 43105
407 43655
408 43804
409 43683
410 43969
411 43263
412 43056
413 42587
414 42382
415 42041
416 41351
417 40443
418 39988
419 38763
420 37966
421 37106
422 36134
423 34227
424 33353
425 31956
426 30905
427 29150
428 27866
429 26728
430 25595
431 24587
432 22950
433 21821
434 20631
435 19336
436 18335
437 17140
438 15976
439 14758
440 13807
441 12842
442 11591
443 10753
444 9932
445 9266
446 8511
447 7823
448 7199
449 6433
450 5820
451 5173
452 4837
453 4298
454 3907
455 3554
456 3305
457 2916
458 2538
459 2194
460 2054
461 1849
462 1608
463 1396
464 1247
465 1172
466 991
467 915
468 772
469 729
470 611
471 595
472 449
473 412
474 399
475 347
476 292
477 259
478 247
479 244
480 188
481 144
482 106
483 117
484 77
485 87
486 81
487 87
488 69
489 75
490 85
491 61
492 48
493 42
494 38
495 37
496 30
497 38
498 26
499 33
500 28
501 22
502 38
503 30
504 22
505 29
506 22
507 26
508 20
509 28
510 16
511 18
512 15
513 20
514 19
515 17
516 10
517 13
518 16
519 15
520 14
521 19
522 9
523 11
524 20
525 9
526 12
527 10
528 21
529 12
530 17
531 12
532 12
533 12
534 19
535 10
536 13
537 7
538 5
539 8
540 9
541 4
542 13
543 13
544 9
545 11
546 15
547 8
548 21
549 9
550 12
551 11
552 9
553 12
554 17
555 16
556 13
557 9
558 13
559 6
560 9
561 13
562 7
563 10
564 7
565 12
566 8
567 13
568 5
569 9
570 5
571 5
572 8
573 9
574 9
575 8
576 10
577 10
578 8
579 6
580 4
581 4
582 3
583 3
584 3
585 4
586 12
587 2
588 4
589 5
590 5
591 4
592 9
593 7
594 11
595 9
596 4
597 10
598 4
599 5
600 8
601 9
602 11
603 11
604 4
605 2
606 5
607 7
608 5
609 2
610 5
611 3
612 4
613 4
614 4
615 4
616 2
617 9
618 5
619 6
620 8
621 7
622 7
623 7
624 5
625 7
626 8
627 10
628 8
629 14
630 8
631 7
632 10
633 7
634 14
635 7
636 5
637 11
638 3
639 6
640 4
641 4
642 1
643 4
644 3
645 3
646 5
647 8
648 3
649 4
650 11
651 4
652 3
653 4
654 6
655 4
656 4
657 2
658 3
659 7
660 7
661 5
662 6
663 9
664 9
665 5
666 8
667 5
668 6
669 7
670 7
671 7
672 1
673 3
674 4
675 1
676 4
677 2
678 5
679 5
680 3
681 4
682 2
683 8
684 5
685 3
686 5
687 6
688 5
689 4
690 6
691 3
692 4
693 5
694 8
695 4
696 3
697 6
698 5
699 3
700 6
701 4
702 4
703 3
705 6
706 6
707 7
708 5
709 1
710 3
711 4
712 1
713 4
714 3
715 5
716 9
718 7
719 2
720 1
721 6
722 2
723 6
724 3
725 6
726 5
727 2
728 1
729 4
730 5
731 1
732 1
733 2
734 1
735 4
736 4
737 4
738 3
739 2
740 1
741 3
742 2
743 9
744 2
745 3
746 11
747 7
748 6
749 8
750 9
751 10
752 10
753 10
754 8
755 7
756 10
757 10
758 14
759 9
760 8
761 9
762 8
763 11
764 15
765 17
766 17
767 11
768 26
769 17
770 32
771 17
772 33
773 25
774 18
775 25
776 19
777 20
778 19
779 13
780 27
781 22
782 28
783 15
784 21
785 21
786 27
787 21
788 23
789 37
790 37
791 31
792 42
793 36
794 38
795 44
796 44
797 49
798 54
799 61
800 65
801 55
802 67
803 62
804 77
805 66
806 84
807 52
808 81
809 85
810 85
811 73
812 92
813 74
814 84
815 75
816 79
817 72
818 72
819 85
820 72
821 78
822 61
823 72
824 80
825 52
826 76
827 64
828 76
829 79
830 90
831 62
832 78
833 79
834 66
835 62
836 63
837 64
838 45
839 57
840 57
841 36
842 49
843 47
844 45
845 46
846 40
847 39
848 41
849 54
850 34
851 26
852 41
853 38
854 33
855 43
856 30
857 35
858 27
859 28
860 32
861 31
862 21
863 27
864 17
865 17
866 25
867 19
868 13
869 9
870 9
871 12
872 18
873 13
874 5
875 15
876 9
877 9
878 12
879 8
880 9
881 12
882 11
883 11
884 8
885 14
886 9
887 7
888 6
889 8
890 4
891 8
892 6
893 5
894 7
895 1
896 3
897 1
898 1
899 3
900 3
901 2
902 3
903 2
904 2
905 2
906 3
907 1
908 3
909 1
910 5
911 4
912 1
914 2
915 3
916 1
918 3
919 2
920 3
921 1
922 2
924 2
927 1
928 4
929 1
930 3
931 1
932 3
933 4
934 2
935 7
936 3
937 4
939 4
940 2
941 3
942 1
943 3
944 4
946 1
947 3
948 5
949 4
950 2
951 2
952 4
953 1
955 3
956 3
957 1
958 1
960 2
963 1
966 2
967 1
968 2
970 1
971 2
972 1
974 2
975 1
977 2
979 3
980 2
981 2
982 2
983 1
984 1
985 2
986 2
987 1
988 6
989 3
991 2
992 1
993 1
995 2
996 1
998 1
999 1
1000 3
1001 3
1002 1
1003 3
1004 2
1005 2
1006 2
1007 2
1008 1
1009 4
1011 2
1012 2
1014 1
1015 3
1016 3
1017 3
1019 3
1020 1
1021 4
1022 1
1023 3
1024 2
1025 2
1026 1
1028 2
1029 2
1030 5
1031 4
1032 3
1033 4
1035 5
1036 2
1037 3
1038 1
1039 2
1040 5
1041 3
1042 2
1043 1
1044 3
1045 3
1046 2
1047 2
1048 1
1049 2
1050 2
1051 3
1052 1
1053 2
1054 1
1055 3
1056 2
1058 3
1060 2
1062 2
1065 2
1067 1
1068 1
1069 1
1070 1
1071 1
1072 4
1075 1
1076 1
1078 1
1079 1
1080 1
1081 1
1082 2
1083 4
1084 1
1085 3
1086 2
1087 2
1088 3
1089 3
1090 2
1092 5
1094 4
1095 2
1098 1
1099 2
1100 2
1103 1
1106 1
1107 3
1108 3
1109 1
1110 1
1111 1
1112 3
1113 1
1114 3
1116 1
1118 1
1119 1
1120 2
1121 1
1124 2
1125 1
1126 4
1127 3
1129 3
1130 2
1131 1
1132 2
1134 1
1135 4
1136 1
1137 1
1139 1
1141 1
1142 4
1143 2
1144 1
1146 2
1147 2
1148 1
1150 1
1151 2
1152 2
1153 1
1154 1
1155 1
1157 1
1158 2
1159 1
1160 3
1161 1
1162 4
1163 3
1164 3
1165 2
1166 1
1167 4
1169 2
1170 1
1171 3
1172 2
1174 1
1175 1
1176 2
1177 1
1179 1
1182 1
1183 1
1187 1
1188 1
1189 1
1190 1
1191 1
1193 1
1194 2
1195 1
1196 3
1197 1
1198 2
1201 3
1202 5
1203 2
1204 3
1205 1
1206 2
1207 1
1209 2
1210 4
1211 1
1212 1
1213 1
1214 2
1215 1
1216 2
1217 6
1218 4
1219 5
1220 2
1221 5
1222 4
1223 7
1224 4
1225 4
1226 2
1227 8
1228 8
1229 4
1230 6
1231 5
1232 4
1233 4
1234 6
1235 6
1236 9
1237 2
1238 6
1239 2
1240 6
1241 5
1242 3
1243 1
1244 3
1245 1
1246 1
1247 6
1248 1
1249 2
1250 1
1251 2
1252 3
1253 5
1254 2
1255 2
1256 1
1257 2
1258 4
1259 1
1260 1
1261 4
1262 1
1263 3
1264 2
1265 1
1266 5
1267 1
1268 5
1269 2
1271 2
1273 1
1275 1
1276 2
1278 1
1288 2
1289 2
1290 2
1291 3
1293 1
1295 4
1297 1
1298 1
1299 1
1300 2
1301 1
1302 2
1305 1
1307 2
1308 2
1309 3
1311 2
1312 1
1313 3
1314 2
1315 3
1316 1
1324 1
1330 1
1332 1
1334 1
1338 2
1343 2
1344 1
1345 1
1347 2
1349 1
1351 2
1354 2
1357 2
1358 3
1359 2
1360 2
1362 2
1364 5
1365 4
1367 2
1368 3
1369 1
1370 1
1371 5
1372 3
1373 2
1375 4
1376 2
1377 3
1378 5
1379 1
1380 1
1381 3
1382 4
1384 2
1385 3
1386 2
1387 4
1388 1
1389 3
1390 1
1391 4
1393 1
1394 4
1395 1
1397 2
1398 2
1399 1
1400 1
1402 1
1403 1
1404 1
1409 3
1410 1
1411 1
1412 1
1414 2
1415 2
1418 1
1419 1
1432 1
1434 1
1439 1
1442 1
1444 1
1546 1
1560 1
1566 1
1582 1
1585 1
1593 2
1601 1
1607 1
1608 1
1610 1
1613 1
1614 1
1615 2
1618 1
1619 2
1623 2
1624 1
1625 1
1626 1
1629 1
1636 2
1637 1
1638 1
1639 1
1644 1
1651 1
1667 1
1669 1
1672 1
1674 1
1676 3
1677 1
1678 4
1680 2
1681 2
1682 2
1684 1
1685 3
1686 2
1688 2
1690 2
1691 2
1693 2
1695 1
1699 1
1701 1
1705 1
1709 1
1711 2
1718 1
1724 1
1725 1
1726 1
1742 1
1748 1
1759 1
1846 1
1852 1
1856 1
1896 1
1908 1
1909 1
1938 1
2018 2
2027 2
2030 1
2034 2
2037 1
2038 1
2042 1
2047 1
2049 1
2050 1
2053 1
2054 1
2056 3
2064 1
2067 1
2070 1
2071 1
2085 1
2485 1
2486 1
2507 1
2509 1
2512 1
2515 3
2518 1
2521 1
2523 1
2525 1
2528 1
2549 1
2553 1
2555 1
2556 2
2561 1
2566 1
2568 1
2571 1
2572 1
2581 1
2584 1
2585 1
2586 1
2598 1
2611 1
2617 1
2618 2
2623 1
2626 1
2628 3
2638 1
2641 1
2865 1
2924 1
2932 2
2936 1
3313 1
3319 1
3369 1
3652 1
3756 1
4142 1
4149 1
4968 1
4970 1
4972 1
4973 1
4977 1
4978 1
4982 1
4983 1
4998 1
4999 1
