1 21720752
2 13710907
3 9337851
4 6749152
5 4950309
6 3672216
7 2776817
8 2159850
9 1697864
10 1330040
11 1040019
12 812867
13 658449
14 576873
15 548835
16 558086
17 589444
18 638095
19 692219
20 741325
21 788565
22 823774
23 848979
24 864811
25 871280
26 863978
27 846334
28 823437
29 794790
30 759482
31 719689
32 674173
33 632199
34 591130
35 554881
36 521331
37 490624
38 463499
39 438616
40 413240
41 389794
42 363239
43 336661
44 307622
45 281101
46 255029
47 232690
48 212778
49 199187
50 189514
51 188259
52 192913
53 205851
54 223668
55 246655
56 276517
57 309784
58 346631
59 384836
60 424129
61 463355
62 500706
63 535085
64 567682
65 595210
66 616759
67 636764
68 647298
69 654737
70 654905
71 647087
72 637536
73 621743
74 604322
75 582427
76 555476
77 529452
78 500209
79 469401
80 437438
81 405723
82 373717
83 341082
84 309433
85 278460
86 249357
87 221962
88 196124
89 172421
90 150599
91 131290
92 113889
93 98076
94 84539
95 73267
96 63001
97 53890
98 45975
99 39958
100 34708
101 30236
102 26680
103 23906
104 20831
105 19109
106 16843
107 15637
108 14229
109 12721
110 11651
111 10907
112 10054
113 9133
114 8532
115 7835
116 7332
117 6919
118 6514
119 5978
120 5847
121 5549
122 5477
123 5377
124 5228
125 5091
126 4796
127 4690
128 4460
129 4378
130 4347
131 4379
132 4273
133 4129
134 4006
135 3927
136 3885
137 3731
138 3704
139 3724
140 3530
141 3334
142 3151
143 3129
144 2871
145 2742
146 2660
147 2516
148 2374
149 2252
150 2159
151 2083
152 1951
153 1890
154 1819
155 1874
156 1732
157 1671
158 1577
159 1582
160 1483
161 1438
162 1415
163 1218
164 1216
165 1132
166 1119
167 1064
168 1044
169 928
170 888
171 845
172 810
173 728
174 613
175 552
176 611
177 526
178 562
179 484
180 475
181 438
182 432
183 448
184 418
185 402
186 407
187 344
188 348
189 357
190 337
191 325
192 371
193 392
194 381
195 359
196 388
197 372
198 386
199 365
200 365
201 366
202 389
203 398
204 368
205 406
206 382
207 381
208 380
209 381
210 385
211 358
212 404
213 367
214 407
215 354
216 372
217 374
218 371
219 369
220 375
221 397
222 361
223 399
224 389
225 378
226 340
227 358
228 359
229 373
230 346
231 349
232 300
233 322
234 343
235 336
236 328
237 351
238 336
239 353
240 342
241 320
242 311
243 348
244 379
245 306
246 304
247 312
248 341
249 338
250 370
251 345
252 326
253 331
254 354
255 298
256 337
257 319
258 349
259 301
260 311
261 265
262 281
263 255
264 284
265 293
266 273
267 285
268 243
269 228
270 240
271 242
272 268
273 222
274 215
275 204
276 203
277 197
278 194
279 194
280 198
281 221
282 201
283 183
284 171
285 148
286 148
287 164
288 155
289 134
290 123
291 134
292 167
293 126
294 115
295 120
296 113
297 111
298 105
299 107
300 111
301 89
302 103
303 122
304 86
305 120
306 106
307 120
308 88
309 114
310 94
311 127
312 117
313 108
314 124
315 122
316 119
317 161
318 138
319 129
320 148
321 162
322 156
323 134
324 147
325 153
326 149
327 154
328 161
329 141
330 151
331 134
332 154
333 135
334 133
335 144
336 159
337 133
338 135
339 151
340 147
341 119
342 113
343 139
344 141
345 182
346 141
347 150
348 152
349 162
350 131
351 162
352 157
353 110
354 132
355 132
356 127
357 141
358 130
359 123
360 114
361 93
362 101
363 94
364 92
365 89
366 90
367 70
368 78
369 83
370 80
371 82
372 77
373 76
374 83
375 68
376 77
377 85
378 67
379 52
380 67
381 61
382 58
383 53
384 59
385 49
386 67
387 52
388 43
389 57
390 51
391 61
392 61
393 61
394 61
395 44
396 42
397 35
398 35
399 22
400 47
401 39
402 40
403 38
404 36
405 39
406 40
407 44
408 62
409 55
410 46
411 69
412 63
413 58
414 48
415 46
416 44
417 42
418 44
419 42
420 59
421 47
422 59
423 50
424 42
425 69
426 47
427 39
428 37
429 60
430 42
431 38
432 44
433 34
434 28
435 40
436 45
437 29
438 28
439 21
440 36
441 27
442 39
443 29
444 30
445 34
446 30
447 34
448 28
449 40
450 37
451 24
452 33
453 35
454 43
455 38
456 41
457 45
458 20
459 36
460 34
461 41
462 35
463 36
464 44
465 41
466 42
467 34
468 22
469 29
470 30
471 37
472 32
473 20
474 22
475 32
476 41
477 34
478 32
479 33
480 32
481 25
482 19
483 32
484 21
485 32
486 26
487 22
488 21
489 22
490 27
491 13
492 20
493 22
494 21
495 32
496 32
497 32
498 19
499 25
500 25
501 32
502 27
503 27
504 35
505 27
506 35
507 24
508 27
509 26
510 27
511 28
512 28
513 25
514 22
515 22
516 15
517 11
518 32
519 13
520 18
521 10
522 12
523 24
524 27
525 24
526 25
527 22
528 34
529 25
530 30
531 33
532 24
533 29
534 26
535 20
536 33
537 22
538 22
539 16
540 21
541 27
542 19
543 13
544 18
545 21
546 15
547 19
548 14
549 13
550 19
551 13
552 7
553 15
554 16
555 12
556 14
557 13
558 14
559 8
560 14
561 15
562 16
563 15
564 18
565 20
566 10
567 10
568 13
569 10
570 11
571 8
572 15
573 10
574 7
575 18
576 11
577 10
578 15
579 14
580 13
581 14
582 17
583 13
584 9
585 16
586 9
587 5
588 8
589 12
590 17
591 12
592 14
593 15
594 9
595 11
596 6
597 8
598 5
599 7
600 8
601 13
602 6
603 8
604 12
605 6
606 7
607 6
608 2
609 2
610 7
611 7
612 5
613 2
614 6
615 5
616 6
617 4
618 9
619 8
620 7
621 8
622 10
623 5
624 6
625 3
626 7
627 7
628 6
629 2
630 1
631 8
632 3
633 4
634 6
635 5
636 4
637 6
638 9
639 7
640 6
641 6
642 2
643 8
644 10
645 3
646 6
647 11
648 7
649 4
650 6
651 9
652 12
653 1
654 5
655 4
656 6
657 7
658 7
659 5
660 4
661 3
662 7
663 2
664 3
665 4
666 2
667 5
668 8
670 10
671 5
672 5
673 3
674 3
675 4
676 6
677 3
678 4
679 3
680 7
681 4
682 5
683 2
684 1
685 2
686 2
687 4
688 2
689 2
690 4
691 5
692 2
693 3
694 2
695 2
696 2
697 5
698 3
699 3
700 4
701 5
702 4
703 6
704 4
705 7
706 8
707 3
708 9
709 5
710 8
711 10
712 9
713 8
714 5
715 11
716 8
717 9
718 1
719 5
720 4
721 7
722 6
723 6
724 4
725 6
726 7
727 13
728 6
729 13
730 15
731 6
732 13
733 9
734 9
735 4
736 3
737 7
738 5
739 7
740 8
741 8
742 9
743 12
744 10
745 4
746 11
747 7
748 4
749 14
750 5
751 15
752 10
753 6
754 8
755 4
756 14
757 11
758 11
759 8
760 9
761 13
762 8
763 6
764 15
765 5
766 8
767 10
768 3
769 11
770 14
771 1
772 5
773 8
774 5
775 10
776 7
777 7
778 4
779 4
780 2
781 3
782 7
783 1
784 2
785 3
786 3
787 3
788 3
789 10
790 9
791 6
792 4
793 5
794 4
795 5
796 6
797 9
798 7
799 10
800 9
801 5
802 14
803 5
804 4
805 11
806 7
807 7
808 4
809 3
810 6
811 3
812 4
813 2
814 2
815 4
816 4
817 7
818 3
819 3
820 5
821 3
822 4
823 5
824 7
825 4
826 6
827 1
828 1
829 1
830 1
831 2
832 1
833 1
834 2
835 2
836 3
837 2
838 5
839 9
840 7
841 10
842 7
843 7
844 12
845 10
846 14
847 6
848 9
849 11
850 9
851 6
852 6
853 9
854 13
855 10
856 12
857 6
858 6
859 5
860 3
861 3
862 3
863 3
864 5
865 4
866 6
867 6
868 1
869 5
870 3
871 4
872 6
873 3
874 5
876 4
877 3
878 2
879 3
880 8
881 8
882 5
883 2
884 9
885 9
886 2
887 7
888 3
889 4
890 5
891 5
892 8
893 1
894 4
895 4
896 3
897 6
898 5
899 2
900 10
901 6
902 6
903 4
904 6
905 5
906 7
907 7
908 6
909 6
910 7
911 8
912 10
913 10
914 10
915 6
916 5
917 7
918 6
919 10
920 10
921 11
922 18
923 13
924 15
925 13
926 10
927 16
928 14
929 16
930 15
931 4
932 8
933 7
934 9
935 13
936 20
937 16
938 8
939 14
940 7
941 16
942 15
943 18
944 15
945 7
946 16
947 15
948 20
949 15
950 14
951 17
952 9
953 7
954 9
955 9
956 6
957 7
958 9
959 8
960 4
961 7
962 9
963 7
964 2
965 7
966 6
967 10
968 9
969 3
970 8
971 6
972 6
973 5
974 5
975 4
976 6
977 3
978 5
979 7
980 4
981 7
982 9
983 3
984 4
985 8
986 4
987 6
988 5
989 5
990 6
991 4
992 4
993 3
994 3
995 4
996 2
997 2
998 4
999 5
1000 3
1001 3
1002 2
1003 4
1004 2
1005 4
1006 3
1007 4
1008 6
1009 1
1010 2
1011 5
1012 1
1013 2
1014 5
1015 2
1016 2
1017 7
1018 2
1019 5
1020 1
1021 6
1022 5
1023 2
1024 4
1025 5
1026 4
1027 5
1028 2
1029 2
1030 1
1031 2
1032 1
1033 1
1034 1
1035 3
1036 2
1037 3
1038 2
1039 4
1040 2
1041 1
1042 5
1043 4
1044 2
1045 3
1046 1
1047 5
1048 4
1049 2
1050 2
1052 4
1053 5
1054 5
1055 4
1056 2
1057 8
1058 4
1059 4
1060 4
1061 1
1062 3
1063 2
1064 2
1065 3
1066 3
1067 1
1068 2
1069 3
1070 1
1071 1
1072 2
1073 1
1074 2
1075 1
1077 1
1078 3
1079 3
1080 3
1081 2
1082 4
1083 1
1084 3
1085 1
1086 1
1087 3
1088 1
1089 5
1090 1
1091 2
1092 3
1093 5
1097 1
1098 1
1102 3
1103 2
1104 1
1105 2
1107 1
1109 1
1111 1
1112 4
1113 1
1115 2
1116 1
1117 1
1118 1
1119 4
1120 2
1121 1
1123 2
1124 2
1125 1
1126 3
1128 1
1129 1
1130 3
1131 2
1132 1
1133 1
1134 1
1136 4
1137 2
1139 2
1140 1
1141 2
1142 2
1143 1
1145 1
1146 3
1147 3
1149 2
1150 1
1156 1
1160 1
1168 1
1179 1
1183 1
1184 1
1192 1
1195 1
1197 1
1199 1
1202 2
1203 1
1205 3
1206 3
1207 1
1208 1
1209 3
1210 1
1212 1
1213 1
1217 1
1221 2
1227 2
1229 2
1232 1
1233 1
1234 1
1238 1
1239 2
1241 1
1243 1
1248 1
1250 1
1255 1
1259 1
1262 3
1264 1
1265 1
1267 4
1269 3
1270 2
1272 1
1275 1
1276 1
1280 1
1281 1
1282 1
1283 1
1284 1
1286 1
1290 1
1293 1
1296 1
1306 1
1307 1
1310 1
1315 2
1317 2
1318 1
1319 1
1320 1
1325 1
1327 1
1329 1
1333 1
1347 1
1355 2
1357 1
1358 1
1361 2
1363 1
1365 2
1367 1
1368 1
1371 2
1372 3
1378 1
1380 1
1383 3
1388 1
1389 1
1392 1
1393 1
1396 1
1410 1
1413 1
1415 1
1452 1
1461 1
1464 1
1467 1
1474 1
1516 2
1521 1
1522 1
1523 1
1525 1
1531 1
1532 1
1537 1
1539 1
1578 1
1602 1
1606 1
1608 1
1613 2
1616 1
1619 1
1620 2
1624 1
1625 1
1627 1
1630 1
1631 1
1665 1
1667 2
1669 1
1676 1
1680 1
1681 1
1683 1
1703 1
1717 1
1722 1
1723 2
1724 1
1726 1
1727 2
1731 1
1733 1
1736 1
1755 1
1759 1
1769 1
1772 1
1773 1
1776 1
1780 1
1784 1
1795 1
1901 1
1903 1
1904 1
1911 1
1912 1
1933 1
1939 1
1940 1
1947 1
1963 1
1980 1
1984 1
1988 1
1993 1
1995 1
2002 1
2003 1
2005 1
2006 1
2008 2
2009 1
2010 1
2011 2
2023 2
2028 3
2029 2
2030 2
2032 1
2037 1
2040 1
2063 1
2068 1
2075 1
2078 1
2082 1
2086 2
2088 1
2090 2
2092 1
2093 1
2095 1
2096 1
2101 1
2103 2
2104 1
2108 1
2115 1
2116 1
2117 1
2127 1
2145 1
2161 1
2164 1
2166 1
2170 1
2171 1
2173 1
2181 2
2279 1
2283 1
2285 1
2334 1
2340 1
2366 1
2391 1
2394 1
2415 2
2417 1
2420 1
2445 1
2451 1
2455 1
2469 1
2479 2
2530 1
2534 1
2539 1
2587 1
2635 1
2693 1
2707 1
2715 1
2718 1
2731 1
2733 1
2758 1
2784 2
2787 1
2790 1
2794 2
2799 1
2801 2
2802 1
2813 1
2863 1
2875 1
2937 1
2946 1
3141 1
3144 1
3160 1
3161 1
3165 1
3169 1
3269 1
3312 2
3321 1
3324 2
3329 1
3330 1
3331 2
3337 1
3349 1
3351 1
4646 1
4684 1
5000 1
5183 1
5213 1
5525 1
6741 1
6821 1
6833 1
6846 1
6858 2
6859 1
6867 2
6878 1
6920 1
