1 13287553
2 6153769
3 4344132
4 3142621
5 2311709
6 1780477
7 1423039
8 1137673
9 881416
10 642279
11 441012
12 286175
13 176174
14 103625
15 59314
16 31960
17 17746
18 10183
19 6611
20 4637
21 3431
22 2924
23 2651
24 2784
25 2987
26 3635
27 5013
28 6810
29 9946
30 14164
31 21431
32 29523
33 40734
34 55545
35 73103
36 93763
37 118069
38 145651
39 173650
40 202153
41 230710
42 256426
43 278246
44 297459
45 310779
46 320970
47 322866
48 319299
49 308519
50 292279
51 272856
52 249131
53 223532
54 197862
55 171607
56 147046
57 124672
58 103570
59 84094
60 67016
61 53201
62 41378
63 31173
64 23962
65 17868
66 13046
67 9510
68 7006
69 4853
70 3433
71 2323
72 1780
73 1324
74 1076
75 872
76 722
77 648
78 615
79 549
80 620
81 639
82 700
83 741
84 846
85 908
86 991
87 1020
88 1054
89 1081
90 1084
91 1227
92 1292
93 1309
94 1325
95 1252
96 1323
97 1257
98 1288
99 1207
100 1110
101 1095
102 1022
103 933
104 960
105 849
106 770
107 639
108 517
109 459
110 372
111 408
112 357
113 365
114 334
115 360
116 319
117 342
118 328
119 326
120 305
121 353
122 344
123 346
124 317
125 319
126 367
127 372
128 361
129 410
130 390
131 365
132 405
133 389
134 392
135 348
136 346
137 398
138 406
139 418
140 372
141 435
142 382
143 378
144 331
145 316
146 307
147 318
148 246
149 225
150 189
151 172
152 148
153 150
154 153
155 128
156 139
157 157
158 142
159 175
160 158
161 131
162 151
163 160
164 129
165 149
166 140
167 129
168 118
169 126
170 109
171 131
172 106
173 105
174 93
175 130
176 145
177 120
178 107
179 108
180 174
181 134
182 172
183 150
184 160
185 159
186 170
187 184
188 165
189 175
190 169
191 190
192 174
193 177
194 181
195 165
196 166
197 190
198 143
199 149
200 160
201 130
202 116
203 130
204 123
205 120
206 123
207 122
208 125
209 102
210 111
211 87
212 102
213 97
214 107
215 83
216 99
217 86
218 91
219 84
220 70
221 90
222 79
223 84
224 80
225 73
226 86
227 72
228 57
229 72
230 61
231 86
232 88
233 63
234 79
235 81
236 85
237 85
238 89
239 69
240 80
241 74
242 71
243 70
244 60
245 79
246 75
247 54
248 69
249 65
250 79
251 76
252 101
253 77
254 84
255 105
256 72
257 83
258 76
259 61
260 75
261 66
262 59
263 66
264 55
265 63
266 62
267 62
268 61
269 72
270 60
271 52
272 58
273 47
274 46
275 49
276 49
277 62
278 58
279 54
280 46
281 38
282 36
283 55
284 42
285 45
286 33
287 40
288 39
289 34
290 40
291 37
292 31
293 32
294 28
295 32
296 20
297 18
298 19
299 25
300 26
301 21
302 32
303 21
304 9
305 25
306 25
307 13
308 12
309 12
310 14
311 8
312 7
313 13
314 6
315 9
316 8
317 10
318 13
319 11
320 14
321 13
322 19
323 8
324 4
325 9
326 9
327 8
328 8
329 12
330 8
331 7
332 8
333 7
334 4
335 6
336 8
337 3
338 3
339 11
340 17
341 7
342 12
343 7
344 10
345 3
346 5
347 6
348 10
349 11
350 7
351 14
352 6
353 12
354 12
355 11
356 9
357 11
358 14
359 4
360 5
361 2
362 6
363 3
364 4
365 4
366 3
367 3
368 5
369 3
370 4
371 6
372 5
373 3
374 2
375 4
376 5
377 2
378 4
379 6
380 4
381 5
382 5
383 5
384 6
385 6
386 2
387 5
388 4
389 4
390 5
391 3
392 7
393 1
394 8
395 3
396 5
397 7
398 2
399 3
400 2
401 3
402 5
403 9
404 6
405 8
406 11
407 6
408 6
409 7
410 6
411 8
412 2
413 4
414 5
415 6
416 6
417 6
418 2
419 1
420 4
421 3
422 3
423 3
424 4
425 3
426 2
427 5
428 4
429 4
430 5
431 3
432 3
433 3
434 7
435 9
436 6
437 4
438 6
439 8
440 6
441 6
442 2
443 7
444 2
445 6
446 6
447 5
448 7
449 13
450 10
451 6
452 13
453 5
454 7
455 8
456 7
457 6
458 5
459 2
460 7
461 3
462 6
463 2
464 8
465 10
466 2
467 10
468 8
469 8
470 12
471 8
472 11
473 9
474 8
475 11
476 8
477 6
478 8
479 7
480 7
481 6
482 12
483 9
484 9
485 10
486 9
487 4
488 12
489 12
490 9
491 8
492 16
493 11
494 9
495 11
496 17
497 15
498 11
499 10
500 8
501 11
502 18
503 9
504 12
505 9
506 13
507 11
508 10
509 10
510 8
511 10
512 8
513 4
514 12
515 15
516 17
517 12
518 6
519 11
520 8
521 16
522 10
523 14
524 12
525 10
526 10
527 7
528 7
529 5
530 5
531 4
532 3
533 2
534 6
535 6
536 10
537 3
538 5
539 3
540 8
541 7
542 3
543 8
544 6
545 7
546 1
547 4
548 5
549 7
550 2
551 3
552 9
553 3
554 8
555 10
556 4
557 8
558 3
559 6
560 6
561 4
562 3
563 5
564 2
565 5
566 6
567 7
568 11
569 12
570 5
571 5
572 8
573 10
574 17
575 13
576 14
577 10
578 17
579 10
580 8
581 12
582 18
583 10
584 5
585 9
586 4
587 3
588 10
589 10
590 7
591 6
592 4
593 8
594 6
595 10
596 6
597 5
598 7
599 7
600 5
601 4
602 4
603 5
604 2
605 1
606 5
607 6
608 5
609 4
610 3
611 3
612 6
613 10
614 4
615 4
616 7
617 4
618 1
619 2
620 2
621 7
622 5
623 8
624 3
625 3
626 9
627 4
628 6
629 6
630 6
631 11
632 12
633 7
634 6
635 10
636 13
637 12
638 9
639 11
640 17
641 18
642 9
643 6
644 12
645 11
646 10
647 6
648 9
649 8
650 8
651 16
652 7
653 7
654 9
655 12
656 8
657 12
658 6
659 7
660 4
661 10
662 9
663 10
664 7
665 2
666 7
667 6
668 7
669 1
670 4
671 1
672 7
673 11
674 11
675 8
676 6
677 9
678 9
679 7
680 4
681 10
682 6
683 4
684 5
685 6
686 8
687 4
688 5
689 3
690 4
691 3
692 3
693 6
694 4
695 3
696 2
697 2
698 3
699 3
700 5
701 7
702 4
703 6
704 7
705 9
706 1
707 9
708 6
709 5
710 3
711 8
712 10
713 4
714 5
715 5
716 3
717 4
718 2
719 3
720 3
721 4
722 2
723 3
724 11
725 6
726 5
727 4
728 2
729 4
730 1
732 4
733 3
734 3
735 2
737 2
738 5
739 4
740 6
741 1
742 1
743 3
744 1
745 1
746 3
747 1
748 3
749 3
750 4
751 4
752 3
753 2
754 5
755 4
756 4
757 5
758 5
759 5
760 4
761 4
762 4
763 8
764 4
765 6
766 10
767 2
768 1
769 1
770 3
771 6
772 5
773 1
774 6
775 2
776 2
777 1
778 4
779 3
780 2
781 2
782 3
783 2
784 4
785 3
786 3
787 2
788 1
789 4
790 3
791 1
792 3
793 2
794 5
795 3
796 4
797 3
798 3
799 2
800 2
801 2
802 3
803 5
804 3
805 5
806 5
807 7
808 7
809 7
810 4
811 1
812 4
813 6
814 6
815 2
816 4
817 2
818 3
820 2
821 1
822 1
823 4
824 1
825 1
826 2
829 1
830 1
831 3
832 1
835 1
836 2
837 1
838 2
839 1
840 3
841 5
843 1
846 1
859 2
863 1
866 1
885 1
890 1
905 1
908 1
910 2
920 1
922 1
966 1
973 2
1009 2
1010 1
1012 1
1013 1
1014 1
1017 1
1018 1
1022 1
1025 1
1044 1
1053 1
1062 1
1070 1
1075 1
1113 1
1114 3
1118 1
1122 1
1125 1
1126 2
1140 1
1172 1
1216 1
1220 1
1222 1
1225 1
1226 3
1228 1
1232 1
1236 1
1238 1
1265 1
1292 1
1310 1
1314 1
1362 1
1421 1
1490 1
1522 1
1623 1
1625 1
1627 1
1634 1
1640 2
1641 2
1643 1
1652 1
1672 1
1678 1
1692 1
1708 1
1711 1
1718 1
1720 1
1721 1
1722 1
1729 1
1769 1
1775 1
1812 1
1814 1
1851 1
1909 1
1994 1
2016 1
2020 1
2021 2
2023 1
2026 1
2034 1
2067 1
2085 1
