1 22630117
2 11074147
3 5923897
4 3207486
5 1953755
6 1461787
7 1223254
8 1040196
9 843815
10 677257
11 554211
12 487616
13 480983
14 525667
15 590495
16 666157
17 737289
18 794201
19 830377
20 844134
21 837581
22 824220
23 795507
24 763911
25 726692
26 694557
27 663408
28 640125
29 617821
30 597682
31 581695
32 564009
33 539179
34 512067
35 480320
36 446444
37 402218
38 364899
39 325032
40 287633
41 253452
42 223500
43 199589
44 181178
45 168096
46 158631
47 153666
48 149824
49 147953
50 147825
51 148610
52 150374
53 150436
54 150688
55 148832
56 147508
57 146808
58 146364
59 147317
60 149653
61 152104
62 155155
63 158819
64 162451
65 167175
66 171139
67 175013
68 177620
69 179521
70 180349
71 179337
72 176384
73 173266
74 170798
75 167103
76 164377
77 160657
78 157336
79 155655
80 154661
81 155200
82 156775
83 157798
84 160247
85 162876
86 166651
87 169470
88 170388
89 170987
90 170335
91 168978
92 166829
93 163874
94 158679
95 152610
96 145747
97 138459
98 128460
99 119713
100 110090
101 99687
102 90419
103 80692
104 71630
105 62662
106 55266
107 47487
108 40870
109 34584
110 29034
111 24182
112 19791
113 16112
114 13432
115 10762
116 8637
117 6940
118 5690
119 4714
120 3867
121 3056
122 2565
123 2110
124 1729
125 1521
126 1355
127 1267
128 1199
129 1120
130 1120
131 1167
132 1015
133 1088
134 1029
135 1076
136 997
137 1077
138 1070
139 1022
140 1118
141 1088
142 1071
143 1026
144 1001
145 956
146 977
147 993
148 952
149 925
150 862
151 856
152 861
153 730
154 766
155 666
156 637
157 691
158 606
159 564
160 518
161 464
162 498
163 451
164 453
165 480
166 443
167 411
168 429
169 436
170 436
171 503
172 458
173 492
174 412
175 507
176 454
177 488
178 500
179 470
180 562
181 512
182 508
183 543
184 495
185 513
186 506
187 521
188 485
189 498
190 484
191 520
192 476
193 506
194 505
195 494
196 468
197 470
198 432
199 448
200 381
201 369
202 363
203 333
204 349
205 364
206 357
207 348
208 318
209 323
210 295
211 266
212 318
213 279
214 268
215 287
216 296
217 309
218 294
219 280
220 276
221 257
222 255
223 228
224 211
225 210
226 185
227 161
228 178
229 159
230 158
231 154
232 169
233 143
234 127
235 135
236 121
237 115
238 143
239 132
240 129
241 149
242 136
243 139
244 140
245 153
246 135
247 136
248 141
249 144
250 123
251 157
252 151
253 158
254 151
255 180
256 190
257 181
258 194
259 181
260 192
261 222
262 205
263 205
264 219
265 274
266 204
267 252
268 265
269 244
270 237
271 221
272 231
273 213
274 223
275 255
276 237
277 226
278 225
279 194
280 186
281 196
282 198
283 177
284 175
285 181
286 192
287 183
288 166
289 177
290 143
291 140
292 120
293 116
294 175
295 145
296 161
297 182
298 166
299 147
300 151
301 142
302 137
303 147
304 113
305 125
306 116
307 98
308 82
309 100
310 90
311 96
312 92
313 102
314 83
315 70
316 90
317 89
318 115
319 98
320 91
321 90
322 89
323 64
324 88
325 90
326 96
327 98
328 65
329 88
330 69
331 61
332 54
333 75
334 54
335 67
336 58
337 61
338 52
339 61
340 59
341 50
342 51
343 51
344 24
345 41
346 38
347 35
348 36
349 45
350 38
351 46
352 39
353 46
354 43
355 41
356 44
357 38
358 45
359 47
360 45
361 50
362 48
363 52
364 53
365 50
366 52
367 50
368 53
369 44
370 39
371 54
372 46
373 49
374 47
375 39
376 48
377 49
378 55
379 43
380 34
381 39
382 30
383 35
384 26
385 22
386 18
387 20
388 14
389 13
390 9
391 14
392 19
393 16
394 14
395 16
396 21
397 16
398 15
399 17
400 18
401 28
402 23
403 21
404 22
405 31
406 26
407 33
408 28
409 20
410 44
411 37
412 49
413 53
414 62
415 75
416 87
417 109
418 87
419 119
420 149
421 183
422 174
423 250
424 260
425 312
426 358
427 432
428 475
429 547
430 574
431 718
432 778
433 903
434 1110
435 1156
436 1311
437 1469
438 1795
439 1961
440 2109
441 2423
442 2654
443 2917
444 3304
445 3698
446 4062
447 4388
448 4981
449 5444
450 5994
451 6681
452 7060
453 7649
454 8535
455 9177
456 9981
457 10590
458 11599
459 12357
460 13426
461 14349
462 15320
463 16109
464 17296
465 18374
466 18983
467 20551
468 21667
469 23087
470 23954
471 25355
472 26361
473 27207
474 28935
475 29903
476 31242
477 32648
478 33455
479 34741
480 35993
481 36686
482 37987
483 39295
484 40141
485 41687
486 42744
487 43836
488 44622
489 45548
490 46308
491 47075
492 47853
493 49082
494 49823
495 50499
496 51653
497 51998
498 53026
499 54023
500 53859
501 55349
502 56323
503 56266
504 57020
505 57223
506 58242
507 58825
508 59253
509 60096
510 60962
511 61357
512 62268
513 63012
514 63478
515 63863
516 64613
517 65299
518 65722
519 66317
520 66947
521 67272
522 67999
523 68871
524 68685
525 69374
526 69516
527 69596
528 69672
529 69889
530 69498
531 69672
532 69333
533 68750
534 69076
535 68731
536 67664
537 67486
538 66824
539 65841
540 65407
541 64016
542 63101
543 62431
544 61233
545 60071
546 59223
547 57507
548 56319
549 54930
550 53412
551 51775
552 50735
553 49215
554 47205
555 45887
556 44676
557 42453
558 40604
559 39263
560 37611
561 35983
562 33788
563 32481
564 30791
565 29509
566 28008
567 26526
568 25148
569 23986
570 22371
571 20904
572 19762
573 18696
574 17277
575 16232
576 14953
577 14038
578 12884
579 12143
580 11214
581 10426
582 9824
583 9029
584 8097
585 7330
586 6768
587 6235
588 5624
589 5327
590 4867
591 4417
592 3931
593 3576
594 3160
595 2933
596 2621
597 2361
598 2055
599 1878
600 1659
601 1484
602 1272
603 1149
604 948
605 916
606 788
607 719
608 590
609 570
610 516
611 455
612 416
613 340
614 348
615 290
616 278
617 257
618 228
619 218
620 180
621 200
622 138
623 122
624 100
625 117
626 88
627 85
628 67
629 86
630 81
631 71
632 61
633 54
634 66
635 62
636 42
637 43
638 45
639 41
640 52
641 37
642 36
643 32
644 40
645 34
646 38
647 34
648 21
649 27
650 24
651 25
652 30
653 30
654 21
655 19
656 14
657 21
658 25
659 11
660 23
661 13
662 13
663 15
664 18
665 19
666 18
667 22
668 23
669 17
670 21
671 17
672 31
673 29
674 37
675 26
676 27
677 40
678 29
679 28
680 27
681 26
682 25
683 24
684 25
685 27
686 32
687 17
688 21
689 21
690 24
691 16
692 19
693 25
694 24
695 19
696 27
697 15
698 26
699 23
700 26
701 10
702 30
703 11
704 33
705 22
706 23
707 31
708 29
709 29
710 31
711 41
712 28
713 22
714 31
715 31
716 33
717 20
718 24
719 39
720 21
721 26
722 23
723 12
724 18
725 18
726 13
727 20
728 10
729 14
730 23
731 18
732 20
733 21
734 28
735 17
736 27
737 13
738 13
739 26
740 18
741 21
742 18
743 20
744 25
745 19
746 21
747 14
748 18
749 14
750 20
751 12
752 14
753 10
754 19
755 12
756 14
757 9
758 16
759 11
760 14
761 15
762 12
763 14
764 10
765 5
766 17
767 11
768 16
769 24
770 15
771 20
772 9
773 10
774 18
775 10
776 9
777 9
778 8
779 6
780 5
781 5
782 9
783 11
784 10
785 11
786 13
787 11
788 11
789 14
790 15
791 17
792 12
793 8
794 7
795 11
796 5
797 11
798 11
799 11
800 6
801 7
802 12
803 4
804 9
805 7
806 10
807 10
808 15
809 9
810 5
811 9
812 12
813 7
814 9
815 7
816 8
817 7
818 7
819 7
820 5
821 2
822 6
823 6
824 5
825 3
826 5
827 8
828 2
829 4
830 15
831 8
832 4
833 8
834 8
835 7
836 9
837 12
838 8
839 12
840 15
841 13
842 9
843 12
844 7
845 9
846 10
847 11
848 9
849 11
850 12
851 7
852 7
853 14
854 13
855 11
856 8
857 8
858 5
859 11
860 5
861 2
862 7
863 9
864 8
865 8
866 6
867 5
868 9
869 10
870 5
871 3
872 7
873 8
874 2
875 5
876 3
877 9
878 1
879 5
880 5
881 4
882 2
883 5
884 3
885 1
886 1
887 3
888 3
889 2
890 6
891 2
892 2
893 8
894 5
895 8
896 5
897 5
898 8
899 2
900 6
901 5
902 3
903 6
904 4
905 4
906 5
907 4
908 9
909 7
910 7
911 12
912 13
913 11
914 13
915 19
916 6
917 12
918 25
919 17
920 15
921 24
922 19
923 28
924 30
925 33
926 21
927 29
928 36
929 33
930 50
931 35
932 49
933 27
934 51
935 58
936 54
937 55
938 59
939 56
940 61
941 75
942 82
943 77
944 81
945 75
946 66
947 85
948 69
949 71
950 68
951 76
952 93
953 90
954 79
955 94
956 116
957 97
958 121
959 122
960 116
961 125
962 128
963 119
964 126
965 152
966 135
967 124
968 155
969 160
970 147
971 176
972 159
973 165
974 171
975 169
976 197
977 166
978 192
979 205
980 207
981 205
982 204
983 208
984 219
985 209
986 216
987 221
988 217
989 226
990 234
991 236
992 250
993 225
994 233
995 196
996 229
997 193
998 221
999 210
1000 245
1001 204
1002 209
1003 207
1004 203
1005 187
1006 230
1007 212
1008 216
1009 217
1010 208
1011 218
1012 218
1013 185
1014 213
1015 208
1016 213
1017 159
1018 175
1019 207
1020 189
1021 200
1022 187
1023 193
1024 182
1025 173
1026 172
1027 192
1028 167
1029 185
1030 174
1031 190
1032 170
1033 188
1034 182
1035 177
1036 179
1037 155
1038 147
1039 181
1040 184
1041 184
1042 176
1043 179
1044 177
1045 209
1046 209
1047 187
1048 176
1049 176
1050 175
1051 193
1052 193
1053 182
1054 203
1055 197
1056 163
1057 182
1058 208
1059 195
1060 185
1061 211
1062 202
1063 176
1064 168
1065 194
1066 202
1067 219
1068 219
1069 194
1070 203
1071 207
1072 214
1073 203
1074 222
1075 193
1076 198
1077 206
1078 192
1079 186
1080 205
1081 235
1082 212
1083 213
1084 173
1085 226
1086 199
1087 196
1088 205
1089 204
1090 190
1091 194
1092 165
1093 173
1094 171
1095 173
1096 183
1097 190
1098 171
1099 177
1100 149
1101 137
1102 130
1103 139
1104 143
1105 130
1106 123
1107 134
1108 140
1109 114
1110 117
1111 121
1112 118
1113 106
1114 86
1115 110
1116 93
1117 95
1118 84
1119 79
1120 84
1121 80
1122 83
1123 62
1124 66
1125 58
1126 58
1127 57
1128 53
1129 41
1130 45
1131 38
1132 51
1133 43
1134 29
1135 49
1136 40
1137 36
1138 40
1139 42
1140 33
1141 33
1142 34
1143 27
1144 30
1145 22
1146 26
1147 20
1148 23
1149 18
1150 21
1151 31
1152 18
1153 21
1154 23
1155 24
1156 20
1157 16
1158 14
1159 11
1160 4
1161 12
1162 12
1163 9
1164 12
1165 8
1166 8
1167 4
1168 10
1169 8
1170 3
1171 12
1172 6
1173 16
1174 10
1175 5
1176 5
1177 9
1178 8
1179 4
1180 2
1181 9
1182 9
1183 8
1184 12
1185 13
1186 7
1187 12
1188 9
1189 3
1190 13
1191 3
1192 9
1193 8
1194 8
1195 9
1196 11
1197 7
1198 9
1199 7
1200 9
1201 5
1202 8
1203 7
1204 10
1205 6
1206 11
1207 2
1208 4
1209 10
1210 4
1211 4
1212 6
1213 10
1214 10
1215 5
1216 8
1217 9
1218 11
1219 10
1220 10
1221 9
1222 8
1223 6
1224 9
1225 18
1226 5
1227 12
1228 6
1229 7
1230 9
1231 19
1232 9
1233 8
1234 13
1235 11
1236 9
1237 9
1238 8
1239 11
1240 8
1241 9
1242 2
1243 8
1244 6
1245 4
1246 10
1247 5
1248 15
1249 7
1250 8
1251 5
1252 8
1253 11
1254 15
1255 7
1256 5
1257 7
1258 11
1259 11
1260 12
1261 4
1262 9
1263 10
1264 6
1265 9
1266 3
1267 9
1268 10
1269 7
1270 7
1271 9
1272 1
1273 7
1274 3
1275 3
1276 4
1277 2
1278 2
1279 6
1280 5
1281 3
1282 3
1283 2
1284 3
1285 2
1286 5
1287 3
1288 3
1289 5
1290 5
1292 3
1293 3
1294 1
1295 5
1296 6
1297 1
1298 5
1299 4
1300 7
1301 5
1302 4
1303 2
1304 4
1305 3
1306 2
1307 5
1308 3
1309 1
1310 7
1311 2
1312 2
1313 6
1314 2
1315 4
1316 4
1317 1
1318 3
1319 7
1320 3
1321 7
1322 1
1323 4
1324 7
1325 1
1326 5
1328 2
1329 5
1330 5
1331 4
1332 9
1333 4
1334 11
1335 13
1336 3
1337 6
1338 5
1339 9
1340 4
1341 7
1342 3
1343 5
1344 11
1345 7
1346 4
1347 3
1348 2
1349 10
1350 1
1351 1
1352 9
1353 5
1354 3
1355 6
1356 1
1357 4
1358 4
1359 1
1360 1
1361 8
1362 5
1363 5
1364 6
1365 4
1366 14
1367 2
1368 6
1369 4
1370 11
1371 11
1372 4
1373 8
1374 7
1375 4
1376 7
1377 10
1378 13
1379 6
1380 8
1381 7
1382 6
1383 12
1384 13
1385 12
1386 10
1387 14
1388 9
1389 12
1390 7
1391 19
1392 11
1393 22
1394 13
1395 14
1396 25
1397 24
1398 14
1399 17
1400 20
1401 24
1402 20
1403 26
1404 17
1405 31
1406 21
1407 16
1408 27
1409 12
1410 23
1411 16
1412 27
1413 28
1414 34
1415 33
1416 25
1417 35
1418 40
1419 30
1420 30
1421 41
1422 29
1423 29
1424 37
1425 30
1426 40
1427 39
1428 31
1429 25
1430 37
1431 42
1432 44
1433 50
1434 45
1435 47
1436 52
1437 61
1438 68
1439 60
1440 59
1441 55
1442 67
1443 42
1444 43
1445 59
1446 59
1447 58
1448 84
1449 75
1450 65
1451 75
1452 67
1453 86
1454 73
1455 89
1456 71
1457 71
1458 90
1459 84
1460 101
1461 83
1462 92
1463 102
1464 78
1465 88
1466 97
1467 120
1468 88
1469 123
1470 103
1471 107
1472 92
1473 110
1474 107
1475 113
1476 122
1477 118
1478 101
1479 114
1480 120
1481 114
1482 104
1483 112
1484 113
1485 120
1486 121
1487 114
1488 93
1489 137
1490 110
1491 106
1492 124
1493 88
1494 99
1495 111
1496 99
1497 92
1498 114
1499 99
1500 103
1501 101
1502 108
1503 112
1504 90
1505 86
1506 78
1507 85
1508 81
1509 92
1510 79
1511 97
1512 88
1513 81
1514 79
1515 83
1516 81
1517 64
1518 79
1519 62
1520 63
1521 86
1522 71
1523 62
1524 56
1525 76
1526 70
1527 57
1528 50
1529 54
1530 48
1531 52
1532 58
1533 48
1534 53
1535 40
1536 42
1537 50
1538 45
1539 39
1540 61
1541 53
1542 43
1543 43
1544 26
1545 52
1546 29
1547 42
1548 23
1549 29
1550 33
1551 27
1552 27
1553 22
1554 26
1555 22
1556 31
1557 24
1558 26
1559 21
1560 29
1561 30
1562 30
1563 25
1564 21
1565 15
1566 26
1567 26
1568 20
1569 13
1570 15
1571 23
1572 29
1573 15
1574 10
1575 23
1576 18
1577 20
1578 16
1579 18
1580 24
1581 12
1582 21
1583 17
1584 20
1585 21
1586 22
1587 20
1588 15
1589 11
1590 14
1591 12
1592 22
1593 26
1594 10
1595 20
1596 12
1597 11
1598 21
1599 19
1600 16
1601 10
1602 15
1603 25
1604 10
1605 14
1606 20
1607 17
1608 16
1609 21
1610 16
1611 18
1612 7
1613 15
1614 8
1615 10
1616 8
1617 17
1618 11
1619 20
1620 14
1621 13
1622 16
1623 20
1624 17
1625 17
1626 24
1627 15
1628 11
1629 24
1630 14
1631 18
1632 13
1633 19
1634 16
1635 11
1636 18
1637 13
1638 21
1639 13
1640 15
1641 16
1642 16
1643 14
1644 17
1645 15
1646 13
1647 19
1648 17
1649 25
1650 9
1651 12
1652 18
1653 11
1654 18
1655 22
1656 7
1657 14
1658 13
1659 6
1660 14
1661 14
1662 6
1663 11
1664 12
1665 15
1666 8
1667 11
1668 8
1669 12
1670 12
1671 8
1672 5
1673 16
1674 6
1675 6
1676 11
1677 13
1678 10
1679 7
1680 10
1681 3
1682 8
1683 6
1684 9
1685 11
1686 9
1687 8
1688 6
1689 13
1690 8
1691 6
1692 7
1693 6
1694 3
1695 8
1696 10
1697 9
1698 3
1699 9
1700 7
1701 7
1702 6
1703 10
1704 8
1705 11
1706 12
1707 7
1708 8
1709 5
1710 7
1711 10
1712 5
1713 7
1714 2
1715 8
1716 5
1717 6
1718 8
1719 6
1720 4
1721 4
1722 4
1723 9
1724 5
1725 7
1726 6
1727 7
1728 7
1729 8
1730 4
1731 7
1732 5
1733 15
1734 8
1735 9
1736 4
1737 7
1738 5
1739 3
1740 10
1741 3
1742 4
1743 6
1744 6
1745 3
1746 8
1747 5
1748 5
1749 8
1750 6
1751 4
1752 6
1753 2
1754 2
1755 4
1756 4
1757 5
1758 4
1759 8
1760 2
1761 1
1762 4
1763 6
1764 2
1765 4
1766 5
1767 7
1768 1
1769 4
1770 4
1771 3
1772 1
1773 3
1774 2
1775 5
1776 4
1777 1
1778 7
1779 4
1780 2
1781 1
1782 3
1783 4
1784 2
1785 3
1786 2
1787 4
1788 2
1789 3
1790 3
1792 1
1793 2
1796 2
1797 3
1798 2
1799 1
1800 1
1801 2
1802 1
1803 1
1804 2
1806 1
1809 1
1811 1
1812 1
1813 1
1814 1
1815 1
1817 1
1818 2
1819 1
1820 2
1821 1
1822 1
1823 1
1825 1
1826 2
1827 1
1828 2
1829 1
1832 1
1833 3
1834 3
1836 2
1837 3
1838 1
1839 3
1840 10
1841 6
1842 4
1843 3
1844 5
1845 2
1846 1
1847 2
1848 2
1849 1
1851 1
1852 1
1853 1
1855 2
1857 2
1858 2
1859 3
1860 5
1862 7
1863 4
1864 2
1865 5
1866 3
1867 2
1869 1
1870 3
1871 3
1872 3
1873 1
1875 5
1876 2
1877 6
1878 4
1879 2
1880 6
1881 5
1882 5
1883 2
1884 5
1885 7
1886 8
1887 3
1888 6
1889 5
1890 7
1891 7
1892 8
1893 5
1894 4
1895 8
1896 8
1897 5
1898 6
1899 9
1900 7
1901 9
1902 5
1903 4
1904 4
1905 9
1906 10
1907 11
1908 12
1909 10
1910 8
1911 5
1912 8
1913 14
1914 7
1915 7
1916 11
1917 10
1918 14
1919 14
1920 22
1921 14
1922 14
1923 9
1924 21
1925 13
1926 14
1927 15
1928 14
1929 21
1930 14
1931 15
1932 19
1933 21
1934 16
1935 14
1936 30
1937 15
1938 20
1939 27
1940 23
1941 26
1942 29
1943 31
1944 25
1945 23
1946 29
1947 34
1948 24
1949 25
1950 26
1951 28
1952 30
1953 26
1954 21
1955 25
1956 25
1957 25
1958 18
1959 29
1960 23
1961 18
1962 31
1963 24
1964 24
1965 25
1966 26
1967 25
1968 25
1969 22
1970 23
1971 25
1972 19
1973 24
1974 25
1975 34
1976 17
1977 18
1978 24
1979 28
1980 24
1981 19
1982 18
1983 22
1984 23
1985 20
1986 28
1987 20
1988 24
1989 21
1990 22
1991 32
1992 25
1993 24
1994 22
1995 29
1996 20
1997 29
1998 35
1999 17
2000 25
2001 34
2002 27
2003 24
2004 29
2005 25
2006 37
2007 20
2008 22
2009 34
2010 32
2011 21
2012 15
2013 20
2014 26
2015 21
2016 19
2017 13
2018 15
2019 18
2020 17
2021 25
2022 16
2023 19
2024 9
2025 18
2026 22
2027 19
2028 17
2029 24
2030 15
2031 14
2032 16
2033 17
2034 17
2035 13
2036 7
2037 12
2038 13
2039 14
2040 13
2041 17
2042 6
2043 8
2044 10
2045 7
2046 10
2047 11
2048 12
2049 13
2050 8
2051 11
2052 7
2053 5
2054 7
2055 9
2056 8
2057 6
2058 9
2059 10
2060 5
2061 13
2062 9
2063 5
2064 13
2065 9
2066 18
2067 13
2068 11
2069 15
2070 7
2071 9
2072 10
2073 11
2074 13
2075 13
2076 10
2077 18
2078 14
2079 17
2080 14
2081 18
2082 10
2083 19
2084 15
2085 15
2086 19
2087 9
2088 28
2089 12
2090 17
2091 16
2092 18
2093 12
2094 22
2095 20
2096 25
2097 17
2098 16
2099 17
2100 23
2101 22
2102 19
2103 28
2104 18
2105 25
2106 18
2107 24
2108 27
2109 23
2110 30
2111 24
2112 21
2113 25
2114 31
2115 21
2116 20
2117 29
2118 30
2119 24
2120 27
2121 36
2122 25
2123 23
2124 29
2125 22
2126 22
2127 27
2128 40
2129 22
2130 18
2131 25
2132 25
2133 14
2134 28
2135 21
2136 26
2137 29
2138 30
2139 22
2140 27
2141 30
2142 20
2143 20
2144 16
2145 23
2146 22
2147 23
2148 26
2149 25
2150 22
2151 26
2152 19
2153 19
2154 18
2155 22
2156 21
2157 21
2158 17
2159 22
2160 13
2161 14
2162 14
2163 27
2164 21
2165 25
2166 30
2167 20
2168 28
2169 16
2170 22
2171 26
2172 28
2173 15
2174 22
2175 25
2176 22
2177 24
2178 29
2179 20
2180 24
2181 11
2182 11
2183 14
2184 20
2185 13
2186 18
2187 13
2188 8
2189 14
2190 12
2191 11
2192 6
2193 13
2194 12
2195 12
2196 12
2197 10
2198 18
2199 9
2200 12
2201 10
2202 19
2203 6
2204 11
2205 15
2206 12
2207 9
2208 12
2209 8
2210 10
2211 10
2212 10
2213 11
2214 3
2215 9
2216 10
2217 11
2218 15
2219 11
2220 5
2221 10
2222 3
2223 5
2224 7
2225 5
2226 9
2227 4
2228 3
2229 6
2231 9
2232 4
2233 8
2234 5
2235 8
2236 4
2237 5
2238 4
2239 6
2240 4
2241 3
2242 5
2243 7
2244 9
2245 7
2246 6
2247 1
2248 8
2249 4
2250 6
2251 7
2252 4
2253 3
2254 4
2255 3
2256 6
2257 3
2258 7
2259 4
2260 4
2261 5
2262 2
2263 3
2264 1
2265 1
2266 1
2267 2
2269 1
2270 4
2272 2
2273 3
2279 1
2280 1
2284 2
2285 2
2286 1
2289 1
2291 1
2294 1
2297 1
2299 1
2300 2
2301 3
2302 1
2304 1
2306 1
2308 2
2311 2
2312 3
2313 1
2314 1
2315 1
2318 1
2319 1
2321 1
2322 1
2323 3
2325 2
2326 1
2327 2
2329 1
2330 1
2331 1
2332 3
2333 2
2335 2
2336 1
2337 1
2339 2
2340 2
2343 1
2344 1
2345 1
2346 1
2347 2
2349 1
2351 2
2352 2
2353 1
2354 2
2355 1
2356 2
2357 1
2360 2
2361 5
2362 4
2363 3
2365 3
2366 6
2367 2
2368 1
2369 7
2370 2
2371 3
2372 6
2373 5
2375 2
2376 2
2377 4
2378 3
2379 3
2380 4
2381 6
2383 2
2384 6
2385 4
2386 5
2387 5
2388 8
2389 6
2390 1
2391 3
2392 5
2393 8
2394 10
2395 12
2396 11
2397 6
2398 8
2399 10
2400 6
2401 8
2402 10
2403 12
2404 13
2405 15
2406 18
2407 16
2408 9
2409 16
2410 16
2411 14
2412 16
2413 12
2414 10
2415 8
2416 10
2417 7
2418 11
2419 13
2420 13
2421 16
2422 13
2423 15
2424 10
2425 8
2426 12
2427 18
2428 9
2429 13
2430 13
2431 5
2432 7
2433 10
2434 17
2435 6
2436 10
2437 12
2438 17
2439 7
2440 5
2441 11
2442 7
2443 7
2444 6
2445 7
2446 9
2447 12
2448 13
2449 9
2450 10
2451 13
2452 9
2453 17
2454 10
2455 17
2456 18
2457 8
2458 11
2459 14
2460 11
2461 18
2462 9
2463 18
2464 18
2465 19
2466 24
2467 20
2468 12
2469 13
2470 29
2471 17
2472 16
2473 19
2474 17
2475 17
2476 19
2477 18
2478 14
2479 12
2480 19
2481 16
2482 14
2483 8
2484 6
2485 16
2486 12
2487 13
2488 14
2489 11
2490 14
2491 12
2492 11
2493 13
2494 23
2495 12
2496 19
2497 22
2498 18
2499 19
2500 15
2501 11
2502 21
2503 17
2504 9
2505 22
2506 14
2507 17
2508 11
2509 12
2510 16
2511 21
2512 17
2513 18
2514 22
2515 13
2516 15
2517 14
2518 16
2519 14
2520 13
2521 9
2522 11
2523 16
2524 8
2525 14
2526 13
2527 17
2528 16
2529 11
2530 5
2531 13
2532 13
2533 15
2534 12
2535 14
2536 10
2537 14
2538 7
2539 9
2540 7
2541 10
2542 7
2543 5
2544 6
2545 10
2546 7
2547 5
2548 8
2549 9
2550 2
2551 7
2552 4
2553 3
2554 5
2555 6
2556 4
2557 3
2558 3
2559 6
2560 2
2561 1
2562 2
2563 2
2564 1
2565 2
2566 3
2567 1
2568 1
2569 3
2572 1
2573 1
2574 1
2575 1
2576 1
2577 1
2578 1
2579 1
2580 2
2581 1
2582 1
2584 2
2585 3
2586 3
2587 1
2588 3
2589 6
2590 3
2591 4
2592 3
2593 4
2594 1
2595 2
2596 4
2597 1
2598 5
2599 2
2600 3
2601 4
2602 4
2603 4
2604 3
2605 3
2606 1
2608 3
2609 5
2610 3
2611 7
2612 4
2613 7
2614 8
2615 8
2616 6
2617 4
2618 6
2619 6
2620 4
2621 3
2622 3
2623 7
2624 4
2625 1
2627 4
2628 6
2629 4
2630 6
2631 3
2632 3
2633 6
2634 3
2635 6
2636 12
2637 5
2638 5
2639 8
2640 5
2641 14
2642 7
2643 7
2644 9
2645 9
2646 5
2647 8
2648 10
2649 7
2650 14
2651 8
2652 10
2653 8
2654 10
2655 7
2656 9
2657 10
2658 20
2659 7
2660 8
2661 7
2662 12
2663 15
2664 8
2665 5
2666 12
2667 13
2668 15
2669 14
2670 15
2671 7
2672 12
2673 11
2674 14
2675 9
2676 17
2677 6
2678 16
2679 13
2680 14
2681 14
2682 11
2683 10
2684 17
2685 16
2686 11
2687 14
2688 9
2689 10
2690 9
2691 17
2692 8
2693 11
2694 9
2695 5
2696 7
2697 11
2698 9
2699 9
2700 9
2701 8
2702 12
2703 4
2704 7
2705 11
2706 16
2707 11
2708 12
2709 13
2710 5
2711 8
2712 13
2713 12
2714 9
2715 10
2716 11
2717 15
2718 7
2719 9
2720 12
2721 4
2722 8
2723 10
2724 9
2725 11
2726 2
2727 11
2728 5
2729 7
2730 1
2731 11
2732 11
2733 2
2734 6
2735 12
2736 6
2737 8
2738 1
2739 9
2740 2
2741 9
2742 11
2743 6
2744 7
2745 3
2746 4
2747 5
2748 4
2749 9
2750 3
2751 3
2752 8
2753 8
2754 6
2755 7
2756 3
2757 4
2758 2
2759 5
2760 1
2761 3
2762 3
2763 1
2764 5
2765 5
2766 2
2767 3
2768 1
2769 4
2770 2
2771 3
2772 2
2773 3
2774 1
2775 3
2776 2
2777 3
2778 1
2779 3
2780 3
2781 1
2782 2
2783 3
2784 3
2785 6
2786 4
2787 3
2788 5
2789 2
2790 1
2791 1
2793 7
2795 2
2796 1
2798 1
2799 1
2800 3
2802 1
2804 1
2805 1
2807 1
2809 1
2810 1
2812 1
2813 1
2814 1
2815 1
2827 1
2831 1
2832 1
2833 1
2835 1
2836 2
2838 1
2844 4
2845 1
2846 1
2847 1
2848 4
2849 2
2850 2
2851 2
2852 2
2854 5
2855 4
2856 3
2857 3
2858 4
2860 4
2862 3
2863 4
2864 1
2865 3
2866 2
2867 2
2868 4
2869 2
2870 1
2871 4
2872 2
2873 2
2874 4
2875 3
2876 4
2877 6
2878 4
2879 2
2880 5
2881 7
2882 6
2883 7
2884 11
2885 4
2886 5
2887 6
2888 7
2889 13
2890 6
2891 6
2892 4
2893 4
2894 7
2895 3
2896 7
2897 4
2898 9
2899 5
2900 8
2901 7
2902 11
2903 10
2904 5
2905 6
2906 3
2907 7
2908 6
2909 5
2910 3
2911 3
2912 7
2913 7
2914 7
2915 16
2916 12
2917 2
2918 9
2919 13
2920 13
2921 6
2922 6
2923 12
2924 8
2925 6
2926 8
2927 17
2928 11
2929 10
2930 6
2931 13
2932 13
2933 5
2934 13
2935 21
2936 16
2937 14
2938 21
2939 14
2940 13
2941 16
2942 20
2943 15
2944 13
2945 20
2946 20
2947 19
2948 22
2949 18
2950 22
2951 24
2952 20
2953 16
2954 30
2955 19
2956 22
2957 25
2958 23
2959 22
2960 20
2961 24
2962 22
2963 16
2964 15
2965 19
2966 16
2967 20
2968 25
2969 23
2970 21
2971 21
2972 19
2973 18
2974 13
2975 15
2976 19
2977 19
2978 20
2979 22
2980 15
2981 23
2982 19
2983 21
2984 23
2985 21
2986 12
2987 21
2988 21
2989 22
2990 14
2991 13
2992 13
2993 17
2994 13
2995 23
2996 6
2997 19
2998 11
2999 15
3000 20
3001 12
3002 15
3003 11
3004 17
3005 15
3006 17
3007 10
3008 8
3009 12
3010 21
3011 13
3012 9
3013 10
3014 11
3015 8
3016 8
3017 7
3018 10
3019 4
3020 7
3021 3
3022 8
3023 9
3024 6
3025 7
3026 6
3027 5
3028 1
3029 8
3030 3
3031 2
3032 1
3033 3
3034 3
3035 2
3036 3
3037 3
3038 1
3039 6
3040 2
3041 2
3042 7
3043 4
3044 5
3045 6
3046 2
3047 2
3048 4
3049 7
3050 1
3051 6
3052 3
3053 6
3054 3
3055 1
3056 1
3057 4
3058 5
3059 3
3060 2
3061 1
3062 3
3063 2
3064 4
3065 1
3066 3
3068 4
3069 1
3072 3
3073 4
3074 3
3075 1
3076 1
3078 4
3079 2
3080 2
3081 2
3082 1
3083 1
3084 1
3085 3
3086 3
3087 2
3088 2
3089 2
3090 3
3091 1
3092 2
3093 1
3094 1
3095 2
3096 3
3098 1
3099 1
3100 1
3101 1
3102 1
3103 1
3104 2
3107 2
3109 1
3111 1
3113 1
3122 1
3123 1
3137 1
3141 2
3143 3
3144 1
3145 2
3146 1
3148 1
3151 2
3152 1
3154 2
3155 1
3158 1
3161 2
3162 1
3163 1
3165 5
3167 2
3168 2
3169 2
3170 4
3171 2
3172 1
3173 2
3174 3
3175 1
3176 3
3177 4
3178 5
3179 1
3180 1
3181 1
3182 1
3183 3
3184 1
3186 2
3187 2
3189 2
3190 4
3191 3
3193 1
3194 4
3195 3
3196 5
3197 2
3198 2
3199 2
3200 1
3201 1
3202 3
3203 2
3204 4
3205 5
3206 2
3207 2
3208 2
3209 1
3210 3
3211 4
3212 2
3213 2
3214 1
3215 6
3216 4
3217 1
3218 7
3219 5
3220 5
3221 2
3222 2
3223 2
3225 3
3227 4
3228 2
3229 4
3230 6
3231 6
3232 5
3233 5
3234 4
3235 5
3236 3
3238 3
3239 1
3240 2
3241 1
3242 4
3243 1
3244 3
3246 1
3247 4
3248 2
3249 3
3250 1
3251 1
3252 1
3256 1
3257 1
3258 1
3259 1
3261 1
3263 2
3264 1
3265 2
3268 3
3269 1
3271 3
3273 2
3275 2
3277 1
3278 1
3279 1
3280 1
3282 1
3284 2
3286 1
3287 1
3289 1
3290 2
3291 1
3292 1
3294 3
3297 2
3299 2
3300 3
3301 1
3305 1
3307 2
3308 1
3309 1
3310 1
3311 2
3312 1
3315 1
3316 1
3317 1
3321 2
3323 2
3325 1
3326 1
3327 2
3328 2
3329 1
3330 3
3331 2
3332 5
3335 2
3336 4
3337 1
3338 1
3339 2
3340 3
3342 1
3344 2
3346 2
3348 1
3350 1
3352 3
3353 2
3354 1
3355 2
3358 1
3360 3
3363 2
3364 1
3368 1
3371 1
3373 1
3374 1
3379 1
3380 3
3383 1
3384 1
3385 1
3386 1
3387 1
3392 2
3395 1
3396 1
3397 5
3399 1
3400 2
3401 1
3402 2
3403 1
3404 1
3407 5
3408 5
3409 1
3410 3
3411 2
3412 2
3415 4
3416 3
3417 1
3418 5
3419 1
3420 1
3421 1
3422 3
3423 2
3424 3
3426 1
3428 4
3430 1
3432 1
3434 1
3438 2
3439 1
3440 4
3441 2
3442 1
3443 1
3444 1
3445 3
3446 2
3447 2
3448 2
3449 4
3450 3
3451 3
3452 3
3453 2
3454 3
3455 1
3457 2
3458 2
3459 2
3460 2
3461 1
3462 1
3463 4
3464 1
3465 1
3468 1
3471 2
3472 4
3473 1
3476 1
3477 2
3478 2
3479 1
3480 2
3481 1
3482 2
3483 4
3484 4
3485 2
3486 2
3487 2
3488 4
3489 2
3490 2
3491 5
3494 1
3495 2
3497 2
3498 2
3499 1
3500 3
3501 1
3503 2
3504 1
3505 1
3506 1
3507 1
3508 1
3509 2
3511 2
3512 2
3513 2
3515 2
3516 2
3517 1
3518 1
3520 1
3521 2
3523 1
3524 2
3526 1
3529 2
3530 2
3532 1
3534 1
3535 1
3537 1
3538 1
3540 1
3545 2
3547 2
3550 1
3552 1
3553 1
3554 1
3555 2
3558 1
3562 1
3566 1
3569 1
3570 1
3589 1
3599 1
3602 1
3603 1
3653 1
3658 1
3672 1
3693 1
3718 1
3723 2
3731 1
3733 1
3734 1
3735 1
3739 1
3740 1
3744 1
3745 1
3746 1
3750 1
3751 1
3753 1
3755 1
3757 1
3758 1
3762 1
3763 1
3764 1
3765 2
3766 2
3768 1
3769 1
3771 1
3772 1
3774 1
3776 2
3778 1
3779 1
3782 1
3783 1
3784 1
3785 2
3786 1
3787 1
3788 1
3795 1
3796 1
3799 1
3801 1
3804 1
3806 1
3810 1
3811 2
3813 1
3817 1
3818 1
3821 1
3823 2
3829 1
3830 3
3831 1
3832 1
3833 1
3846 1
3851 2
3852 1
3866 1
3869 1
3872 1
3875 1
3876 2
3877 1
3879 1
3883 1
3884 1
3885 1
3886 3
3890 1
3893 2
3894 2
3895 2
3896 3
3899 2
3900 3
3902 1
3903 3
3904 4
3905 1
3906 1
3907 3
3908 3
3909 3
3910 2
3911 1
3914 4
3915 2
3916 1
3917 3
3918 1
3919 1
3920 1
3921 2
3922 2
3924 1
3925 1
3926 4
3928 2
3930 3
3932 1
3935 1
3936 2
3937 1
3938 1
3939 3
3940 4
3941 4
3942 1
3943 1
3944 1
3945 4
3946 4
3947 2
3948 3
3949 3
3950 3
3951 2
3952 4
3953 2
3954 2
3955 2
3956 3
3958 2
3960 2
3961 3
3962 1
3963 1
3964 4
3965 4
3966 2
3969 1
3976 3
3979 1
3986 1
3992 1
3997 1
4000 1
4001 1
4006 1
4010 1
4015 1
4020 1
4026 2
4030 2
4032 1
4033 4
4040 1
4042 1
4045 1
4047 1
4050 1
4051 1
4056 1
4060 1
4065 1
4068 1
4069 1
4070 1
4076 2
4083 1
4136 1
4150 1
4159 1
4160 1
4161 1
4163 1
4171 1
4172 1
4173 1
4175 2
4179 1
4180 1
4185 1
4188 1
4191 4
4192 1
4201 1
4210 1
4235 1
4267 1
4278 1
4292 1
4295 1
4303 1
4305 1
4306 1
4311 1
4312 1
4313 1
4314 1
4316 1
4320 1
4327 1
4329 1
4330 1
4333 2
4334 1
4336 1
4337 1
4340 1
4341 1
4342 1
4347 2
4349 1
4352 1
4358 2
4360 2
4361 1
4362 2
4363 1
4364 1
4365 1
4366 1
4369 3
4370 2
4373 1
4374 1
4375 1
4376 1
4380 1
4383 1
4386 1
4393 1
4395 1
4396 1
4397 1
4398 1
4400 1
4404 1
4407 1
4410 2
4413 1
4415 1
4417 2
4418 2
4419 1
4420 1
4423 1
4427 2
4428 1
4429 1
4430 1
4431 2
4435 2
4436 1
4440 2
4441 3
4442 2
4447 1
4449 1
4450 1
4452 2
4453 1
4455 1
4456 1
4457 2
4459 1
4460 3
4461 2
4464 2
4466 1
4467 1
4468 2
4472 1
4473 1
4474 2
4478 1
4479 1
4480 4
4481 3
4482 2
4483 1
4484 2
4485 3
4487 1
4488 2
4489 2
4491 1
4492 1
4493 2
4495 1
4498 1
4499 1
4500 1
4501 2
4503 1
4504 2
4506 1
4513 2
4515 1
4517 1
4523 1
4524 1
4527 1
4528 2
4540 1
4544 2
4548 1
4550 1
4551 1
4552 1
4553 2
4554 1
4557 1
4558 1
4560 1
4566 1
4569 1
4570 1
4571 1
4573 1
4577 1
4578 1
4580 1
4583 1
4589 2
4591 1
4659 1
4660 1
4663 1
4670 1
4674 1
4686 1
4687 1
4692 1
4693 1
4727 1
4735 1
4769 1
4784 1
4787 1
4788 1
4789 1
4792 1
4794 1
4797 1
4799 1
4800 1
4801 3
4802 1
4803 1
4806 2
4807 2
4808 2
4809 1
4811 1
4814 1
4815 1
4822 1
4824 1
4825 1
4826 1
4828 1
4831 2
4833 1
4834 1
4836 1
4838 1
4840 1
4845 1
4846 1
4847 1
4857 1
4860 2
4864 2
4866 2
4867 1
4869 2
4870 2
4871 2
4876 1
4877 1
4881 3
4882 1
4885 2
4887 1
4890 1
4894 3
4895 2
4896 2
4898 2
4899 1
4901 2
4903 2
4905 4
4906 2
4907 1
4908 5
4909 2
4910 1
4911 2
4913 5
4914 1
4915 3
4916 3
4917 3
4918 1
4919 3
4920 5
4921 6
4922 5
4923 3
4924 1
4925 2
4926 6
4928 5
4929 3
4930 2
4931 3
4932 2
4933 2
4935 1
4936 3
4938 1
4939 1
4940 2
4941 1
4942 1
4943 1
4944 2
4945 2
4946 5
4947 3
4948 2
4949 2
4952 3
4954 2
4955 1
4956 2
4957 2
4960 2
4962 1
4963 1
4964 1
4966 1
4967 1
4968 1
4969 1
4970 1
4971 1
4973 1
4976 1
4977 1
4978 1
4979 1
4981 2
4982 1
4983 1
4984 2
4985 3
4988 3
4989 2
4990 2
4992 3
4994 4
4995 2
4997 2
4998 1
5000 1
5001 2
5004 1
5005 1
5007 1
5008 1
5009 1
5011 1
5012 1
5013 2
5015 1
5016 1
5017 1
5018 3
5019 2
5021 1
5024 1
5025 3
5026 1
5028 1
5029 1
5030 1
5031 2
5032 1
5035 2
5036 1
5037 3
5039 1
5040 1
5041 2
5042 2
5043 1
5044 2
5046 1
5048 1
5050 1
5051 1
5052 1
5053 1
5054 1
5055 1
5067 1
5071 1
5081 1
5149 1
5150 1
5228 1
5235 1
5284 2
5285 1
5287 1
5288 1
5291 1
5295 3
5297 1
5299 1
5300 2
5304 2
5305 2
5307 1
5308 1
5310 1
5311 1
5312 1
5313 1
5315 1
5316 2
5320 1
5322 1
5323 1
5328 1
5330 1
5331 1
5332 1
5335 2
5337 3
5338 1
5340 1
5341 3
5342 6
5344 2
5345 2
5346 3
5347 2
5348 2
5349 2
5350 1
5351 4
5352 1
5353 2
5355 1
5356 3
5357 1
5358 1
5359 1
5360 1
5362 2
5363 1
5365 1
5366 1
5367 1
5368 2
5371 1
5373 2
5374 2
5375 1
5376 2
5377 2
5378 1
5379 4
5380 1
5381 3
5382 2
5383 3
5384 1
5385 2
5386 4
5388 3
5389 1
5390 2
5393 3
5394 1
5395 2
5397 2
5398 3
5399 3
5401 5
5402 3
5403 1
5404 3
5405 2
5406 1
5407 4
5409 1
5410 2
5411 1
5412 3
5413 4
5414 5
5415 2
5416 3
5418 3
5419 2
5420 1
5421 1
5423 4
5424 1
5426 1
5427 2
5428 3
5430 2
5431 5
5432 4
5433 2
5434 6
5435 4
5436 4
5437 3
5438 4
5439 4
5440 3
5441 5
5442 4
5443 5
5444 4
5445 2
5447 3
5448 3
5449 6
5450 7
5451 3
5452 5
5453 4
5454 3
5455 2
5456 2
5457 2
5458 7
5459 3
5460 4
5461 4
5462 1
5464 1
5465 2
5466 4
5467 5
5468 2
5469 2
5470 3
5471 3
5472 5
5473 2
5474 1
5475 3
5476 3
5477 1
5478 4
5479 4
5480 3
5481 4
5482 4
5484 1
5485 4
5486 3
5487 2
5488 6
5489 4
5490 4
5491 3
5492 3
5493 2
5494 6
5495 1
5496 4
5497 3
5499 3
5500 2
5501 1
5502 4
5503 1
5504 3
5505 3
5506 5
5507 4
5508 1
5510 1
5511 5
5512 3
5513 5
5514 3
5515 1
5516 3
5517 2
5518 2
5519 3
5523 1
5524 2
5525 1
5526 3
5527 2
5528 1
5529 2
5532 4
5533 4
5534 2
5536 2
5537 1
5538 2
5545 1
5571 1
5632 1
5646 1
5648 1
5649 2
5654 1
5659 1
5662 1
5664 1
5666 1
5670 1
5680 1
5681 2
5682 1
5719 1
5731 1
5742 1
5747 1
5750 1
5761 1
5770 1
5800 1
5811 1
5812 1
5813 1
5817 2
5818 1
5819 1
5821 1
5822 1
5824 2
5825 1
5828 1
5832 1
5833 1
5834 1
5835 2
5837 2
5838 1
5843 3
5845 3
5847 1
5848 2
5850 2
5851 1
5853 1
5854 1
5855 1
5857 1
5860 1
5861 1
5862 1
5863 2
5864 1
5865 1
5868 2
5870 1
5874 1
5875 1
5876 2
5878 2
5880 1
5881 1
5882 1
5883 1
5884 1
5885 3
5887 1
5888 1
5889 2
5890 1
5891 1
5893 2
5895 1
5896 2
5897 1
5898 1
5900 1
5901 1
5902 2
5903 1
5904 1
5905 1
5908 1
5910 1
5912 1
5913 1
5914 1
5915 2
5916 2
5919 1
5920 1
5922 1
5923 1
5924 1
5925 2
5928 1
5929 1
5930 1
5931 1
5932 1
5933 1
5934 2
5935 2
5936 1
5938 1
5941 1
5943 1
5944 3
5945 2
5946 1
5948 2
5949 1
5950 4
5951 2
5952 1
5954 2
5955 1
5956 1
5957 2
5959 3
5961 1
5963 1
5964 1
5965 1
5966 3
5967 1
5968 4
5969 1
5970 3
5971 1
5972 1
5973 2
5974 4
5975 1
5978 1
5979 3
5981 2
5982 1
5983 2
5984 1
5985 3
5986 1
5987 1
5988 1
5989 3
5990 1
5991 1
5993 1
5994 1
5995 2
5998 2
5999 1
6000 1
6001 1
6002 1
6003 1
6004 1
6005 2
6008 1
6009 1
6010 2
6014 2
6015 1
6017 1
6018 1
6020 1
6021 1
6022 2
6025 1
6029 3
6030 1
6031 1
6033 1
6034 1
6035 1
6036 1
6039 1
6040 1
6041 1
6042 1
6044 1
6045 1
6046 1
6051 1
6052 1
6053 1
6054 1
6057 1
6058 1
6059 3
6061 3
6062 1
6063 2
6068 1
6070 1
6071 1
6072 1
6074 1
6076 1
6084 1
6094 1
6098 2
6103 2
6104 1
6107 1
6158 1
6170 1
6203 1
6205 1
6216 1
6217 1
6220 2
6227 1
6229 1
6232 2
6234 2
6236 3
6240 1
6242 1
6243 2
6244 1
6245 1
6247 1
6250 1
6260 1
6268 1
6275 2
6276 1
6281 1
6283 2
6284 2
6285 2
6286 2
6287 2
6289 4
6290 3
6291 2
6293 5
6294 1
6295 3
6296 1
6297 1
6298 1
6300 1
6301 3
6303 1
6304 1
6305 3
6306 3
6308 4
6309 1
6310 1
6311 4
6312 2
6314 2
6316 2
6317 1
6319 2
6321 4
6322 1
6323 2
6324 1
6325 1
6326 1
6328 1
6330 3
6332 2
6333 1
6334 3
6335 1
6336 2
6337 3
6338 4
6339 1
6340 1
6341 2
6342 2
6343 2
6344 1
6345 1
6346 1
6351 1
6352 2
6354 2
6357 3
6358 1
6361 1
6362 1
6366 2
6367 2
6369 1
6370 1
6371 1
6372 1
6374 2
6375 1
6376 1
6380 3
6382 1
6383 1
6385 1
6387 1
6393 2
6394 1
6400 1
6401 1
6402 1
6404 1
6405 1
6406 1
6407 3
6408 2
6409 1
6410 1
6412 1
6413 1
6415 1
6418 1
6421 3
6425 1
6426 1
6427 1
6428 4
6429 6
6431 2
6432 1
6433 1
6434 1
6435 1
6437 1
6438 1
6439 2
6440 3
6441 3
6442 1
6443 2
6444 2
6445 1
6447 4
6448 1
6449 3
6450 1
6451 4
6452 1
6453 2
6454 1
6455 1
6457 3
6458 3
6460 2
6463 2
6464 2
6466 3
6467 1
6468 1
6469 3
6470 2
6471 1
6472 2
6473 3
6475 1
6476 2
6477 1
6478 1
6479 2
6481 2
6482 1
6483 2
6484 2
6485 2
6486 1
6488 3
6489 1
6491 1
6492 1
6493 1
6495 1
6498 1
6501 2
6508 1
6509 1
6517 1
6523 1
6526 1
6527 1
6528 2
6539 2
6546 2
6550 1
6560 1
6561 1
6578 1
6580 1
6587 1
6593 1
6594 1
6596 1
6597 1
6598 1
6599 1
6601 1
6610 1
6624 1
6627 1
6628 1
6633 1
6637 1
6638 2
6643 1
6646 1
6660 1
6661 1
6666 1
6672 2
6674 1
6677 3
6678 2
6679 1
6680 2
6682 3
6683 1
6684 1
6686 2
6689 2
6691 1
6693 1
6695 2
6697 3
6698 4
6699 1
6700 3
6701 3
6702 4
6703 1
6704 2
6705 2
6706 1
6707 2
6708 2
6709 2
6711 1
6712 1
6713 1
6714 1
6719 1
6720 1
6721 1
6722 1
6726 1
6727 1
6734 1
6737 1
6738 2
6747 1
6749 1
6751 2
6756 2
6758 2
6759 1
6760 3
6766 1
6781 1
6784 1
6786 1
6788 1
6795 1
6798 1
6807 1
6813 1
6820 2
6828 2
6829 1
6830 2
6833 1
6837 1
6839 2
6845 1
6847 2
6848 1
6850 1
6851 1
6854 3
6856 1
6857 1
6860 2
6861 1
6862 1
6865 1
6866 1
6868 2
6869 1
6870 1
6871 1
6872 1
6874 1
6875 2
6876 1
6879 2
6884 1
6885 2
6886 1
6887 1
6889 1
6899 1
6903 3
6905 1
6907 3
6909 1
6914 2
6915 1
6917 1
6918 2
6920 2
6921 1
6922 1
6923 1
6925 1
6927 1
6928 2
6930 1
6931 1
6933 1
6934 1
6941 2
6943 1
6946 1
6947 1
6950 2
6953 2
6955 1
6959 1
6964 1
6968 1
6974 1
6979 1
6980 1
6981 1
6982 2
6990 1
6993 1
6995 1
6999 1
7000 1
7010 1
7014 2
7019 1
7024 2
7026 1
7031 1
7032 1
7033 1
7035 1
7044 1
7045 3
7047 1
7049 3
7058 2
7061 1
7062 2
7063 1
7069 1
7071 1
7072 1
7073 2
7077 1
7078 2
7080 1
7085 1
7243 1
7260 1
7272 1
7279 1
7286 1
7293 1
7298 2
7300 1
7309 1
7316 1
7318 1
7320 2
7323 1
7331 2
7336 1
7343 1
7348 1
7350 1
7352 1
7353 1
7355 1
7357 1
7363 1
7365 1
7367 1
7369 2
7370 1
7372 1
7373 1
7374 2
7375 2
7376 2
7377 1
7378 2
7381 2
7382 2
7383 3
7384 3
7385 1
7386 2
7387 2
7388 2
7389 1
7391 1
7392 1
7394 1
7396 2
7397 1
7398 3
7399 4
7400 1
7402 1
7403 1
7404 6
7405 5
7406 1
7407 1
7408 5
7409 2
7410 1
7411 3
7412 3
7414 1
7415 2
7416 1
7417 3
7418 1
7419 4
7420 1
7421 2
7422 2
7423 2
7424 6
7425 4
7426 2
7427 2
7428 4
7429 3
7430 1
7431 2
7432 4
7433 5
7434 3
7436 1
7438 4
7439 2
7440 1
7441 4
7442 6
7443 2
7444 5
7445 3
7446 3
7447 1
7448 2
7449 1
7450 4
7451 2
7452 3
7453 1
7454 2
7455 4
7456 1
7457 4
7458 1
7459 6
7460 3
7461 2
7463 6
7464 4
7465 5
7466 4
7467 3
7468 4
7469 4
7472 2
7473 2
7474 5
7475 2
7476 1
7477 1
7478 4
7480 3
7482 2
7483 2
7484 1
7485 2
7486 3
7487 5
7488 3
7489 2
7490 1
7492 1
7493 2
7494 1
7495 1
7497 2
7498 1
7499 2
7500 3
7503 1
7505 1
7506 1
7508 1
7509 1
7510 2
7511 4
7512 2
7513 3
7514 3
7516 1
7517 3
7519 1
7520 2
7522 2
7525 1
7526 1
7528 1
7530 2
7532 1
7533 1
7534 1
7535 1
7536 1
7541 1
7543 2
7546 1
7549 2
7550 1
7552 1
7553 1
7554 1
7555 1
7556 2
7571 1
7572 1
7579 1
7580 1
7588 1
7591 1
7592 1
7595 1
7597 1
7604 1
7608 1
7609 1
7616 1
7618 1
7629 4
7630 1
7631 2
7632 1
7633 1
7639 1
7644 1
7645 2
7646 1
7647 1
7649 1
7653 1
7654 1
7657 1
7658 1
7662 1
7666 1
7669 2
7674 1
7675 1
7679 1
7735 1
7740 1
7752 1
7810 1
7813 1
7821 1
7826 1
7832 1
7835 1
7837 1
7838 1
7840 1
7841 1
7845 1
7851 1
7855 1
7858 2
7865 1
7866 2
7868 2
7869 1
7870 1
7872 1
7873 1
7877 1
7878 1
7880 2
7881 1
7882 2
7883 1
7885 1
7887 1
7890 1
7892 1
7893 2
7895 3
7897 1
7899 4
7900 2
7901 1
7902 1
7904 1
7905 3
7906 2
7907 2
7908 1
7909 1
7912 2
7913 5
7914 1
7915 1
7916 2
7917 1
7918 1
7919 2
7920 2
7921 1
7925 1
7926 1
7927 1
7928 1
7929 2
7930 2
7931 1
7932 1
7933 3
7934 2
7936 1
7937 1
7941 3
7945 1
7946 1
7954 1
7985 1
7988 1
7989 1
7990 1
7994 2
7997 1
8007 1
8008 1
8012 1
8013 2
8016 1
8017 1
8018 1
8021 1
8022 1
8027 1
8030 1
8033 1
8057 1
8064 1
8073 1
8097 1
8210 1
8247 1
8248 1
8254 1
8262 1
8264 1
8268 1
8269 1
8273 1
8274 2
8278 1
8279 1
8280 2
8286 1
8287 1
8289 2
8293 1
8294 1
8295 3
8297 2
8299 2
8302 1
8304 1
8305 1
8306 1
8307 1
8310 1
8313 1
8314 1
8315 2
8316 1
8317 1
8319 1
8320 1
8321 1
8323 1
8324 1
8327 2
8330 1
8335 2
8337 3
8338 4
8339 2
8341 1
8343 1
8345 3
8346 1
8348 2
8349 1
8351 1
8352 4
8353 2
8354 2
8357 2
8358 4
8359 2
8360 3
8361 2
8362 1
8363 2
8364 2
8366 1
8367 1
8368 3
8369 1
8370 1
8372 2
8373 2
8374 2
8375 1
8377 2
8378 2
8380 2
8383 1
8389 2
8390 1
8393 2
8394 2
8395 1
8398 2
8404 1
8407 1
8408 1
8409 1
8411 1
8412 1
8414 2
8417 1
8418 2
8421 1
8422 1
8423 1
8426 1
8427 1
8431 1
8434 2
8436 1
8439 1
8442 1
8444 2
8445 2
8446 1
8447 1
8448 1
8449 3
8451 4
8452 1
8453 3
8454 1
8459 1
8460 1
8461 2
8462 2
8463 1
8464 1
8465 1
8467 1
8468 1
8469 1
8470 2
8472 1
8473 3
8474 2
8476 1
8477 1
8478 2
8482 1
8483 1
8486 1
8487 4
8490 1
8491 1
8492 2
8496 1
8499 1
8501 1
8507 1
8514 2
8516 1
8519 1
8521 1
8522 2
8524 1
8525 1
8529 1
8530 1
8533 1
8560 1
8572 1
8759 1
8763 1
8766 1
8770 1
8771 1
8777 1
8781 1
8787 2
8788 1
8793 1
8797 1
8800 1
8808 1
8815 2
8816 1
8817 1
8819 1
8821 1
8825 1
8826 2
8828 1
8829 1
8831 1
8843 1
8848 2
8850 1
8854 1
8855 1
8865 1
8866 2
8868 1
8869 1
8871 1
8881 2
8884 2
8885 1
8887 1
8889 1
8890 1
8892 1
8893 1
8894 1
8895 1
8896 1
8898 1
8901 1
8903 1
8905 1
8907 1
8911 1
8924 1
8925 1
8926 1
8928 1
8930 1
8931 1
8932 1
8933 1
8934 2
8935 1
8938 1
8939 1
8941 1
8943 3
8945 3
8949 1
8951 1
8954 1
8955 1
8956 2
8957 1
8958 2
8959 1
8963 1
8965 3
8969 1
8971 1
8973 1
8976 3
8978 4
8981 1
8982 1
8983 1
8986 2
8987 1
8991 1
8994 1
9000 1
9005 1
9006 1
9012 1
9014 1
9019 1
9020 1
9024 1
9026 2
9034 1
9058 1
9480 1
9524 1
9529 1
9533 1
9538 1
10001 88
