1 18375632
2 6093115
3 3045429
4 2218807
5 2008757
6 2006421
7 2005716
8 1944110
9 1822891
10 1644394
11 1446981
12 1242254
13 1051772
14 882905
15 746716
16 643214
17 566144
18 517265
19 492528
20 479176
21 469802
22 469347
23 470517
24 467339
25 465581
26 464077
27 454432
28 441046
29 424177
30 405361
31 381191
32 352825
33 320664
34 287755
35 253128
36 217061
37 182320
38 148446
39 120819
40 95546
41 75014
42 56711
43 42869
44 31894
45 23418
46 16937
47 12101
48 8819
49 6624
50 5087
51 3876
52 3164
53 2594
54 2231
55 2000
56 1912
57 1732
58 1649
59 1570
60 1513
61 1405
62 1568
63 1395
64 1318
65 1241
66 1168
67 1084
68 1140
69 1090
70 1048
71 932
72 844
73 871
74 797
75 810
76 835
77 784
78 708
79 704
80 607
81 572
82 584
83 535
84 507
85 525
86 534
87 509
88 543
89 543
90 527
91 528
92 532
93 531
94 599
95 536
96 508
97 478
98 489
99 486
100 462
101 477
102 416
103 413
104 387
105 366
106 379
107 310
108 338
109 314
110 320
111 284
112 239
113 252
114 224
115 193
116 210
117 199
118 187
119 175
120 179
121 184
122 155
123 167
124 169
125 193
126 204
127 249
128 320
129 348
130 439
131 627
132 744
133 964
134 1239
135 1550
136 1864
137 2383
138 2844
139 3592
140 4449
141 5291
142 6518
143 7787
144 9308
145 11006
146 12968
147 15234
148 17540
149 20167
150 23196
151 26304
152 29730
153 33918
154 37814
155 42195
156 46635
157 51809
158 57114
159 61972
160 67631
161 72648
162 78508
163 84276
164 90493
165 96418
166 101783
167 107799
168 113429
169 117966
170 123581
171 127507
172 132427
173 136393
174 138516
175 141051
176 143576
177 144970
178 147181
179 147846
180 148099
181 148077
182 146944
183 145227
184 143486
185 141162
186 138063
187 133093
188 129065
189 124402
190 119709
191 114460
192 108738
193 103981
194 97619
195 92683
196 86355
197 80916
198 74294
199 69215
200 63440
201 57916
202 52799
203 47685
204 43632
205 39240
206 35024
207 31274
208 27466
209 24805
210 21919
211 18902
212 16761
213 14806
214 12341
215 11064
216 9314
217 8064
218 6921
219 5851
220 4986
221 4136
222 3350
223 2797
224 2289
225 1962
226 1671
227 1417
228 1166
229 970
230 791
231 620
232 511
233 411
234 326
235 288
236 251
237 240
238 192
239 172
240 162
241 147
242 126
243 117
244 102
245 101
246 89
247 61
248 75
249 68
250 60
251 72
252 59
253 59
254 46
255 68
256 66
257 60
258 55
259 52
260 45
261 52
262 51
263 45
264 45
265 50
266 30
267 51
268 51
269 35
270 32
271 27
272 31
273 28
274 28
275 23
276 25
277 25
278 20
279 32
280 30
281 23
282 28
283 27
284 36
285 31
286 41
287 27
288 16
289 24
290 28
291 19
292 25
293 42
294 29
295 38
296 34
297 24
298 36
299 24
300 35
301 43
302 42
303 36
304 34
305 40
306 42
307 46
308 53
309 58
310 68
311 87
312 80
313 92
314 100
315 100
316 117
317 142
318 161
319 143
320 183
321 170
322 188
323 190
324 198
325 221
326 239
327 247
328 272
329 286
330 286
331 320
332 329
333 349
334 376
335 403
336 410
337 399
338 392
339 423
340 404
341 410
342 471
343 469
344 467
345 439
346 470
347 473
348 517
349 523
350 473
351 463
352 470
353 519
354 492
355 518
356 493
357 495
358 536
359 517
360 539
361 554
362 535
363 555
364 585
365 485
366 536
367 535
368 528
369 560
370 526
371 520
372 542
373 515
374 511
375 478
376 490
377 485
378 480
379 421
380 398
381 378
382 413
383 369
384 332
385 317
386 321
387 316
388 260
389 246
390 250
391 248
392 233
393 202
394 200
395 164
396 162
397 138
398 162
399 132
400 101
401 106
402 88
403 85
404 78
405 82
406 76
407 74
408 46
409 55
410 43
411 44
412 32
413 46
414 36
415 30
416 17
417 41
418 30
419 28
420 32
421 28
422 24
423 23
424 26
425 28
426 16
427 19
428 22
429 19
430 14
431 15
432 14
433 15
434 16
435 14
436 12
437 17
438 14
439 18
440 13
441 18
442 17
443 19
444 16
445 22
446 18
447 25
448 14
449 16
450 15
451 11
452 11
453 12
454 7
455 10
456 8
457 13
458 18
459 19
460 16
461 24
462 18
463 33
464 26
465 36
466 43
467 47
468 49
469 45
470 56
471 54
472 70
473 77
474 71
475 65
476 75
477 95
478 73
479 83
480 103
481 99
482 99
483 102
484 103
485 147
486 110
487 135
488 132
489 135
490 155
491 181
492 173
493 190
494 169
495 184
496 197
497 178
498 203
499 212
500 193
501 192
502 176
503 194
504 196
505 201
506 171
507 195
508 196
509 197
510 207
511 199
512 199
513 215
514 176
515 189
516 160
517 147
518 163
519 166
520 152
521 178
522 159
523 135
524 150
525 145
526 140
527 140
528 153
529 161
530 132
531 136
532 130
533 124
534 126
535 130
536 126
537 112
538 114
539 107
540 109
541 97
542 79
543 91
544 71
545 84
546 53
547 79
548 70
549 78
550 76
551 76
552 78
553 74
554 67
555 71
556 73
557 48
558 58
559 58
560 55
561 36
562 53
563 55
564 42
565 41
566 54
567 49
568 43
569 66
570 31
571 39
572 50
573 48
574 43
575 32
576 37
577 39
578 44
579 22
580 50
581 26
582 43
583 33
584 21
585 27
586 21
587 20
588 21
589 19
590 15
591 20
592 16
593 19
594 16
595 15
596 9
597 17
598 9
599 13
600 8
601 5
602 2
603 8
604 5
605 4
606 7
607 4
608 6
609 5
610 12
611 6
612 6
613 14
614 6
615 10
616 10
617 9
618 10
619 6
620 9
621 9
622 9
623 6
624 11
625 9
626 11
627 6
628 16
629 11
630 9
631 15
632 14
633 15
634 11
635 11
636 12
637 9
638 13
639 15
640 17
641 14
642 17
643 17
644 17
645 18
646 20
647 19
648 36
649 24
650 37
651 35
652 28
653 32
654 46
655 37
656 37
657 49
658 40
659 51
660 41
661 37
662 53
663 48
664 60
665 53
666 57
667 53
668 55
669 50
670 52
671 42
672 33
673 49
674 50
675 40
676 44
677 55
678 56
679 43
680 51
681 46
682 53
683 53
684 63
685 48
686 50
687 56
688 42
689 52
690 49
691 67
692 56
693 46
694 43
695 49
696 42
697 52
698 46
699 55
700 41
701 47
702 48
703 41
704 42
705 42
706 66
707 55
708 45
709 49
710 32
711 44
712 52
713 53
714 62
715 53
716 53
717 48
718 39
719 48
720 45
721 56
722 56
723 51
724 45
725 55
726 46
727 35
728 39
729 47
730 42
731 48
732 55
733 54
734 36
735 46
736 49
737 46
738 53
739 53
740 56
741 42
742 53
743 45
744 44
745 54
746 35
747 50
748 51
749 49
750 46
751 45
752 47
753 49
754 45
755 42
756 33
757 37
758 44
759 34
760 34
761 37
762 33
763 34
764 37
765 29
766 32
767 35
768 36
769 31
770 30
771 30
772 31
773 32
774 42
775 28
776 32
777 22
778 28
779 20
780 22
781 20
782 31
783 20
784 15
785 16
786 17
787 14
788 15
789 17
790 20
791 21
792 22
793 9
794 14
795 16
796 11
797 16
798 23
799 14
800 14
801 17
802 15
803 17
804 12
805 10
806 11
807 13
808 13
809 12
810 12
811 12
812 9
813 15
814 13
815 9
816 15
817 13
818 9
819 22
820 11
821 22
822 25
823 19
824 16
825 26
826 19
827 21
828 28
829 33
830 21
831 27
832 26
833 20
834 25
835 20
836 32
837 33
838 26
839 34
840 31
841 30
842 35
843 44
844 41
845 33
846 48
847 22
848 35
849 44
850 35
851 42
852 32
853 30
854 34
855 44
856 31
857 38
858 41
859 28
860 27
861 30
862 27
863 32
864 25
865 24
866 22
867 23
868 30
869 21
870 22
871 22
872 32
873 24
874 27
875 12
876 32
877 31
878 29
879 36
880 23
881 29
882 35
883 22
884 37
885 33
886 30
887 35
888 24
889 23
890 21
891 21
892 16
893 16
894 22
895 32
896 20
897 16
898 14
899 26
900 21
901 13
902 24
903 15
904 21
905 21
906 24
907 22
908 21
909 26
910 18
911 19
912 21
913 25
914 27
915 23
916 20
917 22
918 22
919 29
920 27
921 19
922 21
923 22
924 25
925 19
926 28
927 18
928 14
929 20
930 21
931 13
932 18
933 13
934 19
935 23
936 21
937 8
938 14
939 15
940 13
941 18
942 16
943 14
944 14
945 14
946 7
947 14
948 15
949 15
950 13
951 17
952 15
953 11
954 10
955 17
956 14
957 12
958 12
959 14
960 7
961 20
962 12
963 12
964 8
965 10
966 7
967 12
968 14
969 17
970 15
971 18
972 15
973 13
974 19
975 17
976 25
977 15
978 15
979 6
980 19
981 22
982 18
983 26
984 20
985 17
986 27
987 23
988 22
989 17
990 17
991 21
992 21
993 22
994 24
995 24
996 23
997 25
998 35
999 25
1000 20
1001 22
1002 16
1003 29
1004 34
1005 35
1006 34
1007 18
1008 29
1009 24
1010 28
1011 28
1012 30
1013 26
1014 29
1015 22
1016 29
1017 28
1018 24
1019 24
1020 21
1021 30
1022 31
1023 15
1024 16
1025 21
1026 20
1027 21
1028 25
1029 21
1030 28
1031 26
1032 23
1033 25
1034 25
1035 19
1036 17
1037 29
1038 13
1039 12
1040 13
1041 19
1042 17
1043 17
1044 16
1045 13
1046 10
1047 10
1048 16
1049 12
1050 16
1051 16
1052 15
1053 19
1054 14
1055 11
1056 11
1057 13
1058 14
1059 20
1060 11
1061 13
1062 10
1063 10
1064 15
1065 15
1066 20
1067 15
1068 15
1069 8
1070 12
1071 10
1072 18
1073 7
1074 18
1075 11
1076 16
1077 8
1078 6
1079 10
1080 14
1081 8
1082 9
1083 15
1084 4
1085 10
1086 12
1087 12
1088 7
1089 9
1090 5
1091 6
1092 5
1093 4
1094 7
1095 7
1096 4
1097 1
1098 1
1099 5
1100 2
1101 4
1102 2
1103 2
1104 5
1105 5
1106 2
1107 4
1108 4
1109 6
1111 3
1112 2
1113 5
1114 4
1115 2
1116 5
1117 6
1118 1
1119 3
1120 2
1121 6
1122 2
1123 2
1124 2
1125 6
1126 2
1127 2
1128 4
1129 6
1130 5
1131 5
1132 6
1133 2
1134 2
1135 2
1136 7
1137 2
1138 4
1139 5
1140 2
1141 2
1142 4
1143 3
1144 2
1145 2
1146 1
1147 3
1148 3
1149 5
1150 6
1151 2
1152 5
1153 10
1154 3
1155 2
1156 4
1157 5
1158 2
1159 4
1160 4
1161 2
1162 1
1163 4
1164 3
1165 1
1166 4
1167 3
1168 3
1169 6
1170 6
1171 2
1172 4
1174 3
1176 5
1177 4
1178 2
1179 5
1180 6
1181 2
1182 7
1183 7
1184 3
1185 5
1186 4
1187 6
1188 3
1189 4
1190 4
1191 2
1192 2
1193 4
1194 4
1195 3
1196 1
1197 2
1198 6
1199 3
1200 3
1201 6
1202 2
1203 5
1204 2
1205 3
1206 1
1207 2
1208 5
1210 1
1212 1
1213 3
1214 1
1215 2
1216 2
1217 3
1218 4
1221 2
1222 2
1223 3
1224 2
1225 1
1227 2
1228 2
1229 1
1230 1
1231 4
1232 1
1233 1
1234 3
1235 1
1236 1
1237 1
1239 1
1240 2
1241 1
1242 3
1244 2
1245 2
1246 2
1247 2
1248 1
1249 3
1250 1
1251 2
1255 1
1256 5
1257 1
1259 3
1260 2
1263 1
1268 1
1269 1
1271 3
1275 1
1277 5
1279 3
1280 1
1281 1
1282 1
1283 1
1284 1
1285 4
1286 4
1287 1
1290 1
1291 1
1292 1
1293 2
1298 1
1300 2
1302 1
1304 1
1311 1
1313 2
1314 1
1320 2
1322 1
1323 1
1324 3
1326 2
1327 1
1330 3
1331 3
1332 3
1333 3
1334 1
1335 1
1336 1
1337 2
1338 1
1339 2
1340 1
1341 5
1342 3
1343 3
1344 2
1345 3
1346 3
1347 6
1348 2
1349 6
1350 1
1352 3
1353 4
1355 4
1356 4
1357 4
1358 1
1359 5
1360 4
1361 8
1362 4
1363 4
1364 1
1365 2
1366 1
1367 6
1368 4
1369 8
1370 5
1371 1
1372 3
1373 1
1374 2
1375 3
1376 3
1377 3
1378 2
1379 2
1380 5
1381 3
1382 3
1383 2
1384 2
1385 2
1387 3
1388 3
1389 3
1390 3
1391 6
1392 3
1393 2
1394 2
1395 4
1396 3
1397 3
1398 5
1399 1
1400 3
1401 1
1402 2
1403 1
1404 2
1405 1
1406 3
1408 4
1410 3
1411 1
1420 2
1423 1
1426 1
1427 1
1430 1
1432 3
1433 1
1447 1
1449 1
1453 3
1454 1
1455 4
1458 1
1460 2
1461 1
1463 3
1465 2
1467 1
1468 1
1469 1
1471 1
1472 1
1473 1
1474 3
1475 1
1476 1
1479 1
1480 1
1483 1
1486 2
1487 2
1488 3
1489 4
1490 2
1491 1
1492 2
1493 2
1494 1
1495 2
1496 4
1497 3
1498 1
1499 2
1501 1
1502 2
1503 1
1505 1
1506 2
1507 1
1508 5
1511 2
1512 1
1513 1
1514 1
1515 1
1517 1
1518 3
1519 2
1521 1
1523 3
1525 1
1526 1
1528 1
1529 2
1530 4
1531 2
1532 2
1533 3
1534 2
1535 4
1536 4
1537 3
1538 4
1539 5
1541 7
1542 5
1543 3
1545 2
1547 1
1548 1
1549 1
1550 1
1552 1
1553 1
1554 1
1557 1
1558 3
1560 1
1561 2
1562 4
1563 1
1564 8
1565 1
1566 2
1567 1
1568 1
1570 1
1571 1
1572 2
1573 1
1574 1
1577 2
1578 3
1581 1
1582 3
1583 3
1585 1
1586 1
1587 1
1588 1
1589 1
1592 1
1593 1
1597 1
1598 1
1601 1
1603 1
1611 1
1625 1
1627 1
1629 2
1632 3
1633 1
1634 1
1638 1
1639 1
1647 1
1648 1
1651 3
1652 1
1654 4
1655 1
1656 1
1657 1
1658 1
1659 2
1660 3
1662 1
1664 1
1665 1
1666 3
1667 1
1668 2
1669 1
1671 1
1672 2
1673 1
1674 2
1676 1
1677 3
1678 1
1679 1
1681 1
1682 1
1683 3
1684 2
1685 2
1686 2
1688 1
1689 1
1691 3
1692 1
1693 1
1694 1
1695 5
1697 2
1698 3
1699 5
1700 5
1701 2
1702 4
1703 6
1704 1
1705 1
1706 2
1707 1
1708 4
1709 5
1710 2
1711 6
1712 1
1713 3
1714 2
1715 3
1716 8
1717 3
1719 6
1720 3
1721 4
1722 2
1723 4
1724 4
1725 6
1726 1
1727 3
1728 2
1729 5
1730 3
1731 5
1732 2
1733 2
1734 3
1735 2
1736 4
1737 3
1738 8
1740 6
1741 3
1742 1
1743 4
1744 7
1745 6
1746 4
1747 1
1748 1
1750 2
1751 5
1752 2
1753 1
1754 7
1755 5
1756 6
1757 1
1758 4
1759 2
1760 2
1761 1
1763 2
1764 4
1765 2
1767 1
1768 1
1771 1
1772 2
1773 2
1774 1
1788 1
1792 1
1793 2
1794 1
1795 3
1796 2
1798 3
1804 1
1806 1
1807 1
1810 1
1813 2
1816 2
1817 1
1818 1
1819 2
1820 1
1821 1
1822 3
1823 5
1824 1
1826 2
1827 1
1828 1
1829 1
1830 2
1831 1
1832 1
1833 1
1834 3
1835 5
1836 1
1837 4
1838 2
1839 4
1840 4
1841 2
1843 2
1844 3
1845 3
1846 5
1847 5
1848 3
1849 3
1850 1
1851 8
1852 3
1853 3
1854 5
1856 5
1857 1
1858 1
1859 2
1860 2
1861 3
1862 5
1863 3
1864 3
1865 1
1866 3
1867 2
1868 7
1869 5
1870 1
1871 3
1872 2
1873 9
1874 6
1875 2
1876 7
1877 3
1878 2
1879 4
1880 8
1881 7
1882 9
1883 11
1884 1
1885 8
1886 4
1888 5
1889 6
1890 6
1891 5
1892 1
1893 4
1894 9
1895 7
1896 7
1897 3
1898 2
1899 3
1900 4
1901 6
1902 6
1903 7
1904 5
1905 5
1906 5
1907 5
1908 5
1909 5
1910 2
1911 3
1912 6
1913 4
1914 4
1915 2
1916 7
1917 6
1918 2
1920 7
1921 3
1922 6
1923 4
1924 3
1925 4
1926 4
1927 3
1928 6
1929 5
1930 4
1931 5
1932 5
1933 6
1934 2
1935 4
1936 8
1937 4
1938 2
1939 2
1940 3
1941 1
1942 6
1943 4
1944 2
1945 5
1947 2
1948 1
1949 2
1950 1
1951 1
1952 2
1953 3
1954 2
1957 1
1960 1
1961 1
1962 2
1965 1
1966 2
1967 1
1970 1
1973 2
1974 2
1975 2
1976 1
1978 2
1980 2
1982 3
1983 1
1984 1
1985 1
1986 1
1988 3
1989 2
1992 1
1994 1
1996 2
1997 2
1999 2
2000 1
2001 2
2004 2
2005 1
2006 2
2007 3
2008 1
2009 3
2010 2
2011 3
2013 3
2014 1
2015 1
2016 4
2017 3
2018 1
2019 4
2020 2
2021 3
2022 2
2023 3
2024 1
2025 11
2026 4
2027 1
2028 5
2029 4
2030 1
2031 2
2032 6
2033 5
2034 1
2035 1
2036 1
2037 3
2038 1
2039 3
2040 3
2041 3
2042 2
2044 1
2045 2
2046 2
2047 4
2048 1
2049 3
2050 1
2051 3
2052 3
2053 1
2054 2
2056 1
2057 4
2058 2
2060 7
2061 3
2062 2
2063 2
2065 5
2066 1
2067 2
2068 3
2069 1
2070 2
2072 1
2073 1
2074 3
2076 1
2078 4
2080 1
2082 1
2083 1
2084 2
2085 1
2086 2
2088 1
2090 1
2091 3
2092 3
2093 1
2094 2
2095 1
2096 3
2097 1
2098 1
2099 2
2100 1
2101 1
2102 1
2104 4
2106 1
2107 4
2108 1
2109 1
2110 4
2114 1
2115 2
2117 3
2118 1
2121 1
2123 1
2124 1
2136 2
2137 1
2139 1
2140 1
2143 2
2144 2
2146 1
2149 2
2151 2
2152 3
2153 1
2154 2
2155 3
2156 1
2157 3
2158 3
2159 3
2160 1
2161 1
2162 1
2163 1
2164 1
2165 2
2167 1
2169 1
2170 5
2171 1
2173 2
2174 6
2175 1
2176 1
2177 5
2178 8
2179 6
2180 7
2181 2
2182 1
2183 2
2184 6
2185 3
2186 3
2187 4
2188 9
2189 4
2190 4
2191 4
2192 8
2193 4
2194 4
2195 4
2196 5
2197 3
2198 3
2199 7
2200 6
2201 12
2202 3
2203 11
2204 9
2205 6
2206 2
2207 4
2208 2
2209 8
2210 4
2211 3
2212 4
2213 3
2214 2
2215 3
2216 3
2217 2
2219 2
2220 3
2221 3
2222 2
2223 6
2224 3
2225 3
2226 1
2227 2
2228 5
2229 1
2230 3
2232 1
2233 2
2234 3
2235 1
2236 1
2237 2
2238 1
2239 1
2240 2
2241 4
2242 3
2243 2
2244 3
2247 4
2248 1
2249 2
2251 1
2252 1
2255 1
2257 1
2258 1
2260 2
2261 1
2262 1
2263 3
2264 1
2265 2
2266 3
2267 3
2268 3
2269 5
2270 1
2271 4
2272 2
2273 1
2274 2
2276 3
2277 2
2278 1
2279 1
2280 1
2282 1
2284 1
2286 1
2290 1
2291 1
2292 1
2293 3
2294 1
2295 3
2296 2
2297 1
2299 1
2300 2
2303 1
2312 1
2313 2
2314 2
2316 1
2319 1
2320 2
2321 1
2323 2
2324 1
2325 3
2327 1
2328 1
2330 1
2331 3
2332 1
2333 2
2334 2
2336 1
2337 1
2339 2
2341 2
2343 3
2345 1
2346 1
2347 1
2348 1
2350 2
2351 1
2352 3
2353 1
2355 1
2356 2
2357 1
2358 2
2359 1
2360 1
2361 3
2362 2
2363 2
2364 4
2365 1
2367 1
2368 2
2370 2
2371 4
2372 2
2373 1
2374 1
2375 1
2376 3
2377 4
2378 4
2379 2
2380 1
2381 5
2382 2
2384 3
2385 1
2386 2
2387 2
2389 2
2390 1
2391 1
2392 2
2393 2
2395 1
2396 3
2398 1
2400 1
2402 1
2403 2
2405 2
2407 2
2408 3
2409 1
2414 1
2415 1
2416 1
2417 2
2419 4
2422 1
2423 1
2425 1
2427 1
2428 1
2429 1
2430 1
2433 1
2436 1
2445 1
2449 2
2450 1
2451 1
2453 1
2454 3
2455 2
2456 2
2458 2
2459 3
2460 2
2461 1
2462 1
2463 3
2464 3
2465 4
2466 4
2467 2
2468 3
2470 1
2471 1
2472 1
2473 5
2474 3
2475 2
2477 2
2478 2
2479 2
2481 1
2483 3
2485 3
2486 4
2487 5
2488 4
2489 1
2491 2
2492 2
2493 1
2494 2
2495 1
2496 2
2497 2
2499 2
2500 1
2501 2
2502 1
2503 3
2504 4
2505 2
2506 4
2508 2
2509 2
2510 2
2511 4
2513 4
2514 2
2515 4
2517 2
2518 1
2519 1
2522 5
2523 3
2524 5
2525 1
2526 3
2527 1
2528 2
2529 1
2530 1
2532 1
2533 3
2534 4
2535 3
2536 4
2537 3
2538 1
2539 6
2540 3
2541 4
2542 2
2543 4
2544 1
2545 5
2546 2
2547 3
2548 2
2549 3
2550 3
2551 3
2552 4
2553 2
2554 4
2555 6
2556 5
2557 4
2558 1
2559 2
2560 2
2561 6
2562 4
2563 3
2564 3
2565 2
2566 2
2567 2
2568 1
2569 1
2570 2
2571 1
2572 3
2573 2
2574 4
2575 5
2576 4
2577 3
2578 2
2580 2
2581 1
2582 3
2583 3
2584 1
2585 1
2586 3
2587 3
2588 1
2589 1
2590 5
2591 1
2592 3
2593 2
2594 2
2595 1
2597 6
2598 2
2599 2
2600 1
2601 4
2602 1
2603 4
2604 1
2605 4
2606 3
2607 2
2609 4
2610 1
2612 3
2613 3
2615 1
2616 1
2617 1
2618 1
2620 1
2621 2
2622 1
2624 1
2628 1
2629 1
2632 1
2635 1
2636 3
2638 4
2639 1
2640 1
2641 1
2642 2
2643 4
2644 2
2645 4
2647 1
2649 1
2651 2
2653 2
2663 1
2671 1
2678 1
2679 3
2681 1
2684 3
2687 1
2688 1
2690 1
2691 1
2692 1
2694 2
2696 1
2700 2
2701 2
2702 1
2703 2
2704 1
2705 2
2706 1
2707 1
2708 3
2709 3
2710 4
2711 5
2712 1
2713 4
2714 4
2715 2
2716 1
2718 1
2720 2
2722 2
2723 3
2725 1
2726 1
2727 5
2730 2
2731 1
2732 1
2733 1
2735 1
2736 1
2737 3
2738 1
2739 1
2740 1
2741 1
2742 2
2744 3
2747 3
2748 2
2750 3
2751 1
2752 4
2753 1
2754 1
2756 1
2757 2
2758 1
2759 1
2761 3
2763 1
2765 1
2767 1
2768 1
2769 1
2784 1
2799 1
2803 1
2805 2
2806 1
2807 1
2808 2
2810 2
2812 1
2813 4
2814 1
2815 1
2816 1
2818 1
2821 1
2822 1
2823 2
2824 1
2825 2
2826 1
2828 1
2831 2
2840 1
2841 1
2842 1
2852 1
2854 1
2874 1
2878 1
2879 1
2880 1
2883 1
2884 1
2886 2
2887 1
2888 1
2889 1
2890 1
2891 3
2892 4
2893 1
2894 1
2895 2
2896 2
2897 1
2900 5
2901 2
2902 2
2906 1
2907 1
2908 2
2910 1
2911 1
2912 2
2913 3
2916 2
2918 1
2921 1
2922 3
2924 1
2925 1
2926 1
2927 2
2929 4
2930 1
2931 3
2932 3
2933 1
2934 1
2935 2
2936 3
2937 1
2938 2
2939 3
2940 5
2941 3
2942 4
2943 6
2944 5
2945 3
2946 4
2947 2
2948 2
2949 3
2950 9
2951 5
2952 9
2953 6
2954 2
2955 5
2956 2
2957 1
2958 2
2959 4
2960 4
2961 1
2962 4
2963 3
2964 4
2965 5
2966 4
2967 1
2968 3
2969 1
2970 4
2971 4
2972 1
2973 4
2974 3
2976 2
2977 6
2978 2
2980 3
2981 2
2982 1
2983 1
2984 3
2985 1
2986 1
2987 1
2989 2
2990 1
2998 1
3003 1
3005 1
3006 1
3007 1
3008 2
3012 1
3013 1
3015 2
3020 1
3021 1
3022 2
3025 3
3026 1
3027 2
3029 3
3031 1
3033 1
3038 2
3039 1
3040 1
3041 2
3042 2
3043 2
3044 2
3045 1
3046 2
3048 3
3049 1
3050 1
3051 1
3052 2
3053 1
3054 3
3055 1
3056 2
3057 1
3060 1
3061 3
3062 2
3063 3
3064 1
3065 1
3066 2
3072 2
3073 1
3080 1
3100 1
3115 1
3116 1
3121 1
3140 1
3156 1
3160 2
3218 1
3490 1
3508 1
3527 1
3690 1
3692 1
3723 1
3897 1
3903 1
3973 1
4069 1
4083 1
4084 1
4096 1
4101 1
4109 1
4111 1
4113 1
4119 1
4123 1
4127 1
4129 2
4138 1
4294 1
4297 1
4308 1
4311 2
4318 1
4337 1
4341 1
4342 1
4542 1
4568 1
4661 1
4667 1
4670 1
4675 1
4677 1
4678 1
4683 1
4686 1
4687 1
4716 1
4752 1
4808 1
4929 1
4933 1
4998 1
5223 1
5228 1
5776 1
5779 1
5791 1
5808 1
5944 2
5947 1
5957 2
5962 1
5982 1
6113 1
6118 1
6326 1
6328 1
6388 1
6488 1
6490 1
6505 1
6506 1
6508 1
6511 1
6678 1
6734 1
6747 1
6827 1
6860 1
7153 1
7154 1
7177 1
7178 1
7186 2
7328 1
7390 1
7441 1
8033 1
