1 18509326
2 9008635
3 5442558
4 3061319
5 1532101
6 685678
7 278296
8 103125
9 39461
10 16118
11 7915
12 5019
13 3442
14 2737
15 2017
16 1465
17 1209
18 904
19 793
20 631
21 507
22 382
23 301
24 260
25 188
26 239
27 194
28 163
29 205
30 151
31 141
32 112
33 128
34 129
35 125
36 121
37 125
38 100
39 103
40 61
41 77
42 73
43 48
44 43
45 41
46 38
47 43
48 23
49 26
50 11
51 16
52 25
53 9
54 12
55 7
56 10
57 12
58 8
59 11
60 15
61 3
62 1
63 7
64 2
65 6
66 1
67 3
68 12
69 7
70 7
71 8
74 5
75 7
76 3
77 2
78 3
79 1
80 1
81 4
82 4
83 4
84 1
85 3
86 5
87 5
89 3
90 4
91 7
92 4
93 3
94 3
95 1
96 2
97 5
98 2
99 2
100 1
101 4
103 3
104 2
105 1
106 1
107 4
108 4
109 2
110 3
111 1
112 1
113 2
115 2
117 1
118 2
126 2
127 3
128 1
129 2
130 1
138 1
190 1
193 1
196 1
212 1
214 1
227 1
282 1
283 1
284 6
285 2
286 1
