1 23786861
2 13430047
3 8276437
4 5346836
5 3576172
6 2466588
7 1762693
8 1336477
9 1116775
10 1049357
11 1065192
12 1122215
13 1190172
14 1243072
15 1277351
16 1273965
17 1247035
18 1196177
19 1126597
20 1048272
21 965709
22 886981
23 806978
24 732110
25 660160
26 596451
27 542840
28 495227
29 459386
30 433849
31 420106
32 423909
33 440203
34 473849
35 519721
36 575060
37 634033
38 694509
39 752941
40 806122
41 847776
42 878165
43 895333
44 895921
45 882886
46 863283
47 830523
48 783997
49 732494
50 673921
51 611671
52 553778
53 491378
54 431386
55 374324
56 321672
57 273490
58 231546
59 193160
60 159426
61 131551
62 108245
63 88094
64 72495
65 58905
66 48593
67 39728
68 33008
69 27679
70 23142
71 20319
72 17357
73 15211
74 13502
75 12264
76 11404
77 10250
78 9289
79 8519
80 7957
81 7299
82 7263
83 6784
84 6436
85 6072
86 5845
87 5435
88 5353
89 5013
90 4806
91 4562
92 4440
93 4241
94 3936
95 3720
96 3440
97 3101
98 2890
99 2785
100 2632
101 2389
102 2205
103 2074
104 2035
105 1841
106 1665
107 1474
108 1402
109 1276
110 1275
111 1182
112 1154
113 1021
114 964
115 929
116 837
117 771
118 745
119 678
120 647
121 643
122 619
123 601
124 603
125 622
126 560
127 617
128 574
129 621
130 568
131 561
132 515
133 564
134 519
135 577
136 581
137 528
138 487
139 503
140 520
141 518
142 587
143 577
144 583
145 566
146 583
147 609
148 601
149 616
150 579
151 630
152 600
153 565
154 529
155 542
156 476
157 487
158 510
159 485
160 542
161 470
162 477
163 463
164 457
165 476
166 459
167 454
168 454
169 450
170 380
171 379
172 370
173 341
174 323
175 307
176 299
177 244
178 267
179 255
180 291
181 232
182 223
183 230
184 197
185 207
186 205
187 206
188 216
189 209
190 207
191 232
192 215
193 205
194 203
195 188
196 222
197 245
198 244
199 212
200 224
201 207
202 199
203 220
204 186
205 191
206 169
207 199
208 191
209 200
210 182
211 182
212 188
213 187
214 195
215 184
216 187
217 182
218 195
219 208
220 197
221 201
222 201
223 187
224 222
225 202
226 216
227 184
228 172
229 156
230 179
231 194
232 161
233 156
234 141
235 144
236 127
237 138
238 138
239 139
240 135
241 138
242 119
243 99
244 117
245 120
246 104
247 122
248 90
249 84
250 77
251 119
252 69
253 82
254 78
255 96
256 91
257 68
258 96
259 68
260 75
261 61
262 62
263 82
264 91
265 77
266 73
267 73
268 80
269 82
270 68
271 77
272 64
273 64
274 72
275 76
276 68
277 77
278 54
279 42
280 55
281 59
282 56
283 54
284 72
285 44
286 50
287 62
288 47
289 44
290 48
291 48
292 54
293 47
294 50
295 49
296 49
297 42
298 48
299 47
300 52
301 46
302 65
303 49
304 42
305 45
306 40
307 45
308 47
309 54
310 47
311 52
312 52
313 50
314 54
315 48
316 46
317 39
318 54
319 58
320 52
321 51
322 45
323 54
324 54
325 37
326 38
327 42
328 30
329 41
330 23
331 24
332 34
333 26
334 22
335 31
336 43
337 30
338 32
339 22
340 28
341 22
342 25
343 26
344 27
345 30
346 25
347 17
348 24
349 20
350 23
351 17
352 16
353 15
354 24
355 11
356 14
357 18
358 24
359 16
360 18
361 12
362 14
363 4
364 8
365 8
366 15
367 16
368 11
369 13
370 13
371 9
372 10
373 8
374 14
375 9
376 5
377 7
378 14
379 9
380 12
381 7
382 7
383 9
384 7
385 11
386 14
387 16
388 17
389 8
390 7
391 19
392 9
393 9
394 13
395 7
396 7
397 11
398 17
399 10
400 9
401 5
402 11
403 9
404 11
405 8
406 11
407 7
408 6
409 7
410 8
411 10
412 9
413 5
414 5
415 8
416 4
417 15
418 10
419 10
420 11
421 4
422 7
423 7
424 5
425 6
426 6
427 4
428 8
429 7
430 9
431 4
432 7
433 11
434 12
435 10
436 7
437 12
438 6
439 12
440 14
441 13
442 18
443 17
444 7
445 10
446 6
447 15
448 12
449 15
450 8
451 4
452 13
453 10
454 14
455 7
456 16
457 10
458 13
459 11
460 10
461 11
462 14
463 17
464 11
465 8
466 9
467 16
468 16
469 6
470 13
471 23
472 9
473 8
474 10
475 9
476 9
477 13
478 13
479 15
480 13
481 9
482 10
483 9
484 9
485 15
486 8
487 8
488 7
489 10
490 6
491 6
492 9
493 6
494 6
495 4
496 5
497 2
498 6
499 5
500 5
501 3
502 3
503 1
504 1
505 4
506 6
507 12
508 11
509 2
510 8
511 3
512 11
513 7
514 9
515 11
516 16
517 11
518 16
519 15
520 9
521 5
522 9
523 15
524 11
525 10
526 7
527 10
528 16
529 3
530 11
531 15
532 10
533 10
534 15
535 11
536 2
537 12
538 4
539 7
540 9
541 13
542 9
543 10
544 5
545 15
546 13
547 8
548 19
549 11
550 16
551 10
552 10
553 15
554 16
555 7
556 13
557 6
558 13
559 9
560 9
561 6
562 6
563 10
564 8
565 3
566 12
567 6
568 4
569 5
570 15
571 11
572 11
573 14
574 7
575 16
576 19
577 8
578 11
579 7
580 7
581 10
582 9
583 12
584 20
585 10
586 7
587 18
588 21
589 18
590 13
591 15
592 20
593 12
594 16
595 18
596 14
597 16
598 11
599 14
600 15
601 16
602 13
603 13
604 10
605 12
606 23
607 17
608 19
609 19
610 20
611 19
612 13
613 8
614 10
615 11
616 10
617 7
618 9
619 8
620 15
621 10
622 6
623 5
624 6
625 4
626 7
627 5
628 3
629 6
630 3
631 4
632 2
633 4
634 4
635 4
636 9
637 8
638 9
639 2
640 5
641 10
642 5
643 6
644 8
645 7
646 3
647 9
648 4
649 6
650 2
651 7
652 4
653 9
654 6
655 6
656 6
657 7
658 7
659 4
660 5
661 5
662 3
663 1
664 6
665 4
666 5
667 11
668 6
669 9
670 8
671 3
672 6
673 1
674 3
675 3
676 3
677 2
678 1
679 2
680 3
681 4
682 4
683 3
685 1
686 2
687 1
688 3
689 7
690 2
692 5
693 2
694 2
695 2
696 2
697 2
698 1
699 2
700 5
701 2
702 5
703 1
705 5
706 7
707 1
708 2
709 2
710 1
712 1
713 1
714 1
716 4
717 2
718 2
719 4
720 1
721 3
723 2
725 2
726 2
729 5
730 1
732 6
734 3
735 2
736 1
737 2
738 1
739 1
740 1
742 1
743 1
748 1
749 1
750 4
754 2
755 2
756 2
757 1
759 1
762 1
763 3
764 1
773 1
776 1
781 1
783 2
785 1
786 1
787 4
788 1
789 1
790 1
791 1
793 1
794 1
795 1
797 1
801 1
802 2
803 1
805 1
808 3
809 2
810 1
811 1
812 1
813 1
814 1
815 1
816 3
817 2
818 2
819 5
820 2
821 4
822 2
823 2
825 1
827 1
828 1
829 1
831 1
833 1
838 1
839 1
840 2
842 1
844 1
846 1
847 2
850 2
851 1
852 1
853 2
854 1
857 1
858 1
859 2
860 1
861 2
862 2
865 1
869 1
870 1
871 1
884 2
885 1
886 1
887 2
888 1
890 1
892 3
894 1
896 2
899 1
913 1
945 1
966 1
969 2
970 2
971 1
975 1
978 1
980 1
1016 1
1027 1
1061 1
1062 2
1067 1
1069 1
1076 2
1093 1
1095 1
1098 1
1105 1
1106 1
1107 1
1109 1
1111 1
1113 1
1114 2
1115 1
1117 1
1118 2
1119 1
1120 3
1122 1
1123 1
1125 1
1126 1
1130 1
1168 1
1200 1
1203 2
1205 2
1208 2
1210 2
1221 2
1231 1
1233 1
1240 1
1241 1
1251 1
1266 1
1271 1
1276 1
1279 1
1285 1
1294 1
1298 1
1303 1
1304 1
1308 2
1310 2
1341 1
1345 1
1359 1
1361 1
1380 1
1382 1
1386 1
1387 1
1389 1
1393 1
1395 1
1397 1
1400 1
1401 1
1409 1
1425 1
1426 1
1427 2
1428 1
1435 3
1436 4
1438 4
1439 2
1441 2
1442 1
1443 2
1444 1
1445 1
1447 1
1448 3
1451 1
1452 1
1458 1
1463 1
1464 1
1466 1
1471 2
1510 1
1513 1
1518 1
1589 1
1620 1
1652 1
1653 1
1654 1
1655 1
1669 1
1705 1
1706 1
1707 2
1708 1
1709 1
1715 1
1716 1
1717 1
1719 1
1726 1
1740 1
1751 1
1757 1
1761 1
1828 2
1829 1
1838 1
1839 1
1853 1
1885 1
1889 1
1891 1
2068 1
2073 1
2077 1
2079 4
2084 1
2086 1
2087 3
2088 1
2094 2
2095 1
2106 1
2109 1
2174 1
2863 1
2937 1
3126 1
3190 1
3281 1
3392 1
4279 1
4335 1
4342 1
4344 1
4359 1
4363 1
4368 1
4370 1
4375 1
4376 1
4381 1
