1 26149616
2 11606057
3 5999908
4 3355715
5 2085427
6 1427568
7 1034224
8 782613
9 623824
10 540611
11 522108
12 547292
13 597232
14 663552
15 722436
16 761216
17 771219
18 749669
19 693810
20 612099
21 516191
22 417462
23 326565
24 247113
25 180960
26 129442
27 90985
28 64568
29 45478
30 33310
31 25195
32 19144
33 15175
34 12265
35 10019
36 8491
37 6955
38 5774
39 4883
40 4037
41 3395
42 2826
43 2423
44 2007
45 1589
46 1387
47 1202
48 1091
49 1060
50 1002
51 939
52 938
53 945
54 877
55 860
56 854
57 910
58 825
59 835
60 770
61 735
62 723
63 746
64 683
65 669
66 690
67 657
68 640
69 613
70 578
71 582
72 568
73 534
74 576
75 499
76 484
77 476
78 436
79 424
80 352
81 341
82 347
83 367
84 339
85 391
86 408
87 466
88 478
89 557
90 664
91 869
92 1112
93 1339
94 1775
95 2143
96 2727
97 3457
98 4204
99 5324
100 6609
101 8197
102 9867
103 11894
104 14459
105 16973
106 19891
107 22886
108 26748
109 30874
110 34677
111 39118
112 43418
113 47470
114 52440
115 56971
116 60971
117 65726
118 69067
119 72577
120 74904
121 77154
122 78617
123 79867
124 79788
125 79055
126 77943
127 76458
128 73797
129 71382
130 68281
131 65008
132 61686
133 57841
134 54059
135 50090
136 45674
137 41733
138 37729
139 34022
140 30400
141 26751
142 23294
143 20425
144 17840
145 15359
146 12995
147 10895
148 9169
149 7529
150 6122
151 4993
152 4049
153 3332
154 2725
155 2210
156 1752
157 1346
158 1212
159 924
160 683
161 592
162 495
163 343
164 276
165 231
166 178
167 143
168 125
169 88
170 75
171 73
172 49
173 37
174 39
175 40
176 28
177 36
178 21
179 28
180 20
181 24
182 17
183 27
184 26
185 25
186 18
187 19
188 20
189 23
190 25
191 26
192 15
193 15
194 18
195 15
196 16
197 20
198 19
199 15
200 20
201 23
202 22
203 22
204 15
205 25
206 25
207 12
208 19
209 19
210 13
211 10
212 11
213 16
214 17
215 19
216 24
217 22
218 27
219 25
220 27
221 29
222 34
223 31
224 47
225 51
226 46
227 35
228 40
229 42
230 68
231 34
232 63
233 89
234 88
235 103
236 99
237 90
238 120
239 111
240 131
241 119
242 113
243 122
244 114
245 132
246 132
247 135
248 131
249 125
250 124
251 119
252 119
253 138
254 117
255 123
256 135
257 137
258 125
259 122
260 115
261 107
262 76
263 99
264 100
265 91
266 100
267 82
268 97
269 78
270 90
271 78
272 59
273 61
274 37
275 59
276 35
277 48
278 28
279 30
280 25
281 22
282 28
283 25
284 15
285 9
286 12
287 12
288 6
289 10
290 5
291 14
292 15
293 5
294 3
295 5
296 10
297 11
298 14
299 15
300 10
301 5
302 10
303 12
304 1
305 5
306 4
307 9
308 3
309 4
310 6
311 7
312 4
313 5
314 5
315 5
316 3
317 8
318 2
319 3
320 3
321 3
322 9
323 6
324 3
325 3
326 6
327 3
328 2
329 11
330 3
331 5
332 6
333 3
334 1
335 7
336 5
337 6
338 1
339 6
340 4
341 5
342 3
343 7
344 5
345 8
346 6
347 2
348 7
349 6
350 8
351 2
352 5
353 2
354 5
355 7
356 5
357 5
358 6
359 2
360 4
361 9
362 5
363 7
364 5
365 1
366 2
367 8
368 7
369 6
370 8
371 7
372 7
373 8
374 10
375 2
376 11
377 3
378 9
379 5
380 6
381 2
382 6
383 2
384 6
385 7
386 8
387 6
388 5
389 8
390 10
391 3
392 12
393 7
394 6
395 9
396 10
397 10
398 9
399 9
400 2
401 12
402 7
403 8
404 10
405 8
406 7
407 5
408 3
409 3
410 2
411 6
412 2
413 6
414 3
415 2
416 3
417 3
418 3
419 4
420 4
422 4
423 1
424 4
425 3
426 7
427 1
428 2
429 6
430 2
431 1
432 1
435 1
436 2
438 2
439 2
440 1
441 1
443 1
445 1
447 1
462 2
463 1
465 3
473 1
475 1
483 1
485 1
487 1
488 1
489 3
490 3
491 1
492 2
494 2
496 1
497 1
498 1
501 2
504 3
505 1
507 1
509 4
511 1
512 4
513 1
514 1
515 1
517 3
518 2
519 1
520 1
521 2
522 2
524 3
525 2
526 4
527 1
528 2
529 1
530 2
532 2
546 1
549 1
551 1
577 1
579 2
594 2
595 2
596 2
597 2
598 4
603 1
604 1
605 1
606 4
607 2
609 1
612 1
613 1
626 1
628 1
643 1
703 1
706 1
707 1
708 1
711 1
713 1
719 1
730 1
735 1
758 1
769 1
771 1
780 1
783 1
784 1
785 2
787 1
788 1
790 1
792 1
793 1
795 3
796 1
797 1
800 1
819 1
821 2
822 2
823 1
828 1
829 1
830 2
831 1
865 1
893 1
923 1
924 1
925 1
954 1
955 1
1056 1
1060 1
1096 1
1286 1
1297 1
1468 1
1469 1
1471 1
1475 1
1476 2
1479 1
1480 1
1490 1
1494 1
