1 15658349
2 13854672
3 10679310
4 7843767
5 5872506
6 4669747
7 3899994
8 3354495
9 2899502
10 2507832
11 2192516
12 1966513
13 1836431
14 1788084
15 1797422
16 1829293
17 1855253
18 1866509
19 1845363
20 1786871
21 1695749
22 1588633
23 1468127
24 1346892
25 1228514
26 1119638
27 1021208
28 934107
29 850914
30 776077
31 701098
32 626892
33 555941
34 486584
35 423572
36 362755
37 304834
38 253576
39 207936
40 168710
41 135671
42 109014
43 87610
44 69816
45 56571
46 49045
47 43800
48 42894
49 45050
50 50355
51 59299
52 69978
53 84340
54 99973
55 118089
56 137760
57 159742
58 182794
59 205253
60 228206
61 247810
62 266522
63 282365
64 296932
65 302823
66 309645
67 307621
68 303529
69 295335
70 283561
71 267493
72 251033
73 231858
74 212297
75 191094
76 169337
77 149101
78 129613
79 111817
80 94685
81 79794
82 66878
83 54875
84 44797
85 36747
86 28874
87 23217
88 18403
89 14123
90 11044
91 8726
92 7010
93 5521
94 4635
95 4158
96 3758
97 3661
98 3841
99 4147
100 4540
101 5323
102 6338
103 7551
104 8921
105 10522
106 12287
107 14458
108 16760
109 19165
110 21968
111 24971
112 28026
113 31839
114 35134
115 39451
116 43114
117 46867
118 50496
119 54224
120 57146
121 59578
122 61855
123 64204
124 65826
125 67126
126 68620
127 69039
128 68885
129 67917
130 66048
131 64131
132 62405
133 59220
134 56335
135 53521
136 50703
137 47250
138 43172
139 38859
140 35525
141 31759
142 28401
143 25610
144 22031
145 19849
146 17136
147 14993
148 12999
149 11132
150 9528
151 8175
152 6860
153 5685
154 4771
155 4085
156 3339
157 2795
158 2383
159 1913
160 1641
161 1329
162 1011
163 859
164 751
165 594
166 566
167 530
168 502
169 487
170 632
171 741
172 879
173 949
174 1186
175 1297
176 1586
177 1854
178 2222
179 2675
180 3151
181 3775
182 4524
183 5547
184 6564
185 7787
186 9283
187 10705
188 12754
189 14673
190 16973
191 19369
192 22140
193 25645
194 28922
195 32517
196 36648
197 41012
198 45845
199 50401
200 56253
201 60695
202 67025
203 73559
204 79035
205 86616
206 93048
207 99464
208 106821
209 113736
210 119539
211 126843
212 133200
213 138977
214 144828
215 151043
216 156362
217 161322
218 165901
219 170668
220 173279
221 176567
222 179292
223 181460
224 183043
225 184141
226 184452
227 184652
228 182969
229 182135
230 180206
231 177671
232 174088
233 170242
234 166435
235 162344
236 155956
237 151475
238 145776
239 139512
240 133363
241 126660
242 120622
243 114040
244 108559
245 102297
246 95737
247 89849
248 83847
249 77951
250 72690
251 67310
252 61580
253 56396
254 51508
255 46905
256 42899
257 38586
258 34942
259 31420
260 28627
261 25368
262 22627
263 19965
264 17845
265 15518
266 13582
267 12147
268 10596
269 9169
270 7984
271 6762
272 5928
273 5001
274 4452
275 3870
276 3248
277 2873
278 2376
279 2083
280 1776
281 1442
282 1225
283 1098
284 932
285 743
286 700
287 580
288 530
289 491
290 417
291 379
292 322
293 265
294 252
295 232
296 187
297 188
298 187
299 176
300 179
301 199
302 152
303 169
304 171
305 163
306 208
307 238
308 243
309 247
310 282
311 291
312 313
313 353
314 365
315 399
316 411
317 463
318 493
319 577
320 652
321 728
322 739
323 838
324 886
325 976
326 1065
327 1156
328 1326
329 1444
330 1471
331 1610
332 1753
333 1895
334 1998
335 2051
336 2183
337 2434
338 2489
339 2588
340 2744
341 2832
342 3014
343 3153
344 3307
345 3419
346 3471
347 3618
348 3817
349 3719
350 3950
351 3999
352 4259
353 4176
354 4315
355 4218
356 4309
357 4327
358 4334
359 4313
360 4414
361 4305
362 4290
363 4256
364 4108
365 4114
366 3984
367 3955
368 3784
369 3688
370 3585
371 3522
372 3321
373 3270
374 3248
375 3097
376 2914
377 2810
378 2639
379 2565
380 2383
381 2281
382 2056
383 2065
384 1906
385 1774
386 1678
387 1533
388 1462
389 1380
390 1166
391 1084
392 1021
393 944
394 845
395 796
396 759
397 676
398 604
399 563
400 492
401 481
402 453
403 416
404 373
405 348
406 385
407 347
408 341
409 318
410 297
411 311
412 291
413 242
414 250
415 298
416 266
417 266
418 275
419 268
420 279
421 273
422 291
423 282
424 310
425 349
426 280
427 350
428 340
429 371
430 392
431 389
432 388
433 415
434 438
435 451
436 439
437 471
438 460
439 502
440 497
441 527
442 578
443 563
444 559
445 594
446 549
447 667
448 640
449 657
450 673
451 642
452 658
453 654
454 618
455 654
456 662
457 687
458 636
459 704
460 687
461 641
462 650
463 649
464 668
465 678
466 653
467 689
468 657
469 643
470 638
471 636
472 612
473 631
474 595
475 582
476 606
477 593
478 559
479 579
480 491
481 538
482 516
483 556
484 476
485 462
486 476
487 453
488 438
489 456
490 409
491 369
492 377
493 327
494 345
495 351
496 277
497 312
498 293
499 265
500 256
501 264
502 227
503 218
504 198
505 171
506 168
507 160
508 127
509 138
510 156
511 111
512 120
513 126
514 125
515 98
516 105
517 88
518 110
519 82
520 99
521 72
522 73
523 76
524 84
525 70
526 85
527 74
528 67
529 71
530 59
531 48
532 60
533 45
534 57
535 43
536 47
537 34
538 33
539 33
540 39
541 21
542 37
543 42
544 44
545 34
546 39
547 30
548 38
549 28
550 28
551 24
552 33
553 34
554 30
555 25
556 34
557 23
558 32
559 32
560 30
561 23
562 27
563 21
564 30
565 34
566 32
567 36
568 34
569 36
570 27
571 24
572 28
573 23
574 29
575 29
576 29
577 29
578 22
579 27
580 27
581 33
582 28
583 27
584 28
585 24
586 32
587 27
588 25
589 31
590 34
591 34
592 37
593 33
594 28
595 45
596 34
597 43
598 36
599 42
600 36
601 38
602 35
603 46
604 50
605 43
606 39
607 33
608 44
609 38
610 36
611 33
612 35
613 40
614 39
615 33
616 38
617 38
618 35
619 38
620 48
621 40
622 47
623 48
624 50
625 38
626 47
627 48
628 52
629 58
630 54
631 65
632 50
633 67
634 56
635 67
636 79
637 50
638 67
639 53
640 75
641 54
642 66
643 64
644 67
645 57
646 70
647 78
648 73
649 79
650 67
651 67
652 85
653 85
654 75
655 80
656 97
657 107
658 106
659 98
660 102
661 110
662 122
663 113
664 99
665 118
666 81
667 88
668 100
669 98
670 101
671 99
672 94
673 96
674 98
675 95
676 81
677 75
678 104
679 104
680 68
681 108
682 95
683 99
684 97
685 108
686 121
687 107
688 116
689 105
690 121
691 111
692 124
693 119
694 134
695 122
696 144
697 119
698 116
699 119
700 131
701 122
702 114
703 130
704 133
705 129
706 131
707 158
708 116
709 140
710 123
711 125
712 115
713 106
714 112
715 125
716 100
717 119
718 108
719 111
720 118
721 96
722 113
723 109
724 93
725 113
726 88
727 87
728 79
729 75
730 101
731 63
732 72
733 73
734 75
735 74
736 60
737 46
738 69
739 72
740 49
741 65
742 53
743 41
744 53
745 58
746 58
747 50
748 44
749 50
750 51
751 44
752 53
753 44
754 52
755 60
756 43
757 48
758 33
759 42
760 35
761 31
762 34
763 36
764 21
765 22
766 32
767 15
768 29
769 28
770 28
771 30
772 26
773 25
774 16
775 23
776 27
777 26
778 19
779 36
780 41
781 29
782 39
783 33
784 40
785 33
786 27
787 43
788 42
789 41
790 36
791 38
792 33
793 39
794 43
795 39
796 47
797 44
798 33
799 33
800 45
801 41
802 35
803 34
804 32
805 42
806 34
807 35
808 41
809 25
810 42
811 39
812 46
813 37
814 35
815 39
816 44
817 31
818 24
819 37
820 36
821 32
822 29
823 44
824 38
825 36
826 34
827 38
828 39
829 46
830 37
831 31
832 40
833 44
834 29
835 39
836 33
837 46
838 31
839 36
840 23
841 40
842 38
843 44
844 36
845 35
846 38
847 38
848 30
849 25
850 32
851 31
852 23
853 18
854 21
855 20
856 23
857 16
858 18
859 13
860 29
861 25
862 25
863 26
864 37
865 24
866 32
867 39
868 39
869 53
870 52
871 36
872 46
873 38
874 34
875 42
876 42
877 47
878 44
879 47
880 58
881 29
882 46
883 38
884 40
885 50
886 49
887 49
888 45
889 57
890 43
891 44
892 51
893 46
894 44
895 54
896 52
897 56
898 56
899 59
900 55
901 60
902 47
903 69
904 63
905 53
906 54
907 61
908 81
909 73
910 65
911 73
912 74
913 61
914 64
915 88
916 72
917 82
918 78
919 63
920 89
921 62
922 79
923 72
924 88
925 63
926 88
927 81
928 88
929 79
930 86
931 74
932 82
933 86
934 101
935 91
936 102
937 100
938 75
939 85
940 91
941 83
942 95
943 66
944 88
945 76
946 77
947 94
948 75
949 80
950 75
951 68
952 77
953 64
954 86
955 72
956 90
957 96
958 88
959 77
960 93
961 72
962 66
963 72
964 67
965 67
966 65
967 66
968 55
969 63
970 48
971 65
972 41
973 48
974 47
975 56
976 40
977 42
978 41
979 42
980 32
981 32
982 31
983 43
984 48
985 40
986 39
987 29
988 38
989 38
990 36
991 37
992 40
993 36
994 38
995 31
996 34
997 23
998 26
999 24
1000 25
1001 32
1002 19
1003 24
1004 25
1005 23
1006 17
1007 13
1008 9
1009 21
1010 26
1011 11
1012 18
1013 16
1014 14
1015 16
1016 13
1017 19
1018 15
1019 12
1020 16
1021 17
1022 14
1023 10
1024 7
1025 16
1026 17
1027 16
1028 11
1029 12
1030 10
1031 14
1032 14
1033 14
1034 14
1035 11
1036 15
1037 13
1038 10
1039 14
1040 8
1041 8
1042 10
1043 12
1044 8
1045 5
1046 8
1047 8
1048 7
1049 8
1050 12
1051 5
1052 13
1053 9
1054 7
1055 7
1056 12
1057 9
1058 7
1059 10
1060 6
1061 4
1062 7
1063 4
1064 5
1065 9
1066 4
1067 9
1068 11
1069 10
1070 10
1071 8
1072 4
1073 7
1074 6
1075 9
1076 12
1077 10
1078 12
1079 7
1080 3
1081 6
1082 9
1083 5
1084 11
1085 9
1086 8
1087 12
1088 14
1089 9
1090 11
1091 18
1092 8
1093 13
1094 19
1095 22
1096 23
1097 23
1098 17
1099 18
1100 18
1101 20
1102 24
1103 17
1104 27
1105 12
1106 24
1107 16
1108 14
1109 22
1110 15
1111 19
1112 26
1113 20
1114 18
1115 26
1116 31
1117 21
1118 18
1119 19
1120 29
1121 22
1122 14
1123 13
1124 24
1125 21
1126 18
1127 15
1128 26
1129 18
1130 28
1131 25
1132 20
1133 13
1134 22
1135 26
1136 15
1137 21
1138 22
1139 18
1140 17
1141 20
1142 20
1143 29
1144 23
1145 23
1146 38
1147 27
1148 34
1149 39
1150 36
1151 29
1152 31
1153 20
1154 29
1155 33
1156 30
1157 36
1158 28
1159 26
1160 27
1161 26
1162 21
1163 33
1164 31
1165 23
1166 34
1167 29
1168 40
1169 24
1170 26
1171 30
1172 18
1173 27
1174 16
1175 33
1176 28
1177 16
1178 23
1179 22
1180 16
1181 21
1182 22
1183 31
1184 18
1185 26
1186 17
1187 24
1188 18
1189 17
1190 19
1191 24
1192 13
1193 18
1194 27
1195 25
1196 23
1197 18
1198 18
1199 22
1200 19
1201 23
1202 17
1203 11
1204 19
1205 14
1206 11
1207 11
1208 16
1209 16
1210 13
1211 9
1212 8
1213 9
1214 8
1215 9
1216 6
1217 6
1218 17
1219 12
1220 11
1221 9
1222 6
1223 12
1224 11
1225 12
1226 13
1227 7
1228 11
1229 8
1230 11
1231 10
1232 15
1233 10
1234 9
1235 14
1236 11
1237 12
1238 8
1239 8
1240 11
1241 7
1242 9
1243 12
1244 5
1245 12
1246 12
1247 9
1248 7
1249 9
1250 18
1251 13
1252 7
1253 14
1254 14
1255 12
1256 11
1257 20
1258 13
1259 8
1260 11
1261 13
1262 12
1263 12
1264 8
1265 6
1266 13
1267 11
1268 13
1269 7
1270 14
1271 9
1272 11
1273 11
1274 5
1275 14
1276 14
1277 17
1278 12
1279 9
1280 8
1281 14
1282 10
1283 11
1284 11
1285 6
1286 4
1287 7
1288 6
1289 4
1290 6
1291 8
1292 10
1293 5
1294 6
1295 5
1296 9
1297 10
1298 6
1299 13
1300 12
1301 9
1302 11
1303 5
1304 10
1305 9
1306 7
1307 7
1308 6
1309 9
1310 6
1311 10
1312 10
1313 8
1314 5
1315 8
1316 10
1317 6
1318 5
1319 6
1320 7
1321 4
1322 12
1323 10
1324 10
1325 6
1326 3
1327 10
1328 12
1329 9
1330 8
1331 5
1332 11
1333 7
1334 9
1335 11
1336 5
1337 4
1338 8
1339 9
1340 11
1341 9
1342 6
1343 4
1344 9
1345 3
1346 6
1347 7
1348 7
1349 7
1350 2
1351 8
1353 7
1354 10
1355 6
1356 8
1357 7
1358 4
1359 4
1360 2
1361 6
1362 7
1363 6
1364 5
1365 8
1366 4
1367 6
1368 9
1369 7
1370 6
1371 8
1372 10
1373 5
1374 9
1375 8
1376 10
1377 13
1378 6
1379 13
1380 13
1381 12
1382 9
1383 12
1384 6
1385 20
1386 12
1387 22
1388 11
1389 16
1390 16
1391 17
1392 19
1393 18
1394 18
1395 13
1396 21
1397 10
1398 17
1399 18
1400 11
1401 12
1402 5
1403 12
1404 14
1405 9
1406 8
1407 11
1408 13
1409 6
1410 9
1411 12
1412 9
1413 11
1414 11
1415 10
1416 5
1417 5
1418 3
1419 7
1420 9
1421 1
1422 3
1423 7
1424 14
1425 8
1426 13
1427 12
1428 8
1429 12
1430 14
1431 15
1432 10
1433 13
1434 8
1435 7
1436 6
1437 19
1438 10
1439 8
1440 9
1441 8
1442 12
1443 16
1444 11
1445 22
1446 19
1447 20
1448 14
1449 16
1450 18
1451 20
1452 14
1453 20
1454 17
1455 32
1456 24
1457 33
1458 22
1459 38
1460 41
1461 34
1462 46
1463 49
1464 59
1465 54
1466 68
1467 70
1468 82
1469 82
1470 100
1471 107
1472 103
1473 137
1474 113
1475 132
1476 157
1477 170
1478 150
1479 181
1480 212
1481 211
1482 231
1483 240
1484 314
1485 305
1486 324
1487 336
1488 381
1489 412
1490 449
1491 449
1492 501
1493 511
1494 553
1495 614
1496 634
1497 709
1498 771
1499 808
1500 818
1501 946
1502 1020
1503 985
1504 1150
1505 1190
1506 1282
1507 1317
1508 1512
1509 1555
1510 1668
1511 1712
1512 1873
1513 1977
1514 2014
1515 2153
1516 2291
1517 2399
1518 2569
1519 2703
1520 2911
1521 2935
1522 3085
1523 3295
1524 3430
1525 3604
1526 3807
1527 3852
1528 4131
1529 4384
1530 4503
1531 4640
1532 4881
1533 5171
1534 5311
1535 5521
1536 5884
1537 5969
1538 6334
1539 6579
1540 6707
1541 7029
1542 7252
1543 7419
1544 7828
1545 8106
1546 8455
1547 8752
1548 8807
1549 9247
1550 9661
1551 9970
1552 10196
1553 10420
1554 10974
1555 11306
1556 11643
1557 12006
1558 12289
1559 12654
1560 12965
1561 13107
1562 13675
1563 14256
1564 14650
1565 14776
1566 14980
1567 15591
1568 15980
1569 16131
1570 16403
1571 16938
1572 16965
1573 17323
1574 17729
1575 18073
1576 18066
1577 18395
1578 18977
1579 19042
1580 19182
1581 19543
1582 19949
1583 19881
1584 20524
1585 20749
1586 20674
1587 20875
1588 21069
1589 21132
1590 21400
1591 21318
1592 21620
1593 21689
1594 21823
1595 21823
1596 21887
1597 22047
1598 21961
1599 21762
1600 22054
1601 21917
1602 22218
1603 21789
1604 22234
1605 21990
1606 22020
1607 21488
1608 21659
1609 21545
1610 21488
1611 21404
1612 21200
1613 21139
1614 20994
1615 20971
1616 20807
1617 20436
1618 20150
1619 20007
1620 19629
1621 19591
1622 19201
1623 19090
1624 18714
1625 18432
1626 18185
1627 17894
1628 17454
1629 17241
1630 16984
1631 16643
1632 16148
1633 16256
1634 15755
1635 15658
1636 15068
1637 14850
1638 14820
1639 14213
1640 13726
1641 13493
1642 13208
1643 12871
1644 12368
1645 12105
1646 11661
1647 11360
1648 11004
1649 10811
1650 10423
1651 9942
1652 9665
1653 9588
1654 9095
1655 8738
1656 8632
1657 8447
1658 8041
1659 7812
1660 7455
1661 7210
1662 6978
1663 6621
1664 6513
1665 6133
1666 5952
1667 5759
1668 5441
1669 5252
1670 5090
1671 4949
1672 4732
1673 4457
1674 4282
1675 4089
1676 3959
1677 3826
1678 3684
1679 3432
1680 3191
1681 3105
1682 2969
1683 2787
1684 2672
1685 2582
1686 2438
1687 2373
1688 2233
1689 2233
1690 2025
1691 1869
1692 1775
1693 1703
1694 1601
1695 1531
1696 1487
1697 1329
1698 1318
1699 1197
1700 1152
1701 1020
1702 930
1703 917
1704 879
1705 812
1706 812
1707 725
1708 671
1709 649
1710 627
1711 538
1712 564
1713 521
1714 489
1715 457
1716 382
1717 439
1718 348
1719 370
1720 315
1721 306
1722 306
1723 304
1724 266
1725 264
1726 251
1727 191
1728 204
1729 206
1730 170
1731 181
1732 149
1733 132
1734 131
1735 124
1736 105
1737 116
1738 89
1739 110
1740 87
1741 93
1742 78
1743 74
1744 64
1745 61
1746 60
1747 55
1748 53
1749 51
1750 50
1751 28
1752 54
1753 46
1754 42
1755 40
1756 36
1757 34
1758 30
1759 31
1760 26
1761 26
1762 31
1763 36
1764 23
1765 24
1766 34
1767 36
1768 36
1769 33
1770 29
1771 34
1772 27
1773 38
1774 44
1775 28
1776 33
1777 29
1778 34
1779 37
1780 29
1781 40
1782 34
1783 31
1784 38
1785 30
1786 28
1787 39
1788 38
1789 37
1790 32
1791 31
1792 32
1793 29
1794 31
1795 36
1796 33
1797 37
1798 38
1799 34
1800 29
1801 25
1802 30
1803 45
1804 20
1805 31
1806 36
1807 43
1808 41
1809 47
1810 34
1811 34
1812 41
1813 42
1814 40
1815 44
1816 41
1817 42
1818 35
1819 33
1820 35
1821 29
1822 32
1823 38
1824 37
1825 43
1826 34
1827 31
1828 33
1829 46
1830 37
1831 28
1832 36
1833 36
1834 25
1835 33
1836 23
1837 27
1838 25
1839 32
1840 34
1841 36
1842 29
1843 35
1844 31
1845 31
1846 30
1847 26
1848 28
1849 23
1850 23
1851 19
1852 29
1853 25
1854 19
1855 20
1856 16
1857 22
1858 24
1859 17
1860 19
1861 31
1862 20
1863 12
1864 24
1865 24
1866 23
1867 30
1868 23
1869 19
1870 18
1871 17
1872 13
1873 21
1874 14
1875 23
1876 20
1877 13
1878 19
1879 16
1880 13
1881 10
1882 9
1883 12
1884 9
1885 8
1886 7
1887 12
1888 8
1889 10
1890 5
1891 8
1892 7
1893 8
1894 7
1895 15
1896 8
1897 4
1898 5
1899 8
1900 4
1901 5
1902 6
1903 5
1904 9
1905 3
1906 3
1907 7
1908 6
1909 5
1910 4
1911 4
1912 5
1913 6
1914 5
1915 8
1916 6
1917 8
1918 3
1919 4
1920 6
1921 5
1922 4
1923 8
1924 2
1925 3
1926 7
1927 8
1928 6
1929 5
1930 4
1931 4
1932 4
1933 5
1934 6
1935 4
1936 3
1937 3
1938 2
1939 4
1940 3
1941 3
1942 4
1943 6
1944 3
1945 7
1946 4
1947 3
1948 6
1949 7
1950 2
1951 5
1952 4
1953 2
1954 5
1955 1
1956 5
1957 3
1958 2
1959 2
1960 3
1961 5
1962 3
1963 3
1964 3
1965 4
1966 6
1967 8
1968 6
1969 5
1970 6
1971 3
1972 3
1973 1
1974 5
1975 2
1976 4
1977 5
1978 1
1979 2
1980 6
1981 8
1982 1
1983 2
1984 9
1985 10
1986 4
1987 3
1988 3
1989 3
1990 3
1991 4
1992 1
1993 3
1994 4
1995 2
1996 4
1997 1
1998 4
1999 3
2000 1
2001 5
2002 1
2003 2
2004 2
2005 3
2006 3
2007 6
2008 7
2009 3
2010 6
2011 3
2012 4
2013 2
2014 1
2015 2
2016 3
2017 3
2018 5
2019 5
2020 6
2021 8
2022 3
2023 4
2024 2
2025 6
2026 3
2027 6
2028 4
2029 5
2030 3
2033 1
2034 4
2035 6
2036 3
2037 2
2038 3
2040 4
2041 4
2042 4
2043 5
2044 3
2045 6
2046 5
2047 4
2048 1
2049 3
2050 2
2051 4
2052 6
2053 4
2055 6
2056 4
2057 7
2058 3
2059 5
2060 2
2061 1
2062 3
2063 3
2064 2
2065 4
2066 4
2067 1
2069 2
2070 1
2071 2
2072 1
2073 1
2074 2
2075 2
2076 1
2077 3
2078 1
2079 2
2080 3
2081 1
2082 5
2083 3
2084 2
2085 6
2086 4
2087 3
2088 1
2089 2
2090 5
2091 1
2092 3
2093 1
2094 1
2095 2
2098 2
2099 3
2100 5
2101 4
2102 1
2103 2
2104 3
2105 1
2106 3
2107 3
2108 3
2109 2
2110 2
2111 2
2112 2
2113 3
2114 5
2115 3
2116 4
2117 2
2118 4
2119 5
2120 1
2121 7
2122 2
2123 2
2124 1
2125 2
2126 2
2127 5
2128 4
2129 4
2130 5
2131 5
2132 4
2134 3
2135 6
2136 3
2137 5
2138 1
2139 1
2141 1
2142 2
2144 3
2145 1
2146 4
2147 3
2149 3
2151 3
2153 4
2154 1
2155 1
2156 2
2157 5
2158 3
2159 2
2160 4
2161 1
2162 1
2163 4
2164 1
2165 4
2166 3
2167 3
2168 1
2169 4
2170 4
2171 3
2172 3
2173 2
2174 3
2175 5
2176 3
2177 3
2178 1
2179 3
2180 1
2181 4
2182 3
2183 1
2184 3
2185 3
2186 3
2187 4
2188 3
2189 2
2190 1
2191 1
2193 2
2194 2
2195 3
2196 1
2199 1
2200 2
2201 3
2202 6
2203 1
2204 1
2206 5
2207 3
2208 3
2209 1
2210 2
2211 1
2214 3
2216 1
2217 2
2218 1
2219 2
2220 1
2221 1
2222 1
2223 2
2224 5
2225 2
2227 3
2228 4
2229 4
2230 3
2231 2
2232 1
2233 2
2234 1
2235 1
2236 1
2237 1
2238 2
2239 1
2240 1
2241 1
2242 6
2243 2
2244 2
2245 1
2246 3
2248 5
2249 1
2250 3
2251 6
2252 3
2253 5
2255 4
2256 3
2257 1
2258 4
2259 1
2260 5
2262 1
2263 2
2264 4
2265 2
2266 3
2267 1
2268 4
2269 4
2270 5
2271 6
2272 4
2273 2
2274 5
2275 3
2276 2
2277 2
2278 2
2279 5
2280 1
2281 1
2282 1
2283 1
2284 1
2285 2
2286 2
2287 1
2288 4
2289 1
2290 2
2291 1
2292 2
2294 1
2295 1
2296 1
2297 1
2298 1
2299 2
2301 3
2302 1
2303 1
2304 1
2306 2
2308 2
2309 1
2310 1
2311 2
2312 2
2315 2
2317 1
2318 1
2319 4
2320 2
2321 1
2323 4
2324 4
2325 3
2326 4
2328 3
2329 5
2330 2
2331 1
2332 2
2333 4
2334 2
2337 2
2338 3
2339 1
2340 2
2342 4
2343 2
2344 1
2345 1
2346 1
2347 3
2348 2
2349 3
2350 1
2351 3
2352 4
2353 2
2354 2
2355 1
2357 1
2358 1
2359 2
2360 1
2361 1
2362 3
2364 1
2365 1
2367 1
2368 1
2369 2
2370 4
2371 3
2372 2
2373 2
2374 2
2375 1
2376 3
2377 2
2378 3
2379 1
2380 5
2381 5
2382 2
2383 4
2384 1
2385 2
2386 2
2387 2
2388 6
2389 1
2390 1
2392 3
2393 2
2394 1
2395 1
2396 2
2397 1
2402 1
2403 2
2406 2
2407 1
2414 1
2416 3
2419 1
2420 2
2421 2
2422 2
2423 2
2424 2
2426 2
2427 4
2429 1
2430 4
2431 2
2432 1
2435 2
2437 2
2439 1
2440 1
2441 2
2442 2
2443 1
2445 2
2446 6
2447 3
2448 5
2449 1
2450 1
2451 1
2452 1
2453 1
2454 2
2455 3
2456 3
2457 1
2459 4
2460 3
2461 2
2462 2
2463 1
2464 3
2465 1
2466 1
2467 1
2474 1
2476 1
2478 2
2480 3
2481 1
2482 3
2483 1
2484 1
2485 1
2486 1
2487 2
2488 3
2489 1
2490 1
2491 1
2492 1
2493 2
2494 2
2496 3
2497 2
2500 1
2501 1
2502 1
2503 2
2505 3
2508 1
2509 5
2510 1
2511 1
2512 2
2513 2
2514 2
2515 1
2518 2
2520 2
2521 2
2524 2
2527 1
2528 2
2531 1
2536 1
2537 2
2538 1
2541 2
2542 4
2543 1
2544 1
2548 1
2549 2
2552 2
2553 1
2554 1
2555 1
2556 2
2557 2
2558 2
2559 3
2560 1
2561 2
2564 4
2565 1
2567 4
2569 2
2570 2
2572 5
2573 1
2574 2
2575 1
2576 1
2578 1
2579 1
2581 1
2582 1
2583 1
2585 1
2586 2
2587 2
2588 1
2590 1
2591 1
2592 1
2593 1
2594 2
2596 1
2598 1
2599 4
2600 2
2601 1
2602 1
2604 1
2605 3
2606 2
2607 2
2608 1
2610 5
2611 2
2613 1
2616 1
2617 1
2618 2
2619 1
2622 1
2623 1
2624 1
2626 1
2628 1
2629 2
2631 1
2632 1
2633 1
2634 1
2635 2
2636 1
2637 2
2638 2
2639 1
2640 2
2641 2
2642 1
2643 4
2644 1
2647 1
2648 4
2649 4
2650 1
2651 3
2652 3
2653 1
2654 2
2655 4
2656 5
2657 2
2658 2
2660 1
2661 2
2662 1
2663 4
2665 2
2667 1
2670 4
2671 3
2672 4
2673 3
2674 3
2675 2
2676 4
2677 1
2678 2
2679 1
2680 2
2681 1
2682 2
2684 1
2685 2
2686 1
2687 1
2688 2
2690 1
2691 2
2692 3
2693 3
2694 4
2695 1
2696 1
2697 1
2698 3
2699 1
2700 3
2701 1
2702 1
2704 2
2705 1
2707 1
2711 1
2712 1
2713 3
2714 1
2715 2
2716 3
2719 1
2720 2
2721 1
2722 3
2724 4
2725 3
2726 1
2730 1
2731 1
2733 2
2734 1
2736 1
2737 1
2739 1
2746 1
2748 1
2750 1
2751 2
2752 1
2756 2
2757 2
2760 1
2761 1
2762 2
2763 1
2764 1
2766 1
2767 2
2769 1
2770 2
2771 1
2772 1
2773 2
2774 3
2775 2
2784 1
2785 2
2786 1
2787 1
2789 3
2790 2
2794 1
2795 1
2796 1
2800 1
2807 2
2808 1
2809 1
2818 1
2821 1
2837 1
2838 1
2841 1
2847 1
2848 1
2849 1
2850 2
2851 2
2853 1
2856 2
2857 1
2859 4
2861 2
2862 2
2867 2
2868 2
2871 2
2872 2
2874 2
2875 1
2893 1
2901 1
2907 2
2928 1
2934 1
2937 1
2941 1
2946 1
2947 1
2948 1
2959 1
2960 1
2961 1
2966 1
2969 1
2970 1
2972 1
2977 1
2978 1
2979 1
2980 1
2982 1
2985 1
2989 2
2992 1
2997 1
2999 1
3000 1
3005 1
3007 4
3008 1
3009 1
3011 1
3012 1
3021 1
3022 1
3025 1
3029 4
3032 1
3035 2
3037 1
3038 1
3039 3
3040 2
3041 3
3043 2
3044 1
3045 2
3046 2
3047 1
3048 2
3049 3
3050 1
3051 4
3052 4
3053 2
3054 5
3055 1
3056 1
3057 3
3058 6
3059 4
3060 4
3061 3
3062 3
3063 5
3064 3
3065 2
3066 1
3067 3
3068 4
3069 1
3070 4
3071 1
3072 3
3073 3
3074 7
3075 3
3076 3
3077 4
3078 2
3079 3
3080 4
3081 6
3082 4
3083 11
3084 4
3085 4
3086 3
3087 4
3088 1
3089 5
3090 5
3091 7
3092 7
3093 6
3094 4
3095 6
3096 5
3097 3
3098 8
3099 11
3100 4
3101 6
3102 2
3103 9
3104 7
3105 9
3106 9
3107 8
3108 14
3109 10
3110 5
3111 7
3112 6
3113 6
3114 9
3115 9
3116 7
3117 14
3118 15
3119 7
3120 15
3121 13
3122 16
3123 12
3124 20
3125 18
3126 12
3127 17
3128 15
3129 18
3130 20
3131 13
3132 20
3133 19
3134 16
3135 22
3136 17
3137 18
3138 14
3139 21
3140 17
3141 18
3142 21
3143 22
3144 23
3145 26
3146 20
3147 24
3148 11
3149 19
3150 26
3151 16
3152 18
3153 24
3154 16
3155 21
3156 24
3157 25
3158 21
3159 20
3160 15
3161 22
3162 22
3163 25
3164 27
3165 30
3166 24
3167 29
3168 25
3169 30
3170 39
3171 27
3172 34
3173 30
3174 33
3175 43
3176 27
3177 35
3178 37
3179 45
3180 45
3181 27
3182 37
3183 32
3184 31
3185 35
3186 39
3187 46
3188 43
3189 34
3190 40
3191 30
3192 37
3193 43
3194 36
3195 27
3196 31
3197 41
3198 48
3199 39
3200 41
3201 36
3202 38
3203 29
3204 36
3205 48
3206 46
3207 44
3208 41
3209 35
3210 38
3211 29
3212 39
3213 39
3214 31
3215 32
3216 38
3217 39
3218 34
3219 33
3220 33
3221 35
3222 28
3223 36
3224 35
3225 33
3226 20
3227 29
3228 32
3229 15
3230 29
3231 35
3232 35
3233 19
3234 29
3235 21
3236 17
3237 33
3238 18
3239 23
3240 21
3241 23
3242 22
3243 23
3244 20
3245 19
3246 28
3247 15
3248 18
3249 23
3250 22
3251 21
3252 24
3253 20
3254 20
3255 22
3256 20
3257 15
3258 18
3259 19
3260 17
3261 15
3262 24
3263 25
3264 15
3265 23
3266 23
3267 19
3268 15
3269 23
3270 14
3271 12
3272 24
3273 17
3274 19
3275 19
3276 17
3277 18
3278 11
3279 11
3280 12
3281 15
3282 16
3283 9
3284 17
3285 12
3286 17
3287 10
3288 13
3289 15
3290 17
3291 11
3292 13
3293 11
3294 12
3295 13
3296 12
3297 9
3298 9
3299 13
3300 7
3301 6
3302 19
3303 6
3304 10
3305 17
3306 7
3307 15
3308 13
3309 5
3310 8
3311 10
3312 11
3313 6
3314 4
3315 11
3316 5
3317 6
3318 10
3319 9
3320 12
3321 8
3322 11
3323 6
3324 7
3325 7
3326 8
3327 5
3328 4
3329 8
3330 4
3331 3
3332 6
3333 5
3334 5
3335 4
3336 9
3337 4
3338 2
3339 4
3340 3
3341 10
3342 2
3343 8
3344 2
3345 10
3346 4
3347 4
3348 4
3349 3
3350 1
3351 4
3352 3
3353 8
3354 4
3355 4
3356 5
3357 5
3358 3
3359 1
3360 2
3361 1
3362 1
3363 1
3365 1
3366 1
3367 3
3368 2
3369 1
3370 2
3371 1
3374 2
3375 1
3380 2
3381 3
3382 1
3383 1
3384 1
3395 1
3398 1
3401 2
3402 1
3415 1
3416 1
3419 1
3420 1
3421 1
3423 1
3425 1
3426 1
3428 2
3431 1
3438 1
3439 1
3446 1
3456 1
3457 1
3458 1
3461 1
3462 1
3464 1
3466 1
3470 1
3472 2
3475 1
3476 3
3478 1
3480 2
3481 2
3482 1
3487 1
3489 1
3504 1
3505 1
3514 1
3523 1
3534 1
3538 1
3540 3
3541 1
3548 4
3551 1
3552 1
3553 1
3554 1
3556 1
3558 1
3559 1
3566 1
3568 1
3582 1
3588 1
3589 1
3594 1
3601 1
3603 1
3605 2
3606 1
3610 2
3618 1
3626 1
3627 1
3629 1
3630 1
3636 1
3638 1
3639 1
3641 1
3642 2
3643 1
3644 1
3650 1
3652 1
3655 1
3663 1
3671 1
3674 1
3681 1
3682 1
3683 1
3684 1
3692 1
3693 2
3697 1
3704 1
3707 3
3713 1
3717 2
3718 1
3720 3
3721 2
3722 3
3725 2
3728 1
3730 1
3736 1
3747 2
3751 2
3752 1
3753 1
3757 1
3758 1
3767 1
3773 1
3774 1
3780 1
3781 2
3783 2
3786 1
3790 1
3792 1
3797 2
3799 4
3801 2
3802 3
3803 1
3804 2
3805 3
3807 2
3809 1
3810 1
3811 1
3812 1
3815 2
3819 1
3821 1
3822 1
3823 1
3824 1
3825 1
3828 2
3829 1
3830 2
3833 1
3834 1
3835 1
3836 1
3837 1
3838 1
3839 1
3840 3
3843 2
3844 1
3845 1
3846 1
3847 2
3848 1
3850 1
3851 1
3855 2
3856 2
3857 1
3858 2
3859 2
3860 1
3861 2
3863 2
3865 1
3866 2
3871 3
3875 1
3876 1
3884 1
3895 1
3896 1
3897 1
3898 1
3900 1
3902 1
3903 1
3906 1
3909 1
3913 1
3918 1
3922 1
3923 1
3926 1
3929 1
3931 1
3933 1
3934 1
3935 1
3937 1
3940 3
3947 2
3951 1
3956 1
3959 1
3966 1
3970 1
3972 1
3973 1
3975 1
3978 1
3980 1
3981 1
3983 1
3988 1
3991 1
4001 1
4002 1
4003 1
4005 1
4007 1
4008 2
4010 1
4011 1
4013 1
4016 1
4017 2
4018 1
4019 1
4021 1
4022 2
4025 1
4027 1
4028 2
4029 1
4034 1
4035 2
4039 1
4040 2
4043 2
4044 1
4046 1
4047 1
4054 2
4056 1
4058 2
4059 1
4061 1
4063 1
4065 1
4071 1
4077 2
4078 1
4081 1
4086 1
4091 1
4092 1
4097 1
4100 1
4111 1
4118 1
4124 1
4137 1
4138 1
4143 1
4145 1
4148 1
4149 1
4150 1
4152 1
4153 1
4156 1
4157 2
4159 1
4160 1
4162 1
4166 1
4167 1
4168 1
4169 1
4171 1
4176 2
4179 1
4184 2
4185 1
4189 1
4191 3
4193 2
4196 2
4198 2
4202 2
4203 2
4205 2
4207 2
4208 3
4210 1
4211 3
4213 1
4214 1
4217 2
4218 1
4220 1
4225 1
4228 1
4233 1
4236 1
4239 1
4242 1
4246 1
4252 1
4257 1
4258 1
4260 1
4263 1
4266 1
4269 1
4271 1
4273 1
4274 1
4275 1
4283 1
4286 1
4289 1
4297 2
4310 1
4314 1
4316 1
4318 1
4321 1
4323 1
4324 1
4325 1
4327 1
4330 1
4332 1
4334 2
4335 1
4336 1
4339 1
4347 1
4348 1
4349 1
4350 2
4352 2
4354 1
4355 1
4357 1
4365 1
4379 1
4382 1
4385 2
4386 2
4390 1
4391 2
4392 1
4393 1
4394 1
4410 1
4412 1
4413 2
4415 1
4416 1
4421 1
4423 1
4425 1
4430 1
4432 1
4442 1
4444 1
4447 1
4456 1
4457 1
4463 1
4473 1
4476 1
4550 1
4559 1
4579 1
4589 1
4591 1
4594 1
4596 1
4603 2
4606 1
4608 1
4644 2
4650 1
4662 1
4663 1
4665 1
4666 1
4670 1
4672 1
4673 2
4675 1
4676 1
4677 1
4679 1
4681 1
4682 1
4684 1
4685 1
4686 1
4689 1
4692 2
4693 1
4701 1
4704 1
4707 1
4709 2
4715 1
4718 1
4720 1
4721 1
4722 1
4723 1
4726 2
4727 1
4729 2
4730 1
4732 2
4734 1
4737 1
4738 2
4739 1
4740 3
4741 2
4743 1
4744 1
4745 2
4746 2
4748 2
4750 2
4751 1
4752 1
4753 1
4754 3
4755 1
4756 2
4758 1
4759 2
4761 2
4762 1
4763 4
4764 3
4766 2
4767 5
4769 3
4770 1
4771 1
4772 2
4774 3
4775 1
4776 1
4777 2
4779 2
4780 2
4781 2
4782 2
4783 1
4784 1
4785 1
4786 1
4787 3
4788 2
4789 2
4790 2
4791 1
4793 2
4794 2
4795 3
4798 4
4800 3
4801 2
4802 4
4803 2
4805 2
4806 5
4807 3
4808 1
4810 4
4811 2
4812 3
4813 2
4815 1
4816 3
4817 2
4818 3
4819 3
4820 2
4821 1
4823 5
4824 2
4825 1
4826 1
4827 1
4828 3
4829 1
4830 1
4831 2
4832 5
4833 4
4834 3
4835 1
4836 2
4837 3
4838 4
4840 8
4841 1
4842 6
4844 1
4845 3
4846 1
4847 4
4848 3
4849 2
4850 1
4851 1
4853 3
4854 1
4855 2
4856 2
4857 1
4858 1
4861 4
4862 1
4863 1
4864 3
4866 1
4867 3
4868 3
4869 2
4871 1
4872 2
4874 2
4876 3
4879 2
4880 1
4886 1
4888 1
4890 1
4893 1
4902 1
4922 1
4946 1
4968 1
4970 1
4980 1
5088 1
5092 1
5128 1
5129 1
5130 1
5139 1
5140 1
5144 1
5156 1
5162 1
5164 1
5166 1
5178 1
5181 1
5244 1
5253 1
5257 1
5260 1
5266 1
5269 1
5276 1
5277 1
5279 1
5287 1
5288 2
5294 2
5295 1
5297 2
5298 1
5299 1
5300 1
5303 1
5305 1
5306 1
5308 1
5309 1
5310 1
5311 2
5315 1
5323 2
5324 1
5325 3
5326 5
5327 1
5329 2
5330 1
5331 2
5334 1
5335 2
5336 4
5337 4
5338 1
5339 2
5340 1
5341 3
5342 1
5343 1
5344 1
5345 2
5346 1
5348 1
5350 1
5352 1
5353 1
5354 1
5355 1
5359 1
5366 1
5368 1
5373 1
5376 1
5380 2
5385 1
5388 1
5389 2
5391 2
5392 1
5395 1
5397 1
5400 1
5401 1
5405 1
5409 1
5410 1
5411 1
5417 1
5419 2
5422 1
5423 1
5424 1
5425 1
5427 1
5430 1
5432 1
5434 1
5435 1
5445 1
5446 1
5477 1
5489 1
5514 1
5519 1
5523 1
5548 1
5561 1
5585 1
5586 1
5591 1
5597 2
5612 1
5632 1
5642 1
5643 1
6051 1
6055 1
6074 1
6078 1
6083 1
6090 1
6093 1
6097 1
6180 1
6182 1
6186 1
6189 2
6191 1
6193 1
6197 1
6208 1
6252 1
6267 1
6268 1
6271 1
6288 1
6317 1
6323 1
6331 1
6337 1
6340 1
6344 1
6350 1
6352 1
6354 1
6357 1
6359 1
6361 1
6370 1
6371 1
6372 1
6391 2
6396 3
6397 1
6400 1
6402 1
6411 1
6412 1
6416 1
6423 1
6426 1
6430 1
6435 1
6438 1
6442 1
6448 1
6449 2
6450 1
6454 1
6455 1
6462 1
6463 1
6466 2
6508 1
6521 1
6536 1
6560 1
6604 1
6635 1
6638 1
6650 1
6656 1
6661 1
6866 1
6869 1
6879 1
7410 1
7417 1
7446 1
7613 1
7624 1
7629 1
7720 1
7930 1
7939 1
7942 1
7947 1
7948 1
7962 1
7980 1
7981 1
7982 1
7984 1
7985 1
7987 2
7992 1
7994 1
7998 1
8028 1
8074 1
8086 1
8087 1
8106 1
8113 1
8134 1
9375 1
9376 2
9382 1
9413 1
9415 1
9528 1
9594 1
9603 1
9606 1
9612 1
9630 1
9661 1
9811 1
9818 1
9822 1
9823 1
9824 1
9826 1
9827 2
9828 1
9829 1
9832 1
9839 1
9851 2
9881 1
10001 33
