1 26395480
2 13887661
3 9022262
4 6333067
5 4385347
6 2947172
7 1991579
8 1438006
9 1148344
10 996208
11 895006
12 788045
13 676240
14 560488
15 450399
16 362819
17 297432
18 253692
19 227529
20 210654
21 199244
22 188264
23 180202
24 174263
25 172079
26 177452
27 187930
28 210478
29 238692
30 276585
31 319590
32 365403
33 408354
34 446653
35 477856
36 497345
37 503482
38 499756
39 483771
40 458784
41 424097
42 383957
43 339495
44 293629
45 248241
46 206066
47 169297
48 136977
49 108146
50 85155
51 66519
52 51399
53 39942
54 31218
55 25013
56 20957
57 18002
58 16036
59 14166
60 13202
61 12192
62 11691
63 10942
64 10366
65 9732
66 8972
67 8012
68 7443
69 6775
70 6130
71 5441
72 4866
73 4386
74 3913
75 3620
76 3291
77 3067
78 2838
79 2662
80 2488
81 2292
82 2114
83 1891
84 1770
85 1622
86 1421
87 1288
88 1117
89 1021
90 871
91 816
92 794
93 739
94 636
95 500
96 489
97 483
98 453
99 378
100 357
101 332
102 336
103 322
104 339
105 337
106 383
107 409
108 413
109 482
110 477
111 493
112 508
113 475
114 462
115 475
116 456
117 472
118 470
119 445
120 411
121 380
122 428
123 358
124 383
125 356
126 322
127 332
128 346
129 348
130 329
131 295
132 310
133 322
134 317
135 284
136 277
137 310
138 262
139 304
140 291
141 263
142 266
143 262
144 272
145 286
146 308
147 307
148 330
149 289
150 320
151 295
152 312
153 302
154 288
155 325
156 286
157 301
158 309
159 288
160 294
161 240
162 274
163 243
164 246
165 219
166 203
167 195
168 177
169 179
170 169
171 143
172 154
173 139
174 140
175 154
176 151
177 134
178 135
179 108
180 117
181 110
182 108
183 111
184 95
185 99
186 104
187 103
188 104
189 105
190 121
191 102
192 94
193 104
194 97
195 110
196 112
197 102
198 120
199 94
200 87
201 89
202 88
203 84
204 82
205 105
206 100
207 138
208 127
209 131
210 138
211 168
212 205
213 200
214 269
215 313
216 352
217 383
218 497
219 595
220 780
221 969
222 1044
223 1362
224 1579
225 1920
226 2186
227 2638
228 3007
229 3524
230 4001
231 4656
232 5475
233 6231
234 7099
235 8122
236 8837
237 10099
238 11281
239 12792
240 14025
241 15288
242 16979
243 18893
244 20959
245 22367
246 24432
247 26411
248 28185
249 30530
250 32254
251 34191
252 36375
253 38080
254 40269
255 42418
256 43822
257 45323
258 46785
259 48542
260 50165
261 51212
262 52061
263 53094
264 53766
265 54083
266 54459
267 54542
268 54842
269 53729
270 53113
271 52394
272 50989
273 50173
274 48738
275 47120
276 45847
277 44090
278 42596
279 40546
280 38370
281 36852
282 34408
283 32773
284 30363
285 28669
286 26807
287 24875
288 23377
289 21397
290 19662
291 18081
292 16731
293 15352
294 13896
295 12648
296 11467
297 10441
298 9438
299 8301
300 7414
301 6642
302 5618
303 5176
304 4466
305 3893
306 3306
307 2977
308 2595
309 2128
310 1917
311 1544
312 1373
313 1165
314 978
315 804
316 740
317 600
318 501
319 424
320 381
321 298
322 260
323 232
324 189
325 165
326 146
327 99
328 97
329 95
330 73
331 51
332 54
333 51
334 53
335 42
336 58
337 39
338 28
339 37
340 31
341 44
342 35
343 34
344 22
345 26
346 20
347 25
348 21
349 19
350 21
351 11
352 15
353 18
354 12
355 13
356 13
357 13
358 17
359 15
360 12
361 14
362 6
363 13
364 18
365 16
366 16
367 16
368 17
369 18
370 18
371 10
372 13
373 24
374 17
375 10
376 12
377 15
378 15
379 15
380 20
381 17
382 16
383 17
384 17
385 13
386 7
387 14
388 12
389 14
390 3
391 14
392 5
393 6
394 7
395 8
396 9
397 10
398 6
399 8
400 11
401 6
402 2
403 6
404 7
405 1
406 9
407 6
408 8
409 2
410 3
411 2
412 14
413 4
414 8
415 6
416 9
417 11
418 6
419 14
420 8
421 8
422 7
423 8
424 8
425 19
426 10
427 9
428 11
429 12
430 8
431 18
432 14
433 9
434 5
435 5
436 9
437 5
438 6
439 5
440 6
441 3
442 6
443 5
444 5
445 6
446 4
447 5
448 5
449 4
450 4
451 2
452 3
453 3
454 4
455 3
456 4
457 6
458 5
459 4
460 6
461 8
462 2
463 10
464 13
465 11
466 15
467 15
468 12
469 12
470 10
471 9
472 9
473 6
474 11
475 4
476 14
477 13
478 6
479 12
480 9
481 14
482 16
483 16
484 13
485 18
486 17
487 14
488 18
489 29
490 28
491 25
492 27
493 24
494 28
495 30
496 19
497 25
498 28
499 28
500 34
501 41
502 39
503 39
504 45
505 48
506 39
507 48
508 45
509 40
510 54
511 57
512 59
513 60
514 63
515 57
516 78
517 62
518 55
519 63
520 50
521 63
522 72
523 88
524 79
525 63
526 62
527 96
528 93
529 74
530 86
531 82
532 76
533 99
534 90
535 79
536 105
537 83
538 90
539 110
540 88
541 69
542 92
543 96
544 106
545 86
546 85
547 70
548 63
549 78
550 70
551 76
552 56
553 74
554 71
555 54
556 58
557 59
558 44
559 52
560 47
561 52
562 44
563 37
564 34
565 37
566 29
567 30
568 29
569 29
570 25
571 16
572 27
573 13
574 16
575 18
576 17
577 18
578 19
579 15
580 9
581 10
582 11
583 14
584 16
585 9
586 13
587 13
588 9
589 12
590 8
591 7
592 6
593 3
594 4
595 5
596 4
597 7
598 4
599 3
600 2
601 2
602 2
603 4
604 3
605 7
606 5
607 8
608 4
609 8
610 4
611 3
612 3
613 11
614 5
615 7
616 2
617 3
618 6
619 4
620 4
621 5
622 1
623 2
624 8
625 4
626 4
627 1
628 5
629 2
630 3
631 6
632 4
633 3
634 2
635 2
636 2
638 1
639 3
641 2
642 1
643 4
644 3
646 1
647 3
648 3
650 4
651 2
652 1
653 2
654 3
655 1
656 2
660 1
661 2
662 1
664 1
666 1
670 1
671 1
672 2
675 2
676 4
678 1
679 1
680 1
682 2
683 2
684 1
685 1
686 2
687 2
689 4
690 7
691 3
692 2
693 5
694 4
695 5
696 5
697 7
698 4
699 3
700 4
701 6
702 3
703 4
704 4
705 4
706 3
707 5
708 7
709 1
710 1
711 3
712 3
713 1
714 5
715 2
716 2
717 4
718 3
720 1
721 6
722 6
723 4
724 9
725 2
727 4
728 1
729 2
730 2
731 2
733 1
734 3
736 2
737 2
738 3
739 3
740 4
741 1
742 1
743 2
744 2
745 3
746 1
747 1
748 2
749 2
750 3
751 1
752 3
753 4
754 2
755 6
756 3
757 3
758 3
759 4
760 2
761 1
762 2
763 1
765 3
766 2
768 2
769 3
771 2
772 4
773 1
774 5
775 1
776 1
777 3
778 2
779 4
780 2
781 2
782 2
783 5
784 5
785 5
786 5
787 4
788 3
789 5
790 7
791 2
792 2
793 2
794 3
795 4
796 5
797 5
798 5
799 6
800 6
801 5
802 5
803 8
804 5
805 4
806 4
807 6
808 5
809 4
810 5
811 5
812 1
813 2
814 5
815 3
817 2
818 2
819 2
820 2
821 2
823 3
824 7
825 5
826 8
827 2
828 5
829 4
830 2
831 6
832 3
833 3
834 2
835 2
836 2
837 1
838 1
839 2
840 2
841 3
842 2
843 1
844 1
846 2
848 1
849 1
850 1
851 2
852 2
853 1
858 2
859 2
861 1
863 2
864 1
865 1
866 2
867 1
868 1
869 2
870 1
871 1
872 1
873 1
874 1
876 2
878 1
880 2
881 1
882 1
884 1
885 1
887 3
889 1
890 1
892 1
893 3
895 1
899 2
900 2
903 1
905 1
906 2
907 1
908 3
909 1
911 3
912 2
913 1
914 1
915 1
916 4
917 4
918 2
919 3
922 2
924 1
925 2
926 1
927 2
928 2
929 2
932 2
933 2
934 1
935 3
936 1
937 1
939 2
940 2
941 2
942 3
943 2
944 1
945 3
946 3
947 4
948 1
949 3
950 3
951 4
952 1
953 3
954 2
955 1
956 3
957 1
958 2
959 1
961 2
962 1
963 1
965 1
971 1
975 1
978 2
982 1
996 1
998 1
999 1
1000 2
1003 1
1006 1
1007 2
1009 1
1011 1
1013 3
1021 2
1022 2
1023 1
1024 3
1025 1
1026 3
1027 1
1028 3
1029 2
1030 1
1031 2
1032 2
1033 1
1034 1
1037 1
1038 2
1039 2
1042 1
1043 1
1044 1
1045 1
1050 1
1063 1
1066 1
1067 1
1068 1
1069 1
1070 1
1071 1
1072 1
1074 1
1079 1
1080 3
1083 1
1087 1
1088 1
1092 2
1093 1
1097 1
1102 1
1104 2
1106 1
1107 1
1110 1
1111 1
1119 1
1281 3
1286 1
1288 1
1291 1
1293 2
1294 2
1295 1
1296 1
1298 1
1299 1
1301 1
1303 1
1305 1
1325 1
1329 1
1331 1
1336 1
1339 1
1340 1
1341 1
1344 1
1361 2
1366 1
1367 1
1368 1
1555 1
1567 1
1572 1
1573 1
1575 2
1578 1
1588 1
1603 1
1609 1
1610 1
1612 1
1615 2
1616 1
1617 2
1618 1
1619 1
1620 1
1621 1
1623 1
1683 1
1690 1
1709 1
1711 1
1713 1
1714 1
1716 1
1717 1
1718 1
1719 1
1722 1
1723 1
1727 1
1729 1
1732 1
1733 1
1739 1
1808 1
1867 1
1885 1
1888 1
1889 1
2105 1
2108 1
2141 1
2339 1
2395 1
2707 1
2723 1
3349 1
3357 1
3359 2
3363 1
3372 1
3383 1
3388 1
3391 1
3394 1
