1 26583088
2 12793320
3 7202886
4 4207697
5 2604123
6 1770011
7 1315127
8 1018749
9 787415
10 609951
11 487795
12 407695
13 368950
14 357245
15 375165
16 407396
17 454809
18 514807
19 571808
20 624275
21 658856
22 671171
23 655645
24 616161
25 559369
26 490719
27 411456
28 337136
29 270145
30 209481
31 159623
32 119685
33 88271
34 64777
35 47733
36 35489
37 27868
38 22119
39 18205
40 14901
41 12794
42 11180
43 9401
44 8204
45 7188
46 6120
47 5386
48 4522
49 3918
50 3428
51 3084
52 2643
53 2259
54 1791
55 1515
56 1321
57 1238
58 1134
59 1095
60 901
61 840
62 793
63 778
64 752
65 757
66 721
67 781
68 730
69 723
70 684
71 733
72 723
73 727
74 662
75 592
76 578
77 562
78 577
79 534
80 476
81 477
82 493
83 524
84 487
85 502
86 473
87 461
88 459
89 452
90 430
91 451
92 444
93 503
94 443
95 473
96 398
97 397
98 394
99 408
100 375
101 357
102 312
103 300
104 304
105 304
106 296
107 291
108 242
109 253
110 183
111 192
112 189
113 204
114 203
115 239
116 227
117 327
118 341
119 404
120 523
121 613
122 694
123 861
124 1073
125 1312
126 1645
127 2110
128 2442
129 3013
130 3646
131 4384
132 5263
133 6500
134 7859
135 9278
136 11167
137 12647
138 14813
139 17058
140 19759
141 22014
142 25168
143 27971
144 31608
145 34792
146 38654
147 42300
148 46062
149 49415
150 53085
151 56436
152 58540
153 61093
154 63549
155 65825
156 67195
157 68900
158 69252
159 70143
160 69731
161 69598
162 68797
163 67794
164 66388
165 64914
166 62092
167 59762
168 57057
169 54005
170 50836
171 46949
172 43326
173 40542
174 37724
175 34326
176 31264
177 28250
178 25692
179 22679
180 19852
181 17721
182 15444
183 13780
184 12022
185 10520
186 9069
187 7697
188 6541
189 5561
190 4732
191 3957
192 3286
193 2721
194 2290
195 1863
196 1617
197 1299
198 1065
199 864
200 687
201 501
202 400
203 317
204 285
205 221
206 192
207 145
208 109
209 101
210 82
211 66
212 54
213 53
214 42
215 35
216 36
217 46
218 36
219 37
220 35
221 41
222 25
223 27
224 29
225 36
226 31
227 22
228 25
229 15
230 16
231 19
232 15
233 24
234 15
235 20
236 14
237 15
238 20
239 11
240 8
241 21
242 15
243 27
244 17
245 20
246 14
247 22
248 17
249 15
250 17
251 11
252 8
253 12
254 15
255 12
256 18
257 12
258 14
259 7
260 5
261 9
262 11
263 12
264 5
265 16
266 13
267 8
268 10
269 11
270 8
271 10
272 10
273 8
274 4
275 13
276 18
277 8
278 18
279 17
280 25
281 22
282 29
283 23
284 17
285 26
286 33
287 31
288 42
289 48
290 50
291 53
292 63
293 51
294 69
295 50
296 67
297 51
298 58
299 64
300 54
301 65
302 67
303 72
304 64
305 62
306 61
307 64
308 64
309 86
310 77
311 69
312 67
313 83
314 72
315 96
316 96
317 102
318 106
319 112
320 97
321 137
322 136
323 109
324 134
325 121
326 109
327 123
328 113
329 96
330 98
331 105
332 110
333 99
334 89
335 83
336 63
337 67
338 68
339 51
340 58
341 55
342 49
343 58
344 48
345 64
346 76
347 52
348 49
349 51
350 45
351 41
352 49
353 33
354 34
355 34
356 26
357 20
358 26
359 20
360 21
361 11
362 11
363 15
364 4
365 10
366 8
367 11
368 13
369 12
370 12
371 7
372 6
373 8
374 6
375 8
376 7
377 10
378 8
379 10
380 5
381 5
382 6
383 6
384 10
385 5
386 8
387 7
388 6
389 3
390 4
391 2
392 3
393 4
394 9
395 7
396 3
397 8
398 3
399 9
400 7
401 3
402 5
403 7
404 4
405 6
406 5
407 5
408 5
409 3
410 9
411 4
412 4
413 8
414 1
415 2
416 6
417 2
418 1
419 3
421 6
422 1
423 3
424 2
425 6
426 5
427 3
428 5
429 1
430 5
431 3
432 5
433 2
434 5
435 1
436 6
437 2
439 2
440 2
441 1
442 5
443 1
444 2
445 6
446 6
447 8
448 6
449 6
450 4
451 5
452 5
453 1
454 4
455 3
456 3
459 2
460 1
461 2
462 2
463 1
464 1
465 1
466 5
467 6
468 4
469 1
470 6
471 5
472 8
473 4
474 6
475 3
476 5
477 2
478 2
479 1
480 5
481 5
482 4
483 5
484 6
485 15
486 9
487 4
488 7
489 13
490 8
491 14
492 12
493 17
494 16
495 7
496 20
497 10
498 5
499 3
500 6
501 10
502 6
503 4
504 5
505 3
506 5
507 5
508 1
509 6
510 5
511 5
512 5
513 7
514 5
515 2
516 4
517 6
518 4
519 7
520 3
521 4
522 5
523 4
524 3
525 4
526 4
527 2
528 1
529 2
530 2
531 3
532 2
533 3
534 2
535 2
536 1
537 3
538 1
539 2
541 2
542 2
545 1
546 1
547 1
549 2
550 2
552 1
556 1
558 1
565 1
568 1
572 1
598 1
606 1
607 1
608 3
609 1
610 2
611 3
613 1
615 1
616 1
621 1
622 1
623 2
624 1
627 1
631 3
633 1
636 1
637 2
639 1
640 2
641 2
642 2
643 1
644 4
645 1
646 4
647 1
648 1
650 3
651 1
655 2
656 1
657 1
659 1
661 3
662 1
663 2
664 1
665 1
666 2
680 1
686 1
687 1
689 1
693 1
696 1
699 1
701 1
702 1
706 1
707 1
713 1
714 1
717 1
718 1
720 1
785 1
786 1
790 1
792 2
793 1
795 1
798 1
799 1
800 1
801 1
803 1
804 1
806 1
807 2
808 2
811 2
814 1
815 1
832 1
837 1
936 2
937 1
938 2
940 1
941 1
942 1
943 1
944 1
946 1
949 1
950 1
951 1
952 2
953 1
955 1
960 2
961 1
963 1
964 1
966 2
967 1
970 1
972 2
974 1
978 1
979 1
980 1
981 1
982 2
984 2
986 1
1112 1
1132 1
1134 1
1137 1
1146 1
1286 1
1291 1
1293 1
1448 1
1460 1
1641 1
1650 1
1975 1
1977 2
1978 1
1980 1
1986 2
1988 1
1989 1
1994 1
