1 25808630
2 14027661
3 9234822
4 6972861
5 5497684
6 4269449
7 3169255
8 2273274
9 1615392
10 1172491
11 910404
12 791440
13 740431
14 725406
15 704476
16 669648
17 612235
18 531946
19 448012
20 367156
21 295365
22 238402
23 197474
24 172232
25 156374
26 150964
27 149288
28 151724
29 150767
30 147095
31 139887
32 132271
33 123082
34 112758
35 104706
36 98525
37 95802
38 98773
39 107142
40 120441
41 140399
42 165369
43 194503
44 226903
45 260305
46 294846
47 326867
48 356084
49 384246
50 401299
51 415834
52 422696
53 421996
54 412727
55 399199
56 375906
57 350205
58 321480
59 288771
60 257211
61 224332
62 193923
63 163997
64 137930
65 113133
66 92488
67 75106
68 60338
69 47568
70 37798
71 30425
72 24411
73 19898
74 16625
75 14393
76 12780
77 11349
78 10952
79 10368
80 9914
81 9796
82 9464
83 9679
84 9712
85 9350
86 9044
87 8692
88 8111
89 7798
90 7420
91 6920
92 6569
93 6072
94 5635
95 5221
96 4960
97 4631
98 4306
99 3897
100 3579
101 3187
102 3021
103 2752
104 2584
105 2465
106 2364
107 2253
108 2088
109 2013
110 1908
111 1719
112 1684
113 1533
114 1485
115 1417
116 1308
117 1182
118 1068
119 1070
120 966
121 900
122 705
123 655
124 579
125 604
126 480
127 438
128 367
129 331
130 312
131 290
132 275
133 290
134 269
135 234
136 266
137 231
138 261
139 246
140 225
141 243
142 259
143 255
144 264
145 252
146 280
147 243
148 289
149 298
150 309
151 297
152 300
153 294
154 310
155 317
156 309
157 337
158 367
159 339
160 371
161 374
162 358
163 344
164 359
165 366
166 357
167 328
168 367
169 346
170 310
171 299
172 317
173 302
174 313
175 326
176 294
177 290
178 269
179 254
180 239
181 223
182 215
183 171
184 206
185 200
186 203
187 160
188 151
189 187
190 179
191 163
192 190
193 170
194 159
195 188
196 193
197 171
198 216
199 201
200 182
201 157
202 196
203 187
204 225
205 206
206 201
207 204
208 241
209 208
210 227
211 189
212 201
213 239
214 227
215 239
216 233
217 232
218 222
219 234
220 248
221 242
222 256
223 243
224 223
225 231
226 219
227 196
228 187
229 169
230 172
231 163
232 159
233 164
234 171
235 149
236 152
237 144
238 122
239 103
240 78
241 101
242 100
243 97
244 94
245 81
246 86
247 80
248 92
249 85
250 79
251 89
252 102
253 69
254 77
255 53
256 71
257 71
258 80
259 74
260 85
261 97
262 83
263 72
264 78
265 78
266 101
267 112
268 101
269 84
270 70
271 81
272 79
273 72
274 77
275 72
276 53
277 54
278 66
279 75
280 89
281 86
282 69
283 77
284 70
285 60
286 55
287 55
288 45
289 47
290 56
291 49
292 47
293 56
294 52
295 75
296 55
297 41
298 69
299 74
300 77
301 66
302 95
303 79
304 93
305 89
306 116
307 114
308 128
309 151
310 152
311 159
312 225
313 262
314 316
315 359
316 462
317 514
318 595
319 755
320 849
321 1013
322 1116
323 1377
324 1497
325 1754
326 1991
327 2269
328 2580
329 2940
330 3320
331 3720
332 4412
333 4962
334 5337
335 5888
336 6779
337 7347
338 8278
339 8957
340 9858
341 10823
342 11864
343 13079
344 14102
345 15294
346 16424
347 18046
348 19190
349 20859
350 21985
351 23146
352 24908
353 26175
354 27652
355 29399
356 31054
357 32176
358 33504
359 34859
360 36060
361 37581
362 38913
363 39941
364 40875
365 42455
366 42860
367 43806
368 44399
369 44831
370 45347
371 46315
372 45769
373 46303
374 46092
375 46004
376 45729
377 44737
378 44641
379 44575
380 43155
381 42413
382 41960
383 40073
384 39201
385 38264
386 36947
387 35533
388 34298
389 32860
390 31237
391 29999
392 28635
393 27110
394 25814
395 23991
396 23045
397 21877
398 20469
399 18975
400 17723
401 16993
402 15289
403 14214
404 13263
405 12339
406 11310
407 10389
408 9463
409 8540
410 8000
411 7048
412 6515
413 6006
414 5289
415 4887
416 4449
417 3925
418 3376
419 3164
420 2811
421 2531
422 2201
423 1935
424 1677
425 1522
426 1362
427 1158
428 1063
429 910
430 763
431 658
432 605
433 502
434 482
435 394
436 387
437 333
438 286
439 245
440 196
441 181
442 193
443 165
444 122
445 114
446 104
447 103
448 101
449 86
450 78
451 84
452 54
453 64
454 57
455 62
456 34
457 34
458 34
459 27
460 34
461 21
462 20
463 21
464 15
465 20
466 17
467 20
468 13
469 23
470 20
471 19
472 16
473 16
474 21
475 14
476 23
477 15
478 15
479 16
480 14
481 17
482 18
483 12
484 18
485 16
486 21
487 25
488 13
489 16
490 15
491 14
492 12
493 20
494 13
495 17
496 15
497 12
498 23
499 14
500 15
501 8
502 15
503 7
504 11
505 4
506 5
507 7
508 5
509 4
510 6
511 10
512 3
513 10
514 11
515 11
516 10
517 7
518 12
519 17
520 14
521 7
522 9
523 6
524 9
525 11
526 7
527 6
528 6
529 9
530 12
531 13
532 4
533 4
534 5
535 8
536 10
537 5
538 2
539 4
540 6
541 7
542 6
543 7
544 6
545 6
546 9
547 6
548 10
549 8
550 9
551 8
552 5
553 6
554 15
555 8
556 5
557 4
558 9
559 6
560 4
561 4
562 7
563 14
564 6
565 6
566 10
567 9
568 3
569 2
570 1
571 4
572 5
573 7
574 1
575 1
576 3
577 5
578 3
579 2
580 6
581 3
582 8
583 5
584 4
585 7
586 6
587 4
588 9
589 5
590 3
591 5
592 4
593 9
594 9
595 7
596 5
597 8
598 3
599 8
600 7
601 8
602 7
603 11
604 3
605 9
606 7
607 4
608 10
609 8
610 5
611 4
612 6
613 8
614 5
615 4
616 8
617 4
618 7
619 3
620 7
621 1
622 6
623 5
624 8
625 3
626 4
627 7
628 5
629 4
630 5
631 3
632 4
633 5
634 1
635 4
636 3
637 4
638 2
639 6
640 6
641 5
642 3
643 2
644 5
645 2
646 2
647 1
648 5
649 3
650 4
651 4
652 3
653 5
654 2
655 4
656 6
657 2
658 5
659 4
660 5
661 3
662 3
663 3
664 4
665 1
666 2
667 3
668 5
669 5
670 5
671 5
672 1
674 2
675 2
676 4
677 4
678 3
679 4
680 8
681 3
682 6
683 9
684 6
685 9
686 6
687 5
688 8
689 2
690 5
691 3
692 10
693 5
694 8
695 7
696 5
697 7
698 3
699 13
700 8
701 11
702 16
703 13
704 13
705 13
706 14
707 19
708 24
709 29
710 30
711 31
712 37
713 39
714 27
715 40
716 26
717 41
718 48
719 48
720 44
721 54
722 38
723 58
724 49
725 50
726 45
727 41
728 51
729 47
730 47
731 68
732 60
733 60
734 62
735 61
736 68
737 64
738 71
739 84
740 77
741 77
742 67
743 73
744 85
745 82
746 84
747 85
748 87
749 63
750 71
751 85
752 88
753 77
754 79
755 66
756 77
757 75
758 78
759 72
760 73
761 82
762 71
763 57
764 78
765 64
766 60
767 62
768 59
769 66
770 66
771 38
772 40
773 53
774 55
775 48
776 59
777 53
778 43
779 43
780 55
781 50
782 42
783 59
784 24
785 36
786 33
787 28
788 29
789 27
790 29
791 20
792 26
793 18
794 19
795 20
796 28
797 17
798 20
799 24
800 8
801 16
802 17
803 9
804 7
805 13
806 15
807 13
808 7
809 5
810 9
811 9
812 10
813 7
814 8
815 7
816 6
817 6
818 5
819 1
820 6
821 5
822 3
823 5
824 1
826 1
827 1
828 1
829 1
831 4
833 1
834 1
837 1
838 2
840 1
842 3
843 2
844 4
845 2
846 5
847 2
848 2
849 4
850 5
851 2
852 4
853 2
854 3
855 2
856 4
857 2
858 1
859 1
860 4
861 1
863 2
864 1
866 2
867 3
868 2
869 1
871 1
872 1
874 2
875 2
877 2
878 1
879 2
880 2
881 4
882 4
883 7
884 2
885 6
886 5
887 9
888 6
889 2
890 2
891 3
892 4
893 1
894 1
895 3
896 5
897 3
898 2
899 5
900 2
902 2
903 2
904 1
905 4
906 2
907 3
908 6
910 3
911 2
912 2
914 3
915 6
917 5
918 1
919 4
920 2
921 1
922 1
923 1
924 2
925 3
926 3
927 5
928 3
929 1
931 3
932 2
934 3
936 1
937 2
938 5
939 1
942 4
943 1
944 1
946 1
948 2
949 3
950 2
951 1
952 1
953 2
954 4
955 6
956 1
957 1
958 2
959 4
960 3
961 4
962 4
963 3
964 3
965 5
966 1
967 2
968 1
969 2
970 1
971 5
972 1
973 1
974 6
975 2
976 3
977 3
978 3
979 4
981 1
982 1
983 1
984 4
985 1
986 2
987 1
988 2
989 1
990 1
991 1
993 3
994 2
996 1
1000 1
1003 1
1006 1
1009 2
1013 1
1014 1
1017 1
1019 2
1021 3
1022 2
1023 3
1024 1
1025 3
1026 2
1028 3
1034 1
1038 1
1039 2
1040 1
1041 1
1043 1
1046 1
1052 1
1054 1
1055 1
1057 2
1060 3
1061 3
1062 2
1063 2
1064 1
1065 2
1066 2
1067 1
1069 2
1073 3
1074 3
1075 1
1077 1
1079 1
1080 1
1082 4
1083 3
1084 4
1085 2
1086 2
1087 1
1089 1
1090 2
1091 3
1092 3
1093 1
1094 1
1096 2
1097 2
1098 2
1099 1
1100 1
1101 2
1102 1
1103 4
1104 1
1105 2
1106 4
1107 5
1108 9
1109 6
1110 4
1111 5
1112 9
1113 9
1114 7
1115 5
1116 6
1117 9
1118 3
1119 4
1120 2
1121 1
1122 2
1123 3
1124 2
1125 2
1126 4
1127 4
1128 3
1129 7
1130 6
1131 6
1132 5
1133 5
1134 5
1135 7
1136 4
1137 6
1138 4
1139 1
1140 3
1141 3
1142 2
1143 2
1144 2
1145 3
1149 1
1150 1
1151 1
1152 4
1155 1
1156 3
1157 2
1158 6
1159 2
1160 2
1161 4
1162 4
1163 5
1165 4
1166 1
1168 1
1169 1
1171 1
1172 3
1173 3
1174 3
1175 3
1176 1
1177 1
1178 1
1179 2
1180 1
1183 1
1184 4
1186 1
1188 2
1189 1
1190 2
1193 2
1194 2
1195 1
1197 1
1198 1
1199 1
1200 3
1201 2
1202 4
1203 3
1204 1
1205 2
1206 2
1209 1
1210 5
1211 1
1212 1
1214 2
1216 1
1218 1
1220 1
1228 2
1232 1
1233 3
1234 2
1236 1
1238 1
1239 1
1240 1
1241 1
1242 1
1245 1
1246 1
1247 1
1249 3
1250 4
1252 1
1253 1
1254 1
1257 3
1258 2
1259 6
1261 2
1262 1
1265 1
1267 1
1268 2
1272 1
1273 1
1274 2
1275 3
1276 1
1277 1
1278 1
1279 2
1280 5
1281 2
1282 1
1283 2
1284 3
1285 1
1286 1
1287 3
1288 2
1289 4
1290 1
1292 1
1293 5
1296 1
1298 2
1299 1
1301 1
1302 2
1303 1
1312 1
1313 2
1319 3
1322 1
1326 1
1329 1
1448 1
1454 1
1455 1
1458 1
1466 1
1469 1
1473 1
1474 1
1476 1
1477 1
1480 1
1484 2
1485 2
1486 2
1487 2
1488 1
1489 3
1491 2
1493 1
1495 1
1499 1
1501 1
1503 1
1506 3
1507 1
1508 2
1510 1
1511 2
1513 1
1514 2
1515 1
1517 2
1518 1
1519 2
1522 2
1523 1
1524 2
1526 2
1530 2
1532 4
1534 1
1535 3
1536 1
1546 1
1558 2
1560 2
1561 1
1567 1
1570 1
1613 2
1620 1
1652 1
1655 1
1657 1
1697 1
1700 1
1701 1
1799 1
1806 1
1869 2
1874 1
1884 1
1885 1
1890 1
1892 1
1894 2
1895 1
1896 1
1900 1
1901 1
1902 1
1906 1
1909 3
1913 1
1916 1
1919 2
2237 1
2240 1
2245 1
2257 1
2258 1
2260 1
2267 1
2268 1
2273 1
2279 1
2280 2
2283 1
2288 1
2290 1
2292 1
2294 1
2302 3
2304 1
2310 2
2313 1
2319 1
2320 1
2333 1
2336 2
2338 1
2340 1
2346 2
2349 1
2352 1
2353 1
2354 1
2355 1
2357 1
2641 2
2643 1
2645 1
2646 1
2977 1
2984 1
3014 1
3362 1
3383 1
3758 1
3780 1
4549 1
4554 2
4555 1
4566 2
4569 1
4571 2
4572 1
