1 19500448
2 6787890
3 3204820
4 2072750
5 1692830
6 1620579
7 1659425
8 1706402
9 1712206
10 1650989
11 1542104
12 1411320
13 1262140
14 1115835
15 974037
16 836379
17 719229
18 609559
19 528107
20 468594
21 428796
22 404569
23 388555
24 384400
25 382370
26 385117
27 387329
28 390135
29 390435
30 392396
31 392592
32 388385
33 382660
34 374408
35 366065
36 353023
37 337980
38 318260
39 298041
40 273856
41 248600
42 222157
43 195189
44 168060
45 142899
46 118140
47 97097
48 78675
49 61210
50 47436
51 36605
52 27521
53 20776
54 15154
55 11216
56 8283
57 6071
58 4806
59 3803
60 3164
61 2649
62 2276
63 2085
64 1849
65 1714
66 1710
67 1550
68 1440
69 1274
70 1254
71 1303
72 1254
73 1238
74 1197
75 1189
76 1177
77 1155
78 1134
79 1069
80 954
81 944
82 885
83 905
84 853
85 825
86 804
87 734
88 761
89 683
90 606
91 572
92 646
93 538
94 520
95 543
96 541
97 480
98 477
99 496
100 511
101 455
102 465
103 384
104 404
105 378
106 428
107 418
108 450
109 474
110 466
111 477
112 474
113 497
114 458
115 495
116 551
117 489
118 539
119 534
120 486
121 468
122 463
123 393
124 377
125 336
126 355
127 329
128 295
129 271
130 253
131 219
132 215
133 192
134 197
135 176
136 148
137 152
138 153
139 131
140 143
141 176
142 152
143 143
144 147
145 126
146 108
147 135
148 122
149 130
150 138
151 137
152 127
153 112
154 124
155 113
156 161
157 201
158 246
159 254
160 278
161 353
162 441
163 551
164 689
165 848
166 1023
167 1227
168 1599
169 1910
170 2274
171 2666
172 3241
173 3939
174 4769
175 5588
176 6658
177 7732
178 9116
179 10508
180 12145
181 13990
182 16003
183 18359
184 20578
185 23167
186 25869
187 28692
188 32171
189 35187
190 38814
191 42384
192 46320
193 50223
194 54046
195 58895
196 62845
197 67340
198 71697
199 76026
200 81005
201 85728
202 89583
203 94613
204 97601
205 102885
206 106335
207 110110
208 113380
209 116966
210 119714
211 121732
212 124516
213 127135
214 128610
215 129297
216 130568
217 130649
218 131658
219 130988
220 131306
221 129348
222 128173
223 125781
224 123290
225 120608
226 118100
227 115233
228 111184
229 107774
230 104424
231 99228
232 95510
233 90071
234 86040
235 81268
236 76759
237 72350
238 67283
239 63075
240 58526
241 54111
242 49564
243 45679
244 41760
245 37885
246 34848
247 31782
248 28506
249 25636
250 23106
251 20652
252 18493
253 16577
254 14467
255 12862
256 11094
257 9681
258 8394
259 7401
260 6457
261 5519
262 4608
263 4132
264 3551
265 3051
266 2530
267 2251
268 1829
269 1565
270 1426
271 1110
272 894
273 755
274 599
275 576
276 472
277 389
278 316
279 277
280 236
281 189
282 163
283 129
284 97
285 94
286 86
287 76
288 72
289 67
290 79
291 75
292 70
293 63
294 63
295 70
296 58
297 78
298 60
299 72
300 78
301 87
302 78
303 59
304 87
305 77
306 76
307 79
308 60
309 74
310 80
311 61
312 46
313 63
314 42
315 46
316 38
317 43
318 44
319 31
320 40
321 26
322 22
323 25
324 20
325 24
326 20
327 23
328 27
329 29
330 23
331 20
332 18
333 12
334 12
335 10
336 10
337 10
338 13
339 19
340 20
341 13
342 12
343 24
344 21
345 29
346 26
347 32
348 25
349 13
350 21
351 36
352 43
353 37
354 32
355 34
356 31
357 29
358 25
359 36
360 21
361 25
362 33
363 22
364 29
365 28
366 26
367 32
368 33
369 21
370 30
371 38
372 28
373 43
374 39
375 45
376 46
377 62
378 61
379 76
380 75
381 113
382 92
383 109
384 129
385 120
386 159
387 158
388 156
389 177
390 151
391 189
392 191
393 169
394 209
395 213
396 204
397 237
398 242
399 253
400 256
401 294
402 238
403 306
404 307
405 328
406 331
407 316
408 331
409 322
410 352
411 345
412 346
413 396
414 393
415 401
416 412
417 410
418 428
419 392
420 421
421 394
422 413
423 404
424 440
425 411
426 434
427 462
428 481
429 441
430 483
431 494
432 456
433 416
434 436
435 419
436 443
437 384
438 407
439 403
440 415
441 398
442 437
443 420
444 419
445 396
446 403
447 406
448 418
449 375
450 388
451 433
452 402
453 407
454 412
455 386
456 360
457 353
458 308
459 348
460 347
461 321
462 309
463 298
464 298
465 292
466 282
467 270
468 233
469 227
470 239
471 227
472 182
473 185
474 178
475 182
476 183
477 148
478 165
479 156
480 128
481 141
482 123
483 106
484 85
485 84
486 66
487 73
488 63
489 71
490 53
491 40
492 48
493 49
494 37
495 32
496 37
497 50
498 31
499 27
500 21
501 25
502 24
503 19
504 14
505 22
506 20
507 22
508 18
509 19
510 29
511 32
512 26
513 16
514 23
515 34
516 18
517 16
518 25
519 19
520 20
521 25
522 22
523 20
524 17
525 12
526 11
527 13
528 13
529 14
530 8
531 9
532 14
533 19
534 12
535 23
536 13
537 18
538 15
539 19
540 17
541 21
542 11
543 21
544 25
545 18
546 19
547 25
548 20
549 15
550 17
551 22
552 21
553 19
554 21
555 17
556 20
557 32
558 30
559 19
560 22
561 28
562 24
563 28
564 22
565 26
566 26
567 25
568 31
569 39
570 34
571 43
572 37
573 46
574 57
575 53
576 59
577 52
578 63
579 60
580 72
581 70
582 75
583 85
584 95
585 97
586 101
587 93
588 94
589 97
590 125
591 125
592 105
593 114
594 117
595 129
596 130
597 131
598 126
599 101
600 105
601 128
602 158
603 137
604 144
605 149
606 159
607 164
608 139
609 181
610 179
611 197
612 158
613 169
614 169
615 176
616 197
617 161
618 177
619 180
620 155
621 164
622 181
623 157
624 172
625 168
626 147
627 163
628 178
629 172
630 175
631 158
632 151
633 156
634 141
635 143
636 174
637 147
638 140
639 153
640 128
641 140
642 139
643 134
644 127
645 100
646 101
647 94
648 93
649 93
650 89
651 81
652 78
653 76
654 50
655 62
656 65
657 49
658 44
659 54
660 58
661 35
662 48
663 54
664 46
665 36
666 45
667 58
668 43
669 42
670 50
671 34
672 35
673 31
674 32
675 32
676 31
677 32
678 44
679 32
680 37
681 24
682 24
683 41
684 31
685 21
686 19
687 28
688 23
689 33
690 32
691 27
692 28
693 18
694 22
695 26
696 21
697 29
698 36
699 24
700 22
701 27
702 30
703 26
704 13
705 23
706 20
707 18
708 17
709 29
710 22
711 18
712 12
713 15
714 25
715 9
716 15
717 13
718 17
719 12
720 28
721 15
722 18
723 18
724 20
725 14
726 10
727 12
728 16
729 24
730 16
731 11
732 16
733 17
734 13
735 14
736 13
737 12
738 11
739 16
740 13
741 10
742 10
743 17
744 11
745 13
746 20
747 14
748 12
749 10
750 13
751 5
752 7
753 10
754 8
755 9
756 9
757 7
758 7
759 9
760 10
761 5
762 5
763 8
764 5
765 7
766 4
767 7
768 6
769 8
770 5
771 9
772 12
773 12
774 10
775 8
776 16
777 18
778 18
779 13
780 19
781 17
782 21
783 14
784 21
785 22
786 9
787 19
788 13
789 15
790 17
791 13
792 16
793 26
794 19
795 22
796 20
797 36
798 25
799 22
800 34
801 41
802 33
803 30
804 38
805 34
806 28
807 34
808 33
809 40
810 34
811 42
812 36
813 52
814 41
815 42
816 49
817 44
818 45
819 24
820 33
821 37
822 47
823 48
824 55
825 40
826 41
827 47
828 43
829 41
830 51
831 41
832 54
833 39
834 67
835 61
836 54
837 44
838 47
839 36
840 32
841 59
842 62
843 38
844 49
845 47
846 53
847 69
848 49
849 65
850 54
851 66
852 47
853 38
854 49
855 43
856 41
857 36
858 36
859 41
860 42
861 32
862 35
863 34
864 31
865 35
866 34
867 25
868 37
869 36
870 35
871 30
872 41
873 30
874 32
875 38
876 38
877 42
878 29
879 34
880 33
881 30
882 47
883 39
884 31
885 39
886 44
887 41
888 37
889 43
890 36
891 44
892 34
893 48
894 37
895 41
896 32
897 52
898 36
899 50
900 39
901 53
902 41
903 46
904 43
905 52
906 55
907 45
908 54
909 39
910 38
911 50
912 44
913 24
914 30
915 38
916 37
917 22
918 28
919 26
920 37
921 42
922 34
923 31
924 37
925 34
926 24
927 43
928 31
929 21
930 31
931 18
932 25
933 23
934 16
935 29
936 23
937 25
938 30
939 18
940 15
941 17
942 21
943 13
944 12
945 16
946 14
947 12
948 15
949 11
950 15
951 15
952 13
953 9
954 13
955 17
956 10
957 8
958 13
959 7
960 8
961 5
962 3
963 3
964 4
965 4
966 4
967 4
968 3
969 5
970 1
971 4
972 2
973 4
974 3
977 4
978 1
979 4
980 6
981 4
982 6
983 5
984 10
985 12
986 7
987 9
988 15
989 20
990 9
991 9
992 13
993 9
994 15
995 17
996 17
997 12
998 23
999 14
1000 18
1001 14
1002 14
1003 20
1004 12
1005 17
1006 18
1007 20
1008 14
1009 15
1010 14
1011 17
1012 20
1013 22
1014 19
1015 29
1016 15
1017 21
1018 21
1019 31
1020 25
1021 25
1022 31
1023 23
1024 23
1025 31
1026 26
1027 21
1028 31
1029 31
1030 25
1031 35
1032 24
1033 30
1034 30
1035 28
1036 34
1037 36
1038 36
1039 35
1040 37
1041 40
1042 25
1043 22
1044 32
1045 33
1046 46
1047 33
1048 26
1049 40
1050 32
1051 33
1052 30
1053 35
1054 35
1055 34
1056 34
1057 32
1058 36
1059 30
1060 37
1061 16
1062 37
1063 32
1064 33
1065 31
1066 33
1067 29
1068 23
1069 23
1070 23
1071 30
1072 19
1073 18
1074 30
1075 34
1076 20
1077 22
1078 21
1079 22
1080 17
1081 19
1082 15
1083 13
1084 11
1085 18
1086 10
1087 15
1088 16
1089 21
1090 15
1091 18
1092 14
1093 10
1094 17
1095 19
1096 21
1097 10
1098 21
1099 20
1100 14
1101 13
1102 10
1103 17
1104 16
1105 19
1106 19
1107 20
1108 17
1109 15
1110 20
1111 10
1112 14
1113 12
1114 18
1115 19
1116 18
1117 13
1118 11
1119 8
1120 10
1121 14
1122 7
1123 16
1124 16
1125 17
1126 14
1127 16
1128 12
1129 12
1130 20
1131 14
1132 10
1133 8
1134 9
1135 17
1136 12
1137 7
1138 7
1139 9
1140 11
1141 12
1142 8
1143 14
1144 17
1145 12
1146 15
1147 17
1148 13
1149 10
1150 11
1151 6
1152 12
1153 13
1154 19
1155 19
1156 13
1157 13
1158 16
1159 15
1160 10
1161 13
1162 14
1163 20
1164 13
1165 2
1166 10
1167 12
1168 12
1169 7
1170 8
1171 12
1172 6
1173 12
1174 9
1175 8
1176 6
1177 12
1178 12
1179 11
1180 7
1181 13
1182 16
1183 7
1184 12
1185 13
1186 15
1187 17
1188 9
1189 7
1190 10
1191 8
1192 11
1193 10
1194 11
1195 11
1196 10
1197 18
1198 12
1199 16
1200 12
1201 12
1202 17
1203 16
1204 21
1205 24
1206 15
1207 18
1208 13
1209 18
1210 13
1211 19
1212 24
1213 22
1214 22
1215 26
1216 24
1217 15
1218 33
1219 27
1220 20
1221 20
1222 25
1223 20
1224 21
1225 27
1226 27
1227 24
1228 19
1229 28
1230 23
1231 22
1232 40
1233 29
1234 31
1235 25
1236 19
1237 16
1238 34
1239 30
1240 42
1241 27
1242 24
1243 27
1244 26
1245 28
1246 20
1247 26
1248 21
1249 26
1250 16
1251 25
1252 20
1253 24
1254 29
1255 24
1256 22
1257 18
1258 13
1259 18
1260 18
1261 21
1262 14
1263 24
1264 17
1265 14
1266 19
1267 14
1268 10
1269 14
1270 21
1271 10
1272 35
1273 19
1274 11
1275 15
1276 11
1277 18
1278 12
1279 5
1280 14
1281 12
1282 11
1283 8
1284 17
1285 9
1286 15
1287 11
1288 12
1289 7
1290 8
1291 8
1292 11
1293 8
1294 4
1295 12
1296 10
1297 13
1298 14
1299 5
1300 8
1301 6
1302 5
1303 7
1304 5
1305 5
1306 9
1307 9
1308 9
1309 9
1310 8
1311 13
1312 4
1313 7
1314 5
1315 8
1316 11
1317 6
1318 1
1319 5
1320 2
1321 7
1322 2
1323 7
1324 2
1325 2
1326 4
1327 3
1328 3
1329 2
1330 5
1331 1
1332 3
1333 1
1334 2
1335 3
1336 1
1337 5
1338 1
1339 2
1340 2
1341 3
1342 2
1343 2
1344 2
1345 2
1346 1
1347 1
1348 2
1349 1
1350 1
1351 3
1352 2
1353 5
1354 5
1355 6
1356 6
1357 3
1358 2
1359 8
1360 6
1361 4
1362 2
1363 4
1364 5
1365 1
1366 2
1367 9
1368 2
1369 7
1370 5
1371 3
1373 3
1374 6
1375 5
1376 5
1377 4
1378 5
1379 9
1380 5
1381 4
1382 5
1384 2
1385 4
1386 6
1387 2
1388 4
1389 4
1390 6
1391 3
1392 2
1393 8
1394 1
1395 4
1396 1
1397 4
1398 6
1399 2
1400 3
1401 5
1404 2
1405 1
1406 6
1407 5
1408 1
1409 3
1410 6
1411 4
1412 4
1413 5
1414 5
1415 2
1416 5
1417 3
1418 6
1419 5
1420 1
1421 4
1422 7
1423 3
1424 6
1425 1
1426 5
1427 5
1428 5
1429 1
1430 2
1431 7
1432 4
1433 3
1434 1
1435 2
1436 3
1437 2
1438 2
1439 6
1440 1
1441 2
1442 2
1443 3
1444 1
1445 4
1446 1
1447 3
1448 5
1449 2
1450 1
1451 2
1452 1
1453 1
1454 2
1455 1
1457 4
1458 4
1459 6
1460 4
1461 3
1462 4
1463 1
1464 1
1465 5
1466 3
1468 1
1469 3
1471 3
1472 3
1473 3
1474 1
1475 3
1476 3
1477 2
1478 1
1479 1
1480 1
1481 4
1482 1
1483 1
1484 5
1491 1
1497 1
1501 1
1510 1
1511 3
1513 1
1515 2
1531 1
1536 1
1539 2
1540 2
1541 1
1542 1
1543 1
1545 1
1546 1
1547 1
1553 1
1554 1
1557 3
1558 1
1559 2
1560 1
1561 1
1562 1
1564 1
1565 2
1568 1
1569 2
1571 2
1573 3
1575 2
1576 1
1577 2
1578 2
1580 2
1581 1
1582 2
1583 1
1585 1
1586 1
1587 1
1590 2
1591 4
1592 1
1593 2
1595 3
1596 3
1597 5
1598 4
1600 2
1601 3
1602 4
1603 1
1604 2
1605 4
1606 1
1607 5
1608 1
1609 4
1610 1
1611 7
1612 3
1613 2
1615 3
1616 5
1617 2
1618 3
1619 5
1620 4
1621 3
1622 9
1623 4
1624 5
1625 4
1626 1
1627 1
1628 1
1630 4
1631 4
1632 2
1633 4
1634 6
1635 4
1637 4
1638 2
1639 1
1640 2
1641 2
1642 2
1643 2
1644 1
1645 7
1646 2
1648 3
1649 2
1650 2
1651 2
1653 3
1654 2
1655 3
1656 3
1657 1
1658 2
1659 1
1660 1
1661 2
1662 1
1664 2
1665 1
1668 1
1674 1
1678 1
1685 1
1689 1
1690 1
1696 1
1699 2
1703 1
1704 2
1706 2
1708 2
1709 1
1711 1
1713 1
1714 1
1716 1
1721 2
1723 1
1724 2
1726 1
1732 1
1733 1
1734 1
1737 1
1739 1
1740 2
1745 1
1746 1
1759 1
1774 1
1775 1
1776 1
1778 1
1781 1
1782 3
1786 2
1787 1
1789 4
1791 1
1793 1
1794 1
1795 1
1797 1
1798 2
1799 1
1800 2
1801 1
1804 1
1808 1
1809 1
1810 1
1811 1
1814 1
1815 2
1816 2
1817 1
1818 1
1819 2
1822 1
1823 2
1825 1
1826 3
1828 3
1829 2
1830 4
1831 3
1832 4
1833 3
1834 5
1835 5
1836 4
1837 3
1838 2
1839 3
1841 2
1843 1
1844 2
1845 1
1846 2
1847 5
1850 3
1851 1
1852 2
1853 5
1854 4
1855 2
1856 3
1857 1
1858 4
1859 3
1860 2
1861 1
1862 1
1863 2
1864 1
1865 1
1866 1
1868 2
1869 1
1870 1
1871 2
1872 2
1874 2
1876 3
1877 3
1878 1
1879 1
1880 3
1882 3
1883 1
1885 2
1887 2
1888 2
1890 2
1892 2
1894 1
1895 2
1900 1
1902 1
1903 1
1904 1
1907 1
1914 1
1916 1
1918 1
1920 1
1921 1
1923 2
1928 1
1931 1
1935 1
1936 2
1937 1
1941 1
1942 1
1944 1
1947 1
1953 1
1964 1
1979 2
1980 2
1982 1
1983 1
1984 1
1986 1
1987 2
1989 4
1992 3
1994 3
1995 1
1997 3
1998 1
1999 1
2001 1
2003 2
2004 1
2005 2
2006 1
2007 1
2008 2
2009 1
2010 1
2011 2
2012 1
2013 2
2015 2
2016 1
2017 2
2018 2
2020 3
2021 2
2022 2
2023 3
2024 3
2026 3
2027 1
2029 1
2030 1
2031 1
2036 1
2037 1
2038 1
2039 2
2040 1
2041 1
2042 2
2043 2
2044 2
2046 1
2047 2
2048 2
2051 2
2052 1
2053 2
2054 1
2055 2
2056 2
2058 2
2060 1
2062 2
2063 3
2064 2
2065 3
2066 2
2068 2
2069 1
2070 3
2071 2
2072 3
2073 1
2074 1
2075 4
2076 3
2077 3
2078 1
2079 3
2080 3
2081 1
2083 5
2084 2
2087 4
2088 1
2089 2
2090 1
2091 1
2092 1
2093 1
2094 1
2095 2
2096 4
2097 1
2098 2
2099 2
2100 3
2101 1
2102 1
2103 3
2104 4
2105 6
2106 3
2107 2
2108 2
2109 2
2110 2
2111 2
2112 1
2114 2
2115 1
2116 1
2120 2
2121 4
2122 3
2123 1
2124 1
2125 7
2126 7
2127 1
2129 5
2130 3
2131 2
2132 6
2134 3
2135 2
2136 5
2137 2
2138 2
2139 5
2140 2
2141 1
2142 3
2143 3
2144 4
2145 1
2146 3
2147 3
2148 4
2149 3
2150 3
2151 1
2152 2
2153 2
2154 4
2157 2
2158 1
2159 1
2160 1
2162 1
2163 2
2164 1
2165 3
2166 3
2167 2
2168 3
2169 2
2170 1
2171 1
2172 4
2173 1
2174 2
2175 1
2176 1
2177 1
2178 2
2180 1
2188 1
2189 1
2190 1
2193 1
2198 1
2199 1
2200 1
2203 2
2204 2
2206 1
2208 1
2209 1
2210 3
2212 2
2214 1
2216 1
2218 2
2220 1
2222 3
2223 3
2224 1
2225 4
2226 2
2227 2
2228 1
2229 4
2230 2
2231 4
2232 2
2233 2
2234 3
2235 3
2236 3
2237 1
2238 1
2239 3
2240 2
2241 1
2242 10
2244 5
2245 1
2246 3
2247 5
2248 2
2249 2
2250 7
2251 5
2252 3
2253 4
2254 2
2255 6
2256 1
2257 4
2258 5
2259 2
2260 3
2261 4
2262 3
2263 7
2264 6
2265 2
2266 3
2267 4
2268 4
2269 4
2270 7
2271 6
2272 3
2273 9
2274 8
2275 6
2276 5
2277 6
2278 9
2279 2
2280 5
2281 2
2282 5
2283 4
2284 2
2285 6
2286 4
2287 3
2288 1
2289 3
2290 7
2291 2
2292 3
2293 7
2294 5
2295 3
2296 2
2297 7
2298 9
2299 3
2300 7
2301 4
2302 2
2303 5
2304 4
2305 6
2306 6
2307 4
2308 5
2309 7
2310 9
2311 11
2312 5
2313 1
2314 7
2315 1
2316 1
2317 7
2318 2
2319 2
2320 1
2321 3
2322 1
2323 2
2324 1
2325 1
2326 2
2327 2
2328 1
2329 2
2330 1
2331 1
2332 2
2333 1
2334 4
2335 4
2337 1
2338 1
2342 1
2344 1
2345 1
2346 1
2347 2
2348 2
2349 1
2350 3
2354 2
2357 1
2358 1
2359 2
2361 1
2385 1
2389 2
2399 1
2401 2
2402 1
2404 2
2405 1
2407 2
2409 2
2412 2
2414 1
2416 1
2418 1
2419 2
2421 1
2422 2
2425 1
2427 4
2429 2
2431 3
2433 1
2434 1
2435 2
2437 2
2439 2
2440 4
2442 3
2443 2
2445 2
2446 1
2447 1
2448 1
2449 1
2451 1
2452 1
2453 2
2454 1
2455 1
2456 2
2457 2
2458 1
2459 2
2460 1
2461 2
2462 2
2463 3
2465 1
2466 2
2467 1
2468 1
2469 3
2470 1
2471 1
2472 1
2474 1
2475 1
2476 1
2477 2
2478 1
2479 1
2480 2
2481 2
2483 3
2484 1
2485 4
2486 3
2487 5
2488 6
2489 3
2490 2
2491 2
2493 2
2494 3
2495 2
2497 2
2498 4
2499 2
2500 2
2502 3
2503 3
2504 3
2505 4
2506 2
2507 3
2509 5
2511 4
2512 2
2513 1
2514 4
2516 3
2517 1
2518 3
2519 1
2520 3
2521 2
2523 2
2524 4
2525 1
2526 2
2527 1
2528 2
2529 5
2530 1
2531 2
2532 6
2533 3
2534 2
2535 2
2536 4
2537 2
2538 4
2539 3
2540 2
2541 2
2543 1
2544 2
2545 2
2550 1
2552 1
2553 1
2554 1
2555 1
2558 2
2559 2
2566 1
2568 4
2569 2
2572 1
2573 2
2574 1
2576 1
2578 1
2586 1
2588 2
2589 1
2590 1
2604 1
2605 1
2611 1
2612 1
2613 1
2614 2
2615 1
2616 1
2617 1
2618 2
2619 1
2620 4
2621 1
2622 1
2623 9
2624 4
2626 1
2627 4
2628 2
2629 1
2630 1
2633 1
2635 3
2636 2
2637 2
2638 2
2639 4
2640 1
2641 2
2642 1
2644 3
2645 1
2646 3
2647 3
2648 2
2649 5
2650 1
2652 6
2653 1
2654 1
2655 3
2656 1
2657 1
2658 2
2659 3
2660 2
2661 3
2662 4
2663 1
2664 1
2665 4
2667 2
2668 1
2669 1
2670 6
2671 5
2672 1
2673 4
2674 3
2675 10
2676 6
2677 1
2678 5
2679 4
2680 2
2681 3
2683 1
2684 4
2685 4
2686 4
2687 6
2688 1
2689 3
2690 4
2691 3
2693 5
2694 4
2695 4
2696 4
2697 3
2698 1
2699 3
2700 2
2701 2
2702 6
2703 5
2704 2
2705 2
2706 3
2707 2
2708 5
2709 1
2710 2
2712 2
2714 3
2715 6
2716 1
2717 3
2718 1
2719 2
2721 2
2722 1
2724 1
2725 3
2726 1
2727 2
2729 1
2730 1
2731 2
2732 1
2733 1
2734 2
2735 3
2736 1
2737 1
2739 1
2741 1
2742 2
2743 2
2744 2
2745 3
2746 1
2747 1
2748 2
2749 3
2752 2
2753 1
2755 2
2756 1
2757 1
2758 1
2759 1
2761 1
2762 1
2763 3
2764 1
2765 1
2767 1
2768 3
2770 1
2771 4
2772 3
2773 1
2777 4
2779 2
2780 2
2781 3
2783 4
2784 2
2785 2
2789 3
2790 1
2791 1
2794 2
2795 1
2797 2
2798 1
2799 1
2801 1
2802 1
2803 2
2804 1
2806 3
2810 2
2813 1
2814 1
2815 1
2818 2
2819 3
2822 1
2825 1
2826 1
2828 2
2829 1
2830 2
2831 3
2832 1
2833 1
2834 3
2835 2
2836 1
2837 3
2838 2
2839 2
2841 3
2842 1
2844 1
2845 1
2846 1
2847 1
2848 2
2852 2
2856 1
2860 3
2862 1
2863 2
2864 1
2865 1
2866 1
2868 1
2869 3
2871 1
2872 3
2873 1
2874 3
2875 2
2877 1
2878 3
2880 6
2881 1
2883 1
2884 3
2885 2
2886 2
2887 2
2888 2
2889 1
2890 3
2891 1
2892 1
2893 2
2896 2
2898 3
2899 2
2900 3
2902 1
2903 1
2904 1
2908 1
2910 1
2911 1
2912 2
2914 1
2915 1
2916 3
2917 1
2920 2
2921 1
2923 1
2925 3
2928 1
2932 3
2933 1
2935 2
2937 1
2938 1
2942 1
2948 1
2950 1
2968 1
2970 1
2973 1
2974 1
2975 1
2976 2
2978 2
2981 1
2982 1
2983 1
2984 1
2985 3
2987 4
2988 2
2989 2
2990 2
2991 1
2993 1
2994 1
2995 3
2996 2
2997 2
2999 2
3004 2
3005 2
3006 2
3007 1
3010 2
3011 2
3014 1
3015 2
3019 1
3025 1
3026 1
3028 2
3032 2
3033 1
3034 1
3036 2
3038 2
3039 3
3040 1
3044 1
3045 1
3046 2
3048 1
3049 1
3050 1
3051 3
3052 1
3054 1
3055 2
3056 2
3058 1
3059 3
3060 3
3061 1
3062 1
3063 1
3064 2
3065 3
3066 4
3067 2
3069 4
3070 2
3071 3
3072 1
3073 5
3074 2
3075 2
3076 4
3077 2
3078 2
3079 3
3080 3
3081 4
3082 3
3083 7
3084 2
3085 3
3086 2
3087 3
3088 1
3089 2
3090 1
3091 4
3092 3
3093 2
3094 1
3095 1
3096 2
3098 1
3099 2
3100 3
3101 2
3102 3
3103 3
3105 1
3106 1
3107 1
3108 2
3109 3
3110 2
3111 2
3112 1
3113 2
3114 1
3115 1
3116 1
3118 1
3119 3
3120 2
3121 1
3122 3
3123 2
3124 2
3125 5
3126 1
3127 5
3128 3
3129 3
3130 2
3131 5
3132 4
3133 4
3134 1
3135 2
3136 5
3137 5
3138 2
3139 2
3141 1
3142 2
3143 2
3144 3
3145 5
3146 2
3147 3
3148 1
3149 1
3150 3
3151 1
3152 6
3153 2
3155 1
3156 1
3157 3
3158 1
3159 6
3160 1
3161 3
3162 2
3163 1
3164 2
3165 3
3166 2
3167 2
3168 3
3169 2
3170 1
3171 3
3172 3
3173 1
3174 3
3175 1
3176 3
3177 2
3178 2
3179 1
3180 1
3181 1
3182 3
3183 1
3184 2
3185 3
3186 1
3187 2
3188 2
3189 2
3191 1
3192 2
3194 2
3195 1
3196 3
3197 1
3199 1
3200 1
3201 2
3203 2
3205 2
3207 1
3208 3
3209 1
3214 1
3215 2
3216 1
3225 2
3226 2
3228 3
3229 2
3230 1
3232 1
3234 2
3235 6
3236 2
3238 1
3241 2
3242 1
3243 2
3244 2
3245 2
3246 1
3247 1
3249 4
3252 3
3253 1
3255 1
3256 1
3258 1
3260 1
3262 1
3264 1
3265 1
3286 1
3293 2
3294 1
3296 1
3297 1
3301 1
3302 2
3303 3
3304 1
3307 1
3308 2
3309 1
3310 2
3314 1
3317 1
3318 1
3319 1
3321 2
3322 2
3323 1
3324 2
3325 3
3326 1
3327 2
3330 4
3331 1
3333 2
3334 2
3337 1
3339 1
3341 1
3346 1
3348 1
3351 2
3352 1
3353 1
3359 2
3368 1
3370 1
3373 2
3376 2
3379 1
3380 1
3381 2
3384 2
3385 3
3387 1
3389 1
3390 2
3393 1
3394 3
3397 2
3400 1
3406 1
3408 1
3412 1
3414 1
3422 3
3424 1
3425 3
3426 3
3428 2
3429 2
3431 2
3433 2
3434 1
3435 2
3436 1
3441 1
3442 2
3443 1
3445 2
3448 1
3449 2
3450 4
3451 1
3452 4
3454 1
3455 1
3457 4
3458 3
3459 2
3460 3
3461 3
3462 2
3463 2
3464 1
3465 1
3466 3
3467 2
3468 1
3470 1
3471 1
3472 2
3473 2
3474 2
3475 1
3476 1
3478 2
3479 1
3482 1
3483 2
3484 2
3485 1
3487 2
3491 2
3492 1
3494 2
3495 1
3496 1
3497 2
3500 2
3501 2
3502 2
3503 2
3504 1
3505 1
3506 4
3507 1
3508 2
3509 3
3510 3
3511 2
3512 2
3513 2
3514 2
3515 1
3516 2
3517 3
3518 2
3520 4
3521 1
3522 2
3523 4
3524 1
3525 2
3526 1
3527 7
3528 2
3529 2
3530 2
3531 3
3532 1
3533 1
3534 2
3536 3
3538 1
3539 4
3540 3
3541 4
3542 3
3544 2
3545 3
3546 1
3547 1
3550 1
3556 2
3557 2
3559 1
3564 1
3568 1
3569 2
3580 1
3582 1
3584 1
3585 1
3588 1
3592 1
3593 1
3600 1
3602 1
3604 1
3608 1
3609 2
3612 1
3615 1
3616 1
3618 1
3621 2
3623 1
3624 3
3625 1
3632 1
3639 1
3673 1
3680 1
3685 1
3687 2
3690 1
3693 1
3702 1
3703 1
3707 1
3708 1
3712 2
3713 1
3715 1
3718 1
3729 1
3730 1
3732 1
3734 2
3737 1
3740 1
3741 2
3743 1
3744 1
3746 1
3747 3
3749 1
3753 3
3754 1
3755 5
3756 1
3757 1
3758 2
3759 1
3761 1
3762 4
3763 4
3764 3
3765 3
3766 1
3767 1
3768 1
3769 1
3770 3
3771 2
3772 1
3773 3
3774 2
3775 2
3776 2
3778 2
3779 2
3780 1
3781 1
3782 5
3783 3
3784 1
3785 1
3786 2
3787 1
3789 1
3790 1
3792 2
3793 4
3794 1
3796 1
3797 3
3802 1
3804 1
3805 2
3807 4
3813 1
3819 1
3948 1
3969 1
3971 2
4071 1
4073 1
4248 1
4250 1
4285 1
4487 1
4720 1
4726 1
4749 1
4883 1
4893 1
4896 1
4901 1
4906 1
4962 1
4968 1
4977 1
4981 1
4983 1
4984 1
4995 1
4999 3
5003 1
5085 1
5089 1
5090 1
5092 1
5100 1
5106 1
5110 1
5178 1
5284 1
5288 1
5296 1
5297 1
5298 2
5303 2
5304 1
5657 1
5667 1
5693 1
5792 1
5871 1
5879 1
6035 1
6357 1
6523 1
6878 1
7201 1
7210 1
7218 1
7379 1
7381 1
7384 1
7386 1
7392 1
7394 1
7397 1
7422 1
7546 1
7548 1
7549 2
7561 2
7568 1
7572 1
7692 1
7740 1
8024 1
8151 1
8275 1
8317 1
8324 1
8882 1
8888 2
8897 1
8909 1
8919 1
8923 1
9000 1
9113 1
9694 1
