1 16557514
2 12679889
3 9175708
4 6995918
5 5713544
6 4910392
7 4268480
8 3657143
9 3065723
10 2517258
11 2064537
12 1719829
13 1474408
14 1310847
15 1199431
16 1110245
17 1028116
18 936039
19 829717
20 715461
21 601503
22 495728
23 402140
24 326922
25 266672
26 226949
27 200724
28 183614
29 181030
30 185728
31 195569
32 209054
33 225547
34 242469
35 262407
36 283305
37 304542
38 325276
39 347236
40 364603
41 384450
42 399329
43 413995
44 425412
45 432745
46 439519
47 442325
48 442658
49 445510
50 448762
51 450432
52 453810
53 457525
54 458135
55 459821
56 459189
57 456192
58 451717
59 444270
60 432578
61 420011
62 401775
63 383109
64 362377
65 339182
66 317335
67 298207
68 278764
69 262928
70 247780
71 236461
72 227192
73 221715
74 219944
75 219445
76 220527
77 223525
78 226810
79 229329
80 231239
81 232641
82 232740
83 230850
84 226306
85 221065
86 212856
87 203138
88 192540
89 180794
90 168434
91 154565
92 140739
93 126786
94 112255
95 99108
96 86563
97 75098
98 65323
99 56516
100 49130
101 43326
102 38855
103 35481
104 33348
105 33072
106 33902
107 36704
108 39717
109 44091
110 49875
111 57178
112 64992
113 74436
114 83729
115 94840
116 107343
117 119898
118 134008
119 148088
120 163329
121 178261
122 193694
123 208843
124 224725
125 241101
126 256154
127 270466
128 284907
129 298900
130 312821
131 324789
132 336723
133 346771
134 357855
135 364410
136 371488
137 376381
138 380296
139 383859
140 384967
141 385268
142 384255
143 383563
144 380331
145 375380
146 371351
147 365467
148 359106
149 352363
150 343949
151 335510
152 328674
153 320052
154 310628
155 301687
156 291594
157 283301
158 272629
159 263019
160 253676
161 243309
162 233262
163 222964
164 213797
165 203476
166 193548
167 182766
168 173205
169 163059
170 153009
171 143191
172 133867
173 125083
174 116000
175 107741
176 98856
177 90201
178 82439
179 75370
180 68577
181 61965
182 56714
183 51379
184 45637
185 41003
186 37077
187 33424
188 29986
189 26806
190 23960
191 21784
192 19998
193 17915
194 16260
195 15307
196 14002
197 13437
198 12754
199 12037
200 11388
201 10797
202 10479
203 10322
204 10112
205 9838
206 9565
207 9570
208 9202
209 8926
210 8998
211 8547
212 8146
213 7927
214 7742
215 7591
216 7265
217 7131
218 6648
219 6489
220 6098
221 5998
222 5367
223 5259
224 4919
225 4633
226 4250
227 4214
228 3870
229 3663
230 3278
231 3244
232 3132
233 2827
234 2815
235 2677
236 2571
237 2578
238 2425
239 2356
240 2304
241 2281
242 2221
243 2219
244 2109
245 2139
246 2186
247 2122
248 2135
249 2131
250 2300
251 2337
252 2259
253 2368
254 2319
255 2296
256 2240
257 2324
258 2273
259 2350
260 2426
261 2378
262 2274
263 2276
264 2281
265 2395
266 2248
267 2269
268 2252
269 2256
270 2242
271 2128
272 2127
273 2008
274 2042
275 1934
276 1902
277 1877
278 1828
279 1838
280 1729
281 1674
282 1697
283 1603
284 1565
285 1541
286 1391
287 1427
288 1422
289 1414
290 1395
291 1435
292 1406
293 1373
294 1268
295 1276
296 1259
297 1246
298 1201
299 1208
300 1152
301 1213
302 1169
303 1211
304 1128
305 1044
306 1125
307 1077
308 1016
309 1076
310 952
311 1009
312 1018
313 1028
314 986
315 984
316 976
317 981
318 986
319 974
320 893
321 929
322 898
323 861
324 852
325 842
326 768
327 812
328 819
329 748
330 706
331 738
332 644
333 611
334 584
335 538
336 545
337 542
338 481
339 493
340 511
341 414
342 398
343 405
344 427
345 392
346 367
347 384
348 313
349 346
350 330
351 304
352 315
353 290
354 310
355 306
356 284
357 254
358 283
359 243
360 255
361 224
362 215
363 195
364 206
365 206
366 184
367 185
368 192
369 172
370 170
371 164
372 169
373 159
374 153
375 177
376 152
377 153
378 143
379 147
380 134
381 133
382 158
383 151
384 149
385 154
386 140
387 188
388 150
389 145
390 133
391 143
392 129
393 142
394 134
395 116
396 136
397 129
398 114
399 126
400 148
401 174
402 164
403 167
404 185
405 207
406 175
407 177
408 186
409 193
410 221
411 194
412 232
413 240
414 207
415 219
416 204
417 250
418 205
419 235
420 211
421 233
422 226
423 222
424 194
425 178
426 213
427 179
428 190
429 174
430 179
431 171
432 172
433 162
434 143
435 178
436 184
437 160
438 174
439 197
440 191
441 191
442 194
443 175
444 206
445 209
446 212
447 187
448 176
449 169
450 170
451 179
452 184
453 209
454 191
455 191
456 186
457 188
458 219
459 212
460 212
461 196
462 200
463 206
464 211
465 212
466 211
467 203
468 184
469 212
470 175
471 179
472 180
473 200
474 173
475 208
476 203
477 181
478 197
479 188
480 174
481 153
482 201
483 161
484 190
485 166
486 182
487 154
488 170
489 176
490 174
491 175
492 156
493 186
494 145
495 183
496 158
497 141
498 143
499 163
500 167
501 181
502 156
503 190
504 142
505 171
506 176
507 176
508 173
509 204
510 210
511 174
512 184
513 166
514 170
515 180
516 137
517 157
518 156
519 140
520 156
521 148
522 163
523 177
524 180
525 171
526 161
527 174
528 154
529 167
530 157
531 147
532 139
533 149
534 144
535 152
536 151
537 118
538 123
539 132
540 133
541 111
542 131
543 133
544 122
545 134
546 109
547 105
548 120
549 103
550 109
551 106
552 98
553 97
554 108
555 108
556 90
557 107
558 91
559 90
560 84
561 64
562 91
563 102
564 92
565 96
566 92
567 114
568 89
569 84
570 103
571 96
572 74
573 115
574 91
575 90
576 82
577 82
578 81
579 79
580 73
581 64
582 67
583 73
584 71
585 74
586 61
587 70
588 68
589 69
590 56
591 74
592 73
593 70
594 56
595 61
596 63
597 57
598 49
599 49
600 47
601 58
602 46
603 46
604 55
605 37
606 38
607 48
608 49
609 40
610 38
611 30
612 58
613 46
614 47
615 47
616 44
617 52
618 48
619 44
620 55
621 44
622 46
623 35
624 53
625 51
626 38
627 42
628 39
629 45
630 42
631 42
632 36
633 39
634 38
635 45
636 60
637 55
638 42
639 54
640 61
641 57
642 49
643 64
644 63
645 76
646 68
647 63
648 57
649 65
650 73
651 79
652 63
653 62
654 62
655 66
656 66
657 66
658 74
659 74
660 76
661 67
662 79
663 95
664 68
665 72
666 77
667 73
668 85
669 98
670 70
671 93
672 81
673 91
674 79
675 81
676 76
677 93
678 108
679 98
680 94
681 89
682 91
683 93
684 89
685 92
686 101
687 75
688 92
689 86
690 76
691 102
692 74
693 97
694 86
695 103
696 104
697 87
698 78
699 76
700 84
701 83
702 90
703 92
704 94
705 85
706 84
707 82
708 75
709 85
710 85
711 99
712 72
713 75
714 77
715 72
716 86
717 64
718 64
719 63
720 66
721 66
722 58
723 69
724 58
725 59
726 73
727 65
728 44
729 54
730 49
731 57
732 64
733 61
734 66
735 50
736 53
737 53
738 49
739 39
740 36
741 49
742 40
743 41
744 31
745 29
746 37
747 29
748 34
749 27
750 28
751 23
752 35
753 29
754 24
755 25
756 26
757 21
758 33
759 40
760 26
761 27
762 35
763 35
764 31
765 37
766 26
767 28
768 39
769 40
770 38
771 32
772 23
773 33
774 35
775 18
776 26
777 20
778 22
779 29
780 34
781 22
782 26
783 25
784 32
785 22
786 27
787 24
788 31
789 25
790 28
791 24
792 27
793 23
794 22
795 30
796 30
797 31
798 26
799 31
800 31
801 24
802 24
803 21
804 29
805 25
806 15
807 23
808 20
809 17
810 15
811 18
812 15
813 15
814 11
815 20
816 31
817 19
818 13
819 25
820 21
821 16
822 14
823 10
824 26
825 17
826 22
827 12
828 14
829 20
830 13
831 17
832 16
833 22
834 21
835 20
836 18
837 20
838 25
839 20
840 19
841 22
842 13
843 29
844 16
845 17
846 12
847 16
848 24
849 21
850 12
851 21
852 25
853 26
854 24
855 20
856 17
857 23
858 17
859 20
860 21
861 24
862 31
863 23
864 27
865 15
866 22
867 20
868 23
869 22
870 18
871 24
872 22
873 17
874 23
875 27
876 22
877 13
878 22
879 19
880 14
881 20
882 10
883 11
884 25
885 25
886 14
887 10
888 13
889 14
890 22
891 24
892 17
893 19
894 20
895 17
896 16
897 22
898 19
899 21
900 18
901 20
902 18
903 15
904 13
905 16
906 13
907 13
908 14
909 6
910 12
911 13
912 12
913 10
914 5
915 14
916 10
917 6
918 8
919 13
920 11
921 7
922 7
923 9
924 13
925 19
926 18
927 9
928 10
929 16
930 18
931 14
932 9
933 18
934 15
935 25
936 28
937 27
938 20
939 26
940 21
941 24
942 25
943 24
944 22
945 25
946 14
947 16
948 21
949 18
950 26
951 22
952 24
953 18
954 20
955 21
956 29
957 28
958 29
959 27
960 18
961 18
962 32
963 19
964 23
965 25
966 19
967 20
968 16
969 19
970 16
971 11
972 17
973 12
974 17
975 7
976 16
977 11
978 14
979 13
980 11
981 9
982 10
983 12
984 12
985 9
986 13
987 19
988 15
989 14
990 5
991 20
992 2
993 15
994 17
995 11
996 12
997 15
998 14
999 26
1000 15
1001 14
1002 19
1003 13
1004 18
1005 11
1006 17
1007 5
1008 11
1009 15
1010 13
1011 16
1012 22
1013 11
1014 12
1015 19
1016 17
1017 7
1018 16
1019 13
1020 12
1021 12
1022 11
1023 10
1024 12
1025 11
1026 12
1027 12
1028 10
1029 11
1030 19
1031 19
1032 20
1033 19
1034 8
1035 14
1036 19
1037 10
1038 8
1039 9
1040 14
1041 15
1042 10
1043 15
1044 15
1045 13
1046 23
1047 21
1048 13
1049 15
1050 13
1051 10
1052 10
1053 15
1054 19
1055 21
1056 17
1057 14
1058 15
1059 19
1060 17
1061 15
1062 15
1063 10
1064 20
1065 15
1066 19
1067 7
1068 13
1069 16
1070 11
1071 17
1072 15
1073 19
1074 8
1075 21
1076 18
1077 14
1078 12
1079 11
1080 10
1081 11
1082 16
1083 18
1084 7
1085 14
1086 12
1087 8
1088 9
1089 9
1090 4
1091 7
1092 2
1093 7
1094 7
1095 9
1096 5
1097 7
1098 9
1099 13
1100 8
1101 5
1102 8
1103 9
1104 5
1105 16
1106 5
1107 5
1108 7
1109 8
1110 11
1111 7
1112 15
1113 16
1114 3
1115 13
1116 8
1117 13
1118 9
1119 15
1120 11
1121 7
1122 11
1123 9
1124 7
1125 7
1126 10
1127 7
1128 2
1129 9
1130 5
1131 8
1132 9
1133 12
1134 10
1135 13
1136 4
1137 4
1138 4
1139 7
1140 7
1141 4
1142 10
1143 10
1144 7
1145 3
1146 5
1147 3
1148 4
1149 3
1150 2
1151 5
1152 1
1153 3
1154 3
1155 2
1156 2
1157 4
1158 1
1159 4
1160 3
1163 4
1165 3
1166 4
1167 3
1168 2
1169 8
1170 6
1171 1
1172 9
1173 5
1174 3
1175 9
1176 3
1177 6
1178 5
1179 5
1180 6
1181 5
1182 3
1183 7
1184 3
1185 3
1186 6
1187 6
1188 2
1189 6
1190 7
1191 9
1192 3
1193 5
1194 8
1195 4
1196 3
1197 8
1198 4
1199 9
1200 7
1201 1
1202 6
1203 5
1204 1
1205 2
1206 2
1207 2
1208 5
1209 3
1210 4
1211 2
1212 3
1213 3
1214 2
1215 3
1216 4
1217 3
1218 5
1219 7
1220 3
1221 7
1222 5
1223 4
1225 5
1226 2
1227 6
1228 4
1229 7
1230 10
1231 6
1232 3
1233 7
1234 3
1235 6
1236 3
1237 5
1238 7
1239 2
1240 2
1242 8
1243 2
1244 5
1245 4
1246 7
1247 5
1248 7
1249 2
1250 2
1251 2
1252 5
1253 1
1254 3
1255 7
1256 3
1257 5
1258 1
1259 3
1260 3
1261 8
1262 2
1263 1
1264 1
1265 3
1266 3
1267 4
1268 1
1269 2
1270 4
1271 3
1272 4
1273 2
1274 3
1275 1
1276 3
1277 2
1280 4
1282 1
1283 2
1284 3
1285 2
1286 4
1287 4
1288 3
1290 2
1291 5
1292 2
1293 2
1294 1
1295 1
1296 1
1297 1
1298 3
1299 4
1300 4
1301 4
1302 3
1303 8
1304 4
1305 5
1306 3
1307 2
1308 6
1309 6
1310 4
1311 2
1312 2
1313 6
1314 4
1315 5
1316 3
1317 4
1318 5
1319 1
1320 3
1321 1
1322 1
1323 2
1328 1
1330 1
1336 1
1337 1
1338 1
1340 2
1341 2
1342 3
1343 2
1344 5
1345 4
1347 1
1348 1
1349 4
1350 3
1352 2
1353 3
1354 2
1355 3
1356 2
1357 3
1358 3
1359 5
1361 4
1362 2
1363 3
1364 1
1365 2
1366 2
1367 2
1368 4
1369 1
1370 2
1371 2
1373 3
1374 2
1375 2
1376 3
1377 4
1378 3
1380 3
1381 1
1382 3
1383 5
1384 5
1385 2
1386 2
1387 3
1388 5
1389 4
1390 6
1391 2
1392 3
1393 5
1394 4
1395 2
1396 2
1397 4
1398 1
1399 2
1400 3
1401 3
1402 4
1403 3
1404 2
1405 5
1406 4
1407 4
1408 2
1409 5
1410 2
1411 5
1412 3
1413 2
1414 7
1415 4
1416 3
1417 8
1418 6
1419 6
1420 3
1421 2
1422 4
1423 5
1424 5
1425 5
1426 3
1427 1
1428 1
1429 6
1430 8
1431 3
1432 3
1433 2
1434 1
1435 5
1436 4
1437 6
1438 3
1439 1
1440 2
1441 1
1442 2
1443 1
1444 1
1445 2
1446 1
1447 3
1448 1
1449 1
1450 3
1451 4
1452 1
1453 5
1454 1
1455 2
1457 1
1458 1
1459 2
1460 1
1462 1
1463 1
1464 2
1465 2
1466 3
1467 1
1469 3
1470 2
1471 5
1472 1
1473 3
1474 2
1475 3
1476 4
1477 5
1478 4
1479 2
1480 4
1481 4
1482 2
1483 1
1484 1
1485 3
1486 3
1487 1
1488 4
1489 1
1490 5
1491 2
1492 4
1494 3
1495 5
1496 6
1497 2
1498 8
1499 4
1500 3
1501 2
1502 3
1503 1
1504 4
1505 4
1506 4
1507 2
1508 2
1509 1
1510 1
1511 4
1512 2
1513 1
1514 1
1516 2
1517 2
1518 3
1519 2
1520 2
1521 3
1522 2
1523 2
1524 2
1525 4
1526 2
1527 2
1528 4
1529 2
1530 2
1531 4
1532 5
1533 2
1534 3
1535 5
1536 1
1537 2
1538 4
1539 2
1540 1
1541 6
1542 3
1543 1
1544 4
1545 2
1546 7
1547 2
1548 7
1549 3
1550 4
1551 5
1552 7
1553 6
1554 9
1555 5
1556 6
1557 6
1558 4
1559 2
1560 1
1561 4
1562 1
1563 9
1565 4
1566 5
1567 6
1568 4
1569 7
1571 6
1572 3
1573 5
1574 4
1575 1
1576 3
1577 6
1578 5
1579 4
1580 5
1581 5
1582 7
1583 2
1584 5
1585 2
1586 7
1587 4
1588 1
1589 6
1590 3
1591 4
1592 1
1593 2
1594 3
1595 3
1596 1
1597 1
1598 6
1599 6
1600 2
1601 4
1602 7
1603 1
1604 2
1605 7
1606 5
1607 4
1608 3
1609 7
1610 1
1611 2
1612 2
1613 6
1614 5
1615 5
1616 2
1617 3
1618 2
1620 3
1621 3
1622 2
1623 1
1624 3
1625 1
1626 1
1627 4
1628 4
1629 1
1630 2
1631 4
1632 3
1633 5
1634 2
1635 6
1636 6
1637 1
1639 3
1640 1
1641 4
1642 2
1643 2
1644 2
1645 4
1646 1
1649 2
1650 1
1652 5
1653 4
1654 4
1655 2
1656 5
1657 3
1658 3
1659 2
1660 2
1661 3
1662 2
1663 2
1664 3
1665 6
1666 2
1667 5
1668 3
1669 2
1670 1
1671 2
1672 6
1673 5
1674 4
1675 4
1676 2
1677 2
1678 5
1679 3
1680 2
1681 6
1682 4
1683 1
1684 6
1685 2
1686 2
1687 8
1688 9
1689 6
1690 4
1691 6
1692 3
1693 1
1694 3
1695 5
1696 4
1697 8
1698 2
1699 2
1700 2
1701 2
1702 1
1703 1
1704 2
1705 2
1706 1
1707 3
1708 3
1710 1
1711 3
1712 1
1713 2
1715 2
1717 2
1718 3
1720 1
1721 1
1722 2
1723 1
1724 1
1725 3
1726 2
1727 2
1728 1
1732 2
1733 4
1734 1
1735 1
1736 2
1737 4
1739 5
1740 1
1741 2
1742 1
1743 3
1744 6
1745 3
1746 4
1747 3
1748 2
1749 3
1750 4
1751 3
1752 2
1753 4
1754 3
1755 1
1756 2
1757 4
1758 1
1759 2
1760 4
1761 2
1762 2
1763 4
1764 1
1765 3
1766 2
1767 8
1768 1
1769 3
1770 3
1771 1
1772 1
1773 1
1774 6
1775 8
1776 5
1777 4
1779 3
1780 9
1781 3
1782 5
1783 2
1784 8
1785 1
1786 5
1787 7
1788 5
1789 4
1790 9
1791 5
1792 2
1793 9
1794 1
1795 6
1796 3
1797 5
1798 6
1799 5
1800 3
1801 2
1802 1
1803 4
1804 3
1805 3
1806 2
1807 3
1808 4
1809 3
1810 3
1811 5
1812 3
1813 5
1814 7
1815 3
1816 7
1817 3
1818 5
1819 4
1820 5
1821 5
1822 6
1823 8
1824 6
1825 7
1826 5
1827 4
1828 7
1829 5
1830 4
1831 4
1832 4
1833 4
1834 1
1835 2
1836 1
1837 1
1838 2
1839 2
1840 2
1841 6
1842 3
1843 2
1844 3
1845 3
1846 2
1847 3
1848 3
1849 6
1850 2
1851 2
1852 5
1853 4
1854 3
1855 1
1856 3
1857 1
1858 4
1860 2
1861 1
1862 2
1863 2
1864 5
1865 5
1866 1
1867 2
1868 3
1869 6
1870 4
1872 2
1873 7
1874 3
1875 4
1876 4
1877 7
1878 7
1879 2
1880 2
1881 2
1882 4
1883 7
1884 2
1885 6
1886 5
1887 6
1888 2
1889 6
1890 2
1891 7
1892 4
1893 9
1894 4
1895 3
1896 5
1897 5
1898 2
1899 3
1900 5
1901 2
1902 5
1903 6
1904 10
1905 6
1906 3
1907 6
1908 2
1909 4
1910 5
1911 4
1912 1
1913 4
1914 5
1915 2
1916 6
1917 3
1918 7
1919 7
1920 7
1921 11
1922 7
1923 6
1924 7
1925 3
1926 3
1927 6
1928 3
1929 4
1930 9
1931 1
1932 6
1933 9
1934 5
1935 6
1936 8
1937 2
1938 10
1939 8
1940 9
1941 1
1942 6
1943 8
1944 5
1945 6
1946 3
1947 4
1948 1
1949 6
1950 4
1951 5
1952 10
1953 4
1954 6
1955 2
1956 2
1957 4
1958 1
1959 6
1960 5
1961 6
1962 5
1963 5
1964 2
1965 2
1966 2
1967 5
1968 6
1969 5
1970 6
1971 3
1972 4
1973 5
1974 3
1975 3
1976 7
1977 5
1978 5
1979 6
1980 5
1981 4
1982 2
1983 2
1984 1
1985 4
1986 3
1987 3
1988 6
1989 4
1990 2
1991 5
1992 3
1993 1
1994 7
1995 1
1996 1
1997 1
1998 5
1999 4
2000 3
2001 4
2002 3
2003 2
2005 7
2006 1
2008 2
2009 1
2011 1
2012 1
2013 1
2014 1
2015 2
2019 2
2020 1
2022 1
2024 2
2026 1
2029 1
2030 1
2031 1
2032 2
2033 1
2034 1
2037 1
2038 1
2039 1
2040 1
2041 1
2042 2
2043 3
2045 3
2047 2
2048 1
2050 3
2051 2
2052 1
2053 3
2054 3
2056 4
2057 3
2058 2
2059 1
2060 1
2061 7
2062 3
2063 2
2064 5
2065 4
2066 3
2067 2
2068 2
2069 1
2071 2
2072 1
2073 1
2075 1
2076 2
2078 1
2080 2
2082 2
2083 2
2084 3
2085 2
2086 1
2087 3
2088 3
2089 2
2090 1
2091 3
2092 3
2093 4
2094 5
2095 3
2096 3
2097 3
2098 7
2099 3
2100 3
2101 3
2102 4
2103 3
2104 10
2106 2
2107 3
2109 2
2110 2
2111 5
2112 7
2113 3
2115 1
2116 3
2117 3
2119 1
2120 1
2122 2
2123 2
2124 1
2125 2
2126 2
2127 2
2129 3
2130 1
2133 1
2134 1
2135 4
2137 2
2138 1
2139 2
2140 1
2141 3
2142 1
2143 1
2144 1
2145 1
2147 1
2155 1
2159 2
2163 1
2165 1
2167 1
2168 2
2169 1
2175 1
2176 1
2178 1
2183 1
2184 1
2190 1
2191 4
2192 2
2194 3
2196 1
2197 1
2198 1
2200 1
2201 1
2202 2
2203 3
2204 1
2205 2
2207 1
2213 1
2214 1
2216 2
2217 2
2218 1
2221 1
2232 1
2239 2
2240 1
2242 1
2244 1
2246 1
2248 1
2253 1
2254 1
2257 2
2260 3
2261 1
2262 1
2268 1
2269 3
2275 1
2278 1
2280 1
2281 1
2282 1
2286 1
2287 1
2288 1
2298 2
2299 1
2300 1
2301 3
2302 1
2304 2
2307 3
2309 1
2311 1
2313 2
2314 3
2315 1
2316 2
2318 1
2319 1
2320 1
2323 2
2324 1
2326 2
2330 1
2334 1
2335 1
2342 1
2346 1
2347 1
2348 1
2353 1
2355 1
2356 1
2357 1
2358 1
2360 1
2362 1
2363 1
2368 1
2369 1
2381 1
2393 1
2400 2
2426 1
2446 1
2447 1
2448 2
2450 1
2454 1
2466 1
2473 1
2476 1
2478 1
2480 2
2481 1
2482 1
2484 1
2485 1
2486 2
2487 1
2488 1
2489 3
2494 1
2495 1
2496 1
2497 1
2516 1
2521 1
2551 1
2553 1
2554 1
2555 1
2556 1
2562 1
2567 1
2574 1
2582 1
2586 1
2589 1
2593 2
2596 1
2597 2
2600 2
2604 1
2605 1
2606 1
2608 1
2611 1
2616 1
2621 1
2626 2
2627 1
2654 1
2657 1
2661 1
2681 2
2686 1
2691 1
2703 1
2723 1
2727 1
2736 1
2737 1
2739 1
2741 1
2742 1
2744 2
2745 1
2748 1
2749 1
2752 1
2757 2
2765 1
2766 1
2767 1
2776 1
2782 3
2791 1
2793 1
2794 1
2798 1
2801 1
2804 2
2806 1
2807 1
2830 1
2837 1
2842 1
2845 1
2846 1
2852 1
2854 1
2857 1
2862 2
2864 1
2868 1
2905 1
2907 1
2917 1
2921 1
2922 1
2923 1
2925 1
2927 1
2929 2
2934 1
2945 1
2958 1
2963 1
3029 1
3041 1
3188 1
3192 1
3193 1
3194 2
3197 1
3201 1
3230 1
3242 1
3243 1
3244 1
3248 1
3250 1
3253 1
3283 1
3284 1
3295 1
3324 1
3337 1
3359 1
3360 1
3367 1
3402 1
3404 1
3457 1
3468 1
3479 1
3481 1
3492 1
3501 1
3548 1
3582 1
3589 1
3591 1
3633 1
3637 1
3642 1
3650 2
3652 1
3653 1
3654 1
3656 1
3659 1
3660 1
3663 1
3681 1
3685 1
3834 1
3876 1
3981 1
4022 1
4060 1
4082 1
4087 1
4091 1
4097 1
4098 1
4105 1
4110 1
4118 1
4131 1
4220 1
4276 2
4302 1
4306 1
4309 1
4315 1
4321 1
4323 1
4328 1
4331 1
4367 1
4368 1
4372 1
4373 1
4428 1
4430 1
4439 1
4446 1
4454 1
4470 1
4484 1
4485 1
4488 1
4490 1
4491 2
4498 1
4500 1
4504 1
4508 2
4511 1
4514 1
4521 1
4522 2
4526 1
4528 2
4542 1
4543 1
4544 1
4546 1
4549 1
4550 1
4552 1
4555 1
4556 1
4557 2
4602 1
4605 1
4631 1
4677 1
4697 1
4819 1
4822 1
4830 2
4836 1
4869 1
4945 1
4977 1
4989 1
4991 1
5050 1
5328 1
5344 1
5539 1
5563 1
5567 2
5569 1
5570 1
5575 1
5588 1
5709 1
5727 2
5730 1
5733 1
5735 2
5741 1
5742 1
5744 2
5751 1
5757 1
5762 1
5763 1
5922 2
6134 1
6142 1
6533 1
6537 1
6540 1
6542 1
6548 1
6554 1
6617 1
6618 1
6625 1
6629 2
6632 1
6635 1
6638 1
6639 2
6647 1
6735 1
6929 1
9312 1
9415 1
10001 15
