1 22052852
2 8699568
3 5005236
4 3902533
5 3395556
6 3009628
7 2639954
8 2364471
9 2208481
10 2144943
11 2122183
12 2079353
13 1985709
14 1816135
15 1583559
16 1318177
17 1049397
18 798833
19 587824
20 412085
21 280868
22 189069
23 125161
24 82312
25 54147
26 35804
27 25325
28 18527
29 13541
30 10843
31 8439
32 6981
33 5745
34 5137
35 4236
36 3539
37 3099
38 2739
39 2495
40 2350
41 2128
42 1966
43 1761
44 1707
45 1752
46 1545
47 1515
48 1522
49 1516
50 1361
51 1253
52 1208
53 1130
54 1014
55 970
56 887
57 810
58 733
59 694
60 638
61 544
62 497
63 496
64 543
65 518
66 583
67 544
68 551
69 513
70 488
71 387
72 433
73 422
74 399
75 371
76 314
77 286
78 254
79 240
80 245
81 254
82 259
83 242
84 234
85 202
86 202
87 185
88 152
89 167
90 140
91 152
92 129
93 129
94 117
95 85
96 72
97 64
98 78
99 74
100 86
101 76
102 83
103 86
104 92
105 88
106 87
107 77
108 63
109 68
110 63
111 75
112 60
113 43
114 55
115 48
116 51
117 56
118 37
119 28
120 33
121 34
122 36
123 31
124 29
125 40
126 29
127 35
128 26
129 27
130 50
131 28
132 16
133 22
134 27
135 21
136 45
137 37
138 42
139 36
140 43
141 27
142 27
143 34
144 37
145 40
146 40
147 46
148 40
149 46
150 38
151 32
152 46
153 32
154 47
155 36
156 28
157 36
158 29
159 28
160 29
161 47
162 56
163 65
164 62
165 42
166 50
167 50
168 54
169 37
170 43
171 47
172 33
173 30
174 33
175 29
176 27
177 31
178 35
179 32
180 29
181 22
182 32
183 20
184 25
185 20
186 25
187 13
188 12
189 10
190 6
191 6
192 8
193 8
194 7
195 11
196 5
197 13
198 14
199 9
200 6
201 11
202 18
203 11
204 11
205 12
206 10
207 8
208 2
209 12
210 8
211 6
212 7
213 4
214 6
215 8
216 7
217 4
218 2
219 5
220 4
221 3
222 2
223 8
224 3
225 8
226 11
227 6
228 6
229 8
230 4
231 6
232 3
233 3
234 4
235 4
236 2
237 1
238 1
240 1
241 1
244 2
246 5
247 5
248 1
249 1
250 5
251 1
252 2
253 2
254 2
255 4
256 2
257 1
258 1
259 1
260 3
261 2
262 1
264 2
265 5
266 3
267 3
268 3
269 3
270 1
273 1
274 2
281 1
282 1
283 1
284 1
286 1
287 1
288 3
289 1
291 2
292 2
293 1
295 1
297 1
299 2
300 1
301 2
302 3
303 1
305 1
307 1
310 2
315 1
316 1
317 4
319 1
321 1
322 2
325 1
326 2
327 2
329 1
330 1
333 1
334 1
335 1
344 1
345 1
350 1
354 2
355 1
356 1
357 2
358 2
368 1
370 2
371 1
377 2
381 1
382 1
383 1
385 1
386 1
387 2
388 1
390 3
392 3
393 1
394 4
396 2
397 3
398 7
401 2
402 2
403 3
404 1
405 3
406 2
407 2
408 2
412 1
414 1
418 1
420 1
423 1
429 1
438 1
449 1
454 1
456 1
458 1
462 1
463 2
464 1
468 1
469 1
471 1
472 1
474 2
476 1
477 1
478 1
479 2
481 2
487 1
490 1
491 1
493 2
494 1
495 2
496 2
497 2
501 1
505 1
507 1
517 1
525 1
554 1
558 1
562 3
564 1
583 1
598 1
599 1
603 1
604 2
605 2
607 1
609 1
610 1
611 1
614 1
802 1
803 1
898 2
948 1
1020 1
1265 1
1276 1
1278 1
1280 1
1283 1
1284 1
1289 1
1290 1
1292 1
1293 1
1300 1
