1 16171479
2 5349169
3 3320206
4 2899680
5 2737688
6 2514326
7 2178270
8 1833923
9 1503807
10 1225415
11 1009906
12 868727
13 777178
14 722061
15 693978
16 669905
17 654494
18 637251
19 609058
20 570350
21 525698
22 470064
23 412790
24 348812
25 290858
26 233845
27 183679
28 139027
29 104465
30 76022
31 53067
32 36846
33 24942
34 17987
35 12352
36 8796
37 6012
38 4407
39 3678
40 3019
41 2632
42 2340
43 1990
44 1919
45 1662
46 1662
47 1452
48 1360
49 1234
50 1177
51 1106
52 999
53 970
54 998
55 870
56 865
57 796
58 825
59 838
60 808
61 869
62 845
63 725
64 751
65 687
66 670
67 659
68 660
69 641
70 667
71 610
72 502
73 490
74 448
75 455
76 416
77 424
78 383
79 389
80 492
81 499
82 608
83 681
84 901
85 1069
86 1410
87 1787
88 2364
89 3140
90 4066
91 5115
92 6342
93 8016
94 9758
95 12110
96 15038
97 18469
98 22345
99 27149
100 31994
101 37421
102 44018
103 50903
104 58120
105 66501
106 74215
107 83140
108 91881
109 100547
110 109812
111 119607
112 127522
113 137814
114 145837
115 154382
116 162439
117 169995
118 175396
119 180499
120 183243
121 185598
122 187910
123 188517
124 186123
125 184527
126 180139
127 174800
128 170106
129 163545
130 157207
131 149821
132 141811
133 133485
134 123498
135 114932
136 105437
137 96202
138 87750
139 78567
140 71146
141 64020
142 56512
143 50022
144 43748
145 37895
146 32664
147 28053
148 23725
149 20172
150 16738
151 13928
152 11754
153 9697
154 8079
155 6483
156 5366
157 4435
158 3581
159 2813
160 2284
161 1891
162 1447
163 1204
164 946
165 730
166 612
167 509
168 426
169 319
170 274
171 214
172 179
173 147
174 114
175 92
176 86
177 108
178 90
179 102
180 80
181 77
182 62
183 54
184 47
185 50
186 57
187 42
188 45
189 45
190 44
191 32
192 22
193 48
194 56
195 42
196 26
197 44
198 51
199 59
200 58
201 81
202 80
203 103
204 109
205 113
206 112
207 125
208 135
209 131
210 136
211 148
212 174
213 167
214 192
215 222
216 238
217 273
218 356
219 361
220 343
221 355
222 398
223 398
224 397
225 463
226 478
227 429
228 463
229 506
230 465
231 494
232 506
233 539
234 546
235 565
236 594
237 633
238 621
239 624
240 652
241 675
242 716
243 666
244 707
245 731
246 710
247 661
248 670
249 641
250 668
251 652
252 647
253 664
254 594
255 669
256 600
257 567
258 569
259 542
260 487
261 532
262 495
263 448
264 441
265 402
266 374
267 328
268 305
269 311
270 282
271 272
272 283
273 250
274 275
275 244
276 202
277 232
278 209
279 193
280 200
281 188
282 169
283 123
284 107
285 112
286 107
287 84
288 64
289 48
290 50
291 51
292 52
293 48
294 43
295 40
296 33
297 39
298 49
299 38
300 42
301 53
302 51
303 58
304 54
305 48
306 43
307 40
308 54
309 56
310 80
311 57
312 77
313 78
314 98
315 82
316 92
317 80
318 94
319 101
320 106
321 94
322 93
323 104
324 107
325 98
326 157
327 130
328 134
329 127
330 136
331 109
332 140
333 162
334 165
335 166
336 181
337 191
338 181
339 195
340 218
341 200
342 199
343 192
344 186
345 215
346 227
347 217
348 245
349 217
350 234
351 234
352 269
353 263
354 219
355 272
356 255
357 233
358 250
359 217
360 212
361 218
362 174
363 204
364 208
365 200
366 174
367 186
368 180
369 147
370 149
371 154
372 124
373 138
374 125
375 123
376 120
377 115
378 83
379 90
380 69
381 73
382 70
383 70
384 70
385 65
386 68
387 61
388 74
389 78
390 64
391 78
392 55
393 55
394 69
395 57
396 52
397 71
398 48
399 46
400 48
401 55
402 48
403 44
404 32
405 41
406 28
407 28
408 24
409 28
410 27
411 23
412 24
413 25
414 26
415 23
416 21
417 25
418 26
419 23
420 29
421 30
422 22
423 33
424 23
425 22
426 19
427 18
428 10
429 24
430 18
431 19
432 19
433 23
434 30
435 25
436 24
437 25
438 18
439 25
440 32
441 37
442 35
443 34
444 36
445 42
446 36
447 38
448 45
449 44
450 42
451 31
452 42
453 41
454 51
455 46
456 51
457 46
458 49
459 56
460 63
461 64
462 62
463 60
464 59
465 63
466 76
467 68
468 68
469 78
470 85
471 62
472 91
473 100
474 62
475 92
476 98
477 78
478 114
479 79
480 100
481 119
482 92
483 115
484 96
485 90
486 104
487 88
488 85
489 82
490 83
491 62
492 75
493 78
494 73
495 63
496 62
497 68
498 80
499 74
500 77
501 68
502 85
503 80
504 67
505 79
506 58
507 73
508 61
509 53
510 76
511 59
512 57
513 53
514 60
515 70
516 58
517 46
518 62
519 63
520 51
521 69
522 66
523 59
524 42
525 49
526 26
527 40
528 36
529 38
530 36
531 22
532 25
533 35
534 13
535 22
536 18
537 25
538 30
539 19
540 21
541 21
542 19
543 16
544 25
545 11
546 10
547 20
548 26
549 14
550 20
551 31
552 17
553 26
554 27
555 34
556 24
557 24
558 30
559 33
560 37
561 25
562 25
563 25
564 24
565 27
566 26
567 37
568 32
569 34
570 40
571 39
572 50
573 37
574 53
575 37
576 40
577 52
578 52
579 52
580 54
581 61
582 57
583 40
584 37
585 47
586 47
587 36
588 37
589 47
590 34
591 32
592 47
593 31
594 42
595 22
596 35
597 36
598 37
599 27
600 29
601 35
602 37
603 41
604 37
605 39
606 40
607 34
608 45
609 33
610 33
611 34
612 25
613 40
614 21
615 32
616 27
617 34
618 29
619 27
620 32
621 44
622 31
623 21
624 24
625 19
626 20
627 19
628 27
629 14
630 15
631 23
632 23
633 22
634 26
635 19
636 21
637 21
638 33
639 17
640 23
641 21
642 25
643 13
644 20
645 30
646 18
647 32
648 24
649 20
650 35
651 33
652 18
653 27
654 40
655 35
656 39
657 38
658 32
659 33
660 47
661 45
662 38
663 40
664 45
665 48
666 28
667 37
668 28
669 27
670 42
671 23
672 42
673 34
674 28
675 39
676 38
677 42
678 35
679 32
680 32
681 29
682 31
683 24
684 52
685 30
686 36
687 32
688 32
689 34
690 30
691 22
692 36
693 19
694 34
695 23
696 34
697 20
698 36
699 35
700 40
701 24
702 28
703 36
704 27
705 36
706 29
707 33
708 19
709 40
710 31
711 36
712 34
713 26
714 32
715 21
716 28
717 22
718 15
719 21
720 18
721 22
722 19
723 23
724 22
725 19
726 14
727 18
728 20
729 17
730 14
731 13
732 19
733 19
734 22
735 15
736 18
737 19
738 18
739 11
740 15
741 8
742 9
743 9
744 6
745 6
746 11
747 11
748 8
749 4
750 6
751 2
752 8
753 7
754 9
755 11
756 10
757 3
758 13
759 3
760 5
761 5
762 8
763 6
764 5
765 8
766 6
767 6
768 1
769 5
770 3
771 2
772 1
773 2
774 3
775 4
776 2
777 6
778 4
779 3
780 2
781 9
782 5
783 11
784 5
785 9
786 9
787 9
788 7
789 5
790 7
791 3
792 3
793 4
794 2
795 1
796 2
797 3
798 1
799 2
800 4
801 2
802 4
803 8
804 3
805 4
807 5
808 3
809 2
810 6
811 2
812 4
813 4
814 5
815 3
816 7
817 4
818 2
819 11
820 10
821 4
822 6
823 6
824 5
825 7
826 8
827 3
828 5
829 2
830 7
831 4
832 3
833 2
834 3
835 6
836 1
837 6
838 4
839 4
840 2
841 9
842 4
843 3
844 5
845 3
846 7
847 4
848 5
849 2
850 1
851 3
853 1
854 5
857 6
860 4
861 3
862 3
863 2
864 2
865 3
866 4
867 3
868 2
869 2
870 3
871 6
872 2
873 5
874 4
875 7
876 4
877 3
878 3
879 5
880 1
881 3
882 6
883 1
884 4
885 4
886 1
888 4
890 1
891 3
892 3
895 2
896 2
898 1
899 2
900 2
901 1
902 3
903 3
904 1
905 1
906 5
907 1
908 1
909 1
910 2
911 2
912 3
913 2
914 4
915 1
917 2
918 3
919 1
920 3
921 1
922 2
923 1
924 4
925 1
926 2
927 1
928 3
930 3
931 2
932 9
933 4
934 3
935 8
936 4
937 7
938 6
939 6
940 6
941 5
942 4
943 2
944 3
945 3
946 2
947 1
948 1
949 3
951 1
952 2
953 2
954 7
955 3
956 3
957 2
959 3
960 2
961 3
962 1
963 3
964 1
965 1
966 2
967 4
968 2
969 2
971 2
972 2
973 1
974 2
975 2
976 1
977 1
978 2
979 4
980 2
981 1
982 3
983 3
984 2
985 1
986 1
988 1
989 1
990 1
991 1
992 1
994 1
997 1
1001 1
1003 1
1004 1
1006 2
1007 1
1009 2
1012 1
1017 2
1020 1
1022 2
1025 2
1027 1
1028 3
1029 2
1030 1
1031 2
1032 1
1033 3
1034 3
1035 1
1036 3
1037 1
1038 3
1039 4
1041 4
1042 1
1043 2
1044 2
1045 6
1046 4
1047 2
1048 10
1049 6
1050 2
1051 5
1052 4
1053 7
1054 5
1055 5
1056 3
1057 1
1058 3
1059 1
1060 5
1061 1
1062 5
1063 3
1064 1
1065 1
1066 6
1067 2
1068 1
1069 1
1070 5
1071 1
1072 3
1073 1
1074 1
1075 2
1076 2
1078 2
1079 1
1080 2
1081 1
1082 1
1086 1
1089 3
1091 2
1092 1
1093 1
1095 2
1096 1
1097 1
1099 2
1101 1
1102 4
1103 4
1104 2
1105 4
1106 3
1107 2
1108 3
1109 2
1110 1
1112 2
1113 3
1115 1
1117 2
1118 2
1119 1
1122 3
1124 2
1125 4
1128 1
1129 2
1130 2
1131 3
1132 5
1133 1
1134 2
1135 2
1136 1
1137 3
1138 6
1139 3
1141 6
1142 3
1143 1
1144 3
1145 3
1146 2
1147 3
1148 3
1149 3
1150 2
1151 3
1152 1
1153 5
1154 2
1155 1
1157 1
1158 1
1159 1
1161 1
1164 2
1165 3
1166 6
1167 7
1168 10
1169 5
1170 1
1171 4
1172 5
1173 9
1174 3
1175 3
1176 1
1177 7
1178 1
1179 3
1180 1
1181 3
1182 6
1183 1
1184 4
1185 2
1186 1
1187 2
1188 2
1189 2
1190 2
1191 4
1192 4
1193 3
1194 6
1195 6
1196 5
1197 4
1198 6
1199 5
1200 7
1201 7
1202 6
1203 3
1204 4
1205 1
1206 2
1207 1
1208 2
1209 4
1210 1
1213 1
1214 3
1215 2
1216 1
1217 4
1218 3
1219 3
1220 4
1221 1
1223 3
1224 3
1225 3
1226 3
1227 5
1228 2
1229 4
1230 2
1231 2
1232 2
1234 1
1235 1
1236 3
1237 5
1239 1
1241 1
1243 2
1244 2
1246 4
1247 2
1248 3
1249 3
1251 4
1252 1
1253 5
1254 6
1255 6
1256 6
1257 3
1258 3
1259 5
1260 7
1261 5
1262 6
1263 4
1264 3
1265 2
1266 6
1267 7
1268 3
1269 5
1270 7
1271 5
1272 3
1273 6
1274 8
1275 4
1276 3
1277 1
1278 8
1279 2
1280 3
1281 5
1282 3
1283 2
1284 4
1285 5
1286 4
1287 1
1288 12
1289 10
1290 13
1291 5
1292 10
1293 12
1294 7
1295 10
1296 4
1297 6
1298 6
1299 6
1300 8
1301 4
1302 6
1303 7
1304 4
1305 3
1306 1
1307 3
1308 4
1309 3
1310 1
1311 1
1312 4
1313 2
1314 3
1315 4
1317 2
1318 3
1319 4
1320 3
1321 4
1322 6
1323 4
1324 10
1325 12
1326 7
1327 7
1328 8
1329 5
1330 9
1331 5
1332 6
1333 8
1334 4
1336 9
1337 4
1338 4
1339 3
1340 2
1341 5
1342 4
1343 5
1344 3
1345 5
1346 5
1347 3
1348 8
1349 5
1350 7
1351 2
1352 3
1353 3
1354 3
1355 2
1357 2
1358 2
1359 3
1360 1
1362 3
1363 3
1364 1
1365 3
1366 2
1367 6
1368 3
1369 1
1370 2
1371 1
1372 2
1373 5
1374 3
1377 1
1378 3
1379 2
1380 1
1382 2
1383 4
1384 2
1385 3
1386 2
1387 1
1388 3
1389 1
1390 5
1391 2
1392 6
1393 2
1394 1
1395 7
1396 3
1397 3
1398 2
1399 1
1400 1
1401 7
1402 2
1403 2
1405 1
1406 1
1407 1
1408 1
1409 1
1410 1
1411 1
1412 1
1414 1
1415 1
1416 2
1418 1
1419 1
1422 1
1423 1
1425 1
1426 1
1428 3
1429 2
1431 3
1432 2
1433 2
1434 4
1435 1
1436 2
1438 2
1439 1
1442 2
1443 5
1444 2
1445 4
1446 3
1447 1
1448 2
1449 5
1450 1
1451 3
1452 5
1453 6
1454 1
1455 1
1456 2
1457 5
1458 3
1459 3
1460 3
1461 1
1462 4
1463 2
1464 2
1467 3
1468 3
1469 2
1470 7
1471 3
1472 4
1473 3
1474 1
1475 1
1476 2
1477 1
1479 3
1480 3
1481 2
1482 2
1483 2
1484 2
1485 2
1486 1
1487 1
1488 5
1489 4
1490 2
1491 9
1492 1
1493 3
1494 1
1495 6
1496 3
1497 6
1498 4
1499 4
1500 3
1501 7
1502 6
1503 5
1504 3
1505 4
1506 1
1507 3
1508 5
1509 1
1510 4
1511 5
1512 6
1513 3
1514 5
1515 4
1516 6
1517 4
1518 6
1519 8
1520 7
1521 7
1522 2
1523 5
1524 5
1525 6
1526 7
1527 8
1528 9
1529 3
1530 5
1531 7
1532 6
1533 7
1534 4
1535 4
1537 5
1538 2
1539 1
1540 4
1541 4
1542 3
1543 4
1544 6
1545 2
1546 2
1547 3
1548 2
1549 1
1550 2
1552 1
1554 1
1555 2
1556 1
1557 2
1560 2
1561 2
1562 1
1563 2
1566 2
1569 1
1570 1
1571 1
1572 2
1575 1
1578 1
1581 1
1584 1
1585 1
1586 2
1587 1
1589 1
1590 3
1591 6
1592 1
1593 2
1594 2
1595 4
1596 2
1597 3
1598 2
1599 2
1600 5
1601 4
1602 2
1603 3
1604 3
1605 3
1606 2
1607 4
1608 3
1610 6
1611 4
1612 8
1613 7
1614 4
1615 1
1616 9
1617 3
1618 7
1619 6
1620 3
1621 4
1622 4
1623 2
1624 5
1625 2
1627 2
1629 5
1630 2
1631 1
1632 3
1633 1
1634 2
1635 1
1636 3
1637 3
1638 3
1639 2
1640 1
1641 2
1642 1
1643 3
1644 1
1645 1
1647 2
1648 1
1649 1
1650 2
1651 2
1653 2
1654 1
1656 4
1657 1
1659 3
1661 1
1662 1
1663 4
1664 1
1668 1
1671 1
1680 1
1681 1
1683 1
1684 1
1687 1
1690 2
1691 5
1692 4
1693 4
1694 2
1695 5
1696 3
1697 5
1698 1
1699 6
1700 6
1701 2
1702 3
1703 2
1704 3
1705 2
1706 7
1707 4
1708 6
1709 3
1710 5
1711 5
1712 6
1713 5
1714 5
1715 5
1716 2
1717 3
1718 4
1719 3
1720 3
1721 2
1722 1
1723 5
1724 1
1725 3
1727 4
1728 2
1729 1
1730 2
1731 1
1732 5
1733 4
1734 1
1735 2
1737 5
1738 1
1740 6
1741 3
1742 4
1743 3
1744 7
1745 3
1746 4
1747 2
1748 4
1749 6
1750 1
1751 5
1752 5
1753 4
1754 3
1755 6
1756 4
1757 7
1758 4
1759 5
1760 4
1761 6
1762 8
1763 6
1764 8
1765 4
1766 1
1767 7
1768 9
1769 7
1770 6
1771 13
1772 5
1773 3
1774 8
1775 3
1776 6
1777 3
1778 2
1779 6
1780 2
1781 3
1783 2
1784 2
1785 2
1786 1
1787 1
1788 2
1789 2
1791 2
1792 1
1793 4
1794 1
1795 2
1796 1
1797 2
1798 2
1799 1
1800 2
1801 2
1802 2
1804 1
1805 2
1806 1
1811 1
1812 1
1813 1
1815 2
1819 2
1820 1
1821 1
1822 1
1823 2
1824 2
1825 3
1826 3
1827 2
1828 1
1829 2
1830 1
1831 3
1834 1
1836 3
1837 1
1838 1
1839 2
1840 4
1841 2
1842 1
1843 1
1845 1
1846 2
1849 1
1850 1
1851 3
1853 2
1854 2
1856 3
1857 2
1861 1
1862 2
1864 1
1866 2
1868 1
1869 1
1870 1
1871 3
1873 1
1875 1
1876 1
1877 2
1878 1
1879 1
1881 3
1883 2
1884 1
1885 2
1888 1
1889 3
1891 1
1892 2
1893 2
1894 5
1895 2
1896 1
1897 6
1898 1
1899 1
1900 3
1901 1
1902 1
1903 3
1905 6
1906 1
1907 1
1908 1
1909 1
1910 1
1911 1
1912 1
1913 2
1914 5
1915 3
1916 2
1917 3
1918 1
1919 5
1920 2
1921 7
1922 2
1923 3
1924 3
1925 3
1927 1
1928 2
1930 2
1931 1
1932 1
1933 1
1935 2
1936 1
1940 1
1941 3
1942 3
1943 2
1945 2
1946 1
1948 2
1949 1
1950 3
1952 1
1953 1
1954 1
1955 1
1960 1
1963 1
1964 3
1966 1
1967 1
1970 1
1973 1
1974 2
1976 2
1977 1
1978 1
1979 1
1980 1
1981 3
1983 1
1985 1
1987 1
1988 2
1991 2
1992 3
1994 2
1996 3
1997 2
1998 4
1999 1
2001 2
2002 2
2003 3
2004 2
2005 3
2006 5
2007 3
2008 4
2009 4
2011 3
2012 2
2013 4
2014 3
2015 3
2016 2
2017 2
2018 4
2019 1
2021 1
2022 3
2023 1
2024 2
2025 4
2026 1
2027 1
2028 1
2030 1
2031 4
2032 4
2033 3
2034 4
2037 3
2039 1
2040 6
2041 1
2042 3
2043 1
2044 1
2045 1
2047 2
2049 3
2050 2
2051 1
2053 2
2057 1
2062 1
2065 1
2066 3
2067 3
2069 2
2070 1
2071 2
2072 1
2073 2
2074 1
2077 1
2079 3
2082 2
2083 2
2085 1
2086 4
2089 1
2090 2
2091 2
2098 2
2102 1
2106 1
2114 1
2118 1
2119 2
2120 1
2121 2
2124 1
2126 1
2129 1
2130 1
2133 2
2134 1
2136 1
2137 1
2143 3
2145 2
2146 4
2147 1
2149 3
2150 1
2151 1
2152 1
2154 1
2155 1
2156 1
2157 2
2158 1
2159 2
2160 2
2161 3
2162 3
2164 5
2165 1
2166 1
2167 5
2168 1
2169 1
2170 2
2173 3
2176 1
2178 1
2268 1
2277 2
2289 1
2295 1
2371 2
2481 1
2486 1
2523 1
2597 1
2613 1
2667 1
2734 1
2814 1
2815 1
2819 1
2821 1
2822 1
2831 1
2833 1
2836 1
2842 1
2843 1
2849 1
2850 1
2854 1
2942 1
2956 1
2958 1
2959 1
2965 1
2967 1
2973 1
2996 2
2999 1
3065 1
3080 1
3227 1
3228 1
3232 1
3235 1
3236 1
3238 2
3239 1
3241 2
3333 2
3337 1
3412 1
3414 1
3420 1
3675 1
3932 1
4105 1
4106 1
4107 1
4218 1
4227 1
4230 1
4254 2
4255 1
4263 1
4279 1
4359 1
4360 1
4376 1
4464 1
4498 1
4545 1
4556 1
4567 1
4569 1
4576 1
4578 2
4703 1
4731 1
4769 1
4900 1
5077 1
5078 1
5088 1
5090 1
5104 1
5108 1
5231 1
5241 1
5398 1
