1 10609332
2 10612296
3 8762878
4 6962765
5 5587618
6 4569154
7 3824553
8 3363037
9 3092189
10 2928362
11 2803896
12 2686398
13 2524655
14 2325779
15 2093584
16 1864428
17 1625405
18 1399357
19 1196474
20 1028809
21 891714
22 791374
23 719253
24 676703
25 656042
26 653928
27 656639
28 666005
29 670401
30 667878
31 653742
32 633619
33 597851
34 552865
35 500065
36 444731
37 387477
38 333844
39 280965
40 236935
41 195998
42 162597
43 134867
44 112950
45 97598
46 86587
47 79078
48 74353
49 72930
50 72728
51 74516
52 76802
53 80269
54 84246
55 89168
56 94440
57 98917
58 104577
59 109745
60 113988
61 118690
62 123663
63 127683
64 132723
65 137908
66 144223
67 152274
68 159999
69 168998
70 177754
71 189415
72 199724
73 211045
74 220707
75 231318
76 240478
77 246558
78 253098
79 257761
80 259459
81 259799
82 259160
83 257436
84 252852
85 250087
86 245328
87 240252
88 235472
89 231053
90 227387
91 224850
92 223992
93 225842
94 227803
95 230663
96 234660
97 241310
98 248207
99 254537
100 263395
101 269449
102 275978
103 281760
104 286302
105 291437
106 293797
107 294819
108 292025
109 289570
110 285152
111 277668
112 269648
113 259758
114 248521
115 235857
116 223180
117 210066
118 195250
119 181327
120 167256
121 153312
122 141179
123 129401
124 118435
125 108867
126 100793
127 93459
128 87843
129 83508
130 81165
131 79930
132 79686
133 81551
134 83998
135 87537
136 92248
137 97910
138 103394
139 110969
140 117188
141 124147
142 130429
143 136993
144 142567
145 148788
146 153816
147 158690
148 160960
149 163068
150 165792
151 166329
152 165759
153 163767
154 160302
155 157085
156 152386
157 147629
158 141100
159 134446
160 127312
161 118973
162 112213
163 104328
164 96729
165 89201
166 81814
167 73985
168 66599
169 59989
170 53502
171 47824
172 41937
173 37002
174 32072
175 28076
176 24021
177 20982
178 17946
179 15299
180 13087
181 11178
182 9342
183 8107
184 7113
185 6072
186 5364
187 4883
188 4509
189 4228
190 3992
191 4114
192 4269
193 4640
194 5090
195 5488
196 6330
197 7014
198 7844
199 9067
200 10382
201 11856
202 13138
203 15328
204 17493
205 19490
206 22238
207 25079
208 27856
209 31784
210 34851
211 38867
212 43385
213 47762
214 52567
215 57442
216 62634
217 68167
218 73354
219 79448
220 84838
221 91310
222 97664
223 104637
224 110207
225 117215
226 123858
227 130385
228 136839
229 144083
230 149990
231 155428
232 162065
233 166403
234 173518
235 178287
236 184661
237 189965
238 194780
239 200386
240 204295
241 209072
242 213006
243 216707
244 219442
245 223357
246 225278
247 228740
248 231081
249 232374
250 233771
251 234848
252 236416
253 236914
254 237732
255 238002
256 237111
257 236410
258 235468
259 234531
260 231754
261 229702
262 227255
263 225734
264 223776
265 220316
266 217051
267 214660
268 211140
269 208292
270 205119
271 201427
272 198111
273 195428
274 192489
275 189614
276 186153
277 183574
278 180780
279 176698
280 174988
281 171695
282 168520
283 166283
284 163438
285 160902
286 157905
287 155279
288 153577
289 149856
290 147920
291 144345
292 141790
293 138885
294 136012
295 132948
296 130260
297 127240
298 124382
299 120894
300 118269
301 115166
302 111000
303 108307
304 104331
305 100652
306 96561
307 92756
308 89277
309 85002
310 81695
311 77860
312 73832
313 70301
314 66221
315 63242
316 59191
317 55439
318 52387
319 48869
320 45418
321 42250
322 39749
323 37115
324 33984
325 31616
326 28897
327 26318
328 24435
329 22884
330 20930
331 18984
332 17402
333 15838
334 14388
335 13274
336 12098
337 11126
338 10269
339 9036
340 8462
341 7682
342 7170
343 6423
344 6152
345 5676
346 5392
347 5025
348 4803
349 4604
350 4494
351 4409
352 4329
353 4398
354 4376
355 4432
356 4389
357 4407
358 4426
359 4339
360 4668
361 4755
362 4775
363 4953
364 4977
365 5200
366 5280
367 5534
368 5554
369 5790
370 5935
371 5874
372 6031
373 6140
374 6089
375 6128
376 6306
377 6277
378 6218
379 6120
380 6148
381 5994
382 6007
383 5883
384 5794
385 5877
386 5568
387 5405
388 5385
389 5257
390 5069
391 4889
392 4531
393 4515
394 4236
395 4044
396 3923
397 3794
398 3663
399 3471
400 3296
401 3208
402 3019
403 2841
404 2617
405 2573
406 2472
407 2191
408 2101
409 1937
410 1814
411 1715
412 1597
413 1470
414 1408
415 1380
416 1247
417 1157
418 1150
419 1099
420 1024
421 1038
422 888
423 917
424 897
425 827
426 851
427 767
428 732
429 771
430 716
431 750
432 740
433 724
434 746
435 812
436 823
437 794
438 840
439 845
440 906
441 871
442 942
443 917
444 1046
445 1112
446 1099
447 1076
448 1149
449 1210
450 1142
451 1166
452 1200
453 1269
454 1364
455 1355
456 1297
457 1388
458 1437
459 1488
460 1472
461 1471
462 1515
463 1516
464 1576
465 1566
466 1600
467 1639
468 1583
469 1591
470 1623
471 1590
472 1574
473 1485
474 1467
475 1550
476 1513
477 1580
478 1483
479 1487
480 1406
481 1421
482 1409
483 1466
484 1348
485 1372
486 1346
487 1347
488 1316
489 1261
490 1267
491 1218
492 1183
493 1088
494 1152
495 1060
496 1060
497 1041
498 1038
499 961
500 1025
501 1016
502 1022
503 1038
504 965
505 954
506 927
507 973
508 871
509 869
510 867
511 870
512 837
513 867
514 881
515 819
516 802
517 845
518 822
519 778
520 805
521 770
522 736
523 797
524 705
525 730
526 682
527 686
528 686
529 730
530 711
531 746
532 742
533 742
534 791
535 714
536 733
537 682
538 685
539 699
540 677
541 674
542 652
543 617
544 636
545 630
546 626
547 610
548 663
549 665
550 633
551 578
552 573
553 589
554 596
555 621
556 637
557 587
558 545
559 599
560 614
561 600
562 592
563 557
564 572
565 567
566 509
567 576
568 576
569 569
570 551
571 542
572 523
573 496
574 549
575 530
576 501
577 505
578 480
579 500
580 466
581 562
582 498
583 521
584 568
585 557
586 514
587 537
588 466
589 482
590 464
591 467
592 451
593 453
594 452
595 415
596 422
597 425
598 432
599 425
600 395
601 398
602 386
603 408
604 385
605 337
606 351
607 343
608 350
609 332
610 308
611 333
612 303
613 297
614 302
615 313
616 284
617 281
618 228
619 277
620 247
621 242
622 221
623 247
624 230
625 232
626 255
627 199
628 202
629 228
630 230
631 192
632 190
633 192
634 202
635 183
636 227
637 208
638 162
639 188
640 153
641 133
642 162
643 126
644 120
645 114
646 120
647 118
648 123
649 95
650 110
651 112
652 133
653 111
654 99
655 91
656 114
657 93
658 92
659 87
660 88
661 82
662 80
663 73
664 62
665 78
666 91
667 72
668 69
669 63
670 67
671 62
672 59
673 54
674 65
675 71
676 54
677 71
678 59
679 58
680 54
681 53
682 66
683 70
684 82
685 89
686 49
687 86
688 71
689 76
690 69
691 72
692 73
693 60
694 79
695 81
696 77
697 81
698 75
699 76
700 73
701 84
702 86
703 65
704 82
705 81
706 77
707 64
708 76
709 63
710 71
711 78
712 75
713 74
714 65
715 66
716 73
717 72
718 87
719 65
720 78
721 74
722 91
723 73
724 81
725 70
726 71
727 96
728 80
729 84
730 110
731 114
732 93
733 99
734 87
735 94
736 98
737 89
738 110
739 96
740 116
741 112
742 102
743 108
744 98
745 113
746 107
747 100
748 112
749 123
750 115
751 140
752 101
753 117
754 116
755 134
756 129
757 136
758 131
759 138
760 134
761 122
762 142
763 153
764 139
765 157
766 141
767 160
768 175
769 159
770 137
771 155
772 138
773 124
774 138
775 116
776 126
777 101
778 101
779 117
780 114
781 91
782 102
783 98
784 103
785 114
786 112
787 112
788 92
789 112
790 110
791 97
792 99
793 99
794 97
795 97
796 100
797 100
798 84
799 98
800 93
801 86
802 87
803 87
804 121
805 91
806 96
807 107
808 113
809 125
810 113
811 109
812 116
813 98
814 115
815 110
816 118
817 106
818 102
819 119
820 108
821 114
822 116
823 118
824 94
825 91
826 107
827 98
828 79
829 90
830 88
831 99
832 104
833 99
834 78
835 82
836 79
837 71
838 83
839 88
840 93
841 93
842 92
843 97
844 97
845 86
846 101
847 88
848 86
849 98
850 77
851 69
852 94
853 86
854 84
855 83
856 50
857 83
858 70
859 68
860 78
861 58
862 63
863 68
864 67
865 67
866 61
867 65
868 43
869 68
870 72
871 84
872 69
873 65
874 95
875 82
876 88
877 87
878 86
879 81
880 101
881 95
882 89
883 76
884 91
885 78
886 84
887 94
888 95
889 91
890 78
891 89
892 78
893 78
894 89
895 90
896 88
897 95
898 86
899 88
900 105
901 109
902 92
903 92
904 96
905 105
906 88
907 105
908 104
909 105
910 100
911 115
912 120
913 133
914 133
915 134
916 120
917 126
918 115
919 133
920 126
921 132
922 147
923 133
924 123
925 140
926 129
927 123
928 150
929 118
930 129
931 141
932 141
933 126
934 144
935 123
936 108
937 133
938 103
939 112
940 87
941 118
942 93
943 100
944 99
945 102
946 90
947 72
948 96
949 93
950 80
951 88
952 94
953 76
954 62
955 75
956 83
957 85
958 69
959 80
960 64
961 57
962 76
963 80
964 69
965 72
966 77
967 73
968 82
969 83
970 75
971 61
972 56
973 66
974 85
975 75
976 67
977 60
978 57
979 57
980 68
981 80
982 57
983 76
984 59
985 61
986 64
987 50
988 55
989 53
990 45
991 47
992 66
993 58
994 58
995 53
996 54
997 49
998 57
999 55
1000 64
1001 78
1002 78
1003 63
1004 63
1005 69
1006 62
1007 75
1008 57
1009 55
1010 55
1011 51
1012 62
1013 42
1014 51
1015 58
1016 52
1017 49
1018 64
1019 55
1020 48
1021 68
1022 67
1023 61
1024 59
1025 65
1026 72
1027 64
1028 55
1029 74
1030 88
1031 57
1032 80
1033 51
1034 82
1035 78
1036 69
1037 69
1038 72
1039 63
1040 81
1041 53
1042 76
1043 73
1044 70
1045 55
1046 63
1047 60
1048 50
1049 57
1050 52
1051 64
1052 51
1053 54
1054 51
1055 53
1056 39
1057 57
1058 45
1059 48
1060 47
1061 45
1062 38
1063 41
1064 33
1065 27
1066 44
1067 31
1068 34
1069 27
1070 36
1071 36
1072 36
1073 28
1074 29
1075 36
1076 34
1077 40
1078 39
1079 32
1080 30
1081 31
1082 28
1083 36
1084 27
1085 22
1086 26
1087 32
1088 22
1089 14
1090 17
1091 20
1092 20
1093 17
1094 21
1095 23
1096 21
1097 20
1098 20
1099 19
1100 16
1101 19
1102 29
1103 16
1104 18
1105 16
1106 23
1107 18
1108 17
1109 16
1110 18
1111 19
1112 16
1113 16
1114 17
1115 16
1116 10
1117 19
1118 8
1119 20
1120 21
1121 15
1122 20
1123 19
1124 19
1125 17
1126 20
1127 13
1128 13
1129 12
1130 7
1131 14
1132 15
1133 11
1134 15
1135 23
1136 26
1137 14
1138 10
1139 11
1140 21
1141 16
1142 21
1143 17
1144 17
1145 23
1146 25
1147 16
1148 26
1149 20
1150 13
1151 22
1152 24
1153 24
1154 30
1155 28
1156 19
1157 26
1158 23
1159 18
1160 24
1161 17
1162 23
1163 13
1164 24
1165 28
1166 19
1167 28
1168 17
1169 25
1170 21
1171 23
1172 29
1173 23
1174 21
1175 23
1176 24
1177 23
1178 31
1179 24
1180 19
1181 31
1182 32
1183 37
1184 31
1185 35
1186 34
1187 30
1188 31
1189 32
1190 30
1191 18
1192 27
1193 27
1194 34
1195 32
1196 43
1197 37
1198 29
1199 44
1200 36
1201 39
1202 39
1203 37
1204 32
1205 34
1206 38
1207 25
1208 40
1209 44
1210 34
1211 30
1212 29
1213 28
1214 23
1215 33
1216 42
1217 39
1218 25
1219 40
1220 36
1221 34
1222 28
1223 37
1224 35
1225 41
1226 35
1227 35
1228 44
1229 46
1230 38
1231 49
1232 38
1233 38
1234 45
1235 30
1236 46
1237 58
1238 35
1239 39
1240 43
1241 36
1242 54
1243 48
1244 52
1245 37
1246 62
1247 32
1248 38
1249 44
1250 46
1251 52
1252 41
1253 67
1254 51
1255 53
1256 41
1257 53
1258 68
1259 49
1260 45
1261 46
1262 48
1263 48
1264 51
1265 61
1266 52
1267 59
1268 50
1269 43
1270 58
1271 58
1272 50
1273 54
1274 60
1275 64
1276 56
1277 52
1278 71
1279 56
1280 70
1281 72
1282 60
1283 73
1284 80
1285 67
1286 71
1287 56
1288 67
1289 84
1290 76
1291 64
1292 64
1293 71
1294 68
1295 71
1296 69
1297 55
1298 51
1299 60
1300 56
1301 57
1302 46
1303 50
1304 45
1305 50
1306 42
1307 36
1308 48
1309 60
1310 55
1311 56
1312 47
1313 46
1314 37
1315 30
1316 47
1317 41
1318 40
1319 28
1320 33
1321 28
1322 27
1323 31
1324 30
1325 26
1326 35
1327 25
1328 20
1329 32
1330 33
1331 25
1332 35
1333 23
1334 29
1335 30
1336 18
1337 31
1338 30
1339 26
1340 22
1341 36
1342 24
1343 28
1344 18
1345 28
1346 24
1347 22
1348 25
1349 25
1350 31
1351 32
1352 23
1353 25
1354 25
1355 28
1356 30
1357 29
1358 25
1359 25
1360 38
1361 41
1362 34
1363 24
1364 36
1365 31
1366 30
1367 25
1368 46
1369 26
1370 30
1371 33
1372 34
1373 26
1374 35
1375 22
1376 25
1377 20
1378 34
1379 25
1380 20
1381 27
1382 31
1383 20
1384 21
1385 30
1386 22
1387 19
1388 35
1389 15
1390 13
1391 26
1392 16
1393 23
1394 29
1395 34
1396 24
1397 17
1398 29
1399 20
1400 20
1401 27
1402 25
1403 21
1404 24
1405 24
1406 16
1407 18
1408 21
1409 18
1410 16
1411 18
1412 15
1413 21
1414 14
1415 13
1416 15
1417 16
1418 16
1419 14
1420 18
1421 9
1422 10
1423 17
1424 14
1425 18
1426 13
1427 22
1428 12
1429 16
1430 16
1431 11
1432 18
1433 17
1434 13
1435 8
1436 11
1437 7
1438 15
1439 20
1440 11
1441 11
1442 13
1443 11
1444 11
1445 6
1446 8
1447 6
1448 10
1449 3
1450 6
1451 8
1452 6
1453 12
1454 5
1455 7
1456 12
1457 8
1458 12
1459 9
1460 3
1461 9
1462 7
1463 6
1464 9
1465 8
1466 6
1467 7
1468 10
1469 8
1470 3
1471 6
1472 5
1473 11
1474 2
1475 16
1476 10
1477 6
1478 7
1479 5
1480 4
1481 12
1482 9
1483 3
1484 9
1485 5
1486 8
1487 1
1488 12
1489 6
1490 4
1491 8
1492 14
1493 15
1494 13
1495 9
1496 7
1497 14
1498 12
1499 9
1500 11
1501 11
1502 14
1503 7
1504 16
1505 9
1506 9
1507 6
1508 15
1509 15
1510 9
1511 13
1512 14
1513 17
1514 8
1515 9
1516 11
1517 14
1518 9
1519 12
1520 11
1521 13
1522 14
1523 10
1524 8
1525 13
1526 7
1527 10
1528 9
1529 7
1530 11
1531 17
1532 15
1533 17
1534 10
1535 10
1536 12
1537 11
1538 10
1539 3
1540 9
1541 12
1542 12
1543 9
1544 10
1545 16
1546 12
1547 16
1548 11
1549 10
1550 17
1551 19
1552 19
1553 12
1554 16
1555 13
1556 14
1557 20
1558 15
1559 8
1560 11
1561 11
1562 14
1563 14
1564 13
1565 8
1566 9
1567 4
1568 14
1569 9
1570 11
1571 14
1572 10
1573 11
1574 13
1575 7
1576 15
1577 9
1578 14
1579 5
1580 4
1581 8
1582 9
1583 15
1584 7
1585 10
1586 10
1587 3
1588 8
1589 9
1590 17
1591 14
1592 8
1593 12
1594 4
1595 7
1596 8
1597 4
1598 6
1599 12
1600 3
1601 5
1602 10
1603 12
1604 11
1605 15
1606 5
1607 7
1608 5
1609 11
1610 11
1611 7
1612 5
1613 14
1614 9
1615 13
1616 5
1617 7
1618 12
1619 9
1620 4
1621 7
1622 5
1623 7
1624 7
1625 7
1626 6
1627 13
1628 12
1629 12
1630 9
1631 7
1632 9
1633 11
1634 5
1635 11
1636 10
1637 17
1638 10
1639 3
1640 6
1641 5
1642 7
1643 4
1644 9
1645 4
1646 6
1647 6
1648 12
1649 10
1650 8
1651 4
1652 6
1653 12
1654 7
1655 14
1656 12
1657 8
1658 7
1659 4
1660 7
1661 5
1662 8
1663 6
1664 7
1665 8
1666 7
1667 12
1668 5
1669 7
1670 7
1671 8
1672 8
1673 6
1674 7
1675 8
1676 5
1677 7
1678 5
1679 10
1680 8
1681 9
1682 3
1683 8
1684 8
1685 6
1686 7
1687 8
1688 5
1689 6
1690 6
1691 8
1692 5
1693 2
1694 11
1695 10
1696 10
1697 6
1698 6
1699 6
1700 5
1701 5
1702 7
1703 9
1704 4
1705 1
1706 5
1707 6
1708 9
1709 5
1710 11
1711 11
1712 6
1713 7
1714 12
1715 8
1716 8
1717 8
1718 6
1719 7
1720 7
1721 9
1722 6
1723 10
1724 8
1725 7
1726 9
1727 6
1728 11
1729 11
1730 8
1731 10
1732 8
1733 6
1734 9
1735 6
1736 10
1737 9
1738 13
1739 12
1740 6
1741 6
1742 11
1743 8
1744 8
1745 12
1746 13
1747 3
1748 5
1749 5
1750 8
1751 15
1752 7
1753 7
1754 11
1755 6
1756 8
1757 6
1758 8
1759 4
1760 10
1761 6
1762 6
1763 6
1764 6
1765 10
1766 12
1767 8
1768 13
1769 11
1770 10
1771 12
1772 14
1773 22
1774 8
1775 17
1776 11
1777 14
1778 8
1779 10
1780 9
1781 9
1782 13
1783 7
1784 10
1785 16
1786 11
1787 9
1788 10
1789 8
1790 7
1791 9
1792 5
1793 7
1794 7
1795 6
1796 7
1797 10
1798 10
1799 6
1800 9
1801 12
1802 7
1803 10
1804 14
1805 12
1806 8
1807 11
1808 12
1809 17
1810 8
1811 6
1812 9
1813 8
1814 10
1815 16
1816 8
1817 11
1818 15
1819 7
1820 10
1821 9
1822 9
1823 12
1824 10
1825 13
1826 10
1827 5
1828 9
1829 13
1830 15
1831 10
1832 7
1833 6
1834 9
1835 8
1836 6
1837 10
1838 15
1839 14
1840 9
1841 13
1842 6
1843 9
1844 9
1845 7
1846 7
1847 12
1848 11
1849 14
1850 10
1851 6
1852 7
1853 9
1854 6
1855 13
1856 8
1857 9
1858 2
1859 7
1860 7
1861 7
1862 8
1863 9
1864 6
1865 8
1866 7
1867 4
1868 2
1869 1
1870 11
1871 5
1872 7
1873 3
1874 4
1875 5
1876 5
1877 4
1878 7
1879 7
1880 5
1881 6
1882 7
1883 9
1884 5
1885 8
1886 10
1887 5
1888 7
1889 6
1890 8
1891 6
1892 6
1893 8
1894 6
1895 6
1896 7
1897 6
1898 8
1899 6
1900 8
1901 7
1902 6
1903 7
1904 9
1905 2
1906 9
1907 4
1908 5
1909 10
1910 4
1911 2
1912 1
1913 6
1914 9
1915 3
1916 4
1917 4
1918 3
1919 1
1920 4
1921 3
1922 5
1923 3
1924 5
1925 8
1926 8
1927 6
1928 6
1929 6
1930 4
1931 10
1932 5
1933 6
1934 6
1935 10
1936 7
1937 8
1938 12
1939 10
1940 12
1941 5
1942 5
1943 10
1944 11
1945 8
1946 9
1947 8
1948 11
1949 6
1950 11
1951 9
1952 3
1953 4
1954 11
1955 8
1956 5
1957 8
1958 13
1959 7
1960 10
1961 9
1962 12
1963 9
1964 11
1965 12
1966 11
1967 9
1968 9
1969 8
1970 11
1971 6
1972 6
1973 5
1974 8
1975 9
1976 8
1977 9
1978 11
1979 7
1980 8
1981 7
1982 6
1983 11
1984 12
1985 11
1986 7
1987 7
1988 6
1989 9
1990 9
1991 7
1992 11
1993 8
1994 7
1995 6
1996 4
1997 8
1998 10
1999 7
2000 6
2001 9
2002 4
2003 8
2004 4
2005 12
2006 8
2007 10
2008 3
2009 9
2010 11
2011 3
2012 7
2013 4
2014 4
2015 8
2016 3
2017 6
2018 3
2019 1
2020 4
2021 7
2022 2
2023 4
2024 2
2025 8
2026 5
2027 6
2028 6
2029 3
2030 8
2031 7
2032 3
2033 5
2034 5
2035 4
2036 1
2037 1
2038 6
2039 2
2040 6
2041 3
2042 2
2043 6
2044 3
2045 3
2046 3
2047 4
2048 2
2049 2
2050 3
2051 5
2052 2
2053 3
2054 2
2055 1
2056 3
2057 3
2058 1
2059 4
2060 4
2061 1
2062 1
2063 2
2064 2
2065 4
2066 5
2067 3
2068 1
2069 2
2071 5
2072 3
2073 2
2074 2
2075 1
2076 2
2077 8
2078 1
2079 2
2080 4
2081 1
2082 1
2083 3
2084 6
2085 2
2086 1
2087 1
2088 6
2089 3
2090 2
2091 1
2092 4
2093 6
2094 2
2095 3
2096 1
2097 3
2098 2
2099 2
2100 6
2101 3
2102 9
2103 3
2104 3
2105 3
2106 2
2107 4
2108 3
2109 4
2110 4
2111 2
2112 4
2113 4
2114 3
2115 4
2116 1
2117 1
2118 2
2120 1
2121 2
2122 3
2123 2
2124 2
2125 4
2126 6
2127 5
2128 3
2129 2
2130 1
2131 1
2132 2
2133 4
2134 4
2135 5
2137 3
2138 6
2139 1
2140 6
2141 2
2142 1
2143 4
2145 1
2146 2
2147 4
2148 1
2149 2
2150 1
2151 4
2152 1
2153 4
2154 1
2155 2
2156 2
2157 6
2158 1
2159 3
2160 1
2162 1
2163 1
2165 2
2166 2
2169 2
2171 1
2172 1
2174 2
2175 2
2178 1
2179 5
2180 2
2181 1
2182 4
2183 3
2184 1
2185 4
2186 1
2187 2
2188 3
2189 2
2190 2
2191 4
2192 1
2193 2
2195 1
2196 2
2197 4
2199 2
2200 2
2201 1
2202 1
2203 2
2204 1
2205 3
2206 2
2207 2
2208 4
2209 2
2211 3
2212 3
2213 3
2214 3
2215 3
2216 2
2217 3
2220 1
2221 1
2222 2
2223 2
2224 1
2225 2
2226 1
2227 8
2228 1
2229 3
2230 3
2231 2
2232 1
2233 1
2234 2
2236 4
2237 4
2238 2
2239 1
2240 4
2241 2
2242 1
2243 2
2244 1
2245 1
2246 1
2247 1
2248 2
2249 1
2250 3
2251 2
2252 2
2253 1
2254 6
2255 3
2257 1
2259 1
2260 5
2261 1
2262 4
2265 1
2266 5
2269 1
2271 1
2272 5
2273 1
2275 5
2276 1
2277 1
2279 2
2280 3
2281 5
2282 3
2283 2
2285 3
2286 2
2287 2
2288 1
2289 2
2290 5
2291 3
2292 1
2296 2
2297 2
2298 2
2299 2
2300 1
2301 1
2302 5
2303 6
2304 4
2305 2
2306 5
2307 2
2308 8
2309 3
2311 3
2312 1
2313 4
2314 1
2315 5
2316 1
2317 3
2318 2
2319 2
2320 4
2321 3
2323 1
2324 3
2325 4
2327 4
2328 3
2329 5
2331 3
2333 1
2334 2
2335 2
2336 1
2337 1
2338 2
2339 1
2340 1
2341 1
2342 1
2343 2
2345 2
2347 1
2348 3
2349 1
2350 1
2351 3
2353 3
2354 5
2355 1
2357 1
2359 1
2363 1
2364 1
2365 2
2367 1
2368 3
2369 2
2370 2
2372 5
2373 5
2376 1
2377 2
2378 2
2379 1
2380 1
2382 3
2383 2
2384 1
2386 2
2388 1
2391 1
2393 1
2394 1
2395 1
2401 3
2405 2
2406 1
2408 1
2409 1
2410 1
2412 1
2414 2
2415 4
2417 1
2418 2
2419 2
2420 2
2421 4
2422 1
2423 3
2425 3
2426 2
2427 4
2428 4
2429 1
2430 3
2431 2
2434 2
2435 2
2436 1
2437 2
2438 1
2439 2
2440 1
2441 2
2445 4
2448 1
2450 2
2451 1
2452 1
2454 2
2456 1
2458 1
2460 1
2463 1
2465 1
2474 2
2476 1
2478 1
2480 1
2482 1
2484 1
2488 1
2490 1
2493 1
2495 1
2497 1
2498 4
2502 2
2503 1
2504 2
2505 2
2507 2
2508 2
2509 2
2510 1
2511 1
2513 2
2514 1
2517 2
2518 1
2519 1
2520 3
2521 5
2522 1
2523 2
2524 3
2525 2
2526 1
2527 3
2528 1
2529 1
2530 1
2533 5
2535 1
2536 2
2538 5
2539 3
2540 1
2542 1
2543 2
2545 4
2546 5
2547 1
2548 3
2550 4
2551 3
2553 2
2554 2
2555 4
2556 2
2557 4
2558 1
2559 1
2561 2
2562 1
2563 4
2565 2
2566 3
2567 4
2568 2
2569 2
2570 3
2571 1
2572 1
2575 2
2577 3
2578 2
2580 1
2581 1
2582 2
2583 1
2584 3
2585 2
2586 1
2587 1
2588 1
2589 1
2591 3
2592 2
2593 3
2594 1
2595 2
2596 1
2597 2
2598 3
2599 4
2600 1
2601 1
2603 1
2604 3
2605 1
2606 6
2607 2
2608 3
2609 3
2610 4
2611 2
2612 2
2613 1
2614 3
2615 5
2616 3
2617 5
2618 3
2619 3
2620 2
2621 1
2622 2
2623 3
2624 1
2627 3
2628 3
2629 5
2630 3
2632 1
2633 2
2634 3
2635 1
2637 1
2640 2
2641 2
2643 2
2644 1
2645 1
2646 2
2648 1
2650 1
2652 3
2653 1
2654 2
2655 1
2656 1
2657 2
2658 3
2659 1
2661 2
2662 4
2663 2
2665 4
2666 1
2667 3
2668 4
2669 3
2670 3
2671 4
2672 2
2673 2
2675 2
2676 1
2677 1
2678 2
2679 2
2680 2
2681 2
2682 3
2683 3
2684 1
2685 6
2686 3
2687 3
2688 2
2689 4
2690 2
2691 4
2692 1
2693 8
2694 2
2696 2
2697 1
2698 1
2701 3
2705 1
2711 1
2712 1
2713 1
2716 2
2717 2
2718 2
2719 1
2720 5
2721 2
2722 1
2723 2
2724 1
2725 2
2726 1
2727 3
2728 5
2729 2
2730 2
2734 1
2737 2
2739 1
2741 1
2742 1
2746 4
2747 2
2750 1
2757 2
2759 3
2760 2
2761 1
2762 1
2763 2
2764 2
2765 2
2767 2
2768 1
2769 3
2770 1
2771 2
2772 2
2773 2
2774 4
2775 1
2776 2
2777 1
2778 1
2779 4
2780 1
2781 1
2782 2
2783 2
2784 2
2785 2
2786 3
2787 3
2788 1
2789 4
2790 1
2792 1
2793 3
2794 5
2795 3
2796 1
2797 2
2798 5
2799 1
2800 1
2801 4
2802 2
2803 5
2804 3
2805 3
2807 7
2808 1
2810 4
2811 2
2813 1
2814 2
2815 2
2816 2
2817 1
2818 3
2819 2
2820 1
2821 2
2823 2
2824 1
2825 4
2826 3
2827 3
2828 1
2829 2
2830 2
2831 4
2832 6
2833 1
2834 2
2835 1
2836 2
2837 1
2838 1
2839 1
2840 2
2842 2
2843 3
2844 1
2845 2
2846 4
2847 4
2848 2
2849 2
2850 1
2851 2
2853 1
2855 2
2856 2
2857 2
2858 4
2859 1
2861 3
2863 1
2864 4
2865 4
2867 1
2868 1
2869 3
2870 1
2871 2
2872 4
2873 1
2874 2
2876 3
2878 3
2879 4
2880 5
2881 1
2882 5
2883 4
2884 4
2885 3
2886 2
2887 4
2888 4
2889 2
2890 4
2891 5
2892 3
2893 4
2894 5
2895 3
2896 3
2897 2
2898 2
2899 4
2900 6
2901 5
2902 5
2903 3
2904 4
2905 3
2906 5
2907 4
2908 2
2909 1
2910 3
2911 2
2912 2
2913 1
2914 1
2915 1
2916 6
2917 2
2918 1
2919 3
2920 2
2921 1
2922 3
2923 4
2924 3
2927 5
2928 1
2929 1
2941 1
2942 1
2943 1
2944 1
2946 2
2947 1
2948 1
2949 2
2952 1
2953 2
2954 2
2955 2
2956 2
2957 2
2959 1
2960 1
2961 2
2962 2
2963 4
2964 2
2965 2
2966 5
2967 2
2969 1
2971 1
2972 2
2973 1
2975 2
2977 2
2979 1
2980 2
2983 1
2984 2
2985 1
2986 2
2987 1
2988 3
2989 1
2990 1
2992 2
2994 3
2996 2
2997 2
2998 1
2999 4
3001 1
3002 1
3005 2
3006 1
3007 1
3008 1
3010 2
3011 2
3012 1
3013 2
3014 1
3015 2
3016 4
3018 3
3019 1
3021 2
3022 2
3023 1
3025 1
3028 1
3029 3
3030 1
3031 3
3032 1
3033 1
3034 1
3038 1
3040 1
3042 1
3043 1
3045 1
3046 1
3048 1
3049 3
3051 2
3052 1
3053 1
3056 1
3057 2
3058 1
3060 1
3063 2
3064 1
3066 1
3071 1
3073 2
3074 2
3076 1
3087 1
3089 1
3092 2
3094 1
3095 2
3100 2
3104 3
3105 2
3106 1
3108 1
3109 1
3110 1
3111 1
3112 1
3113 2
3114 1
3115 1
3116 1
3118 3
3119 2
3120 1
3121 2
3122 2
3123 4
3124 2
3125 1
3126 2
3127 2
3128 3
3129 1
3130 1
3131 4
3133 1
3135 1
3136 1
3137 1
3138 2
3139 3
3140 3
3141 5
3142 1
3143 2
3145 2
3147 3
3149 3
3150 1
3151 1
3152 2
3155 3
3156 3
3157 1
3159 1
3160 1
3161 2
3162 1
3163 1
3164 1
3165 4
3166 1
3167 5
3168 2
3169 1
3171 1
3172 1
3173 1
3174 3
3175 1
3176 1
3177 2
3178 1
3179 1
3180 1
3182 7
3183 3
3184 2
3185 1
3186 3
3187 4
3188 4
3189 2
3190 2
3191 3
3192 2
3193 4
3194 2
3195 3
3196 4
3197 3
3198 1
3199 3
3200 2
3201 4
3203 6
3204 1
3205 4
3206 2
3207 2
3208 2
3209 5
3210 3
3211 1
3212 1
3213 2
3214 3
3215 2
3216 2
3217 2
3218 4
3219 1
3220 3
3221 2
3222 2
3224 1
3225 6
3227 2
3228 1
3229 1
3230 2
3231 3
3234 2
3235 2
3236 1
3237 3
3238 6
3241 3
3242 2
3243 1
3244 2
3245 3
3246 1
3247 4
3248 3
3249 6
3250 2
3251 2
3252 1
3253 1
3254 1
3255 5
3256 4
3257 1
3259 3
3260 4
3261 1
3262 4
3264 2
3265 1
3266 1
3267 2
3268 1
3271 1
3272 2
3273 1
3274 2
3276 2
3277 2
3280 1
3281 3
3282 3
3283 3
3284 1
3285 3
3286 1
3288 2
3289 1
3290 2
3291 2
3292 1
3293 4
3294 4
3295 1
3296 2
3297 1
3298 2
3299 2
3300 1
3301 2
3302 1
3303 3
3304 4
3305 3
3306 1
3307 6
3308 4
3309 5
3310 3
3311 2
3312 6
3313 3
3314 5
3315 4
3316 7
3317 4
3318 3
3319 3
3320 4
3321 2
3323 1
3324 3
3325 1
3326 1
3327 2
3328 1
3330 1
3331 1
3333 2
3334 1
3336 4
3337 3
3338 1
3339 1
3340 1
3341 3
3342 2
3343 3
3346 2
3347 1
3349 1
3350 1
3351 3
3352 2
3353 2
3354 2
3356 1
3357 1
3358 3
3359 1
3360 1
3361 2
3363 3
3364 1
3365 2
3366 2
3367 1
3368 1
3369 1
3372 1
3378 2
3382 1
3384 2
3387 3
3388 1
3390 2
3391 1
3392 1
3393 2
3394 3
3395 1
3397 2
3399 1
3402 6
3403 1
3404 4
3405 7
3406 3
3407 1
3408 1
3409 2
3410 4
3411 4
3412 1
3413 2
3414 2
3415 3
3416 2
3417 4
3418 2
3419 1
3420 1
3421 3
3422 3
3423 1
3424 3
3425 3
3427 2
3428 1
3429 2
3431 1
3432 1
3433 1
3436 1
3437 1
3438 1
3439 3
3440 3
3442 3
3443 1
3444 2
3445 3
3446 2
3447 4
3449 1
3450 2
3453 1
3454 1
3455 2
3457 3
3458 2
3459 4
3460 2
3461 2
3462 1
3463 2
3464 3
3466 2
3468 1
3469 4
3470 2
3471 2
3472 3
3473 2
3474 2
3475 1
3476 3
3477 3
3478 4
3479 3
3480 5
3481 1
3482 2
3483 6
3484 6
3485 3
3486 3
3487 1
3488 4
3489 3
3490 5
3491 3
3492 3
3493 4
3494 5
3495 2
3496 5
3497 3
3498 4
3499 7
3500 6
3501 3
3502 4
3503 1
3504 7
3505 7
3506 6
3507 1
3508 7
3509 6
3510 3
3511 2
3512 5
3513 7
3514 3
3515 5
3516 2
3517 5
3518 5
3519 3
3520 3
3521 5
3522 7
3523 6
3524 5
3525 8
3526 7
3527 2
3528 4
3529 5
3530 6
3531 9
3532 4
3533 2
3534 3
3535 1
3536 5
3537 4
3538 5
3539 3
3540 6
3541 5
3542 2
3543 2
3544 2
3545 2
3546 3
3547 1
3548 2
3549 8
3550 5
3551 4
3552 3
3553 2
3554 4
3555 3
3556 6
3557 3
3558 4
3559 3
3560 7
3561 2
3562 6
3563 7
3564 6
3565 7
3566 5
3567 6
3568 8
3570 7
3571 6
3572 5
3573 3
3574 2
3575 2
3576 4
3577 4
3578 4
3579 3
3580 5
3581 5
3582 7
3583 3
3584 7
3585 3
3586 5
3588 1
3589 1
3590 1
3591 2
3592 2
3593 2
3594 3
3595 3
3596 2
3597 4
3598 3
3599 4
3600 4
3601 2
3602 1
3603 4
3604 3
3605 2
3606 1
3607 4
3608 2
3609 3
3611 2
3612 3
3613 3
3614 2
3615 2
3616 1
3617 1
3618 3
3619 3
3620 1
3623 1
3626 1
3627 1
3629 1
3634 1
3636 2
3638 1
3639 2
3640 2
3641 3
3645 1
3647 2
3651 1
3652 1
3653 2
3655 1
3656 1
3669 1
3670 1
3671 1
3674 2
3675 1
3680 1
3685 1
3691 2
3692 1
3698 1
3699 1
3706 1
3710 1
3711 1
3714 1
3719 1
3730 1
3732 1
3736 1
3737 1
3739 1
3740 1
3746 1
3747 1
3748 2
3749 2
3751 1
3752 1
3758 1
3760 1
3778 1
3779 1
3787 1
3795 1
3796 2
3802 3
3805 3
3807 1
3809 3
3810 2
3811 5
3812 5
3813 2
3814 1
3815 2
3816 2
3817 5
3818 3
3819 1
3820 3
3821 3
3822 1
3824 1
3825 5
3827 2
3828 4
3829 3
3830 2
3831 1
3832 2
3833 1
3834 1
3835 5
3836 3
3837 3
3838 2
3839 3
3840 1
3841 3
3842 2
3843 3
3844 2
3845 1
3846 3
3847 3
3848 3
3849 2
3850 4
3851 1
3852 1
3854 2
3855 2
3856 3
3857 2
3858 1
3859 1
3860 4
3862 2
3863 1
3864 3
3865 1
3866 2
3871 1
3873 2
3874 1
3875 1
3876 1
3878 2
3880 1
3881 3
3884 1
3888 5
3889 2
3890 1
3891 4
3892 1
3893 4
3894 1
3895 2
3897 1
3898 3
3899 2
3902 3
3903 3
3904 2
3905 1
3906 4
3907 1
3908 3
3910 1
3911 1
3912 1
3921 1
3939 1
3942 1
3946 1
3952 1
3956 1
3959 1
3962 1
3970 1
3972 1
3982 1
3983 2
3984 2
3988 1
3990 1
4003 1
4016 1
4025 1
4035 1
4063 1
4070 1
4075 1
4080 1
4083 1
4087 1
4088 2
4089 1
4090 1
4091 1
4095 1
4097 2
4101 1
4102 2
4103 1
4104 1
4108 1
4111 1
4112 1
4113 1
4116 2
4119 2
4121 2
4122 2
4124 1
4128 1
4130 1
4134 2
4137 2
4138 2
4139 1
4140 3
4142 1
4143 2
4146 1
4149 1
4151 1
4157 1
4159 1
4168 1
4170 1
4176 1
4179 1
4183 1
4184 1
4189 2
4190 1
4192 1
4198 1
4202 1
4205 1
4208 1
4210 1
4220 1
4222 1
4224 2
4226 1
4227 1
4228 1
4235 1
4240 2
4244 1
4257 1
4262 1
4264 1
4266 1
4267 1
4270 1
4271 1
4274 1
4277 1
4287 1
4346 1
4367 1
4391 1
4419 1
4428 1
4432 1
4441 1
4446 1
4450 2
4458 1
4465 1
4470 1
4471 1
4472 1
4490 1
4509 1
4516 1
4519 1
4555 1
4572 1
4577 1
4580 1
4584 1
4593 1
4601 1
4610 1
4611 1
4641 1
4661 1
4675 1
4679 1
4680 1
4681 1
4683 1
4684 2
4685 2
4694 1
4695 2
4700 1
4702 1
4703 1
4706 2
4708 1
4709 1
4710 1
4712 2
4717 1
4733 1
4746 1
4749 1
4750 1
4754 2
4756 1
4758 1
4760 1
4763 1
4767 1
4769 1
4770 1
4776 1
4786 1
4790 1
4800 1
4809 1
4811 1
4823 1
4828 1
4850 1
4872 1
4877 1
4951 1
4960 1
4961 1
4962 1
4963 1
4965 1
4968 1
4976 1
4977 1
4979 1
4996 1
4999 1
5002 1
5003 1
5006 1
5010 1
5016 1
5021 1
5032 1
5079 1
5168 1
5180 1
5189 1
5190 1
5196 1
5205 1
5206 1
5208 1
5217 1
5218 1
5223 1
5225 1
5231 2
5240 1
5241 1
5246 1
5258 1
5263 1
5315 1
5377 1
5452 1
5457 1
5464 1
5502 1
5504 1
5513 2
5517 1
5518 1
5519 1
5522 1
5549 1
5590 1
5789 1
5817 1
5840 1
5845 1
5850 1
5856 1
5860 1
5863 1
5958 1
5964 1
5976 1
5981 1
5989 1
5997 1
6006 1
6109 1
6124 1
6146 1
6214 1
6234 1
6241 1
6261 1
6267 2
6279 1
6281 1
6282 1
6301 1
6326 1
6368 1
6383 2
6386 3
6396 1
6402 1
6408 1
6516 1
6542 1
6717 1
6730 1
6750 1
6759 1
6764 1
6799 1
6832 1
6848 1
7093 1
7292 1
7356 1
7380 1
7382 1
7386 1
7392 1
7393 1
7394 1
7397 1
7399 1
7612 1
7693 1
7699 1
7706 1
7731 1
7756 1
7773 1
7783 1
7938 1
7943 1
7950 1
7952 1
7967 1
7985 1
8002 1
8005 1
8012 1
8013 1
8036 1
8040 1
8055 1
8057 1
8072 1
8086 1
8097 1
8106 1
8110 1
8115 1
8118 1
8124 1
8125 1
8135 1
8137 1
8197 1
8205 1
8206 1
8207 2
8212 1
8215 1
8216 1
8221 1
8223 1
8229 1
8233 1
8246 1
8263 3
8267 1
8269 1
8277 1
8279 1
8289 1
8340 1
8373 1
8418 1
8552 1
8573 1
8829 1
8848 1
8856 1
8864 1
8895 1
8909 1
9093 1
9125 1
9160 1
9168 1
9391 1
9563 1
9565 2
9843 1
9851 1
9860 1
9868 1
9876 1
9889 1
9927 1
9940 1
9966 1
9978 1
10001 52
