1 24345297
2 11992371
3 6558324
4 3890069
5 2581493
6 1994745
7 1802987
8 1792712
9 1820185
10 1824239
11 1765568
12 1659087
13 1521479
14 1370429
15 1216411
16 1075111
17 963112
18 876615
19 825658
20 805861
21 822577
22 866209
23 929334
24 1003739
25 1079113
26 1146280
27 1185833
28 1191663
29 1176717
30 1133748
31 1065169
32 980876
33 881963
34 776204
35 670695
36 564483
37 471967
38 382919
39 307487
40 244984
41 189508
42 146182
43 113028
44 86879
45 66486
46 51574
47 39368
48 31209
49 25150
50 20550
51 17180
52 14739
53 12897
54 11055
55 10244
56 9450
57 8796
58 7794
59 7041
60 6542
61 6018
62 5650
63 5004
64 4637
65 4132
66 3672
67 3268
68 3088
69 2846
70 2742
71 2487
72 2321
73 2048
74 1843
75 1651
76 1467
77 1255
78 1235
79 1182
80 1196
81 1071
82 1114
83 1056
84 940
85 939
86 933
87 910
88 889
89 896
90 931
91 884
92 881
93 824
94 846
95 850
96 773
97 735
98 722
99 707
100 715
101 733
102 679
103 672
104 678
105 777
106 701
107 660
108 630
109 630
110 538
111 553
112 509
113 516
114 443
115 439
116 450
117 422
118 410
119 430
120 384
121 376
122 393
123 340
124 398
125 344
126 358
127 380
128 368
129 338
130 347
131 372
132 325
133 326
134 326
135 319
136 328
137 315
138 302
139 313
140 295
141 300
142 288
143 303
144 306
145 249
146 262
147 261
148 270
149 253
150 223
151 202
152 195
153 188
154 183
155 170
156 163
157 140
158 115
159 149
160 132
161 139
162 128
163 115
164 113
165 114
166 136
167 126
168 103
169 105
170 102
171 108
172 114
173 117
174 108
175 105
176 117
177 92
178 104
179 94
180 89
181 98
182 87
183 76
184 60
185 77
186 86
187 81
188 93
189 82
190 89
191 87
192 83
193 84
194 78
195 91
196 100
197 89
198 94
199 88
200 86
201 83
202 70
203 84
204 58
205 67
206 63
207 59
208 69
209 42
210 43
211 40
212 50
213 30
214 44
215 37
216 37
217 37
218 41
219 54
220 56
221 54
222 47
223 46
224 55
225 45
226 44
227 48
228 47
229 45
230 27
231 41
232 40
233 28
234 22
235 39
236 33
237 29
238 33
239 24
240 27
241 28
242 20
243 20
244 20
245 28
246 15
247 23
248 22
249 17
250 19
251 17
252 12
253 14
254 19
255 16
256 16
257 13
258 12
259 11
260 15
261 11
262 11
263 12
264 15
265 17
266 13
267 13
268 12
269 23
270 27
271 24
272 18
273 21
274 15
275 14
276 12
277 22
278 21
279 25
280 17
281 14
282 18
283 18
284 15
285 22
286 32
287 18
288 24
289 15
290 20
291 13
292 17
293 10
294 16
295 16
296 15
297 19
298 17
299 14
300 15
301 15
302 8
303 8
304 13
305 13
306 10
307 16
308 22
309 23
310 27
311 20
312 10
313 18
314 12
315 20
316 14
317 8
318 11
319 11
320 9
321 7
322 9
323 19
324 8
325 11
326 18
327 8
328 10
329 13
330 17
331 16
332 12
333 26
334 19
335 31
336 17
337 18
338 26
339 26
340 27
341 24
342 23
343 21
344 27
345 10
346 17
347 8
348 14
349 11
350 15
351 7
352 14
353 7
354 8
355 13
356 10
357 12
358 16
359 8
360 18
361 21
362 16
363 14
364 10
365 18
366 6
367 8
368 7
369 5
370 10
371 7
372 10
373 9
374 7
375 7
376 12
377 11
378 19
379 21
380 22
381 24
382 28
383 29
384 16
385 36
386 24
387 23
388 13
389 20
390 16
391 20
392 19
393 19
394 21
395 19
396 23
397 15
398 17
399 13
400 9
401 21
402 13
403 13
404 11
405 22
406 19
407 11
408 18
409 11
410 14
411 12
412 5
413 12
414 9
415 14
416 9
417 15
418 6
419 8
420 7
421 4
422 8
423 10
424 11
425 7
426 9
427 13
428 4
429 5
430 15
431 12
432 8
433 11
434 11
435 5
436 12
437 7
438 5
439 6
440 9
442 8
443 5
444 1
445 4
446 4
447 4
448 6
449 2
450 5
451 4
452 2
453 5
454 3
455 2
457 1
458 2
459 1
460 2
461 3
464 3
465 1
466 4
467 1
468 3
469 3
470 1
471 2
472 1
473 1
478 1
479 5
480 4
481 2
482 2
483 1
486 1
487 4
488 2
491 2
493 1
495 1
496 2
497 3
498 1
499 2
500 4
501 1
502 1
503 2
504 4
505 1
506 1
508 2
509 1
510 3
511 1
512 1
513 1
515 1
517 2
518 2
519 4
520 1
521 2
522 3
525 1
526 3
527 2
528 2
529 4
530 1
531 2
532 3
533 4
534 4
535 1
536 2
537 2
538 1
542 1
545 2
547 2
548 2
549 1
551 4
552 3
555 2
557 1
563 2
576 1
579 1
585 1
587 1
590 1
591 1
608 1
631 1
633 1
635 1
636 1
642 1
645 1
646 1
647 3
648 1
649 1
650 1
658 3
659 1
662 1
663 1
670 1
671 2
673 1
676 1
678 1
694 1
695 1
696 2
698 1
701 1
702 2
704 1
706 2
708 1
718 1
719 1
730 1
732 1
733 1
744 1
762 1
775 1
776 1
777 1
778 1
780 1
781 1
782 3
783 1
786 1
788 1
791 1
807 1
808 1
811 1
812 1
822 1
830 1
840 2
841 1
842 1
845 1
847 1
848 2
851 1
866 1
873 1
874 1
909 1
919 1
921 1
926 1
929 2
948 1
952 1
954 1
955 2
957 1
958 1
959 2
962 1
964 1
966 2
967 1
968 1
969 1
970 2
971 1
972 1
973 4
974 1
975 2
976 2
982 1
983 1
990 2
992 1
994 1
995 1
999 4
1000 2
1001 1
1002 2
1004 1
1005 1
1008 1
1009 1
1010 1
1011 1
1026 1
1027 1
1030 1
1039 1
1056 1
1057 1
1072 1
1090 1
1094 1
1100 1
1108 2
1127 1
1129 1
1130 2
1131 1
1134 1
1135 2
1136 1
1151 1
1156 1
1202 1
1205 1
1268 1
1312 1
1316 1
1320 1
1328 1
1330 1
1334 1
1336 1
1337 4
1344 1
1429 2
1437 1
1439 2
1440 1
1463 1
1799 1
1821 1
2032 1
2036 1
2065 1
2173 1
2857 1
2890 1
2891 1
2894 1
2898 1
2899 2
2901 1
2903 1
2912 1
2913 1
