1 21547269
2 8798095
3 4113206
4 2350166
5 1638277
6 1262898
7 1048820
8 955882
9 969635
10 1036292
11 1125365
12 1190126
13 1220587
14 1199490
15 1163531
16 1107531
17 1052138
18 986642
19 919984
20 856395
21 787078
22 721984
23 648012
24 578160
25 507351
26 438338
27 382350
28 338607
29 304594
30 279337
31 264890
32 251596
33 244444
34 243229
35 241246
36 242001
37 243768
38 245069
39 248420
40 253332
41 255916
42 259438
43 262586
44 264164
45 264037
46 264021
47 262324
48 260422
49 258547
50 256835
51 254874
52 253905
53 252817
54 251369
55 248154
56 243187
57 237342
58 231431
59 222797
60 211993
61 200916
62 187282
63 172399
64 155734
65 139069
66 123737
67 108288
68 91954
69 77647
70 64898
71 52696
72 43836
73 35500
74 27950
75 22205
76 17466
77 13935
78 10756
79 8332
80 6461
81 5350
82 4199
83 3452
84 2876
85 2571
86 2217
87 2059
88 1846
89 1744
90 1623
91 1498
92 1397
93 1366
94 1304
95 1225
96 1106
97 1109
98 1105
99 1107
100 986
101 910
102 896
103 801
104 831
105 776
106 686
107 719
108 696
109 663
110 712
111 731
112 713
113 707
114 723
115 698
116 718
117 761
118 774
119 751
120 750
121 746
122 753
123 743
124 816
125 746
126 706
127 713
128 667
129 622
130 653
131 653
132 602
133 639
134 583
135 528
136 531
137 486
138 474
139 423
140 382
141 351
142 338
143 331
144 303
145 279
146 294
147 268
148 219
149 221
150 225
151 217
152 213
153 198
154 224
155 255
156 219
157 223
158 229
159 238
160 250
161 256
162 240
163 260
164 270
165 266
166 283
167 323
168 286
169 343
170 338
171 295
172 283
173 324
174 352
175 333
176 297
177 328
178 349
179 352
180 347
181 320
182 284
183 278
184 274
185 267
186 271
187 322
188 268
189 238
190 234
191 238
192 216
193 215
194 206
195 194
196 211
197 179
198 219
199 175
200 176
201 199
202 142
203 150
204 115
205 94
206 116
207 109
208 93
209 134
210 106
211 112
212 105
213 108
214 101
215 92
216 86
217 85
218 103
219 111
220 88
221 98
222 91
223 88
224 73
225 102
226 91
227 101
228 73
229 78
230 60
231 51
232 61
233 58
234 36
235 33
236 47
237 40
238 27
239 42
240 38
241 53
242 46
243 42
244 48
245 72
246 62
247 62
248 77
249 87
250 93
251 96
252 123
253 128
254 151
255 193
256 235
257 235
258 313
259 382
260 396
261 517
262 659
263 752
264 863
265 1006
266 1259
267 1468
268 1652
269 1921
270 2149
271 2535
272 2911
273 3333
274 3703
275 4398
276 4893
277 5571
278 6398
279 7144
280 8099
281 9017
282 10185
283 11395
284 12633
285 13736
286 15182
287 16708
288 18245
289 19876
290 21210
291 23228
292 25000
293 27335
294 29434
295 31222
296 33411
297 35430
298 37590
299 39954
300 42428
301 44506
302 47175
303 49607
304 51931
305 54291
306 56867
307 58994
308 61425
309 64023
310 65020
311 68238
312 70281
313 72483
314 74612
315 77028
316 78551
317 80041
318 81772
319 83857
320 85449
321 87131
322 88514
323 89916
324 91045
325 92756
326 93399
327 94892
328 95455
329 96155
330 96744
331 97072
332 97382
333 97247
334 97347
335 97359
336 96405
337 96699
338 95240
339 94489
340 93752
341 92505
342 90863
343 89062
344 87796
345 85799
346 83625
347 81988
348 79783
349 77158
350 75134
351 72763
352 70049
353 67644
354 64450
355 62089
356 59030
357 56666
358 54029
359 51381
360 48412
361 46250
362 43105
363 41108
364 38065
365 35961
366 33234
367 30644
368 28664
369 26356
370 24225
371 21979
372 20384
373 18555
374 17105
375 15572
376 13953
377 12757
378 11470
379 10418
380 9280
381 8360
382 7563
383 6813
384 6052
385 5360
386 4741
387 4184
388 3768
389 3301
390 2863
391 2575
392 2191
393 1940
394 1768
395 1519
396 1296
397 1112
398 910
399 858
400 751
401 639
402 606
403 528
404 481
405 403
406 342
407 289
408 292
409 220
410 219
411 172
412 161
413 130
414 112
415 111
416 73
417 76
418 68
419 63
420 79
421 49
422 54
423 43
424 42
425 40
426 42
427 43
428 51
429 34
430 46
431 41
432 43
433 61
434 55
435 61
436 65
437 49
438 56
439 50
440 44
441 44
442 33
443 52
444 56
445 46
446 41
447 36
448 40
449 32
450 43
451 38
452 43
453 47
454 41
455 48
456 38
457 42
458 38
459 32
460 39
461 36
462 44
463 35
464 46
465 34
466 27
467 28
468 26
469 48
470 48
471 32
472 46
473 39
474 38
475 36
476 30
477 44
478 42
479 34
480 37
481 30
482 33
483 30
484 19
485 21
486 23
487 31
488 25
489 22
490 11
491 20
492 17
493 19
494 15
495 16
496 22
497 20
498 12
499 15
500 17
501 12
502 10
503 12
504 11
505 19
506 16
507 7
508 11
509 13
510 8
511 12
512 15
513 14
514 16
515 14
516 7
517 11
518 9
519 18
520 10
521 11
522 11
523 8
524 6
525 5
526 5
527 4
528 8
529 3
530 2
531 8
532 3
533 8
534 9
535 7
536 5
537 7
538 7
539 4
540 6
541 3
542 7
543 2
544 8
545 8
546 6
547 11
548 7
549 14
550 9
551 8
552 7
553 7
554 11
555 9
556 14
557 8
558 8
559 6
560 4
561 8
562 14
563 8
564 6
565 14
566 16
567 11
568 17
569 21
570 18
571 10
572 20
573 24
574 27
575 34
576 30
577 41
578 38
579 40
580 38
581 33
582 44
583 53
584 60
585 45
586 54
587 67
588 62
589 72
590 91
591 92
592 77
593 83
594 93
595 85
596 118
597 124
598 108
599 139
600 145
601 144
602 154
603 169
604 182
605 196
606 210
607 221
608 189
609 205
610 220
611 210
612 196
613 210
614 208
615 220
616 223
617 203
618 236
619 229
620 244
621 238
622 238
623 263
624 280
625 283
626 287
627 293
628 325
629 322
630 298
631 330
632 329
633 336
634 360
635 323
636 339
637 287
638 274
639 305
640 297
641 284
642 307
643 298
644 312
645 289
646 318
647 315
648 292
649 290
650 315
651 315
652 290
653 281
654 285
655 274
656 306
657 275
658 232
659 279
660 281
661 272
662 286
663 301
664 273
665 269
666 248
667 278
668 288
669 277
670 296
671 261
672 290
673 276
674 266
675 275
676 299
677 308
678 292
679 276
680 284
681 312
682 284
683 281
684 311
685 282
686 278
687 272
688 271
689 278
690 268
691 223
692 234
693 258
694 250
695 225
696 248
697 254
698 241
699 222
700 238
701 243
702 208
703 211
704 233
705 159
706 161
707 180
708 176
709 153
710 155
711 161
712 147
713 118
714 144
715 118
716 134
717 119
718 128
719 96
720 101
721 105
722 85
723 93
724 83
725 80
726 71
727 64
728 70
729 71
730 62
731 63
732 51
733 55
734 57
735 47
736 49
737 52
738 44
739 57
740 41
741 52
742 39
743 33
744 19
745 29
746 18
747 28
748 25
749 29
750 28
751 23
752 16
753 23
754 29
755 17
756 14
757 22
758 16
759 18
760 14
761 20
762 15
763 13
764 13
765 20
766 14
767 9
768 9
769 17
770 8
771 13
772 5
773 9
774 9
775 10
776 12
777 9
778 12
779 5
780 9
781 12
782 12
783 17
784 5
785 9
786 12
787 14
788 5
789 11
790 14
791 10
792 15
793 15
794 4
795 11
796 22
797 9
798 18
799 11
800 19
801 11
802 12
803 5
804 8
805 6
806 9
807 12
808 9
809 10
810 4
811 5
812 7
813 8
814 5
815 5
816 4
817 6
818 3
819 6
820 3
821 5
822 6
823 4
824 8
825 3
826 7
827 2
828 4
829 7
830 7
831 3
832 6
833 4
834 7
835 2
836 5
837 4
838 3
839 3
840 5
841 9
842 6
843 2
844 6
845 12
846 5
847 5
848 14
849 6
850 7
851 11
852 9
853 8
854 12
855 12
856 8
857 21
858 13
859 14
860 14
861 14
862 16
863 22
864 20
865 20
866 14
867 17
868 22
869 22
870 20
871 23
872 25
873 12
874 27
875 17
876 33
877 30
878 26
879 28
880 32
881 28
882 25
883 28
884 28
885 31
886 27
887 39
888 45
889 43
890 52
891 44
892 32
893 45
894 53
895 50
896 54
897 61
898 61
899 67
900 75
901 61
902 77
903 64
904 67
905 67
906 65
907 94
908 76
909 75
910 86
911 82
912 93
913 88
914 102
915 117
916 97
917 94
918 105
919 93
920 89
921 115
922 102
923 100
924 133
925 105
926 112
927 103
928 134
929 139
930 117
931 122
932 121
933 130
934 113
935 124
936 124
937 137
938 158
939 120
940 147
941 141
942 113
943 144
944 146
945 155
946 126
947 117
948 129
949 124
950 128
951 143
952 116
953 138
954 127
955 150
956 149
957 116
958 139
959 115
960 122
961 112
962 116
963 132
964 116
965 117
966 119
967 114
968 108
969 109
970 95
971 105
972 101
973 98
974 95
975 102
976 100
977 77
978 78
979 83
980 86
981 57
982 53
983 66
984 50
985 53
986 50
987 47
988 40
989 49
990 50
991 49
992 44
993 37
994 41
995 47
996 34
997 33
998 32
999 33
1000 32
1001 28
1002 29
1003 32
1004 31
1005 34
1006 33
1007 20
1008 22
1009 29
1010 20
1011 25
1012 38
1013 32
1014 40
1015 23
1016 23
1017 24
1018 25
1019 29
1020 29
1021 30
1022 26
1023 23
1024 27
1025 23
1026 27
1027 29
1028 31
1029 27
1030 21
1031 37
1032 23
1033 20
1034 21
1035 34
1036 35
1037 25
1038 27
1039 31
1040 24
1041 30
1042 33
1043 19
1044 21
1045 22
1046 16
1047 23
1048 15
1049 15
1050 15
1051 15
1052 15
1053 14
1054 12
1055 16
1056 11
1057 14
1058 17
1059 16
1060 20
1061 13
1062 21
1063 12
1064 9
1065 18
1066 25
1067 21
1068 17
1069 23
1070 18
1071 15
1072 13
1073 13
1074 15
1075 15
1076 20
1077 19
1078 15
1079 15
1080 16
1081 17
1082 10
1083 23
1084 14
1085 14
1086 15
1087 9
1088 12
1089 16
1090 14
1091 11
1092 14
1093 12
1094 10
1095 12
1096 11
1097 10
1098 12
1099 12
1100 11
1101 9
1102 8
1103 9
1104 12
1105 14
1106 6
1107 2
1108 11
1109 4
1110 7
1111 7
1112 8
1113 11
1114 2
1115 7
1116 5
1117 7
1118 9
1119 4
1120 9
1121 4
1122 9
1123 10
1124 16
1125 6
1126 7
1127 6
1128 10
1129 4
1130 8
1131 2
1132 2
1133 6
1134 3
1135 7
1136 5
1137 3
1138 7
1139 3
1140 6
1141 3
1142 1
1143 4
1144 1
1145 4
1146 2
1148 2
1149 4
1150 2
1152 1
1156 2
1157 1
1159 2
1161 1
1162 2
1163 1
1164 1
1166 2
1167 3
1168 3
1170 3
1171 1
1172 3
1173 1
1175 2
1176 6
1177 1
1178 3
1179 6
1180 5
1181 3
1182 5
1183 3
1184 5
1185 3
1186 2
1187 8
1188 3
1189 6
1190 7
1191 7
1192 12
1193 9
1194 10
1195 8
1196 12
1197 6
1198 7
1199 10
1200 12
1201 10
1202 10
1203 7
1204 3
1205 9
1206 11
1207 8
1208 10
1209 10
1210 9
1211 13
1212 12
1213 15
1214 13
1215 14
1216 22
1217 17
1218 17
1219 15
1220 25
1221 32
1222 25
1223 22
1224 27
1225 22
1226 22
1227 32
1228 37
1229 48
1230 36
1231 41
1232 23
1233 34
1234 30
1235 35
1236 35
1237 37
1238 43
1239 32
1240 25
1241 33
1242 27
1243 35
1244 28
1245 31
1246 35
1247 24
1248 36
1249 36
1250 31
1251 41
1252 27
1253 36
1254 36
1255 29
1256 26
1257 33
1258 30
1259 23
1260 42
1261 33
1262 26
1263 27
1264 34
1265 38
1266 32
1267 35
1268 50
1269 30
1270 31
1271 37
1272 34
1273 42
1274 40
1275 38
1276 42
1277 29
1278 43
1279 30
1280 39
1281 32
1282 31
1283 27
1284 29
1285 28
1286 34
1287 37
1288 25
1289 38
1290 35
1291 36
1292 20
1293 30
1294 20
1295 25
1296 33
1297 31
1298 25
1299 22
1300 33
1301 28
1302 19
1303 25
1304 34
1305 29
1306 26
1307 27
1308 41
1309 42
1310 27
1311 28
1312 24
1313 34
1314 28
1315 36
1316 21
1317 21
1318 27
1319 25
1320 29
1321 26
1322 24
1323 27
1324 19
1325 13
1326 28
1327 29
1328 15
1329 23
1330 18
1331 25
1332 19
1333 23
1334 17
1335 25
1336 23
1337 16
1338 23
1339 16
1340 19
1341 20
1342 15
1343 26
1344 20
1345 23
1346 15
1347 24
1348 26
1349 21
1350 27
1351 21
1352 26
1353 14
1354 19
1355 27
1356 28
1357 28
1358 16
1359 31
1360 33
1361 23
1362 28
1363 27
1364 27
1365 33
1366 16
1367 32
1368 32
1369 35
1370 26
1371 24
1372 32
1373 29
1374 31
1375 31
1376 36
1377 35
1378 30
1379 31
1380 30
1381 33
1382 30
1383 28
1384 28
1385 22
1386 34
1387 31
1388 28
1389 39
1390 31
1391 37
1392 33
1393 40
1394 27
1395 32
1396 39
1397 32
1398 41
1399 25
1400 31
1401 34
1402 19
1403 34
1404 34
1405 27
1406 21
1407 23
1408 24
1409 23
1410 19
1411 14
1412 16
1413 19
1414 18
1415 11
1416 11
1417 13
1418 14
1419 13
1420 11
1421 18
1422 11
1423 15
1424 14
1425 3
1426 11
1427 8
1428 10
1429 6
1430 4
1431 8
1432 6
1433 7
1434 5
1435 6
1436 6
1437 1
1438 7
1439 4
1440 6
1441 10
1442 9
1443 8
1444 7
1445 9
1446 5
1447 4
1448 6
1449 4
1450 8
1451 10
1452 8
1453 12
1454 11
1455 10
1456 6
1457 6
1458 4
1459 10
1460 4
1461 7
1462 6
1463 3
1464 9
1465 2
1466 3
1468 7
1469 1
1470 3
1471 3
1472 6
1473 4
1474 5
1475 2
1476 6
1477 1
1478 1
1479 1
1480 4
1481 1
1482 3
1483 5
1484 1
1485 3
1486 1
1487 3
1488 4
1489 1
1490 1
1491 4
1492 6
1493 8
1494 9
1495 5
1496 10
1497 6
1498 3
1499 3
1500 7
1501 4
1502 4
1503 7
1504 9
1505 5
1506 5
1507 10
1508 9
1509 10
1510 12
1511 10
1512 5
1513 9
1514 9
1515 5
1516 8
1517 11
1518 7
1519 5
1520 7
1521 15
1522 20
1523 12
1524 18
1525 9
1526 10
1527 17
1528 16
1529 15
1530 13
1531 12
1532 12
1533 15
1534 13
1535 23
1536 15
1537 23
1538 15
1539 20
1540 18
1541 16
1542 27
1543 17
1544 23
1545 14
1546 23
1547 18
1548 21
1549 23
1550 20
1551 25
1552 11
1553 20
1554 28
1555 31
1556 19
1557 25
1558 23
1559 21
1560 29
1561 22
1562 23
1563 20
1564 24
1565 30
1566 23
1567 21
1568 17
1569 19
1570 31
1571 29
1572 18
1573 25
1574 16
1575 20
1576 33
1577 20
1578 27
1579 26
1580 18
1581 23
1582 16
1583 21
1584 31
1585 29
1586 27
1587 22
1588 18
1589 25
1590 28
1591 26
1592 28
1593 18
1594 23
1595 13
1596 17
1597 20
1598 26
1599 25
1600 25
1601 11
1602 22
1603 24
1604 15
1605 14
1606 12
1607 17
1608 16
1609 7
1610 20
1611 18
1612 7
1613 14
1614 7
1615 7
1616 11
1617 4
1618 9
1619 7
1620 9
1621 4
1622 7
1623 7
1624 8
1625 7
1626 5
1627 9
1628 4
1629 8
1630 7
1631 5
1632 13
1633 7
1634 8
1635 7
1636 11
1637 2
1638 7
1639 5
1640 7
1641 6
1642 2
1643 6
1644 6
1645 4
1646 3
1647 9
1648 3
1649 2
1650 4
1651 5
1652 5
1653 7
1654 8
1655 7
1656 5
1657 6
1658 5
1659 10
1660 6
1661 6
1662 12
1663 13
1664 9
1665 11
1666 3
1667 5
1668 8
1669 15
1670 5
1671 9
1672 10
1673 11
1674 15
1675 8
1676 12
1677 3
1678 14
1679 8
1680 13
1681 14
1682 19
1683 11
1684 15
1685 7
1686 13
1687 11
1688 14
1689 10
1690 12
1691 10
1692 17
1693 12
1694 15
1695 9
1696 10
1697 13
1698 15
1699 15
1700 14
1701 11
1702 11
1703 17
1704 10
1705 17
1706 17
1707 14
1708 14
1709 18
1710 16
1711 19
1712 12
1713 21
1714 16
1715 11
1716 15
1717 9
1718 28
1719 17
1720 17
1721 16
1722 18
1723 17
1724 14
1725 16
1726 8
1727 11
1728 11
1729 12
1730 8
1731 6
1732 8
1733 4
1734 7
1735 5
1736 5
1737 8
1738 6
1739 8
1740 8
1741 5
1742 6
1743 6
1744 10
1745 6
1746 15
1747 6
1748 12
1749 5
1750 5
1751 5
1752 4
1753 7
1754 5
1755 3
1756 11
1757 4
1758 6
1759 7
1760 7
1761 6
1762 5
1763 7
1764 4
1765 2
1766 4
1767 4
1768 11
1769 5
1770 6
1771 1
1772 4
1773 4
1774 3
1775 5
1776 5
1777 5
1778 3
1779 3
1780 1
1781 1
1782 1
1783 3
1784 4
1785 2
1786 3
1787 9
1788 3
1789 4
1790 8
1791 6
1792 9
1793 8
1794 9
1795 9
1796 4
1797 3
1798 11
1799 7
1800 6
1801 9
1802 10
1803 7
1804 8
1805 8
1806 4
1807 11
1808 14
1809 14
1810 11
1811 7
1812 9
1813 14
1814 8
1815 9
1816 12
1817 13
1818 19
1819 9
1820 12
1821 10
1822 14
1823 13
1824 10
1825 9
1826 15
1827 19
1828 12
1829 6
1830 8
1831 10
1832 8
1833 12
1834 11
1835 7
1836 10
1837 17
1838 13
1839 11
1840 11
1841 13
1842 13
1843 10
1844 10
1845 12
1846 8
1847 10
1848 12
1849 16
1850 15
1851 7
1852 15
1853 11
1854 22
1855 9
1856 8
1857 10
1858 16
1859 14
1860 10
1861 11
1862 13
1863 13
1864 14
1865 15
1866 9
1867 14
1868 13
1869 13
1870 12
1871 12
1872 10
1873 20
1874 25
1875 14
1876 20
1877 27
1878 12
1879 3
1880 16
1881 9
1882 20
1883 16
1884 14
1885 11
1886 22
1887 12
1888 17
1889 14
1890 19
1891 21
1892 27
1893 15
1894 17
1895 17
1896 23
1897 13
1898 16
1899 12
1900 16
1901 22
1902 21
1903 19
1904 17
1905 16
1906 16
1907 24
1908 16
1909 25
1910 26
1911 23
1912 22
1913 21
1914 25
1915 15
1916 19
1917 17
1918 23
1919 21
1920 24
1921 18
1922 22
1923 24
1924 11
1925 15
1926 14
1927 17
1928 17
1929 17
1930 16
1931 19
1932 9
1933 16
1934 14
1935 7
1936 11
1937 10
1938 10
1939 6
1940 5
1941 5
1942 6
1943 11
1944 7
1945 11
1946 8
1947 10
1948 8
1949 7
1950 6
1951 9
1952 8
1953 4
1954 7
1955 4
1956 3
1957 9
1958 4
1959 6
1960 4
1961 2
1962 5
1963 3
1964 2
1965 7
1966 2
1967 4
1968 6
1969 4
1970 1
1972 2
1973 4
1974 4
1976 5
1977 1
1978 2
1979 1
1980 1
1981 1
1982 2
1983 1
1984 2
1985 4
1986 1
1988 4
1990 2
1991 1
1992 1
1994 2
1995 3
1999 3
2000 3
2001 1
2002 3
2003 1
2004 1
2006 1
2007 1
2009 3
2010 1
2015 1
2016 1
2018 1
2019 1
2020 4
2021 3
2022 1
2023 2
2024 2
2025 2
2026 2
2027 1
2028 1
2029 1
2030 2
2031 3
2032 3
2033 4
2034 2
2035 3
2036 5
2037 5
2038 5
2039 7
2040 7
2041 3
2042 3
2043 3
2044 4
2045 4
2046 2
2047 2
2048 5
2049 2
2050 4
2051 3
2052 3
2053 5
2054 3
2055 1
2056 4
2058 6
2059 3
2060 4
2061 5
2062 4
2063 1
2064 2
2065 5
2066 4
2067 3
2068 4
2069 3
2070 8
2071 1
2072 2
2073 5
2074 1
2075 3
2076 3
2078 4
2080 1
2081 4
2082 2
2083 2
2086 1
2087 1
2088 1
2089 2
2090 1
2091 2
2092 2
2093 2
2094 4
2095 3
2096 2
2097 1
2099 4
2100 3
2103 1
2104 2
2105 1
2106 2
2107 2
2108 1
2110 5
2111 3
2112 3
2113 2
2115 4
2116 4
2117 1
2118 3
2120 4
2121 1
2122 3
2123 4
2124 1
2126 1
2127 3
2129 2
2131 2
2132 1
2133 2
2134 3
2138 1
2139 1
2140 1
2142 1
2143 1
2144 1
2145 1
2146 1
2148 1
2150 2
2151 3
2152 2
2154 1
2155 2
2156 3
2158 4
2159 2
2160 4
2161 1
2162 2
2163 2
2164 3
2165 1
2166 3
2167 3
2168 6
2169 5
2170 4
2171 7
2172 4
2173 3
2174 3
2175 4
2176 1
2177 3
2178 3
2179 1
2181 2
2182 1
2183 1
2184 2
2185 2
2186 2
2187 3
2189 1
2190 1
2191 4
2192 1
2193 2
2194 2
2196 4
2198 1
2200 1
2201 4
2202 1
2203 4
2205 2
2206 3
2207 4
2208 2
2209 1
2210 6
2211 3
2212 5
2213 4
2214 4
2215 4
2216 3
2217 3
2218 3
2219 2
2220 3
2221 5
2222 5
2223 3
2224 5
2225 2
2226 2
2227 2
2228 3
2229 1
2230 2
2231 2
2232 2
2233 4
2234 5
2235 1
2236 4
2237 4
2239 2
2240 1
2243 4
2244 3
2245 3
2246 1
2247 2
2248 2
2249 3
2250 1
2253 2
2254 1
2256 2
2257 1
2258 1
2260 1
2266 1
2267 1
2268 1
2270 1
2273 1
2275 1
2276 1
2278 1
2283 1
2288 1
2294 1
2296 1
2297 1
2300 1
2301 1
2305 1
2310 1
2312 1
2323 1
2332 1
2335 1
2339 1
2351 1
2353 1
2372 1
2376 1
2387 1
2389 1
2390 1
2394 1
2397 1
2398 2
2400 1
2401 1
2402 1
2403 1
2406 1
2409 1
2410 1
2411 1
2416 1
2418 1
2419 2
2420 1
2423 1
2427 1
2428 2
2430 1
2432 1
2435 2
2436 1
2437 1
2438 1
2440 1
2443 1
2444 3
2445 1
2446 3
2448 1
2449 1
2450 2
2454 1
2461 2
2463 1
2465 2
2466 2
2467 3
2468 3
2469 1
2470 1
2471 1
2472 1
2473 1
2474 1
2475 2
2476 2
2477 1
2478 3
2479 3
2480 2
2481 1
2482 2
2483 1
2484 3
2485 7
2486 5
2487 3
2488 6
2489 6
2490 3
2491 4
2492 4
2493 2
2494 4
2495 5
2496 3
2497 3
2499 4
2500 2
2501 3
2502 2
2504 3
2505 2
2506 1
2507 3
2508 1
2509 1
2510 3
2512 1
2515 2
2516 2
2517 1
2519 2
2521 2
2522 1
2523 1
2527 2
2530 2
2533 1
2535 2
2537 1
2538 1
2540 3
2541 1
2542 1
2543 1
2544 3
2546 3
2547 1
2548 1
2550 1
2552 1
2553 2
2554 2
2555 3
2556 1
2558 2
2559 1
2560 2
2563 1
2564 2
2566 2
2567 2
2568 2
2569 1
2570 2
2571 2
2572 3
2573 2
2574 3
2575 1
2576 3
2577 1
2579 4
2582 2
2584 1
2587 2
2588 1
2590 1
2593 1
2629 1
2631 2
2632 2
2635 1
2637 1
2643 2
2679 1
2680 1
2685 1
2689 1
2690 1
2694 2
2695 2
2696 1
2697 1
2698 2
2699 1
2700 3
2701 1
2702 1
2708 1
2709 1
2716 1
2718 1
2721 1
2722 1
2728 1
2729 1
2734 1
2735 1
2737 1
2741 2
2742 2
2745 1
2746 2
2750 2
2751 2
2752 1
2757 2
2762 1
2767 1
2768 1
2770 3
2772 1
2773 1
2777 1
2778 4
2782 1
2783 1
2785 1
2787 2
2788 2
2790 2
2791 2
2792 2
2793 3
2795 1
2796 2
2797 2
2798 1
2799 1
2800 2
2801 3
2803 2
2804 1
2807 2
2810 1
2811 2
2812 1
2814 3
2815 1
2816 1
2817 1
2819 2
2820 1
2821 1
2822 1
2823 3
2824 3
2825 1
2826 2
2827 3
2829 3
2831 7
2832 2
2834 1
2836 1
2837 2
2838 2
2840 1
2841 2
2842 1
2843 2
2844 1
2845 1
2846 1
2847 1
2848 1
2849 1
2851 2
2854 1
2855 2
2856 1
2857 1
2858 1
2859 2
2860 2
2861 1
2862 3
2865 1
2866 3
2867 2
2868 2
2870 2
2871 2
2872 3
2873 1
2874 1
2875 3
2876 1
2877 2
2878 1
2880 2
2881 1
2883 1
2884 1
2887 1
2892 1
2893 2
2895 1
2898 1
2899 1
2902 1
2905 1
2908 1
2912 1
2916 1
2977 2
2996 1
3006 1
3012 1
3016 2
3019 1
3022 1
3023 1
3030 2
3037 1
3038 1
3040 1
3042 1
3046 2
3047 1
3049 1
3051 1
3052 2
3056 1
3058 1
3063 1
3064 4
3065 2
3066 2
3067 1
3068 2
3070 2
3072 2
3073 4
3074 2
3076 5
3077 2
3078 2
3079 1
3080 4
3081 4
3082 6
3084 4
3085 2
3086 3
3087 5
3088 4
3089 6
3090 6
3091 6
3092 1
3093 3
3094 5
3095 2
3096 5
3097 3
3098 1
3099 2
3100 3
3101 3
3102 3
3103 3
3104 2
3106 1
3107 1
3108 2
3109 2
3110 3
3111 1
3112 1
3113 2
3114 3
3115 1
3116 2
3117 1
3120 1
3121 4
3123 4
3124 1
3125 1
3127 2
3129 1
3131 2
3132 3
3136 6
3137 3
3138 1
3139 4
3140 3
3141 2
3142 1
3143 3
3144 3
3145 3
3146 2
3147 1
3148 3
3149 1
3150 4
3151 1
3152 4
3153 2
3154 1
3155 2
3156 2
3157 4
3158 1
3159 2
3161 3
3162 3
3163 4
3164 2
3165 2
3166 2
3167 3
3168 2
3170 2
3172 2
3173 2
3174 1
3175 2
3176 4
3177 3
3178 1
3179 2
3180 1
3183 2
3185 2
3186 1
3189 1
3193 1
3194 1
3196 1
3199 1
3200 1
3202 1
3205 1
3206 1
3213 1
3216 1
3229 1
3242 1
3254 1
3267 1
3273 1
3274 1
3275 1
3276 1
3280 1
3283 1
3289 1
3293 1
3301 1
3302 1
3303 1
3311 1
3313 1
3315 1
3316 1
3317 1
3326 1
3332 1
3333 2
3334 1
3336 1
3339 1
3340 2
3342 1
3343 1
3344 1
3346 1
3347 3
3349 1
3350 1
3351 3
3352 3
3353 3
3354 2
3356 1
3357 3
3358 3
3359 1
3360 3
3361 1
3362 2
3363 1
3364 2
3365 3
3366 3
3367 1
3368 5
3369 5
3370 2
3371 1
3372 3
3373 6
3374 3
3375 2
3376 2
3377 2
3378 3
3380 3
3381 3
3382 2
3383 2
3384 3
3385 4
3386 1
3387 2
3388 2
3389 2
3390 6
3391 1
3393 3
3394 2
3395 6
3396 2
3397 7
3398 2
3399 3
3400 2
3401 3
3402 2
3403 3
3404 1
3405 2
3406 3
3407 4
3408 1
3409 1
3410 2
3411 4
3412 4
3414 3
3415 2
3416 1
3418 3
3419 1
3420 4
3421 5
3422 3
3423 2
3424 4
3425 5
3426 6
3427 2
3428 4
3429 3
3430 3
3431 4
3432 4
3433 4
3434 4
3435 1
3436 4
3437 4
3438 2
3439 8
3440 3
3441 5
3442 5
3443 7
3444 2
3445 3
3447 3
3448 6
3449 4
3450 3
3451 7
3452 3
3453 2
3454 7
3455 5
3456 3
3457 10
3458 4
3459 2
3460 1
3461 2
3462 6
3463 4
3464 2
3465 4
3466 6
3467 5
3468 7
3469 4
3470 1
3471 5
3472 1
3473 2
3474 5
3475 3
3476 1
3477 1
3478 3
3479 1
3480 5
3481 2
3482 2
3483 4
3484 5
3485 2
3486 2
3487 4
3488 1
3489 3
3491 1
3492 1
3493 3
3494 3
3495 3
3496 2
3497 2
3498 1
3499 1
3500 2
3501 2
3503 3
3504 3
3505 2
3510 1
3511 2
3512 1
3514 1
3515 2
3516 1
3517 1
3519 1
3522 2
3525 3
3526 3
3527 1
3528 1
3529 1
3530 2
3532 1
3533 2
3534 1
3540 1
3542 2
3543 1
3545 1
3565 2
3586 1
3600 1
3633 1
3639 1
3640 1
3644 1
3647 1
3648 1
3660 1
3662 1
3664 1
3666 1
3670 1
3675 1
3677 1
3678 1
3679 1
3689 1
3691 1
3699 1
3700 1
3701 2
3704 1
3705 1
3706 1
3709 2
3710 2
3711 2
3712 1
3713 1
3715 1
3716 2
3717 2
3718 2
3720 3
3721 1
3722 2
3723 1
3724 2
3725 1
3726 2
3728 3
3729 1
3730 1
3731 1
3733 1
3734 2
3735 1
3736 1
3737 1
3738 1
3739 2
3740 3
3741 2
3742 2
3743 1
3744 2
3745 2
3746 2
3747 2
3748 2
3749 1
3750 4
3751 3
3752 1
3754 2
3755 2
3756 3
3757 2
3758 5
3759 3
3760 2
3762 1
3763 5
3764 4
3765 5
3766 1
3767 5
3768 2
3769 3
3770 1
3771 2
3772 1
3773 3
3774 2
3775 1
3776 1
3777 6
3778 2
3779 3
3780 4
3781 3
3782 2
3783 2
3784 2
3785 2
3787 3
3791 4
3792 4
3793 1
3794 1
3795 2
3796 3
3798 5
3799 2
3800 4
3801 2
3802 2
3804 1
3805 3
3807 2
3808 2
3809 1
3810 1
3815 2
3818 3
3822 1
3823 2
3824 2
3826 1
3827 1
3829 1
3834 1
3838 1
3842 1
3843 2
3848 4
3850 1
3852 2
3854 1
3855 1
3856 1
3857 1
3858 1
3861 1
3862 2
3863 1
3867 1
3868 1
3870 1
3871 2
3872 1
3875 1
3876 1
3877 1
3881 1
3890 1
3918 1
3931 1
3935 2
3941 1
3943 1
3945 1
3946 2
3947 1
3954 1
3955 1
3958 1
3959 2
3960 3
3961 2
3962 1
3963 4
3964 4
3965 3
3966 2
3967 2
3969 3
3970 1
3971 1
3972 2
3973 1
3974 1
3975 1
3976 4
3978 1
3979 3
3980 4
3981 2
3982 1
3983 1
3984 1
3986 3
3987 1
3988 2
3990 1
3991 1
3993 1
3994 1
3996 1
3997 1
3998 1
4001 2
4002 3
4004 2
4005 2
4007 1
4013 1
4016 1
4017 1
4020 2
4021 1
4022 1
4023 2
4024 1
4025 3
4026 1
4027 2
4028 1
4029 1
4030 1
4031 2
4032 2
4034 4
4035 1
4040 3
4041 2
4043 1
4044 1
4045 3
4046 3
4047 2
4048 4
4049 3
4050 4
4051 2
4052 4
4053 2
4054 2
4055 1
4056 2
4057 1
4058 3
4059 3
4060 2
4061 2
4062 1
4063 2
4064 3
4065 4
4066 1
4067 2
4068 1
4069 5
4070 1
4071 1
4072 2
4073 1
4074 3
4075 1
4076 3
4077 1
4078 8
4079 1
4080 3
4081 1
4082 3
4083 1
4084 4
4085 3
4087 1
4088 1
4089 2
4090 4
4091 1
4092 3
4093 1
4094 2
4095 3
4096 1
4097 2
4098 1
4099 3
4100 2
4101 2
4102 1
4103 2
4105 2
4106 3
4107 2
4108 2
4109 4
4111 1
4112 1
4113 2
4114 1
4115 1
4116 1
4117 2
4118 3
4119 3
4121 1
4123 2
4126 1
4127 1
4129 1
4131 1
4132 1
4133 1
4136 1
4137 1
4142 3
4143 1
4144 2
4146 1
4147 1
4148 2
4149 2
4150 2
4151 2
4152 1
4154 3
4156 2
4158 1
4166 1
4168 1
4169 1
4170 1
4173 1
4175 1
4182 2
4183 1
4185 2
4190 1
4194 1
4197 1
4198 1
4206 1
4220 1
4233 1
4234 1
4235 1
4237 1
4240 1
4242 1
4251 1
4255 1
4257 1
4261 1
4262 1
4263 2
4264 1
4265 1
4267 2
4268 1
4269 2
4270 1
4271 1
4272 2
4273 4
4274 1
4276 1
4277 1
4278 1
4279 1
4281 2
4282 1
4283 1
4284 3
4286 1
4287 1
4288 1
4289 3
4290 2
4292 1
4294 2
4296 1
4298 3
4299 3
4300 2
4301 3
4302 2
4303 4
4304 3
4305 2
4306 3
4307 1
4308 1
4309 2
4310 1
4311 3
4313 6
4314 5
4316 3
4318 2
4319 4
4320 1
4321 3
4322 1
4323 2
4324 2
4325 5
4326 4
4328 1
4329 3
4330 2
4331 1
4333 2
4334 1
4336 2
4337 3
4339 1
4341 1
4342 1
4343 1
4346 1
4351 1
4356 2
4357 1
4363 2
4365 1
4366 1
4367 2
4369 3
4371 1
4372 1
4375 2
4382 1
4383 2
4384 1
4385 1
4390 1
4394 1
4397 1
4398 1
4399 1
4402 1
4403 1
4404 1
4405 1
4406 1
4408 1
4412 1
4415 2
4416 1
4417 1
4419 1
4420 1
4424 1
4431 1
4435 1
4448 1
4449 1
4453 2
4454 1
4459 1
4460 2
4461 2
4462 1
4464 1
4465 1
4466 2
4468 2
4469 1
4470 1
4472 1
4473 3
4475 1
4477 2
4479 2
4481 1
4482 2
4484 1
4485 2
4489 1
4496 1
4497 1
4509 1
4568 1
4570 1
4572 1
4575 2
4576 1
4577 1
4578 1
4580 1
4581 1
4585 2
4588 1
4589 2
4590 1
4591 1
4592 3
4593 2
4597 1
4598 4
4599 1
4600 1
4601 3
4602 1
4604 1
4605 1
4606 1
4607 1
4612 1
4613 1
4614 1
4615 1
4617 1
4618 1
4619 2
4620 1
4621 2
4622 2
4624 4
4625 2
4626 2
4627 1
4628 1
4629 1
4630 2
4631 2
4632 3
4633 5
4634 1
4636 1
4638 2
4640 1
4641 1
4642 3
4643 1
4644 1
4645 7
4646 1
4647 3
4648 4
4649 3
4650 5
4651 5
4652 3
4653 1
4654 6
4656 6
4657 1
4658 1
4659 4
4660 6
4661 4
4662 3
4663 3
4664 6
4666 4
4667 5
4668 2
4669 3
4670 3
4671 1
4672 2
4673 3
4674 4
4675 3
4676 3
4677 4
4678 1
4679 2
4680 2
4681 1
4682 1
4683 1
4684 3
4685 2
4687 1
4689 2
4690 5
4691 4
4692 1
4693 1
4695 1
4696 4
4697 5
4698 5
4699 1
4700 3
4701 1
4702 2
4703 5
4704 2
4705 2
4706 2
4707 2
4712 3
4713 1
4714 1
4715 1
4718 2
4719 1
4725 2
4726 1
4729 1
4731 1
4732 2
4733 1
4734 2
4735 2
4736 1
4737 2
4738 1
4739 3
4740 2
4741 4
4742 2
4744 1
4745 4
4746 1
4747 1
4748 4
4750 2
4751 2
4752 2
4753 2
4754 1
4756 2
4757 7
4758 5
4759 2
4760 1
4761 1
4762 4
4763 2
4765 4
4766 3
4767 3
4768 2
4769 2
4770 2
4772 1
4773 1
4774 4
4775 3
4777 2
4778 1
4779 1
4780 1
4782 2
4783 2
4784 1
4785 2
4786 1
4787 2
4791 2
4794 1
4795 1
4796 2
4797 2
4798 1
4799 3
4802 1
4803 1
4806 1
4807 2
4808 1
4812 1
4814 2
4815 1
4816 1
4819 1
4821 1
4822 2
4836 1
4838 1
4842 1
4843 1
4847 1
4849 1
4851 1
4852 2
4853 1
4854 1
4856 1
4860 1
4865 1
4869 1
4870 1
4886 1
4889 1
4892 1
4894 1
4899 1
4902 1
4903 1
4907 1
4908 1
4909 2
4910 1
4911 2
4912 1
4913 1
4915 1
4916 1
4918 3
4925 1
4929 1
4931 1
4938 1
4939 1
4944 1
4945 1
4947 1
4949 1
4952 4
4953 3
4959 1
4960 3
4967 2
4969 1
4971 1
4975 2
4981 1
4982 1
4987 2
4995 1
4996 1
5000 2
5002 2
5003 1
5004 1
5005 1
5007 2
5010 3
5012 1
5013 1
5015 1
5016 2
5017 2
5018 1
5019 1
5021 1
5022 1
5023 2
5027 1
5029 1
5031 1
5032 1
5033 1
5034 1
5035 2
5038 1
5039 1
5043 2
5045 1
5046 1
5047 1
5051 3
5054 1
5058 1
5063 1
5071 1
5075 1
5077 2
5078 1
5087 1
5101 1
5116 1
5120 1
5127 1
5129 1
5133 1
5140 1
5143 1
5144 1
5145 1
5148 2
5150 1
5151 1
5153 2
5155 1
5157 1
5159 1
5160 1
5161 2
5164 1
5165 1
5166 2
5171 2
5172 1
5173 1
5178 2
5180 1
5192 1
5200 2
5220 1
5221 1
5228 1
5229 1
5233 1
5238 1
5240 2
5243 1
5247 2
5248 1
5253 1
5254 2
5255 1
5257 1
5260 1
5262 1
5265 1
5269 1
5273 1
5278 2
5279 1
5281 1
5285 1
5287 1
5288 2
5289 1
5290 1
5292 1
5293 1
5294 1
5295 1
5298 1
5301 1
5303 1
5304 3
5305 1
5308 1
5310 2
5311 1
5313 1
5318 1
5320 1
5327 2
5328 1
5331 1
5334 1
5338 3
5340 1
5342 2
5344 1
5345 3
5346 3
5347 2
5348 3
5349 3
5350 6
5351 3
5352 2
5353 2
5354 1
5355 2
5356 1
5357 2
5358 1
5359 2
5360 4
5361 2
5362 1
5363 1
5365 1
5366 5
5367 2
5370 1
5371 1
5375 2
5376 4
5377 2
5378 1
5379 2
5380 1
5381 1
5382 1
5383 1
5384 3
5385 3
5387 1
5388 3
5391 3
5393 2
5394 4
5395 1
5396 1
5397 2
5398 1
5400 2
5401 1
5402 2
5403 2
5405 2
5407 3
5408 2
5409 1
5410 1
5411 2
5412 3
5413 1
5414 3
5415 1
5416 1
5417 1
5418 2
5421 1
5424 1
5427 1
5428 1
5429 1
5430 1
5435 1
5618 1
5625 1
5627 1
5628 1
5629 1
5635 1
5636 1
5637 1
5647 1
5648 1
5653 1
5654 1
5655 1
5659 1
5663 1
5664 2
5665 1
5667 3
5670 4
5672 3
5673 1
5674 1
5675 1
5676 4
5677 1
5682 1
5685 2
5686 1
5689 1
5692 3
5693 2
5694 1
5698 2
5699 1
5700 3
5701 1
5706 3
5708 1
5709 1
5710 1
5711 1
5712 1
5714 1
5715 1
5716 1
5717 1
5718 1
5724 1
5725 2
5726 3
5727 3
5728 2
5729 1
5730 2
5731 1
5733 1
5734 2
5735 2
5737 1
5740 1
5742 1
5743 2
5744 1
5745 1
5746 3
5748 2
5751 1
5757 1
5762 1
5763 1
5766 2
5768 1
5769 2
5771 1
5774 2
5775 2
5776 1
5777 1
5778 1
5782 1
5787 1
5788 1
5794 1
5799 1
5873 1
5984 1
5991 1
5993 1
5996 1
6349 2
6643 1
6649 1
6659 1
6802 1
7184 1
7299 1
7326 1
7429 1
7439 1
7444 1
7452 1
7466 1
7478 1
7483 1
7509 1
7512 1
7515 1
7620 1
7629 1
7637 1
7782 1
7799 1
7804 1
7885 1
7929 1
7935 2
7936 1
7948 1
7960 1
8186 1
8338 1
8356 1
8361 3
8364 1
8365 1
8378 1
8385 1
8609 1
8644 1
8800 1
8808 1
8931 1
8942 1
9117 1
9444 1
9774 1
10001 37
