1 23765258
2 13422149
3 8275439
4 5359055
5 3574418
6 2462343
7 1759228
8 1336512
9 1123338
10 1042008
11 1067597
12 1126198
13 1188494
14 1244670
15 1273418
16 1274016
17 1246480
18 1197824
19 1128599
20 1051059
21 969087
22 881526
23 802227
24 729672
25 661207
26 599971
27 543409
28 496615
29 461365
30 435285
31 421374
32 424055
33 444222
34 476690
35 517812
36 572116
37 628424
38 689590
39 746955
40 802234
41 843867
42 875593
43 892629
44 896208
45 888326
46 864172
47 832156
48 789983
49 736852
50 676579
51 617646
52 553787
53 490450
54 430524
55 373061
56 320071
57 273779
58 231920
59 194642
60 161047
61 132345
62 108520
63 88017
64 72660
65 59283
66 48438
67 39635
68 32787
69 27545
70 23045
71 19739
72 16750
73 14982
74 13334
75 12210
76 11125
77 10087
78 9378
79 8761
80 7925
81 7481
82 6909
83 6629
84 6043
85 5869
86 5589
87 5277
88 5077
89 4976
90 4794
91 4418
92 4305
93 4082
94 3866
95 3730
96 3415
97 3189
98 3100
99 2835
100 2555
101 2357
102 2183
103 2066
104 1885
105 1746
106 1593
107 1464
108 1355
109 1229
110 1076
111 1047
112 960
113 955
114 880
115 838
116 827
117 824
118 778
119 736
120 717
121 690
122 635
123 570
124 574
125 584
126 629
127 697
128 683
129 689
130 665
131 694
132 674
133 635
134 630
135 684
136 604
137 607
138 592
139 572
140 591
141 576
142 615
143 620
144 634
145 589
146 577
147 532
148 536
149 525
150 527
151 505
152 495
153 522
154 562
155 575
156 558
157 550
158 516
159 505
160 514
161 466
162 508
163 484
164 504
165 467
166 442
167 413
168 417
169 385
170 353
171 328
172 340
173 300
174 298
175 294
176 285
177 241
178 281
179 289
180 265
181 249
182 235
183 223
184 217
185 201
186 178
187 213
188 152
189 173
190 179
191 204
192 171
193 188
194 147
195 152
196 162
197 183
198 160
199 172
200 155
201 189
202 210
203 208
204 200
205 208
206 194
207 183
208 225
209 251
210 218
211 218
212 254
213 222
214 237
215 246
216 244
217 247
218 219
219 235
220 203
221 208
222 186
223 197
224 210
225 205
226 203
227 170
228 194
229 178
230 181
231 150
232 143
233 137
234 144
235 125
236 124
237 110
238 115
239 108
240 77
241 109
242 107
243 81
244 110
245 108
246 102
247 120
248 104
249 109
250 111
251 101
252 112
253 101
254 91
255 102
256 67
257 78
258 71
259 79
260 66
261 61
262 51
263 55
264 57
265 54
266 59
267 58
268 51
269 57
270 53
271 61
272 58
273 46
274 67
275 59
276 78
277 65
278 66
279 48
280 61
281 55
282 58
283 51
284 61
285 53
286 42
287 55
288 45
289 45
290 41
291 47
292 44
293 57
294 62
295 55
296 53
297 53
298 55
299 43
300 36
301 33
302 50
303 45
304 46
305 47
306 41
307 63
308 29
309 58
310 59
311 54
312 64
313 53
314 62
315 42
316 41
317 51
318 48
319 37
320 45
321 32
322 30
323 27
324 18
325 27
326 33
327 27
328 26
329 23
330 33
331 17
332 23
333 28
334 18
335 28
336 28
337 25
338 31
339 25
340 28
341 38
342 29
343 43
344 39
345 29
346 34
347 32
348 21
349 22
350 31
351 37
352 40
353 34
354 30
355 30
356 18
357 18
358 15
359 18
360 20
361 18
362 18
363 10
364 16
365 16
366 20
367 24
368 12
369 19
370 14
371 14
372 17
373 20
374 17
375 21
376 17
377 18
378 14
379 20
380 12
381 17
382 12
383 14
384 8
385 14
386 11
387 15
388 8
389 15
390 15
391 14
392 12
393 7
394 11
395 6
396 10
397 6
398 11
399 6
400 11
401 8
402 6
403 5
404 6
405 7
406 10
407 9
408 6
409 5
410 7
411 12
412 6
413 13
414 9
415 6
416 3
417 5
418 4
419 6
420 3
421 8
422 7
423 7
424 10
425 8
426 8
427 10
428 10
429 12
430 11
431 10
432 11
433 9
434 12
435 9
436 10
437 11
438 11
439 9
440 13
441 17
442 9
443 10
444 10
445 12
446 21
447 14
448 14
449 11
450 5
451 12
452 11
453 12
454 8
455 8
456 16
457 13
458 7
459 14
460 13
461 25
462 11
463 16
464 17
465 19
466 12
467 14
468 11
469 14
470 12
471 9
472 13
473 12
474 12
475 5
476 3
477 3
478 8
479 4
480 11
481 15
482 12
483 6
484 11
485 13
486 8
487 15
488 11
489 7
490 8
491 12
492 5
493 16
494 10
495 7
496 8
497 7
498 10
499 7
500 6
501 4
502 7
503 4
504 1
505 9
506 8
507 8
508 7
509 3
510 9
511 8
512 7
513 6
514 9
515 9
516 5
517 5
518 6
519 8
520 2
521 6
522 4
523 11
524 4
525 6
526 6
527 8
528 4
529 7
530 9
531 8
532 17
533 12
534 16
535 10
536 12
537 10
538 14
539 7
540 17
541 12
542 14
543 10
544 13
545 12
546 13
547 10
548 8
549 11
550 10
551 11
552 19
553 17
554 14
555 11
556 18
557 12
558 14
559 20
560 14
561 16
562 10
563 15
564 12
565 9
566 15
567 16
568 12
569 12
570 6
571 12
572 10
573 7
574 4
575 7
576 8
577 8
578 6
579 10
580 6
581 12
582 12
583 5
584 7
585 12
586 5
587 13
588 10
589 13
590 9
591 10
592 10
593 7
594 16
595 7
596 15
597 12
598 10
599 11
600 7
601 13
602 17
603 13
604 16
605 17
606 22
607 19
608 27
609 20
610 20
611 22
612 21
613 23
614 14
615 14
616 7
617 11
618 6
619 9
620 7
621 8
622 8
623 7
624 7
625 2
626 4
627 8
628 8
629 7
630 7
631 5
632 1
633 5
634 3
635 3
636 5
637 6
638 4
639 7
640 8
641 3
642 3
643 3
644 3
645 3
646 7
647 9
648 4
649 1
650 5
651 6
652 3
653 5
654 8
655 3
656 7
657 3
658 4
659 3
660 7
661 5
662 5
663 4
664 4
665 1
666 5
667 7
668 1
669 2
670 3
671 2
673 2
674 1
675 1
676 2
677 2
678 2
679 1
680 2
681 3
682 3
683 3
684 2
685 2
686 2
687 1
688 4
689 5
690 4
691 2
692 2
693 4
694 4
695 2
696 2
697 1
699 2
700 3
701 3
702 1
703 2
704 3
705 3
706 1
707 2
708 5
709 2
710 1
711 3
712 7
713 3
714 5
715 3
716 1
717 2
721 2
722 1
723 1
725 1
726 2
727 2
728 1
729 3
730 1
731 2
732 2
733 3
734 4
736 1
737 1
740 1
741 1
745 1
749 1
752 1
755 1
757 2
758 1
760 1
761 1
762 2
763 1
764 3
765 3
766 2
767 9
768 5
770 3
771 5
772 2
773 1
776 1
777 1
778 1
779 1
780 1
781 1
782 4
783 1
786 1
787 2
789 4
790 1
793 2
795 2
796 1
797 1
798 1
799 1
801 3
802 1
804 2
807 1
809 1
810 1
814 1
818 1
819 2
821 2
822 1
824 1
825 2
826 1
828 3
831 2
832 1
833 1
835 1
836 2
840 2
842 1
844 1
847 3
849 2
850 1
851 2
852 3
853 1
855 1
856 1
857 2
860 1
862 1
864 2
865 2
866 1
867 2
869 2
870 1
876 1
898 1
909 1
910 1
923 2
927 1
937 1
939 1
940 3
942 1
943 1
947 1
949 2
956 1
962 1
963 2
968 1
970 1
988 1
989 1
997 1
1016 1
1021 1
1023 1
1024 1
1031 1
1034 1
1038 2
1041 1
1046 1
1056 2
1058 1
1060 2
1062 1
1064 2
1065 1
1066 1
1069 2
1071 2
1073 1
1076 1
1079 1
1082 1
1083 1
1084 1
1106 1
1115 1
1120 1
1124 1
1157 1
1164 1
1166 1
1167 1
1172 1
1204 1
1210 1
1227 2
1228 1
1230 1
1234 1
1236 1
1238 1
1254 1
1255 1
1289 1
1296 1
1302 1
1305 1
1311 1
1318 1
1321 1
1325 1
1344 1
1356 1
1359 1
1360 1
1361 1
1364 2
1366 1
1367 1
1369 1
1370 1
1371 2
1372 1
1374 2
1375 1
1378 2
1380 1
1382 1
1384 1
1385 1
1386 2
1388 1
1390 1
1410 1
1412 1
1414 1
1418 1
1425 1
1426 1
1428 1
1429 4
1431 4
1432 1
1434 1
1436 1
1438 1
1439 1
1440 1
1441 1
1442 1
1445 1
1446 1
1447 1
1448 1
1449 1
1460 1
1462 1
1470 1
1494 1
1497 1
1526 1
1607 1
1609 1
1616 1
1624 1
1625 1
1661 2
1663 1
1666 1
1672 2
1673 1
1674 2
1676 1
1683 1
1684 2
1702 1
1714 1
1720 1
1732 1
1734 1
1745 1
1779 1
1780 1
1783 1
1828 1
1834 1
1835 1
1986 1
1988 1
1992 1
1994 1
2000 1
2003 1
2010 1
2015 2
2016 1
2023 1
2024 2
2025 1
2028 2
2029 1
2030 1
2051 1
2887 1
2966 1
3052 1
3164 1
3313 1
3354 1
4461 1
4481 1
4483 1
4484 1
4486 2
4497 2
4505 1
4507 1
4509 1
