1 17924657
2 12989142
3 9237823
4 7075729
5 5796644
6 4876904
7 4059309
8 3326719
9 2698299
10 2177509
11 1814207
12 1561776
13 1383713
14 1246278
15 1113257
16 977858
17 833093
18 692922
19 565666
20 457685
21 367846
22 302072
23 259227
24 236849
25 229979
26 235830
27 249575
28 269526
29 293260
30 318444
31 344183
32 370575
33 397560
34 422449
35 445206
36 464803
37 479465
38 492803
39 500849
40 508142
41 514814
42 520226
43 523702
44 526452
45 529513
46 530639
47 530326
48 527544
49 520348
50 508970
51 493893
52 477197
53 456311
54 432965
55 410869
56 385823
57 360271
58 337845
59 317306
60 301784
61 288566
62 278765
63 270734
64 268258
65 266271
66 264901
67 263928
68 262599
69 261464
70 258649
71 255682
72 250201
73 240598
74 229530
75 217634
76 203821
77 188559
78 171720
79 155678
80 140070
81 122482
82 107946
83 94911
84 83441
85 74127
86 65397
87 59790
88 55706
89 53924
90 53642
91 54445
92 57885
93 64189
94 71935
95 80883
96 91350
97 104489
98 118366
99 133453
100 150007
101 167551
102 186487
103 205128
104 225718
105 244576
106 263288
107 284285
108 304722
109 322103
110 340577
111 356850
112 372822
113 386832
114 399082
115 410910
116 418454
117 425770
118 429638
119 432943
120 434912
121 435250
122 433347
123 431641
124 424698
125 419046
126 412189
127 405400
128 395289
129 386891
130 376566
131 364759
132 354455
133 342382
134 329203
135 316965
136 304504
137 290560
138 276959
139 264424
140 250152
141 236845
142 222913
143 210681
144 196034
145 184856
146 170426
147 157810
148 146628
149 135275
150 125062
151 113507
152 103939
153 94036
154 84386
155 76041
156 68877
157 61849
158 54488
159 48697
160 43712
161 38596
162 34490
163 30698
164 27474
165 24718
166 22586
167 20517
168 18906
169 17322
170 15984
171 14779
172 14130
173 13195
174 12707
175 12293
176 11599
177 11357
178 10928
179 10284
180 10081
181 9558
182 9476
183 9076
184 8611
185 8129
186 7755
187 7308
188 7158
189 6816
190 6445
191 6097
192 5677
193 5289
194 4950
195 4639
196 4462
197 4213
198 3975
199 3763
200 3657
201 3458
202 3310
203 3245
204 3144
205 3055
206 2872
207 2721
208 2593
209 2729
210 2578
211 2667
212 2659
213 2523
214 2561
215 2594
216 2728
217 2527
218 2647
219 2713
220 2667
221 2648
222 2563
223 2608
224 2596
225 2580
226 2555
227 2525
228 2549
229 2510
230 2427
231 2560
232 2427
233 2351
234 2206
235 2296
236 2200
237 2217
238 2107
239 2119
240 1947
241 1980
242 1859
243 1898
244 1865
245 1762
246 1718
247 1681
248 1739
249 1624
250 1669
251 1655
252 1629
253 1570
254 1539
255 1507
256 1510
257 1405
258 1440
259 1424
260 1370
261 1237
262 1231
263 1221
264 1181
265 1144
266 1124
267 1129
268 1073
269 1079
270 992
271 976
272 976
273 953
274 974
275 921
276 896
277 928
278 874
279 896
280 829
281 849
282 807
283 806
284 772
285 741
286 709
287 677
288 670
289 698
290 676
291 667
292 548
293 592
294 578
295 464
296 456
297 445
298 418
299 419
300 375
301 405
302 356
303 337
304 342
305 318
306 297
307 272
308 244
309 245
310 233
311 237
312 236
313 253
314 244
315 221
316 215
317 197
318 202
319 223
320 209
321 166
322 189
323 169
324 169
325 164
326 155
327 180
328 154
329 152
330 137
331 151
332 141
333 151
334 151
335 161
336 145
337 190
338 164
339 147
340 164
341 145
342 200
343 203
344 220
345 199
346 228
347 231
348 197
349 226
350 243
351 219
352 246
353 251
354 229
355 253
356 243
357 227
358 228
359 214
360 252
361 235
362 228
363 210
364 211
365 218
366 251
367 221
368 271
369 245
370 296
371 295
372 288
373 273
374 280
375 314
376 286
377 253
378 258
379 253
380 227
381 240
382 235
383 225
384 225
385 219
386 235
387 244
388 219
389 200
390 215
391 201
392 202
393 200
394 192
395 179
396 213
397 225
398 201
399 204
400 188
401 181
402 176
403 207
404 181
405 155
406 155
407 173
408 205
409 189
410 182
411 183
412 182
413 184
414 218
415 205
416 198
417 201
418 199
419 219
420 208
421 207
422 217
423 193
424 208
425 221
426 223
427 234
428 199
429 237
430 234
431 218
432 211
433 210
434 232
435 236
436 193
437 251
438 223
439 230
440 217
441 231
442 225
443 200
444 180
445 192
446 197
447 174
448 183
449 195
450 182
451 186
452 195
453 192
454 192
455 196
456 181
457 198
458 178
459 146
460 152
461 155
462 193
463 153
464 179
465 169
466 142
467 153
468 142
469 171
470 159
471 160
472 154
473 149
474 139
475 124
476 146
477 150
478 120
479 110
480 102
481 110
482 107
483 102
484 102
485 105
486 90
487 91
488 90
489 93
490 107
491 88
492 85
493 109
494 106
495 84
496 84
497 75
498 76
499 65
500 75
501 66
502 75
503 67
504 57
505 67
506 48
507 66
508 73
509 61
510 56
511 50
512 61
513 69
514 53
515 48
516 71
517 42
518 54
519 43
520 37
521 38
522 38
523 42
524 48
525 44
526 53
527 45
528 43
529 30
530 49
531 54
532 55
533 35
534 38
535 36
536 41
537 41
538 41
539 69
540 56
541 51
542 64
543 50
544 52
545 72
546 57
547 63
548 66
549 57
550 74
551 57
552 76
553 73
554 70
555 71
556 75
557 66
558 80
559 73
560 63
561 64
562 62
563 76
564 73
565 72
566 68
567 78
568 72
569 52
570 82
571 73
572 72
573 85
574 73
575 82
576 93
577 83
578 87
579 97
580 117
581 108
582 113
583 109
584 97
585 140
586 132
587 107
588 96
589 110
590 132
591 123
592 111
593 95
594 126
595 106
596 106
597 93
598 123
599 78
600 110
601 92
602 88
603 96
604 95
605 82
606 78
607 97
608 92
609 72
610 78
611 80
612 74
613 78
614 86
615 72
616 59
617 87
618 65
619 78
620 78
621 83
622 74
623 65
624 100
625 67
626 81
627 87
628 96
629 87
630 80
631 78
632 69
633 73
634 77
635 72
636 58
637 54
638 59
639 60
640 63
641 64
642 52
643 66
644 51
645 52
646 43
647 44
648 38
649 42
650 47
651 50
652 39
653 48
654 47
655 41
656 42
657 40
658 40
659 29
660 37
661 38
662 44
663 30
664 42
665 48
666 37
667 47
668 31
669 34
670 32
671 37
672 32
673 32
674 46
675 32
676 37
677 29
678 23
679 31
680 22
681 34
682 34
683 26
684 30
685 29
686 26
687 27
688 25
689 30
690 21
691 22
692 18
693 29
694 13
695 18
696 14
697 13
698 25
699 17
700 22
701 14
702 17
703 13
704 14
705 20
706 12
707 16
708 18
709 21
710 22
711 23
712 22
713 20
714 27
715 23
716 26
717 39
718 25
719 27
720 16
721 26
722 28
723 20
724 29
725 23
726 25
727 18
728 28
729 28
730 27
731 28
732 30
733 20
734 24
735 25
736 28
737 13
738 17
739 21
740 25
741 18
742 20
743 22
744 21
745 16
746 19
747 17
748 11
749 12
750 11
751 13
752 19
753 18
754 22
755 17
756 11
757 21
758 10
759 19
760 27
761 23
762 24
763 24
764 15
765 26
766 16
767 21
768 23
769 23
770 27
771 22
772 27
773 20
774 23
775 23
776 21
777 14
778 11
779 16
780 22
781 28
782 22
783 20
784 19
785 22
786 25
787 17
788 20
789 19
790 22
791 34
792 14
793 16
794 27
795 12
796 17
797 23
798 14
799 18
800 21
801 21
802 14
803 26
804 19
805 23
806 22
807 30
808 23
809 27
810 24
811 25
812 18
813 19
814 15
815 13
816 22
817 23
818 16
819 14
820 16
821 12
822 17
823 10
824 19
825 23
826 17
827 15
828 16
829 13
830 16
831 24
832 11
833 19
834 15
835 20
836 20
837 27
838 23
839 13
840 21
841 19
842 24
843 16
844 26
845 18
846 24
847 13
848 13
849 13
850 15
851 19
852 9
853 14
854 11
855 15
856 16
857 20
858 15
859 13
860 17
861 15
862 20
863 13
864 15
865 15
866 17
867 14
868 15
869 24
870 16
871 18
872 19
873 24
874 13
875 12
876 12
877 17
878 20
879 18
880 16
881 17
882 17
883 13
884 15
885 17
886 15
887 9
888 7
889 11
890 11
891 22
892 19
893 7
894 7
895 19
896 7
897 21
898 11
899 22
900 13
901 17
902 15
903 18
904 15
905 14
906 17
907 10
908 18
909 11
910 14
911 7
912 15
913 5
914 21
915 11
916 13
917 7
918 9
919 11
920 6
921 9
922 9
923 6
924 2
925 10
926 3
927 4
928 6
929 10
930 5
931 4
932 10
933 11
934 13
935 12
936 9
937 10
938 10
939 17
940 8
941 9
942 4
943 9
944 18
945 5
946 11
947 15
948 9
949 7
950 15
951 13
952 14
953 13
954 13
955 10
956 12
957 8
958 9
959 6
960 4
961 6
962 13
963 6
964 9
965 10
966 6
967 4
968 8
969 8
970 5
971 4
972 4
973 3
974 6
975 9
976 6
977 3
978 7
979 4
980 7
981 5
982 5
983 4
984 5
985 3
986 6
987 5
988 8
989 6
990 6
991 9
992 8
993 2
994 7
995 6
996 7
997 7
998 8
999 7
1000 12
1001 11
1002 10
1003 6
1004 7
1005 9
1006 5
1007 10
1008 12
1009 9
1010 3
1011 6
1012 6
1013 14
1014 5
1015 11
1016 12
1017 7
1018 4
1019 5
1020 3
1021 9
1022 4
1023 4
1024 5
1025 8
1026 9
1027 9
1028 7
1029 5
1030 5
1031 9
1032 8
1033 7
1034 5
1035 3
1036 8
1037 2
1038 2
1039 3
1040 5
1041 6
1042 6
1043 6
1044 7
1045 8
1046 7
1047 6
1048 7
1049 3
1050 3
1051 2
1052 1
1053 5
1054 6
1055 3
1056 2
1057 2
1058 3
1060 3
1061 2
1062 7
1063 3
1064 6
1065 3
1066 2
1067 3
1068 6
1069 4
1070 5
1071 3
1072 2
1073 3
1074 4
1075 4
1076 7
1077 2
1078 4
1079 4
1080 4
1081 4
1082 2
1084 3
1085 4
1086 3
1087 4
1088 1
1089 2
1090 5
1092 3
1093 2
1094 3
1095 3
1096 3
1097 1
1098 3
1099 2
1100 2
1101 1
1102 6
1103 4
1104 4
1105 2
1106 1
1107 4
1108 2
1109 1
1110 1
1111 1
1112 2
1113 1
1114 1
1115 2
1116 1
1117 2
1118 2
1119 3
1120 3
1121 4
1122 2
1123 1
1124 4
1125 2
1126 2
1127 2
1128 2
1129 1
1130 2
1131 2
1133 2
1134 1
1135 4
1136 5
1137 1
1138 3
1139 1
1140 4
1141 3
1142 4
1143 1
1144 1
1146 2
1147 3
1148 2
1149 4
1150 5
1151 1
1152 3
1153 2
1155 5
1156 5
1157 4
1158 3
1159 5
1160 4
1161 2
1162 3
1163 4
1164 3
1165 2
1166 7
1167 3
1168 5
1169 2
1170 3
1171 3
1172 2
1173 3
1174 2
1175 5
1176 1
1177 4
1178 1
1179 4
1180 3
1181 8
1182 3
1183 3
1186 5
1187 4
1188 7
1189 1
1190 3
1191 3
1192 4
1193 1
1194 4
1195 2
1196 5
1197 2
1198 3
1199 6
1200 6
1201 2
1202 3
1204 3
1205 2
1206 2
1207 4
1208 3
1209 6
1210 6
1211 5
1212 2
1213 5
1214 2
1215 4
1216 3
1217 4
1218 2
1219 5
1220 3
1221 5
1222 4
1224 4
1225 3
1226 2
1228 6
1229 5
1230 4
1231 2
1232 4
1233 4
1234 5
1235 2
1236 5
1237 5
1238 1
1239 2
1240 1
1241 3
1242 1
1243 2
1244 2
1245 1
1246 2
1247 5
1248 2
1249 8
1250 7
1251 3
1252 7
1253 2
1254 6
1255 2
1256 5
1257 4
1258 4
1259 4
1260 4
1261 4
1262 4
1263 3
1264 6
1265 4
1266 6
1267 8
1268 9
1269 5
1270 7
1271 6
1272 4
1273 5
1274 7
1275 2
1276 5
1277 2
1278 5
1279 2
1280 5
1281 10
1282 6
1283 5
1284 4
1285 6
1286 4
1287 7
1288 2
1289 6
1290 7
1291 4
1292 3
1293 1
1294 5
1295 4
1296 5
1297 1
1298 3
1299 1
1300 5
1301 2
1302 1
1303 3
1304 6
1305 3
1306 2
1307 3
1308 2
1309 2
1310 1
1311 3
1312 6
1313 10
1314 2
1315 2
1316 3
1317 4
1318 6
1319 5
1320 6
1321 2
1322 3
1323 3
1324 5
1325 2
1326 4
1327 3
1328 6
1329 4
1330 1
1331 3
1332 2
1334 1
1335 3
1336 10
1337 4
1338 4
1339 7
1340 2
1341 1
1342 4
1343 4
1344 7
1345 5
1346 4
1347 5
1348 5
1349 4
1350 2
1351 3
1352 1
1353 5
1354 6
1355 3
1356 6
1357 4
1358 5
1359 5
1360 9
1361 1
1362 6
1363 7
1364 6
1365 7
1366 7
1367 4
1368 9
1369 13
1370 6
1371 7
1372 7
1373 7
1374 6
1375 7
1376 8
1378 4
1379 6
1380 8
1381 4
1382 3
1383 7
1384 4
1385 3
1386 2
1387 7
1388 3
1389 1
1390 2
1392 4
1393 2
1394 2
1395 4
1396 4
1397 1
1398 3
1399 2
1400 1
1401 1
1402 2
1403 4
1404 4
1405 4
1406 4
1407 3
1408 2
1409 4
1410 3
1411 2
1412 3
1413 6
1414 2
1415 3
1416 2
1417 1
1418 3
1419 4
1421 5
1423 3
1425 2
1426 5
1428 3
1429 5
1430 1
1431 2
1432 1
1433 1
1434 3
1435 1
1437 2
1438 1
1440 2
1441 2
1442 4
1443 1
1444 1
1445 1
1446 5
1447 4
1448 1
1449 1
1452 1
1455 1
1456 1
1457 1
1458 1
1459 2
1460 6
1461 6
1462 7
1463 2
1464 4
1465 4
1466 5
1467 4
1468 5
1469 4
1470 2
1471 1
1472 5
1473 5
1474 5
1475 2
1476 8
1477 3
1478 4
1479 4
1480 6
1481 5
1482 3
1483 3
1484 5
1485 4
1486 2
1487 5
1488 3
1489 2
1490 2
1491 5
1492 2
1493 5
1494 2
1495 7
1496 6
1497 5
1498 3
1499 5
1500 7
1501 4
1502 7
1503 3
1504 4
1505 5
1506 7
1507 5
1508 6
1509 3
1510 5
1511 4
1512 9
1513 8
1514 3
1515 11
1516 5
1517 7
1518 5
1519 1
1520 6
1521 2
1522 3
1523 3
1524 3
1525 1
1526 3
1527 2
1528 9
1529 5
1530 2
1531 6
1532 3
1533 2
1534 3
1535 9
1536 3
1537 4
1538 6
1539 6
1540 3
1541 5
1542 2
1543 2
1544 5
1545 3
1546 2
1547 2
1548 5
1549 3
1550 3
1551 6
1552 3
1553 6
1554 3
1555 7
1556 7
1557 6
1558 6
1559 4
1560 4
1561 2
1562 2
1563 5
1564 5
1565 4
1566 2
1567 2
1568 1
1569 4
1570 4
1571 4
1572 5
1573 3
1574 3
1575 1
1576 3
1577 3
1578 4
1579 5
1580 1
1581 3
1582 3
1583 1
1584 5
1585 2
1586 3
1587 3
1588 3
1589 1
1590 1
1591 2
1592 1
1593 3
1594 3
1595 1
1596 2
1597 2
1598 3
1599 6
1600 4
1601 4
1602 4
1603 4
1604 6
1605 4
1606 5
1607 2
1609 4
1610 2
1612 6
1613 1
1614 2
1615 4
1616 4
1617 6
1618 2
1619 3
1620 6
1621 4
1622 7
1623 7
1624 9
1625 7
1626 7
1627 8
1628 6
1629 9
1630 10
1631 12
1632 11
1633 12
1634 19
1635 13
1636 12
1637 19
1638 10
1639 13
1640 13
1641 7
1642 16
1643 11
1644 7
1645 8
1646 10
1647 16
1648 12
1649 14
1650 13
1651 10
1652 14
1653 10
1654 8
1655 8
1656 6
1657 7
1658 8
1659 11
1660 9
1661 8
1662 5
1663 7
1664 9
1665 6
1666 3
1667 5
1668 1
1669 3
1670 2
1671 7
1672 4
1674 5
1675 3
1676 4
1678 3
1679 2
1680 3
1681 4
1682 2
1683 6
1684 1
1685 1
1686 3
1687 5
1688 4
1689 4
1690 4
1691 2
1694 4
1695 2
1696 2
1697 3
1698 2
1700 3
1701 2
1702 3
1703 1
1704 1
1707 1
1708 2
1709 1
1710 1
1711 1
1712 1
1713 1
1714 1
1715 1
1718 1
1720 1
1721 1
1722 1
1723 1
1724 1
1725 1
1726 1
1727 1
1730 1
1731 1
1734 1
1735 2
1737 2
1743 2
1745 1
1748 1
1749 3
1750 1
1751 1
1752 1
1753 1
1755 1
1757 1
1758 1
1760 2
1761 1
1762 1
1764 1
1766 1
1767 1
1768 2
1770 2
1771 2
1772 3
1774 1
1775 4
1776 3
1777 3
1778 2
1779 3
1780 5
1781 4
1783 1
1784 3
1785 1
1786 2
1787 1
1788 2
1789 1
1791 1
1792 2
1794 3
1795 4
1796 2
1797 1
1798 1
1799 2
1800 1
1801 1
1802 2
1803 3
1804 1
1805 1
1806 1
1807 1
1808 1
1809 1
1810 2
1812 1
1813 1
1816 3
1817 1
1818 1
1819 1
1820 1
1821 2
1822 3
1823 1
1824 4
1825 2
1826 3
1827 6
1828 4
1829 6
1830 3
1831 2
1832 2
1833 1
1834 2
1835 3
1836 2
1837 1
1838 2
1840 1
1841 2
1842 3
1843 1
1844 2
1845 2
1846 1
1847 3
1848 2
1849 2
1850 2
1851 1
1852 3
1853 2
1854 1
1855 1
1856 1
1857 1
1858 3
1859 2
1860 1
1861 2
1862 1
1863 1
1866 1
1867 4
1868 1
1869 4
1870 2
1871 2
1873 1
1875 1
1876 3
1877 1
1881 1
1882 2
1885 1
1886 1
1888 2
1889 1
1891 1
1894 1
1897 1
1899 1
1905 2
1920 1
1925 1
1926 1
1927 1
1929 1
1936 1
1937 1
1938 1
1940 2
1941 1
1942 1
1944 2
1946 2
1947 3
1948 1
1949 2
1950 2
1952 1
1953 3
1954 2
1955 1
1956 2
1957 2
1958 1
1959 1
1960 2
1961 1
1962 2
1965 1
1968 1
1971 1
1975 2
1976 1
1977 1
1979 1
1980 4
1981 1
1983 1
1988 1
1991 1
1995 1
1997 1
1999 1
2000 1
2003 1
2004 1
2006 1
2007 1
2009 2
2010 2
2011 2
2016 1
2018 1
2019 2
2020 1
2023 1
2026 1
2028 1
2029 1
2030 2
2032 1
2034 1
2037 1
2039 2
2049 1
2059 1
2066 2
2074 1
2078 1
2083 2
2084 1
2086 1
2087 1
2088 1
2103 1
2114 1
2130 1
2135 1
2137 1
2138 1
2139 1
2142 2
2143 4
2145 1
2149 1
2151 1
2157 1
2160 1
2162 2
2164 1
2165 1
2166 3
2170 1
2171 1
2179 1
2184 1
2186 1
2189 1
2194 1
2195 1
2196 1
2204 1
2206 1
2210 1
2214 1
2217 1
2221 1
2223 1
2224 1
2227 1
2229 1
2232 2
2233 3
2235 3
2242 2
2250 2
2252 1
2254 1
2264 1
2275 1
2281 1
2283 1
2285 1
2286 1
2292 1
2295 1
2313 2
2314 1
2315 1
2316 1
2322 1
2323 1
2332 1
2333 1
2339 1
2345 1
2401 1
2422 1
2457 2
2458 1
2459 2
2464 1
2466 2
2467 1
2468 2
2470 2
2474 1
2477 1
2479 2
2480 1
2503 1
2537 1
2545 1
2561 1
2564 1
2569 1
2570 1
2571 1
2575 1
2581 1
2582 1
2599 1
2611 1
2706 1
2715 1
2727 1
2732 1
2733 1
2736 2
2738 1
2739 1
2748 1
2802 1
2829 1
2839 1
2848 1
2857 1
2859 1
2863 2
2865 1
2869 1
2870 4
2916 1
3007 1
3015 1
3018 1
3019 1
3021 1
3023 3
3025 1
3027 1
3029 3
3033 1
3038 1
3042 1
3094 1
3106 1
3110 1
3223 1
3255 1
3286 1
3288 1
3319 1
3400 1
3418 1
3463 1
3487 1
3491 1
3492 1
3493 2
3494 1
3495 2
3496 1
3501 1
3566 1
3583 1
3586 2
3588 1
3594 1
3595 1
3610 1
3616 1
3621 1
3624 1
3640 1
3642 1
3653 1
3693 1
3694 1
3700 1
3702 1
3703 1
3704 2
3705 1
3706 1
3708 3
3709 3
3710 1
3712 1
3714 1
3717 1
3719 1
3722 2
3729 1
3732 1
3736 1
3737 3
3753 1
3754 1
3767 1
3771 1
3814 1
3844 1
3856 2
3895 1
3931 1
3939 1
4008 1
4036 1
4060 1
4062 1
4163 1
4168 1
4169 1
4175 1
4178 1
4280 1
4281 1
4289 1
4351 1
4440 1
4444 1
4451 1
4549 1
4582 1
4596 1
4597 1
4610 1
4620 1
4625 1
4626 1
4741 1
4747 1
4753 1
4763 1
4765 1
4767 1
4769 2
4770 2
4773 1
4775 1
4778 1
4792 1
4814 1
4872 1
4874 1
5072 1
5078 1
5340 1
5342 1
5365 1
5382 1
5397 1
5400 1
5469 1
5472 1
5482 1
5490 1
5494 1
5505 1
5508 2
5511 1
5517 1
5526 1
5553 1
5803 1
8178 1
8331 1
8563 1
8981 1
9361 1
9614 1
10001 11
