1 26562731
2 13748866
3 8687011
4 5790229
5 3775314
6 2470423
7 1721338
8 1317470
9 1099226
10 944724
11 799899
12 656542
13 532132
14 423275
15 345365
16 291562
17 257428
18 234831
19 221938
20 213108
21 210680
22 216475
23 232313
24 255500
25 292767
26 336213
27 384017
28 430747
29 475294
30 512027
31 538867
32 545005
33 539801
34 517732
35 486650
36 446249
37 397479
38 343862
39 291702
40 241848
41 194893
42 155099
43 121262
44 93958
45 73266
46 56292
47 43293
48 33793
49 27420
50 22521
51 18902
52 16788
53 14815
54 13383
55 11897
56 10767
57 9940
58 9249
59 8496
60 7753
61 7138
62 6313
63 5607
64 5038
65 4793
66 4206
67 3567
68 3395
69 3005
70 2851
71 2504
72 2211
73 1840
74 1566
75 1407
76 1245
77 1039
78 898
79 797
80 694
81 630
82 600
83 535
84 498
85 454
86 480
87 428
88 444
89 448
90 422
91 463
92 457
93 410
94 447
95 496
96 491
97 477
98 523
99 455
100 493
101 537
102 503
103 541
104 522
105 458
106 439
107 438
108 446
109 477
110 444
111 403
112 353
113 353
114 366
115 333
116 337
117 328
118 313
119 323
120 294
121 336
122 341
123 360
124 347
125 348
126 352
127 400
128 360
129 359
130 346
131 337
132 326
133 412
134 373
135 387
136 376
137 329
138 292
139 318
140 275
141 280
142 261
143 261
144 252
145 231
146 273
147 232
148 229
149 201
150 196
151 175
152 177
153 185
154 164
155 139
156 153
157 123
158 113
159 123
160 117
161 125
162 136
163 137
164 85
165 101
166 130
167 122
168 120
169 149
170 115
171 133
172 149
173 150
174 110
175 113
176 164
177 136
178 170
179 162
180 206
181 245
182 267
183 376
184 441
185 488
186 641
187 762
188 871
189 1012
190 1255
191 1618
192 1915
193 2355
194 2722
195 3218
196 3590
197 4320
198 5065
199 5863
200 6779
201 7809
202 8888
203 10013
204 11298
205 12867
206 14715
207 16451
208 18252
209 20203
210 22109
211 23857
212 26467
213 28567
214 30904
215 33282
216 35662
217 38172
218 40214
219 43061
220 44823
221 47138
222 49215
223 51256
224 52741
225 54195
226 54811
227 56435
228 56740
229 58075
230 58162
231 58416
232 58737
233 57985
234 57549
235 56626
236 55466
237 53956
238 52259
239 50809
240 48619
241 46822
242 45082
243 42566
244 40497
245 37856
246 35712
247 33721
248 31142
249 29007
250 26876
251 24805
252 22932
253 21045
254 18960
255 17533
256 15695
257 14185
258 12506
259 11157
260 9765
261 8636
262 7727
263 6539
264 5766
265 5254
266 4624
267 3996
268 3477
269 3000
270 2646
271 2287
272 1815
273 1635
274 1404
275 1189
276 1037
277 909
278 710
279 594
280 537
281 460
282 379
283 318
284 266
285 224
286 165
287 150
288 130
289 103
290 125
291 78
292 71
293 46
294 70
295 42
296 51
297 58
298 43
299 46
300 50
301 37
302 30
303 24
304 26
305 20
306 16
307 17
308 23
309 16
310 21
311 22
312 20
313 21
314 15
315 16
316 24
317 17
318 22
319 17
320 18
321 13
322 20
323 12
324 8
325 17
326 15
327 12
328 10
329 9
330 9
331 6
332 12
333 6
334 10
335 14
336 12
337 12
338 13
339 8
340 19
341 10
342 6
343 10
344 8
345 7
346 16
347 17
348 13
349 10
350 12
351 14
352 15
353 13
354 18
355 12
356 21
357 11
358 14
359 17
360 14
361 12
362 13
363 10
364 2
365 8
366 10
367 12
368 10
369 11
370 9
371 7
372 8
373 13
374 9
375 11
376 13
377 11
378 4
379 4
380 3
381 2
382 4
383 4
384 6
385 4
386 9
387 5
388 6
389 2
390 8
391 5
392 10
393 9
394 15
395 7
396 5
397 7
398 8
399 6
400 3
401 9
402 7
403 5
404 9
405 7
406 12
407 13
408 12
409 19
410 15
411 21
412 16
413 15
414 21
415 26
416 27
417 17
418 32
419 18
420 14
421 21
422 16
423 17
424 14
425 28
426 19
427 28
428 24
429 31
430 39
431 31
432 28
433 26
434 41
435 50
436 55
437 45
438 31
439 42
440 44
441 50
442 60
443 60
444 60
445 58
446 71
447 59
448 74
449 91
450 96
451 107
452 95
453 78
454 81
455 99
456 77
457 85
458 103
459 112
460 92
461 118
462 99
463 106
464 95
465 83
466 108
467 106
468 84
469 87
470 84
471 93
472 102
473 88
474 93
475 85
476 93
477 63
478 73
479 65
480 53
481 54
482 51
483 59
484 50
485 59
486 60
487 62
488 64
489 58
490 68
491 49
492 51
493 41
494 34
495 35
496 36
497 30
498 26
499 19
500 22
501 18
502 13
503 18
504 8
505 11
506 7
507 13
508 17
509 11
510 15
511 10
512 8
513 10
514 4
515 8
516 3
517 4
518 4
519 1
520 3
521 5
522 4
523 2
524 3
525 2
526 2
527 1
528 5
529 3
530 6
531 5
532 3
533 5
534 2
535 3
536 6
537 7
538 4
539 6
540 5
541 4
542 3
543 8
544 1
545 1
546 2
547 2
548 6
549 1
550 3
551 2
552 2
553 1
554 3
555 4
556 4
557 2
558 2
559 4
560 2
561 2
562 1
563 6
564 6
565 3
566 4
567 4
568 6
569 6
570 4
571 2
572 2
573 8
574 4
575 3
576 7
577 4
578 4
579 10
580 7
581 6
582 4
583 7
584 3
585 3
586 6
587 1
588 2
589 3
590 5
591 2
593 1
594 2
595 1
596 2
597 1
598 2
600 1
601 1
602 1
603 1
605 2
607 1
608 1
609 1
610 2
613 4
614 4
615 4
616 2
617 4
618 2
619 6
620 4
621 4
622 9
623 7
624 1
625 4
626 5
627 3
628 5
629 3
630 7
631 4
632 3
633 3
634 4
635 3
636 3
637 4
638 3
639 3
640 2
641 4
642 1
644 2
645 4
646 1
647 2
648 2
650 2
651 1
652 1
653 1
654 2
655 2
656 4
657 4
658 5
659 4
660 9
661 5
662 2
663 4
664 1
665 4
666 5
667 1
668 2
669 3
670 2
671 6
672 8
673 2
674 5
675 3
676 6
677 6
678 2
679 3
680 5
681 2
682 6
683 7
684 1
685 6
686 3
687 3
688 5
689 1
690 4
691 3
692 2
693 2
694 1
695 1
696 3
697 4
698 5
699 4
700 2
701 3
702 5
703 4
704 4
705 2
706 5
707 2
708 1
709 7
710 5
711 5
712 6
713 7
714 3
715 5
716 3
717 7
718 5
719 6
720 2
721 3
722 6
723 1
724 6
725 5
726 4
727 6
728 2
729 3
730 2
731 5
732 2
733 2
734 1
735 2
736 1
737 3
738 4
742 1
743 1
744 3
745 1
746 2
747 1
748 2
749 3
750 4
751 8
752 2
753 7
754 1
755 5
756 1
758 4
759 2
760 5
762 2
763 4
764 1
765 3
766 6
767 3
768 1
769 5
770 1
771 4
772 2
773 4
774 2
775 1
776 1
777 2
778 1
779 1
780 1
781 1
782 4
783 1
784 1
785 2
787 1
790 2
791 1
793 1
796 2
797 1
798 1
802 2
803 1
805 2
807 1
812 1
813 3
814 1
822 1
827 1
854 1
855 1
856 1
864 1
865 1
869 1
872 1
873 1
874 1
875 1
877 3
878 1
880 2
881 2
882 1
886 1
887 3
888 3
889 1
890 4
891 1
892 4
894 3
895 1
898 2
899 1
901 1
907 1
908 2
909 1
915 1
916 1
919 1
923 1
926 1
927 1
929 1
933 1
934 1
939 1
941 1
943 1
944 1
945 1
947 2
948 1
953 1
954 1
958 1
959 1
960 1
962 3
964 1
968 1
973 2
1061 1
1098 1
1113 2
1128 1
1132 1
1135 1
1139 3
1146 1
1148 1
1150 3
1157 2
1158 1
1160 1
1180 1
1181 1
1182 1
1184 1
1185 1
1186 2
1190 1
1191 1
1194 1
1200 1
1326 1
1339 1
1379 1
1407 1
1412 2
1431 2
1436 1
1438 1
1440 2
1441 2
1442 2
1445 2
1446 1
1447 1
1448 1
1450 1
1466 1
1467 2
1470 1
1474 1
1478 1
1495 1
1496 1
1497 1
1500 1
1501 1
1502 1
1503 1
1510 2
1511 1
1514 1
1544 1
1548 1
1549 1
1552 1
1559 1
1799 1
1892 1
1899 1
2046 1
2110 1
2257 1
2263 1
2769 1
2772 1
2776 1
2779 1
2783 1
2785 1
2786 1
2789 1
2791 1
2799 1
