1 19940943
2 8222508
3 5583891
4 4570402
5 3953004
6 3511445
7 3172031
8 2777618
9 2297656
10 1780185
11 1299200
12 879177
13 564686
14 345504
15 204169
16 116546
17 66261
18 38354
19 23305
20 15115
21 10076
22 7529
23 5871
24 4872
25 3900
26 3490
27 2835
28 2475
29 2199
30 2098
31 1852
32 1760
33 1606
34 1543
35 1356
36 1339
37 1170
38 1131
39 1012
40 775
41 732
42 664
43 666
44 561
45 472
46 443
47 456
48 449
49 380
50 381
51 362
52 308
53 318
54 269
55 264
56 264
57 236
58 206
59 196
60 164
61 143
62 134
63 116
64 111
65 93
66 66
67 94
68 66
69 79
70 92
71 80
72 95
73 58
74 74
75 78
76 61
77 49
78 41
79 59
80 79
81 86
82 99
83 72
84 61
85 42
86 41
87 45
88 53
89 66
90 48
91 43
92 39
93 49
94 50
95 72
96 112
97 93
98 66
99 60
100 50
101 46
102 45
103 45
104 42
105 45
106 41
107 29
108 35
109 40
110 26
111 31
112 31
113 34
114 28
115 46
116 25
117 30
118 38
119 23
120 28
121 13
122 9
123 11
124 11
125 5
126 10
127 7
128 7
129 7
130 3
131 3
132 6
133 3
134 3
135 1
136 2
137 5
138 5
139 5
140 9
141 9
142 5
143 2
144 8
145 6
146 1
147 2
148 4
149 2
150 2
151 3
152 3
153 3
154 5
155 7
156 1
157 5
158 1
159 2
160 3
161 2
162 2
163 3
164 7
165 2
166 3
167 6
168 2
169 5
170 5
171 1
172 4
173 1
175 2
176 2
177 2
178 2
179 3
180 3
181 4
182 1
183 1
184 2
186 1
187 1
188 1
191 1
196 1
197 1
198 2
199 1
200 2
201 2
207 1
208 1
209 1
211 1
212 1
213 2
214 1
217 1
221 1
222 1
224 1
225 2
226 4
227 2
231 1
232 1
233 1
237 1
238 2
239 1
240 2
242 2
243 1
246 2
247 2
248 1
249 3
250 1
251 2
252 2
253 2
254 1
255 2
256 2
257 2
259 2
260 2
261 2
262 5
263 2
264 2
265 2
266 1
268 3
271 1
272 1
275 2
276 1
277 1
281 1
282 1
283 1
284 2
285 1
286 1
287 3
288 1
290 1
291 2
292 2
294 1
295 1
296 2
298 2
299 1
300 1
302 1
304 1
305 1
306 1
307 1
308 1
310 1
314 2
315 1
317 1
319 1
324 1
329 1
330 1
332 1
335 1
340 1
342 1
343 2
344 1
345 1
348 1
354 1
370 1
384 2
386 2
387 1
388 1
389 1
390 1
391 1
392 1
394 1
553 1
562 1
564 1
594 1
605 1
653 1
782 1
783 1
784 1
785 1
786 3
787 1
789 1
790 1
793 1
