1 21077223
2 8142873
3 3782570
4 2220252
5 1571676
6 1258478
7 1128977
8 1129599
9 1206585
10 1285742
11 1340872
12 1338232
13 1302933
14 1242960
15 1172426
16 1091492
17 1011744
18 929245
19 849265
20 760018
21 668892
22 586894
23 508427
24 444850
25 389207
26 348530
27 315469
28 294762
29 283005
30 274578
31 273384
32 273367
33 276522
34 280546
35 285278
36 290763
37 295262
38 296406
39 296795
40 294862
41 295103
42 292631
43 291999
44 289474
45 287794
46 283945
47 280492
48 276981
49 274208
50 267701
51 257506
52 247685
53 234589
54 220433
55 202860
56 186597
57 167372
58 147588
59 128250
60 110655
61 93804
62 78863
63 64258
64 52211
65 41836
66 32912
67 25719
68 20316
69 15834
70 12377
71 9346
72 7189
73 5380
74 4430
75 3709
76 3084
77 2850
78 2335
79 2153
80 1923
81 1827
82 1646
83 1447
84 1361
85 1391
86 1293
87 1156
88 1075
89 1102
90 1028
91 972
92 912
93 887
94 768
95 785
96 823
97 838
98 844
99 840
100 852
101 866
102 921
103 997
104 905
105 817
106 911
107 871
108 890
109 757
110 754
111 741
112 780
113 710
114 694
115 611
116 667
117 566
118 527
119 573
120 531
121 526
122 511
123 451
124 455
125 409
126 428
127 436
128 387
129 336
130 351
131 335
132 296
133 320
134 296
135 261
136 244
137 240
138 200
139 214
140 244
141 245
142 245
143 253
144 263
145 255
146 242
147 293
148 301
149 305
150 344
151 342
152 339
153 384
154 365
155 380
156 355
157 392
158 406
159 399
160 400
161 361
162 362
163 336
164 346
165 328
166 288
167 275
168 278
169 265
170 253
171 235
172 215
173 203
174 189
175 187
176 176
177 190
178 177
179 165
180 146
181 133
182 132
183 117
184 131
185 135
186 129
187 120
188 98
189 132
190 123
191 120
192 120
193 133
194 113
195 103
196 110
197 87
198 96
199 69
200 73
201 89
202 64
203 63
204 69
205 58
206 62
207 47
208 64
209 76
210 73
211 68
212 65
213 78
214 83
215 79
216 83
217 95
218 115
219 123
220 155
221 154
222 206
223 241
224 263
225 360
226 372
227 458
228 517
229 670
230 771
231 924
232 1093
233 1291
234 1550
235 1841
236 2103
237 2539
238 2991
239 3379
240 4039
241 4501
242 5171
243 6089
244 6852
245 7542
246 8519
247 9533
248 10794
249 12115
250 13469
251 15026
252 16637
253 18399
254 20240
255 22358
256 24397
257 26879
258 28937
259 31409
260 33654
261 36350
262 39065
263 41908
264 44774
265 47068
266 49833
267 52701
268 55705
269 58473
270 61377
271 63906
272 67263
273 69876
274 72550
275 75325
276 77159
277 80242
278 82415
279 85561
280 86780
281 89320
282 91174
283 93618
284 94439
285 96923
286 98202
287 99987
288 100986
289 102234
290 103125
291 104780
292 104100
293 105039
294 105434
295 105988
296 105546
297 105304
298 104595
299 103887
300 102948
301 101258
302 100130
303 98444
304 96829
305 94825
306 92779
307 91129
308 88260
309 85637
310 83207
311 80610
312 77329
313 74128
314 71183
315 67919
316 64640
317 61282
318 58284
319 54807
320 51991
321 48638
322 45473
323 42579
324 39660
325 37006
326 33910
327 31679
328 28718
329 26379
330 24249
331 22160
332 20161
333 18162
334 16812
335 15041
336 13360
337 12038
338 10916
339 9849
340 8641
341 7720
342 6891
343 5930
344 5284
345 4578
346 4093
347 3478
348 2899
349 2582
350 2241
351 2059
352 1736
353 1513
354 1280
355 1120
356 943
357 765
358 632
359 609
360 473
361 461
362 357
363 288
364 266
365 215
366 212
367 213
368 173
369 140
370 153
371 137
372 126
373 103
374 118
375 107
376 75
377 81
378 75
379 69
380 76
381 84
382 66
383 53
384 65
385 66
386 62
387 61
388 53
389 49
390 50
391 50
392 42
393 51
394 49
395 49
396 53
397 43
398 45
399 55
400 51
401 53
402 33
403 48
404 43
405 47
406 38
407 34
408 46
409 36
410 36
411 28
412 29
413 23
414 31
415 28
416 23
417 30
418 27
419 20
420 31
421 26
422 17
423 20
424 24
425 17
426 11
427 24
428 16
429 21
430 18
431 16
432 23
433 26
434 18
435 21
436 25
437 22
438 25
439 19
440 23
441 17
442 15
443 22
444 10
445 19
446 21
447 24
448 20
449 17
450 20
451 18
452 18
453 21
454 17
455 19
456 19
457 22
458 13
459 10
460 11
461 10
462 11
463 13
464 13
465 16
466 8
467 17
468 9
469 15
470 17
471 14
472 13
473 16
474 18
475 17
476 5
477 11
478 13
479 17
480 11
481 15
482 12
483 8
484 12
485 21
486 15
487 10
488 8
489 11
490 17
491 14
492 12
493 14
494 15
495 14
496 13
497 11
498 23
499 19
500 14
501 20
502 23
503 19
504 15
505 29
506 18
507 28
508 32
509 41
510 47
511 48
512 62
513 47
514 81
515 76
516 73
517 90
518 81
519 85
520 91
521 110
522 110
523 101
524 122
525 112
526 147
527 154
528 156
529 137
530 146
531 142
532 170
533 163
534 172
535 176
536 170
537 207
538 204
539 209
540 225
541 234
542 253
543 238
544 247
545 258
546 235
547 274
548 264
549 274
550 288
551 254
552 283
553 285
554 294
555 322
556 333
557 319
558 301
559 314
560 306
561 264
562 308
563 328
564 328
565 304
566 336
567 295
568 327
569 278
570 305
571 280
572 290
573 293
574 292
575 316
576 300
577 301
578 335
579 299
580 316
581 346
582 336
583 305
584 326
585 328
586 349
587 361
588 360
589 309
590 334
591 319
592 347
593 359
594 318
595 359
596 304
597 333
598 294
599 350
600 328
601 349
602 285
603 332
604 317
605 324
606 343
607 320
608 310
609 325
610 271
611 310
612 274
613 298
614 303
615 263
616 258
617 276
618 240
619 263
620 239
621 255
622 244
623 214
624 238
625 207
626 203
627 194
628 188
629 194
630 180
631 150
632 177
633 169
634 139
635 151
636 127
637 128
638 91
639 123
640 115
641 123
642 86
643 104
644 93
645 80
646 90
647 71
648 65
649 44
650 68
651 49
652 55
653 50
654 60
655 55
656 53
657 43
658 50
659 36
660 41
661 37
662 41
663 48
664 34
665 39
666 21
667 34
668 23
669 30
670 28
671 25
672 21
673 23
674 29
675 25
676 21
677 19
678 15
679 18
680 11
681 14
682 21
683 18
684 19
685 15
686 12
687 14
688 18
689 18
690 21
691 13
692 12
693 17
694 13
695 15
696 22
697 22
698 7
699 22
700 11
701 20
702 11
703 16
704 13
705 15
706 15
707 14
708 11
709 14
710 9
711 6
712 6
713 6
714 5
715 5
716 4
717 8
718 5
719 7
720 10
721 9
722 7
723 7
724 5
725 9
726 6
727 5
728 3
729 2
730 6
731 7
732 10
733 6
734 7
735 9
736 9
737 10
738 5
739 6
740 14
741 6
742 5
743 9
744 12
745 15
746 15
747 16
748 14
749 7
750 11
751 10
752 7
753 13
754 10
755 15
756 12
757 12
758 12
759 10
760 7
761 12
762 10
763 12
764 5
765 14
766 14
767 10
768 9
769 14
770 15
771 14
772 15
773 18
774 19
775 21
776 37
777 26
778 33
779 26
780 53
781 30
782 39
783 36
784 46
785 49
786 31
787 44
788 45
789 42
790 33
791 35
792 63
793 57
794 50
795 47
796 57
797 58
798 53
799 39
800 48
801 63
802 56
803 66
804 61
805 69
806 69
807 84
808 73
809 99
810 77
811 88
812 96
813 92
814 98
815 104
816 128
817 121
818 110
819 117
820 105
821 114
822 119
823 125
824 119
825 144
826 154
827 149
828 144
829 145
830 146
831 151
832 148
833 175
834 159
835 161
836 168
837 156
838 193
839 194
840 165
841 166
842 161
843 165
844 169
845 141
846 147
847 142
848 141
849 132
850 122
851 115
852 126
853 128
854 123
855 113
856 104
857 150
858 108
859 110
860 117
861 98
862 98
863 104
864 100
865 96
866 80
867 103
868 83
869 86
870 97
871 70
872 82
873 79
874 92
875 86
876 71
877 64
878 74
879 81
880 72
881 67
882 67
883 61
884 58
885 54
886 65
887 46
888 51
889 50
890 47
891 57
892 60
893 44
894 52
895 35
896 44
897 39
898 49
899 35
900 44
901 27
902 35
903 31
904 29
905 33
906 26
907 18
908 14
909 30
910 31
911 33
912 26
913 29
914 28
915 29
916 19
917 21
918 33
919 42
920 35
921 21
922 23
923 31
924 20
925 23
926 17
927 11
928 27
929 19
930 20
931 24
932 17
933 14
934 17
935 27
936 15
937 24
938 16
939 24
940 19
941 12
942 22
943 18
944 18
945 12
946 17
947 10
948 23
949 15
950 23
951 25
952 20
953 20
954 28
955 29
956 17
957 14
958 19
959 16
960 13
961 13
962 14
963 19
964 14
965 16
966 14
967 21
968 9
969 12
970 11
971 14
972 8
973 11
974 13
975 10
976 12
977 19
978 10
979 14
980 20
981 24
982 9
983 12
984 13
985 9
986 12
987 6
988 8
989 10
990 5
991 7
992 6
993 5
994 5
995 3
996 4
997 5
998 5
999 5
1000 1
1001 1
1002 3
1003 1
1004 2
1005 2
1006 3
1007 4
1008 2
1009 1
1010 1
1011 1
1012 2
1013 4
1015 1
1016 1
1017 1
1018 1
1021 1
1022 2
1023 1
1025 2
1026 2
1027 2
1029 2
1031 1
1032 1
1033 1
1035 3
1036 2
1037 3
1038 2
1039 1
1040 1
1041 1
1042 1
1043 1
1044 2
1045 1
1046 4
1047 1
1048 1
1049 6
1050 3
1051 6
1052 9
1053 6
1054 5
1055 3
1056 6
1057 9
1058 4
1059 5
1060 5
1061 12
1062 10
1063 17
1064 13
1065 12
1066 9
1067 6
1068 12
1069 11
1070 14
1071 17
1072 16
1073 16
1074 12
1075 23
1076 22
1077 29
1078 19
1079 25
1080 18
1081 32
1082 21
1083 27
1084 31
1085 35
1086 29
1087 27
1088 33
1089 27
1090 33
1091 34
1092 38
1093 29
1094 41
1095 43
1096 27
1097 29
1098 45
1099 38
1100 37
1101 43
1102 46
1103 37
1104 49
1105 54
1106 40
1107 50
1108 37
1109 52
1110 59
1111 38
1112 51
1113 41
1114 49
1115 43
1116 42
1117 46
1118 39
1119 49
1120 39
1121 36
1122 33
1123 29
1124 29
1125 26
1126 32
1127 32
1128 30
1129 23
1130 30
1131 42
1132 34
1133 35
1134 35
1135 24
1136 33
1137 39
1138 38
1139 36
1140 36
1141 28
1142 30
1143 24
1144 37
1145 27
1146 24
1147 26
1148 27
1149 24
1150 21
1151 18
1152 21
1153 22
1154 25
1155 30
1156 29
1157 28
1158 15
1159 25
1160 22
1161 25
1162 15
1163 19
1164 26
1165 27
1166 20
1167 28
1168 19
1169 22
1170 23
1171 33
1172 19
1173 26
1174 27
1175 19
1176 16
1177 28
1178 28
1179 21
1180 29
1181 26
1182 27
1183 35
1184 32
1185 22
1186 34
1187 31
1188 43
1189 33
1190 35
1191 30
1192 24
1193 33
1194 30
1195 32
1196 22
1197 33
1198 28
1199 38
1200 23
1201 42
1202 23
1203 25
1204 44
1205 41
1206 31
1207 37
1208 40
1209 35
1210 36
1211 43
1212 38
1213 41
1214 37
1215 34
1216 41
1217 30
1218 37
1219 43
1220 41
1221 30
1222 46
1223 38
1224 40
1225 27
1226 50
1227 41
1228 43
1229 37
1230 35
1231 49
1232 54
1233 38
1234 33
1235 35
1236 43
1237 29
1238 25
1239 33
1240 31
1241 27
1242 23
1243 38
1244 30
1245 30
1246 24
1247 25
1248 19
1249 18
1250 16
1251 14
1252 12
1253 13
1254 11
1255 6
1256 16
1257 16
1258 16
1259 13
1260 11
1261 10
1262 9
1263 14
1264 12
1265 7
1266 10
1267 9
1268 11
1269 9
1270 7
1271 4
1272 8
1273 8
1274 6
1275 5
1276 7
1277 7
1278 11
1279 8
1280 6
1281 4
1282 4
1283 1
1284 8
1285 6
1286 6
1287 5
1288 3
1289 4
1290 5
1291 3
1292 7
1293 10
1294 3
1295 8
1296 5
1297 7
1298 10
1299 9
1300 3
1301 5
1302 5
1303 5
1304 2
1305 2
1306 6
1307 3
1308 6
1309 7
1310 3
1311 7
1312 5
1313 6
1314 7
1315 2
1316 3
1317 4
1318 1
1319 1
1320 4
1321 1
1322 1
1323 3
1324 2
1325 2
1327 2
1328 2
1329 3
1330 2
1331 1
1332 2
1333 1
1334 5
1335 2
1336 2
1337 2
1338 3
1339 6
1340 1
1341 1
1342 2
1343 5
1345 3
1346 5
1347 5
1348 5
1349 4
1350 8
1351 11
1352 14
1353 12
1354 8
1355 10
1356 10
1357 15
1358 11
1359 8
1360 21
1361 17
1362 9
1363 20
1364 19
1365 17
1366 25
1367 18
1368 18
1369 25
1370 22
1371 29
1372 17
1373 27
1374 18
1375 26
1376 24
1377 21
1378 27
1379 27
1380 26
1381 41
1382 27
1383 25
1384 24
1385 33
1386 32
1387 30
1388 34
1389 24
1390 29
1391 29
1392 30
1393 25
1394 18
1395 16
1396 21
1397 33
1398 25
1399 30
1400 18
1401 16
1402 26
1403 23
1404 24
1405 31
1406 31
1407 24
1408 28
1409 23
1410 22
1411 15
1412 31
1413 23
1414 21
1415 18
1416 18
1417 15
1418 15
1419 11
1420 13
1421 16
1422 16
1423 20
1424 19
1425 18
1426 14
1427 14
1428 16
1429 14
1430 14
1431 18
1432 19
1433 14
1434 22
1435 21
1436 15
1437 16
1438 19
1439 20
1440 20
1441 19
1442 16
1443 21
1444 20
1445 14
1446 23
1447 16
1448 21
1449 12
1450 19
1451 16
1452 15
1453 13
1454 13
1455 14
1456 23
1457 15
1458 12
1459 16
1460 10
1461 9
1462 15
1463 17
1464 12
1465 14
1466 12
1467 8
1468 10
1469 16
1470 13
1471 16
1472 26
1473 19
1474 12
1475 18
1476 16
1477 8
1478 21
1479 13
1480 13
1481 16
1482 12
1483 12
1484 11
1485 13
1486 7
1487 11
1488 16
1489 14
1490 14
1491 13
1492 14
1493 21
1494 15
1495 11
1496 18
1497 20
1498 23
1499 15
1500 27
1501 18
1502 17
1503 13
1504 18
1505 10
1506 15
1507 5
1508 13
1509 20
1510 16
1511 16
1512 14
1513 19
1514 17
1515 9
1516 16
1517 17
1518 14
1519 24
1520 15
1521 19
1522 14
1523 19
1524 22
1525 24
1526 21
1527 14
1528 21
1529 18
1530 18
1531 10
1532 24
1533 12
1534 19
1535 19
1536 13
1537 14
1538 11
1539 10
1540 11
1541 20
1542 17
1543 14
1544 8
1545 11
1546 7
1547 10
1548 10
1549 10
1550 4
1551 6
1552 10
1553 7
1554 5
1555 2
1556 4
1557 2
1558 5
1559 4
1560 1
1562 1
1564 2
1565 1
1566 2
1567 2
1568 3
1569 1
1570 1
1571 3
1572 1
1573 4
1574 5
1576 1
1577 3
1578 2
1579 3
1581 1
1582 1
1583 1
1584 1
1585 1
1586 3
1587 1
1588 3
1589 1
1590 4
1591 4
1592 3
1593 2
1594 4
1595 3
1596 5
1597 5
1598 1
1599 3
1600 2
1601 6
1602 5
1603 5
1604 9
1605 7
1606 4
1607 7
1608 7
1609 6
1610 8
1611 11
1612 3
1613 8
1614 5
1615 3
1616 12
1617 5
1618 10
1619 7
1620 13
1621 11
1622 10
1623 6
1624 7
1625 15
1626 19
1627 10
1628 5
1629 8
1630 4
1631 12
1632 15
1633 14
1634 13
1635 12
1636 21
1637 15
1638 21
1639 15
1640 23
1641 23
1642 23
1643 22
1644 24
1645 22
1646 21
1647 32
1648 26
1649 30
1650 27
1651 25
1652 22
1653 32
1654 30
1655 27
1656 23
1657 19
1658 28
1659 30
1660 24
1661 24
1662 18
1663 26
1664 28
1665 25
1666 22
1667 20
1668 19
1669 22
1670 18
1671 18
1672 14
1673 20
1674 22
1675 20
1676 22
1677 15
1678 13
1679 20
1680 17
1681 17
1682 17
1683 23
1684 20
1685 21
1686 10
1687 15
1688 16
1689 16
1690 24
1691 15
1692 16
1693 12
1694 9
1695 10
1696 12
1697 16
1698 10
1699 12
1700 22
1701 19
1702 10
1703 13
1704 12
1705 19
1706 9
1707 15
1708 10
1709 11
1710 8
1711 12
1712 9
1713 4
1714 6
1715 6
1716 7
1717 8
1718 7
1719 6
1720 6
1721 9
1722 7
1723 6
1724 7
1725 7
1726 6
1727 7
1728 6
1729 8
1730 7
1731 6
1732 6
1733 11
1734 6
1735 10
1736 5
1737 7
1738 8
1739 7
1740 12
1741 8
1742 9
1743 9
1744 3
1745 14
1746 5
1747 8
1748 6
1749 4
1750 9
1751 8
1752 9
1753 5
1754 9
1755 5
1756 10
1757 6
1758 6
1759 4
1760 5
1761 5
1762 8
1763 3
1764 5
1765 2
1766 3
1768 4
1769 3
1770 2
1771 7
1772 4
1773 3
1774 2
1775 2
1776 3
1777 3
1778 1
1780 7
1781 2
1782 3
1783 4
1784 1
1785 4
1786 3
1787 2
1788 5
1789 1
1791 2
1794 2
1795 3
1796 3
1797 2
1798 8
1799 1
1800 2
1801 1
1802 1
1803 1
1804 9
1805 4
1806 2
1807 9
1808 7
1809 2
1810 7
1811 6
1812 2
1813 4
1814 4
1815 4
1816 6
1817 9
1818 5
1819 10
1820 1
1821 6
1822 4
1823 5
1824 9
1825 4
1826 4
1827 3
1828 3
1830 1
1831 2
1833 1
1834 5
1835 1
1836 3
1837 5
1838 1
1839 3
1840 3
1842 4
1844 2
1845 2
1846 2
1847 1
1849 2
1850 1
1851 1
1852 1
1858 1
1859 1
1860 2
1861 4
1863 1
1864 2
1865 1
1867 1
1868 2
1870 2
1871 2
1872 2
1873 1
1874 3
1875 3
1876 2
1878 1
1879 3
1881 4
1883 6
1884 2
1885 3
1886 4
1887 5
1888 3
1889 1
1890 4
1892 2
1893 3
1894 2
1895 3
1896 2
1897 4
1898 3
1899 2
1900 1
1901 2
1902 2
1903 3
1904 2
1905 4
1906 4
1907 3
1909 2
1910 2
1911 1
1912 3
1913 2
1914 1
1915 3
1916 4
1917 1
1918 1
1919 3
1920 3
1921 2
1922 1
1923 2
1924 7
1925 4
1926 5
1927 3
1928 4
1929 4
1930 3
1931 2
1932 2
1933 2
1934 4
1935 1
1936 4
1937 5
1938 3
1939 1
1940 1
1941 3
1942 3
1943 4
1944 4
1945 3
1946 4
1947 2
1948 3
1949 2
1950 2
1952 5
1953 3
1954 10
1955 4
1956 3
1957 2
1958 5
1960 2
1961 2
1962 2
1963 3
1964 5
1965 2
1966 3
1967 3
1968 2
1969 1
1970 1
1971 2
1973 2
1974 1
1975 1
1976 4
1977 2
1979 3
1980 2
1981 2
1982 2
1983 1
1984 2
1986 1
1988 3
1989 1
1990 2
1991 1
1992 3
1994 4
1995 6
1997 4
2000 2
2001 1
2002 1
2005 1
2006 2
2009 1
2013 1
2014 1
2015 1
2016 2
2019 1
2020 1
2021 1
2022 1
2029 1
2032 1
2034 1
2035 1
2036 2
2038 1
2040 1
2045 2
2049 1
2054 1
2069 1
2079 1
2091 1
2099 1
2100 1
2103 1
2106 2
2112 1
2114 1
2115 1
2117 1
2119 2
2120 2
2122 2
2123 1
2124 2
2126 1
2128 1
2129 1
2131 1
2132 1
2137 2
2138 2
2139 1
2143 1
2144 1
2146 1
2149 1
2150 2
2151 1
2157 2
2158 1
2159 2
2163 2
2165 4
2166 1
2167 2
2168 1
2169 3
2170 3
2171 3
2172 1
2173 1
2174 1
2176 2
2177 1
2179 2
2180 1
2181 3
2182 1
2183 1
2184 1
2185 2
2186 2
2188 1
2189 4
2192 3
2193 1
2194 3
2195 4
2197 3
2198 3
2199 4
2200 1
2201 2
2202 3
2203 3
2204 1
2205 2
2206 2
2207 2
2208 3
2209 1
2210 3
2211 1
2212 1
2213 2
2214 3
2215 2
2217 4
2218 3
2220 3
2221 3
2222 3
2224 1
2225 3
2226 2
2227 1
2228 3
2229 1
2230 2
2232 2
2233 1
2236 2
2237 1
2238 2
2239 5
2240 3
2241 4
2242 2
2243 4
2244 2
2245 3
2246 3
2247 1
2249 3
2250 1
2251 2
2252 1
2253 1
2254 1
2256 2
2260 1
2261 1
2262 1
2266 2
2268 5
2270 2
2271 2
2272 2
2277 1
2279 1
2283 1
2284 2
2285 2
2287 1
2288 1
2289 1
2291 1
2292 1
2294 3
2297 1
2299 1
2303 1
2305 1
2306 1
2307 2
2309 1
2318 1
2320 1
2323 2
2326 1
2329 2
2336 1
2337 1
2345 1
2348 1
2350 1
2359 1
2365 1
2386 1
2397 1
2399 2
2402 1
2410 1
2415 1
2418 1
2419 1
2422 1
2423 1
2424 1
2426 1
2429 1
2434 1
2435 1
2438 5
2439 1
2441 2
2442 2
2444 1
2445 4
2446 1
2447 1
2448 3
2449 1
2451 1
2452 2
2453 4
2454 2
2455 3
2456 2
2459 2
2460 1
2462 2
2465 2
2466 1
2467 4
2468 2
2469 2
2470 2
2471 2
2472 2
2473 6
2474 2
2475 1
2476 3
2477 1
2478 3
2479 3
2480 1
2481 1
2482 3
2483 2
2484 2
2485 2
2487 3
2488 3
2490 2
2491 3
2492 2
2493 2
2494 1
2496 3
2497 2
2498 2
2499 2
2500 1
2501 1
2502 1
2503 1
2504 2
2508 1
2509 1
2510 1
2511 1
2512 2
2513 2
2514 2
2515 4
2517 2
2518 1
2521 2
2522 1
2523 1
2524 1
2527 4
2528 2
2529 1
2530 1
2531 1
2532 2
2533 1
2534 1
2535 3
2536 1
2539 1
2540 1
2541 2
2543 1
2546 2
2547 3
2548 1
2553 1
2558 2
2559 1
2563 1
2566 1
2567 1
2569 1
2574 2
2575 2
2593 1
2597 1
2599 1
2601 3
2608 2
2611 1
2612 1
2614 1
2623 1
2624 1
2626 1
2627 1
2629 1
2630 1
2631 1
2632 1
2633 2
2635 1
2636 1
2638 2
2639 2
2641 1
2644 1
2646 2
2648 1
2650 3
2651 3
2652 3
2653 3
2654 3
2656 1
2658 1
2662 1
2664 2
2666 2
2667 3
2669 1
2670 1
2671 1
2672 1
2673 2
2674 3
2675 1
2678 1
2680 2
2683 1
2685 1
2687 1
2688 2
2692 1
2693 2
2696 1
2697 1
2698 1
2699 1
2702 1
2703 2
2704 1
2705 2
2706 2
2707 1
2709 1
2710 3
2712 1
2715 2
2716 4
2717 2
2718 1
2719 1
2721 1
2722 1
2723 2
2724 3
2726 1
2728 4
2729 1
2730 1
2731 3
2732 2
2733 2
2734 2
2736 2
2737 1
2738 3
2739 1
2740 1
2741 1
2742 2
2743 1
2744 2
2745 1
2747 1
2748 1
2750 1
2751 3
2752 1
2753 2
2754 5
2755 1
2756 5
2757 1
2758 2
2759 2
2760 1
2761 7
2763 4
2764 4
2765 4
2766 2
2767 3
2768 1
2769 1
2770 2
2771 3
2772 3
2773 1
2774 1
2775 2
2776 1
2777 3
2778 1
2779 1
2780 1
2781 3
2782 3
2783 1
2784 2
2785 1
2786 1
2787 4
2789 1
2791 3
2793 5
2795 2
2796 1
2797 2
2800 1
2801 6
2802 2
2803 3
2804 1
2806 2
2807 1
2808 2
2809 1
2810 1
2811 2
2812 1
2813 3
2814 1
2815 2
2817 1
2821 1
2823 3
2825 3
2826 1
2827 1
2828 2
2829 2
2832 1
2833 1
2835 2
2841 1
2843 1
2844 1
2845 1
2846 1
2847 1
2850 1
2852 2
2856 1
2859 1
2862 2
2869 2
2873 1
2874 1
2884 1
2885 1
2888 1
2893 1
2894 1
2896 1
2899 1
2902 1
2904 1
2906 2
2911 2
2915 2
2916 1
2921 1
2922 1
2923 3
2924 1
2926 1
2928 1
2930 1
2933 1
2934 2
2935 2
2936 2
2937 2
2939 1
2940 1
2941 1
2942 2
2943 1
2944 1
2945 1
2951 1
2954 2
2955 2
2956 1
2957 2
2958 2
2960 3
2962 2
2963 1
2964 2
2965 1
2966 3
2967 1
2968 3
2969 4
2970 2
2971 2
2973 3
2974 5
2975 3
2976 2
2977 4
2978 1
2979 1
2980 6
2981 2
2982 3
2983 2
2984 5
2985 2
2986 2
2987 3
2988 3
2989 2
2991 2
2992 2
2993 1
2994 1
2996 2
2999 2
3000 1
3001 3
3002 1
3003 1
3004 1
3007 4
3009 1
3010 2
3011 1
3012 3
3014 2
3016 1
3017 1
3019 1
3022 3
3026 1
3027 1
3028 1
3029 1
3030 1
3031 4
3032 5
3033 3
3034 5
3035 3
3037 3
3038 4
3039 2
3040 5
3041 6
3042 2
3043 1
3044 6
3045 2
3046 3
3047 2
3048 3
3049 3
3050 1
3051 1
3052 2
3053 1
3055 4
3056 1
3057 1
3058 3
3060 6
3062 2
3063 2
3064 4
3065 1
3066 3
3067 2
3068 1
3069 1
3070 1
3071 2
3072 2
3073 1
3074 2
3075 1
3076 4
3077 2
3078 1
3079 1
3081 2
3082 3
3083 3
3084 2
3085 1
3086 2
3087 1
3088 3
3089 4
3092 3
3093 1
3094 2
3095 2
3096 1
3097 2
3098 2
3099 3
3100 3
3101 6
3102 5
3103 8
3104 2
3105 4
3106 2
3107 4
3108 6
3109 2
3110 3
3111 3
3112 6
3113 4
3114 3
3115 2
3116 2
3117 2
3118 2
3119 4
3120 1
3121 2
3122 5
3123 6
3124 3
3125 3
3126 2
3127 6
3128 3
3129 3
3130 4
3131 3
3132 2
3133 1
3134 5
3135 5
3136 2
3138 2
3139 2
3140 1
3141 1
3142 2
3144 7
3145 2
3146 1
3147 1
3148 5
3149 2
3150 2
3151 1
3152 2
3153 2
3154 3
3156 1
3157 2
3158 1
3160 3
3161 1
3162 1
3163 2
3165 4
3168 2
3169 1
3171 3
3172 1
3173 4
3175 1
3176 1
3178 1
3179 1
3180 2
3182 1
3185 1
3197 1
3198 1
3199 1
3205 2
3210 1
3211 4
3214 1
3217 1
3218 2
3221 1
3226 1
3232 1
3244 3
3249 1
3250 1
3251 1
3254 1
3255 2
3257 1
3258 4
3261 1
3265 3
3266 2
3267 2
3268 1
3269 1
3271 2
3272 1
3273 1
3274 2
3275 2
3276 3
3278 1
3280 1
3283 1
3284 1
3288 4
3289 3
3290 2
3291 2
3292 2
3298 1
3302 1
3303 1
3304 2
3306 1
3307 1
3308 1
3309 1
3310 1
3311 3
3312 2
3315 3
3316 1
3317 1
3318 1
3322 1
3323 1
3324 2
3325 3
3326 1
3328 1
3329 1
3330 1
3333 2
3334 2
3337 1
3338 1
3339 1
3340 1
3341 2
3343 1
3344 1
3345 1
3346 4
3347 3
3348 2
3349 2
3350 2
3351 2
3352 1
3353 2
3354 2
3356 2
3357 2
3358 1
3359 2
3360 5
3361 3
3362 1
3363 3
3364 1
3365 1
3366 1
3367 2
3368 1
3369 3
3370 1
3371 2
3372 4
3373 3
3374 2
3375 5
3376 4
3377 2
3378 2
3379 5
3380 1
3382 2
3384 2
3385 2
3386 2
3387 5
3389 3
3391 2
3392 1
3393 2
3394 2
3395 1
3396 1
3397 1
3398 1
3399 2
3400 1
3402 1
3403 1
3404 2
3405 1
3406 1
3407 4
3408 1
3413 1
3414 1
3419 1
3421 2
3422 1
3423 1
3424 2
3425 1
3426 1
3429 1
3430 2
3431 1
3432 1
3433 1
3434 1
3436 4
3438 1
3440 1
3442 1
3443 1
3450 1
3451 1
3457 3
3458 1
3472 1
3473 3
3503 1
3519 1
3523 2
3524 2
3525 1
3527 1
3531 1
3532 1
3535 2
3536 2
3538 1
3539 1
3542 2
3545 2
3546 5
3547 1
3548 1
3549 3
3550 3
3551 1
3552 1
3554 1
3555 2
3559 1
3560 2
3563 2
3564 1
3565 1
3566 1
3567 1
3569 3
3571 2
3572 1
3574 2
3575 1
3576 1
3578 2
3579 2
3581 1
3584 2
3587 1
3588 1
3590 1
3598 1
3599 1
3603 1
3604 1
3605 1
3606 1
3607 2
3608 1
3610 1
3611 1
3613 3
3614 2
3615 3
3616 2
3617 3
3619 1
3620 2
3622 2
3623 2
3624 6
3625 2
3626 1
3628 2
3629 2
3630 2
3631 1
3632 4
3633 1
3634 3
3636 3
3637 1
3639 3
3640 2
3641 3
3642 4
3643 1
3644 4
3647 1
3648 4
3649 3
3650 5
3651 1
3652 3
3653 2
3654 1
3656 5
3657 2
3658 4
3659 1
3660 2
3661 3
3662 5
3663 2
3664 4
3665 3
3666 3
3667 1
3668 3
3669 2
3670 3
3671 2
3672 1
3673 1
3674 3
3675 1
3676 3
3677 4
3678 3
3679 4
3680 1
3682 3
3683 2
3684 2
3687 1
3688 1
3689 1
3690 1
3691 2
3692 1
3693 4
3694 3
3696 2
3697 2
3699 1
3700 1
3701 4
3702 3
3704 4
3705 1
3706 4
3707 1
3708 4
3709 3
3710 3
3711 2
3712 3
3713 1
3714 3
3715 1
3717 2
3719 4
3720 1
3721 2
3722 2
3724 1
3727 4
3728 1
3730 1
3732 1
3734 2
3736 1
3739 3
3740 1
3743 1
3744 1
3745 2
3747 5
3748 1
3749 2
3750 1
3751 2
3752 1
3753 3
3754 2
3755 5
3757 2
3758 3
3759 1
3761 1
3763 3
3764 2
3769 1
3772 1
3776 1
3777 2
3779 1
3781 1
3782 2
3783 1
3784 1
3785 2
3787 1
3788 1
3790 2
3792 1
3794 3
3795 2
3798 1
3799 2
3802 1
3803 2
3807 1
3811 1
3812 3
3818 4
3819 3
3821 1
3822 3
3823 2
3824 1
3825 1
3828 2
3829 2
3830 1
3831 5
3832 1
3833 4
3834 2
3836 1
3837 1
3838 2
3839 1
3840 2
3843 1
3847 1
3848 1
3849 2
3850 1
3854 2
3856 1
3857 1
3858 2
3859 1
3860 1
3861 2
3863 1
3864 1
3866 3
3867 1
3870 3
3871 1
3872 3
3876 1
3877 1
3878 1
3879 1
3881 1
3882 1
3883 1
3884 1
3885 1
3888 1
3889 2
3891 1
3892 2
3893 1
3895 1
3896 1
3897 1
3898 2
3899 1
3900 1
3901 2
3902 2
3904 4
3905 1
3906 1
3907 1
3909 2
3910 3
3912 2
3913 1
3918 4
3919 1
3920 1
3921 2
3923 1
3924 1
3926 4
3927 2
3928 3
3929 2
3930 2
3931 1
3934 2
3935 1
3936 1
3937 2
3938 1
3940 1
3941 1
3942 2
3945 1
3946 1
3947 1
3948 1
3950 2
3952 1
3957 1
3973 1
3978 1
3979 1
3980 2
3982 1
3983 1
3989 1
3993 1
3998 1
4003 1
4013 1
4045 1
4047 1
4048 1
4053 2
4054 3
4055 2
4058 3
4061 1
4065 2
4067 1
4068 2
4070 1
4073 1
4078 1
4079 1
4083 1
4085 1
4088 2
4089 2
4090 2
4091 2
4092 1
4097 1
4098 3
4100 1
4101 1
4102 3
4103 2
4104 2
4106 2
4109 2
4110 1
4112 2
4113 4
4114 2
4116 4
4117 1
4119 4
4120 1
4121 2
4122 1
4123 3
4124 2
4126 1
4127 1
4128 1
4130 2
4131 2
4134 1
4137 1
4138 2
4140 1
4144 2
4148 2
4151 5
4152 3
4154 1
4156 2
4157 1
4159 2
4161 1
4163 3
4164 1
4166 2
4168 2
4169 1
4171 3
4172 3
4174 2
4175 1
4176 7
4177 2
4178 2
4179 5
4180 4
4181 7
4182 2
4183 4
4184 5
4185 3
4186 4
4187 2
4188 3
4189 1
4190 2
4191 1
4192 4
4193 2
4194 5
4195 2
4196 2
4197 4
4198 2
4199 6
4200 6
4201 6
4202 5
4203 4
4204 3
4205 1
4206 3
4207 3
4208 2
4209 2
4211 2
4212 3
4213 5
4214 2
4215 4
4217 3
4218 2
4219 4
4220 3
4221 2
4222 3
4223 2
4224 3
4225 1
4226 2
4227 4
4228 3
4229 2
4230 2
4231 3
4232 4
4233 3
4234 2
4235 4
4236 3
4237 1
4238 2
4240 3
4241 4
4242 3
4243 3
4244 4
4245 4
4246 5
4247 6
4248 4
4249 4
4251 6
4253 2
4254 7
4255 3
4256 1
4257 1
4258 2
4259 1
4260 2
4261 2
4262 1
4263 3
4264 2
4265 1
4267 1
4268 1
4269 1
4270 1
4271 1
4272 1
4273 3
4274 1
4275 1
4276 2
4278 1
4279 1
4280 2
4281 3
4282 2
4283 2
4286 3
4287 1
4288 2
4290 1
4291 1
4297 1
4301 1
4305 1
4311 1
4317 1
4332 1
4351 1
4371 1
4373 1
4379 1
4381 1
4389 1
4391 1
4392 1
4402 1
4411 1
4414 1
4422 1
4424 1
4426 1
4431 1
4450 1
4454 1
4457 1
4459 1
4460 2
4462 1
4464 2
4465 1
4466 2
4469 3
4470 1
4474 1
4475 1
4476 1
4477 2
4479 1
4480 1
4483 1
4484 3
4485 2
4486 1
4487 2
4488 1
4492 1
4494 1
4495 1
4497 1
4498 1
4500 1
4502 1
4503 2
4506 2
4507 1
4509 2
4510 1
4513 2
4515 1
4520 1
4522 4
4524 1
4525 1
4526 2
4528 1
4530 3
4531 1
4535 1
4536 1
4537 1
4538 1
4540 1
4541 1
4542 1
4543 2
4545 2
4546 3
4549 2
4550 2
4551 2
4552 1
4553 1
4556 1
4557 1
4558 3
4560 3
4561 1
4563 1
4566 1
4568 2
4573 1
4574 1
4575 2
4576 1
4580 1
4581 1
4582 1
4583 1
4585 2
4590 1
4600 1
4601 1
4604 1
4612 1
4617 1
4618 1
4622 1
4632 1
4638 3
4639 2
4641 2
4644 1
4645 1
4646 2
4648 2
4650 1
4651 1
4652 1
4653 1
4655 2
4656 1
4657 1
4660 1
4661 1
4662 1
4665 1
4667 2
4671 2
4675 1
4678 2
4679 1
4711 1
4718 1
4719 1
4721 3
4727 1
4728 1
4731 1
4732 1
4733 1
4734 2
4735 2
4736 1
4738 2
4739 1
4741 4
4743 1
4745 2
4746 1
4747 1
4748 2
4749 1
4750 2
4751 4
4753 2
4754 1
4755 1
4756 1
4757 2
4758 3
4760 4
4761 1
4762 4
4763 1
4764 3
4765 1
4766 1
4767 1
4768 3
4769 4
4770 2
4771 1
4772 1
4773 2
4774 2
4775 3
4778 2
4779 2
4780 1
4781 3
4782 1
4784 3
4785 1
4786 3
4787 2
4788 2
4789 3
4790 1
4792 2
4794 1
4796 1
4797 1
4799 3
4800 2
4802 1
4804 5
4805 4
4807 1
4811 1
4814 1
4816 1
4817 3
4818 2
4821 2
4822 2
4823 1
4824 2
4825 2
4827 2
4828 1
4829 1
4831 2
4836 1
4844 1
4850 1
4852 1
5022 1
5025 1
5032 1
5036 1
5037 1
5039 3
5042 1
5044 1
5045 1
5046 1
5047 3
5048 1
5049 2
5050 2
5051 3
5052 1
5053 3
5054 2
5055 1
5057 5
5058 3
5060 1
5061 3
5062 2
5064 3
5065 2
5066 3
5067 3
5068 2
5069 1
5074 1
5075 1
5077 1
5078 1
5079 2
5080 5
5081 3
5082 1
5083 1
5084 4
5086 1
5087 2
5088 2
5089 1
5090 2
5091 1
5092 1
5093 2
5094 1
5095 4
5096 3
5099 4
5102 1
5103 3
5104 4
5112 1
5113 2
5114 1
5116 2
5118 1
5122 1
5125 2
5128 1
5156 1
5255 1
5258 1
5260 1
5277 1
5658 1
5667 1
5782 1
5942 1
5948 1
5993 1
6316 1
6377 1
6450 1
6601 2
6604 1
6611 1
6613 1
6623 1
6626 1
6631 2
6632 1
6734 1
6769 1
6776 1
6929 1
7052 1
7055 1
7057 2
7059 2
7062 1
7066 1
7070 1
7413 1
7589 1
7592 1
7601 1
7619 1
7622 3
7626 1
7641 1
7667 1
7826 1
7831 1
7838 1
7911 1
7913 1
8078 1
8244 1
8638 1
9471 1
9727 1
9734 1
9757 1
10001 33
