1 22620510
2 11053646
3 5889017
4 3227229
5 1972327
6 1458748
7 1221139
8 1033288
9 842149
10 678587
11 557028
12 488944
13 482784
14 525512
15 593385
16 668103
17 738903
18 793886
19 830791
20 849483
21 843622
22 825330
23 794234
24 758845
25 725066
26 693202
27 661943
28 636587
29 615499
30 596477
31 579805
32 561489
33 538020
34 511570
35 477822
36 442402
37 403284
38 363421
39 326246
40 288622
41 254816
42 224629
43 200388
44 181142
45 168677
46 159193
47 154573
48 150673
49 149816
50 150082
51 150509
52 150190
53 150478
54 150577
55 150547
56 149444
57 148905
58 148026
59 148697
60 150154
61 151596
62 155380
63 158568
64 162512
65 166467
66 169096
67 173124
68 175891
69 178640
70 179358
71 178683
72 175985
73 174264
74 170773
75 166860
76 163941
77 160678
78 157554
79 155942
80 155595
81 156206
82 157238
83 158105
84 160999
85 163196
86 166230
87 167358
88 167973
89 169312
90 169892
91 168902
92 166799
93 162697
94 156793
95 152481
96 145569
97 137522
98 128827
99 119090
100 110185
101 99899
102 90523
103 80516
104 71860
105 63009
106 54758
107 47777
108 40317
109 34502
110 29076
111 24518
112 20669
113 17179
114 14215
115 11441
116 8923
117 7498
118 5952
119 4966
120 3892
121 3155
122 2567
123 2176
124 1807
125 1715
126 1375
127 1269
128 1227
129 1157
130 1098
131 1021
132 1107
133 1102
134 1174
135 1170
136 1168
137 1120
138 1097
139 1103
140 1137
141 1100
142 1087
143 1095
144 1031
145 1070
146 971
147 967
148 971
149 925
150 942
151 882
152 831
153 779
154 725
155 671
156 623
157 578
158 567
159 488
160 417
161 429
162 439
163 427
164 451
165 442
166 471
167 452
168 459
169 435
170 431
171 475
172 461
173 422
174 428
175 489
176 465
177 480
178 472
179 554
180 528
181 607
182 564
183 521
184 562
185 536
186 473
187 499
188 515
189 516
190 488
191 485
192 428
193 429
194 426
195 421
196 384
197 402
198 413
199 369
200 368
201 404
202 394
203 368
204 337
205 370
206 345
207 370
208 387
209 361
210 365
211 340
212 316
213 340
214 326
215 315
216 324
217 296
218 270
219 282
220 247
221 227
222 237
223 202
224 200
225 170
226 181
227 148
228 159
229 140
230 143
231 108
232 111
233 109
234 107
235 113
236 120
237 99
238 117
239 108
240 109
241 95
242 106
243 96
244 98
245 126
246 126
247 118
248 124
249 126
250 134
251 147
252 151
253 155
254 151
255 169
256 199
257 171
258 170
259 196
260 200
261 221
262 203
263 210
264 218
265 216
266 233
267 218
268 251
269 223
270 217
271 259
272 228
273 217
274 227
275 234
276 215
277 207
278 198
279 173
280 200
281 173
282 197
283 155
284 184
285 172
286 164
287 173
288 189
289 188
290 189
291 197
292 173
293 188
294 168
295 170
296 194
297 181
298 168
299 190
300 193
301 158
302 174
303 146
304 142
305 154
306 138
307 127
308 133
309 115
310 125
311 112
312 119
313 143
314 108
315 119
316 118
317 118
318 105
319 99
320 90
321 93
322 77
323 66
324 54
325 62
326 64
327 44
328 51
329 47
330 50
331 51
332 39
333 40
334 43
335 51
336 45
337 37
338 41
339 32
340 44
341 27
342 41
343 35
344 44
345 45
346 35
347 36
348 50
349 47
350 45
351 49
352 58
353 60
354 51
355 38
356 43
357 34
358 34
359 34
360 60
361 53
362 53
363 42
364 43
365 52
366 46
367 54
368 54
369 56
370 65
371 68
372 52
373 56
374 35
375 69
376 61
377 57
378 61
379 62
380 42
381 33
382 36
383 30
384 40
385 26
386 18
387 21
388 20
389 36
390 38
391 24
392 43
393 18
394 30
395 23
396 18
397 23
398 25
399 29
400 44
401 43
402 40
403 35
404 41
405 35
406 35
407 40
408 40
409 41
410 32
411 53
412 52
413 60
414 61
415 71
416 91
417 89
418 134
419 146
420 117
421 161
422 202
423 197
424 272
425 294
426 343
427 415
428 476
429 537
430 622
431 668
432 818
433 883
434 1104
435 1191
436 1329
437 1519
438 1648
439 1960
440 2126
441 2344
442 2693
443 2924
444 3260
445 3560
446 4036
447 4245
448 4855
449 5300
450 5835
451 6383
452 6958
453 7614
454 8122
455 8771
456 9506
457 10341
458 11257
459 12189
460 13070
461 14016
462 15158
463 15838
464 16838
465 17855
466 19064
467 20324
468 21442
469 22508
470 23943
471 25196
472 26298
473 27664
474 28747
475 30242
476 31516
477 32679
478 33968
479 35067
480 36428
481 37577
482 38959
483 40176
484 40886
485 42063
486 43236
487 43990
488 44527
489 45856
490 46737
491 48196
492 48755
493 49372
494 50512
495 51069
496 51485
497 52596
498 52652
499 53790
500 54146
501 55041
502 56038
503 56339
504 56876
505 57683
506 58399
507 59276
508 59028
509 59761
510 60948
511 61452
512 62319
513 62864
514 63155
515 64047
516 64987
517 65077
518 65277
519 65900
520 65979
521 66955
522 67224
523 67492
524 68463
525 68526
526 68891
527 69427
528 69135
529 69534
530 69466
531 69668
532 69258
533 69210
534 68392
535 68156
536 67854
537 67180
538 66789
539 66177
540 65673
541 64493
542 63345
543 62935
544 61226
545 60355
546 58918
547 57894
548 56742
549 54858
550 53551
551 51864
552 50157
553 49234
554 47675
555 46160
556 44491
557 42762
558 41171
559 39448
560 37739
561 36310
562 34174
563 33002
564 31074
565 29719
566 28069
567 26596
568 25224
569 23787
570 22387
571 20926
572 19706
573 18256
574 17505
575 16139
576 15250
577 14018
578 13263
579 12087
580 11352
581 10725
582 9543
583 8721
584 8161
585 7443
586 6664
587 6033
588 5631
589 4883
590 4524
591 4182
592 3849
593 3448
594 3140
595 2802
596 2521
597 2223
598 2026
599 1803
600 1606
601 1419
602 1291
603 1133
604 965
605 914
606 808
607 745
608 632
609 588
610 511
611 447
612 431
613 369
614 315
615 283
616 245
617 227
618 187
619 168
620 180
621 145
622 133
623 106
624 77
625 106
626 93
627 71
628 78
629 68
630 66
631 60
632 52
633 39
634 49
635 41
636 32
637 35
638 29
639 43
640 33
641 32
642 44
643 37
644 46
645 36
646 43
647 32
648 22
649 30
650 24
651 22
652 20
653 25
654 34
655 26
656 33
657 29
658 25
659 22
660 19
661 18
662 16
663 23
664 25
665 24
666 21
667 42
668 28
669 33
670 24
671 32
672 22
673 33
674 30
675 33
676 26
677 23
678 23
679 27
680 30
681 15
682 24
683 14
684 21
685 17
686 14
687 15
688 32
689 34
690 21
691 27
692 18
693 17
694 26
695 22
696 21
697 32
698 30
699 21
700 23
701 16
702 16
703 20
704 32
705 16
706 15
707 14
708 20
709 27
710 26
711 20
712 17
713 30
714 22
715 32
716 35
717 33
718 17
719 29
720 21
721 30
722 14
723 21
724 29
725 31
726 22
727 24
728 22
729 31
730 29
731 31
732 27
733 26
734 26
735 21
736 24
737 23
738 38
739 27
740 30
741 24
742 13
743 29
744 34
745 31
746 29
747 39
748 29
749 31
750 27
751 29
752 18
753 30
754 27
755 22
756 26
757 14
758 26
759 17
760 12
761 23
762 14
763 13
764 11
765 12
766 10
767 11
768 10
769 17
770 15
771 13
772 5
773 6
774 7
775 7
776 10
777 11
778 8
779 5
780 7
781 11
782 7
783 13
784 6
785 8
786 7
787 6
788 7
789 6
790 6
791 4
792 5
793 9
794 4
795 7
796 6
797 5
798 5
799 6
800 4
801 6
802 6
803 6
804 6
805 9
806 5
807 8
808 11
809 4
810 12
811 12
812 7
813 2
814 11
815 7
816 9
817 13
818 6
819 16
820 10
821 10
822 19
823 10
824 12
825 9
826 7
827 8
828 9
829 8
830 7
831 9
832 10
833 7
834 19
835 4
836 5
837 9
838 10
839 5
840 6
841 8
842 10
843 7
844 6
845 4
846 6
847 8
848 8
849 4
850 9
851 9
852 5
853 6
854 3
855 6
856 7
857 7
858 4
859 9
860 4
861 5
862 8
863 7
864 8
865 5
866 4
867 4
868 8
869 3
870 5
871 2
872 4
873 5
874 4
875 9
876 8
877 3
878 1
879 2
880 5
881 7
882 6
883 2
884 8
885 5
886 3
887 5
888 4
889 3
890 5
891 6
892 9
893 7
894 5
895 13
896 13
897 10
898 12
899 10
900 12
901 17
902 9
903 7
904 11
905 12
906 15
907 11
908 14
909 15
910 15
911 11
912 15
913 20
914 17
915 21
916 22
917 39
918 22
919 34
920 27
921 45
922 38
923 44
924 39
925 40
926 49
927 56
928 58
929 55
930 47
931 41
932 66
933 72
934 66
935 74
936 78
937 95
938 72
939 80
940 75
941 97
942 91
943 99
944 100
945 89
946 94
947 81
948 92
949 101
950 99
951 102
952 96
953 99
954 122
955 99
956 131
957 138
958 104
959 120
960 134
961 140
962 118
963 138
964 145
965 134
966 133
967 134
968 148
969 171
970 148
971 161
972 184
973 160
974 196
975 156
976 192
977 182
978 162
979 165
980 168
981 166
982 145
983 157
984 165
985 154
986 187
987 204
988 186
989 213
990 174
991 180
992 183
993 168
994 188
995 212
996 194
997 184
998 199
999 211
1000 179
1001 191
1002 201
1003 192
1004 177
1005 227
1006 205
1007 208
1008 204
1009 192
1010 193
1011 187
1012 202
1013 211
1014 197
1015 208
1016 175
1017 179
1018 194
1019 184
1020 177
1021 192
1022 173
1023 190
1024 176
1025 177
1026 162
1027 169
1028 166
1029 160
1030 172
1031 150
1032 169
1033 169
1034 183
1035 171
1036 182
1037 160
1038 172
1039 192
1040 164
1041 149
1042 182
1043 172
1044 187
1045 172
1046 202
1047 180
1048 185
1049 185
1050 191
1051 184
1052 169
1053 174
1054 178
1055 176
1056 186
1057 200
1058 185
1059 181
1060 180
1061 217
1062 175
1063 170
1064 207
1065 236
1066 228
1067 213
1068 232
1069 206
1070 199
1071 207
1072 188
1073 220
1074 212
1075 195
1076 206
1077 241
1078 224
1079 194
1080 200
1081 222
1082 213
1083 231
1084 194
1085 179
1086 202
1087 198
1088 183
1089 190
1090 175
1091 192
1092 184
1093 176
1094 197
1095 176
1096 183
1097 146
1098 169
1099 160
1100 179
1101 167
1102 172
1103 179
1104 164
1105 157
1106 138
1107 132
1108 136
1109 141
1110 137
1111 119
1112 107
1113 112
1114 100
1115 121
1116 97
1117 105
1118 96
1119 84
1120 82
1121 81
1122 91
1123 70
1124 55
1125 64
1126 66
1127 63
1128 63
1129 60
1130 56
1131 64
1132 46
1133 51
1134 34
1135 37
1136 41
1137 32
1138 28
1139 30
1140 28
1141 28
1142 30
1143 34
1144 21
1145 34
1146 20
1147 27
1148 24
1149 32
1150 25
1151 20
1152 25
1153 15
1154 5
1155 12
1156 21
1157 13
1158 15
1159 11
1160 17
1161 13
1162 6
1163 17
1164 9
1165 9
1166 6
1167 9
1168 11
1169 6
1170 11
1171 6
1172 7
1173 6
1174 7
1175 7
1176 7
1177 9
1178 14
1179 8
1180 10
1181 7
1182 6
1183 5
1184 7
1185 8
1186 6
1187 5
1188 7
1189 9
1190 5
1191 2
1192 10
1193 11
1194 10
1195 7
1196 6
1197 11
1198 10
1199 2
1200 5
1201 6
1202 5
1203 7
1204 17
1205 7
1206 5
1207 5
1208 4
1209 8
1210 3
1211 4
1212 5
1213 4
1214 2
1215 11
1216 6
1217 3
1218 2
1219 3
1220 2
1221 1
1222 5
1223 3
1224 2
1225 5
1226 6
1227 4
1228 6
1229 9
1230 3
1231 6
1232 7
1233 3
1234 6
1235 8
1236 5
1237 5
1238 4
1239 7
1240 9
1241 7
1242 8
1243 5
1244 6
1245 5
1246 4
1247 6
1248 7
1249 4
1250 5
1251 11
1252 7
1253 4
1254 8
1255 13
1256 7
1257 5
1258 4
1259 6
1260 6
1261 12
1262 9
1263 13
1264 4
1265 11
1266 12
1267 13
1268 11
1269 7
1270 8
1271 8
1272 3
1273 8
1274 6
1275 6
1276 2
1277 9
1278 4
1279 8
1280 7
1281 12
1282 6
1283 6
1284 6
1285 6
1286 6
1287 4
1288 9
1289 10
1290 5
1291 4
1292 15
1293 11
1294 8
1295 8
1296 7
1297 4
1298 4
1299 8
1300 8
1301 8
1302 5
1303 6
1304 7
1305 7
1306 6
1307 2
1308 9
1309 3
1310 2
1311 8
1312 5
1313 4
1314 2
1315 5
1316 4
1317 4
1318 8
1319 6
1320 4
1321 6
1322 1
1323 5
1324 4
1325 8
1326 3
1327 3
1328 3
1329 5
1330 6
1331 5
1332 3
1333 9
1334 10
1335 4
1336 9
1337 8
1338 9
1339 9
1340 3
1341 6
1342 9
1343 6
1344 5
1345 8
1346 8
1347 6
1348 11
1349 12
1350 7
1351 12
1352 6
1353 12
1354 9
1355 6
1356 6
1357 7
1358 3
1359 1
1360 3
1361 5
1362 4
1363 4
1364 5
1365 4
1366 5
1367 5
1368 9
1369 5
1370 5
1371 3
1372 6
1373 9
1374 2
1375 7
1376 2
1377 7
1378 6
1379 4
1380 8
1381 5
1382 4
1383 6
1384 6
1385 12
1386 5
1387 4
1388 10
1389 8
1390 8
1391 7
1392 9
1393 8
1394 11
1395 15
1396 13
1397 15
1398 13
1399 19
1400 16
1401 19
1402 15
1403 25
1404 15
1405 19
1406 20
1407 19
1408 16
1409 25
1410 21
1411 20
1412 25
1413 21
1414 24
1415 22
1416 31
1417 22
1418 34
1419 24
1420 30
1421 34
1422 42
1423 46
1424 37
1425 42
1426 32
1427 46
1428 49
1429 45
1430 60
1431 45
1432 58
1433 54
1434 47
1435 41
1436 71
1437 57
1438 65
1439 50
1440 63
1441 44
1442 64
1443 73
1444 63
1445 62
1446 62
1447 76
1448 58
1449 75
1450 75
1451 64
1452 73
1453 69
1454 72
1455 77
1456 86
1457 74
1458 80
1459 106
1460 81
1461 102
1462 89
1463 83
1464 109
1465 97
1466 107
1467 117
1468 88
1469 101
1470 128
1471 111
1472 89
1473 131
1474 119
1475 126
1476 126
1477 124
1478 138
1479 115
1480 117
1481 126
1482 124
1483 127
1484 136
1485 125
1486 120
1487 132
1488 108
1489 112
1490 110
1491 112
1492 96
1493 109
1494 91
1495 129
1496 90
1497 100
1498 84
1499 92
1500 93
1501 98
1502 102
1503 96
1504 92
1505 98
1506 98
1507 73
1508 103
1509 83
1510 74
1511 74
1512 90
1513 72
1514 66
1515 61
1516 81
1517 70
1518 85
1519 74
1520 65
1521 55
1522 63
1523 60
1524 74
1525 53
1526 56
1527 64
1528 53
1529 53
1530 69
1531 54
1532 47
1533 56
1534 53
1535 43
1536 49
1537 41
1538 37
1539 36
1540 43
1541 35
1542 39
1543 27
1544 27
1545 39
1546 24
1547 33
1548 25
1549 20
1550 27
1551 29
1552 29
1553 25
1554 30
1555 27
1556 28
1557 23
1558 16
1559 22
1560 16
1561 23
1562 14
1563 24
1564 13
1565 18
1566 16
1567 17
1568 24
1569 23
1570 17
1571 16
1572 14
1573 11
1574 18
1575 13
1576 17
1577 23
1578 16
1579 18
1580 17
1581 21
1582 18
1583 19
1584 14
1585 23
1586 18
1587 18
1588 13
1589 10
1590 15
1591 20
1592 26
1593 13
1594 8
1595 17
1596 13
1597 9
1598 18
1599 19
1600 11
1601 15
1602 13
1603 18
1604 14
1605 19
1606 20
1607 22
1608 18
1609 17
1610 17
1611 16
1612 19
1613 18
1614 19
1615 10
1616 13
1617 18
1618 9
1619 15
1620 14
1621 14
1622 17
1623 14
1624 14
1625 11
1626 10
1627 15
1628 11
1629 12
1630 9
1631 14
1632 8
1633 8
1634 15
1635 13
1636 14
1637 18
1638 9
1639 7
1640 10
1641 4
1642 11
1643 13
1644 8
1645 11
1646 9
1647 9
1648 10
1649 11
1650 11
1651 6
1652 9
1653 12
1654 7
1655 7
1656 7
1657 10
1658 5
1659 15
1660 14
1661 11
1662 15
1663 11
1664 13
1665 21
1666 18
1667 18
1668 16
1669 16
1670 9
1671 9
1672 8
1673 11
1674 12
1675 14
1676 12
1677 7
1678 12
1679 12
1680 6
1681 15
1682 21
1683 16
1684 9
1685 17
1686 12
1687 16
1688 13
1689 5
1690 9
1691 6
1692 6
1693 9
1694 14
1695 10
1696 10
1697 12
1698 4
1699 12
1700 2
1701 14
1702 8
1703 9
1704 8
1705 4
1706 9
1707 12
1708 10
1709 9
1710 7
1711 9
1712 6
1713 9
1714 3
1715 13
1716 5
1717 6
1718 8
1719 8
1720 4
1721 11
1722 7
1723 2
1724 10
1725 6
1726 8
1727 5
1728 7
1729 3
1730 8
1731 7
1732 6
1733 8
1734 11
1735 5
1736 7
1737 9
1738 6
1739 8
1740 11
1741 11
1742 4
1743 10
1744 3
1745 9
1746 12
1747 6
1748 8
1749 10
1750 12
1751 5
1752 6
1753 7
1754 6
1755 7
1756 9
1757 5
1758 10
1759 2
1760 7
1761 8
1762 5
1763 6
1764 5
1765 2
1766 3
1767 7
1768 6
1769 2
1770 3
1771 1
1772 2
1773 4
1774 3
1775 2
1776 4
1777 2
1778 3
1779 3
1780 5
1781 3
1782 4
1783 1
1784 1
1785 2
1786 1
1787 3
1788 2
1790 2
1792 1
1793 3
1794 1
1795 1
1796 2
1798 2
1799 2
1800 1
1802 1
1804 2
1810 1
1818 3
1819 1
1820 1
1821 1
1822 1
1823 2
1825 1
1827 1
1828 1
1833 1
1835 1
1836 1
1838 1
1841 1
1843 1
1848 1
1850 1
1851 2
1852 1
1856 1
1858 2
1861 1
1862 1
1863 2
1864 3
1865 1
1866 2
1868 2
1870 6
1871 2
1872 2
1873 2
1874 2
1875 2
1876 2
1877 2
1878 4
1880 3
1881 2
1882 2
1883 2
1884 4
1885 3
1886 3
1887 5
1888 2
1889 3
1890 3
1891 3
1892 4
1893 2
1895 2
1896 5
1897 2
1898 4
1899 8
1900 10
1901 8
1902 4
1903 6
1904 8
1905 3
1906 2
1907 4
1908 9
1909 5
1910 3
1911 8
1912 15
1913 9
1914 7
1915 9
1916 13
1917 9
1918 15
1919 17
1920 17
1921 18
1922 12
1923 19
1924 20
1925 15
1926 18
1927 26
1928 15
1929 20
1930 22
1931 27
1932 28
1933 27
1934 27
1935 15
1936 19
1937 30
1938 20
1939 32
1940 17
1941 33
1942 30
1943 23
1944 23
1945 27
1946 23
1947 19
1948 37
1949 28
1950 23
1951 36
1952 23
1953 27
1954 28
1955 32
1956 30
1957 23
1958 36
1959 32
1960 28
1961 31
1962 28
1963 43
1964 26
1965 29
1966 38
1967 27
1968 31
1969 27
1970 34
1971 39
1972 33
1973 32
1974 26
1975 38
1976 26
1977 31
1978 26
1979 27
1980 34
1981 27
1982 28
1983 25
1984 36
1985 27
1986 24
1987 34
1988 32
1989 24
1990 31
1991 23
1992 33
1993 35
1994 24
1995 35
1996 25
1997 44
1998 28
1999 22
2000 23
2001 31
2002 27
2003 32
2004 31
2005 28
2006 31
2007 30
2008 30
2009 24
2010 29
2011 19
2012 19
2013 15
2014 12
2015 23
2016 19
2017 18
2018 19
2019 10
2020 10
2021 13
2022 14
2023 15
2024 15
2025 17
2026 9
2027 4
2028 11
2029 7
2030 7
2031 9
2032 12
2033 19
2034 9
2035 13
2036 9
2037 11
2038 8
2039 5
2040 7
2041 12
2042 3
2043 3
2044 4
2045 7
2046 7
2047 13
2048 7
2049 8
2050 5
2051 3
2052 5
2053 12
2054 7
2055 8
2056 4
2057 6
2058 9
2059 10
2060 5
2061 3
2062 13
2063 6
2064 4
2065 7
2066 12
2067 5
2068 16
2069 6
2070 11
2071 13
2072 7
2073 7
2074 4
2075 4
2076 14
2077 12
2078 5
2079 13
2080 12
2081 8
2082 6
2083 4
2084 9
2085 10
2086 14
2087 6
2088 9
2089 7
2090 6
2091 9
2092 11
2093 9
2094 11
2095 14
2096 6
2097 15
2098 9
2099 18
2100 18
2101 16
2102 18
2103 19
2104 31
2105 25
2106 30
2107 33
2108 22
2109 27
2110 22
2111 27
2112 37
2113 17
2114 23
2115 26
2116 25
2117 29
2118 23
2119 41
2120 25
2121 23
2122 28
2123 25
2124 23
2125 27
2126 27
2127 30
2128 26
2129 21
2130 25
2131 21
2132 34
2133 23
2134 23
2135 41
2136 33
2137 28
2138 28
2139 20
2140 26
2141 27
2142 30
2143 30
2144 23
2145 29
2146 31
2147 35
2148 32
2149 31
2150 36
2151 31
2152 26
2153 33
2154 26
2155 20
2156 38
2157 26
2158 31
2159 30
2160 39
2161 36
2162 27
2163 34
2164 33
2165 21
2166 26
2167 29
2168 10
2169 34
2170 20
2171 18
2172 20
2173 19
2174 25
2175 23
2176 27
2177 17
2178 13
2179 21
2180 25
2181 14
2182 17
2183 20
2184 13
2185 18
2186 15
2187 21
2188 17
2189 10
2190 6
2191 11
2192 8
2193 9
2194 9
2195 8
2196 5
2197 4
2198 11
2199 11
2200 6
2201 12
2202 9
2203 17
2204 11
2205 7
2206 11
2207 17
2208 15
2209 10
2210 14
2211 16
2212 14
2213 10
2214 13
2215 9
2216 8
2217 10
2218 12
2219 12
2220 13
2221 10
2222 9
2223 6
2224 7
2225 9
2226 4
2227 7
2228 4
2229 4
2230 7
2231 4
2232 3
2233 3
2234 4
2235 8
2236 2
2237 4
2238 3
2239 3
2240 2
2241 3
2242 4
2243 3
2244 3
2245 2
2246 2
2248 2
2249 1
2250 2
2251 1
2254 2
2257 1
2258 2
2259 2
2260 3
2262 1
2265 1
2266 1
2267 1
2272 1
2275 1
2277 1
2279 1
2286 1
2290 1
2291 1
2309 1
2311 1
2313 1
2314 1
2319 1
2321 1
2322 1
2323 1
2324 1
2325 1
2326 1
2327 1
2328 1
2332 1
2336 2
2337 2
2338 1
2340 1
2342 1
2343 1
2346 1
2347 2
2348 3
2350 3
2351 1
2354 1
2355 1
2356 3
2357 1
2358 2
2359 2
2360 1
2361 2
2362 1
2364 2
2367 2
2369 1
2371 1
2373 4
2376 1
2377 3
2378 5
2379 3
2380 2
2382 2
2383 4
2384 4
2385 7
2386 4
2387 7
2388 7
2389 6
2390 7
2391 12
2392 7
2393 8
2394 9
2395 10
2396 7
2397 9
2398 5
2399 10
2400 9
2401 9
2402 10
2403 11
2404 4
2405 17
2406 10
2407 11
2408 12
2409 8
2410 14
2411 7
2412 13
2413 17
2414 16
2415 9
2416 14
2417 20
2418 8
2419 8
2420 19
2421 12
2422 12
2423 9
2424 12
2425 10
2426 14
2427 9
2428 16
2429 4
2430 12
2431 18
2432 10
2433 10
2434 10
2435 10
2436 17
2437 21
2438 16
2439 12
2440 13
2441 17
2442 23
2443 13
2444 16
2445 17
2446 14
2447 14
2448 15
2449 23
2450 22
2451 20
2452 19
2453 22
2454 18
2455 16
2456 11
2457 21
2458 29
2459 27
2460 22
2461 16
2462 25
2463 16
2464 17
2465 11
2466 26
2467 20
2468 13
2469 10
2470 14
2471 17
2472 24
2473 18
2474 19
2475 16
2476 18
2477 14
2478 25
2479 20
2480 11
2481 22
2482 13
2483 19
2484 19
2485 16
2486 18
2487 17
2488 21
2489 12
2490 13
2491 18
2492 18
2493 22
2494 13
2495 20
2496 10
2497 6
2498 13
2499 5
2500 15
2501 8
2502 8
2503 7
2504 12
2505 7
2506 9
2507 8
2508 8
2509 5
2510 5
2511 4
2512 6
2513 6
2514 8
2515 8
2516 6
2517 3
2518 8
2519 9
2520 4
2521 5
2522 2
2523 7
2524 8
2525 4
2526 8
2527 8
2528 5
2529 5
2530 7
2531 5
2532 6
2533 1
2534 3
2535 7
2536 4
2537 3
2538 5
2539 4
2540 4
2541 2
2542 2
2543 7
2544 3
2545 9
2546 5
2547 8
2548 7
2549 5
2550 3
2551 12
2552 9
2553 4
2554 2
2555 3
2556 2
2557 4
2558 4
2559 2
2560 4
2561 3
2562 4
2563 3
2564 3
2565 6
2566 10
2567 7
2568 5
2569 5
2570 5
2571 3
2572 5
2573 3
2574 1
2575 3
2576 3
2577 4
2578 4
2579 3
2580 5
2581 6
2582 5
2583 5
2584 4
2585 2
2586 4
2587 4
2588 6
2589 6
2590 3
2591 3
2592 4
2593 3
2594 8
2595 6
2596 2
2597 3
2598 12
2599 4
2600 6
2601 5
2602 3
2603 5
2604 3
2605 2
2606 8
2607 9
2608 7
2609 5
2610 3
2611 4
2612 4
2614 2
2615 2
2616 5
2617 3
2618 3
2619 3
2620 7
2621 2
2622 4
2623 3
2624 7
2625 6
2626 5
2627 4
2628 3
2629 3
2630 4
2631 2
2632 4
2634 8
2635 5
2636 5
2637 2
2638 4
2639 4
2640 5
2641 7
2642 2
2643 4
2644 6
2645 3
2646 6
2647 3
2648 7
2649 5
2650 11
2651 5
2652 12
2653 8
2654 6
2655 7
2656 7
2657 7
2658 6
2659 9
2660 8
2661 13
2662 8
2663 9
2664 14
2665 11
2666 17
2667 12
2668 13
2669 16
2670 11
2671 18
2672 19
2673 17
2674 23
2675 19
2676 17
2677 12
2678 16
2679 24
2680 16
2681 13
2682 24
2683 17
2684 20
2685 16
2686 17
2687 16
2688 8
2689 14
2690 24
2691 9
2692 25
2693 20
2694 20
2695 12
2696 19
2697 16
2698 22
2699 14
2700 15
2701 15
2702 19
2703 18
2704 18
2705 9
2706 11
2707 9
2708 14
2709 6
2710 12
2711 17
2712 20
2713 15
2714 9
2715 10
2716 11
2717 8
2718 9
2719 9
2720 13
2721 8
2722 4
2723 7
2724 8
2725 7
2726 12
2727 8
2728 6
2729 7
2730 8
2731 2
2732 6
2733 6
2734 4
2735 2
2736 4
2737 3
2738 2
2739 5
2740 2
2741 4
2742 2
2743 2
2744 4
2745 2
2746 5
2747 3
2748 4
2749 3
2750 4
2751 5
2752 4
2753 1
2754 1
2755 3
2756 3
2757 4
2758 2
2759 4
2760 3
2761 4
2762 1
2763 4
2764 4
2765 2
2766 4
2767 2
2768 3
2769 2
2770 3
2771 1
2772 2
2773 3
2774 1
2775 2
2776 1
2777 2
2778 2
2780 2
2781 2
2782 1
2783 3
2786 2
2787 1
2788 3
2790 2
2791 1
2794 1
2797 1
2803 1
2808 1
2813 1
2818 1
2820 2
2821 1
2824 3
2825 1
2827 2
2828 2
2830 2
2831 1
2832 3
2833 5
2834 2
2835 5
2836 4
2837 1
2838 1
2839 1
2840 2
2841 1
2842 4
2844 4
2845 2
2846 1
2847 2
2848 1
2849 3
2850 3
2851 2
2852 2
2853 3
2854 4
2857 2
2858 2
2860 1
2861 2
2862 4
2863 2
2864 5
2865 6
2866 3
2867 7
2868 2
2869 1
2870 2
2871 2
2873 1
2874 2
2875 1
2876 4
2877 2
2878 4
2879 3
2880 2
2881 4
2882 6
2883 2
2884 2
2885 4
2886 4
2887 3
2889 6
2890 4
2891 3
2892 3
2893 3
2894 2
2895 4
2896 1
2897 5
2898 4
2899 3
2900 4
2901 4
2902 5
2903 2
2904 5
2905 5
2906 3
2907 6
2908 6
2909 3
2910 9
2911 8
2912 2
2913 6
2914 7
2915 8
2916 5
2917 12
2918 8
2919 14
2920 11
2921 7
2922 17
2923 11
2924 25
2925 11
2926 11
2927 11
2928 14
2929 16
2930 21
2931 15
2932 14
2933 22
2934 11
2935 19
2936 20
2937 15
2938 20
2939 18
2940 13
2941 20
2942 22
2943 20
2944 15
2945 26
2946 14
2947 15
2948 20
2949 27
2950 19
2951 20
2952 27
2953 31
2954 15
2955 18
2956 16
2957 21
2958 28
2959 21
2960 17
2961 17
2962 22
2963 18
2964 15
2965 16
2966 23
2967 19
2968 17
2969 19
2970 28
2971 19
2972 17
2973 19
2974 20
2975 16
2976 23
2977 15
2978 21
2979 22
2980 20
2981 11
2982 17
2983 16
2984 18
2985 13
2986 20
2987 12
2988 16
2989 16
2990 18
2991 9
2992 6
2993 9
2994 9
2995 11
2996 15
2997 11
2998 15
2999 11
3000 23
3001 17
3002 13
3003 6
3004 17
3005 14
3006 9
3007 20
3008 13
3009 8
3010 9
3011 13
3012 14
3013 13
3014 6
3015 10
3016 16
3017 14
3018 11
3019 10
3020 10
3021 9
3022 9
3023 6
3024 17
3025 12
3026 13
3027 12
3028 11
3029 8
3030 8
3031 7
3032 6
3033 12
3034 6
3035 10
3036 3
3037 7
3038 7
3039 8
3040 1
3041 7
3042 6
3043 12
3044 5
3045 6
3046 6
3047 5
3048 7
3049 5
3050 5
3051 3
3052 4
3053 2
3054 4
3055 2
3057 3
3059 3
3060 1
3061 2
3062 2
3064 1
3065 1
3066 5
3067 2
3070 1
3072 1
3076 1
3077 2
3080 1
3082 1
3083 1
3085 1
3086 1
3087 1
3088 1
3091 1
3092 3
3096 1
3101 1
3105 1
3106 2
3107 1
3109 1
3111 2
3112 2
3115 2
3117 1
3118 1
3119 1
3120 1
3121 1
3122 2
3124 1
3125 2
3127 2
3129 1
3130 1
3131 2
3132 2
3133 1
3134 3
3135 1
3136 2
3137 3
3139 4
3140 3
3141 2
3142 2
3143 1
3144 3
3145 1
3146 2
3147 1
3148 1
3149 4
3150 3
3151 4
3152 4
3153 2
3154 2
3155 1
3156 3
3157 2
3158 3
3159 1
3160 3
3163 2
3164 1
3165 2
3167 3
3168 1
3170 2
3171 1
3172 1
3173 3
3175 4
3176 3
3180 1
3181 1
3183 1
3185 1
3187 1
3189 1
3190 1
3191 2
3192 2
3193 1
3194 2
3195 2
3196 1
3198 3
3199 1
3200 1
3201 2
3202 1
3203 3
3204 1
3206 1
3207 2
3208 2
3209 2
3210 2
3211 2
3212 3
3214 1
3215 2
3216 1
3217 2
3219 4
3221 2
3223 3
3224 1
3226 1
3227 2
3228 1
3229 1
3230 1
3232 1
3233 3
3234 3
3235 1
3236 1
3237 3
3238 4
3240 1
3242 1
3243 1
3244 1
3245 2
3246 2
3247 4
3248 1
3249 1
3250 1
3251 1
3252 3
3253 3
3255 1
3256 1
3257 1
3259 3
3261 2
3262 3
3263 2
3264 3
3266 1
3268 3
3269 1
3270 4
3271 2
3273 2
3274 1
3277 1
3278 2
3279 1
3280 3
3282 1
3283 3
3287 2
3288 2
3289 2
3290 1
3291 2
3293 2
3294 3
3296 2
3298 1
3300 2
3303 3
3304 2
3306 1
3308 1
3309 1
3312 4
3316 1
3318 1
3320 3
3321 1
3322 1
3324 1
3325 2
3326 1
3330 1
3331 1
3332 1
3333 1
3334 2
3335 1
3336 1
3338 2
3339 1
3340 1
3342 1
3343 1
3344 1
3345 1
3347 1
3348 2
3349 1
3350 2
3352 1
3353 2
3357 1
3358 1
3359 1
3360 1
3362 2
3363 4
3364 2
3365 1
3367 2
3369 1
3371 1
3372 1
3375 2
3389 1
3393 1
3396 2
3397 1
3399 1
3401 3
3405 2
3407 1
3408 2
3410 1
3412 1
3413 2
3414 1
3415 3
3416 2
3417 1
3418 2
3420 3
3422 2
3423 4
3424 1
3425 3
3427 4
3428 2
3430 1
3431 1
3432 1
3434 3
3435 3
3436 1
3437 3
3438 2
3439 1
3440 1
3442 1
3455 2
3457 2
3459 1
3461 1
3462 1
3463 1
3464 1
3465 2
3466 2
3467 2
3469 1
3470 4
3471 1
3472 1
3473 1
3474 3
3475 1
3476 1
3477 1
3479 2
3481 1
3482 4
3483 1
3484 3
3485 5
3486 2
3487 3
3488 3
3489 4
3490 6
3491 1
3492 1
3493 3
3494 2
3495 4
3496 6
3497 3
3498 6
3499 2
3500 4
3501 1
3502 3
3503 2
3504 1
3505 7
3506 3
3507 6
3508 5
3509 4
3510 1
3511 1
3512 5
3513 2
3514 2
3515 1
3516 5
3517 6
3518 4
3519 4
3520 1
3521 3
3524 1
3525 2
3526 4
3527 1
3529 1
3531 3
3535 2
3541 1
3548 1
3552 1
3554 1
3560 2
3563 1
3565 1
3566 1
3567 2
3568 1
3569 2
3572 1
3573 2
3574 1
3575 1
3594 1
3602 1
3607 1
3647 1
3654 1
3695 1
3702 1
3724 1
3725 1
3726 1
3741 1
3742 1
3763 1
3765 1
3769 1
3793 1
3794 1
3799 1
3819 1
3820 1
3822 1
3849 1
3856 1
3861 2
3871 1
3873 1
3874 2
3875 1
3876 2
3879 1
3880 1
3881 1
3885 1
3888 1
3889 2
3891 4
3892 1
3893 2
3894 2
3895 1
3896 1
3897 5
3898 2
3899 3
3900 2
3901 1
3902 1
3903 1
3904 4
3905 2
3906 1
3907 3
3908 1
3909 2
3910 1
3911 5
3912 1
3913 2
3914 2
3915 1
3916 1
3918 7
3921 1
3922 2
3923 2
3924 2
3925 2
3926 1
3927 2
3928 3
3929 1
3930 2
3932 3
3933 2
3934 5
3935 2
3936 2
3937 3
3938 1
3939 4
3940 2
3941 5
3943 1
3944 3
3945 2
3946 1
3947 5
3948 1
3949 3
3950 1
3951 2
3953 2
3954 2
3955 4
3956 3
3957 1
3958 3
3959 1
3960 1
3961 1
3962 1
3963 3
3964 1
3965 3
3967 3
3968 1
3969 4
3971 2
3972 3
3973 2
3974 3
3975 4
3976 1
3977 1
3978 1
3980 2
3982 1
3983 2
3984 5
3985 4
3987 2
3988 1
3991 1
3992 1
3993 2
3994 1
3995 1
3996 1
3997 1
3999 2
4000 2
4001 2
4002 2
4003 2
4005 1
4011 1
4013 2
4016 1
4018 1
4019 2
4022 1
4026 1
4027 1
4028 2
4031 1
4033 1
4037 1
4039 2
4041 1
4043 2
4055 1
4056 1
4057 1
4063 1
4067 1
4069 1
4142 1
4163 1
4164 1
4181 1
4183 1
4190 1
4192 1
4200 1
4204 1
4206 1
4219 1
4228 1
4231 1
4243 1
4258 1
4276 1
4278 1
4284 1
4316 1
4320 1
4323 1
4324 1
4341 1
4346 1
4355 1
4357 3
4359 2
4362 1
4364 1
4372 1
4379 1
4382 2
4383 2
4384 2
4386 2
4387 2
4389 2
4391 1
4393 3
4394 2
4395 1
4396 2
4397 1
4399 1
4400 1
4401 1
4402 1
4403 2
4404 1
4407 1
4408 1
4409 2
4410 1
4412 1
4413 1
4414 1
4415 2
4416 3
4417 1
4418 2
4419 1
4420 1
4422 1
4425 2
4427 1
4428 1
4429 1
4432 2
4433 2
4434 2
4435 1
4436 2
4437 1
4438 2
4439 1
4440 1
4441 1
4442 1
4443 1
4447 1
4448 3
4450 1
4451 2
4456 1
4457 3
4458 1
4459 1
4460 1
4462 1
4463 1
4465 2
4466 1
4467 1
4469 2
4470 1
4472 2
4473 1
4475 3
4476 2
4477 2
4478 1
4484 1
4485 1
4486 3
4488 1
4490 1
4495 3
4496 1
4503 1
4505 1
4509 1
4514 1
4516 1
4517 1
4518 1
4520 1
4521 1
4522 1
4524 1
4525 1
4526 1
4529 2
4531 1
4533 3
4534 2
4535 3
4536 2
4537 1
4539 2
4540 4
4543 1
4544 1
4546 1
4548 2
4551 1
4552 1
4553 1
4554 2
4556 1
4557 1
4558 3
4563 2
4565 2
4615 1
4626 1
4698 1
4706 1
4770 1
4777 1
4783 1
4788 1
4789 1
4795 1
4820 1
4823 1
4834 1
4836 1
4839 1
4841 2
4843 1
4844 2
4845 2
4847 1
4849 2
4850 1
4851 1
4852 3
4853 1
4854 2
4855 2
4856 4
4857 2
4858 2
4859 4
4860 1
4861 1
4862 1
4864 1
4865 3
4866 2
4868 1
4870 3
4871 1
4872 1
4873 1
4874 1
4875 7
4876 2
4878 2
4879 1
4880 2
4881 3
4882 1
4883 1
4884 1
4886 2
4887 1
4888 1
4889 1
4890 2
4892 1
4895 1
4896 1
4898 1
4899 2
4900 2
4905 2
4906 4
4907 2
4908 1
4909 1
4910 1
4916 1
4918 1
4919 1
4920 1
4921 1
4923 1
4924 1
4926 2
4927 1
4929 1
4930 2
4932 2
4935 1
4936 2
4937 2
4938 3
4940 2
4941 2
4942 4
4944 1
4945 1
4949 1
4950 2
4951 1
4953 2
4954 3
4955 3
4956 2
4958 2
4959 1
4960 2
4961 1
4962 1
4963 2
4964 4
4965 3
4966 3
4967 5
4969 3
4970 2
4971 3
4972 1
4973 3
4975 1
4976 1
4979 2
4981 4
4982 2
4986 1
4994 1
4997 1
4998 1
5004 1
5008 1
5010 2
5013 1
5014 2
5015 2
5017 2
5019 2
5020 1
5021 1
5022 1
5024 1
5025 1
5026 1
5030 2
5031 1
5032 1
5033 1
5034 2
5035 1
5036 1
5037 1
5039 2
5041 2
5045 1
5046 1
5047 2
5048 1
5049 2
5052 2
5053 1
5055 1
5057 3
5059 2
5060 4
5061 1
5063 2
5064 1
5066 3
5067 1
5068 3
5069 2
5070 1
5071 3
5073 2
5074 1
5075 1
5076 2
5077 2
5078 1
5079 2
5081 2
5082 1
5083 2
5086 1
5092 1
5096 1
5128 1
5130 1
5133 2
5139 1
5142 1
5143 1
5153 1
5182 1
5211 1
5253 1
5258 3
5259 1
5264 1
5267 1
5268 1
5274 1
5278 3
5283 1
5286 1
5287 3
5290 2
5291 1
5292 2
5293 1
5294 1
5295 1
5297 1
5299 2
5300 1
5301 1
5302 2
5304 1
5306 1
5307 1
5309 1
5311 1
5312 1
5313 1
5314 1
5315 1
5316 2
5317 1
5318 1
5320 1
5321 1
5325 1
5326 1
5329 2
5331 3
5332 1
5334 1
5335 1
5336 3
5337 2
5338 1
5339 1
5340 2
5341 1
5342 2
5345 2
5346 1
5348 3
5349 1
5350 3
5351 1
5352 1
5353 4
5354 2
5355 1
5356 3
5357 5
5360 2
5361 2
5362 2
5364 2
5365 1
5366 2
5367 2
5368 1
5369 4
5370 2
5371 3
5372 5
5373 2
5374 2
5375 2
5376 1
5377 2
5378 2
5379 2
5380 1
5381 3
5382 2
5383 2
5384 1
5385 2
5386 2
5387 2
5388 2
5389 5
5390 2
5391 3
5392 5
5393 2
5394 5
5396 2
5397 2
5398 3
5399 1
5400 3
5401 4
5402 5
5403 2
5406 1
5407 2
5408 3
5409 2
5410 5
5411 2
5412 4
5414 3
5415 1
5416 1
5417 3
5418 4
5419 1
5420 1
5421 3
5423 1
5424 3
5425 4
5426 3
5427 1
5428 2
5429 5
5430 1
5431 4
5432 4
5433 1
5434 2
5435 4
5436 1
5437 4
5438 3
5439 1
5440 1
5441 6
5442 4
5443 4
5445 2
5447 6
5448 1
5449 3
5451 2
5452 2
5453 2
5454 2
5455 2
5456 1
5457 5
5458 2
5459 3
5460 4
5461 3
5462 4
5463 2
5464 6
5465 2
5466 4
5467 3
5468 1
5469 4
5470 3
5471 4
5472 3
5473 2
5474 4
5475 6
5476 4
5477 1
5478 3
5479 1
5480 1
5481 2
5482 5
5483 4
5484 2
5486 6
5487 2
5488 4
5490 7
5491 1
5492 2
5493 2
5494 4
5495 4
5496 2
5497 3
5499 3
5500 3
5501 2
5502 1
5503 3
5504 2
5505 1
5506 4
5507 2
5508 1
5510 2
5511 1
5512 2
5513 2
5515 1
5516 1
5517 3
5518 5
5519 2
5520 2
5521 1
5522 1
5523 1
5524 2
5526 3
5529 2
5531 1
5534 2
5536 2
5541 1
5550 1
5551 2
5554 1
5559 1
5562 1
5565 1
5570 2
5571 1
5574 2
5575 2
5576 1
5577 1
5586 1
5588 1
5593 1
5596 1
5614 1
5640 1
5675 1
5689 1
5701 1
5708 1
5712 1
5720 1
5722 2
5730 1
5756 1
5758 3
5762 1
5773 1
5776 1
5782 1
5792 1
5798 1
5801 1
5805 1
5807 1
5813 3
5817 1
5818 1
5821 1
5824 1
5827 1
5828 1
5831 2
5840 1
5845 1
5850 1
5852 1
5858 1
5862 1
5866 1
5867 1
5869 2
5872 2
5873 1
5874 2
5877 2
5881 1
5883 1
5885 1
5887 1
5888 1
5889 1
5890 1
5891 3
5894 2
5896 2
5897 3
5899 2
5900 1
5902 3
5903 2
5904 1
5905 1
5906 2
5909 2
5910 1
5911 2
5912 4
5914 1
5915 1
5916 3
5917 1
5918 2
5919 3
5920 3
5921 1
5923 1
5924 3
5927 1
5928 4
5929 1
5930 1
5931 1
5932 1
5933 2
5934 1
5935 2
5938 1
5939 1
5940 1
5941 2
5942 2
5945 2
5946 2
5947 2
5948 2
5949 1
5950 1
5951 1
5952 1
5953 2
5954 1
5956 2
5957 1
5958 2
5960 1
5961 2
5962 3
5963 2
5964 5
5965 3
5967 3
5968 1
5970 2
5972 1
5973 2
5976 3
5977 2
5978 1
5979 1
5980 2
5982 1
5983 1
5984 1
5985 1
5986 1
5987 3
5990 1
5991 2
5992 1
5993 1
5994 1
5996 2
5997 1
5998 2
5999 1
6001 1
6003 2
6004 3
6005 1
6006 3
6007 1
6009 3
6010 3
6013 3
6014 1
6015 3
6016 1
6017 1
6019 2
6023 1
6024 2
6025 1
6026 2
6028 1
6038 1
6041 1
6042 1
6043 1
6044 1
6047 1
6053 1
6061 1
6062 1
6065 1
6071 1
6074 1
6076 1
6080 1
6084 1
6086 1
6087 1
6088 1
6094 1
6097 2
6145 1
6158 1
6175 1
6177 1
6181 1
6182 1
6195 1
6196 1
6211 1
6217 1
6222 1
6223 1
6226 1
6230 1
6235 1
6239 1
6245 1
6246 1
6254 1
6262 1
6263 1
6266 1
6276 1
6289 1
6293 1
6294 2
6298 1
6301 1
6302 1
6303 1
6304 1
6307 1
6308 1
6311 1
6312 2
6315 1
6316 1
6317 2
6320 1
6322 1
6323 2
6324 2
6327 1
6330 3
6331 1
6332 1
6333 1
6334 1
6337 3
6338 2
6339 2
6340 3
6341 3
6342 1
6343 2
6344 1
6345 1
6346 2
6347 3
6348 2
6349 3
6350 1
6351 2
6352 1
6353 1
6354 4
6355 1
6356 2
6357 4
6358 3
6360 2
6361 1
6362 1
6364 2
6365 2
6366 1
6367 2
6368 1
6369 2
6370 5
6371 5
6372 7
6373 4
6374 3
6376 3
6378 6
6379 5
6380 1
6381 2
6382 7
6383 2
6384 1
6385 1
6386 3
6387 2
6388 1
6389 2
6390 1
6393 2
6394 1
6395 2
6396 2
6398 1
6400 3
6401 1
6407 1
6409 1
6412 1
6413 1
6415 2
6418 2
6421 4
6422 1
6423 1
6426 4
6428 1
6429 1
6430 2
6432 1
6433 2
6434 2
6435 2
6437 1
6439 3
6440 1
6441 1
6442 2
6444 1
6446 3
6448 1
6449 1
6450 3
6452 1
6453 2
6454 1
6455 3
6456 1
6457 1
6458 2
6460 3
6462 1
6463 2
6465 1
6466 2
6467 3
6468 3
6469 3
6470 3
6471 2
6472 1
6473 2
6474 3
6476 4
6477 1
6478 2
6480 1
6481 2
6482 2
6483 1
6484 1
6485 1
6486 3
6487 2
6493 1
6494 2
6496 1
6499 1
6500 3
6502 1
6504 1
6507 1
6509 2
6512 1
6513 1
6517 1
6519 1
6522 1
6524 1
6525 2
6527 1
6528 1
6532 1
6533 3
6534 1
6537 1
6545 2
6552 1
6553 2
6555 1
6563 1
6567 1
6571 1
6573 1
6574 2
6575 1
6578 1
6580 1
6585 1
6588 1
6590 2
6593 2
6596 1
6598 1
6600 1
6601 2
6603 1
6604 1
6608 2
6612 1
6618 2
6619 2
6620 1
6621 1
6622 1
6623 3
6624 1
6627 1
6628 1
6630 1
6631 1
6632 2
6639 1
6641 1
6642 1
6644 1
6645 1
6647 1
6648 2
6651 1
6654 1
6659 1
6661 1
6671 1
6673 1
6676 1
6677 1
6678 1
6681 1
6685 1
6688 1
6692 2
6701 1
6707 1
6711 1
6713 1
6724 1
6726 1
6733 1
6734 1
6736 1
6737 2
6742 2
6746 1
6748 1
6751 2
6757 1
6762 1
6769 1
6772 1
6780 1
6799 1
6813 1
6814 1
6853 1
6854 1
6865 1
6871 1
6873 1
6875 1
6878 1
6880 1
6886 2
6890 1
6891 2
6895 1
6902 1
6906 1
6908 1
6913 1
6916 1
6917 2
6918 2
6919 1
6920 1
6921 1
6922 1
6927 2
6928 1
6930 1
6932 2
6935 2
6936 1
6937 3
6938 1
6939 1
6941 2
6945 1
6947 1
6948 3
6949 1
6950 1
6951 1
6953 1
6954 1
6955 3
6956 2
6957 1
6958 3
6959 2
6960 2
6961 1
6963 1
6964 1
6965 2
6968 1
6972 1
6973 1
6974 1
6975 2
6976 1
6977 2
6979 1
6980 2
6981 2
6982 1
6985 1
6987 1
6989 2
6990 1
6991 1
6992 1
6994 1
6995 2
6996 1
7000 1
7002 2
7003 1
7004 2
7005 1
7006 1
7007 1
7008 1
7009 2
7010 1
7015 1
7016 1
7019 1
7021 1
7022 3
7023 1
7029 1
7030 1
7032 1
7033 1
7035 1
7037 1
7040 1
7042 1
7044 1
7051 1
7055 1
7058 1
7063 2
7066 1
7071 1
7082 1
7180 1
7189 2
7191 2
7195 1
7196 1
7198 1
7199 1
7200 1
7202 1
7218 1
7234 1
7243 1
7252 2
7253 1
7260 1
7265 1
7278 1
7279 1
7282 2
7290 1
7291 2
7295 1
7297 1
7301 1
7302 1
7305 2
7312 1
7314 3
7317 2
7319 1
7320 1
7322 1
7323 2
7324 2
7326 1
7331 2
7332 2
7333 1
7335 2
7336 3
7337 3
7338 1
7339 1
7340 3
7341 1
7342 2
7343 5
7344 1
7345 2
7346 4
7347 1
7348 1
7350 2
7351 1
7352 3
7353 2
7354 2
7355 4
7356 2
7357 1
7358 1
7359 2
7360 4
7361 2
7362 1
7363 1
7364 1
7365 2
7366 1
7367 1
7368 1
7369 2
7370 4
7371 1
7373 2
7374 1
7380 3
7382 4
7384 1
7385 1
7386 2
7387 2
7390 3
7391 2
7392 1
7393 2
7394 1
7395 4
7396 1
7397 2
7398 2
7401 5
7402 1
7403 3
7404 1
7405 3
7406 1
7407 1
7408 1
7409 2
7410 1
7412 4
7413 2
7414 2
7415 2
7416 1
7417 1
7418 1
7420 2
7421 1
7422 2
7423 4
7424 4
7425 2
7426 2
7427 2
7429 1
7430 1
7431 1
7432 2
7433 1
7434 2
7435 3
7436 2
7437 1
7438 4
7439 1
7440 3
7441 1
7442 3
7443 2
7444 3
7446 1
7448 4
7449 1
7450 3
7451 2
7452 2
7453 3
7455 3
7456 3
7457 3
7458 1
7459 3
7460 1
7461 1
7463 1
7464 2
7465 2
7466 1
7467 2
7468 5
7469 3
7470 4
7471 1
7472 1
7473 1
7474 1
7475 3
7476 3
7477 3
7478 5
7479 1
7480 2
7482 2
7483 1
7484 1
7485 3
7486 1
7487 2
7488 4
7489 3
7490 1
7491 2
7492 2
7493 1
7494 5
7496 2
7497 1
7498 3
7499 1
7500 1
7501 3
7502 3
7503 2
7504 5
7506 1
7507 1
7508 1
7509 2
7510 1
7511 1
7512 3
7513 2
7514 1
7515 2
7516 2
7518 1
7521 1
7523 2
7528 3
7529 2
7531 1
7532 3
7535 1
7537 1
7538 2
7539 3
7541 1
7542 1
7547 2
7548 1
7549 1
7552 1
7694 1
7698 1
7711 1
7718 1
7719 1
7728 1
7732 1
7747 1
7752 1
7760 1
7774 1
7776 1
7779 3
7781 2
7783 1
7786 2
7788 3
7789 1
7790 1
7791 1
7792 2
7793 2
7794 2
7799 2
7801 1
7803 1
7804 1
7806 2
7810 1
7816 1
7822 1
7826 2
7831 1
7842 1
7850 1
7853 1
7871 1
7880 1
7885 1
7886 1
7888 1
7890 1
7892 1
7893 2
7900 1
7904 1
7905 2
7909 1
7910 1
7911 2
7913 3
7915 1
7916 1
7917 1
7919 2
7924 1
7930 1
7931 1
7933 1
7935 1
7938 1
7939 1
7942 1
7945 1
7948 1
7953 1
7955 1
7959 1
7966 1
7987 2
7994 1
7998 1
7999 1
8001 1
8009 1
8016 1
8019 2
8020 1
8025 1
8030 1
8031 1
8032 2
8033 2
8034 1
8049 2
8051 1
8055 1
8056 1
8058 1
8059 1
8061 1
8063 1
8065 1
8067 1
8070 1
8072 1
8074 1
8076 1
8081 1
8083 1
8090 1
8093 1
8104 2
8105 1
8246 1
8252 1
8253 1
8256 1
8257 1
8259 1
8266 1
8270 1
8271 3
8276 2
8277 2
8281 1
8282 2
8283 1
8284 1
8286 1
8287 1
8288 2
8290 1
8291 2
8295 2
8299 2
8300 1
8301 1
8302 1
8303 3
8304 2
8307 2
8308 1
8309 1
8311 1
8312 1
8313 1
8315 1
8316 1
8317 1
8321 1
8322 3
8323 1
8325 1
8327 1
8328 2
8329 1
8330 1
8331 2
8332 1
8333 2
8334 1
8337 1
8344 2
8346 2
8349 1
8350 1
8352 2
8353 3
8355 2
8356 1
8358 1
8362 2
8368 1
8369 1
8371 1
8373 1
8375 1
8383 1
8385 1
8394 2
8397 1
8403 1
8404 1
8408 1
8417 1
8419 1
8433 1
8436 1
8437 1
8441 1
8443 1
8446 2
8450 1
8452 1
8456 1
8457 1
8458 1
8459 1
8460 1
8461 1
8462 1
8466 3
8471 1
8472 1
8476 2
8485 1
8487 1
8488 1
8490 3
8494 1
8496 1
8503 2
8504 1
8505 1
8506 2
8508 1
8523 1
8544 1
8548 1
8549 2
8551 1
8553 1
8555 1
8556 1
8559 1
8564 1
8565 1
8567 2
8568 2
8569 2
8571 2
8573 2
8575 1
8576 2
8579 1
8580 1
8581 2
8582 5
8583 3
8584 2
8585 1
8586 1
8587 3
8588 1
8589 1
8590 2
8592 1
8593 1
8594 1
8595 1
8597 2
8600 3
8601 1
8602 1
8603 1
8604 1
8606 1
8607 3
8609 1
8610 3
8611 1
8612 2
8614 1
8617 2
8620 1
8638 1
8639 1
8644 1
8645 1
8654 1
8659 1
8660 1
8717 1
8718 1
8726 3
8730 1
8732 2
8740 1
8741 1
8742 2
8743 1
8745 1
8746 1
8748 2
8749 4
8750 1
8752 2
8753 1
8754 1
8757 2
8759 2
8761 1
8763 1
8764 1
8765 1
8766 1
8768 1
8769 1
8771 2
8772 1
8776 1
8777 2
8779 1
8781 1
8787 1
8789 1
8792 1
8793 2
8794 1
8795 1
8798 2
8805 3
8806 1
8807 2
8808 3
8810 1
8811 1
8812 3
8813 2
8814 1
8815 2
8816 1
8817 3
8818 1
8819 3
8820 4
8821 1
8822 2
8823 1
8824 1
8825 2
8826 1
8827 3
8828 1
8830 1
8831 1
8832 2
8833 1
8834 2
8835 1
8836 2
8837 1
8839 1
8840 2
8842 1
8843 1
8844 2
8846 1
8847 2
8858 1
8862 1
9109 1
9438 1
9469 1
9473 1
9486 1
9494 1
10001 88
