1 23400649
2 13582367
3 8632435
4 5752874
5 3921487
6 2742924
7 1975600
8 1461802
9 1133936
10 964139
11 905615
12 915253
13 966846
14 1036810
15 1099485
16 1145944
17 1167414
18 1161464
19 1132947
20 1091320
21 1036783
22 975820
23 902704
24 837278
25 767710
26 706365
27 642506
28 584788
29 534389
30 487422
31 443756
32 406355
33 379114
34 359391
35 350716
36 354795
37 372609
38 401945
39 439295
40 487694
41 540273
42 595300
43 650089
44 702244
45 748668
46 786484
47 817713
48 835042
49 837753
50 828266
51 810093
52 782067
53 747893
54 706712
55 661473
56 610247
57 557982
58 504020
59 450761
60 397568
61 347763
62 300938
63 261192
64 224410
65 190690
66 160771
67 133728
68 111196
69 92931
70 77052
71 63519
72 52571
73 43534
74 36590
75 31213
76 26342
77 22987
78 19584
79 16729
80 15052
81 13372
82 11926
83 10555
84 9857
85 9053
86 8460
87 8248
88 7810
89 7051
90 6784
91 6242
92 5994
93 5783
94 5562
95 5298
96 5067
97 4830
98 4733
99 4652
100 4312
101 4362
102 4097
103 3805
104 3628
105 3495
106 3172
107 3080
108 2886
109 2780
110 2430
111 2354
112 2150
113 2085
114 1937
115 1734
116 1656
117 1544
118 1468
119 1363
120 1287
121 1200
122 1109
123 1060
124 950
125 834
126 794
127 773
128 789
129 737
130 685
131 654
132 616
133 640
134 613
135 558
136 543
137 554
138 541
139 503
140 537
141 575
142 560
143 553
144 556
145 561
146 541
147 586
148 577
149 587
150 629
151 608
152 610
153 592
154 564
155 587
156 572
157 558
158 582
159 611
160 538
161 545
162 589
163 610
164 541
165 544
166 533
167 511
168 503
169 500
170 496
171 522
172 540
173 528
174 483
175 503
176 524
177 461
178 476
179 402
180 412
181 367
182 341
183 371
184 368
185 338
186 330
187 336
188 361
189 355
190 342
191 317
192 295
193 288
194 270
195 257
196 275
197 257
198 246
199 256
200 212
201 219
202 233
203 216
204 200
205 174
206 209
207 181
208 177
209 180
210 169
211 157
212 143
213 183
214 164
215 193
216 170
217 136
218 149
219 150
220 179
221 170
222 185
223 166
224 173
225 226
226 244
227 242
228 221
229 227
230 240
231 242
232 207
233 233
234 202
235 202
236 206
237 203
238 202
239 185
240 214
241 204
242 205
243 221
244 204
245 212
246 198
247 177
248 195
249 148
250 148
251 153
252 159
253 132
254 136
255 151
256 130
257 111
258 115
259 138
260 122
261 113
262 125
263 123
264 121
265 119
266 101
267 112
268 92
269 105
270 88
271 94
272 90
273 69
274 70
275 68
276 76
277 82
278 91
279 65
280 66
281 61
282 61
283 71
284 60
285 88
286 60
287 66
288 63
289 57
290 54
291 61
292 57
293 52
294 43
295 62
296 47
297 43
298 40
299 36
300 58
301 50
302 31
303 39
304 45
305 44
306 65
307 66
308 66
309 57
310 57
311 46
312 60
313 53
314 56
315 47
316 46
317 60
318 53
319 46
320 46
321 48
322 38
323 47
324 49
325 42
326 41
327 42
328 50
329 56
330 46
331 45
332 43
333 48
334 41
335 36
336 43
337 56
338 45
339 35
340 48
341 45
342 44
343 42
344 39
345 41
346 52
347 46
348 50
349 39
350 33
351 44
352 47
353 50
354 42
355 36
356 30
357 45
358 44
359 32
360 34
361 28
362 33
363 28
364 30
365 32
366 30
367 39
368 42
369 35
370 40
371 36
372 34
373 38
374 31
375 30
376 35
377 33
378 29
379 28
380 22
381 27
382 26
383 21
384 27
385 25
386 21
387 26
388 24
389 20
390 25
391 25
392 12
393 19
394 17
395 15
396 12
397 12
398 16
399 16
400 16
401 16
402 15
403 14
404 14
405 12
406 6
407 11
408 13
409 7
410 9
411 10
412 7
413 4
414 7
415 9
416 3
417 6
418 10
419 11
420 15
421 12
422 13
423 6
424 17
425 8
426 5
427 10
428 9
429 11
430 9
431 6
432 19
433 14
434 12
435 17
436 15
437 14
438 16
439 17
440 9
441 17
442 13
443 15
444 12
445 9
446 15
447 5
448 10
449 13
450 10
451 10
452 11
453 10
454 7
455 4
456 6
457 11
458 7
459 7
460 7
461 5
462 5
463 4
464 9
465 5
466 6
467 6
468 6
469 11
470 7
471 4
472 9
473 5
474 8
475 11
476 12
477 10
478 10
479 4
480 7
481 12
482 9
483 12
484 14
485 9
486 8
487 7
488 8
489 7
490 12
491 7
492 8
493 5
494 5
495 8
496 3
497 5
498 10
499 12
500 11
501 7
502 7
503 16
504 18
505 12
506 5
507 7
508 4
509 8
510 11
511 7
512 2
513 6
514 4
515 5
516 2
517 5
518 5
519 11
520 9
521 10
522 9
523 6
524 11
525 12
526 10
527 14
528 10
529 9
530 12
531 11
532 11
533 6
534 7
535 11
536 7
537 15
538 10
539 15
540 13
541 5
542 10
543 17
544 11
545 8
546 12
547 13
548 8
549 6
550 3
551 11
552 13
553 9
554 9
555 8
556 14
557 9
558 17
559 7
560 5
561 2
562 7
563 4
564 9
565 1
566 5
567 6
568 2
569 4
570 4
571 4
572 9
573 7
574 7
575 6
576 6
577 3
578 10
579 5
580 5
581 2
582 7
583 6
584 5
585 7
586 6
587 7
588 2
589 5
590 8
591 6
592 13
593 6
594 6
595 7
596 6
597 4
598 2
599 4
600 4
601 5
602 6
603 3
604 8
605 10
606 8
607 6
608 6
609 13
610 11
611 16
612 14
613 13
614 17
615 10
616 13
617 18
618 20
619 19
620 16
621 16
622 10
623 16
624 14
625 16
626 11
627 8
628 11
629 16
630 14
631 15
632 12
633 7
634 19
635 12
636 18
637 20
638 22
639 14
640 10
641 30
642 14
643 12
644 16
645 15
646 21
647 12
648 16
649 10
650 9
651 10
652 17
653 11
654 8
655 9
656 9
657 4
658 10
659 10
660 4
661 9
662 7
663 7
664 10
665 6
666 8
667 9
668 11
669 8
670 15
671 17
672 19
673 11
674 10
675 8
676 7
677 8
678 9
679 8
680 7
681 7
682 13
683 10
684 10
685 6
686 8
687 10
688 10
689 6
690 9
691 5
692 4
693 6
694 4
695 9
696 4
697 8
698 3
699 5
700 4
701 3
702 5
703 7
704 4
705 4
706 9
707 9
708 12
709 8
710 12
711 7
712 8
713 5
714 5
715 11
716 7
717 8
718 7
719 13
720 8
721 5
722 6
723 8
724 5
725 6
726 5
727 6
728 10
729 5
730 5
731 7
732 6
733 4
734 2
735 2
736 5
738 5
739 4
740 4
741 3
742 1
743 1
744 2
745 4
747 2
748 3
749 3
750 1
751 1
752 3
753 1
755 2
756 2
757 1
758 1
760 3
761 1
763 1
764 2
765 3
766 1
767 2
768 1
769 2
770 3
771 5
772 1
773 1
774 2
775 4
776 4
777 1
778 4
779 5
780 3
781 4
782 1
784 1
785 1
786 1
787 4
788 3
790 1
791 1
792 1
794 2
796 1
797 1
798 2
799 1
800 2
801 3
802 3
803 1
804 3
805 6
806 1
807 1
808 3
810 2
811 2
813 2
814 2
815 2
816 1
818 1
819 3
820 2
821 3
822 2
823 1
825 3
828 2
837 1
839 1
842 1
844 1
845 1
846 2
847 1
850 1
852 1
853 1
856 1
857 2
859 1
861 1
862 2
863 2
864 3
865 2
866 3
867 2
869 5
871 4
872 2
873 1
878 1
888 2
890 1
892 1
893 2
895 2
896 2
897 1
902 1
903 1
906 1
908 1
911 1
919 1
921 2
924 1
925 3
927 2
928 1
930 2
935 1
936 1
941 1
942 1
946 1
948 1
951 1
960 1
967 2
969 2
970 2
973 2
975 2
976 4
977 1
978 3
979 1
980 1
981 1
983 1
984 1
993 1
1004 1
1008 1
1011 2
1013 1
1014 1
1016 3
1017 1
1018 3
1019 2
1022 1
1024 1
1025 1
1026 1
1032 2
1036 1
1040 2
1070 1
1071 1
1093 1
1094 1
1095 1
1096 2
1097 1
1099 1
1100 1
1108 2
1111 1
1112 1
1113 1
1116 2
1117 1
1118 2
1119 1
1121 1
1122 1
1124 1
1125 1
1133 1
1144 1
1160 1
1195 1
1210 1
1213 1
1215 1
1216 1
1218 2
1221 1
1256 1
1257 3
1258 2
1259 1
1261 3
1262 1
1263 1
1264 1
1266 1
1340 1
1349 1
1356 1
1358 1
1365 1
1368 1
1369 1
1371 1
1374 1
1380 1
1384 1
1385 2
1386 1
1394 1
1396 1
1398 1
1399 1
1400 2
1403 2
1411 1
1413 1
1415 1
1440 2
1445 1
1446 1
1447 2
1448 1
1450 1
1451 2
1452 2
1454 1
1457 1
1459 1
1464 1
1467 1
1468 1
1506 1
1511 1
1519 1
1524 1
1530 1
1532 1
1551 1
1555 1
1560 1
1562 1
1565 1
1587 1
1588 1
1591 1
1594 2
1595 1
1597 2
1601 1
1602 2
1603 1
1606 2
1607 1
1608 1
1611 1
1617 1
1620 2
1621 1
1626 1
1635 1
1639 1
1641 1
1643 1
1651 1
1665 1
1669 1
1689 1
1691 1
1694 1
1700 1
1703 1
1705 1
1710 1
1746 1
1752 1
1758 1
1835 1
1852 1
1905 1
1935 1
1950 1
1952 1
1956 1
1986 1
2004 1
2009 1
2010 1
2019 1
2021 1
2023 1
2025 1
2026 2
2027 2
2030 1
2043 1
2059 1
2070 2
2073 1
2075 1
2076 1
2077 1
2104 1
2105 1
2153 1
2325 1
2326 1
2328 1
2334 1
2335 1
2337 1
2339 1
2343 1
2345 1
2347 1
2349 1
2367 1
3335 1
3355 1
3530 1
3700 1
3754 1
3918 1
4822 1
4846 1
4854 1
4855 1
4856 1
4865 1
4870 2
4888 1
4889 1
4893 1
