1 26623929
2 13718927
3 8682747
4 5780940
5 3787411
6 2472604
7 1716738
8 1316484
9 1093805
10 947186
11 802201
12 662644
13 528690
14 422205
15 342694
16 291335
17 258851
18 236980
19 224459
20 215128
21 211372
22 216134
23 231424
24 257441
25 292475
26 336018
27 383960
28 433139
29 475355
30 510426
31 533214
32 545056
33 540557
34 518248
35 485578
36 441759
37 394169
38 342681
39 290726
40 241661
41 195402
42 156263
43 121862
44 94732
45 73426
46 56381
47 44259
48 34673
49 27672
50 22960
51 19066
52 16777
53 15078
54 13473
55 12444
56 11289
57 10321
58 9439
59 8733
60 7848
61 6838
62 6234
63 5610
64 5125
65 4446
66 3995
67 3795
68 3395
69 3016
70 2671
71 2371
72 2093
73 1913
74 1716
75 1553
76 1300
77 1248
78 982
79 893
80 819
81 743
82 649
83 645
84 630
85 559
86 547
87 514
88 518
89 452
90 456
91 460
92 489
93 592
94 491
95 512
96 529
97 541
98 557
99 504
100 504
101 456
102 489
103 494
104 444
105 439
106 440
107 435
108 474
109 447
110 427
111 395
112 374
113 376
114 362
115 344
116 356
117 354
118 336
119 347
120 325
121 343
122 353
123 364
124 373
125 327
126 366
127 326
128 327
129 359
130 341
131 327
132 308
133 272
134 276
135 305
136 328
137 305
138 349
139 292
140 317
141 294
142 270
143 262
144 255
145 243
146 250
147 233
148 240
149 237
150 208
151 182
152 187
153 158
154 178
155 173
156 165
157 178
158 146
159 135
160 136
161 108
162 101
163 88
164 98
165 103
166 91
167 93
168 92
169 87
170 96
171 85
172 108
173 104
174 114
175 141
176 165
177 165
178 207
179 215
180 234
181 273
182 275
183 325
184 367
185 507
186 628
187 808
188 895
189 1161
190 1305
191 1596
192 1894
193 2296
194 2657
195 3290
196 3812
197 4452
198 5141
199 5829
200 6653
201 7816
202 9060
203 10040
204 11596
205 12945
206 14550
207 16146
208 18053
209 19747
210 21893
211 24329
212 26390
213 28705
214 30686
215 33585
216 35554
217 37690
218 40501
219 42201
220 44944
221 46928
222 49367
223 51063
224 52843
225 54292
226 55485
227 57000
228 57653
229 58434
230 58494
231 58352
232 58807
233 57459
234 56899
235 56052
236 54731
237 53476
238 52186
239 50315
240 48876
241 46771
242 44532
243 42314
244 40701
245 38284
246 35869
247 33514
248 31677
249 29203
250 27237
251 24801
252 22987
253 20719
254 19051
255 17231
256 15545
257 14377
258 12777
259 11498
260 10246
261 9095
262 8023
263 6891
264 6086
265 5161
266 4479
267 3900
268 3349
269 2944
270 2591
271 2073
272 1743
273 1457
274 1311
275 1044
276 953
277 803
278 720
279 567
280 540
281 410
282 361
283 285
284 219
285 194
286 154
287 113
288 138
289 106
290 92
291 77
292 66
293 72
294 53
295 62
296 54
297 39
298 46
299 30
300 39
301 25
302 25
303 26
304 19
305 23
306 20
307 20
308 21
309 18
310 12
311 11
312 9
313 11
314 20
315 17
316 15
317 11
318 9
319 8
320 13
321 20
322 18
323 13
324 18
325 14
326 8
327 10
328 10
329 6
330 4
331 10
332 12
333 12
334 16
335 9
336 15
337 14
338 16
339 22
340 11
341 14
342 20
343 21
344 10
345 19
346 19
347 17
348 18
349 13
350 12
351 9
352 18
353 15
354 10
355 17
356 10
357 14
358 10
359 16
360 13
361 9
362 9
363 5
364 7
365 6
366 4
367 7
368 11
369 5
370 9
371 18
372 9
373 5
374 9
375 4
376 8
377 5
378 5
379 8
380 6
381 6
382 3
383 3
384 1
385 4
386 5
387 5
388 9
389 3
390 8
391 6
392 8
393 11
394 9
395 7
396 12
397 11
398 11
399 10
400 8
401 11
402 5
403 12
404 10
405 12
406 9
407 3
408 8
409 4
410 8
411 10
412 13
413 9
414 16
415 9
416 11
417 16
418 17
419 17
420 12
421 16
422 23
423 19
424 24
425 25
426 22
427 16
428 17
429 22
430 29
431 24
432 27
433 44
434 36
435 39
436 50
437 48
438 52
439 62
440 46
441 69
442 59
443 49
444 53
445 62
446 61
447 49
448 73
449 74
450 71
451 93
452 77
453 85
454 69
455 77
456 94
457 98
458 99
459 126
460 96
461 94
462 116
463 87
464 108
465 104
466 94
467 91
468 77
469 99
470 102
471 83
472 67
473 92
474 80
475 81
476 78
477 80
478 60
479 71
480 75
481 77
482 71
483 60
484 66
485 59
486 62
487 72
488 69
489 57
490 63
491 64
492 60
493 50
494 42
495 45
496 43
497 37
498 31
499 21
500 27
501 24
502 27
503 26
504 18
505 24
506 18
507 13
508 15
509 7
510 14
511 13
512 10
513 6
514 10
515 11
516 3
517 6
518 5
519 4
520 4
521 8
522 3
523 6
524 6
525 7
526 1
527 1
528 4
529 2
530 1
531 1
532 4
533 6
534 3
535 4
536 2
537 6
538 3
539 7
540 7
542 3
543 3
544 6
545 7
546 4
547 3
548 5
549 13
550 4
551 8
552 7
553 4
554 8
555 3
556 4
557 4
558 2
559 2
560 1
561 2
562 2
563 1
564 2
566 3
567 1
568 1
569 4
570 4
571 3
572 2
573 1
574 3
575 5
576 5
577 3
578 3
579 5
580 3
582 2
583 2
584 1
585 1
586 2
587 2
588 5
590 1
591 3
592 4
594 2
595 1
596 1
597 1
598 4
600 3
601 4
602 3
603 3
604 2
605 3
606 1
607 1
608 3
609 2
611 1
612 1
614 1
616 2
617 1
618 4
619 4
620 3
621 4
622 7
623 4
624 2
625 1
626 3
627 4
628 6
629 1
630 3
631 4
632 3
633 9
634 5
635 5
636 3
637 2
638 3
639 5
640 5
641 1
642 3
643 1
644 2
645 1
646 1
648 1
649 1
650 1
651 4
653 3
654 1
655 1
656 3
657 1
658 2
659 3
660 1
661 1
662 1
663 5
664 3
665 5
666 5
667 4
668 5
669 1
670 2
671 4
672 5
673 3
674 4
675 5
676 5
677 6
678 7
679 7
680 3
681 4
682 6
683 2
684 3
685 3
686 3
687 1
688 7
689 3
690 4
691 3
692 7
693 1
694 2
695 3
696 2
697 5
698 8
699 2
700 5
701 5
702 6
703 10
704 8
705 6
706 7
707 6
708 3
709 3
711 3
712 4
713 4
715 1
716 1
717 1
718 3
719 2
720 4
721 2
722 2
723 4
724 4
725 3
726 4
727 6
728 9
730 6
731 4
732 3
733 3
734 7
735 4
736 7
737 10
738 2
739 1
740 1
741 2
742 2
743 2
744 4
748 2
749 1
750 4
752 2
753 1
754 1
758 1
759 1
760 1
763 1
764 2
765 1
766 2
767 2
768 2
769 3
770 3
771 1
774 3
776 1
777 1
778 2
779 4
780 2
781 1
782 5
783 1
784 1
785 1
786 1
788 2
790 2
791 2
793 5
794 1
795 2
797 2
798 1
799 1
800 3
801 3
802 1
803 1
804 5
806 3
807 1
808 3
809 1
810 2
811 3
813 3
814 2
815 1
816 1
817 1
821 1
823 2
826 1
866 1
877 1
879 1
880 1
881 1
882 1
883 4
887 2
889 2
890 3
892 2
893 3
894 1
895 1
896 1
897 4
899 1
901 2
902 3
903 1
904 2
905 1
906 1
908 3
910 1
913 1
914 2
915 1
916 3
918 3
919 1
922 1
923 1
924 2
926 1
929 1
931 1
932 1
943 1
948 1
953 2
959 1
963 1
964 1
968 1
973 1
974 1
982 1
991 2
995 1
1074 1
1076 1
1077 1
1079 1
1080 1
1085 1
1087 1
1095 1
1108 1
1110 1
1111 3
1113 1
1115 2
1117 1
1119 1
1120 1
1121 1
1130 1
1138 1
1140 1
1141 1
1163 1
1204 1
1209 1
1215 1
1223 1
1231 1
1335 1
1344 2
1345 1
1347 1
1350 2
1352 1
1365 1
1403 1
1409 1
1410 1
1411 1
1413 2
1416 1
1417 1
1420 1
1422 2
1425 1
1444 1
1453 1
1458 1
1474 1
1477 1
1479 2
1481 1
1482 2
1483 2
1484 2
1485 2
1486 1
1488 1
1588 2
1594 1
1602 1
1638 1
1816 1
1817 1
1827 1
2043 1
2100 1
2288 1
2301 1
2782 1
2788 1
2797 2
2804 1
2806 1
2808 1
2817 1
2819 1
2825 1
