1 15293424
2 5322481
3 3647115
4 3220118
5 2887258
6 2475053
7 2025706
8 1626247
9 1314714
10 1091102
11 946175
12 864393
13 814527
14 774303
15 735257
16 692095
17 639665
18 576222
19 506079
20 431585
21 355589
22 284038
23 219769
24 163369
25 118365
26 83376
27 57177
28 39083
29 26096
30 17114
31 11281
32 7579
33 5658
34 4220
35 3234
36 2819
37 2460
38 2314
39 2031
40 2000
41 1741
42 1638
43 1573
44 1491
45 1470
46 1264
47 1137
48 1084
49 1113
50 1042
51 1008
52 984
53 931
54 785
55 805
56 784
57 767
58 665
59 745
60 667
61 616
62 516
63 527
64 567
65 624
66 598
67 701
68 856
69 1081
70 1330
71 1787
72 2310
73 3161
74 4092
75 5362
76 7058
77 9184
78 11528
79 14720
80 18403
81 22851
82 27759
83 33427
84 39958
85 47271
86 55230
87 63758
88 73873
89 83755
90 95100
91 105996
92 118121
93 130004
94 141645
95 152427
96 163746
97 173965
98 182768
99 190232
100 197350
101 202298
102 206818
103 208173
104 207636
105 206578
106 203683
107 198576
108 193163
109 185028
110 176284
111 167366
112 158029
113 147623
114 134653
115 124746
116 113936
117 102966
118 92504
119 82984
120 73434
121 64309
122 56342
123 48351
124 41085
125 35292
126 30152
127 25635
128 21469
129 17670
130 14626
131 11991
132 9726
133 7780
134 6059
135 4743
136 3677
137 2964
138 2171
139 1751
140 1332
141 909
142 758
143 641
144 501
145 417
146 331
147 278
148 195
149 189
150 133
151 108
152 87
153 84
154 76
155 57
156 65
157 72
158 78
159 73
160 72
161 82
162 72
163 71
164 86
165 90
166 114
167 95
168 100
169 115
170 143
171 153
172 177
173 189
174 202
175 229
176 228
177 243
178 259
179 224
180 232
181 277
182 272
183 295
184 341
185 376
186 396
187 415
188 463
189 462
190 480
191 505
192 486
193 580
194 579
195 645
196 694
197 741
198 693
199 679
200 719
201 646
202 741
203 764
204 759
205 780
206 703
207 703
208 671
209 707
210 681
211 694
212 687
213 739
214 698
215 603
216 625
217 607
218 579
219 598
220 541
221 559
222 560
223 507
224 468
225 464
226 406
227 396
228 426
229 371
230 338
231 324
232 303
233 302
234 306
235 275
236 266
237 230
238 214
239 193
240 162
241 142
242 130
243 130
244 119
245 100
246 78
247 82
248 69
249 67
250 64
251 60
252 63
253 54
254 42
255 58
256 78
257 61
258 57
259 86
260 80
261 72
262 96
263 99
264 97
265 100
266 103
267 105
268 120
269 95
270 118
271 120
272 111
273 150
274 134
275 138
276 152
277 153
278 141
279 184
280 206
281 190
282 178
283 208
284 220
285 222
286 220
287 218
288 215
289 221
290 272
291 236
292 269
293 254
294 245
295 286
296 287
297 306
298 270
299 267
300 262
301 244
302 247
303 256
304 241
305 229
306 246
307 242
308 221
309 181
310 173
311 173
312 176
313 163
314 175
315 154
316 151
317 158
318 170
319 135
320 137
321 131
322 108
323 108
324 132
325 94
326 82
327 79
328 78
329 59
330 59
331 72
332 67
333 38
334 54
335 55
336 44
337 41
338 47
339 32
340 30
341 29
342 35
343 31
344 34
345 32
346 24
347 28
348 42
349 44
350 26
351 25
352 38
353 43
354 35
355 31
356 21
357 33
358 19
359 33
360 30
361 25
362 33
363 29
364 30
365 28
366 30
367 20
368 37
369 41
370 30
371 34
372 36
373 35
374 45
375 46
376 31
377 34
378 49
379 43
380 49
381 50
382 47
383 56
384 73
385 62
386 64
387 78
388 77
389 83
390 91
391 95
392 66
393 82
394 73
395 102
396 71
397 91
398 91
399 87
400 85
401 94
402 84
403 88
404 100
405 92
406 86
407 90
408 109
409 99
410 82
411 81
412 81
413 92
414 100
415 65
416 84
417 75
418 81
419 76
420 95
421 86
422 78
423 93
424 89
425 76
426 90
427 77
428 105
429 75
430 79
431 64
432 68
433 66
434 60
435 39
436 66
437 71
438 75
439 71
440 83
441 55
442 76
443 49
444 70
445 59
446 44
447 54
448 61
449 53
450 49
451 50
452 43
453 44
454 54
455 33
456 35
457 34
458 32
459 30
460 37
461 36
462 35
463 26
464 35
465 27
466 32
467 38
468 25
469 34
470 41
471 37
472 45
473 38
474 30
475 40
476 42
477 26
478 23
479 31
480 33
481 30
482 34
483 33
484 33
485 27
486 20
487 34
488 39
489 27
490 54
491 44
492 46
493 44
494 43
495 50
496 42
497 44
498 39
499 44
500 46
501 51
502 44
503 60
504 51
505 49
506 39
507 56
508 50
509 55
510 48
511 55
512 56
513 49
514 58
515 50
516 57
517 41
518 47
519 51
520 47
521 39
522 53
523 47
524 57
525 60
526 53
527 46
528 46
529 40
530 48
531 42
532 29
533 31
534 33
535 33
536 34
537 36
538 34
539 26
540 45
541 28
542 32
543 25
544 27
545 22
546 31
547 10
548 28
549 26
550 32
551 23
552 22
553 20
554 20
555 13
556 17
557 22
558 11
559 24
560 26
561 17
562 25
563 29
564 46
565 30
566 40
567 33
568 31
569 43
570 43
571 52
572 52
573 47
574 41
575 39
576 41
577 53
578 47
579 42
580 31
581 59
582 47
583 48
584 54
585 46
586 53
587 48
588 42
589 45
590 48
591 44
592 29
593 40
594 28
595 29
596 37
597 33
598 32
599 39
600 32
601 34
602 36
603 36
604 26
605 40
606 30
607 22
608 24
609 21
610 17
611 20
612 23
613 17
614 24
615 27
616 16
617 18
618 14
619 19
620 18
621 13
622 13
623 17
624 15
625 11
626 14
627 14
628 12
629 16
630 18
631 21
632 20
633 17
634 11
635 15
636 18
637 12
638 11
639 6
640 6
641 8
642 5
643 15
644 4
645 9
646 6
647 7
648 4
649 2
650 6
651 13
652 11
653 16
654 15
655 9
656 9
657 10
658 12
659 12
660 12
661 7
662 13
663 5
664 7
665 7
666 9
667 5
668 8
669 2
670 4
671 4
673 3
674 6
675 8
677 3
678 2
679 6
680 5
681 4
682 5
683 4
684 6
685 1
686 4
687 2
688 4
689 1
690 5
691 4
692 5
693 10
694 6
695 10
696 6
697 9
698 4
699 8
700 4
701 2
702 5
703 1
704 3
705 4
706 1
707 1
709 3
710 3
712 2
713 2
714 2
715 4
716 4
717 3
718 2
719 3
720 1
721 1
722 3
723 1
724 2
725 4
726 5
727 5
728 7
729 3
730 5
731 2
732 2
734 1
735 5
737 4
738 4
739 1
740 4
741 3
742 2
743 4
744 2
745 2
746 4
748 1
749 3
750 1
752 3
753 8
754 3
756 4
757 4
758 4
759 5
760 3
761 2
765 1
767 2
769 1
770 1
771 3
772 1
773 1
774 3
775 7
776 4
777 3
778 4
779 8
780 6
781 6
782 4
783 1
784 7
785 2
786 3
787 5
788 1
789 1
790 3
792 1
793 4
794 2
795 7
796 3
797 5
798 1
799 5
801 3
802 7
803 1
804 3
805 4
806 2
807 5
808 4
809 5
810 1
811 5
813 2
814 4
815 4
816 3
817 2
818 3
819 1
820 5
821 2
822 1
823 1
826 2
827 2
828 3
829 5
830 3
831 2
832 3
833 4
834 4
837 4
838 1
839 1
840 1
841 1
842 1
843 2
844 1
846 1
850 1
851 3
852 2
853 2
854 2
855 1
856 2
857 2
858 6
859 2
860 5
861 4
862 5
863 4
864 4
865 3
866 1
867 3
868 1
870 2
871 2
872 1
873 2
874 1
875 1
876 1
877 1
878 3
879 2
880 4
881 5
882 3
883 3
886 1
887 2
888 1
889 2
890 5
891 4
893 1
894 2
895 4
896 11
897 3
898 2
900 7
901 1
902 2
903 2
904 1
905 3
906 2
907 2
908 2
910 1
911 1
912 1
913 2
914 1
915 3
917 1
918 1
920 1
921 1
922 1
923 1
924 2
925 5
926 3
927 4
928 3
929 4
930 2
931 1
932 1
933 2
934 5
935 6
936 6
937 5
938 4
939 5
940 3
941 6
942 7
943 2
944 4
945 5
946 3
947 3
948 2
949 3
950 3
951 3
952 2
954 6
955 3
956 2
957 5
958 3
959 4
960 2
961 3
962 3
963 4
964 4
965 2
966 4
967 5
968 3
970 1
971 2
972 2
973 2
974 3
975 3
976 2
977 5
978 6
979 4
980 5
981 2
982 5
983 2
984 7
985 3
986 2
987 5
988 8
989 7
990 7
991 3
992 7
993 5
994 3
995 5
996 3
997 2
998 3
999 3
1000 1
1001 4
1002 5
1003 4
1004 2
1005 1
1006 2
1007 1
1008 1
1009 3
1011 1
1012 2
1013 2
1015 2
1016 3
1018 3
1019 3
1021 1
1022 1
1023 4
1024 4
1025 2
1026 7
1027 2
1028 1
1029 4
1030 2
1031 3
1032 5
1033 2
1034 2
1035 4
1037 6
1038 4
1039 5
1041 3
1042 1
1043 3
1044 6
1045 5
1046 6
1047 9
1048 2
1049 9
1050 3
1051 3
1052 4
1053 7
1054 6
1055 3
1056 4
1057 5
1058 1
1059 5
1060 8
1061 7
1062 3
1063 3
1064 9
1065 7
1066 7
1067 6
1068 10
1069 7
1070 6
1071 4
1072 7
1073 5
1074 8
1075 3
1076 3
1077 7
1078 5
1079 10
1080 2
1081 7
1082 4
1083 12
1084 7
1085 9
1086 10
1087 10
1088 6
1089 4
1090 9
1091 5
1092 3
1093 2
1094 3
1095 2
1097 3
1098 4
1099 6
1100 6
1101 2
1102 4
1103 9
1104 4
1105 3
1106 6
1107 4
1108 4
1109 3
1110 3
1111 3
1113 3
1114 2
1115 2
1116 1
1117 8
1118 3
1119 4
1120 7
1121 2
1122 4
1123 4
1124 3
1125 7
1126 3
1127 5
1128 8
1129 8
1130 8
1131 8
1132 8
1133 7
1134 7
1135 9
1136 6
1137 7
1138 2
1139 3
1140 4
1141 7
1142 4
1143 6
1144 5
1145 3
1146 7
1147 3
1148 4
1149 3
1150 3
1151 1
1152 2
1153 3
1154 2
1155 3
1156 2
1157 3
1158 1
1159 3
1160 1
1161 2
1162 2
1163 3
1164 1
1165 1
1166 1
1167 4
1168 4
1169 1
1172 4
1173 2
1175 2
1176 3
1177 2
1178 3
1179 5
1180 2
1181 1
1182 4
1183 4
1185 1
1186 1
1187 3
1189 1
1190 1
1191 3
1192 1
1193 2
1194 1
1195 4
1196 1
1197 1
1198 1
1201 2
1202 2
1203 5
1204 3
1205 6
1207 3
1208 1
1209 3
1210 1
1211 4
1212 1
1213 2
1214 3
1215 4
1216 7
1217 3
1218 2
1219 3
1220 3
1221 2
1222 4
1223 2
1224 2
1225 2
1227 3
1228 7
1229 4
1230 2
1232 2
1233 1
1234 1
1236 2
1238 1
1239 1
1240 3
1243 1
1245 1
1250 2
1252 2
1255 1
1256 4
1258 3
1259 2
1261 3
1262 2
1263 1
1264 1
1265 2
1266 1
1267 1
1268 4
1270 2
1271 2
1272 3
1273 2
1274 2
1275 1
1276 2
1277 4
1278 2
1279 3
1280 2
1281 2
1282 3
1283 2
1284 4
1285 3
1287 4
1288 6
1289 5
1290 3
1291 8
1292 2
1293 3
1294 4
1295 4
1296 2
1297 3
1298 4
1299 2
1300 6
1301 4
1302 9
1303 9
1304 8
1305 6
1306 4
1307 2
1308 8
1309 12
1310 3
1311 5
1312 9
1313 4
1314 5
1315 5
1316 3
1317 3
1318 6
1319 2
1320 4
1321 1
1322 5
1323 3
1324 2
1325 5
1326 3
1327 1
1328 2
1329 1
1330 1
1332 1
1333 3
1334 3
1335 4
1337 1
1338 4
1339 4
1341 3
1342 6
1343 3
1344 2
1345 4
1347 6
1348 4
1349 2
1350 5
1351 6
1352 1
1353 5
1354 2
1355 3
1356 7
1357 2
1358 11
1359 6
1360 2
1361 1
1362 3
1363 6
1364 6
1365 6
1366 5
1367 2
1368 5
1369 3
1370 5
1372 4
1373 9
1374 5
1375 7
1376 3
1377 7
1379 3
1380 2
1381 3
1382 1
1383 3
1384 2
1385 6
1386 3
1387 2
1388 5
1389 3
1390 4
1391 2
1392 4
1393 3
1394 4
1395 5
1396 2
1397 3
1398 4
1399 6
1400 1
1401 1
1402 1
1403 4
1404 5
1405 5
1406 1
1407 5
1408 3
1409 3
1410 1
1411 4
1412 3
1413 5
1414 4
1415 6
1416 2
1417 3
1418 2
1419 2
1420 1
1422 3
1423 2
1424 1
1425 4
1426 5
1427 6
1428 3
1429 3
1430 4
1431 2
1432 3
1433 4
1434 3
1435 2
1436 3
1437 4
1438 4
1439 9
1440 9
1441 4
1442 4
1443 7
1444 4
1445 10
1446 5
1447 7
1448 8
1449 4
1450 8
1451 2
1452 6
1453 4
1454 6
1455 6
1456 5
1457 7
1458 2
1459 3
1460 1
1461 5
1462 7
1463 6
1464 2
1465 4
1466 2
1467 1
1468 1
1469 3
1470 3
1471 5
1472 1
1473 3
1474 3
1475 1
1476 3
1477 1
1478 3
1479 7
1480 8
1481 7
1482 1
1483 3
1484 5
1485 11
1486 1
1487 5
1488 6
1489 2
1490 7
1491 4
1492 7
1493 5
1494 3
1495 4
1496 9
1497 7
1498 2
1499 4
1500 3
1501 6
1502 4
1504 1
1505 2
1506 3
1507 1
1508 1
1510 1
1512 4
1513 5
1515 2
1516 1
1517 6
1518 3
1519 1
1520 1
1521 4
1522 3
1523 3
1524 2
1526 4
1527 2
1528 3
1529 2
1530 1
1531 3
1532 2
1533 2
1534 1
1535 3
1536 1
1537 1
1539 1
1540 1
1541 1
1542 1
1543 1
1545 2
1546 1
1547 2
1548 1
1549 1
1551 1
1553 1
1554 1
1557 1
1560 1
1561 4
1563 1
1564 2
1566 2
1570 3
1571 3
1572 3
1573 2
1574 2
1575 1
1576 2
1579 1
1580 2
1581 3
1582 2
1589 1
1594 2
1597 2
1598 1
1599 3
1600 1
1602 1
1603 2
1604 1
1605 1
1609 2
1610 2
1611 2
1613 2
1614 2
1616 3
1618 3
1619 1
1621 1
1622 1
1624 1
1625 2
1627 2
1628 2
1629 3
1630 2
1631 1
1632 2
1633 2
1634 1
1635 1
1636 2
1637 3
1638 1
1640 1
1641 2
1642 2
1643 2
1644 1
1645 1
1647 3
1649 1
1650 1
1651 3
1652 2
1653 1
1654 2
1655 2
1657 3
1659 2
1660 1
1661 1
1662 4
1663 5
1664 2
1665 1
1666 2
1667 3
1668 3
1669 3
1670 1
1671 2
1672 2
1673 4
1675 2
1676 1
1677 2
1679 3
1680 1
1681 2
1682 3
1683 2
1684 1
1685 1
1686 2
1687 2
1688 4
1689 4
1690 3
1692 5
1693 1
1694 4
1695 2
1696 1
1697 3
1698 5
1699 4
1700 2
1702 2
1703 3
1704 3
1705 2
1706 3
1707 3
1708 2
1709 2
1710 2
1712 2
1715 2
1716 4
1717 2
1718 2
1720 4
1722 5
1723 1
1724 1
1725 1
1726 1
1729 3
1730 2
1732 1
1736 1
1740 1
1744 1
1745 1
1761 1
1764 1
1767 1
1770 1
1772 2
1774 1
1775 1
1777 2
1778 2
1779 3
1780 1
1781 2
1782 2
1783 2
1784 5
1785 1
1786 6
1787 2
1788 1
1789 1
1790 1
1791 4
1792 2
1793 3
1794 5
1795 6
1796 3
1797 5
1798 1
1799 2
1801 4
1803 2
1804 2
1805 2
1806 2
1808 2
1809 1
1810 1
1811 2
1812 3
1813 3
1814 3
1815 4
1816 1
1817 1
1819 2
1820 3
1821 2
1822 1
1824 2
1826 1
1828 1
1829 1
1830 1
1833 1
1834 3
1862 1
1901 1
1914 1
1919 1
1922 1
1970 1
1975 1
2055 1
2059 1
2106 1
2165 1
2276 1
2288 1
2289 1
2290 1
2291 1
2401 2
2405 2
2409 1
2410 1
2413 2
2415 1
2416 1
2418 2
2420 1
2421 1
2422 1
2424 1
2425 1
2452 1
2454 1
2458 1
2485 1
2515 1
2572 1
2643 1
2650 1
2651 1
2657 1
2659 1
2664 1
2667 1
2668 1
2674 1
2698 1
2710 1
2729 1
2854 1
2869 1
2889 1
2990 1
3047 1
3324 1
3454 1
3459 1
3466 1
3553 1
3561 1
3565 1
3566 1
3568 1
3575 1
3581 1
3624 1
3643 1
3662 1
3670 2
3713 1
3719 1
3721 2
3730 1
3735 1
3890 1
3902 1
3907 1
3914 1
3927 1
4188 1
4195 1
4198 1
4207 2
4214 1
4240 1
4241 1
4330 1
4617 1
