1 24129898
2 13119700
3 7816085
4 4907764
5 3192884
6 2190639
7 1623407
8 1330660
9 1231897
10 1244949
11 1307126
12 1370427
13 1401972
14 1409908
15 1376790
16 1314635
17 1234967
18 1138345
19 1040876
20 941130
21 842668
22 759325
23 683673
24 618285
25 567587
26 529568
27 512870
28 511973
29 534706
30 570472
31 622431
32 686890
33 753390
34 815384
35 872054
36 921746
37 953161
38 972045
39 972512
40 953222
41 920005
42 875169
43 818942
44 754576
45 684520
46 612988
47 537824
48 468251
49 401701
50 340715
51 284054
52 236809
53 194603
54 159208
55 128978
56 103999
57 83872
58 67182
59 54111
60 43805
61 35737
62 29348
63 24560
64 20569
65 17445
66 15193
67 13244
68 11942
69 10862
70 9777
71 8951
72 8463
73 8019
74 7525
75 7253
76 6720
77 6374
78 5898
79 5463
80 5103
81 4945
82 4444
83 4270
84 3956
85 3632
86 3507
87 3171
88 3104
89 2697
90 2647
91 2407
92 2316
93 2077
94 2032
95 1918
96 1786
97 1699
98 1585
99 1482
100 1328
101 1223
102 1066
103 984
104 936
105 811
106 786
107 722
108 697
109 711
110 714
111 718
112 707
113 623
114 685
115 639
116 644
117 631
118 651
119 722
120 678
121 660
122 685
123 650
124 632
125 678
126 707
127 715
128 662
129 725
130 648
131 678
132 596
133 655
134 574
135 616
136 618
137 616
138 568
139 513
140 592
141 559
142 570
143 560
144 520
145 448
146 471
147 426
148 416
149 418
150 434
151 397
152 404
153 344
154 325
155 302
156 326
157 303
158 285
159 309
160 317
161 322
162 289
163 235
164 234
165 232
166 195
167 217
168 221
169 222
170 232
171 229
172 229
173 215
174 207
175 210
176 211
177 183
178 210
179 228
180 215
181 206
182 217
183 223
184 243
185 263
186 225
187 313
188 304
189 273
190 270
191 242
192 279
193 299
194 295
195 280
196 256
197 261
198 261
199 278
200 256
201 257
202 266
203 227
204 219
205 171
206 163
207 158
208 186
209 150
210 103
211 100
212 103
213 100
214 88
215 100
216 100
217 84
218 77
219 71
220 100
221 82
222 82
223 90
224 79
225 80
226 96
227 61
228 75
229 66
230 84
231 80
232 87
233 78
234 69
235 80
236 70
237 58
238 79
239 64
240 64
241 51
242 69
243 76
244 56
245 49
246 70
247 60
248 55
249 48
250 48
251 51
252 58
253 57
254 42
255 40
256 46
257 65
258 51
259 59
260 54
261 52
262 70
263 49
264 66
265 59
266 32
267 57
268 60
269 48
270 56
271 53
272 66
273 53
274 71
275 57
276 49
277 48
278 34
279 44
280 35
281 37
282 44
283 46
284 49
285 33
286 37
287 47
288 36
289 40
290 37
291 28
292 23
293 28
294 23
295 31
296 24
297 36
298 33
299 23
300 23
301 37
302 30
303 26
304 36
305 34
306 23
307 50
308 39
309 37
310 28
311 35
312 27
313 26
314 34
315 29
316 26
317 23
318 18
319 23
320 21
321 16
322 15
323 23
324 25
325 11
326 15
327 19
328 12
329 12
330 11
331 16
332 8
333 15
334 11
335 8
336 22
337 13
338 14
339 18
340 18
341 23
342 15
343 22
344 13
345 20
346 14
347 9
348 17
349 20
350 11
351 15
352 12
353 18
354 20
355 15
356 7
357 7
358 13
359 9
360 13
361 20
362 13
363 18
364 10
365 7
366 9
367 10
368 4
369 8
370 9
371 6
372 11
373 9
374 17
375 6
376 10
377 14
378 7
379 12
380 9
381 7
382 6
383 7
384 13
385 6
386 3
387 5
388 6
389 5
390 7
391 7
392 4
393 5
394 5
395 5
396 7
397 5
398 11
399 14
400 15
401 12
402 5
403 13
404 14
405 11
406 8
407 8
408 12
409 10
410 14
411 14
412 11
413 11
414 12
415 9
416 7
417 13
418 17
419 11
420 14
421 10
422 16
423 15
424 12
425 12
426 12
427 12
428 14
429 10
430 14
431 12
432 10
433 13
434 11
435 13
436 12
437 20
438 12
439 24
440 18
441 20
442 18
443 30
444 10
445 23
446 14
447 12
448 15
449 11
450 12
451 7
452 12
453 12
454 9
455 5
456 6
457 9
458 7
459 7
460 7
461 11
462 13
463 10
464 8
465 12
466 6
467 6
468 10
469 8
470 8
471 15
472 11
473 6
474 11
475 7
476 11
477 14
478 12
479 12
480 8
481 13
482 16
483 14
484 10
485 8
486 15
487 14
488 8
489 13
490 15
491 13
492 11
493 12
494 10
495 14
496 8
497 11
498 17
499 7
500 10
501 13
502 10
503 15
504 8
505 7
506 17
507 9
508 20
509 9
510 10
511 17
512 21
513 9
514 4
515 5
516 12
517 10
518 11
519 9
520 14
521 14
522 14
523 28
524 19
525 10
526 16
527 13
528 11
529 11
530 11
531 14
532 12
533 14
534 16
535 9
536 17
537 6
538 8
539 11
540 12
541 7
542 12
543 18
544 13
545 15
546 9
547 7
548 10
549 13
550 13
551 13
552 15
553 7
554 8
555 9
556 13
557 7
558 8
559 11
560 9
561 8
562 12
563 11
564 13
565 10
566 14
567 12
568 6
569 7
570 12
571 13
572 4
573 9
574 9
575 4
576 5
577 3
578 5
579 8
580 7
581 4
582 3
583 6
584 3
585 5
586 5
587 7
588 7
589 8
590 5
591 6
592 7
593 7
594 7
595 7
596 1
597 7
598 6
599 6
600 1
601 7
602 1
603 1
604 4
605 3
606 2
608 4
610 2
611 2
612 2
613 4
614 4
615 2
616 5
617 2
618 4
619 1
620 1
621 2
622 1
623 8
624 2
625 4
626 1
629 1
630 2
631 2
634 2
635 1
636 1
639 1
641 1
643 3
644 3
645 3
646 1
648 2
649 5
650 2
651 1
652 1
653 3
654 1
655 2
656 1
657 1
658 1
659 1
660 1
661 1
662 1
664 2
667 1
668 1
669 4
670 3
672 4
674 1
675 2
678 1
683 1
684 2
685 1
686 1
687 2
688 3
689 3
690 2
691 5
692 3
693 2
694 2
696 2
697 2
700 3
701 1
702 1
703 2
709 1
710 2
711 2
712 1
718 1
722 2
724 1
725 1
726 1
727 1
728 1
729 2
731 1
732 1
734 1
735 1
736 2
741 1
744 1
747 1
748 1
750 1
751 1
754 1
755 1
758 1
759 1
764 2
765 1
767 1
785 1
793 1
794 2
797 1
798 1
799 1
800 2
805 1
806 1
807 2
810 2
817 1
818 1
819 1
820 1
825 1
833 1
834 2
835 1
837 1
838 1
839 1
840 3
846 1
848 1
861 2
865 1
869 1
872 1
875 1
876 1
881 1
882 1
896 1
899 2
901 1
902 1
903 1
904 2
907 1
911 1
914 1
915 1
916 1
931 1
935 1
936 1
937 1
949 2
952 1
958 1
969 1
973 1
974 1
975 2
976 2
978 2
980 1
982 1
987 1
990 1
998 1
1012 1
1024 1
1030 1
1031 2
1033 1
1035 1
1036 2
1041 1
1044 2
1045 1
1062 1
1090 1
1091 1
1093 1
1096 1
1103 1
1110 1
1114 1
1123 1
1129 1
1130 1
1137 1
1138 1
1139 1
1142 1
1149 1
1150 1
1155 1
1178 1
1182 1
1183 1
1184 2
1185 1
1186 1
1189 1
1191 2
1192 2
1194 1
1196 1
1197 2
1199 1
1200 1
1202 1
1203 1
1204 1
1205 2
1206 1
1210 1
1211 1
1212 1
1215 1
1216 2
1217 1
1220 2
1221 1
1223 1
1224 1
1225 2
1226 2
1229 1
1231 1
1282 1
1288 1
1298 1
1318 1
1320 1
1322 1
1323 1
1330 1
1343 1
1358 1
1362 1
1366 1
1367 1
1409 1
1471 1
1472 1
1474 1
1495 1
1498 1
1499 1
1509 1
1510 2
1511 1
1516 1
1519 1
1533 1
1534 1
1535 1
1536 1
1537 1
1539 1
1540 1
1543 1
1547 2
1565 1
1579 1
1583 1
1593 1
1664 1
1671 1
1779 1
1783 1
1787 1
1788 1
1789 1
1791 1
1793 3
1794 1
1795 2
1797 2
1800 1
1801 1
1804 1
1836 1
1875 1
2462 1
2492 1
2773 1
2867 1
2956 1
3133 1
3760 1
3790 1
3797 1
3799 1
3803 1
3807 1
3809 1
3812 1
3818 1
3821 1
3831 1
