1 19485339
2 6813297
3 3190632
4 2067767
5 1697427
6 1622427
7 1659436
8 1709205
9 1708940
10 1644506
11 1544580
12 1413282
13 1261785
14 1116813
15 972313
16 838277
17 720251
18 614087
19 528959
20 470974
21 428356
22 402080
23 388778
24 382810
25 382628
26 382807
27 384735
28 388317
29 389062
30 391609
31 392139
32 387629
33 382359
34 377100
35 367826
36 351587
37 337506
38 320736
39 300135
40 274865
41 248727
42 221513
43 193006
44 167674
45 142795
46 117768
47 96561
48 77824
49 60848
50 47640
51 36186
52 27193
53 20835
54 15529
55 11661
56 8783
57 6317
58 5053
59 4092
60 3238
61 2773
62 2345
63 2133
64 1969
65 1822
66 1708
67 1532
68 1482
69 1352
70 1239
71 1251
72 1204
73 1161
74 1151
75 1215
76 1167
77 1102
78 1025
79 1000
80 1038
81 1006
82 992
83 922
84 950
85 898
86 843
87 800
88 760
89 729
90 688
91 626
92 555
93 582
94 566
95 514
96 495
97 524
98 473
99 435
100 402
101 403
102 384
103 423
104 425
105 428
106 414
107 449
108 480
109 479
110 422
111 486
112 511
113 587
114 548
115 552
116 529
117 508
118 487
119 423
120 401
121 470
122 382
123 355
124 378
125 342
126 339
127 305
128 282
129 302
130 258
131 233
132 230
133 247
134 172
135 167
136 159
137 172
138 169
139 135
140 170
141 147
142 151
143 171
144 162
145 141
146 141
147 133
148 140
149 120
150 153
151 136
152 153
153 163
154 153
155 170
156 150
157 167
158 226
159 271
160 293
161 359
162 463
163 583
164 714
165 881
166 1074
167 1244
168 1475
169 1899
170 2208
171 2838
172 3318
173 3864
174 4557
175 5799
176 6668
177 7861
178 9193
179 10629
180 12164
181 13844
182 16276
183 18359
184 20380
185 23171
186 25907
187 28645
188 31674
189 35302
190 38309
191 41925
192 46395
193 50163
194 54504
195 59151
196 63442
197 68139
198 72479
199 76928
200 81448
201 85671
202 90438
203 94334
204 98470
205 102668
206 106795
207 109784
208 113327
209 116519
210 119478
211 122513
212 124120
213 126758
214 127208
215 128956
216 129807
217 130912
218 130673
219 130574
220 130987
221 129183
222 126973
223 125436
224 123117
225 120672
226 117708
227 114313
228 110555
229 106616
230 103192
231 99509
232 94805
233 90535
234 86175
235 81788
236 77290
237 72898
238 67831
239 63199
240 58756
241 54453
242 50206
243 46146
244 42348
245 38444
246 35490
247 31980
248 28769
249 26055
250 23048
251 20837
252 18251
253 16360
254 14294
255 12746
256 11208
257 9870
258 8558
259 7383
260 6394
261 5515
262 4701
263 4030
264 3515
265 2898
266 2477
267 2024
268 1724
269 1460
270 1291
271 1079
272 943
273 827
274 708
275 593
276 491
277 420
278 374
279 258
280 222
281 211
282 221
283 181
284 178
285 129
286 117
287 115
288 80
289 92
290 85
291 91
292 79
293 74
294 80
295 97
296 78
297 72
298 74
299 59
300 59
301 53
302 55
303 50
304 49
305 46
306 52
307 47
308 45
309 39
310 65
311 53
312 42
313 46
314 51
315 51
316 38
317 63
318 59
319 58
320 38
321 45
322 47
323 34
324 30
325 27
326 36
327 36
328 33
329 27
330 31
331 22
332 19
333 18
334 17
335 26
336 25
337 24
338 23
339 36
340 17
341 14
342 18
343 14
344 26
345 20
346 10
347 17
348 15
349 17
350 16
351 12
352 15
353 19
354 22
355 13
356 15
357 19
358 21
359 26
360 33
361 27
362 23
363 31
364 30
365 31
366 36
367 33
368 35
369 33
370 37
371 43
372 51
373 53
374 68
375 67
376 70
377 83
378 62
379 83
380 102
381 114
382 114
383 116
384 123
385 150
386 142
387 142
388 159
389 182
390 196
391 185
392 211
393 209
394 212
395 207
396 236
397 229
398 269
399 271
400 285
401 302
402 365
403 327
404 344
405 326
406 386
407 342
408 395
409 371
410 368
411 351
412 384
413 363
414 373
415 388
416 405
417 390
418 396
419 348
420 372
421 401
422 429
423 395
424 382
425 379
426 392
427 415
428 396
429 423
430 407
431 419
432 378
433 419
434 436
435 394
436 416
437 410
438 433
439 446
440 452
441 408
442 407
443 404
444 398
445 368
446 396
447 371
448 369
449 370
450 364
451 334
452 368
453 340
454 346
455 383
456 348
457 360
458 334
459 353
460 342
461 333
462 338
463 309
464 319
465 282
466 273
467 287
468 257
469 232
470 233
471 207
472 187
473 155
474 200
475 150
476 131
477 130
478 124
479 137
480 155
481 124
482 136
483 121
484 122
485 110
486 100
487 86
488 88
489 82
490 56
491 54
492 54
493 41
494 35
495 42
496 34
497 35
498 36
499 33
500 35
501 30
502 29
503 25
504 45
505 30
506 31
507 29
508 22
509 30
510 31
511 32
512 36
513 19
514 23
515 25
516 26
517 29
518 21
519 30
520 24
521 15
522 19
523 18
524 25
525 14
526 14
527 22
528 19
529 12
530 20
531 18
532 16
533 16
534 19
535 20
536 17
537 16
538 14
539 14
540 15
541 19
542 13
543 15
544 9
545 23
546 23
547 21
548 16
549 12
550 10
551 14
552 14
553 12
554 20
555 23
556 24
557 30
558 16
559 14
560 26
561 21
562 17
563 24
564 26
565 27
566 25
567 17
568 26
569 37
570 37
571 28
572 35
573 49
574 39
575 50
576 55
577 53
578 50
579 46
580 51
581 44
582 56
583 62
584 60
585 78
586 76
587 79
588 65
589 75
590 79
591 73
592 102
593 106
594 85
595 135
596 114
597 117
598 104
599 124
600 128
601 123
602 125
603 146
604 140
605 149
606 147
607 132
608 147
609 148
610 179
611 151
612 151
613 181
614 154
615 184
616 151
617 170
618 176
619 177
620 211
621 196
622 175
623 180
624 173
625 181
626 165
627 187
628 180
629 165
630 168
631 142
632 168
633 157
634 144
635 166
636 142
637 127
638 135
639 131
640 133
641 137
642 131
643 129
644 128
645 112
646 122
647 101
648 120
649 108
650 93
651 102
652 85
653 66
654 84
655 74
656 61
657 45
658 74
659 63
660 77
661 70
662 66
663 65
664 52
665 41
666 50
667 55
668 56
669 49
670 51
671 44
672 34
673 56
674 41
675 40
676 47
677 36
678 46
679 35
680 40
681 38
682 30
683 38
684 43
685 30
686 35
687 38
688 37
689 26
690 36
691 34
692 38
693 36
694 41
695 29
696 31
697 36
698 31
699 38
700 24
701 39
702 25
703 34
704 40
705 25
706 30
707 26
708 30
709 32
710 22
711 26
712 26
713 21
714 23
715 14
716 20
717 12
718 21
719 29
720 17
721 11
722 16
723 14
724 18
725 12
726 18
727 19
728 9
729 20
730 17
731 13
732 15
733 13
734 11
735 6
736 14
737 9
738 9
739 4
740 5
741 4
742 10
743 12
744 9
745 2
746 12
747 8
748 9
749 5
750 8
751 5
752 6
753 8
754 8
755 7
756 5
757 7
758 9
759 6
760 6
761 5
762 7
763 7
764 14
765 11
766 7
767 10
768 8
769 10
770 3
771 9
772 9
773 10
774 8
775 9
776 10
777 8
778 14
779 9
780 19
781 16
782 17
783 19
784 18
785 21
786 15
787 19
788 23
789 13
790 20
791 22
792 26
793 23
794 21
795 26
796 25
797 26
798 37
799 27
800 40
801 38
802 40
803 36
804 20
805 35
806 45
807 32
808 52
809 38
810 39
811 43
812 50
813 38
814 60
815 43
816 53
817 57
818 56
819 47
820 60
821 51
822 52
823 47
824 41
825 38
826 45
827 45
828 40
829 44
830 58
831 62
832 54
833 47
834 53
835 41
836 49
837 52
838 53
839 51
840 50
841 32
842 58
843 29
844 42
845 39
846 40
847 39
848 51
849 40
850 37
851 46
852 42
853 34
854 39
855 35
856 42
857 37
858 38
859 37
860 44
861 26
862 28
863 21
864 39
865 41
866 25
867 21
868 36
869 40
870 29
871 42
872 28
873 32
874 52
875 39
876 46
877 57
878 43
879 40
880 34
881 58
882 54
883 59
884 67
885 47
886 50
887 54
888 40
889 53
890 54
891 44
892 48
893 52
894 48
895 49
896 41
897 48
898 57
899 39
900 49
901 39
902 57
903 42
904 56
905 48
906 46
907 39
908 48
909 43
910 40
911 37
912 37
913 34
914 31
915 34
916 26
917 38
918 23
919 39
920 22
921 24
922 19
923 15
924 18
925 26
926 20
927 17
928 16
929 23
930 18
931 14
932 19
933 24
934 27
935 20
936 18
937 21
938 19
939 17
940 19
941 14
942 18
943 15
944 19
945 6
946 13
947 11
948 9
949 5
950 5
951 6
952 7
953 2
954 3
955 3
956 2
957 8
958 7
959 7
960 7
961 9
962 8
963 9
964 9
965 1
966 8
967 11
968 4
969 8
970 10
971 4
972 4
973 10
974 2
975 7
976 5
977 5
978 7
979 8
980 4
981 8
982 5
983 2
984 11
985 23
986 15
987 10
988 12
989 18
990 18
991 16
992 15
993 18
994 23
995 25
996 22
997 22
998 13
999 29
1000 26
1001 34
1002 18
1003 17
1004 15
1005 25
1006 24
1007 16
1008 19
1009 30
1010 24
1011 26
1012 36
1013 35
1014 39
1015 32
1016 31
1017 34
1018 53
1019 28
1020 38
1021 38
1022 38
1023 24
1024 37
1025 31
1026 32
1027 32
1028 29
1029 37
1030 25
1031 28
1032 28
1033 21
1034 28
1035 26
1036 16
1037 20
1038 20
1039 38
1040 17
1041 18
1042 19
1043 23
1044 25
1045 34
1046 38
1047 37
1048 24
1049 26
1050 37
1051 41
1052 35
1053 21
1054 17
1055 23
1056 23
1057 20
1058 14
1059 19
1060 19
1061 18
1062 15
1063 14
1064 15
1065 15
1066 12
1067 11
1068 22
1069 19
1070 9
1071 9
1072 10
1073 16
1074 19
1075 14
1076 16
1077 15
1078 20
1079 20
1080 15
1081 19
1082 14
1083 19
1084 25
1085 14
1086 15
1087 26
1088 18
1089 14
1090 16
1091 13
1092 11
1093 16
1094 19
1095 15
1096 21
1097 14
1098 13
1099 22
1100 19
1101 21
1102 15
1103 22
1104 21
1105 18
1106 14
1107 17
1108 15
1109 27
1110 21
1111 14
1112 18
1113 15
1114 16
1115 19
1116 12
1117 23
1118 21
1119 19
1120 17
1121 16
1122 22
1123 24
1124 24
1125 25
1126 21
1127 30
1128 28
1129 21
1130 25
1131 23
1132 19
1133 19
1134 19
1135 15
1136 13
1137 8
1138 14
1139 11
1140 11
1141 19
1142 10
1143 6
1144 6
1145 13
1146 4
1147 9
1148 7
1149 8
1150 5
1151 11
1152 8
1153 6
1154 13
1155 7
1156 8
1157 13
1158 11
1159 11
1160 6
1161 18
1162 9
1163 12
1164 8
1165 5
1166 9
1167 11
1168 6
1169 2
1170 3
1171 8
1172 8
1173 7
1174 8
1175 9
1176 2
1177 8
1178 15
1179 17
1180 10
1181 8
1182 12
1183 11
1184 15
1185 12
1186 5
1187 15
1188 9
1189 13
1190 9
1191 13
1192 10
1193 6
1194 9
1195 11
1196 12
1197 9
1198 6
1199 15
1200 15
1201 7
1202 9
1203 7
1204 14
1205 11
1206 15
1207 10
1208 21
1209 20
1210 20
1211 16
1212 17
1213 25
1214 20
1215 13
1216 22
1217 20
1218 23
1219 18
1220 21
1221 24
1222 21
1223 19
1224 25
1225 12
1226 27
1227 27
1228 17
1229 28
1230 17
1231 24
1232 21
1233 22
1234 31
1235 23
1236 21
1237 25
1238 20
1239 31
1240 18
1241 25
1242 34
1243 18
1244 28
1245 33
1246 15
1247 27
1248 23
1249 32
1250 28
1251 23
1252 19
1253 22
1254 21
1255 19
1256 14
1257 20
1258 18
1259 19
1260 27
1261 17
1262 20
1263 19
1264 32
1265 30
1266 25
1267 28
1268 18
1269 20
1270 16
1271 25
1272 16
1273 25
1274 12
1275 22
1276 20
1277 22
1278 18
1279 22
1280 11
1281 14
1282 16
1283 9
1284 12
1285 7
1286 8
1287 10
1288 10
1289 6
1290 7
1291 6
1292 2
1293 5
1294 6
1295 8
1296 3
1297 2
1298 3
1299 2
1300 4
1301 6
1302 4
1303 4
1304 5
1305 3
1306 6
1307 5
1308 4
1309 2
1310 4
1311 3
1312 5
1313 4
1314 4
1315 8
1316 5
1317 2
1318 6
1319 7
1320 6
1321 4
1322 7
1323 8
1324 9
1325 4
1326 6
1327 4
1328 7
1329 5
1330 3
1331 2
1332 7
1333 3
1334 2
1335 5
1336 6
1337 3
1338 7
1340 5
1341 4
1342 4
1343 3
1344 3
1345 2
1346 4
1347 1
1348 3
1349 3
1350 1
1351 1
1352 2
1353 3
1354 4
1355 4
1356 10
1357 3
1358 5
1359 4
1360 4
1361 3
1362 3
1363 1
1364 3
1365 2
1367 1
1368 1
1369 1
1370 2
1372 2
1373 3
1374 3
1375 2
1376 3
1378 1
1379 1
1380 2
1381 2
1382 5
1383 1
1384 4
1385 4
1386 7
1387 1
1388 1
1389 3
1391 1
1392 3
1394 3
1395 4
1396 2
1397 2
1398 3
1399 2
1400 5
1401 3
1402 3
1403 4
1404 1
1405 1
1406 1
1407 2
1408 3
1409 5
1410 1
1411 1
1414 3
1415 1
1416 5
1417 2
1418 3
1419 5
1420 1
1421 4
1422 4
1423 1
1424 3
1425 1
1426 1
1427 2
1428 3
1430 6
1431 2
1432 5
1433 6
1434 6
1435 2
1436 4
1437 2
1438 5
1439 7
1440 7
1441 5
1442 6
1443 5
1444 8
1445 5
1446 9
1447 7
1448 5
1449 1
1450 6
1451 6
1452 4
1453 6
1454 1
1455 6
1456 2
1457 7
1458 6
1460 4
1461 7
1462 3
1463 5
1464 3
1465 3
1466 6
1467 3
1468 6
1469 2
1471 6
1472 3
1473 2
1474 2
1475 2
1476 1
1477 2
1478 3
1480 2
1482 1
1483 1
1484 1
1490 1
1493 1
1495 3
1497 2
1498 2
1501 1
1502 1
1503 2
1504 4
1505 4
1507 4
1508 4
1510 1
1511 3
1512 2
1515 2
1516 2
1517 2
1518 2
1519 3
1520 3
1525 1
1526 1
1527 1
1528 1
1532 1
1550 1
1553 2
1554 2
1559 1
1560 1
1564 1
1566 1
1568 1
1573 1
1574 1
1578 2
1581 1
1582 1
1584 1
1592 1
1595 1
1598 1
1600 1
1603 1
1605 1
1608 1
1609 1
1610 3
1614 3
1615 2
1617 1
1618 2
1619 4
1620 2
1621 2
1622 5
1623 6
1624 2
1625 2
1626 1
1627 2
1628 4
1629 4
1630 2
1631 3
1632 5
1633 3
1634 3
1635 2
1636 3
1637 5
1638 1
1639 3
1640 2
1641 3
1642 1
1643 3
1644 3
1645 3
1646 4
1647 2
1648 5
1649 2
1650 1
1652 5
1653 1
1654 1
1656 3
1657 4
1658 3
1659 2
1661 2
1663 1
1664 1
1665 2
1666 5
1667 3
1668 2
1669 1
1670 1
1671 3
1672 1
1673 2
1674 2
1675 1
1676 1
1677 3
1678 2
1679 4
1680 1
1681 1
1682 2
1683 1
1684 1
1685 2
1686 3
1687 2
1688 2
1690 2
1691 3
1692 5
1693 2
1694 1
1695 2
1696 1
1698 1
1700 1
1701 1
1702 2
1703 1
1704 2
1707 1
1708 2
1713 1
1714 1
1717 2
1723 1
1725 2
1729 1
1731 1
1732 2
1733 1
1735 2
1737 2
1738 2
1739 4
1740 1
1742 1
1743 1
1749 1
1769 2
1771 3
1772 3
1773 3
1774 4
1775 3
1776 3
1777 1
1778 2
1780 3
1781 1
1782 2
1783 1
1791 1
1798 1
1799 2
1800 1
1801 4
1802 2
1803 1
1804 3
1806 4
1808 2
1809 4
1810 1
1811 1
1812 1
1813 2
1815 2
1816 1
1817 1
1818 1
1819 2
1820 1
1821 1
1822 2
1823 2
1824 1
1825 2
1827 1
1828 3
1829 1
1830 3
1831 2
1832 2
1833 2
1835 3
1836 1
1837 2
1838 2
1839 2
1840 2
1842 1
1843 5
1844 2
1845 3
1846 1
1848 1
1849 1
1851 1
1852 3
1854 3
1855 4
1856 3
1857 1
1858 2
1859 1
1860 4
1861 3
1862 2
1867 1
1868 1
1869 3
1870 3
1873 4
1874 1
1875 1
1877 2
1878 4
1881 3
1882 4
1885 2
1886 3
1887 1
1888 1
1889 1
1891 1
1892 1
1894 3
1898 1
1901 1
1903 2
1904 1
1905 1
1906 2
1907 1
1912 5
1913 1
1914 2
1917 1
1918 1
1924 1
1928 1
1936 1
1937 1
1939 1
1953 1
1963 1
1967 2
1968 1
1970 2
1972 1
1973 3
1974 1
1975 1
1976 1
1978 2
1979 2
1980 3
1981 1
1982 2
1983 2
1984 1
1985 3
1986 3
1987 1
1988 4
1989 3
1990 4
1992 2
1993 2
1994 1
1995 3
1996 1
2002 2
2003 2
2007 2
2008 2
2009 1
2010 2
2011 1
2012 3
2013 1
2014 5
2016 3
2017 2
2019 2
2020 1
2021 4
2022 1
2023 1
2024 3
2025 2
2027 3
2028 3
2030 3
2031 1
2032 3
2033 3
2034 1
2035 5
2037 2
2038 3
2039 3
2040 5
2041 2
2042 4
2043 3
2044 2
2045 3
2046 3
2047 1
2048 2
2049 3
2050 3
2051 2
2053 1
2054 2
2055 1
2056 2
2058 1
2059 2
2061 2
2062 1
2064 4
2065 4
2066 1
2067 2
2068 1
2070 1
2071 1
2072 1
2073 1
2074 1
2075 2
2076 1
2077 1
2079 1
2083 1
2085 1
2086 5
2087 1
2088 1
2089 4
2090 3
2092 1
2093 2
2094 2
2095 1
2096 2
2098 3
2099 4
2100 2
2102 2
2103 3
2104 1
2105 1
2106 5
2107 4
2108 9
2109 7
2110 2
2111 3
2112 3
2113 2
2114 4
2115 3
2116 2
2117 1
2118 1
2119 5
2121 3
2122 1
2123 1
2124 2
2127 4
2129 2
2132 1
2135 1
2136 1
2152 1
2162 1
2169 1
2173 4
2175 1
2176 3
2177 1
2179 2
2180 1
2181 5
2183 2
2185 6
2186 4
2187 1
2188 1
2189 1
2190 1
2191 3
2192 1
2193 2
2194 2
2195 1
2196 2
2197 1
2198 1
2199 1
2200 3
2201 2
2202 5
2203 3
2204 4
2205 1
2206 2
2207 4
2209 1
2210 2
2211 2
2212 4
2213 3
2215 4
2216 1
2217 1
2218 2
2219 1
2220 6
2221 3
2222 3
2223 3
2224 2
2225 1
2226 1
2227 1
2228 1
2229 4
2230 4
2231 3
2232 1
2234 4
2235 3
2236 2
2237 1
2238 1
2239 7
2240 4
2241 5
2242 2
2243 3
2244 3
2246 6
2247 3
2248 1
2249 6
2250 3
2251 3
2252 2
2253 1
2254 2
2255 4
2256 3
2257 2
2258 2
2259 3
2260 3
2261 3
2262 4
2263 1
2264 4
2265 1
2266 2
2267 2
2268 1
2269 4
2270 6
2271 1
2273 2
2274 2
2275 1
2276 1
2277 1
2278 1
2279 3
2280 1
2281 5
2282 1
2284 1
2285 4
2286 1
2287 4
2289 3
2291 2
2292 1
2293 1
2294 1
2296 4
2297 1
2298 1
2299 1
2300 3
2301 1
2303 3
2304 2
2305 1
2307 5
2308 2
2309 1
2310 3
2311 1
2312 2
2313 1
2314 3
2315 3
2316 3
2317 4
2318 3
2319 1
2320 1
2321 5
2322 5
2323 4
2324 4
2325 4
2326 2
2327 1
2328 4
2329 3
2330 2
2331 4
2332 3
2333 3
2334 4
2335 4
2336 3
2337 3
2338 3
2339 3
2340 1
2341 1
2342 5
2343 5
2344 3
2345 2
2346 5
2347 4
2348 3
2350 5
2351 3
2352 2
2353 2
2354 6
2355 2
2356 5
2357 2
2358 5
2359 4
2360 3
2361 6
2362 2
2363 3
2364 2
2365 3
2366 1
2367 6
2368 2
2369 7
2370 2
2371 5
2372 5
2373 3
2374 3
2375 1
2376 1
2377 6
2378 4
2379 3
2380 5
2381 3
2382 4
2383 1
2384 3
2385 2
2387 1
2388 4
2390 3
2394 1
2395 1
2400 1
2401 1
2402 2
2405 1
2417 1
2423 1
2424 2
2427 1
2429 1
2434 1
2436 2
2438 4
2439 1
2440 2
2441 3
2442 3
2443 1
2444 4
2445 2
2446 2
2447 2
2448 4
2449 2
2450 4
2451 6
2452 2
2453 4
2454 4
2455 2
2456 2
2457 7
2458 6
2459 2
2460 5
2461 3
2462 3
2463 1
2464 2
2465 1
2467 3
2468 1
2470 2
2471 3
2472 1
2473 2
2474 2
2475 2
2476 1
2477 2
2478 1
2480 2
2481 2
2482 6
2483 2
2485 2
2486 3
2487 1
2489 3
2490 3
2491 1
2492 1
2493 1
2494 3
2496 3
2497 3
2498 5
2499 2
2500 4
2501 2
2502 3
2503 2
2505 4
2506 1
2507 4
2508 1
2509 1
2510 3
2511 1
2512 2
2513 3
2514 2
2515 4
2516 3
2517 1
2518 1
2519 3
2520 1
2522 3
2524 1
2525 1
2526 1
2527 2
2528 2
2529 2
2530 1
2531 2
2533 2
2534 1
2535 4
2536 1
2537 2
2538 1
2542 1
2543 1
2545 2
2548 1
2549 1
2551 2
2553 3
2554 2
2555 1
2557 2
2558 2
2559 2
2560 2
2561 1
2564 1
2565 1
2566 2
2567 2
2568 2
2569 1
2570 1
2571 1
2572 1
2575 1
2579 1
2586 1
2587 1
2589 1
2592 5
2593 2
2594 1
2595 4
2596 3
2597 1
2598 3
2600 2
2601 3
2602 3
2603 4
2604 2
2606 4
2608 1
2610 2
2611 5
2612 3
2613 1
2614 3
2615 2
2617 1
2618 2
2620 2
2623 1
2624 2
2625 4
2626 2
2627 2
2629 2
2630 2
2632 1
2633 2
2634 3
2635 4
2636 2
2637 1
2638 3
2639 1
2640 2
2641 4
2642 1
2644 5
2645 3
2646 1
2647 2
2648 1
2649 1
2650 1
2651 1
2654 3
2655 1
2658 1
2662 1
2665 1
2666 1
2667 2
2669 1
2670 2
2672 2
2674 1
2675 1
2676 1
2677 6
2678 3
2679 1
2680 1
2681 1
2683 1
2684 3
2685 2
2686 4
2687 2
2688 3
2689 3
2690 1
2691 3
2692 4
2693 5
2694 1
2695 4
2696 3
2697 1
2698 5
2699 1
2701 1
2702 3
2703 1
2704 1
2705 5
2706 2
2707 3
2708 2
2709 4
2710 2
2711 1
2713 7
2714 1
2715 2
2716 2
2717 2
2718 2
2720 3
2721 4
2722 4
2723 3
2724 5
2725 4
2726 2
2727 2
2728 2
2729 2
2730 4
2731 3
2732 1
2733 5
2734 3
2735 5
2736 1
2737 3
2738 2
2739 7
2740 3
2741 2
2742 1
2743 2
2744 4
2745 2
2746 1
2747 1
2748 2
2749 1
2751 3
2752 2
2753 2
2754 3
2755 3
2756 5
2757 4
2758 2
2760 2
2761 2
2762 2
2763 1
2764 2
2765 1
2766 3
2767 2
2770 3
2774 1
2775 1
2776 1
2777 2
2779 1
2780 1
2781 1
2787 1
2788 2
2792 2
2800 1
2805 2
2812 1
2813 1
2814 2
2815 3
2816 1
2818 2
2819 2
2821 2
2823 1
2824 2
2827 1
2830 2
2831 2
2837 1
2838 1
2839 1
2840 1
2842 1
2852 1
2854 2
2857 1
2858 1
2860 1
2861 2
2862 1
2863 2
2864 2
2865 1
2866 1
2868 3
2869 1
2871 2
2873 4
2874 1
2875 3
2876 2
2877 2
2879 1
2880 2
2881 3
2882 1
2883 5
2884 3
2886 1
2888 2
2890 2
2891 3
2893 2
2894 5
2895 1
2896 1
2897 1
2898 2
2900 2
2901 3
2903 1
2905 4
2906 1
2908 2
2909 2
2910 3
2911 1
2912 1
2913 3
2915 1
2916 2
2917 1
2918 4
2921 2
2922 2
2923 1
2931 1
2932 1
2935 1
2944 1
2946 1
2950 1
2957 1
2962 2
2965 1
2969 1
2971 1
2972 1
2973 2
2974 1
2975 1
2976 1
2977 2
2978 4
2981 2
2982 2
2984 1
2985 1
2986 2
2987 3
2988 2
2989 1
2990 1
2991 1
2992 1
2993 3
2994 2
2995 4
2997 3
2998 2
2999 1
3000 3
3002 4
3004 1
3006 1
3007 1
3008 1
3009 2
3010 2
3011 1
3012 4
3013 3
3015 5
3016 2
3017 1
3018 3
3019 2
3020 3
3021 5
3022 2
3023 6
3024 3
3026 3
3027 1
3028 4
3029 1
3030 3
3031 1
3032 2
3034 2
3035 2
3036 2
3037 2
3038 4
3039 1
3041 4
3042 2
3043 2
3044 1
3045 2
3047 5
3048 1
3050 2
3051 3
3052 2
3053 2
3055 3
3056 1
3057 4
3058 4
3059 1
3060 1
3061 1
3062 3
3063 2
3065 3
3067 2
3068 4
3069 2
3071 1
3072 4
3073 5
3074 1
3075 5
3076 7
3077 4
3078 5
3079 5
3080 5
3081 2
3082 4
3083 6
3084 3
3085 2
3086 4
3087 4
3088 6
3089 3
3090 2
3091 8
3092 5
3093 8
3094 4
3095 2
3096 5
3097 3
3098 3
3099 2
3100 1
3101 2
3102 1
3103 1
3104 2
3105 3
3106 4
3107 1
3108 5
3109 3
3110 1
3111 3
3112 1
3113 1
3114 4
3115 2
3117 2
3118 1
3119 2
3120 1
3122 1
3123 2
3124 2
3125 1
3126 2
3127 1
3128 3
3129 3
3130 3
3131 1
3133 3
3135 3
3136 2
3137 1
3138 1
3140 1
3141 3
3142 4
3143 1
3145 2
3148 3
3149 1
3150 1
3151 1
3152 3
3153 2
3155 1
3159 1
3160 1
3161 1
3162 1
3166 1
3168 2
3169 1
3170 1
3171 2
3172 2
3174 1
3175 1
3176 1
3177 1
3178 1
3179 2
3181 1
3184 1
3188 1
3189 1
3190 1
3192 1
3193 1
3194 1
3198 1
3199 1
3202 2
3205 2
3207 1
3213 1
3215 1
3217 1
3218 1
3219 1
3220 2
3221 1
3222 1
3224 3
3226 2
3229 1
3236 3
3238 2
3239 2
3240 1
3242 1
3243 1
3244 1
3245 1
3247 2
3249 1
3252 1
3253 2
3256 1
3257 1
3258 1
3264 1
3265 2
3267 2
3268 1
3269 2
3270 2
3273 1
3274 1
3275 1
3276 2
3277 1
3278 1
3280 2
3281 1
3282 2
3283 1
3284 1
3285 2
3287 1
3290 1
3291 2
3293 1
3294 1
3307 1
3309 1
3311 1
3312 1
3313 1
3317 1
3322 1
3324 1
3325 1
3330 1
3341 1
3348 1
3350 2
3351 1
3352 1
3354 1
3356 1
3358 1
3359 1
3360 1
3362 2
3363 1
3372 2
3374 1
3376 1
3378 1
3380 1
3387 2
3389 1
3390 2
3391 1
3393 5
3396 1
3399 1
3401 1
3402 1
3403 1
3405 2
3407 3
3411 1
3413 1
3419 1
3420 2
3421 1
3422 1
3424 3
3425 2
3426 1
3427 1
3428 1
3429 1
3430 1
3433 1
3434 1
3436 1
3437 3
3442 1
3446 2
3448 1
3450 1
3451 1
3452 1
3456 1
3459 1
3464 1
3472 1
3474 1
3476 1
3488 1
3492 2
3495 1
3496 1
3500 1
3502 1
3503 2
3507 1
3516 1
3517 1
3519 1
3520 2
3521 1
3524 1
3525 1
3527 1
3528 2
3529 1
3530 1
3531 1
3532 3
3534 1
3535 1
3536 2
3537 2
3538 1
3539 1
3540 1
3541 2
3542 1
3543 2
3544 1
3545 3
3546 1
3547 2
3548 1
3550 1
3552 1
3553 2
3554 1
3555 4
3556 1
3557 2
3558 3
3559 3
3560 6
3561 3
3562 2
3563 1
3564 5
3565 4
3566 3
3567 6
3568 7
3569 5
3570 3
3571 4
3572 4
3573 3
3574 2
3575 2
3576 4
3577 6
3578 3
3579 6
3580 9
3581 4
3582 2
3583 1
3584 1
3585 4
3586 1
3587 1
3588 1
3589 1
3590 1
3592 2
3593 2
3595 2
3597 2
3598 2
3600 2
3601 3
3602 2
3603 2
3604 2
3605 1
3608 1
3610 1
3611 2
3614 1
3615 3
3618 2
3620 1
3621 1
3622 2
3623 1
3624 1
3628 2
3629 2
3631 1
3636 4
3637 1
3638 1
3651 1
3655 1
3657 2
3658 1
3660 1
3662 1
3664 1
3669 1
3670 1
3680 1
3685 1
3689 1
3690 2
3691 1
3692 2
3699 1
3703 2
3712 1
3723 2
3725 3
3729 2
3730 2
3732 1
3734 1
3742 1
3743 1
3746 2
3747 3
3748 2
3749 2
3750 2
3751 1
3752 1
3753 1
3754 2
3755 1
3756 1
3758 2
3760 3
3761 2
3762 2
3763 1
3767 2
3768 3
3772 1
3775 1
3777 3
3778 1
3779 1
3780 1
3781 1
3783 4
3784 1
3787 1
3788 1
3792 1
3794 1
3798 1
3839 1
3880 1
3885 1
3887 1
3888 1
3935 1
4233 1
4235 1
4408 1
4438 1
4440 1
4529 1
4730 1
4731 1
4811 1
4931 1
4932 1
4933 1
4934 1
4938 1
4939 2
4942 1
4945 1
4955 1
4972 1
5098 1
5099 1
5143 1
5146 1
5150 1
5191 1
5290 1
5299 2
5302 1
5307 1
5322 1
5393 1
5471 1
5553 1
5556 1
5559 1
5560 1
5562 3
5571 2
5604 1
5826 1
5913 1
5949 1
5957 1
6058 1
6241 1
6371 1
7022 1
7197 1
7210 1
7212 1
7405 2
7415 1
7423 1
7430 1
7431 1
7432 1
7623 2
7720 1
7769 1
7861 1
7876 1
7887 1
7904 1
7907 1
7910 1
7934 1
8073 1
8119 1
8239 1
8278 1
8332 1
8779 1
8929 2
8933 1
8937 1
8941 1
8949 1
9135 1
9195 1
9492 1
