1 18536315
2 8974877
3 5435438
4 3067839
5 1546368
6 681420
7 275284
8 104426
9 39120
10 16345
11 7763
12 4521
13 3366
14 2752
15 2222
16 1823
17 1324
18 1079
19 826
20 681
21 557
22 397
23 308
24 304
25 254
26 220
27 207
28 192
29 184
30 248
31 197
32 109
33 151
34 119
35 157
36 122
37 86
38 90
39 85
40 66
41 50
42 68
43 55
44 28
45 34
46 24
47 17
48 18
49 4
50 8
51 18
52 15
53 11
54 11
55 9
56 4
57 8
58 13
59 7
60 4
61 8
62 3
63 14
64 2
65 3
66 6
67 4
68 1
69 6
70 3
71 2
72 2
73 4
74 2
75 3
76 1
77 1
78 6
79 6
80 10
81 4
82 3
83 1
84 2
85 2
86 1
87 2
88 5
89 3
90 6
93 1
98 1
100 2
103 1
105 2
106 1
107 1
108 2
110 2
111 3
113 6
114 3
115 1
117 1
119 2
120 1
121 1
122 1
123 1
124 1
129 2
130 1
131 1
134 2
135 2
136 1
139 1
140 1
142 1
145 1
146 2
155 1
177 1
195 1
208 2
219 1
224 1
225 2
227 2
228 2
230 2
231 1
232 1
