1 26363220
2 13918887
3 9040232
4 6335003
5 4384861
6 2950512
7 1995630
8 1434529
9 1140912
10 991102
11 889851
12 793100
13 679100
14 562990
15 452135
16 363025
17 296716
18 251078
19 226627
20 210753
21 198162
22 189338
23 179611
24 174568
25 172668
26 177452
27 189289
28 210724
29 240070
30 278119
31 320286
32 366251
33 408402
34 447763
35 475593
36 494409
37 503881
38 498410
39 482243
40 456801
41 422978
42 382610
43 339063
44 294494
45 250452
46 208817
47 169209
48 135947
49 107371
50 84089
51 65645
52 51429
53 40015
54 31796
55 26262
56 21527
57 18350
58 16053
59 14363
60 13443
61 12557
62 11758
63 10901
64 10173
65 9332
66 8539
67 7932
68 7416
69 6842
70 6334
71 5567
72 5190
73 4579
74 4072
75 3568
76 3263
77 3043
78 2816
79 2408
80 2396
81 2202
82 2001
83 1780
84 1671
85 1541
86 1426
87 1292
88 1104
89 994
90 811
91 752
92 675
93 622
94 538
95 535
96 519
97 498
98 410
99 423
100 389
101 346
102 346
103 403
104 457
105 445
106 482
107 474
108 499
109 458
110 531
111 456
112 496
113 479
114 486
115 487
116 493
117 476
118 474
119 462
120 456
121 390
122 395
123 382
124 352
125 300
126 266
127 262
128 267
129 287
130 275
131 266
132 291
133 334
134 309
135 303
136 273
137 283
138 257
139 257
140 309
141 285
142 286
143 306
144 247
145 262
146 234
147 296
148 301
149 293
150 306
151 336
152 355
153 322
154 358
155 277
156 275
157 321
158 286
159 275
160 263
161 289
162 270
163 291
164 250
165 265
166 258
167 223
168 213
169 212
170 208
171 196
172 170
173 133
174 150
175 140
176 159
177 147
178 128
179 138
180 116
181 142
182 147
183 125
184 96
185 99
186 90
187 100
188 103
189 69
190 68
191 58
192 78
193 65
194 72
195 72
196 93
197 84
198 59
199 64
200 80
201 96
202 101
203 110
204 130
205 123
206 133
207 144
208 155
209 144
210 164
211 208
212 240
213 286
214 312
215 413
216 420
217 472
218 580
219 784
220 878
221 1000
222 1220
223 1372
224 1661
225 1911
226 2244
227 2612
228 3032
229 3670
230 4129
231 4806
232 5413
233 6392
234 7077
235 8338
236 9002
237 10247
238 11422
239 12664
240 14196
241 15631
242 17020
243 18494
244 20731
245 22367
246 24142
247 26067
248 27526
249 30001
250 32349
251 34284
252 35913
253 38129
254 40193
255 41708
256 43592
257 45548
258 47091
259 48503
260 49855
261 51384
262 52297
263 53390
264 53223
265 54143
266 53932
267 54654
268 54057
269 53609
270 53344
271 52489
272 51660
273 50580
274 49231
275 47220
276 45823
277 44208
278 42215
279 40530
280 38655
281 36699
282 34888
283 32598
284 30846
285 28826
286 26780
287 24997
288 22749
289 21103
290 19469
291 18005
292 16546
293 15203
294 14033
295 12544
296 11422
297 10188
298 9065
299 8198
300 7253
301 6480
302 5593
303 5041
304 4447
305 3860
306 3296
307 2908
308 2568
309 2262
310 1989
311 1709
312 1525
313 1281
314 1108
315 961
316 821
317 762
318 651
319 538
320 441
321 341
322 349
323 280
324 246
325 190
326 181
327 159
328 108
329 134
330 74
331 57
332 69
333 45
334 39
335 29
336 41
337 39
338 38
339 30
340 30
341 34
342 16
343 22
344 23
345 18
346 16
347 13
348 13
349 13
350 23
351 23
352 16
353 16
354 20
355 16
356 22
357 19
358 18
359 21
360 16
361 15
362 9
363 5
364 5
365 14
366 11
367 14
368 17
369 16
370 17
371 13
372 20
373 20
374 16
375 17
376 17
377 10
378 10
379 8
380 11
381 19
382 16
383 12
384 12
385 14
386 12
387 14
388 14
389 23
390 5
391 8
392 5
393 8
394 9
395 12
396 5
397 6
398 8
399 4
400 7
401 11
402 4
403 20
404 11
405 10
406 6
407 4
408 7
409 7
410 8
411 11
412 9
413 10
414 13
415 13
416 4
417 5
418 4
419 11
420 15
421 7
422 8
423 10
424 8
425 3
426 11
427 3
428 3
429 2
430 7
431 4
432 8
433 7
434 6
435 1
436 5
437 7
438 6
439 9
440 5
441 4
442 5
443 7
444 3
445 7
446 14
447 11
448 7
449 6
450 8
451 6
452 10
453 9
454 6
455 12
456 6
457 8
458 9
459 5
460 5
461 7
462 12
463 5
464 2
465 7
467 5
468 5
469 2
470 7
471 4
472 4
473 8
474 6
475 5
476 7
477 11
478 11
479 14
480 11
481 14
482 14
483 14
484 10
485 20
486 15
487 18
488 19
489 12
490 14
491 11
492 19
493 14
494 17
495 22
496 23
497 26
498 17
499 29
500 24
501 31
502 33
503 45
504 41
505 46
506 37
507 49
508 52
509 48
510 46
511 53
512 45
513 47
514 69
515 72
516 65
517 72
518 70
519 81
520 68
521 70
522 62
523 77
524 86
525 85
526 96
527 104
528 89
529 98
530 106
531 102
532 89
533 100
534 105
535 121
536 87
537 100
538 105
539 94
540 94
541 93
542 82
543 75
544 96
545 81
546 73
547 73
548 76
549 68
550 60
551 66
552 57
553 64
554 47
555 67
556 58
557 51
558 38
559 49
560 44
561 44
562 45
563 33
564 35
565 29
566 32
567 22
568 31
569 15
570 22
571 20
572 20
573 26
574 16
575 12
576 22
577 21
578 14
579 20
580 13
581 14
582 15
583 19
584 14
585 11
586 11
587 12
588 16
589 5
590 9
591 9
592 8
593 13
594 10
595 4
596 4
597 6
598 7
599 12
600 10
601 11
602 5
603 9
604 3
605 3
606 4
607 5
608 4
609 2
610 3
611 4
612 2
613 6
614 8
615 4
616 4
617 2
618 4
619 5
620 3
621 4
622 1
623 5
624 6
625 3
626 2
627 6
628 2
629 4
630 3
631 1
632 4
633 3
634 1
635 4
636 2
638 1
639 5
640 1
641 1
642 1
643 2
644 1
645 4
646 2
647 2
648 5
649 4
650 2
651 1
652 2
653 3
654 2
655 4
656 2
657 2
658 2
659 1
660 1
661 1
663 3
664 1
665 2
666 3
667 3
668 1
669 4
670 5
671 5
672 1
673 1
674 2
675 2
676 3
677 2
678 7
679 3
680 4
681 7
682 2
684 1
685 5
686 2
688 3
689 6
690 5
691 1
692 2
693 4
694 2
695 5
696 1
697 1
698 2
701 2
702 2
704 1
707 2
708 1
709 1
713 1
714 1
715 1
716 1
717 1
719 4
721 1
723 2
724 1
725 5
726 4
727 2
728 4
729 3
730 3
731 4
733 1
734 5
736 3
737 6
738 1
739 7
741 2
742 6
744 3
745 1
747 4
748 4
749 2
750 3
751 2
752 3
753 1
756 2
760 3
761 1
762 1
763 2
764 4
765 2
766 4
767 5
768 5
769 8
770 5
771 6
772 2
773 6
774 4
775 7
776 6
777 2
778 4
779 4
780 6
781 5
782 5
783 6
784 3
785 3
786 5
787 5
788 4
789 9
790 1
791 9
792 3
793 4
794 5
795 6
796 4
797 4
798 7
799 1
800 6
801 3
802 8
803 7
804 4
805 6
806 5
807 4
808 3
809 5
810 6
811 1
813 1
814 6
815 2
816 4
817 2
818 2
819 3
820 2
823 4
824 2
825 4
826 3
827 1
828 1
829 5
830 1
831 4
832 3
834 2
836 2
837 1
839 3
840 2
841 1
842 2
843 2
844 1
846 1
847 1
848 2
849 2
850 1
851 1
853 1
854 2
855 3
856 3
857 5
858 4
859 1
860 5
861 2
862 1
863 2
864 4
865 2
866 2
867 4
868 3
869 2
870 1
871 1
872 1
873 4
875 1
876 1
878 2
879 3
881 2
882 3
883 1
885 2
886 2
887 2
891 1
892 2
894 1
895 2
897 1
898 3
900 1
903 1
904 1
905 2
906 1
907 3
908 1
909 2
912 2
913 2
915 2
916 1
917 1
921 2
922 1
923 1
924 1
925 1
927 5
928 2
930 2
934 1
937 1
939 1
940 1
941 3
942 1
944 1
945 3
946 2
947 1
948 1
949 1
950 1
951 1
958 2
962 3
965 2
966 1
970 1
971 2
976 1
1008 1
1009 1
1018 1
1019 1
1025 1
1028 1
1031 1
1034 1
1039 1
1041 1
1043 1
1049 2
1050 1
1052 1
1054 1
1055 1
1056 1
1057 1
1058 1
1059 1
1060 1
1062 5
1064 2
1065 1
1066 1
1068 1
1069 2
1070 1
1074 2
1075 1
1076 1
1078 1
1079 1
1080 1
1081 1
1084 1
1086 2
1087 1
1088 1
1090 2
1091 1
1093 1
1094 1
1095 1
1097 1
1103 1
1105 1
1106 2
1110 1
1113 1
1115 1
1116 1
1118 2
1119 1
1120 2
1121 2
1123 1
1125 1
1149 1
1151 1
1153 1
1154 2
1231 2
1233 1
1264 1
1272 1
1273 1
1303 3
1306 1
1307 1
1308 1
1309 1
1310 2
1311 1
1313 1
1314 3
1316 1
1319 2
1329 1
1330 1
1335 1
1338 1
1347 1
1348 1
1385 1
1570 1
1577 1
1591 1
1604 2
1607 1
1609 1
1612 1
1613 1
1614 1
1617 1
1618 3
1620 1
1626 2
1628 2
1630 1
1631 2
1633 2
1634 1
1635 3
1637 3
1638 1
1640 2
1643 1
1644 1
1648 1
1649 1
1652 1
1898 1
1899 1
1907 1
1909 1
1918 1
2108 1
2111 1
2192 1
2381 1
2422 1
2720 1
2724 1
3321 1
3323 1
3336 1
3349 1
3353 2
3361 1
3364 1
3367 1
3369 1
