1 18513401
2 14628221
3 10378102
4 7394426
5 5582383
6 4487343
7 3731605
8 3162317
9 2744157
10 2488503
11 2373923
12 2338680
13 2328750
14 2299500
15 2245455
16 2134691
17 1984582
18 1822580
19 1647738
20 1476593
21 1318493
22 1170261
23 1033007
24 903038
25 786084
26 676725
27 573566
28 477959
29 390811
30 319092
31 253232
32 200932
33 157946
34 125380
35 102935
36 90217
37 84065
38 85523
39 95188
40 108772
41 127732
42 150986
43 177606
44 205914
45 236567
46 263142
47 289152
48 312499
49 329818
50 342416
51 349581
52 350622
53 345768
54 334766
55 317476
56 296250
57 272716
58 245793
59 219451
60 192202
61 165778
62 142032
63 119023
64 99513
65 80638
66 65947
67 52403
68 41263
69 32437
70 25664
71 20061
72 15948
73 12928
74 10934
75 9753
76 9591
77 9722
78 10467
79 12022
80 14058
81 16106
82 19185
83 22647
84 25973
85 30361
86 34498
87 39424
88 44242
89 49213
90 53742
91 58130
92 62539
93 66128
94 70606
95 72684
96 75269
97 76601
98 77133
99 77273
100 76807
101 75232
102 73763
103 70663
104 67718
105 63782
106 59081
107 55371
108 50415
109 46007
110 41627
111 37256
112 32929
113 28769
114 24953
115 21589
116 18610
117 15623
118 13091
119 10972
120 9059
121 7611
122 6314
123 5166
124 4362
125 3523
126 2815
127 2471
128 2131
129 2119
130 2008
131 2063
132 2316
133 2564
134 2870
135 3290
136 4158
137 4911
138 5902
139 7095
140 8519
141 10323
142 12111
143 14607
144 16865
145 19982
146 23380
147 26706
148 31562
149 36468
150 41888
151 48023
152 54639
153 61398
154 69557
155 76681
156 85530
157 93861
158 102604
159 112006
160 121308
161 130570
162 140051
163 149054
164 157434
165 166704
166 174627
167 182480
168 188554
169 195963
170 201660
171 205883
172 210728
173 213677
174 216213
175 216812
176 215855
177 214980
178 212713
179 208816
180 205364
181 201777
182 196127
183 189863
184 183378
185 176623
186 168004
187 160600
188 152707
189 144196
190 135346
191 126529
192 118063
193 109505
194 101727
195 93821
196 85279
197 78784
198 71033
199 64550
200 58548
201 52484
202 46833
203 41370
204 36189
205 32679
206 28691
207 25347
208 21774
209 19046
210 16489
211 14330
212 12234
213 10455
214 8928
215 7704
216 6603
217 5392
218 4467
219 3896
220 3246
221 2652
222 2175
223 1867
224 1530
225 1295
226 1164
227 952
228 832
229 718
230 640
231 591
232 500
233 485
234 436
235 452
236 424
237 423
238 459
239 435
240 535
241 535
242 563
243 627
244 711
245 847
246 899
247 1028
248 1064
249 1188
250 1256
251 1404
252 1504
253 1613
254 1790
255 1987
256 2024
257 2275
258 2412
259 2628
260 2699
261 3026
262 3241
263 3397
264 3380
265 3557
266 3709
267 3787
268 4046
269 4262
270 4285
271 4456
272 4522
273 4589
274 4710
275 4743
276 4875
277 4888
278 4951
279 4946
280 4904
281 4948
282 4927
283 4745
284 4703
285 4449
286 4580
287 4392
288 4192
289 4142
290 3917
291 3744
292 3662
293 3473
294 3422
295 3206
296 3019
297 2962
298 2776
299 2538
300 2278
301 2210
302 1988
303 1862
304 1746
305 1581
306 1469
307 1366
308 1273
309 1125
310 1082
311 1007
312 941
313 814
314 748
315 668
316 619
317 554
318 513
319 511
320 508
321 461
322 462
323 470
324 463
325 466
326 471
327 444
328 499
329 485
330 520
331 520
332 497
333 493
334 572
335 562
336 601
337 612
338 578
339 624
340 658
341 657
342 726
343 703
344 669
345 633
346 716
347 717
348 746
349 808
350 764
351 761
352 778
353 807
354 829
355 788
356 831
357 827
358 842
359 817
360 837
361 798
362 777
363 812
364 741
365 814
366 759
367 745
368 759
369 734
370 668
371 667
372 661
373 676
374 632
375 571
376 568
377 565
378 556
379 492
380 499
381 487
382 434
383 469
384 378
385 363
386 343
387 378
388 330
389 321
390 308
391 329
392 250
393 237
394 246
395 261
396 203
397 186
398 203
399 179
400 169
401 184
402 161
403 111
404 124
405 103
406 101
407 93
408 122
409 93
410 103
411 99
412 93
413 92
414 92
415 83
416 54
417 71
418 69
419 85
420 56
421 62
422 56
423 57
424 72
425 52
426 41
427 51
428 51
429 42
430 38
431 41
432 39
433 36
434 38
435 50
436 47
437 46
438 37
439 35
440 40
441 66
442 47
443 51
444 50
445 57
446 37
447 47
448 45
449 65
450 58
451 47
452 52
453 51
454 53
455 49
456 39
457 37
458 60
459 36
460 47
461 49
462 52
463 37
464 50
465 31
466 47
467 40
468 33
469 45
470 46
471 38
472 43
473 48
474 48
475 50
476 55
477 73
478 59
479 71
480 70
481 75
482 73
483 81
484 91
485 77
486 72
487 72
488 77
489 63
490 72
491 93
492 81
493 70
494 84
495 93
496 89
497 89
498 94
499 105
500 78
501 97
502 82
503 75
504 87
505 75
506 77
507 104
508 77
509 67
510 92
511 67
512 74
513 79
514 77
515 84
516 99
517 93
518 105
519 105
520 92
521 129
522 119
523 126
524 139
525 133
526 132
527 129
528 118
529 129
530 161
531 122
532 169
533 139
534 146
535 145
536 130
537 157
538 139
539 144
540 151
541 146
542 158
543 136
544 173
545 147
546 176
547 166
548 153
549 197
550 159
551 147
552 175
553 168
554 161
555 142
556 133
557 125
558 122
559 120
560 115
561 94
562 107
563 96
564 87
565 110
566 103
567 89
568 96
569 91
570 103
571 75
572 90
573 82
574 90
575 66
576 90
577 95
578 107
579 103
580 99
581 98
582 71
583 90
584 86
585 81
586 69
587 64
588 67
589 67
590 62
591 81
592 56
593 77
594 73
595 64
596 50
597 53
598 65
599 66
600 58
601 60
602 41
603 57
604 41
605 60
606 57
607 55
608 57
609 55
610 82
611 55
612 66
613 66
614 80
615 66
616 65
617 70
618 62
619 68
620 54
621 64
622 61
623 60
624 66
625 62
626 60
627 56
628 54
629 53
630 35
631 33
632 38
633 35
634 44
635 28
636 32
637 27
638 28
639 23
640 18
641 14
642 17
643 24
644 12
645 25
646 30
647 12
648 32
649 24
650 33
651 30
652 24
653 21
654 34
655 30
656 21
657 31
658 25
659 31
660 33
661 25
662 22
663 37
664 35
665 29
666 38
667 50
668 48
669 42
670 54
671 59
672 50
673 59
674 80
675 54
676 63
677 53
678 56
679 65
680 70
681 81
682 63
683 61
684 72
685 68
686 71
687 70
688 86
689 82
690 56
691 74
692 51
693 78
694 68
695 68
696 69
697 67
698 76
699 82
700 65
701 92
702 97
703 79
704 88
705 90
706 86
707 101
708 83
709 87
710 95
711 94
712 98
713 78
714 96
715 104
716 102
717 96
718 109
719 113
720 105
721 98
722 97
723 99
724 91
725 108
726 111
727 94
728 106
729 112
730 113
731 110
732 92
733 92
734 107
735 114
736 94
737 90
738 89
739 78
740 93
741 94
742 96
743 86
744 79
745 79
746 82
747 81
748 70
749 62
750 89
751 82
752 83
753 62
754 71
755 65
756 67
757 60
758 66
759 63
760 65
761 47
762 60
763 39
764 38
765 41
766 62
767 52
768 29
769 36
770 39
771 33
772 43
773 36
774 30
775 31
776 29
777 36
778 26
779 27
780 24
781 33
782 22
783 19
784 28
785 24
786 23
787 20
788 17
789 20
790 24
791 18
792 14
793 17
794 18
795 22
796 21
797 10
798 17
799 12
800 23
801 16
802 10
803 14
804 8
805 15
806 13
807 9
808 13
809 15
810 16
811 14
812 18
813 19
814 12
815 12
816 12
817 17
818 16
819 15
820 13
821 7
822 8
823 9
824 11
825 12
826 9
827 10
828 15
829 9
830 12
831 16
832 14
833 13
834 18
835 28
836 25
837 19
838 28
839 24
840 17
841 12
842 18
843 26
844 14
845 13
846 24
847 15
848 20
849 21
850 14
851 28
852 29
853 32
854 25
855 35
856 31
857 26
858 26
859 33
860 34
861 32
862 30
863 30
864 30
865 18
866 18
867 25
868 22
869 28
870 26
871 22
872 17
873 14
874 25
875 20
876 26
877 22
878 17
879 21
880 27
881 30
882 36
883 29
884 29
885 32
886 31
887 17
888 26
889 32
890 31
891 27
892 34
893 26
894 23
895 29
896 26
897 32
898 24
899 27
900 19
901 22
902 18
903 20
904 16
905 23
906 27
907 27
908 32
909 30
910 29
911 27
912 37
913 24
914 24
915 21
916 26
917 21
918 22
919 30
920 26
921 29
922 32
923 22
924 20
925 11
926 26
927 26
928 22
929 23
930 33
931 29
932 21
933 33
934 25
935 30
936 24
937 23
938 30
939 25
940 24
941 20
942 18
943 19
944 22
945 32
946 13
947 18
948 22
949 23
950 13
951 27
952 15
953 22
954 17
955 13
956 22
957 13
958 17
959 16
960 16
961 20
962 16
963 22
964 23
965 15
966 17
967 11
968 18
969 12
970 15
971 16
972 15
973 8
974 17
975 11
976 15
977 8
978 7
979 8
980 10
981 5
982 14
983 9
984 5
985 7
986 8
987 5
988 9
989 4
990 10
991 6
992 4
993 5
994 10
995 3
996 11
997 10
998 9
999 12
1000 7
1001 6
1002 18
1003 10
1004 5
1005 11
1006 13
1007 9
1008 8
1009 14
1010 10
1011 15
1012 12
1013 15
1014 20
1015 13
1016 15
1017 20
1018 14
1019 21
1020 16
1021 10
1022 16
1023 16
1024 12
1025 14
1026 11
1027 16
1028 15
1029 22
1030 17
1031 15
1032 16
1033 16
1034 8
1035 19
1036 15
1037 22
1038 18
1039 13
1040 15
1041 14
1042 6
1043 9
1044 14
1045 10
1046 15
1047 16
1048 19
1049 20
1050 17
1051 12
1052 12
1053 11
1054 10
1055 12
1056 11
1057 10
1058 12
1059 8
1060 14
1061 6
1062 12
1063 10
1064 5
1065 5
1066 10
1067 10
1068 15
1069 11
1070 17
1071 13
1072 8
1073 10
1074 15
1075 9
1076 10
1077 12
1078 12
1079 14
1080 8
1081 6
1082 9
1083 15
1084 8
1085 12
1086 7
1087 8
1088 2
1089 8
1090 10
1091 9
1092 10
1093 4
1094 9
1095 12
1096 16
1097 18
1098 14
1099 19
1100 21
1101 18
1102 21
1103 16
1104 18
1105 24
1106 21
1107 22
1108 27
1109 26
1110 23
1111 28
1112 26
1113 27
1114 30
1115 29
1116 30
1117 34
1118 41
1119 44
1120 51
1121 61
1122 52
1123 65
1124 58
1125 66
1126 81
1127 91
1128 91
1129 102
1130 116
1131 108
1132 154
1133 147
1134 169
1135 144
1136 212
1137 202
1138 206
1139 244
1140 257
1141 301
1142 313
1143 310
1144 343
1145 392
1146 429
1147 481
1148 500
1149 558
1150 585
1151 622
1152 635
1153 722
1154 795
1155 892
1156 935
1157 1043
1158 1126
1159 1158
1160 1278
1161 1409
1162 1438
1163 1590
1164 1703
1165 1746
1166 1948
1167 2144
1168 2288
1169 2346
1170 2521
1171 2651
1172 2806
1173 3055
1174 3180
1175 3358
1176 3591
1177 3757
1178 4108
1179 4413
1180 4473
1181 4642
1182 4987
1183 5128
1184 5393
1185 5710
1186 6072
1187 6186
1188 6675
1189 7012
1190 7223
1191 7475
1192 7817
1193 8161
1194 8639
1195 8877
1196 9216
1197 9572
1198 10011
1199 10459
1200 10903
1201 11106
1202 11624
1203 11936
1204 12455
1205 12859
1206 13370
1207 13860
1208 14120
1209 14527
1210 15133
1211 15452
1212 15925
1213 16693
1214 17090
1215 17324
1216 17804
1217 18100
1218 18614
1219 19124
1220 19598
1221 20396
1222 20446
1223 20822
1224 21146
1225 21630
1226 22058
1227 22142
1228 22351
1229 22538
1230 22881
1231 23110
1232 23104
1233 23545
1234 23859
1235 23954
1236 23988
1237 24306
1238 24453
1239 24633
1240 24522
1241 24960
1242 24870
1243 25134
1244 25110
1245 25413
1246 25393
1247 25219
1248 25145
1249 25072
1250 24986
1251 25229
1252 24633
1253 24523
1254 24357
1255 23879
1256 23974
1257 23896
1258 23494
1259 23333
1260 22678
1261 22661
1262 22277
1263 22193
1264 21721
1265 21433
1266 21319
1267 20811
1268 20384
1269 19942
1270 19775
1271 19401
1272 19232
1273 18465
1274 17900
1275 17481
1276 17268
1277 16843
1278 16296
1279 15905
1280 15425
1281 15053
1282 14569
1283 14299
1284 13928
1285 13519
1286 12864
1287 12654
1288 12194
1289 11753
1290 11310
1291 10800
1292 10462
1293 10183
1294 9864
1295 9284
1296 8739
1297 8494
1298 8216
1299 7876
1300 7517
1301 7159
1302 6744
1303 6557
1304 6309
1305 5818
1306 5652
1307 5411
1308 5128
1309 4900
1310 4802
1311 4476
1312 4193
1313 4116
1314 3946
1315 3639
1316 3417
1317 3223
1318 3070
1319 2910
1320 2755
1321 2591
1322 2377
1323 2312
1324 2099
1325 1995
1326 1889
1327 1685
1328 1614
1329 1544
1330 1500
1331 1328
1332 1316
1333 1135
1334 1093
1335 1038
1336 1012
1337 896
1338 872
1339 830
1340 760
1341 641
1342 691
1343 658
1344 584
1345 557
1346 529
1347 437
1348 461
1349 414
1350 404
1351 377
1352 353
1353 350
1354 300
1355 268
1356 278
1357 246
1358 216
1359 231
1360 194
1361 182
1362 169
1363 164
1364 131
1365 132
1366 107
1367 114
1368 114
1369 121
1370 92
1371 107
1372 109
1373 98
1374 95
1375 84
1376 91
1377 77
1378 63
1379 66
1380 61
1381 56
1382 58
1383 43
1384 53
1385 49
1386 56
1387 35
1388 40
1389 49
1390 51
1391 41
1392 39
1393 48
1394 58
1395 45
1396 46
1397 60
1398 38
1399 52
1400 53
1401 53
1402 42
1403 38
1404 44
1405 40
1406 33
1407 37
1408 39
1409 41
1410 49
1411 54
1412 40
1413 32
1414 43
1415 34
1416 40
1417 29
1418 41
1419 43
1420 24
1421 38
1422 37
1423 37
1424 43
1425 46
1426 27
1427 26
1428 30
1429 47
1430 30
1431 37
1432 40
1433 32
1434 30
1435 30
1436 40
1437 31
1438 32
1439 27
1440 42
1441 25
1442 33
1443 27
1444 30
1445 27
1446 26
1447 25
1448 44
1449 30
1450 25
1451 25
1452 23
1453 29
1454 14
1455 28
1456 43
1457 21
1458 19
1459 20
1460 26
1461 19
1462 9
1463 17
1464 13
1465 14
1466 19
1467 6
1468 12
1469 10
1470 22
1471 13
1472 15
1473 16
1474 9
1475 14
1476 11
1477 11
1478 11
1479 7
1480 8
1481 10
1482 13
1483 9
1484 5
1485 2
1486 2
1487 8
1488 5
1489 5
1490 7
1491 5
1492 3
1493 5
1494 7
1495 6
1496 6
1497 8
1498 5
1499 5
1500 2
1501 3
1502 2
1503 3
1504 6
1505 2
1506 1
1507 7
1508 1
1509 3
1510 2
1511 5
1512 5
1513 3
1514 5
1515 2
1516 5
1517 5
1518 5
1519 5
1520 5
1521 2
1522 4
1523 3
1524 4
1525 1
1526 3
1527 5
1528 3
1529 2
1530 4
1531 7
1532 4
1533 4
1534 8
1535 4
1536 7
1537 7
1538 8
1539 2
1540 3
1541 4
1542 6
1543 5
1544 7
1545 6
1546 5
1547 4
1548 7
1549 4
1550 4
1551 6
1552 10
1553 5
1554 5
1555 4
1556 8
1557 3
1558 3
1559 6
1560 6
1561 5
1562 1
1563 6
1564 2
1565 2
1566 6
1567 2
1568 3
1569 3
1570 2
1571 3
1572 1
1573 3
1574 2
1575 3
1576 2
1578 3
1579 4
1580 5
1581 5
1582 5
1583 5
1584 3
1585 1
1586 6
1587 4
1588 2
1589 7
1590 3
1591 7
1592 5
1593 1
1594 5
1595 3
1596 4
1597 5
1598 2
1599 4
1600 3
1601 3
1602 1
1603 2
1604 6
1605 7
1606 5
1607 6
1608 8
1609 4
1610 6
1611 7
1612 4
1613 9
1614 3
1615 2
1616 9
1617 7
1618 5
1619 9
1620 1
1621 6
1622 5
1623 5
1624 6
1625 7
1626 6
1627 5
1628 4
1629 6
1630 4
1631 9
1632 6
1633 6
1634 4
1635 7
1636 3
1637 4
1638 6
1639 8
1640 3
1641 7
1642 4
1643 6
1644 7
1645 5
1646 5
1647 2
1648 4
1649 7
1650 3
1651 2
1652 2
1653 4
1654 5
1655 3
1656 1
1657 3
1658 2
1659 1
1660 2
1661 4
1662 2
1664 3
1665 2
1666 2
1667 4
1668 4
1669 4
1670 2
1671 2
1672 3
1673 2
1674 4
1675 3
1676 4
1677 4
1678 9
1679 5
1680 2
1681 2
1682 5
1683 1
1684 6
1685 6
1686 2
1687 5
1688 4
1689 2
1690 2
1691 6
1692 4
1693 6
1694 2
1695 5
1696 2
1697 3
1698 2
1699 4
1700 2
1702 3
1704 1
1705 2
1706 1
1707 1
1708 1
1709 2
1710 4
1711 1
1712 2
1713 3
1716 1
1718 1
1719 1
1720 2
1722 1
1723 1
1724 1
1725 2
1728 1
1729 1
1731 1
1732 1
1733 2
1734 2
1735 2
1736 1
1737 1
1738 1
1739 1
1741 1
1742 2
1743 3
1744 1
1746 4
1747 3
1748 1
1749 1
1750 2
1751 2
1752 2
1753 2
1755 4
1756 1
1757 6
1758 3
1759 3
1760 6
1761 7
1762 2
1763 4
1764 4
1765 6
1766 4
1767 4
1768 9
1769 4
1770 5
1771 1
1772 6
1773 1
1774 4
1775 5
1777 2
1778 2
1779 3
1780 7
1781 1
1782 3
1783 4
1784 3
1785 1
1786 7
1787 5
1788 2
1789 3
1790 2
1791 2
1792 5
1796 2
1797 2
1799 3
1800 5
1801 2
1802 3
1803 2
1804 1
1805 3
1806 2
1807 1
1808 4
1811 2
1813 1
1814 2
1815 2
1816 1
1818 2
1819 2
1820 1
1821 1
1822 1
1824 2
1826 3
1827 3
1828 1
1829 2
1830 4
1831 2
1832 4
1833 1
1834 1
1835 1
1837 1
1838 1
1839 3
1840 1
1841 2
1842 3
1843 1
1844 2
1847 2
1848 3
1849 1
1850 2
1851 2
1852 2
1853 1
1854 1
1855 3
1856 1
1857 3
1858 6
1859 2
1860 1
1861 1
1862 2
1863 2
1864 2
1866 3
1867 3
1868 2
1869 1
1870 1
1871 3
1873 6
1875 4
1877 2
1878 2
1879 3
1880 4
1881 1
1882 1
1883 1
1884 2
1885 1
1886 3
1887 3
1888 3
1889 2
1890 2
1891 2
1892 3
1893 1
1894 1
1895 1
1896 4
1897 2
1898 3
1899 2
1900 3
1901 2
1902 2
1903 3
1904 4
1905 3
1907 2
1908 6
1910 3
1911 1
1912 1
1913 1
1914 1
1916 1
1917 1
1918 3
1919 1
1920 2
1921 1
1922 1
1923 2
1924 2
1925 2
1926 1
1927 6
1928 1
1929 3
1930 1
1931 2
1935 3
1936 2
1937 3
1938 1
1943 1
1944 1
1945 2
1947 1
1948 3
1949 2
1950 1
1951 2
1952 2
1953 5
1954 3
1955 3
1956 2
1957 5
1958 2
1959 2
1960 2
1961 2
1962 4
1963 3
1964 5
1965 3
1966 2
1967 4
1970 1
1971 2
1972 1
1973 3
1974 3
1975 4
1976 5
1978 3
1979 3
1980 2
1981 8
1982 1
1983 1
1984 4
1985 2
1986 3
1988 2
1989 5
1990 3
1991 3
1992 1
1993 2
1994 2
1995 1
1996 1
1997 2
1999 3
2002 1
2003 4
2004 1
2007 1
2008 2
2009 1
2010 2
2011 2
2012 2
2014 3
2015 3
2016 2
2017 2
2019 2
2021 1
2022 2
2023 2
2024 4
2026 4
2027 1
2028 1
2029 2
2030 2
2031 1
2032 3
2033 2
2034 1
2036 3
2037 3
2038 1
2039 1
2040 1
2041 2
2042 1
2043 1
2044 2
2045 1
2046 2
2047 1
2048 3
2049 4
2050 4
2051 4
2052 2
2053 3
2054 1
2055 1
2056 2
2057 6
2058 4
2059 2
2060 2
2061 3
2064 2
2065 2
2066 3
2069 2
2070 1
2072 1
2073 2
2074 2
2075 3
2076 1
2077 2
2078 1
2079 1
2086 1
2087 2
2088 2
2089 4
2092 4
2093 1
2094 1
2095 1
2101 2
2103 3
2104 2
2105 1
2106 1
2110 3
2111 1
2114 1
2115 1
2121 1
2122 1
2124 1
2125 2
2126 1
2132 2
2133 1
2134 1
2135 2
2137 1
2138 1
2140 1
2141 1
2143 3
2144 2
2145 2
2146 1
2147 1
2148 2
2149 2
2150 6
2151 3
2152 2
2153 1
2154 1
2155 1
2156 2
2157 3
2161 2
2162 1
2165 1
2166 2
2168 1
2169 1
2171 1
2173 3
2174 1
2175 1
2177 2
2181 1
2182 1
2183 1
2186 1
2187 1
2188 2
2192 1
2194 1
2197 1
2199 2
2203 3
2204 1
2205 1
2206 2
2207 1
2210 1
2212 1
2213 1
2216 2
2217 1
2219 1
2222 2
2223 1
2225 1
2227 1
2228 1
2230 1
2234 1
2238 1
2242 1
2244 1
2250 1
2252 1
2253 1
2255 1
2256 1
2257 3
2259 1
2262 1
2264 1
2265 1
2266 2
2268 1
2269 1
2271 2
2272 1
2278 1
2279 1
2280 1
2285 2
2286 1
2287 1
2289 1
2295 1
2299 1
2304 1
2306 1
2311 2
2316 1
2322 1
2323 1
2326 1
2328 2
2331 1
2332 1
2333 1
2337 2
2341 1
2342 2
2344 1
2346 2
2348 2
2349 1
2350 5
2351 2
2353 3
2354 1
2356 3
2357 2
2358 3
2359 2
2360 2
2361 1
2362 3
2363 1
2364 1
2368 2
2369 3
2371 3
2372 1
2373 4
2374 3
2375 5
2376 4
2377 4
2378 6
2379 2
2380 3
2381 6
2382 3
2383 2
2384 5
2385 7
2386 3
2387 7
2388 6
2389 8
2390 9
2391 6
2392 9
2393 6
2394 9
2395 7
2396 10
2397 9
2398 12
2399 7
2400 8
2401 12
2402 10
2403 6
2404 11
2405 9
2406 16
2407 12
2408 12
2409 10
2410 7
2411 7
2412 11
2413 16
2414 19
2415 11
2416 14
2417 14
2418 18
2419 15
2420 23
2421 18
2422 19
2423 17
2424 18
2425 14
2426 8
2427 14
2428 20
2429 20
2430 16
2431 22
2432 19
2433 14
2434 25
2435 26
2436 20
2437 25
2438 17
2439 20
2440 25
2441 34
2442 17
2443 33
2444 28
2445 27
2446 26
2447 31
2448 30
2449 24
2450 23
2451 32
2452 35
2453 36
2454 36
2455 31
2456 31
2457 24
2458 33
2459 36
2460 30
2461 29
2462 38
2463 33
2464 42
2465 32
2466 42
2467 44
2468 42
2469 32
2470 36
2471 31
2472 38
2473 42
2474 35
2475 29
2476 40
2477 33
2478 44
2479 38
2480 44
2481 40
2482 31
2483 25
2484 37
2485 48
2486 42
2487 43
2488 36
2489 34
2490 40
2491 35
2492 30
2493 40
2494 36
2495 44
2496 47
2497 34
2498 51
2499 31
2500 31
2501 32
2502 39
2503 45
2504 51
2505 37
2506 37
2507 28
2508 52
2509 31
2510 42
2511 37
2512 46
2513 29
2514 32
2515 38
2516 30
2517 44
2518 33
2519 42
2520 26
2521 30
2522 30
2523 38
2524 31
2525 37
2526 33
2527 27
2528 33
2529 35
2530 29
2531 27
2532 27
2533 32
2534 25
2535 26
2536 31
2537 23
2538 27
2539 30
2540 30
2541 15
2542 37
2543 23
2544 23
2545 16
2546 27
2547 25
2548 26
2549 22
2550 20
2551 22
2552 18
2553 13
2554 22
2555 19
2556 16
2557 21
2558 23
2559 19
2560 16
2561 15
2562 19
2563 16
2564 16
2565 18
2566 12
2567 17
2568 20
2569 15
2570 12
2571 12
2572 17
2573 20
2574 10
2575 9
2576 17
2577 15
2578 10
2579 16
2580 9
2581 10
2582 9
2583 9
2584 6
2585 8
2586 9
2587 15
2588 10
2589 5
2590 6
2591 10
2592 6
2593 6
2594 5
2595 5
2596 7
2597 3
2598 7
2599 5
2600 5
2601 3
2602 8
2603 5
2604 7
2605 3
2606 3
2607 2
2608 1
2609 7
2610 4
2611 6
2612 4
2613 1
2614 3
2615 2
2616 4
2617 5
2618 4
2619 1
2620 2
2621 1
2622 3
2623 3
2624 2
2625 4
2626 2
2628 2
2629 2
2630 2
2631 1
2632 2
2634 1
2636 1
2639 1
2645 3
2648 1
2654 2
2656 2
2659 2
2661 2
2664 1
2665 1
2668 3
2669 3
2670 1
2671 1
2672 2
2673 2
2676 1
2678 1
2679 2
2680 1
2685 1
2695 1
2698 1
2699 1
2710 1
2718 1
2727 1
2729 1
2730 1
2734 1
2736 1
2739 1
2744 1
2748 1
2756 1
2759 1
2765 1
2766 1
2768 1
2769 1
2772 1
2774 1
2775 3
2776 1
2777 1
2778 3
2780 1
2781 1
2782 1
2783 1
2784 1
2787 1
2789 1
2794 1
2800 1
2803 1
2804 1
2805 1
2821 1
2827 1
2828 1
2829 1
2831 1
2832 1
2833 1
2842 2
2843 1
2845 1
2846 1
2848 2
2849 1
2850 1
2851 1
2854 1
2856 1
2857 1
2858 1
2863 2
2864 1
2866 1
2868 1
2869 1
2870 2
2875 1
2877 1
2879 1
2880 2
2881 3
2882 3
2884 2
2887 2
2888 1
2889 1
2890 3
2891 2
2892 1
2894 2
2895 4
2896 1
2897 2
2898 3
2899 3
2900 3
2901 2
2902 3
2903 2
2904 2
2905 2
2906 1
2908 3
2913 1
2914 2
2917 1
2922 2
2924 1
2925 1
2926 1
2931 4
2932 2
2933 4
2934 2
2936 1
2938 2
2939 2
2940 1
2941 1
2942 3
2943 3
2945 2
2946 1
2947 2
2948 2
2954 1
2955 1
2956 2
2957 2
2958 1
2960 1
2962 1
2963 1
2964 1
2965 1
2966 2
2967 1
2968 1
2969 1
2971 2
2973 3
2974 1
2975 1
2976 1
2978 1
2979 1
2980 1
2981 3
2985 1
2986 1
2987 1
2989 1
2992 1
3001 1
3002 1
3010 1
3030 1
3038 2
3041 1
3042 2
3043 1
3046 1
3056 1
3061 1
3068 1
3071 1
3073 2
3081 2
3083 1
3085 1
3088 1
3089 1
3090 1
3094 2
3096 1
3098 1
3099 1
3100 1
3101 3
3102 2
3103 4
3104 1
3108 2
3112 1
3113 2
3116 1
3120 1
3123 2
3128 1
3129 2
3130 1
3131 3
3137 1
3138 1
3139 1
3140 1
3144 1
3146 1
3148 1
3149 2
3150 2
3153 1
3154 1
3155 1
3157 1
3159 1
3163 1
3175 1
3176 2
3177 1
3178 1
3180 1
3182 1
3187 1
3188 1
3195 1
3196 1
3203 1
3205 1
3206 1
3209 1
3215 1
3216 1
3218 2
3223 1
3236 1
3245 1
3246 2
3249 1
3250 1
3251 1
3253 3
3255 1
3256 1
3257 2
3262 1
3263 2
3266 1
3268 1
3270 1
3272 2
3274 1
3275 1
3281 1
3282 1
3284 1
3285 2
3287 2
3293 1
3294 3
3295 1
3298 3
3302 1
3304 1
3305 1
3309 1
3314 1
3319 1
3320 1
3321 1
3323 1
3328 1
3336 1
3337 1
3339 1
3340 3
3342 1
3343 2
3344 3
3346 2
3349 1
3350 2
3351 1
3352 1
3353 1
3354 2
3355 2
3357 3
3359 1
3360 1
3361 1
3369 2
3371 1
3373 1
3374 1
3375 1
3376 1
3377 1
3379 1
3381 1
3383 1
3386 1
3393 2
3394 1
3397 1
3398 1
3399 1
3400 1
3403 2
3404 1
3408 2
3409 1
3410 2
3412 1
3413 3
3418 1
3422 1
3424 1
3428 1
3434 1
3436 1
3448 1
3455 1
3456 1
3459 2
3463 1
3466 1
3476 1
3484 1
3497 1
3589 1
3607 2
3608 1
3610 1
3612 3
3614 3
3615 1
3616 1
3617 1
3618 3
3623 2
3624 2
3625 2
3627 2
3632 3
3633 1
3635 1
3636 1
3638 1
3639 1
3640 1
3641 2
3642 1
3645 1
3648 1
3649 1
3651 2
3652 1
3653 3
3655 3
3656 1
3661 2
3667 1
3668 2
3669 1
3671 1
3673 1
3675 1
3676 1
3677 1
3678 1
3680 1
3683 1
3684 2
3685 1
3686 2
3687 2
3689 3
3690 1
3691 1
3693 3
3695 1
3696 1
3698 1
3699 1
3700 1
3702 3
3703 2
3705 3
3707 2
3708 1
3709 2
3710 2
3711 1
3713 1
3714 3
3715 1
3716 6
3717 3
3718 2
3719 1
3721 3
3722 3
3723 4
3724 2
3725 3
3726 2
3727 5
3728 4
3730 3
3731 3
3732 1
3733 4
3734 5
3735 3
3736 4
3737 2
3738 1
3740 5
3741 3
3742 1
3743 1
3744 1
3746 1
3747 1
3748 2
3749 1
3750 3
3751 2
3752 1
3753 2
3755 3
3757 2
3758 2
3759 1
3760 3
3762 3
3765 2
3767 3
3769 1
3770 3
3771 4
3772 2
3773 2
3774 1
3775 3
3776 2
3777 1
3778 3
3779 2
3780 1
3781 3
3783 1
3784 3
3785 2
3788 2
3789 2
3790 2
3791 1
3794 1
3795 1
3797 1
3798 2
3799 1
3800 1
3801 1
3802 1
3803 1
3804 2
3807 2
3808 1
3810 2
3816 1
3817 2
3818 1
3820 1
3822 1
3823 4
3829 2
3830 1
3831 1
3833 3
3834 2
3835 1
3836 1
3837 1
3838 2
3839 1
3841 2
3844 2
3846 2
3849 1
3851 2
3852 1
3853 1
3855 1
3863 1
3864 1
3870 1
3879 1
3883 1
3885 1
3906 1
3917 1
3920 1
3928 1
3932 1
3935 1
3941 1
3944 1
3945 1
3948 1
3956 1
3962 1
3982 1
4016 1
4029 1
4032 1
4038 1
4044 1
4052 1
4054 1
4055 2
4057 2
4058 1
4059 1
4061 3
4062 1
4080 1
4081 1
4082 1
4084 1
4088 1
4089 1
4090 1
4091 2
4093 2
4094 1
4095 1
4096 1
4098 1
4099 1
4101 2
4104 1
4105 1
4107 1
4108 1
4111 2
4112 1
4114 1
4115 2
4116 1
4117 1
4118 1
4121 1
4122 1
4123 1
4124 2
4125 1
4126 1
4127 2
4129 1
4131 1
4132 4
4134 2
4135 2
4137 2
4139 1
4143 1
4150 1
4159 1
4160 1
4165 1
4166 2
4167 2
4169 1
4172 1
4174 1
4180 1
4181 1
4189 1
4191 1
4193 1
4196 1
4204 1
4209 2
4210 1
4212 1
4213 1
4214 1
4217 1
4223 1
4224 1
4225 1
4229 1
4230 1
4232 1
4233 1
4235 1
4237 1
4239 1
4240 1
4242 2
4245 1
4246 1
4247 1
4249 1
4251 1
4253 1
4254 2
4255 3
4256 1
4257 1
4260 2
4264 2
4266 1
4273 1
4286 1
4291 1
4308 1
4321 1
4629 1
4833 1
4844 1
4845 1
4847 1
4850 1
4854 1
4857 1
4861 1
4899 1
4901 1
4909 1
4919 1
4946 1
4947 1
4948 1
4949 1
4951 1
4957 1
4962 2
4966 1
4967 1
4970 1
4972 1
4974 1
4975 1
4979 1
4981 2
4983 2
4984 1
4987 2
4989 1
4992 1
4995 1
4998 1
5000 1
5002 1
5014 1
5018 1
5020 1
5023 1
5025 1
5029 1
5032 1
5035 1
5036 1
5038 2
5043 2
5046 1
5050 1
5051 1
5054 1
5055 1
5057 1
5066 4
5067 1
5072 1
5079 1
5087 1
5094 1
5231 1
5244 1
5245 2
5271 1
5415 1
5420 1
5431 1
6020 1
6022 1
6036 1
6171 1
6192 1
6193 1
6198 1
6199 1
6201 1
6202 1
6206 1
6207 1
6208 1
6221 1
6235 1
6244 1
6251 1
6264 1
6268 1
6271 1
6285 1
6311 1
6322 1
6331 1
6342 1
6343 2
6348 1
6349 1
6361 1
7391 1
7424 1
7446 1
7456 1
7459 1
7460 1
7462 1
7467 1
7508 1
7516 1
7588 1
7594 1
7605 1
7760 1
7762 1
7768 1
7774 3
7784 1
7789 1
7790 1
7791 1
7796 1
7799 2
7802 2
7803 2
7807 1
7810 2
7813 1
7814 1
7815 1
7821 1
7824 1
7837 1
8673 1
8689 1
8696 1
8736 1
8795 1
9871 1
10001 16
