1 26606259
2 12774763
3 7199415
4 4216503
5 2588398
6 1758871
7 1319579
8 1021428
9 790896
10 611052
11 486325
12 407150
13 368733
14 360843
15 373270
16 407918
17 457267
18 517492
19 577075
20 623913
21 654664
22 666663
23 655825
24 616796
25 557621
26 488356
27 412103
28 337682
29 269509
30 209287
31 159308
32 119648
33 89461
34 66674
35 48979
36 36614
37 28019
38 22458
39 18332
40 15139
41 13015
42 11494
43 9917
44 8159
45 7012
46 5971
47 5249
48 4467
49 3774
50 3277
51 2764
52 2500
53 2162
54 1791
55 1553
56 1319
57 1156
58 1058
59 967
60 913
61 893
62 827
63 850
64 793
65 709
66 646
67 687
68 629
69 653
70 606
71 556
72 589
73 567
74 569
75 548
76 534
77 549
78 522
79 576
80 533
81 496
82 462
83 477
84 441
85 458
86 462
87 490
88 499
89 501
90 479
91 450
92 477
93 466
94 455
95 477
96 423
97 448
98 422
99 350
100 334
101 330
102 339
103 291
104 288
105 308
106 278
107 289
108 277
109 251
110 222
111 202
112 219
113 179
114 234
115 236
116 239
117 282
118 367
119 396
120 509
121 593
122 703
123 865
124 986
125 1239
126 1546
127 2025
128 2569
129 3190
130 3981
131 4729
132 5841
133 6750
134 8154
135 9562
136 11402
137 13492
138 15453
139 18222
140 20352
141 23202
142 25857
143 28894
144 31865
145 35222
146 38522
147 41574
148 44724
149 48328
150 51252
151 54522
152 57073
153 59524
154 62764
155 64802
156 66898
157 68211
158 69105
159 69812
160 69948
161 69133
162 68470
163 67857
164 66313
165 64625
166 62252
167 59736
168 56598
169 53944
170 50895
171 47866
172 44910
173 41564
174 37672
175 34708
176 31178
177 28060
178 25448
179 22914
180 20267
181 17964
182 15524
183 13768
184 12183
185 10658
186 9032
187 7598
188 6724
189 5738
190 4772
191 4077
192 3314
193 2845
194 2336
195 1961
196 1636
197 1314
198 1098
199 885
200 706
201 642
202 498
203 359
204 286
205 249
206 227
207 163
208 113
209 113
210 75
211 68
212 62
213 61
214 38
215 45
216 32
217 31
218 38
219 22
220 24
221 22
222 25
223 13
224 17
225 21
226 26
227 20
228 17
229 20
230 12
231 22
232 18
233 23
234 28
235 23
236 16
237 16
238 23
239 9
240 19
241 9
242 14
243 16
244 15
245 18
246 18
247 22
248 21
249 11
250 16
251 11
252 20
253 9
254 13
255 9
256 7
257 13
258 14
259 20
260 11
261 12
262 12
263 11
264 11
265 9
266 12
267 13
268 10
269 14
270 10
271 14
272 17
273 24
274 19
275 20
276 17
277 15
278 16
279 22
280 12
281 22
282 24
283 15
284 24
285 18
286 21
287 28
288 24
289 23
290 36
291 40
292 41
293 48
294 51
295 59
296 67
297 67
298 70
299 58
300 71
301 76
302 69
303 80
304 86
305 63
306 72
307 90
308 71
309 110
310 94
311 99
312 89
313 90
314 92
315 82
316 110
317 122
318 139
319 110
320 98
321 126
322 102
323 126
324 130
325 140
326 114
327 119
328 131
329 106
330 136
331 113
332 91
333 114
334 108
335 114
336 75
337 79
338 79
339 67
340 56
341 52
342 39
343 48
344 34
345 44
346 42
347 37
348 19
349 22
350 25
351 28
352 10
353 17
354 27
355 14
356 20
357 14
358 10
359 9
360 5
361 8
362 5
363 8
364 7
365 3
366 4
367 7
368 5
369 4
370 7
371 6
372 4
373 7
374 10
375 7
376 8
377 4
378 5
379 9
380 7
381 4
382 4
383 3
384 6
385 3
386 9
387 6
388 7
389 5
390 5
391 3
392 2
393 6
394 1
395 5
396 4
397 5
398 3
399 6
400 6
401 1
402 5
403 8
404 11
405 8
406 6
407 6
408 5
409 5
410 5
411 7
412 7
413 5
414 2
415 6
416 2
417 6
418 2
421 2
422 1
423 3
424 5
425 3
426 8
427 7
428 8
429 3
430 5
431 4
432 7
433 7
434 8
435 3
436 3
437 3
438 7
439 4
440 2
441 5
442 5
443 7
444 3
445 3
446 4
447 5
448 3
449 2
450 5
451 4
452 6
453 1
454 3
455 4
456 2
457 2
458 3
460 3
461 6
462 4
463 7
464 6
465 10
466 10
467 6
468 6
469 10
470 11
471 9
472 7
473 15
474 5
475 15
476 3
477 8
478 9
479 7
480 6
481 2
482 7
483 4
484 1
485 3
486 1
487 1
488 3
489 2
490 2
491 1
492 2
493 1
494 1
495 2
496 2
497 3
498 3
499 7
500 3
501 2
502 4
503 8
504 4
505 8
507 3
508 2
509 5
510 4
511 2
512 3
513 2
515 2
516 4
517 2
519 2
520 3
521 5
522 4
523 3
524 2
526 1
527 2
528 1
529 2
530 4
531 4
532 2
533 2
534 4
535 3
537 4
539 4
540 3
541 4
542 5
543 6
544 5
545 8
546 7
547 6
548 5
549 4
550 4
551 2
552 1
553 5
554 2
555 3
556 2
557 3
558 1
559 2
560 2
561 2
562 2
574 1
580 1
581 1
583 1
585 1
587 1
589 1
604 1
605 1
606 1
608 1
610 1
612 1
613 3
616 1
620 1
622 1
623 1
626 2
627 1
628 3
629 5
630 3
631 1
632 1
633 2
634 1
635 2
636 2
637 2
638 1
639 1
642 1
643 3
648 1
649 1
650 1
651 2
652 1
654 1
655 1
657 2
658 1
659 2
660 1
661 1
662 2
663 1
666 3
667 1
668 1
673 2
675 1
677 2
678 1
682 1
685 1
698 1
702 1
704 1
705 1
706 1
711 1
758 1
777 1
778 2
783 1
785 1
787 1
788 1
789 1
794 1
795 2
796 1
797 1
798 1
799 1
800 1
803 1
806 1
809 1
811 1
815 1
820 1
822 1
937 1
941 1
948 1
952 1
958 1
959 1
961 1
962 1
967 1
972 1
975 1
977 2
978 2
979 1
982 1
984 3
986 2
987 2
989 1
991 1
993 1
1020 1
1062 1
1066 1
1067 2
1072 2
1073 1
1075 1
1077 2
1078 1
1148 1
1161 1
1178 1
1192 1
1196 1
1253 1
1255 1
1329 1
1412 1
1485 1
1666 1
1677 1
1933 3
1943 1
1949 1
1951 1
1953 1
1954 1
1955 1
1958 1
