1 10829082
2 3527286
3 1338402
4 577386
5 418022
6 483820
7 612375
8 713374
9 745963
10 707214
11 606951
12 479883
13 354652
14 242614
15 155474
16 95126
17 55844
18 30772
19 17280
20 10172
21 6033
22 4242
23 3208
24 2634
25 2111
26 1816
27 1532
28 1457
29 1230
30 1163
31 1119
32 1118
33 1049
34 954
35 928
36 802
37 775
38 667
39 647
40 614
41 563
42 478
43 431
44 331
45 336
46 386
47 400
48 389
49 343
50 358
51 286
52 360
53 296
54 244
55 230
56 201
57 184
58 175
59 156
60 156
61 167
62 124
63 135
64 118
65 115
66 97
67 70
68 86
69 62
70 45
71 29
72 22
73 34
74 37
75 27
76 24
77 35
78 32
79 26
80 38
81 29
82 23
83 38
84 39
85 31
86 33
87 35
88 46
89 57
90 44
91 36
92 51
93 40
94 31
95 29
96 28
97 31
98 35
99 47
100 56
101 46
102 31
103 34
104 26
105 35
106 37
107 29
108 33
109 38
110 50
111 53
112 52
113 51
114 31
115 35
116 25
117 18
118 22
119 25
120 25
121 16
122 15
123 19
124 19
125 22
126 27
127 41
128 34
129 50
130 38
131 43
132 38
133 52
134 41
135 45
136 52
137 40
138 29
139 35
140 40
141 36
142 44
143 22
144 26
145 17
146 18
147 14
148 10
149 24
150 19
151 11
152 17
153 11
154 17
155 19
156 24
157 34
158 30
159 23
160 15
161 14
162 10
163 9
164 9
165 8
167 2
168 1
177 1
185 1
186 1
187 1
189 1
190 1
193 1
195 2
198 1
210 1
213 1
218 2
226 1
229 3
230 1
232 1
233 2
235 2
236 2
237 2
238 2
239 1
240 1
241 2
242 4
245 3
247 1
249 2
250 1
255 1
265 1
301 2
302 2
303 1
311 1
314 1
316 1
317 2
318 3
319 2
320 3
321 1
326 1
328 1
329 1
330 1
332 1
351 1
352 1
357 1
363 1
375 1
390 1
391 1
392 2
393 1
397 1
405 1
415 1
