1 19314364
2 13307480
3 9351217
4 7163537
5 5738046
6 4609026
7 3643665
8 2870592
9 2296809
10 1898427
11 1616655
12 1399728
13 1197997
14 1009677
15 826719
16 665873
17 531729
18 431616
19 364965
20 323654
21 309799
22 315665
23 332720
24 362437
25 394109
26 429607
27 463757
28 494694
29 525048
30 555675
31 574657
32 593994
33 606960
34 615761
35 623482
36 626413
37 628351
38 625789
39 622082
40 612878
41 599966
42 582938
43 559160
44 535143
45 506252
46 477103
47 448758
48 422110
49 397268
50 377983
51 361628
52 346320
53 334154
54 325607
55 318227
56 310821
57 304340
58 298814
59 290285
60 279422
61 266510
62 251237
63 236220
64 217166
65 197969
66 178140
67 159276
68 142601
69 126194
70 111974
71 100581
72 92324
73 87381
74 85084
75 86131
76 90037
77 97134
78 106403
79 120065
80 136146
81 155039
82 175335
83 197380
84 221524
85 244554
86 269042
87 295556
88 320651
89 344695
90 369100
91 391643
92 414221
93 433284
94 451248
95 467165
96 480365
97 489928
98 496338
99 501816
100 498337
101 501283
102 498142
103 492417
104 486617
105 475435
106 464982
107 453526
108 438693
109 423807
110 407027
111 390352
112 374108
113 357461
114 339405
115 321903
116 303095
117 284573
118 265048
119 247480
120 229072
121 211124
122 194610
123 179404
124 163709
125 148785
126 134634
127 120154
128 108394
129 96469
130 85915
131 76038
132 67529
133 59272
134 52916
135 46752
136 41715
137 36985
138 32883
139 29478
140 26280
141 23685
142 21508
143 19301
144 17860
145 16305
146 15114
147 14037
148 13145
149 12642
150 12022
151 11232
152 10524
153 10191
154 9750
155 9198
156 8500
157 8179
158 7660
159 7209
160 6913
161 6532
162 6041
163 5761
164 5301
165 4794
166 4553
167 4375
168 4058
169 3873
170 3831
171 3583
172 3516
173 3473
174 3488
175 3530
176 3426
177 3556
178 3499
179 3413
180 3384
181 3357
182 3353
183 3256
184 3140
185 3164
186 3112
187 3028
188 3204
189 3108
190 2989
191 2816
192 2804
193 2750
194 2782
195 2678
196 2526
197 2559
198 2299
199 2360
200 2236
201 2155
202 2203
203 2189
204 2032
205 2143
206 2009
207 1928
208 1791
209 1844
210 1755
211 1735
212 1654
213 1675
214 1630
215 1625
216 1653
217 1506
218 1514
219 1468
220 1475
221 1447
222 1382
223 1395
224 1338
225 1340
226 1310
227 1274
228 1298
229 1228
230 1203
231 1151
232 1079
233 1055
234 989
235 938
236 868
237 812
238 767
239 797
240 716
241 693
242 654
243 626
244 553
245 557
246 543
247 467
248 418
249 414
250 414
251 416
252 367
253 368
254 327
255 338
256 316
257 317
258 285
259 292
260 298
261 287
262 298
263 275
264 268
265 235
266 286
267 237
268 272
269 288
270 257
271 277
272 264
273 250
274 270
275 248
276 252
277 250
278 291
279 263
280 264
281 272
282 238
283 216
284 245
285 248
286 257
287 248
288 266
289 277
290 249
291 254
292 268
293 265
294 283
295 277
296 264
297 246
298 301
299 272
300 287
301 269
302 296
303 295
304 268
305 284
306 278
307 277
308 234
309 260
310 249
311 255
312 264
313 221
314 229
315 218
316 202
317 212
318 202
319 226
320 220
321 198
322 219
323 236
324 216
325 237
326 219
327 212
328 230
329 216
330 243
331 252
332 245
333 257
334 265
335 251
336 253
337 277
338 257
339 268
340 251
341 230
342 274
343 243
344 224
345 259
346 280
347 245
348 278
349 251
350 247
351 241
352 246
353 263
354 242
355 260
356 283
357 283
358 274
359 275
360 253
361 253
362 228
363 269
364 263
365 239
366 249
367 247
368 248
369 251
370 243
371 253
372 233
373 253
374 251
375 217
376 203
377 200
378 234
379 217
380 213
381 208
382 211
383 185
384 198
385 180
386 204
387 184
388 191
389 168
390 177
391 153
392 164
393 188
394 152
395 131
396 142
397 124
398 132
399 111
400 94
401 118
402 114
403 102
404 109
405 108
406 129
407 103
408 109
409 114
410 88
411 78
412 70
413 99
414 92
415 87
416 92
417 73
418 77
419 76
420 69
421 65
422 71
423 89
424 64
425 69
426 85
427 57
428 67
429 73
430 71
431 63
432 73
433 81
434 67
435 84
436 69
437 71
438 56
439 61
440 81
441 71
442 69
443 65
444 71
445 64
446 67
447 61
448 65
449 95
450 68
451 105
452 79
453 89
454 81
455 82
456 96
457 89
458 86
459 81
460 88
461 71
462 65
463 65
464 61
465 82
466 65
467 76
468 89
469 98
470 87
471 101
472 98
473 126
474 100
475 94
476 93
477 97
478 98
479 100
480 123
481 123
482 126
483 128
484 164
485 155
486 126
487 134
488 140
489 140
490 136
491 126
492 120
493 110
494 120
495 114
496 114
497 129
498 129
499 121
500 98
501 96
502 112
503 103
504 116
505 92
506 91
507 94
508 87
509 95
510 104
511 112
512 109
513 120
514 108
515 104
516 108
517 93
518 87
519 102
520 104
521 99
522 92
523 75
524 92
525 92
526 61
527 84
528 68
529 78
530 61
531 59
532 74
533 65
534 63
535 53
536 60
537 50
538 56
539 50
540 55
541 49
542 41
543 41
544 45
545 43
546 43
547 40
548 39
549 45
550 45
551 49
552 38
553 32
554 28
555 28
556 24
557 24
558 31
559 18
560 29
561 23
562 32
563 31
564 37
565 30
566 21
567 24
568 30
569 32
570 20
571 19
572 23
573 26
574 16
575 11
576 18
577 10
578 21
579 28
580 25
581 21
582 25
583 31
584 36
585 26
586 28
587 21
588 22
589 30
590 24
591 36
592 26
593 35
594 25
595 19
596 30
597 22
598 31
599 22
600 19
601 28
602 24
603 24
604 26
605 20
606 26
607 29
608 33
609 25
610 31
611 32
612 35
613 30
614 25
615 20
616 29
617 23
618 33
619 34
620 25
621 19
622 23
623 23
624 25
625 23
626 19
627 25
628 24
629 27
630 29
631 21
632 30
633 28
634 19
635 24
636 34
637 18
638 27
639 32
640 20
641 18
642 18
643 17
644 24
645 27
646 20
647 28
648 26
649 27
650 16
651 21
652 13
653 21
654 26
655 19
656 18
657 17
658 19
659 8
660 14
661 16
662 16
663 25
664 18
665 28
666 25
667 23
668 21
669 24
670 16
671 23
672 22
673 20
674 12
675 22
676 18
677 19
678 30
679 28
680 26
681 17
682 25
683 25
684 27
685 29
686 28
687 23
688 22
689 22
690 27
691 28
692 35
693 28
694 30
695 24
696 27
697 25
698 22
699 26
700 20
701 27
702 25
703 22
704 17
705 24
706 26
707 19
708 16
709 23
710 15
711 19
712 18
713 17
714 11
715 22
716 12
717 13
718 12
719 17
720 21
721 14
722 12
723 20
724 15
725 16
726 20
727 26
728 22
729 17
730 21
731 17
732 24
733 20
734 16
735 12
736 5
737 18
738 14
739 16
740 15
741 17
742 14
743 21
744 18
745 13
746 11
747 20
748 15
749 18
750 26
751 24
752 31
753 20
754 30
755 25
756 20
757 23
758 20
759 21
760 27
761 23
762 29
763 21
764 22
765 20
766 25
767 27
768 22
769 21
770 15
771 22
772 18
773 14
774 15
775 17
776 11
777 11
778 17
779 16
780 11
781 11
782 15
783 8
784 12
785 14
786 8
787 10
788 6
789 7
790 12
791 6
792 7
793 4
794 7
795 5
796 6
797 8
798 7
799 11
800 10
801 9
802 13
803 10
804 10
805 8
806 9
807 8
808 14
809 6
810 11
811 7
812 6
813 10
814 12
815 9
816 5
817 11
818 12
819 5
820 4
821 11
822 14
823 9
824 7
825 7
826 7
827 6
828 8
829 14
830 12
831 18
832 10
833 14
834 7
835 12
836 9
837 8
838 7
839 10
840 8
841 6
842 5
843 5
844 8
845 5
846 6
847 4
848 4
849 1
850 4
851 4
852 2
853 4
854 6
855 8
856 5
857 10
858 1
859 7
860 7
861 5
862 5
863 10
864 4
865 8
866 4
867 6
868 3
869 6
870 2
871 2
872 5
873 3
874 3
875 5
876 2
877 8
878 6
879 5
880 5
881 3
882 6
883 5
884 6
885 11
886 4
887 2
888 5
889 2
890 6
891 5
892 5
893 2
894 6
895 6
896 4
897 5
898 4
899 1
900 3
901 1
902 7
903 3
904 7
905 6
906 5
907 7
908 1
909 3
910 3
911 4
912 4
913 2
914 5
915 4
916 1
917 1
918 7
919 4
920 3
921 3
922 1
923 3
924 7
925 4
926 2
927 2
928 7
929 3
930 3
931 3
932 1
933 6
934 6
935 2
936 3
937 7
938 1
939 5
940 3
941 5
942 4
943 3
944 3
945 3
946 4
947 4
948 3
949 7
950 8
951 5
952 3
953 1
954 6
955 8
956 3
957 5
958 5
959 8
960 7
961 4
962 7
963 2
964 2
965 1
966 7
967 5
968 3
969 3
970 2
971 1
972 2
973 2
974 2
975 1
976 1
977 1
978 6
979 2
980 2
981 4
982 5
983 4
984 4
985 5
986 6
987 4
988 3
989 4
990 3
991 5
992 4
993 4
994 3
995 5
996 7
997 4
998 3
999 3
1000 10
1001 10
1002 5
1003 4
1004 6
1005 2
1006 5
1007 5
1008 5
1009 2
1010 1
1011 1
1012 2
1013 2
1015 3
1018 1
1019 1
1020 2
1021 1
1022 5
1023 2
1024 3
1025 1
1026 2
1027 2
1028 4
1029 2
1030 2
1031 2
1032 2
1033 1
1034 2
1035 3
1036 2
1037 2
1038 4
1039 3
1040 3
1041 3
1042 3
1043 2
1044 4
1045 4
1046 7
1047 1
1048 2
1049 3
1050 3
1051 5
1052 6
1053 4
1054 3
1055 5
1056 3
1057 5
1058 4
1059 7
1060 7
1061 6
1062 11
1063 10
1064 10
1065 4
1066 10
1067 4
1068 10
1069 6
1070 6
1071 9
1072 3
1073 10
1074 16
1075 5
1076 8
1077 10
1078 8
1079 5
1080 9
1081 8
1082 6
1083 6
1084 7
1085 6
1086 5
1087 8
1088 5
1089 5
1090 8
1091 8
1092 6
1093 7
1094 3
1095 2
1096 1
1097 1
1098 6
1099 5
1100 6
1101 6
1102 6
1103 7
1104 4
1105 4
1106 3
1107 4
1108 2
1109 1
1110 3
1111 2
1112 4
1113 6
1114 3
1115 2
1116 7
1117 4
1118 6
1119 5
1120 4
1121 6
1122 5
1123 5
1124 4
1125 9
1126 5
1127 3
1128 3
1129 9
1130 3
1131 5
1132 9
1133 2
1134 4
1135 7
1136 6
1137 4
1138 4
1139 4
1140 3
1141 6
1142 5
1143 7
1144 3
1145 4
1146 3
1147 4
1148 3
1149 4
1150 4
1151 2
1152 2
1153 3
1154 1
1155 3
1156 3
1157 3
1158 1
1159 6
1160 1
1162 4
1163 2
1164 4
1165 7
1166 5
1167 4
1168 3
1169 2
1170 9
1171 5
1172 3
1173 12
1174 3
1175 4
1176 2
1177 4
1178 1
1179 1
1180 1
1181 2
1182 2
1183 2
1184 4
1185 1
1186 2
1187 1
1188 5
1189 1
1190 1
1192 3
1194 4
1195 3
1196 2
1197 1
1198 3
1199 1
1200 2
1201 4
1202 2
1203 6
1204 3
1205 2
1206 2
1207 1
1208 3
1209 6
1210 3
1211 2
1212 1
1213 3
1214 3
1215 2
1216 1
1217 1
1218 1
1219 1
1220 4
1221 2
1222 1
1223 3
1224 1
1225 3
1226 3
1227 4
1228 1
1229 4
1230 2
1231 6
1232 1
1233 1
1234 12
1235 8
1236 10
1237 6
1238 4
1239 3
1240 5
1241 5
1242 14
1243 3
1244 7
1245 2
1246 1
1247 2
1248 3
1249 4
1250 3
1251 2
1252 6
1253 7
1254 3
1255 2
1256 3
1257 3
1258 3
1259 3
1260 4
1261 4
1262 4
1263 5
1264 2
1265 4
1266 3
1267 9
1268 6
1269 3
1270 10
1271 6
1272 6
1273 6
1274 11
1275 7
1276 13
1277 11
1278 7
1279 9
1280 10
1281 12
1282 6
1283 9
1284 10
1285 5
1286 9
1287 10
1288 5
1289 6
1290 5
1291 6
1292 11
1293 9
1294 9
1295 7
1296 11
1297 6
1298 7
1299 4
1300 5
1301 3
1302 4
1303 7
1304 3
1305 4
1306 7
1307 10
1308 15
1309 6
1310 5
1311 14
1312 7
1313 5
1314 9
1315 11
1316 10
1317 8
1318 17
1319 6
1320 12
1321 13
1322 2
1323 7
1324 8
1325 7
1326 9
1327 6
1328 9
1329 11
1330 11
1331 8
1332 6
1333 9
1334 14
1335 4
1336 8
1337 9
1338 7
1339 7
1340 9
1341 9
1342 4
1343 4
1344 9
1345 5
1346 4
1347 6
1348 5
1349 8
1350 8
1351 8
1352 3
1353 6
1354 7
1355 11
1356 3
1357 6
1358 5
1359 7
1360 6
1361 11
1362 5
1363 4
1364 5
1365 4
1366 3
1367 2
1369 5
1370 5
1371 2
1372 5
1373 6
1374 7
1375 2
1376 2
1377 4
1378 6
1379 5
1380 2
1381 3
1382 5
1383 10
1384 7
1385 9
1386 10
1387 14
1388 2
1389 9
1390 7
1391 10
1392 7
1393 11
1394 9
1395 10
1396 12
1397 5
1398 8
1399 9
1400 7
1401 2
1402 8
1403 7
1404 11
1405 6
1406 6
1407 7
1408 4
1409 5
1410 2
1411 6
1412 1
1413 3
1414 4
1415 3
1416 3
1417 3
1418 3
1419 3
1420 3
1421 2
1422 3
1423 2
1424 1
1425 1
1427 3
1428 2
1429 1
1430 6
1431 3
1432 6
1433 8
1434 2
1435 1
1436 1
1437 4
1438 4
1439 3
1440 7
1443 3
1445 1
1446 2
1447 1
1448 1
1449 1
1451 2
1454 1
1455 1
1456 3
1458 2
1459 1
1460 1
1461 2
1462 1
1463 4
1464 3
1465 6
1466 5
1467 1
1468 3
1469 1
1470 1
1471 2
1474 4
1475 2
1476 1
1477 1
1478 2
1479 1
1481 5
1482 3
1483 4
1484 2
1485 1
1486 2
1488 4
1489 2
1491 3
1492 4
1493 1
1494 1
1497 2
1499 1
1501 1
1503 2
1504 1
1509 3
1510 2
1511 3
1513 1
1514 1
1516 1
1517 1
1518 2
1519 2
1521 2
1522 2
1524 1
1525 4
1529 2
1532 1
1534 1
1539 1
1542 2
1545 2
1547 1
1551 1
1555 1
1556 1
1557 1
1559 1
1561 1
1562 1
1563 2
1564 2
1565 1
1567 1
1568 1
1569 1
1570 4
1571 1
1572 1
1573 1
1574 1
1577 1
1579 1
1580 1
1583 1
1587 1
1594 1
1595 2
1598 1
1599 2
1605 1
1610 1
1612 2
1614 1
1615 1
1617 2
1618 2
1619 1
1621 1
1624 3
1626 1
1628 3
1629 2
1630 2
1631 2
1632 1
1633 1
1635 1
1636 1
1637 1
1639 2
1640 3
1641 1
1642 2
1643 4
1645 2
1650 2
1651 3
1652 1
1657 1
1658 1
1659 1
1660 2
1662 1
1663 1
1669 2
1673 1
1675 1
1680 1
1681 1
1682 2
1683 2
1685 2
1688 2
1690 1
1692 1
1693 2
1696 1
1697 1
1701 1
1702 1
1706 1
1709 1
1710 1
1712 1
1720 1
1732 2
1737 1
1739 1
1740 2
1742 1
1745 1
1747 1
1759 1
1775 2
1777 1
1778 1
1779 1
1780 1
1781 2
1782 2
1784 2
1787 1
1791 1
1796 1
1803 1
1810 2
1812 1
1813 2
1814 1
1815 1
1816 1
1818 3
1820 1
1826 2
1829 1
1831 1
1832 1
1833 2
1834 2
1835 2
1838 4
1841 1
1842 2
1850 1
1853 1
1865 1
1872 1
1885 1
1899 1
1902 1
1903 1
1907 2
1908 2
1911 2
1912 1
1914 1
1915 1
1918 1
1920 1
1921 1
1923 1
1930 1
1931 1
1938 2
1946 1
1948 2
1950 1
1957 1
1958 1
1960 2
1980 1
1982 1
1983 1
1990 1
1992 1
1993 1
1995 2
1996 2
1997 2
1999 1
2003 1
2006 2
2008 2
2020 1
2035 1
2045 1
2050 1
2079 1
2125 1
2129 1
2141 1
2142 1
2143 1
2144 2
2148 1
2149 1
2150 1
2177 1
2185 1
2188 1
2233 1
2263 1
2268 1
2270 1
2274 1
2280 1
2283 1
2289 1
2362 1
2377 1
2378 1
2392 1
2423 1
2424 1
2425 1
2428 1
2432 1
2438 1
2439 1
2444 1
2448 1
2449 1
2453 1
2456 1
2502 1
2511 1
2523 1
2525 1
2528 1
2536 1
2542 1
2543 1
2544 1
2545 1
2546 1
2548 1
2550 1
2553 1
2554 1
2576 1
2588 1
2591 1
2593 1
2634 1
2763 1
2770 1
2780 1
2784 1
2888 1
2889 1
2899 1
2970 1
3004 1
3005 2
3008 1
3015 1
3019 1
3023 1
3025 1
3027 1
3068 1
3071 1
3085 1
3089 1
3091 1
3092 1
3098 1
3100 1
3102 1
3103 1
3106 1
3109 1
3136 1
3142 1
3144 2
3147 2
3148 1
3152 1
3158 1
3160 1
3163 1
3167 1
3176 1
3183 1
3186 1
3190 1
3193 2
3194 1
3195 1
3196 1
3199 1
3203 1
3205 1
3208 2
3212 1
3213 1
3214 1
3216 2
3224 1
3229 1
3235 1
3246 1
3260 1
3271 1
3272 2
3275 1
3280 1
3295 1
3339 1
3349 1
3351 1
3354 1
3367 1
3384 1
3407 1
3443 1
3444 1
3454 1
3456 1
3607 1
3659 1
3830 1
3831 1
3835 1
3837 1
3947 1
3960 1
3965 2
3966 1
3973 1
3982 1
4033 1
4051 1
4053 1
4054 2
4055 1
4057 1
4061 2
4063 1
4069 1
4073 1
4076 2
4085 1
4190 1
4199 1
4337 1
4338 1
4602 1
4603 2
4604 1
4608 1
4613 1
4693 1
4694 1
4696 1
4699 2
4700 2
4702 1
4705 2
4709 1
4744 1
4892 1
6935 1
7044 1
7391 1
7566 1
7919 1
8053 1
10001 11
