1 17020453
2 14290524
3 10568281
4 7625600
5 5726350
6 4586067
7 3834493
8 3253120
9 2777667
10 2434830
11 2205530
12 2082108
13 2044461
14 2050227
15 2059146
16 2056182
17 2025859
18 1940163
19 1829698
20 1691851
21 1550744
22 1412974
23 1280242
24 1151679
25 1038366
26 936916
27 836042
28 741951
29 653548
30 566559
31 486288
32 411202
33 343045
34 280488
35 227540
36 181676
37 144672
38 115036
39 92143
40 75809
41 65140
42 60072
43 59179
44 63518
45 73381
46 86538
47 102719
48 122699
49 144121
50 167713
51 193500
52 218346
53 244152
54 267405
55 287646
56 305109
57 316997
58 324725
59 326374
60 323961
61 316597
62 305052
63 290069
64 272162
65 250641
66 227850
67 205907
68 182476
69 158486
70 137333
71 116612
72 97251
73 80809
74 65888
75 53817
76 42950
77 34423
78 26879
79 21149
80 16849
81 13337
82 10567
83 8461
84 7100
85 6062
86 5811
87 5658
88 6065
89 6803
90 7628
91 8956
92 10844
93 12715
94 15096
95 18146
96 21335
97 24671
98 28200
99 32076
100 36070
101 40265
102 44849
103 48936
104 53137
105 56658
106 60042
107 63636
108 66260
109 68848
110 70516
111 71780
112 72073
113 71848
114 71605
115 70697
116 68492
117 66259
118 63380
119 60155
120 57185
121 53638
122 49658
123 46058
124 42065
125 37949
126 34405
127 30568
128 27742
129 23819
130 20808
131 18216
132 15678
133 13559
134 11370
135 9455
136 7997
137 6661
138 5552
139 4660
140 3805
141 3167
142 2584
143 2117
144 1738
145 1468
146 1276
147 1184
148 1175
149 1019
150 1024
151 1124
152 1271
153 1449
154 1572
155 1958
156 2364
157 2738
158 3301
159 4131
160 5052
161 6169
162 7571
163 8941
164 10499
165 12378
166 14338
167 17000
168 19801
169 23476
170 26534
171 30622
172 35002
173 38874
174 44476
175 49676
176 55626
177 62053
178 68304
179 75510
180 82541
181 90458
182 98242
183 106045
184 114190
185 121484
186 129252
187 136955
188 144805
189 151440
190 158519
191 165598
192 172208
193 177867
194 182053
195 187277
196 190414
197 193452
198 195899
199 197837
200 199037
201 198644
202 197556
203 196739
204 193856
205 191626
206 187583
207 183234
208 178506
209 172840
210 167738
211 162068
212 154990
213 148393
214 142335
215 134691
216 127537
217 120855
218 112929
219 105646
220 99248
221 91604
222 85165
223 78829
224 71966
225 66395
226 59933
227 55261
228 49169
229 44986
230 40080
231 35958
232 32462
233 28940
234 25781
235 22868
236 19983
237 17388
238 15523
239 13343
240 11429
241 10106
242 8670
243 7384
244 6550
245 5422
246 4610
247 4041
248 3362
249 2975
250 2501
251 2120
252 1752
253 1590
254 1224
255 1140
256 871
257 780
258 665
259 579
260 484
261 458
262 362
263 354
264 289
265 289
266 261
267 296
268 301
269 337
270 347
271 321
272 336
273 365
274 380
275 410
276 459
277 456
278 473
279 605
280 590
281 611
282 706
283 753
284 805
285 1002
286 1027
287 1146
288 1204
289 1275
290 1481
291 1584
292 1657
293 1895
294 1933
295 2111
296 2213
297 2343
298 2406
299 2524
300 2785
301 2888
302 2980
303 3056
304 3332
305 3462
306 3632
307 3896
308 3851
309 4069
310 4178
311 4206
312 4406
313 4440
314 4435
315 4588
316 4575
317 4558
318 4651
319 4635
320 4385
321 4609
322 4529
323 4370
324 4174
325 4185
326 3984
327 4023
328 3934
329 3897
330 3716
331 3537
332 3404
333 3272
334 3132
335 3008
336 2870
337 2725
338 2593
339 2394
340 2316
341 2202
342 2056
343 1937
344 1822
345 1708
346 1598
347 1449
348 1415
349 1238
350 1257
351 1146
352 963
353 960
354 811
355 693
356 664
357 572
358 579
359 538
360 496
361 496
362 460
363 479
364 437
365 390
366 374
367 352
368 368
369 358
370 404
371 402
372 341
373 392
374 327
375 407
376 407
377 407
378 384
379 401
380 442
381 424
382 418
383 423
384 421
385 464
386 462
387 488
388 529
389 547
390 549
391 585
392 586
393 571
394 599
395 622
396 606
397 646
398 657
399 642
400 636
401 682
402 670
403 667
404 661
405 702
406 697
407 750
408 700
409 724
410 758
411 746
412 715
413 739
414 853
415 765
416 763
417 793
418 705
419 720
420 688
421 704
422 720
423 659
424 645
425 682
426 587
427 560
428 619
429 553
430 549
431 558
432 516
433 516
434 498
435 439
436 458
437 391
438 423
439 359
440 334
441 349
442 358
443 303
444 317
445 295
446 242
447 279
448 243
449 194
450 199
451 200
452 190
453 189
454 171
455 146
456 158
457 139
458 141
459 112
460 126
461 128
462 110
463 93
464 112
465 107
466 99
467 86
468 88
469 85
470 65
471 61
472 75
473 61
474 72
475 73
476 53
477 54
478 52
479 49
480 48
481 41
482 40
483 41
484 46
485 43
486 33
487 39
488 33
489 36
490 31
491 31
492 40
493 41
494 33
495 34
496 36
497 28
498 40
499 41
500 35
501 31
502 38
503 26
504 24
505 45
506 29
507 43
508 38
509 42
510 32
511 40
512 36
513 32
514 34
515 39
516 38
517 40
518 30
519 22
520 38
521 41
522 44
523 36
524 44
525 49
526 59
527 50
528 46
529 48
530 48
531 49
532 53
533 55
534 34
535 49
536 45
537 38
538 52
539 43
540 54
541 41
542 57
543 47
544 39
545 54
546 37
547 46
548 59
549 54
550 45
551 61
552 59
553 66
554 57
555 69
556 63
557 68
558 73
559 70
560 56
561 71
562 52
563 59
564 68
565 69
566 57
567 61
568 69
569 75
570 59
571 70
572 71
573 73
574 80
575 70
576 82
577 74
578 92
579 101
580 95
581 113
582 93
583 116
584 109
585 93
586 108
587 128
588 91
589 129
590 131
591 115
592 109
593 129
594 117
595 91
596 127
597 102
598 118
599 130
600 108
601 133
602 136
603 132
604 124
605 158
606 121
607 112
608 127
609 131
610 128
611 137
612 112
613 121
614 131
615 135
616 128
617 128
618 122
619 117
620 134
621 127
622 136
623 131
624 128
625 126
626 133
627 134
628 114
629 136
630 126
631 125
632 124
633 126
634 104
635 104
636 118
637 111
638 108
639 108
640 116
641 99
642 101
643 93
644 102
645 104
646 90
647 82
648 100
649 63
650 93
651 81
652 85
653 71
654 73
655 72
656 63
657 81
658 67
659 59
660 69
661 63
662 58
663 49
664 53
665 49
666 55
667 51
668 54
669 56
670 48
671 50
672 43
673 50
674 32
675 50
676 45
677 38
678 49
679 42
680 46
681 53
682 42
683 50
684 53
685 53
686 48
687 51
688 41
689 45
690 57
691 43
692 44
693 41
694 36
695 43
696 42
697 41
698 28
699 49
700 38
701 49
702 37
703 46
704 46
705 56
706 47
707 33
708 51
709 30
710 33
711 34
712 45
713 37
714 44
715 39
716 48
717 36
718 30
719 49
720 39
721 47
722 36
723 50
724 41
725 44
726 38
727 28
728 27
729 36
730 33
731 35
732 29
733 28
734 36
735 40
736 37
737 37
738 33
739 27
740 25
741 38
742 23
743 33
744 24
745 23
746 29
747 23
748 29
749 26
750 24
751 35
752 22
753 33
754 25
755 31
756 31
757 22
758 31
759 31
760 40
761 42
762 30
763 43
764 28
765 31
766 40
767 37
768 39
769 46
770 40
771 37
772 41
773 42
774 45
775 55
776 44
777 48
778 58
779 56
780 50
781 59
782 63
783 60
784 61
785 66
786 62
787 54
788 70
789 69
790 64
791 63
792 75
793 64
794 64
795 93
796 74
797 67
798 80
799 82
800 76
801 105
802 86
803 72
804 106
805 79
806 83
807 86
808 81
809 85
810 82
811 97
812 88
813 86
814 86
815 87
816 86
817 88
818 100
819 79
820 70
821 82
822 92
823 87
824 71
825 93
826 87
827 91
828 87
829 92
830 79
831 83
832 80
833 103
834 115
835 87
836 113
837 77
838 124
839 111
840 99
841 107
842 106
843 112
844 103
845 103
846 108
847 73
848 102
849 90
850 83
851 82
852 70
853 81
854 67
855 69
856 66
857 61
858 60
859 51
860 52
861 51
862 42
863 44
864 43
865 52
866 43
867 50
868 37
869 50
870 48
871 42
872 39
873 36
874 30
875 32
876 15
877 21
878 33
879 21
880 27
881 22
882 27
883 30
884 22
885 26
886 21
887 32
888 20
889 17
890 17
891 24
892 18
893 22
894 16
895 14
896 13
897 28
898 15
899 20
900 18
901 16
902 11
903 19
904 18
905 19
906 12
907 14
908 11
909 11
910 11
911 16
912 12
913 13
914 20
915 11
916 15
917 9
918 17
919 17
920 14
921 8
922 11
923 16
924 16
925 11
926 19
927 17
928 13
929 17
930 12
931 14
932 15
933 13
934 14
935 11
936 12
937 19
938 17
939 19
940 10
941 14
942 14
943 11
944 11
945 20
946 12
947 18
948 13
949 7
950 17
951 9
952 8
953 11
954 17
955 13
956 11
957 14
958 8
959 14
960 13
961 17
962 28
963 16
964 13
965 26
966 14
967 11
968 19
969 21
970 13
971 10
972 16
973 13
974 11
975 16
976 18
977 18
978 19
979 16
980 14
981 16
982 17
983 13
984 20
985 20
986 17
987 15
988 6
989 24
990 12
991 19
992 12
993 14
994 21
995 18
996 23
997 22
998 24
999 23
1000 26
1001 25
1002 22
1003 32
1004 28
1005 25
1006 22
1007 19
1008 14
1009 24
1010 19
1011 26
1012 21
1013 25
1014 24
1015 29
1016 24
1017 19
1018 17
1019 19
1020 18
1021 21
1022 31
1023 23
1024 17
1025 23
1026 24
1027 17
1028 23
1029 22
1030 27
1031 21
1032 26
1033 23
1034 23
1035 19
1036 31
1037 30
1038 30
1039 29
1040 24
1041 23
1042 23
1043 32
1044 32
1045 27
1046 33
1047 32
1048 34
1049 27
1050 33
1051 19
1052 29
1053 26
1054 24
1055 29
1056 23
1057 33
1058 20
1059 21
1060 18
1061 12
1062 17
1063 11
1064 13
1065 28
1066 14
1067 14
1068 18
1069 17
1070 21
1071 28
1072 25
1073 28
1074 29
1075 20
1076 14
1077 18
1078 17
1079 32
1080 11
1081 13
1082 17
1083 10
1084 15
1085 13
1086 12
1087 9
1088 9
1089 15
1090 14
1091 14
1092 15
1093 21
1094 20
1095 21
1096 16
1097 20
1098 16
1099 15
1100 7
1101 12
1102 17
1103 9
1104 14
1105 13
1106 13
1107 15
1108 16
1109 16
1110 14
1111 9
1112 7
1113 10
1114 15
1115 10
1116 11
1117 15
1118 5
1119 11
1120 15
1121 8
1122 7
1123 6
1124 4
1125 9
1126 9
1127 13
1128 10
1129 10
1130 5
1131 11
1132 5
1133 14
1134 14
1135 8
1136 9
1137 9
1138 11
1139 14
1140 15
1141 11
1142 19
1143 10
1144 12
1145 11
1146 16
1147 11
1148 8
1149 14
1150 11
1151 12
1152 11
1153 6
1154 5
1155 7
1156 7
1157 6
1158 11
1159 9
1160 3
1161 9
1162 10
1163 7
1164 10
1165 10
1166 9
1167 16
1168 15
1169 10
1170 12
1171 10
1172 11
1173 4
1174 11
1175 10
1176 10
1177 12
1178 8
1179 11
1180 10
1181 12
1182 5
1183 9
1184 14
1185 10
1186 9
1187 10
1188 9
1189 8
1190 8
1191 12
1192 13
1193 14
1194 13
1195 11
1196 12
1197 14
1198 13
1199 10
1200 15
1201 8
1202 14
1203 16
1204 11
1205 13
1206 11
1207 10
1208 16
1209 15
1210 17
1211 12
1212 17
1213 14
1214 12
1215 10
1216 6
1217 15
1218 10
1219 8
1220 8
1221 9
1222 5
1223 8
1224 5
1225 10
1226 10
1227 14
1228 6
1229 10
1230 7
1231 13
1232 15
1233 3
1234 8
1235 12
1236 3
1237 9
1238 11
1239 15
1240 11
1241 9
1242 6
1243 6
1244 6
1245 9
1246 9
1247 3
1248 10
1249 10
1250 10
1251 6
1252 8
1253 13
1254 13
1255 15
1256 10
1257 7
1258 10
1259 9
1260 8
1261 14
1262 11
1263 3
1264 17
1265 14
1266 18
1267 18
1268 11
1269 19
1270 13
1271 15
1272 16
1273 7
1274 17
1275 15
1276 20
1277 15
1278 16
1279 15
1280 22
1281 17
1282 19
1283 22
1284 17
1285 21
1286 20
1287 36
1288 36
1289 29
1290 32
1291 35
1292 32
1293 39
1294 49
1295 46
1296 60
1297 61
1298 80
1299 81
1300 58
1301 103
1302 91
1303 106
1304 135
1305 130
1306 151
1307 175
1308 159
1309 178
1310 231
1311 245
1312 239
1313 285
1314 322
1315 303
1316 365
1317 372
1318 447
1319 485
1320 513
1321 570
1322 605
1323 589
1324 687
1325 731
1326 859
1327 851
1328 957
1329 1010
1330 1020
1331 1156
1332 1222
1333 1209
1334 1295
1335 1486
1336 1513
1337 1657
1338 1794
1339 1842
1340 1979
1341 2057
1342 2281
1343 2369
1344 2577
1345 2597
1346 2828
1347 3004
1348 3206
1349 3277
1350 3550
1351 3859
1352 3914
1353 4045
1354 4439
1355 4687
1356 4856
1357 5011
1358 5236
1359 5568
1360 5717
1361 5984
1362 6291
1363 6519
1364 6791
1365 7176
1366 7336
1367 7653
1368 8160
1369 8305
1370 8507
1371 8996
1372 9353
1373 9537
1374 9856
1375 10341
1376 10792
1377 10900
1378 11300
1379 11520
1380 12221
1381 12518
1382 12635
1383 13264
1384 13548
1385 13882
1386 14354
1387 14734
1388 15348
1389 15405
1390 15824
1391 16361
1392 16571
1393 17031
1394 17240
1395 17443
1396 18058
1397 18473
1398 18761
1399 19005
1400 19276
1401 19339
1402 19816
1403 20171
1404 20628
1405 20914
1406 21000
1407 21281
1408 21466
1409 21776
1410 21849
1411 22117
1412 22257
1413 22548
1414 22796
1415 22660
1416 23115
1417 23225
1418 23030
1419 23235
1420 23074
1421 23494
1422 23146
1423 23358
1424 23652
1425 23358
1426 23378
1427 23459
1428 23351
1429 23151
1430 23041
1431 22954
1432 22984
1433 22929
1434 22577
1435 22664
1436 22435
1437 22286
1438 21971
1439 21400
1440 21487
1441 21265
1442 21067
1443 20706
1444 20473
1445 19878
1446 19788
1447 19491
1448 19133
1449 18608
1450 18048
1451 18001
1452 17636
1453 17362
1454 17016
1455 16763
1456 16204
1457 15782
1458 15343
1459 15199
1460 14586
1461 14443
1462 13944
1463 13303
1464 13271
1465 12609
1466 12136
1467 12107
1468 11665
1469 11324
1470 11132
1471 10728
1472 10213
1473 9831
1474 9566
1475 9260
1476 8865
1477 8645
1478 8188
1479 7848
1480 7538
1481 7465
1482 7271
1483 6885
1484 6465
1485 6101
1486 5970
1487 5670
1488 5343
1489 5291
1490 4983
1491 4800
1492 4448
1493 4251
1494 4178
1495 3942
1496 3616
1497 3496
1498 3255
1499 3158
1500 2952
1501 2871
1502 2630
1503 2440
1504 2435
1505 2255
1506 2083
1507 2042
1508 1880
1509 1746
1510 1754
1511 1621
1512 1515
1513 1373
1514 1288
1515 1204
1516 1160
1517 1101
1518 1007
1519 950
1520 905
1521 846
1522 826
1523 754
1524 667
1525 662
1526 596
1527 586
1528 525
1529 507
1530 434
1531 411
1532 382
1533 378
1534 315
1535 321
1536 302
1537 294
1538 262
1539 256
1540 202
1541 226
1542 192
1543 176
1544 192
1545 152
1546 146
1547 153
1548 131
1549 114
1550 119
1551 92
1552 94
1553 93
1554 82
1555 66
1556 78
1557 83
1558 71
1559 63
1560 56
1561 45
1562 53
1563 50
1564 40
1565 47
1566 49
1567 40
1568 47
1569 47
1570 43
1571 41
1572 53
1573 52
1574 30
1575 48
1576 40
1577 43
1578 43
1579 42
1580 37
1581 36
1582 43
1583 34
1584 29
1585 27
1586 26
1587 46
1588 32
1589 31
1590 36
1591 34
1592 36
1593 36
1594 32
1595 28
1596 25
1597 31
1598 33
1599 38
1600 25
1601 27
1602 26
1603 38
1604 40
1605 33
1606 33
1607 30
1608 33
1609 37
1610 31
1611 40
1612 30
1613 33
1614 39
1615 40
1616 36
1617 43
1618 32
1619 32
1620 45
1621 43
1622 26
1623 33
1624 37
1625 36
1626 35
1627 29
1628 32
1629 32
1630 32
1631 35
1632 24
1633 36
1634 24
1635 36
1636 23
1637 34
1638 28
1639 26
1640 27
1641 35
1642 27
1643 21
1644 22
1645 22
1646 24
1647 20
1648 29
1649 20
1650 33
1651 15
1652 29
1653 28
1654 21
1655 31
1656 25
1657 33
1658 18
1659 23
1660 20
1661 20
1662 18
1663 24
1664 22
1665 18
1666 10
1667 13
1668 9
1669 7
1670 15
1671 13
1672 12
1673 8
1674 8
1675 9
1676 9
1677 12
1678 7
1679 8
1680 7
1681 6
1682 8
1683 10
1684 9
1685 9
1686 11
1687 6
1688 10
1689 5
1690 5
1691 4
1692 7
1693 9
1694 4
1695 7
1696 5
1697 2
1698 4
1699 4
1700 3
1701 5
1702 8
1703 5
1704 2
1705 4
1706 1
1707 4
1708 5
1709 8
1710 3
1711 3
1712 6
1713 3
1714 3
1715 4
1716 1
1717 8
1718 2
1719 1
1720 7
1721 1
1723 4
1724 4
1725 2
1726 4
1727 3
1728 3
1729 5
1730 1
1731 4
1732 4
1733 3
1734 1
1735 6
1736 3
1737 2
1738 5
1739 4
1740 1
1741 4
1742 3
1743 1
1744 5
1745 4
1746 6
1747 4
1748 9
1749 7
1750 6
1751 3
1752 5
1753 7
1754 6
1755 16
1756 7
1757 5
1758 1
1759 4
1760 3
1761 3
1762 3
1763 4
1764 2
1765 3
1766 3
1767 1
1768 4
1769 2
1770 2
1771 2
1772 4
1773 2
1774 5
1775 4
1776 3
1777 2
1778 8
1779 4
1780 5
1781 6
1782 2
1783 7
1784 6
1785 1
1786 7
1787 6
1788 3
1789 2
1790 5
1791 6
1792 4
1793 5
1794 2
1795 2
1796 4
1797 2
1798 4
1799 2
1800 4
1801 4
1802 6
1803 4
1804 4
1805 7
1806 2
1807 3
1808 1
1809 7
1810 3
1811 6
1812 5
1813 6
1814 6
1815 3
1816 6
1817 4
1818 3
1819 3
1820 5
1821 5
1822 3
1823 5
1824 3
1825 6
1826 2
1827 2
1828 7
1829 7
1830 3
1831 7
1832 7
1833 4
1834 1
1835 6
1836 1
1837 4
1838 6
1839 4
1840 14
1841 4
1842 4
1843 3
1844 2
1845 2
1846 5
1847 7
1848 6
1849 6
1850 8
1851 5
1852 4
1853 6
1854 10
1855 7
1856 5
1857 2
1858 2
1859 7
1860 4
1861 6
1862 3
1863 4
1864 3
1865 3
1868 2
1869 3
1870 2
1871 4
1872 2
1873 3
1874 2
1875 8
1876 3
1877 3
1878 2
1879 3
1880 4
1882 5
1883 4
1884 3
1885 2
1886 2
1887 2
1888 2
1889 4
1890 3
1891 3
1892 3
1893 3
1894 4
1895 2
1896 1
1897 1
1898 3
1899 1
1900 4
1901 3
1903 4
1905 3
1906 1
1907 1
1908 5
1909 4
1910 3
1911 3
1912 7
1913 1
1914 9
1915 3
1916 10
1917 1
1918 5
1919 1
1920 7
1921 2
1924 4
1926 1
1927 3
1929 3
1930 4
1931 2
1932 3
1933 3
1934 1
1935 2
1936 1
1937 4
1938 1
1940 6
1941 2
1942 3
1943 5
1944 3
1945 6
1946 3
1947 5
1948 2
1949 4
1950 3
1952 3
1953 6
1954 4
1955 8
1956 2
1957 3
1958 4
1959 1
1960 3
1961 3
1962 1
1963 2
1964 3
1965 2
1966 5
1967 1
1968 2
1969 2
1970 3
1971 2
1972 4
1973 1
1974 1
1975 3
1976 1
1977 4
1978 2
1979 5
1980 1
1981 2
1982 3
1983 2
1984 1
1985 2
1987 4
1989 3
1990 4
1991 1
1992 2
1993 1
1994 5
1995 2
1996 1
1998 4
1999 1
2000 1
2002 4
2003 1
2004 4
2005 1
2006 1
2007 2
2008 3
2009 1
2010 1
2011 1
2012 1
2014 1
2016 1
2017 4
2020 1
2021 1
2022 2
2024 2
2025 3
2026 4
2027 3
2028 4
2030 1
2032 3
2033 1
2034 3
2036 2
2037 2
2038 1
2039 1
2040 3
2041 2
2042 3
2043 3
2046 2
2047 3
2049 3
2052 2
2053 2
2054 1
2057 5
2058 2
2059 2
2060 1
2061 2
2062 4
2063 2
2064 1
2065 2
2067 1
2068 2
2071 3
2072 4
2075 3
2076 1
2077 5
2078 3
2079 2
2080 2
2083 1
2085 3
2086 2
2087 2
2088 2
2089 1
2093 2
2094 3
2095 1
2096 1
2097 1
2098 1
2099 1
2100 3
2101 3
2102 3
2103 6
2105 1
2106 2
2107 1
2108 4
2109 1
2110 1
2111 4
2113 5
2114 3
2115 2
2116 7
2117 1
2119 3
2120 1
2121 2
2122 5
2123 1
2124 4
2125 3
2126 2
2127 5
2128 4
2129 5
2130 7
2131 2
2132 3
2133 1
2135 3
2136 4
2137 2
2139 2
2140 4
2141 2
2142 2
2143 4
2144 3
2145 4
2146 6
2147 2
2148 7
2149 1
2150 3
2151 1
2153 2
2154 1
2155 3
2156 2
2157 1
2158 4
2159 3
2160 1
2161 1
2162 3
2163 1
2164 1
2166 2
2167 2
2169 3
2170 1
2172 1
2175 1
2176 1
2177 2
2178 2
2179 1
2184 3
2186 2
2188 2
2189 2
2190 1
2194 1
2196 2
2198 1
2199 1
2200 4
2201 1
2202 3
2203 1
2204 1
2205 2
2206 1
2207 3
2208 1
2209 2
2210 2
2211 2
2212 2
2213 2
2214 3
2215 1
2217 4
2218 1
2219 2
2220 4
2221 2
2223 2
2224 3
2225 1
2226 1
2227 3
2228 1
2230 2
2231 1
2232 1
2235 2
2237 2
2239 1
2242 1
2243 2
2244 1
2245 3
2246 1
2247 2
2249 3
2250 4
2251 3
2253 1
2254 1
2255 1
2257 1
2258 2
2260 6
2263 1
2264 3
2265 5
2266 1
2267 3
2268 2
2269 2
2270 3
2271 2
2272 2
2273 2
2274 2
2275 4
2276 2
2277 2
2280 3
2281 3
2282 4
2283 1
2287 3
2288 1
2289 1
2291 1
2292 2
2293 1
2296 2
2297 2
2298 2
2300 2
2301 1
2302 2
2303 3
2304 1
2305 3
2306 2
2307 1
2308 1
2310 2
2311 1
2312 3
2313 1
2314 1
2315 3
2316 1
2317 2
2318 4
2319 2
2320 1
2321 4
2322 1
2323 4
2325 1
2326 1
2327 2
2328 1
2330 2
2331 3
2332 3
2333 1
2335 1
2336 2
2337 3
2338 2
2339 2
2340 3
2342 1
2344 1
2345 4
2346 2
2347 1
2348 5
2349 4
2350 3
2352 2
2353 2
2354 2
2355 3
2356 1
2358 1
2360 4
2361 3
2362 1
2363 2
2364 1
2365 1
2366 2
2367 2
2368 2
2369 3
2370 2
2371 3
2372 1
2373 4
2374 2
2376 2
2377 2
2380 1
2381 3
2382 1
2383 2
2385 4
2387 1
2388 3
2389 1
2391 1
2392 2
2393 1
2394 1
2395 1
2396 2
2397 2
2398 1
2399 1
2400 1
2403 1
2404 2
2405 1
2406 1
2408 1
2410 1
2413 1
2414 3
2415 1
2416 1
2417 2
2420 1
2424 1
2425 1
2426 1
2427 1
2428 1
2430 1
2433 1
2434 1
2435 2
2438 1
2440 1
2442 1
2445 1
2448 1
2449 1
2450 1
2451 2
2455 1
2458 1
2460 1
2468 1
2469 2
2471 1
2479 3
2480 3
2481 1
2482 1
2483 1
2485 2
2486 1
2488 3
2489 1
2490 2
2491 1
2493 1
2497 1
2498 1
2500 1
2508 2
2511 2
2512 1
2513 1
2520 1
2521 1
2522 1
2523 1
2524 2
2526 2
2527 2
2529 2
2530 1
2531 1
2533 1
2534 1
2535 1
2536 3
2538 1
2539 1
2541 1
2543 2
2544 1
2551 1
2561 1
2564 1
2567 1
2570 1
2588 1
2593 2
2597 1
2599 1
2605 1
2607 1
2610 1
2616 1
2622 1
2625 1
2627 1
2643 1
2644 1
2646 1
2647 1
2648 1
2650 1
2651 1
2652 3
2654 1
2655 1
2657 3
2659 1
2665 1
2669 1
2670 1
2672 1
2675 1
2677 1
2680 1
2682 1
2684 2
2693 1
2698 1
2700 2
2702 1
2703 1
2704 2
2706 1
2708 1
2709 1
2711 3
2716 1
2717 2
2718 2
2719 1
2720 2
2721 5
2722 3
2723 6
2724 1
2725 3
2727 3
2728 3
2729 4
2730 4
2731 8
2732 5
2733 5
2734 12
2735 2
2736 4
2737 4
2738 5
2739 7
2740 11
2741 12
2742 8
2743 9
2744 11
2745 10
2746 8
2747 7
2748 12
2749 8
2750 11
2751 9
2752 10
2753 9
2754 8
2755 10
2756 13
2757 11
2758 9
2759 8
2760 9
2761 18
2762 15
2763 10
2764 9
2765 15
2766 14
2767 13
2768 20
2769 18
2770 17
2771 11
2772 21
2773 20
2774 22
2775 23
2776 27
2777 22
2778 18
2779 11
2780 20
2781 21
2782 15
2783 13
2784 24
2785 19
2786 21
2787 30
2788 20
2789 28
2790 21
2791 23
2792 22
2793 20
2794 29
2795 19
2796 25
2797 18
2798 22
2799 24
2800 20
2801 22
2802 21
2803 34
2804 31
2805 20
2806 29
2807 29
2808 26
2809 31
2810 25
2811 14
2812 23
2813 29
2814 22
2815 31
2816 28
2817 28
2818 30
2819 33
2820 34
2821 31
2822 32
2823 26
2824 29
2825 33
2826 28
2827 33
2828 31
2829 43
2830 40
2831 40
2832 38
2833 37
2834 38
2835 37
2836 45
2837 45
2838 33
2839 34
2840 54
2841 43
2842 30
2843 31
2844 50
2845 32
2846 36
2847 31
2848 36
2849 41
2850 35
2851 37
2852 35
2853 56
2854 33
2855 52
2856 34
2857 48
2858 43
2859 37
2860 47
2861 42
2862 37
2863 29
2864 36
2865 33
2866 28
2867 30
2868 25
2869 29
2870 22
2871 41
2872 43
2873 36
2874 40
2875 29
2876 56
2877 53
2878 42
2879 26
2880 37
2881 31
2882 36
2883 35
2884 31
2885 34
2886 31
2887 32
2888 24
2889 22
2890 27
2891 28
2892 31
2893 30
2894 27
2895 28
2896 22
2897 31
2898 24
2899 23
2900 23
2901 17
2902 18
2903 13
2904 21
2905 22
2906 14
2907 11
2908 20
2909 18
2910 21
2911 17
2912 21
2913 19
2914 14
2915 24
2916 10
2917 21
2918 21
2919 11
2920 17
2921 16
2922 12
2923 10
2924 13
2925 12
2926 13
2927 10
2928 11
2929 9
2930 15
2931 9
2932 9
2933 16
2934 18
2935 8
2936 14
2937 7
2938 8
2939 10
2940 8
2941 12
2942 10
2943 4
2944 13
2945 11
2946 12
2947 8
2948 9
2949 8
2950 9
2951 12
2952 9
2953 6
2954 5
2955 6
2956 8
2957 4
2958 7
2959 4
2960 3
2961 5
2962 6
2963 3
2964 2
2965 2
2966 4
2967 4
2968 3
2969 11
2970 3
2971 4
2972 4
2973 4
2974 2
2975 2
2976 2
2977 3
2978 3
2979 4
2981 4
2983 4
2984 1
2985 4
2986 1
2987 4
2989 1
2990 1
2992 1
2994 1
2997 1
3001 1
3010 1
3012 1
3017 2
3019 2
3020 1
3032 2
3038 1
3043 2
3045 1
3049 1
3053 2
3054 2
3062 1
3076 1
3079 1
3087 1
3089 1
3093 1
3095 1
3100 1
3101 1
3104 1
3106 1
3114 1
3117 1
3118 1
3120 1
3125 1
3127 1
3137 1
3140 1
3141 1
3154 1
3155 1
3175 1
3183 1
3193 1
3195 2
3196 1
3199 2
3200 1
3203 1
3204 1
3207 1
3209 1
3217 2
3223 2
3224 1
3226 2
3229 1
3231 3
3232 2
3233 1
3237 1
3240 1
3242 1
3244 1
3246 1
3253 1
3254 1
3255 1
3258 1
3260 1
3261 1
3270 1
3274 1
3278 1
3280 1
3281 2
3283 1
3284 1
3285 1
3286 2
3288 2
3289 1
3290 1
3291 2
3292 4
3293 1
3295 1
3296 1
3298 3
3302 1
3303 1
3304 4
3305 2
3307 1
3308 2
3309 2
3310 1
3312 1
3314 2
3315 1
3316 1
3318 4
3319 2
3320 1
3321 1
3323 1
3324 1
3325 1
3327 1
3328 1
3330 3
3332 1
3333 1
3334 1
3336 1
3338 1
3339 1
3340 3
3342 2
3344 2
3346 1
3348 1
3350 1
3351 1
3356 1
3364 1
3369 2
3372 4
3373 1
3376 1
3377 1
3380 1
3381 1
3384 1
3385 1
3388 3
3389 2
3393 1
3394 1
3395 3
3397 2
3399 2
3401 1
3402 1
3405 2
3406 1
3408 1
3409 2
3413 1
3419 1
3422 1
3428 1
3429 3
3432 1
3439 1
3443 1
3453 1
3472 1
3485 2
3486 1
3488 1
3489 1
3492 2
3493 2
3496 2
3497 1
3500 1
3501 2
3503 1
3505 2
3506 2
3507 2
3509 1
3510 1
3511 1
3512 1
3515 2
3516 3
3519 1
3522 1
3525 2
3544 1
3545 1
3547 1
3550 1
3553 1
3561 1
3562 1
3573 1
3577 3
3579 2
3583 1
3585 1
3586 3
3587 2
3589 1
3590 2
3591 1
3593 2
3595 1
3596 3
3598 1
3599 1
3601 2
3602 2
3603 2
3607 1
3608 2
3609 1
3610 1
3614 2
3616 1
3617 1
3620 1
3621 1
3623 1
3629 1
3634 1
3635 1
3636 1
3643 1
3650 1
3659 1
3666 1
3670 1
3681 1
3684 1
3698 1
3699 1
3704 1
3705 1
3706 1
3708 1
3709 1
3712 1
3713 2
3715 1
3717 1
3718 1
3719 2
3721 1
3723 2
3728 1
3729 1
3735 1
3736 3
3737 1
3738 3
3742 2
3744 2
3745 2
3746 1
3747 1
3749 1
3751 1
3752 4
3753 1
3754 1
3756 2
3757 1
3758 2
3761 1
3767 1
3771 1
3772 1
3775 1
3776 1
3777 4
3779 1
3780 1
3783 3
3784 1
3785 1
3786 2
3787 2
3789 1
3791 3
3792 1
3793 2
3794 5
3795 2
3796 3
3797 3
3798 1
3799 3
3800 2
3801 2
3802 2
3803 1
3804 2
3806 1
3807 2
3808 2
3810 1
3811 4
3812 1
3813 1
3814 1
3815 2
3816 1
3817 1
3819 1
3820 1
3822 1
3826 2
3827 2
3828 1
3830 1
3834 1
3843 1
3848 1
3850 1
3852 1
3857 2
3862 2
3865 1
3876 2
3893 1
3920 1
3923 1
3964 1
3967 1
3971 1
3974 1
3975 1
3978 1
3981 2
3984 1
4000 2
4065 1
4108 1
4119 1
4128 1
4132 1
4134 1
4137 1
4144 1
4146 1
4148 1
4151 1
4153 1
4154 2
4155 3
4156 2
4157 1
4159 1
4160 1
4163 1
4166 1
4167 2
4169 1
4172 2
4174 3
4175 2
4176 1
4178 1
4179 1
4181 1
4182 1
4184 1
4185 1
4186 2
4189 3
4190 2
4191 1
4192 3
4193 4
4194 1
4195 1
4196 1
4197 1
4198 2
4199 2
4200 1
4201 4
4202 2
4203 4
4204 1
4206 2
4207 4
4208 1
4209 2
4210 5
4211 1
4212 3
4215 1
4217 1
4218 3
4219 1
4220 1
4221 4
4222 2
4224 3
4225 5
4226 4
4227 2
4228 2
4230 1
4232 3
4233 1
4234 3
4235 2
4236 2
4237 4
4238 1
4239 3
4240 3
4241 2
4242 4
4243 2
4244 2
4245 5
4246 2
4247 1
4248 5
4250 1
4251 2
4252 1
4253 1
4254 1
4255 1
4257 2
4258 1
4259 6
4260 3
4261 2
4264 2
4265 1
4266 2
4267 1
4268 1
4269 3
4271 1
4272 3
4273 1
4274 1
4275 1
4276 2
4277 2
4278 2
4279 4
4280 4
4281 4
4282 1
4283 1
4284 4
4285 3
4286 2
4288 1
4289 2
4290 3
4293 2
4297 4
4298 1
4299 3
4300 4
4301 1
4302 1
4304 1
4305 1
4306 4
4307 2
4308 4
4309 1
4310 4
4311 1
4312 2
4313 1
4315 1
4316 2
4317 1
4318 1
4320 2
4325 2
4326 1
4354 1
4355 1
4358 1
4361 1
4362 1
4365 2
4370 1
4373 1
4375 3
4376 1
4391 1
4395 1
4396 1
4397 2
4399 1
4401 1
4406 1
4415 1
4421 1
4424 1
4427 1
4428 1
4499 1
4500 1
4501 1
4502 1
4507 1
4512 1
4526 1
4555 1
4564 1
4598 1
4600 1
4605 1
4615 2
4616 1
4622 1
4628 1
4634 1
4643 1
4660 1
4664 1
4669 1
4670 1
4676 2
4682 2
4686 1
4689 2
4690 2
4693 2
4694 1
4699 1
4701 1
4703 1
4710 1
4711 1
4715 1
4716 2
4717 1
4718 2
4720 1
4722 2
4725 1
4726 2
4727 1
4732 1
4734 3
4737 2
4739 3
4742 1
4746 1
4748 1
4751 1
4754 1
4757 1
4758 1
4759 1
4760 1
4767 1
4768 1
4774 1
4777 1
4779 1
4781 1
4786 1
4788 2
4790 1
4791 1
4792 1
4796 1
4797 1
4799 1
4801 2
4804 1
4806 1
4812 1
4816 1
4821 1
4823 1
4824 1
4825 1
4829 1
4831 1
4832 3
4833 2
4835 1
4836 4
4837 1
4840 1
4841 1
4842 1
4843 2
4845 2
4846 1
4847 1
4848 1
4849 1
4852 3
4854 1
4861 1
4869 1
4870 1
4871 1
4874 1
4876 1
4881 1
4882 2
4883 2
4890 1
4894 1
4899 1
4903 1
4904 1
4905 1
4908 1
5290 1
5485 1
5553 1
5569 1
5593 1
5605 1
5609 1
5610 1
5622 1
5633 2
5634 1
5638 1
5646 1
5657 1
5665 1
5670 1
5672 1
5674 1
5675 1
5676 1
5677 1
5681 1
5684 1
5685 1
5687 2
5689 1
5690 1
5692 1
5693 1
5695 1
5698 1
5700 1
5704 1
5705 2
5706 2
5708 1
5709 1
5710 3
5712 1
5713 1
5714 1
5718 1
5721 1
5735 1
5738 1
5740 1
5743 1
5744 1
5745 2
5746 1
5755 1
5758 1
5760 1
5764 1
5766 1
5767 1
5780 1
5793 1
5816 1
5820 1
5823 1
5824 1
5826 1
5827 1
5831 1
5832 1
5836 1
5862 1
5866 1
5874 1
6527 1
6531 1
6535 1
6705 1
6710 1
6715 1
6741 1
6989 1
6995 1
7033 1
7038 1
7040 1
7042 3
7054 2
7056 1
7088 1
7107 1
7112 1
7114 1
7116 1
7122 1
7125 2
7127 1
7130 2
7132 1
8493 1
8531 1
8553 1
8592 1
8614 1
8692 1
8701 1
8703 1
8705 1
8719 1
8721 1
8783 1
8786 1
8794 1
8795 1
8796 1
8802 1
8814 1
8829 1
8830 1
8832 1
8836 1
8865 1
8872 1
9000 1
9012 2
9017 1
9022 1
9030 1
9032 1
9038 2
9046 1
9049 1
9050 1
9051 1
9058 1
9070 1
9866 1
9998 1
10001 20
