1 22424578
2 10337549
3 5181006
4 2813060
5 1828690
6 1409116
7 1140620
8 918985
9 748539
10 646365
11 618650
12 653778
13 725916
14 808824
15 879876
16 933607
17 963602
18 962856
19 934952
20 901636
21 861010
22 819342
23 778690
24 744533
25 714098
26 682395
27 651493
28 619985
29 583290
30 539627
31 493080
32 443110
33 397243
34 351057
35 309242
36 272629
37 244138
38 222095
39 204653
40 192398
41 184998
42 181702
43 177942
44 177121
45 176172
46 176202
47 173857
48 174802
49 174942
50 176833
51 178762
52 180584
53 184884
54 188117
55 191145
56 194785
57 197329
58 200906
59 202827
60 202043
61 201439
62 201712
63 200275
64 197274
65 195472
66 191248
67 189359
68 186640
69 186643
70 185533
71 187109
72 186856
73 188836
74 191234
75 191641
76 191245
77 190598
78 187698
79 183702
80 177436
81 170705
82 161868
83 153795
84 143904
85 132901
86 121268
87 109508
88 96997
89 85997
90 75613
91 65524
92 55673
93 46853
94 38727
95 31887
96 26384
97 21367
98 17299
99 14299
100 11475
101 9477
102 7465
103 6019
104 4831
105 3900
106 3250
107 2722
108 2267
109 1881
110 1684
111 1533
112 1416
113 1242
114 1311
115 1203
116 1183
117 1273
118 1230
119 1218
120 1247
121 1156
122 1125
123 1085
124 1014
125 1075
126 1059
127 1038
128 985
129 948
130 899
131 804
132 774
133 773
134 760
135 725
136 644
137 656
138 621
139 564
140 537
141 562
142 573
143 587
144 605
145 557
146 557
147 569
148 581
149 631
150 619
151 561
152 629
153 613
154 573
155 552
156 591
157 580
158 551
159 514
160 543
161 559
162 580
163 536
164 610
165 565
166 545
167 491
168 502
169 465
170 476
171 490
172 483
173 466
174 458
175 440
176 440
177 441
178 436
179 389
180 374
181 367
182 377
183 336
184 302
185 298
186 265
187 253
188 235
189 248
190 214
191 201
192 215
193 210
194 226
195 207
196 190
197 171
198 168
199 150
200 139
201 149
202 131
203 143
204 167
205 148
206 132
207 127
208 137
209 138
210 157
211 139
212 135
213 109
214 125
215 155
216 165
217 185
218 215
219 178
220 225
221 220
222 237
223 225
224 241
225 255
226 267
227 294
228 285
229 284
230 280
231 266
232 285
233 305
234 286
235 336
236 354
237 266
238 276
239 224
240 240
241 227
242 188
243 230
244 207
245 260
246 242
247 226
248 235
249 205
250 218
251 170
252 162
253 169
254 175
255 142
256 161
257 162
258 166
259 124
260 146
261 138
262 132
263 124
264 124
265 121
266 123
267 129
268 115
269 110
270 139
271 117
272 119
273 114
274 85
275 77
276 110
277 99
278 84
279 91
280 79
281 92
282 92
283 84
284 69
285 72
286 76
287 65
288 69
289 63
290 68
291 46
292 77
293 65
294 62
295 64
296 84
297 69
298 98
299 71
300 58
301 79
302 56
303 74
304 64
305 54
306 61
307 54
308 41
309 33
310 44
311 33
312 36
313 32
314 46
315 49
316 36
317 36
318 47
319 40
320 31
321 43
322 35
323 48
324 35
325 37
326 38
327 37
328 36
329 34
330 40
331 28
332 41
333 44
334 34
335 36
336 29
337 40
338 28
339 35
340 37
341 35
342 32
343 42
344 35
345 42
346 43
347 48
348 58
349 77
350 82
351 111
352 120
353 148
354 169
355 168
356 232
357 276
358 334
359 331
360 403
361 478
362 531
363 626
364 712
365 815
366 976
367 1067
368 1191
369 1461
370 1630
371 1920
372 2180
373 2464
374 2696
375 2975
376 3441
377 3807
378 4281
379 4850
380 5301
381 6070
382 6594
383 7212
384 7979
385 8740
386 9557
387 10271
388 11271
389 12311
390 13339
391 14450
392 15595
393 16632
394 17950
395 19497
396 20874
397 22176
398 23274
399 24722
400 26027
401 27809
402 29257
403 30703
404 32420
405 33710
406 35410
407 36931
408 38450
409 39811
410 41760
411 43248
412 44734
413 46198
414 47253
415 48893
416 50311
417 51744
418 52939
419 54529
420 55533
421 56637
422 58097
423 58926
424 60419
425 62077
426 62516
427 63491
428 64243
429 65431
430 66757
431 67302
432 67623
433 68655
434 69014
435 70178
436 71140
437 71373
438 72107
439 73354
440 74264
441 75048
442 75068
443 75766
444 76454
445 77178
446 77068
447 77535
448 78303
449 78044
450 78473
451 78748
452 77156
453 78054
454 77124
455 77103
456 76715
457 76000
458 75478
459 73918
460 73134
461 72317
462 71243
463 70602
464 68425
465 67859
466 66479
467 64980
468 63541
469 62191
470 60189
471 58525
472 56255
473 54924
474 52928
475 50998
476 48837
477 46947
478 45377
479 43588
480 41194
481 39357
482 37608
483 35588
484 33794
485 31634
486 29999
487 27972
488 26573
489 25063
490 23138
491 21726
492 20492
493 18908
494 17633
495 16597
496 14907
497 13648
498 12819
499 11554
500 10648
501 9677
502 8816
503 8126
504 7404
505 6575
506 6019
507 5505
508 4865
509 4562
510 4020
511 3483
512 3286
513 2905
514 2554
515 2262
516 2019
517 1819
518 1646
519 1458
520 1295
521 1133
522 980
523 913
524 792
525 704
526 634
527 549
528 506
529 420
530 394
531 360
532 280
533 283
534 206
535 238
536 167
537 148
538 146
539 137
540 115
541 99
542 90
543 86
544 70
545 69
546 65
547 59
548 48
549 38
550 51
551 53
552 45
553 44
554 31
555 51
556 40
557 40
558 39
559 42
560 55
561 27
562 36
563 34
564 25
565 43
566 40
567 37
568 36
569 43
570 33
571 41
572 34
573 34
574 47
575 39
576 38
577 38
578 25
579 47
580 53
581 51
582 47
583 35
584 45
585 35
586 43
587 47
588 42
589 45
590 40
591 49
592 54
593 39
594 58
595 53
596 45
597 51
598 42
599 53
600 58
601 37
602 35
603 33
604 39
605 33
606 39
607 29
608 25
609 34
610 31
611 22
612 31
613 30
614 31
615 28
616 20
617 25
618 26
619 31
620 31
621 24
622 18
623 33
624 18
625 23
626 22
627 26
628 14
629 21
630 24
631 19
632 17
633 19
634 22
635 15
636 17
637 30
638 29
639 25
640 22
641 22
642 28
643 22
644 16
645 20
646 19
647 20
648 8
649 14
650 12
651 19
652 15
653 20
654 16
655 13
656 18
657 17
658 12
659 6
660 5
661 14
662 14
663 7
664 10
665 7
666 6
667 5
668 7
669 8
670 13
671 6
672 15
673 12
674 11
675 10
676 17
677 10
678 13
679 19
680 6
681 14
682 13
683 13
684 15
685 13
686 9
687 13
688 12
689 16
690 12
691 11
692 7
693 8
694 3
695 4
696 4
697 5
698 5
699 6
700 7
701 1
702 9
703 3
704 5
705 6
706 1
707 8
708 12
709 7
710 4
711 10
712 12
713 8
714 8
715 8
716 11
717 12
718 7
719 4
720 12
721 13
722 14
723 13
724 12
725 12
726 9
727 10
728 10
729 15
730 12
731 15
732 10
733 9
734 4
735 9
736 6
737 3
738 6
739 4
740 4
741 5
742 2
743 2
744 3
745 3
746 5
747 5
748 6
749 2
750 8
751 4
752 3
753 7
754 8
755 5
756 6
757 5
758 9
759 10
760 11
761 4
762 3
763 12
764 10
765 7
766 9
767 5
768 7
769 6
770 7
771 6
772 6
773 13
774 11
775 12
776 12
777 21
778 21
779 24
780 29
781 35
782 28
783 37
784 31
785 35
786 36
787 42
788 31
789 42
790 49
791 44
792 45
793 51
794 70
795 63
796 70
797 75
798 67
799 54
800 70
801 77
802 88
803 109
804 92
805 87
806 84
807 101
808 80
809 103
810 99
811 119
812 99
813 94
814 110
815 104
816 142
817 111
818 144
819 135
820 144
821 141
822 136
823 161
824 146
825 163
826 162
827 148
828 135
829 170
830 196
831 191
832 176
833 209
834 209
835 192
836 207
837 208
838 213
839 262
840 250
841 224
842 236
843 223
844 241
845 271
846 231
847 218
848 229
849 225
850 253
851 216
852 237
853 224
854 225
855 271
856 236
857 240
858 207
859 232
860 210
861 228
862 210
863 234
864 231
865 215
866 227
867 217
868 203
869 199
870 196
871 216
872 223
873 227
874 248
875 196
876 224
877 226
878 241
879 228
880 232
881 216
882 211
883 266
884 213
885 255
886 216
887 227
888 189
889 214
890 231
891 200
892 225
893 242
894 248
895 232
896 223
897 216
898 244
899 237
900 205
901 223
902 234
903 203
904 229
905 226
906 232
907 226
908 243
909 257
910 238
911 258
912 253
913 229
914 235
915 245
916 264
917 230
918 236
919 240
920 239
921 217
922 230
923 205
924 214
925 211
926 228
927 202
928 215
929 223
930 188
931 195
932 197
933 182
934 205
935 171
936 174
937 173
938 177
939 163
940 145
941 178
942 151
943 152
944 150
945 160
946 161
947 139
948 126
949 132
950 115
951 110
952 125
953 102
954 115
955 100
956 86
957 108
958 90
959 95
960 98
961 69
962 92
963 82
964 70
965 71
966 82
967 81
968 65
969 56
970 40
971 55
972 63
973 53
974 44
975 48
976 37
977 49
978 46
979 40
980 36
981 35
982 38
983 21
984 29
985 30
986 39
987 32
988 26
989 29
990 32
991 19
992 25
993 26
994 36
995 26
996 26
997 22
998 14
999 18
1000 15
1001 18
1002 11
1003 12
1004 9
1005 11
1006 13
1007 11
1008 13
1009 8
1010 12
1011 11
1012 16
1013 14
1014 16
1015 13
1016 12
1017 9
1018 15
1019 11
1020 8
1021 8
1022 9
1023 4
1024 10
1025 5
1026 8
1027 10
1028 7
1029 7
1030 8
1031 12
1032 14
1033 8
1034 8
1035 9
1036 11
1037 10
1038 12
1039 9
1040 8
1041 14
1042 9
1043 11
1044 12
1045 10
1046 3
1047 4
1048 11
1049 7
1050 8
1051 6
1052 8
1053 6
1054 13
1055 13
1056 6
1057 11
1058 14
1059 9
1060 13
1061 9
1062 11
1063 12
1064 13
1065 10
1066 5
1067 8
1068 9
1069 9
1070 9
1071 8
1072 8
1073 4
1074 8
1075 5
1076 5
1077 5
1078 4
1079 2
1080 7
1081 3
1082 3
1083 7
1084 4
1085 3
1086 9
1087 6
1088 3
1089 7
1090 2
1091 7
1092 4
1093 5
1094 5
1095 6
1096 4
1097 4
1098 4
1099 6
1100 7
1101 3
1102 3
1103 4
1104 4
1105 5
1106 5
1107 2
1108 5
1109 1
1110 1
1112 2
1113 4
1114 4
1115 3
1116 3
1117 1
1118 3
1119 3
1120 3
1121 4
1122 3
1123 4
1125 7
1126 4
1127 5
1128 5
1129 5
1130 4
1131 9
1132 8
1133 6
1134 7
1135 10
1136 6
1137 6
1138 6
1139 5
1140 7
1141 4
1142 4
1143 7
1144 8
1145 5
1146 7
1147 4
1148 5
1149 5
1150 4
1151 6
1152 8
1153 5
1154 3
1155 8
1156 5
1157 1
1158 9
1159 7
1160 5
1161 3
1162 7
1163 1
1164 8
1165 7
1166 5
1167 9
1168 4
1169 8
1170 8
1171 9
1172 6
1173 5
1174 9
1175 10
1176 12
1177 10
1178 7
1179 8
1180 15
1181 7
1182 17
1183 12
1184 11
1185 11
1186 16
1187 11
1188 11
1189 17
1190 24
1191 19
1192 21
1193 25
1194 23
1195 21
1196 29
1197 20
1198 22
1199 23
1200 30
1201 26
1202 17
1203 22
1204 30
1205 25
1206 19
1207 26
1208 41
1209 31
1210 35
1211 38
1212 37
1213 42
1214 49
1215 35
1216 45
1217 48
1218 40
1219 51
1220 48
1221 49
1222 50
1223 35
1224 56
1225 59
1226 56
1227 56
1228 60
1229 54
1230 78
1231 70
1232 77
1233 72
1234 65
1235 73
1236 79
1237 73
1238 90
1239 96
1240 98
1241 81
1242 87
1243 97
1244 101
1245 111
1246 112
1247 114
1248 117
1249 95
1250 113
1251 106
1252 118
1253 104
1254 105
1255 104
1256 114
1257 101
1258 117
1259 128
1260 89
1261 98
1262 102
1263 105
1264 108
1265 108
1266 122
1267 100
1268 124
1269 122
1270 107
1271 120
1272 117
1273 122
1274 117
1275 118
1276 101
1277 95
1278 87
1279 105
1280 107
1281 121
1282 111
1283 116
1284 106
1285 88
1286 103
1287 91
1288 93
1289 94
1290 93
1291 73
1292 94
1293 98
1294 87
1295 86
1296 71
1297 99
1298 97
1299 90
1300 94
1301 68
1302 94
1303 55
1304 74
1305 73
1306 87
1307 68
1308 65
1309 73
1310 65
1311 61
1312 65
1313 73
1314 74
1315 59
1316 64
1317 75
1318 72
1319 60
1320 62
1321 67
1322 50
1323 60
1324 60
1325 45
1326 44
1327 44
1328 44
1329 46
1330 41
1331 38
1332 35
1333 26
1334 23
1335 33
1336 26
1337 30
1338 26
1339 25
1340 13
1341 23
1342 23
1343 32
1344 28
1345 36
1346 31
1347 24
1348 30
1349 18
1350 15
1351 29
1352 23
1353 18
1354 24
1355 16
1356 23
1357 20
1358 25
1359 25
1360 20
1361 22
1362 15
1363 18
1364 14
1365 18
1366 18
1367 20
1368 20
1369 17
1370 24
1371 21
1372 12
1373 22
1374 14
1375 15
1376 16
1377 23
1378 11
1379 17
1380 27
1381 25
1382 16
1383 21
1384 25
1385 19
1386 20
1387 27
1388 19
1389 28
1390 26
1391 32
1392 25
1393 22
1394 16
1395 23
1396 15
1397 21
1398 20
1399 16
1400 23
1401 17
1402 27
1403 16
1404 15
1405 16
1406 14
1407 24
1408 13
1409 19
1410 12
1411 10
1412 10
1413 18
1414 10
1415 12
1416 12
1417 10
1418 16
1419 8
1420 9
1421 12
1422 2
1423 6
1424 5
1425 8
1426 6
1427 2
1428 8
1429 6
1430 6
1431 6
1432 5
1433 8
1434 7
1435 9
1436 8
1437 7
1438 12
1439 8
1440 9
1441 5
1442 6
1443 11
1444 6
1445 8
1446 7
1447 8
1448 5
1449 9
1450 11
1451 9
1452 8
1453 6
1454 13
1455 11
1456 9
1457 8
1458 9
1459 8
1460 7
1461 7
1462 11
1463 9
1464 12
1465 6
1466 10
1467 8
1468 11
1469 12
1470 8
1471 13
1472 13
1473 11
1474 18
1475 9
1476 12
1477 8
1478 16
1479 9
1480 10
1481 8
1482 7
1483 8
1484 8
1485 14
1486 7
1487 8
1488 13
1489 7
1490 6
1491 8
1492 7
1493 12
1494 10
1495 10
1496 9
1497 6
1498 4
1499 7
1500 5
1501 4
1502 2
1503 6
1504 7
1505 2
1506 3
1507 5
1508 2
1509 7
1510 2
1511 1
1512 3
1513 2
1514 3
1515 3
1516 3
1517 3
1518 1
1519 1
1520 4
1521 2
1522 2
1523 5
1524 4
1525 1
1527 2
1528 2
1529 3
1530 4
1531 4
1532 3
1533 4
1534 5
1535 2
1536 2
1537 6
1538 2
1539 3
1540 2
1541 2
1542 3
1543 4
1544 2
1545 2
1546 3
1547 2
1549 1
1550 2
1551 1
1555 4
1558 1
1559 3
1560 2
1562 2
1563 2
1564 2
1567 8
1568 7
1569 3
1570 2
1571 3
1572 7
1573 6
1574 4
1575 3
1576 5
1577 6
1578 2
1579 1
1580 3
1581 4
1582 4
1583 4
1584 1
1585 1
1587 4
1588 8
1589 4
1590 3
1591 4
1592 2
1593 2
1594 7
1595 6
1596 6
1597 5
1598 6
1599 5
1600 8
1601 3
1602 3
1603 6
1604 5
1605 2
1606 2
1607 3
1608 6
1609 4
1610 1
1611 2
1613 2
1614 4
1615 5
1616 7
1617 1
1618 6
1619 6
1620 8
1621 6
1622 8
1623 7
1624 13
1625 9
1626 9
1627 12
1628 16
1629 12
1630 11
1631 17
1632 21
1633 11
1634 12
1635 21
1636 13
1637 15
1638 19
1639 17
1640 19
1641 13
1642 13
1643 11
1644 14
1645 14
1646 20
1647 15
1648 23
1649 8
1650 21
1651 20
1652 22
1653 17
1654 14
1655 23
1656 24
1657 25
1658 14
1659 20
1660 19
1661 25
1662 9
1663 33
1664 17
1665 18
1666 23
1667 21
1668 26
1669 27
1670 34
1671 31
1672 21
1673 27
1674 25
1675 33
1676 34
1677 20
1678 41
1679 31
1680 30
1681 20
1682 28
1683 21
1684 25
1685 43
1686 23
1687 46
1688 27
1689 36
1690 24
1691 28
1692 34
1693 37
1694 34
1695 25
1696 31
1697 38
1698 30
1699 33
1700 23
1701 26
1702 26
1703 36
1704 27
1705 39
1706 37
1707 27
1708 34
1709 33
1710 27
1711 33
1712 48
1713 33
1714 25
1715 33
1716 26
1717 29
1718 34
1719 29
1720 33
1721 33
1722 26
1723 30
1724 25
1725 16
1726 30
1727 29
1728 22
1729 21
1730 20
1731 13
1732 19
1733 19
1734 11
1735 12
1736 25
1737 15
1738 22
1739 21
1740 8
1741 8
1742 15
1743 14
1744 14
1745 8
1746 18
1747 12
1748 13
1749 17
1750 23
1751 16
1752 11
1753 11
1754 12
1755 11
1756 14
1757 12
1758 11
1759 13
1760 15
1761 10
1762 7
1763 6
1764 3
1765 7
1766 7
1767 6
1768 6
1769 11
1770 9
1771 11
1772 12
1773 8
1774 12
1775 13
1776 16
1777 7
1778 11
1779 17
1780 12
1781 16
1782 13
1783 11
1784 16
1785 15
1786 11
1787 11
1788 15
1789 21
1790 21
1791 18
1792 17
1793 25
1794 8
1795 17
1796 19
1797 24
1798 18
1799 20
1800 20
1801 18
1802 18
1803 17
1804 13
1805 14
1806 16
1807 27
1808 18
1809 15
1810 21
1811 9
1812 27
1813 16
1814 19
1815 23
1816 25
1817 22
1818 20
1819 15
1820 24
1821 22
1822 33
1823 27
1824 30
1825 31
1826 20
1827 33
1828 23
1829 44
1830 36
1831 42
1832 40
1833 37
1834 46
1835 34
1836 48
1837 47
1838 45
1839 46
1840 44
1841 46
1842 51
1843 52
1844 51
1845 43
1846 39
1847 43
1848 35
1849 41
1850 38
1851 38
1852 37
1853 41
1854 34
1855 30
1856 25
1857 30
1858 29
1859 24
1860 22
1861 28
1862 30
1863 12
1864 29
1865 30
1866 33
1867 14
1868 22
1869 23
1870 22
1871 16
1872 13
1873 17
1874 14
1875 12
1876 18
1877 10
1878 18
1879 14
1880 14
1881 8
1882 8
1883 12
1884 14
1885 13
1886 7
1887 12
1888 15
1889 9
1890 8
1891 8
1892 10
1893 10
1894 10
1895 7
1896 9
1897 11
1898 7
1899 9
1900 5
1901 10
1902 7
1903 4
1904 8
1905 3
1906 4
1907 6
1908 5
1909 2
1910 10
1911 3
1912 6
1913 3
1914 4
1915 5
1916 9
1917 4
1918 1
1919 3
1920 1
1922 1
1923 3
1924 2
1925 8
1926 1
1927 3
1928 4
1929 2
1930 4
1931 2
1932 4
1933 6
1934 3
1935 4
1936 2
1937 1
1939 3
1941 2
1942 1
1943 3
1944 1
1945 1
1946 2
1947 1
1949 3
1950 3
1951 6
1952 2
1953 3
1954 3
1955 1
1956 3
1957 1
1958 2
1960 2
1962 2
1964 1
1968 1
1974 1
1975 1
1980 1
1987 1
1989 1
1990 2
1991 2
1995 1
1996 1
1997 1
1998 1
2000 3
2002 1
2003 1
2005 2
2008 1
2009 3
2010 1
2011 2
2016 2
2017 1
2018 2
2019 2
2020 3
2021 2
2022 4
2023 4
2024 4
2025 4
2026 4
2027 2
2028 5
2029 7
2030 5
2031 2
2032 7
2033 4
2034 6
2035 5
2036 9
2037 4
2038 6
2039 6
2040 5
2041 2
2042 2
2043 6
2044 6
2045 10
2046 6
2047 5
2048 5
2049 11
2050 4
2051 10
2052 9
2053 6
2054 9
2055 9
2056 9
2057 6
2058 12
2059 5
2060 10
2061 9
2062 14
2063 6
2064 8
2065 11
2066 6
2067 10
2068 10
2069 10
2070 6
2071 12
2072 10
2073 12
2074 9
2075 9
2076 11
2077 7
2078 16
2079 17
2080 14
2081 12
2082 16
2083 18
2084 13
2085 21
2086 16
2087 21
2088 15
2089 16
2090 19
2091 26
2092 19
2093 29
2094 36
2095 28
2096 40
2097 26
2098 31
2099 30
2100 32
2101 32
2102 23
2103 32
2104 35
2105 42
2106 30
2107 33
2108 20
2109 35
2110 25
2111 23
2112 30
2113 24
2114 23
2115 28
2116 20
2117 20
2118 23
2119 24
2120 32
2121 20
2122 30
2123 24
2124 19
2125 27
2126 24
2127 18
2128 16
2129 21
2130 15
2131 22
2132 24
2133 26
2134 14
2135 24
2136 17
2137 24
2138 17
2139 15
2140 11
2141 27
2142 13
2143 15
2144 14
2145 9
2146 15
2147 21
2148 21
2149 11
2150 13
2151 25
2152 13
2153 9
2154 7
2155 14
2156 8
2157 15
2158 8
2159 11
2160 6
2161 7
2162 15
2163 7
2164 2
2165 6
2166 9
2167 4
2168 2
2169 4
2170 1
2171 2
2172 6
2173 4
2174 1
2175 1
2176 4
2177 3
2179 3
2183 2
2184 4
2187 2
2189 1
2190 4
2191 2
2192 2
2193 1
2194 1
2195 1
2196 1
2198 1
2199 2
2200 1
2201 1
2202 2
2203 3
2204 1
2205 2
2206 2
2207 3
2208 3
2209 1
2210 1
2211 4
2212 3
2215 1
2216 3
2217 2
2218 3
2219 5
2220 2
2221 1
2222 4
2223 4
2224 2
2225 5
2226 8
2227 6
2228 5
2229 6
2230 7
2231 3
2232 12
2233 13
2234 7
2235 16
2236 7
2237 5
2238 10
2239 11
2240 10
2241 13
2242 10
2243 2
2244 7
2245 7
2246 9
2247 9
2248 8
2249 6
2250 8
2251 9
2252 8
2253 8
2254 8
2255 9
2256 3
2257 8
2258 15
2259 6
2260 8
2261 8
2262 15
2263 12
2264 7
2265 15
2266 13
2267 14
2268 6
2269 11
2270 12
2271 13
2272 10
2273 8
2274 9
2275 7
2276 11
2277 8
2278 12
2279 7
2280 11
2281 8
2282 12
2283 5
2284 15
2285 15
2286 16
2287 5
2288 8
2289 13
2290 9
2291 7
2292 13
2293 12
2294 13
2295 11
2296 9
2297 10
2298 4
2299 10
2300 15
2301 11
2302 10
2303 20
2304 18
2305 12
2306 4
2307 5
2308 16
2309 10
2310 11
2311 8
2312 7
2313 8
2314 14
2315 10
2316 14
2317 8
2318 12
2319 13
2320 10
2321 9
2322 12
2323 8
2324 9
2325 10
2326 8
2327 7
2328 7
2329 8
2330 5
2331 9
2332 11
2333 7
2334 7
2335 2
2336 10
2337 13
2338 8
2339 4
2340 6
2341 5
2342 6
2343 9
2344 6
2345 9
2346 9
2347 11
2348 7
2349 6
2350 4
2351 4
2352 8
2353 7
2354 5
2355 6
2356 5
2357 9
2358 4
2359 3
2360 1
2362 5
2364 4
2365 1
2366 2
2368 2
2369 3
2370 1
2371 4
2372 1
2373 3
2374 5
2375 4
2377 6
2378 1
2379 4
2380 3
2381 4
2382 1
2383 4
2384 3
2385 1
2386 1
2387 3
2388 3
2389 4
2390 3
2392 2
2393 2
2394 2
2395 3
2396 2
2397 4
2398 2
2399 2
2400 2
2401 4
2402 6
2404 2
2405 2
2406 2
2407 1
2409 2
2410 3
2411 2
2412 2
2413 1
2414 1
2415 3
2418 1
2420 2
2423 4
2424 2
2425 3
2426 3
2427 3
2428 2
2429 1
2430 1
2431 7
2432 6
2433 2
2434 3
2435 7
2436 9
2437 5
2438 10
2439 6
2440 4
2441 6
2442 9
2443 9
2444 11
2445 4
2446 6
2447 5
2448 4
2449 11
2450 7
2451 10
2452 11
2453 11
2454 8
2455 9
2456 8
2457 6
2458 9
2459 7
2460 10
2461 12
2462 9
2463 13
2464 6
2465 8
2466 12
2467 7
2468 8
2469 11
2470 7
2471 9
2472 8
2473 9
2474 4
2475 8
2476 11
2477 10
2478 2
2479 8
2480 9
2481 5
2482 8
2483 6
2484 16
2485 8
2486 12
2487 5
2488 16
2489 10
2490 10
2491 17
2492 16
2493 7
2494 8
2495 14
2496 6
2497 7
2498 9
2499 9
2500 12
2501 5
2502 7
2503 10
2504 6
2505 8
2506 9
2507 11
2508 14
2509 10
2510 5
2511 14
2512 11
2513 10
2514 14
2515 12
2516 13
2517 16
2518 17
2519 23
2520 25
2521 10
2522 18
2523 18
2524 17
2525 18
2526 22
2527 20
2528 14
2529 15
2530 21
2531 18
2532 16
2533 21
2534 19
2535 11
2536 19
2537 15
2538 15
2539 22
2540 23
2541 28
2542 15
2543 16
2544 22
2545 16
2546 16
2547 21
2548 15
2549 21
2550 21
2551 8
2552 7
2553 23
2554 23
2555 18
2556 19
2557 22
2558 19
2559 20
2560 16
2561 19
2562 18
2563 18
2564 13
2565 19
2566 15
2567 21
2568 14
2569 11
2570 14
2571 14
2572 8
2573 14
2574 22
2575 11
2576 11
2577 7
2578 17
2579 17
2580 7
2581 14
2582 12
2583 12
2584 8
2585 5
2586 5
2587 2
2588 6
2589 8
2590 6
2591 17
2592 10
2593 13
2594 7
2595 9
2596 10
2597 11
2598 7
2599 1
2600 10
2601 10
2602 6
2603 12
2604 3
2605 4
2606 6
2607 3
2608 3
2609 5
2610 4
2611 2
2612 6
2613 2
2614 1
2615 4
2616 2
2617 3
2618 1
2619 2
2620 4
2621 3
2622 4
2623 3
2624 1
2625 2
2627 1
2628 3
2629 1
2631 2
2632 5
2634 2
2635 1
2636 3
2640 1
2641 2
2642 2
2643 2
2644 5
2645 3
2646 2
2647 1
2648 7
2649 4
2650 7
2651 3
2652 2
2653 2
2654 2
2655 7
2656 3
2657 5
2658 2
2659 4
2660 6
2661 1
2662 3
2663 4
2666 2
2668 3
2669 2
2670 2
2671 3
2672 1
2674 2
2675 1
2676 2
2677 1
2678 1
2679 2
2680 2
2681 1
2682 3
2683 2
2684 1
2685 1
2686 3
2687 4
2688 1
2689 9
2690 2
2691 7
2692 3
2693 2
2694 4
2695 3
2696 1
2697 1
2698 2
2699 2
2700 4
2701 3
2702 2
2703 1
2704 2
2705 2
2706 1
2712 2
2716 2
2717 1
2718 3
2719 1
2720 2
2721 3
2722 4
2723 2
2724 1
2725 2
2726 3
2727 2
2728 2
2729 1
2730 2
2731 1
2738 1
2739 4
2740 2
2743 3
2748 1
2749 1
2750 4
2751 2
2752 2
2754 2
2755 2
2756 3
2757 3
2759 2
2760 3
2761 2
2762 1
2763 2
2764 4
2765 3
2766 1
2767 1
2768 2
2769 3
2770 4
2771 1
2772 2
2773 3
2774 2
2775 2
2776 2
2777 1
2778 1
2779 5
2780 2
2781 3
2782 3
2783 4
2784 2
2785 1
2786 1
2787 1
2788 1
2789 1
2790 4
2793 1
2795 1
2796 1
2797 2
2798 3
2799 1
2801 2
2802 2
2803 1
2804 2
2805 1
2806 1
2807 2
2808 2
2809 2
2812 2
2813 2
2818 1
2821 2
2824 1
2826 1
2827 3
2829 3
2831 2
2835 3
2837 1
2838 1
2841 1
2842 2
2843 1
2844 1
2845 1
2849 2
2850 2
2851 1
2852 1
2853 2
2855 3
2856 1
2857 2
2859 2
2860 3
2861 1
2865 2
2866 1
2868 2
2869 2
2870 1
2874 1
2875 1
2876 2
2879 2
2880 1
2881 2
2882 1
2885 3
2886 3
2887 4
2888 2
2889 2
2890 1
2891 4
2892 1
2893 3
2894 3
2896 1
2899 2
2900 2
2901 1
2904 1
2905 1
2911 2
2912 1
2913 2
2917 2
2919 5
2920 4
2921 1
2922 2
2923 3
2924 1
2925 1
2926 2
2928 1
2929 1
2930 2
2931 2
2932 8
2933 1
2934 1
2935 4
2936 2
2937 2
2938 4
2939 9
2940 5
2941 5
2942 3
2943 2
2944 1
2945 2
2946 2
2947 2
2948 2
2949 3
2950 4
2951 1
2952 4
2953 5
2954 4
2955 1
2956 5
2957 4
2958 2
2959 1
2960 3
2961 3
2962 2
2963 4
2964 3
2965 1
2966 2
2967 5
2968 1
2969 4
2970 2
2971 2
2972 3
2973 1
2974 4
2975 1
2977 1
2978 2
2979 7
2980 5
2981 2
2982 3
2983 3
2984 3
2985 5
2986 3
2988 5
2989 1
2990 4
2991 1
2992 3
2993 2
2994 4
2995 3
2996 1
2997 2
2998 1
2999 2
3002 2
3003 1
3004 2
3006 1
3008 1
3009 4
3011 1
3012 1
3013 1
3014 3
3018 2
3022 1
3025 1
3027 1
3028 1
3030 1
3031 1
3032 2
3034 1
3035 1
3038 1
3047 1
3053 2
3055 1
3063 1
3073 1
3075 2
3079 1
3102 1
3104 1
3113 1
3155 1
3165 1
3179 1
3180 1
3188 1
3208 1
3212 1
3217 1
3231 1
3235 1
3241 1
3250 1
3277 1
3281 1
3287 1
3290 1
3291 2
3292 1
3296 1
3297 2
3301 2
3303 1
3304 1
3306 1
3307 1
3308 1
3309 2
3310 2
3311 4
3312 1
3314 3
3315 1
3317 1
3318 2
3321 1
3322 2
3323 2
3324 2
3326 2
3330 1
3331 1
3332 2
3333 2
3334 3
3335 2
3336 1
3337 2
3338 3
3339 2
3340 1
3341 2
3343 1
3344 1
3345 1
3346 3
3347 5
3349 1
3350 1
3351 1
3352 6
3353 2
3354 1
3355 2
3357 1
3358 1
3359 2
3361 1
3363 2
3364 4
3365 1
3366 1
3367 2
3368 2
3369 1
3370 1
3372 2
3375 1
3377 1
3378 1
3380 1
3384 1
3387 1
3388 2
3393 3
3394 2
3395 1
3397 1
3398 2
3400 2
3402 3
3404 1
3406 1
3407 3
3408 1
3409 1
3411 4
3412 1
3413 2
3414 3
3415 2
3416 4
3418 3
3419 1
3420 5
3421 2
3423 3
3424 2
3427 2
3428 2
3429 1
3430 2
3431 4
3433 1
3434 3
3435 1
3437 1
3438 1
3440 1
3441 2
3442 3
3446 1
3447 1
3448 1
3451 2
3452 2
3453 2
3454 2
3455 1
3456 1
3457 6
3458 4
3459 2
3460 1
3462 1
3463 1
3464 1
3465 1
3466 2
3468 2
3480 1
3488 1
3494 1
3496 1
3498 1
3506 1
3517 1
3518 1
3527 1
3530 1
3538 1
3539 1
3542 1
3543 1
3545 1
3549 2
3551 1
3555 1
3558 1
3559 1
3563 1
3567 1
3573 1
3581 2
3588 1
3590 1
3592 1
3605 1
3617 1
3625 1
3635 1
3638 2
3639 1
3642 2
3643 1
3644 1
3649 1
3651 1
3652 1
3653 1
3654 1
3657 2
3658 1
3659 1
3663 1
3664 1
3667 1
3668 1
3669 1
3673 1
3674 1
3675 1
3676 1
3677 1
3682 1
3688 1
3693 2
3695 2
3701 2
3702 1
3704 3
3706 1
3707 1
3709 1
3710 3
3712 1
3713 3
3714 1
3715 1
3716 1
3719 3
3720 1
3721 3
3723 2
3737 1
3741 1
3742 1
3743 1
3744 2
3756 4
3758 3
3760 1
3762 1
3763 1
3764 1
3765 4
3766 1
3767 3
3768 3
3770 2
3771 2
3773 2
3777 1
3778 1
3779 1
3780 2
3781 1
3782 1
3783 1
3784 1
3786 1
3787 1
3788 1
3789 1
3790 1
3791 1
3792 1
3794 1
3796 2
3799 1
3802 1
3805 2
3806 1
3807 2
3808 1
3809 1
3810 4
3811 2
3812 1
3814 1
3815 1
3816 1
3817 1
3819 2
3820 1
3823 1
3826 1
3833 1
3835 1
3836 1
3838 1
3839 2
3841 2
3842 4
3844 1
3848 1
3851 1
3852 3
3858 1
3859 1
3861 3
3863 1
3864 2
3865 1
3866 2
3868 1
3869 1
3870 1
3872 2
3873 2
3874 3
3876 1
3878 2
3879 1
3882 1
3883 2
3885 2
3887 2
3894 1
3895 1
3896 1
3897 1
3901 1
3902 1
3903 1
3906 1
3909 1
3912 1
3918 1
3959 1
3983 1
4030 1
4032 1
4036 1
4038 2
4043 1
4044 1
4046 1
4051 1
4052 2
4053 1
4056 1
4057 1
4058 1
4062 1
4063 1
4064 1
4065 1
4067 1
4068 1
4069 1
4070 1
4071 1
4072 2
4073 2
4074 2
4075 1
4076 1
4077 2
4082 1
4086 3
4087 1
4089 1
4091 1
4092 1
4096 1
4097 2
4098 1
4101 1
4102 1
4104 1
4105 4
4106 1
4107 2
4108 2
4110 2
4111 2
4112 4
4113 2
4114 1
4115 3
4116 5
4118 2
4120 2
4124 1
4126 1
4128 1
4129 1
4130 1
4131 1
4132 3
4133 3
4134 1
4135 1
4136 2
4138 2
4139 2
4140 3
4143 1
4145 1
4146 1
4147 1
4148 1
4149 2
4150 2
4151 1
4152 1
4153 1
4155 1
4158 1
4159 1
4164 1
4165 1
4172 1
4173 1
4174 1
4178 1
4182 1
4184 1
4191 1
4192 1
4193 1
4194 3
4196 2
4203 1
4204 2
4205 1
4208 3
4210 1
4212 2
4216 2
4217 2
4218 1
4219 2
4220 1
4221 1
4222 1
4223 2
4224 2
4226 2
4227 3
4228 5
4229 3
4230 1
4231 1
4232 1
4234 2
4235 4
4236 2
4237 3
4238 2
4240 2
4241 1
4242 1
4243 1
4244 1
4245 2
4246 1
4247 4
4248 1
4249 2
4250 2
4252 2
4255 1
4256 1
4260 2
4262 1
4263 1
4264 1
4265 2
4266 2
4267 2
4268 2
4269 4
4270 1
4271 1
4272 1
4274 1
4276 2
4277 2
4278 2
4281 1
4282 2
4285 3
4286 1
4287 3
4288 2
4289 1
4290 1
4292 1
4293 1
4294 1
4296 1
4299 1
4300 2
4301 2
4303 3
4304 4
4305 1
4306 1
4307 1
4308 1
4309 1
4310 1
4311 1
4313 2
4314 1
4315 2
4316 1
4318 1
4319 2
4320 1
4324 4
4328 1
4329 2
4330 1
4331 2
4335 2
4340 1
4345 1
4352 1
4366 1
4400 1
4446 1
4472 1
4473 1
4474 2
4481 1
4485 1
4486 1
4488 1
4490 1
4492 1
4495 1
4498 1
4500 1
4501 1
4502 1
4503 1
4504 3
4506 3
4507 1
4509 1
4510 2
4511 4
4512 3
4513 2
4514 1
4516 1
4517 5
4518 1
4519 1
4520 2
4521 1
4522 1
4524 2
4525 3
4526 1
4529 1
4530 1
4531 1
4532 4
4535 2
4536 3
4537 3
4538 4
4540 1
4542 2
4543 1
4544 2
4545 1
4546 1
4548 1
4549 1
4551 3
4552 1
4553 2
4554 2
4556 2
4558 1
4559 5
4560 1
4561 2
4562 2
4563 3
4564 1
4565 4
4566 4
4567 2
4568 4
4569 3
4570 1
4571 1
4572 1
4573 2
4574 2
4576 2
4577 2
4578 1
4579 2
4580 1
4582 2
4584 2
4585 1
4586 1
4587 1
4588 2
4590 1
4591 3
4593 2
4594 2
4596 3
4597 2
4598 1
4600 1
4601 1
4603 3
4604 1
4605 1
4606 1
4607 1
4608 1
4609 1
4610 2
4611 1
4612 2
4613 2
4615 1
4616 1
4618 2
4619 2
4621 1
4622 1
4623 1
4626 1
4628 3
4629 1
4630 1
4631 4
4632 2
4633 1
4634 2
4635 2
4637 2
4638 2
4639 2
4640 4
4641 1
4642 2
4643 1
4644 1
4645 2
4646 2
4647 2
4648 1
4649 1
4650 3
4651 3
4652 2
4653 3
4654 1
4655 3
4656 2
4657 1
4658 2
4659 1
4660 4
4661 2
4662 4
4663 3
4664 3
4665 4
4666 1
4667 4
4668 4
4669 7
4670 4
4671 4
4672 4
4673 2
4674 7
4675 6
4676 3
4677 4
4678 4
4679 5
4680 1
4682 1
4683 2
4684 5
4685 7
4686 3
4687 4
4688 1
4689 9
4690 4
4691 3
4692 6
4694 1
4695 3
4696 2
4697 2
4698 3
4699 3
4700 4
4701 4
4702 2
4703 2
4704 2
4705 2
4706 2
4707 2
4708 6
4709 2
4710 3
4711 3
4712 3
4713 3
4714 3
4715 3
4716 2
4717 1
4718 3
4719 1
4720 2
4721 2
4722 3
4724 2
4725 2
4726 2
4727 3
4728 3
4729 1
4731 2
4732 3
4733 1
4734 2
4736 1
4737 4
4738 1
4739 1
4740 1
4742 1
4744 3
4745 2
4746 2
4747 2
4748 1
4751 1
4752 4
4753 3
4755 1
4756 1
4759 2
4760 1
4762 1
4763 1
4764 2
4766 1
4768 2
4771 1
4772 2
4777 1
4780 1
4816 1
4819 1
4831 1
4832 1
4836 1
4838 1
4843 1
4873 1
4884 1
4888 1
4889 1
4892 1
4893 1
4894 1
4895 1
4896 1
4897 1
4903 1
4904 1
4907 1
4908 1
4909 2
4912 3
4917 2
4918 2
4919 1
4920 1
4921 2
4922 2
4927 1
4929 1
4934 1
4935 1
4936 1
4937 3
4938 2
4939 1
4940 2
4945 1
4950 3
4954 1
4955 1
4956 2
4958 2
4962 1
4963 1
4967 1
4968 1
4969 3
4971 1
4973 1
4977 3
4978 1
4981 2
4982 1
4983 1
4985 1
4987 3
4988 1
4989 1
4991 1
4992 1
4994 1
4995 1
4996 1
4997 3
4998 3
4999 1
5001 3
5002 2
5003 1
5004 2
5005 2
5006 3
5007 1
5008 1
5009 1
5010 2
5011 1
5012 1
5013 1
5014 1
5015 1
5016 1
5017 1
5018 1
5020 6
5021 1
5022 1
5025 2
5026 1
5027 1
5028 2
5034 1
5035 1
5036 2
5037 1
5038 1
5039 1
5040 2
5042 2
5045 1
5046 1
5048 2
5049 1
5052 1
5053 1
5054 1
5055 1
5056 1
5058 3
5060 1
5063 1
5064 1
5066 2
5068 1
5069 1
5072 3
5073 1
5074 1
5075 1
5078 1
5079 2
5080 3
5081 1
5082 1
5085 2
5086 1
5088 2
5091 1
5092 3
5093 1
5095 1
5096 2
5097 2
5098 1
5099 1
5101 1
5103 1
5106 1
5107 3
5112 2
5115 1
5116 2
5118 1
5121 2
5124 2
5126 1
5128 2
5129 1
5132 1
5133 2
5134 2
5136 2
5137 3
5138 2
5141 1
5144 3
5147 1
5149 1
5151 1
5152 1
5153 1
5154 1
5155 1
5156 1
5157 1
5161 2
5164 1
5167 1
5169 2
5171 1
5173 1
5174 1
5175 2
5176 1
5179 4
5181 3
5189 1
5192 1
5195 1
5196 1
5205 1
5231 1
5270 1
5289 1
5301 1
5302 1
5305 1
5306 1
5311 1
5329 1
5331 1
5334 1
5335 3
5336 1
5338 1
5340 3
5341 1
5343 2
5347 1
5349 1
5350 3
5351 1
5353 1
5355 1
5356 1
5358 1
5362 1
5365 2
5367 3
5368 1
5371 1
5372 1
5374 1
5375 1
5376 1
5378 3
5380 2
5381 1
5382 1
5383 1
5384 1
5385 1
5386 1
5387 3
5390 3
5391 1
5392 1
5393 1
5395 1
5396 1
5398 1
5399 1
5401 1
5404 2
5405 1
5406 1
5407 3
5408 2
5409 3
5410 1
5411 2
5412 2
5413 1
5414 1
5417 3
5419 1
5420 2
5421 2
5422 3
5423 1
5424 3
5426 2
5430 1
5431 1
5432 3
5434 1
5435 1
5436 1
5437 1
5439 1
5440 4
5441 3
5442 1
5443 2
5444 2
5446 1
5447 3
5449 2
5450 2
5452 1
5453 1
5454 2
5455 4
5456 1
5457 3
5458 1
5460 1
5461 5
5465 2
5471 2
5473 1
5474 1
5475 1
5479 2
5481 1
5482 1
5483 3
5484 3
5485 2
5486 1
5487 1
5488 3
5489 1
5490 1
5492 1
5495 3
5496 3
5497 2
5498 2
5500 1
5501 1
5502 1
5503 2
5504 3
5505 6
5506 2
5507 2
5508 1
5509 3
5510 1
5511 2
5512 1
5513 1
5514 2
5515 1
5518 4
5519 4
5520 3
5521 2
5523 2
5524 2
5525 1
5526 3
5531 2
5532 1
5533 2
5535 3
5536 5
5537 1
5538 2
5540 3
5542 1
5544 1
5545 2
5546 2
5548 1
5550 1
5551 2
5552 4
5554 2
5558 2
5559 1
5560 1
5561 2
5562 1
5563 1
5564 1
5566 1
5568 2
5570 1
5571 1
5572 1
5576 1
5577 1
5578 2
5579 2
5582 1
5584 1
5585 1
5587 1
5588 2
5590 2
5591 1
5592 1
5594 1
5595 1
5596 1
5597 2
5598 1
5599 1
5600 1
5602 1
5604 3
5605 1
5606 1
5607 3
5610 1
5612 1
5614 1
5615 1
5620 1
5627 1
5631 1
5669 1
5685 1
5688 1
5692 1
5698 1
5703 1
5704 1
5707 2
5709 1
5713 1
5714 1
5715 2
5718 1
5720 3
5721 1
5722 3
5724 1
5725 1
5726 1
5727 1
5728 3
5730 2
5732 4
5733 1
5734 4
5735 2
5736 2
5737 1
5738 1
5739 1
5740 2
5741 1
5742 1
5743 3
5744 2
5745 2
5746 1
5747 3
5748 1
5749 2
5750 1
5751 2
5752 1
5754 2
5755 2
5756 3
5757 1
5758 1
5762 2
5763 1
5767 2
5768 1
5770 1
5773 1
5774 1
5781 1
5789 1
5792 1
5795 1
5796 1
5799 1
5800 1
5812 1
5832 1
5836 1
5841 2
5843 1
5844 1
5845 1
5846 1
5848 1
5854 1
5856 2
5862 1
5865 2
5866 1
5867 1
5868 1
5870 2
5872 1
5874 1
5876 1
5877 1
5878 1
5879 3
5880 1
5881 1
5882 1
5886 1
5887 1
5888 2
5890 1
5891 2
5894 1
5896 1
5898 2
5901 1
5903 1
5906 2
5907 1
5914 2
5915 1
5921 1
5923 1
5926 1
5927 1
5929 1
5930 1
5932 1
5933 2
5934 1
5936 1
5937 1
5943 1
5944 1
5946 1
5950 1
5951 2
5953 1
5960 1
5963 1
5964 1
5965 1
5967 1
5968 1
5970 1
5972 1
5973 1
5974 2
5978 1
5980 1
5983 2
5985 1
5986 1
5987 1
5989 1
5990 1
5994 1
5997 1
6000 1
6003 2
6010 1
6015 1
6018 1
6019 1
6031 1
6035 1
6037 1
6039 2
6040 1
6041 2
6042 1
6045 1
6047 1
6050 2
6055 1
6056 2
6057 2
6061 3
6062 2
6066 1
6067 1
6071 2
6073 1
6074 1
6079 1
6087 1
6095 1
6139 1
6141 1
6145 2
6148 1
6149 1
6150 1
6151 1
6155 1
6159 1
6160 1
6161 1
6162 1
6163 1
6164 1
6165 1
6166 4
6167 1
6168 3
6170 1
6173 1
6175 2
6176 1
6177 3
6178 1
6179 1
6180 1
6181 3
6183 1
6184 1
6185 2
6187 2
6188 2
6189 1
6190 1
6191 5
6192 1
6193 2
6194 2
6195 3
6198 1
6199 1
6203 1
6204 2
6205 3
6206 1
6207 2
6208 1
6209 3
6210 3
6211 1
6212 1
6213 2
6214 2
6217 1
6220 1
6225 1
6227 1
6230 1
6231 2
6232 1
6233 1
6235 1
6239 1
6240 1
6241 1
6243 1
6244 1
6246 1
6247 1
6253 2
6254 2
6255 1
6256 3
6258 1
6260 1
6261 1
6262 1
6263 2
6266 3
6267 2
6268 1
6269 3
6270 2
6271 1
6272 4
6273 1
6274 2
6275 3
6276 1
6278 1
6279 1
6282 1
6284 2
6285 1
6287 1
6288 1
6290 3
6293 2
6294 1
6295 1
6297 1
6300 2
6301 4
6303 1
6304 2
6305 1
6306 1
6308 4
6309 3
6310 1
6312 2
6313 1
6314 2
6316 2
6317 10
6319 2
6320 1
6322 1
6324 2
6325 2
6326 4
6327 5
6328 1
6329 4
6330 2
6331 2
6332 4
6333 2
6334 2
6335 1
6336 4
6337 1
6338 1
6339 3
6340 1
6341 4
6342 2
6343 1
6344 3
6345 2
6346 1
6347 1
6348 1
6349 2
6350 2
6351 3
6352 3
6353 2
6355 4
6356 1
6357 1
6358 4
6359 1
6360 1
6362 1
6364 1
6365 3
6367 1
6368 3
6369 1
6370 1
6371 2
6377 1
6380 1
6382 1
6383 2
6387 1
6388 1
6389 1
6390 1
6395 2
6396 1
6399 3
6403 1
6406 2
6407 2
6408 2
6409 2
6410 3
6412 2
6413 3
6414 1
6415 2
6416 1
6417 1
6420 1
6422 2
6424 3
6425 2
6427 3
6428 1
6429 1
6431 1
6432 2
6433 1
6434 1
6435 1
6436 1
6437 1
6439 1
6440 2
6447 1
6453 4
6454 1
6458 1
6459 1
6461 1
6463 2
6465 1
6468 1
6470 1
6471 1
6472 1
6475 1
6476 1
6480 1
6484 1
6489 1
6493 1
6494 1
6496 1
6497 1
6498 1
6501 1
6504 3
6507 1
6509 1
6511 1
6512 1
6518 2
6519 1
6520 1
6521 1
6522 1
6524 1
6525 1
6526 1
6527 1
6532 1
6535 2
6538 1
6542 1
6544 1
6550 1
6551 1
6554 1
6626 1
6630 1
6674 1
6675 1
6677 1
6679 1
6684 1
6685 1
6687 1
6689 1
6692 1
6694 3
6696 1
6698 2
6702 1
6704 1
6706 1
6711 2
6712 1
6716 1
6718 1
6720 2
6726 1
6731 1
6735 1
6737 1
6740 1
6742 2
6743 1
6746 2
6748 1
6749 2
6750 1
6751 1
6752 2
6757 2
6760 1
6761 2
6762 1
6766 1
6767 2
6770 1
6771 1
6774 1
6782 1
6791 2
6794 2
6795 1
6796 2
6799 2
6800 1
6801 3
6802 2
6803 1
6804 2
6808 1
6809 2
6810 3
6811 2
6812 3
6813 1
6814 1
6815 1
6817 2
6818 1
6819 5
6821 1
6823 1
6825 2
6827 3
6829 1
6835 1
6836 1
6837 1
6838 1
6840 1
6842 1
6846 1
6855 1
6868 1
6876 1
6881 2
6887 1
6892 1
6893 1
6899 1
6903 1
6904 1
6908 1
6912 1
6914 1
6927 1
6931 1
7006 1
7036 1
7041 1
7050 1
7064 1
7065 1
7097 1
7101 1
7102 1
7103 1
7108 1
7110 1
7112 1
7115 1
7116 1
7117 1
7120 1
7122 1
7129 1
7133 1
7134 1
7137 1
7139 1
7140 1
7141 1
7143 1
7148 1
7149 2
7159 1
7162 1
7163 1
7165 1
7167 1
7168 1
7171 1
7189 1
7192 1
7195 1
7197 1
7198 1
7200 1
7201 1
7203 1
7210 1
7211 2
7212 2
7213 4
7218 1
7219 1
7221 1
7222 1
7223 1
7224 1
7225 2
7229 2
7231 1
7232 2
7233 4
7234 5
7235 3
7236 2
7237 3
7238 1
7239 4
7240 2
7241 3
7242 1
7243 1
7244 2
7245 1
7246 3
7247 3
7248 5
7249 2
7252 1
7253 1
7254 1
7257 1
7261 1
7262 2
7264 1
7266 1
7268 1
7270 1
7272 1
7273 1
7277 1
7278 2
7280 4
7282 4
7283 1
7284 3
7286 1
7287 2
7288 3
7289 3
7290 4
7291 3
7293 4
7296 2
7297 1
7299 2
7300 2
7301 4
7304 2
7305 2
7307 3
7308 2
7309 3
7310 2
7314 1
7315 3
7318 1
7319 1
7320 1
7325 2
7326 2
7329 1
7331 1
7333 2
7336 1
7341 1
7347 1
7349 1
7350 2
7351 1
7353 1
7362 1
7363 1
7370 1
7376 1
7378 1
7382 1
7386 1
7388 1
7389 1
7394 1
7397 1
7404 1
7408 1
7452 1
7591 1
7597 1
7600 1
7601 1
7603 1
7604 2
7608 1
7609 1
7615 2
7617 1
7621 2
7623 1
7624 1
7625 1
7629 2
7630 1
7632 1
7633 1
7634 1
7635 6
7637 1
7638 1
7639 1
7640 1
7641 1
7644 1
7646 3
7647 1
7648 2
7649 1
7650 1
7651 2
7652 1
7653 2
7654 4
7655 1
7657 1
7658 2
7660 1
7662 1
7663 1
7664 1
7666 1
7667 4
7668 4
7669 2
7670 2
7671 2
7672 3
7674 2
7679 1
7683 3
7686 2
7687 1
7688 1
7695 2
7696 1
7697 1
7705 1
7707 1
7713 1
7724 1
7738 1
7753 2
7756 1
7758 3
7759 1
7768 1
7770 1
7773 2
7776 1
7777 1
7778 1
7781 1
7787 1
7788 1
7790 1
7792 2
7793 1
7798 1
7804 1
7842 1
7866 1
7874 1
7897 1
7905 1
8569 1
8574 1
8671 1
9025 1
9041 1
9064 1
9541 1
9650 1
9691 1
10001 79
