1 24764925
2 9684951
3 4586473
4 2488822
5 1571318
6 1106518
7 892597
8 835321
9 859087
10 910386
11 952652
12 951807
13 898481
14 800443
15 668825
16 530754
17 402560
18 288567
19 201218
20 135137
21 89664
22 58944
23 40333
24 27343
25 19201
26 13700
27 10195
28 7783
29 5947
30 4558
31 3568
32 2847
33 2340
34 2040
35 1771
36 1624
37 1468
38 1396
39 1279
40 1216
41 1188
42 1093
43 1055
44 1013
45 956
46 950
47 971
48 869
49 751
50 666
51 708
52 680
53 748
54 774
55 686
56 687
57 731
58 762
59 802
60 939
61 1134
62 1360
63 1855
64 2433
65 3059
66 4300
67 5483
68 7154
69 9200
70 11846
71 15080
72 18486
73 22495
74 26956
75 31887
76 37631
77 44122
78 49731
79 56667
80 62964
81 69151
82 75240
83 80586
84 85027
85 88322
86 91150
87 93066
88 93452
89 93685
90 92586
91 90470
92 85981
93 82879
94 78377
95 73929
96 68608
97 62782
98 56924
99 51424
100 45641
101 40522
102 35556
103 30723
104 26852
105 22851
106 19139
107 15860
108 13287
109 10593
110 8867
111 7037
112 5407
113 4340
114 3387
115 2500
116 1975
117 1378
118 1102
119 797
120 629
121 443
122 314
123 294
124 211
125 163
126 156
127 156
128 94
129 80
130 60
131 63
132 43
133 37
134 27
135 28
136 36
137 29
138 31
139 28
140 37
141 38
142 34
143 36
144 42
145 37
146 31
147 35
148 47
149 51
150 35
151 36
152 23
153 40
154 38
155 45
156 39
157 53
158 56
159 63
160 47
161 59
162 68
163 78
164 106
165 107
166 98
167 123
168 97
169 127
170 133
171 125
172 160
173 157
174 164
175 157
176 163
177 157
178 166
179 190
180 168
181 179
182 182
183 163
184 131
185 142
186 130
187 122
188 113
189 129
190 116
191 109
192 91
193 114
194 87
195 78
196 58
197 69
198 58
199 41
200 45
201 53
202 33
203 35
204 24
205 28
206 19
207 14
208 20
209 15
210 15
211 13
212 15
213 21
214 5
215 6
216 10
217 7
218 7
219 3
220 10
221 5
222 9
223 8
224 12
225 7
226 6
227 11
228 8
229 4
230 7
231 8
232 15
233 7
234 8
235 12
236 12
237 9
238 12
239 10
240 13
241 5
242 14
243 4
244 5
245 6
246 12
247 9
248 10
249 8
250 13
251 13
252 14
253 12
254 7
255 8
256 14
257 12
258 19
259 18
260 15
261 15
262 9
263 12
264 9
265 9
266 4
267 8
268 4
269 10
270 8
271 6
272 6
273 6
274 4
275 7
276 4
277 5
278 7
279 3
280 5
281 4
282 3
283 2
284 3
285 6
286 3
287 4
288 6
289 5
290 2
291 7
292 4
293 2
294 2
295 4
296 4
297 3
298 6
299 3
300 6
301 3
302 2
304 2
305 2
306 2
307 1
308 4
309 5
310 2
311 1
312 2
314 2
315 2
316 3
317 2
318 2
320 1
321 2
322 1
324 2
325 3
326 5
327 4
328 3
329 2
330 3
331 3
332 4
333 3
334 3
335 6
336 4
337 4
338 5
339 5
340 6
341 7
342 3
343 3
344 2
345 1
346 3
350 1
351 1
352 2
354 1
355 3
357 2
359 2
360 1
361 2
363 2
364 2
365 1
367 1
369 1
370 1
393 2
395 1
397 1
398 3
402 1
404 1
405 1
408 1
409 3
416 3
417 1
418 1
420 3
421 2
422 1
423 2
424 2
425 1
426 1
427 2
429 1
435 1
439 1
441 1
442 1
458 2
459 1
460 1
461 1
463 2
464 1
468 1
470 1
471 1
494 2
500 1
502 1
503 1
504 1
505 3
506 3
507 1
508 1
509 4
518 1
521 1
544 1
552 1
568 1
570 1
571 1
573 1
574 2
597 1
621 1
641 1
643 1
647 1
694 1
705 1
732 1
778 1
787 1
928 1
929 1
1077 1
1081 1
1082 1
1083 2
1087 1
1088 1
1091 1
1093 1
1094 1
