1 13820690
2 5768390
3 4308661
4 3429418
5 2639062
6 2016741
7 1595728
8 1338240
9 1171506
10 1031422
11 893151
12 744821
13 596163
14 454784
15 330037
16 230118
17 155977
18 100003
19 61689
20 37709
21 22998
22 14188
23 8773
24 5918
25 4309
26 3106
27 2611
28 2359
29 2145
30 2070
31 1802
32 1599
33 1410
34 1347
35 1360
36 1396
37 1458
38 1632
39 1845
40 2171
41 2993
42 4134
43 5675
44 7738
45 10281
46 14538
47 19713
48 26108
49 34311
50 44295
51 56018
52 68955
53 83740
54 100322
55 118478
56 137583
57 158039
58 176967
59 196845
60 213844
61 230098
62 243569
63 254682
64 262394
65 267086
66 267555
67 264468
68 257834
69 249438
70 236792
71 223663
72 206637
73 190736
74 171727
75 153200
76 135050
77 118500
78 102142
79 87222
80 73277
81 61513
82 51171
83 41196
84 33231
85 26519
86 20871
87 16422
88 12822
89 9772
90 7611
91 5724
92 4136
93 2986
94 2107
95 1611
96 1109
97 878
98 635
99 481
100 388
101 298
102 242
103 223
104 238
105 215
106 218
107 226
108 246
109 280
110 304
111 307
112 380
113 357
114 480
115 541
116 547
117 629
118 628
119 697
120 725
121 805
122 801
123 822
124 940
125 916
126 983
127 1042
128 963
129 1072
130 1047
131 1034
132 1023
133 980
134 996
135 914
136 923
137 867
138 797
139 783
140 852
141 770
142 742
143 700
144 665
145 677
146 665
147 569
148 488
149 491
150 464
151 386
152 403
153 361
154 330
155 253
156 230
157 194
158 168
159 141
160 150
161 141
162 128
163 137
164 121
165 136
166 138
167 122
168 146
169 169
170 160
171 177
172 220
173 209
174 213
175 223
176 257
177 262
178 260
179 276
180 271
181 284
182 263
183 268
184 297
185 306
186 326
187 375
188 355
189 357
190 414
191 410
192 362
193 366
194 374
195 348
196 301
197 314
198 325
199 320
200 287
201 261
202 244
203 222
204 227
205 229
206 240
207 204
208 209
209 161
210 143
211 136
212 107
213 121
214 104
215 109
216 107
217 95
218 108
219 88
220 89
221 61
222 91
223 65
224 75
225 60
226 73
227 71
228 66
229 68
230 78
231 65
232 76
233 69
234 65
235 75
236 99
237 85
238 99
239 96
240 112
241 135
242 110
243 121
244 97
245 94
246 103
247 100
248 91
249 103
250 96
251 102
252 116
253 114
254 123
255 125
256 127
257 153
258 145
259 144
260 154
261 133
262 142
263 137
264 129
265 155
266 131
267 128
268 106
269 101
270 103
271 97
272 101
273 109
274 104
275 106
276 87
277 74
278 80
279 72
280 77
281 82
282 86
283 80
284 74
285 85
286 72
287 77
288 76
289 64
290 67
291 56
292 62
293 72
294 46
295 62
296 78
297 69
298 57
299 70
300 44
301 61
302 51
303 67
304 56
305 66
306 72
307 68
308 69
309 69
310 65
311 76
312 50
313 67
314 59
315 61
316 68
317 46
318 51
319 54
320 50
321 52
322 54
323 63
324 47
325 53
326 63
327 60
328 65
329 70
330 77
331 50
332 67
333 71
334 77
335 60
336 56
337 68
338 64
339 79
340 62
341 62
342 55
343 48
344 55
345 51
346 50
347 50
348 60
349 44
350 61
351 49
352 53
353 47
354 48
355 59
356 59
357 62
358 60
359 58
360 55
361 63
362 56
363 75
364 55
365 66
366 60
367 46
368 52
369 50
370 59
371 56
372 62
373 62
374 53
375 48
376 54
377 50
378 39
379 50
380 47
381 35
382 52
383 34
384 35
385 34
386 42
387 34
388 41
389 51
390 43
391 41
392 27
393 37
394 42
395 28
396 37
397 36
398 33
399 29
400 23
401 29
402 22
403 18
404 20
405 10
406 12
407 20
408 11
409 13
410 20
411 18
412 19
413 16
414 8
415 13
416 18
417 18
418 21
419 18
420 19
421 12
422 19
423 19
424 11
425 11
426 7
427 8
428 4
429 9
430 4
431 11
432 6
433 12
434 6
435 7
436 7
437 11
438 12
439 6
440 9
441 7
442 6
443 4
444 5
445 3
446 6
447 6
448 5
449 6
450 3
451 6
452 3
453 7
454 6
455 6
456 5
457 6
458 18
459 5
460 13
461 12
462 7
463 11
464 5
465 7
466 5
467 3
468 6
469 2
470 3
471 6
472 2
473 6
474 3
475 5
476 5
477 3
478 4
479 4
480 3
481 4
482 4
483 2
484 6
485 3
486 5
487 5
488 2
489 6
490 1
491 2
492 2
493 3
494 3
495 5
496 4
497 5
498 2
499 6
500 3
501 1
502 3
503 3
504 3
505 3
506 4
507 2
508 2
509 2
510 1
511 3
512 5
513 5
514 4
515 5
516 4
517 9
518 5
519 11
520 4
521 5
522 5
523 10
524 7
525 6
526 2
527 10
528 5
529 2
530 8
531 3
532 3
533 4
534 2
535 4
536 5
537 4
538 2
539 4
540 2
541 5
542 3
543 3
544 4
545 1
546 4
547 2
548 3
549 1
552 2
553 1
554 3
555 1
556 3
557 1
558 3
559 3
560 2
562 1
563 3
564 1
567 1
568 3
571 4
572 2
573 2
574 3
575 4
576 5
577 2
578 5
579 4
580 5
581 8
582 7
583 6
584 7
585 8
586 9
587 5
588 2
589 5
590 6
591 9
592 3
593 6
594 5
595 5
596 4
597 2
598 4
599 2
600 2
601 2
602 3
603 7
604 5
605 7
606 8
607 8
608 7
609 4
610 9
611 5
612 6
613 5
614 6
615 5
616 1
617 3
618 5
619 4
620 4
621 1
622 2
623 4
624 2
625 3
626 1
627 3
628 3
629 2
630 3
631 3
632 2
633 1
634 2
635 3
636 2
637 2
638 3
639 2
640 5
641 2
642 4
643 5
644 3
645 1
646 1
647 9
648 6
649 8
650 2
651 4
652 3
653 4
654 4
655 7
656 3
657 2
658 3
659 5
660 11
661 5
662 10
663 13
664 9
665 10
666 4
667 7
668 11
669 3
670 2
671 7
672 11
673 9
674 17
675 11
676 17
677 8
678 15
679 9
680 11
681 7
682 9
683 9
684 16
685 17
686 10
687 8
688 6
689 5
690 12
691 11
692 7
693 5
694 8
695 9
696 8
697 9
698 6
699 7
700 13
701 9
702 10
703 7
704 8
705 9
706 10
707 6
708 7
709 3
710 6
711 4
712 7
713 4
714 7
715 8
716 6
717 8
718 8
719 11
720 7
721 5
722 10
723 5
724 4
725 7
726 12
727 4
728 7
729 7
730 7
731 14
732 9
733 8
734 11
735 4
736 2
737 9
738 2
739 3
740 3
741 2
742 4
743 4
744 4
745 4
746 4
747 4
748 4
749 4
750 2
751 3
752 4
753 8
754 1
755 3
756 4
757 4
758 3
759 7
760 5
761 4
762 1
763 1
764 4
765 3
766 8
767 4
768 4
769 5
770 5
771 6
772 3
773 7
774 5
775 3
776 11
777 10
778 10
779 5
780 6
781 6
782 5
783 5
784 7
785 11
786 3
787 4
788 1
789 2
790 3
791 2
792 2
793 2
794 3
795 2
796 3
797 7
798 5
799 4
800 2
801 2
802 4
803 9
804 3
805 7
806 2
807 6
808 3
809 2
810 4
811 2
812 8
813 3
814 2
815 5
816 5
817 5
818 4
819 11
820 4
821 5
822 5
823 7
824 4
825 10
826 6
827 9
828 5
829 9
830 6
831 13
832 7
833 12
834 8
835 6
836 8
837 6
838 9
839 14
840 5
841 4
842 6
843 5
844 9
845 6
846 5
847 7
848 6
849 7
850 5
851 3
852 5
853 5
854 8
855 4
856 4
857 2
858 3
859 6
860 3
862 5
863 3
864 5
865 5
866 1
867 1
868 6
869 3
870 1
871 1
872 1
873 3
874 3
875 1
876 4
877 1
878 3
880 6
882 2
883 2
884 2
885 1
886 3
887 2
888 3
889 1
890 2
891 2
892 3
893 2
895 3
896 4
897 1
898 3
899 2
900 4
901 3
902 6
903 3
904 3
905 3
906 2
907 1
908 2
909 2
910 2
911 1
912 3
913 4
914 9
915 7
916 5
917 5
918 8
919 10
920 9
921 7
922 6
923 8
924 9
925 11
926 13
927 3
928 8
929 14
930 14
931 9
932 10
933 6
934 10
935 12
936 7
937 7
938 13
939 7
940 6
941 3
942 11
943 8
944 7
945 8
946 6
947 7
948 1
949 5
950 7
951 9
952 7
953 2
954 2
955 5
956 4
957 7
958 4
959 3
960 6
961 5
962 6
963 1
964 6
965 2
966 5
968 6
969 2
970 4
971 2
972 5
973 2
974 3
975 6
976 4
977 1
978 3
979 1
980 3
981 1
982 1
983 3
984 3
985 5
986 3
987 5
988 1
989 4
991 4
992 2
993 2
994 3
995 4
996 2
997 8
998 4
999 2
1000 4
1001 3
1002 2
1003 1
1004 4
1005 2
1006 4
1008 5
1009 1
1010 1
1011 2
1012 4
1013 2
1014 2
1015 1
1016 2
1017 4
1018 4
1019 4
1020 1
1021 2
1022 3
1023 1
1024 1
1025 5
1026 3
1027 1
1028 3
1029 2
1030 3
1031 4
1032 1
1033 2
1034 3
1035 5
1036 2
1037 2
1038 4
1039 4
1040 4
1041 5
1042 3
1043 3
1044 1
1045 3
1046 4
1047 1
1048 5
1049 3
1050 6
1051 4
1052 10
1053 4
1054 7
1055 2
1056 4
1057 4
1058 4
1059 5
1060 1
1061 4
1062 2
1063 3
1064 5
1065 8
1066 6
1067 7
1068 3
1069 4
1070 5
1071 5
1072 4
1073 3
1074 3
1075 3
1076 1
1077 2
1080 1
1081 2
1082 2
1083 3
1084 5
1085 3
1086 1
1087 1
1088 2
1089 1
1090 5
1091 1
1092 4
1093 4
1094 5
1095 4
1096 3
1097 6
1098 3
1099 2
1100 2
1101 3
1102 5
1103 2
1104 4
1105 1
1106 1
1108 3
1109 2
1110 1
1111 1
1114 1
1115 1
1118 1
1119 1
1123 1
1131 1
1133 1
1134 1
1135 1
1137 1
1138 1
1143 1
1146 1
1147 1
1149 2
1150 2
1151 2
1152 1
1153 3
1154 1
1156 2
1157 1
1158 1
1160 1
1161 1
1162 1
1165 1
1172 1
1174 1
1177 1
1178 1
1179 3
1181 2
1182 2
1183 1
1185 2
1186 1
1187 4
1189 2
1190 2
1191 2
1192 1
1193 3
1194 1
1195 3
1196 1
1197 2
1198 1
1199 1
1200 1
1201 1
1203 1
1227 1
1261 1
1265 1
1387 1
1427 1
1448 1
1458 2
1467 1
1471 1
1477 1
1479 1
1489 1
1490 2
1491 1
1492 2
1493 1
1494 3
1496 1
1497 2
1499 1
1501 1
1502 1
1515 1
1554 1
1568 1
1605 1
1610 2
1611 1
1612 1
1614 1
1615 1
1618 1
1621 1
1668 2
1778 1
1828 1
1835 2
1901 1
1908 1
1913 1
2094 1
2098 1
2100 1
2147 1
2153 1
2154 1
2160 1
2162 1
2163 1
2168 1
2175 1
2188 1
2215 1
2220 1
2236 1
2238 2
2240 1
2247 1
2248 1
2328 1
2374 1
2419 1
2493 1
2497 1
2504 1
2577 1
2584 1
2586 1
2587 2
2589 1
2631 1
2647 1
2712 1
2895 1
2942 1
