1 10807530
2 3571183
3 1322951
4 566202
5 410398
6 483391
7 613122
8 715662
9 752729
10 709900
11 615096
12 484896
13 352786
14 239054
15 153201
16 91940
17 53817
18 29988
19 17265
20 10029
21 6275
22 4383
23 3384
24 2789
25 2412
26 2058
27 1925
28 1700
29 1455
30 1307
31 1061
32 1039
33 918
34 798
35 803
36 696
37 615
38 599
39 577
40 607
41 498
42 492
43 483
44 492
45 439
46 477
47 427
48 387
49 339
50 309
51 296
52 312
53 246
54 228
55 215
56 197
57 223
58 182
59 174
60 171
61 137
62 133
63 92
64 107
65 76
66 80
67 70
68 51
69 57
70 43
71 46
72 43
73 44
74 47
75 41
76 39
77 51
78 51
79 37
80 39
81 32
82 17
83 23
84 23
85 36
86 29
87 22
88 33
89 30
90 21
91 22
92 32
93 37
94 44
95 36
96 52
97 45
98 37
99 41
100 42
101 37
102 32
103 31
104 32
105 36
106 32
107 50
108 42
109 52
110 49
111 39
112 42
113 43
114 43
115 39
116 37
117 55
118 32
119 35
120 30
121 28
122 24
123 25
124 18
125 21
126 28
127 25
128 31
129 40
130 30
131 39
132 36
133 33
134 35
135 26
136 17
137 24
138 26
139 15
140 27
141 19
142 23
143 29
144 34
145 35
146 31
147 34
148 28
149 26
150 15
151 13
152 11
153 5
154 5
155 5
156 6
157 5
158 4
159 3
160 1
162 2
163 2
164 2
165 6
166 3
167 3
168 2
169 3
170 3
171 3
172 7
173 9
174 4
175 8
176 4
177 8
178 10
179 3
180 3
181 3
182 1
183 3
184 3
185 2
186 7
187 5
189 6
190 3
191 3
192 3
193 3
194 2
195 1
196 2
197 2
198 2
200 1
202 1
203 2
204 2
205 2
206 2
208 4
209 2
210 1
213 1
214 1
215 3
216 2
217 3
218 1
219 1
221 2
222 1
224 1
229 1
231 1
235 1
236 1
238 1
239 1
250 1
264 1
265 1
291 1
301 1
305 2
306 1
307 1
311 1
312 1
321 1
327 2
328 1
330 1
331 2
333 1
334 1
335 3
339 1
340 1
344 2
346 2
349 1
371 1
376 1
384 1
390 1
412 3
413 1
414 1
415 1
429 1
