1 25822499
2 14036498
3 9197857
4 6986645
5 5511737
6 4261124
7 3167619
8 2281266
9 1617278
10 1175336
11 916513
12 790689
13 736022
14 716874
15 701467
16 661986
17 607814
18 536268
19 450197
20 366969
21 295275
22 237535
23 198597
24 172099
25 157747
26 153306
27 151160
28 149837
29 149653
30 146932
31 142089
32 133117
33 123071
34 112604
35 104379
36 98640
37 96540
38 99262
39 108643
40 122613
41 141754
42 165119
43 194548
44 226297
45 259617
46 293621
47 327342
48 356468
49 382415
50 402758
51 415612
52 421080
53 420863
54 410638
55 395795
56 373572
57 348681
58 320293
59 291294
60 257194
61 225581
62 195237
63 164279
64 138071
65 115392
66 94604
67 76188
68 60351
69 47665
70 37792
71 30406
72 24186
73 19769
74 16713
75 14191
76 12478
77 11688
78 11241
79 10683
80 10502
81 10402
82 10028
83 9906
84 9913
85 9350
86 9211
87 8883
88 8403
89 7972
90 7377
91 6886
92 6443
93 5843
94 5386
95 4972
96 4324
97 4167
98 3589
99 3321
100 3186
101 2849
102 2648
103 2517
104 2346
105 2332
106 2174
107 2051
108 1933
109 1892
110 1831
111 1736
112 1705
113 1741
114 1630
115 1475
116 1473
117 1281
118 1113
119 1080
120 1076
121 952
122 799
123 829
124 710
125 635
126 560
127 509
128 477
129 428
130 350
131 342
132 304
133 260
134 251
135 229
136 266
137 228
138 220
139 221
140 219
141 228
142 233
143 231
144 245
145 255
146 243
147 230
148 229
149 269
150 288
151 297
152 262
153 291
154 355
155 388
156 330
157 331
158 362
159 364
160 349
161 376
162 355
163 393
164 373
165 322
166 379
167 339
168 394
169 371
170 398
171 355
172 338
173 369
174 332
175 335
176 339
177 270
178 282
179 299
180 243
181 242
182 232
183 217
184 202
185 203
186 189
187 205
188 195
189 192
190 181
191 173
192 184
193 176
194 192
195 163
196 171
197 187
198 183
199 177
200 199
201 195
202 183
203 180
204 170
205 197
206 172
207 207
208 188
209 229
210 202
211 214
212 252
213 257
214 251
215 218
216 228
217 225
218 223
219 237
220 246
221 236
222 207
223 205
224 194
225 195
226 167
227 184
228 179
229 187
230 171
231 173
232 150
233 145
234 148
235 166
236 118
237 130
238 131
239 122
240 126
241 103
242 110
243 88
244 95
245 95
246 66
247 79
248 77
249 58
250 56
251 74
252 76
253 88
254 89
255 77
256 94
257 76
258 80
259 87
260 89
261 55
262 87
263 86
264 100
265 84
266 84
267 79
268 90
269 94
270 86
271 69
272 70
273 64
274 54
275 54
276 74
277 53
278 56
279 68
280 52
281 45
282 62
283 75
284 60
285 71
286 65
287 57
288 59
289 65
290 56
291 55
292 66
293 68
294 53
295 52
296 58
297 58
298 65
299 76
300 64
301 87
302 73
303 75
304 61
305 93
306 117
307 136
308 132
309 152
310 175
311 224
312 277
313 304
314 358
315 403
316 456
317 577
318 644
319 730
320 825
321 971
322 1100
323 1281
324 1439
325 1719
326 2014
327 2280
328 2639
329 2917
330 3536
331 3994
332 4412
333 4952
334 5532
335 6169
336 6834
337 7520
338 8422
339 9220
340 10258
341 11175
342 12371
343 13377
344 14693
345 15707
346 16845
347 18045
348 19662
349 21059
350 22275
351 23606
352 25125
353 26665
354 28182
355 29311
356 31084
357 32240
358 33584
359 35025
360 36419
361 37679
362 38568
363 39633
364 40698
365 41433
366 42138
367 43365
368 43598
369 44120
370 44584
371 45048
372 45570
373 45838
374 45272
375 45645
376 44872
377 44860
378 44540
379 43752
380 42980
381 42042
382 41236
383 40333
384 38948
385 37524
386 36345
387 35495
388 34122
389 32766
390 31008
391 29998
392 28661
393 27507
394 25789
395 24378
396 23449
397 21704
398 20800
399 19546
400 17890
401 16769
402 15320
403 14430
404 13172
405 12293
406 11235
407 10334
408 9528
409 9107
410 8173
411 7201
412 6776
413 6053
414 5361
415 4915
416 4333
417 3988
418 3637
419 3171
420 2927
421 2570
422 2320
423 2103
424 1857
425 1619
426 1451
427 1220
428 1113
429 936
430 832
431 799
432 664
433 579
434 541
435 453
436 379
437 329
438 282
439 260
440 213
441 218
442 180
443 157
444 148
445 115
446 119
447 108
448 104
449 108
450 76
451 70
452 61
453 52
454 58
455 59
456 57
457 42
458 48
459 37
460 33
461 31
462 35
463 36
464 30
465 31
466 22
467 22
468 22
469 32
470 18
471 26
472 23
473 22
474 15
475 22
476 19
477 29
478 21
479 20
480 15
481 14
482 18
483 16
484 11
485 15
486 23
487 11
488 19
489 13
490 14
491 15
492 19
493 18
494 15
495 16
496 14
497 11
498 15
499 14
500 11
501 12
502 12
503 12
504 13
505 14
506 7
507 16
508 13
509 19
510 8
511 16
512 17
513 9
514 11
515 11
516 15
517 7
518 2
519 5
520 5
521 5
522 2
523 10
524 6
525 10
526 12
527 6
528 11
529 6
530 3
531 4
532 7
533 6
534 5
535 8
536 10
537 3
538 7
539 9
540 7
541 6
542 10
543 3
544 3
545 3
546 6
547 7
548 10
549 5
550 6
551 7
552 8
553 4
554 6
555 8
556 5
557 6
558 6
559 8
560 5
561 15
562 5
563 10
564 11
565 9
566 4
567 6
568 11
569 5
570 7
571 6
572 6
573 8
574 9
575 4
576 7
577 8
578 10
579 6
580 7
581 8
582 6
583 6
584 7
585 5
586 6
587 2
588 4
589 2
590 3
591 6
592 2
593 7
594 7
595 2
596 3
597 2
598 4
599 1
600 2
601 3
602 4
603 5
604 4
605 8
606 3
607 4
608 5
609 4
610 6
611 8
612 11
613 8
614 12
615 9
616 7
617 10
618 8
619 6
620 5
621 6
622 5
623 3
624 5
625 6
626 6
627 3
628 1
629 2
630 9
631 9
632 5
633 10
634 5
635 9
636 9
637 4
638 8
640 5
641 4
642 4
643 4
644 2
645 1
646 1
647 3
648 2
649 1
650 4
652 5
653 1
654 6
655 4
657 4
659 4
660 2
661 1
662 2
663 4
664 3
665 4
666 1
667 5
668 3
669 3
670 2
671 3
672 3
673 3
674 5
675 6
676 7
677 6
678 2
679 3
680 4
681 4
682 3
683 1
684 6
685 7
686 8
687 8
688 5
689 8
690 11
691 9
692 6
693 9
694 13
695 14
696 14
697 11
698 18
699 13
700 14
701 10
702 11
703 14
704 20
705 19
706 31
707 14
708 27
709 23
710 29
711 32
712 37
713 35
714 34
715 38
716 36
717 37
718 33
719 40
720 40
721 42
722 52
723 44
724 51
725 46
726 55
727 67
728 67
729 63
730 63
731 59
732 59
733 67
734 67
735 78
736 69
737 77
738 75
739 73
740 63
741 64
742 63
743 69
744 73
745 87
746 74
747 70
748 91
749 72
750 75
751 68
752 66
753 69
754 73
755 64
756 86
757 58
758 66
759 76
760 78
761 86
762 67
763 60
764 63
765 63
766 60
767 57
768 55
769 66
770 51
771 60
772 54
773 52
774 48
775 64
776 47
777 38
778 43
779 47
780 46
781 36
782 40
783 35
784 27
785 33
786 31
787 34
788 33
789 31
790 29
791 31
792 32
793 23
794 23
795 25
796 10
797 17
798 15
799 14
800 7
801 10
802 20
803 9
804 6
805 13
806 16
807 11
808 7
809 10
810 11
811 12
812 7
813 10
814 5
815 4
816 8
817 10
818 3
819 12
820 9
821 7
822 3
823 5
824 2
825 5
826 1
827 3
828 3
829 1
830 2
831 1
832 4
833 3
834 5
835 4
836 4
838 3
839 2
840 1
841 2
842 4
844 5
845 1
847 3
848 2
850 2
851 1
853 1
858 1
859 2
860 1
861 3
862 1
864 1
866 2
867 6
868 3
869 4
870 3
871 2
872 4
873 7
874 6
875 10
876 7
877 5
878 6
879 5
880 7
882 2
883 2
884 6
885 4
886 2
888 8
889 5
890 1
891 3
893 3
894 3
895 3
896 2
897 2
899 4
900 1
901 2
904 2
905 1
906 1
908 1
911 3
912 1
913 2
914 1
915 2
916 1
917 1
918 2
919 2
920 1
921 2
922 1
924 1
926 3
927 1
929 1
930 4
932 3
933 1
934 1
935 5
936 3
937 2
938 3
939 2
940 2
941 2
943 1
944 2
945 1
946 1
947 3
948 4
949 2
950 2
951 2
952 1
953 5
954 1
955 3
956 2
957 4
958 1
959 5
960 2
961 4
962 1
963 3
964 4
965 2
966 1
968 3
969 4
970 2
971 1
972 3
974 2
976 1
978 4
979 3
980 1
981 1
982 1
983 4
986 3
988 2
989 1
990 2
991 4
992 2
993 3
995 3
996 1
997 2
998 3
999 1
1000 1
1001 1
1002 3
1004 2
1005 1
1006 1
1008 2
1009 1
1010 2
1012 1
1014 1
1015 1
1017 1
1018 2
1019 2
1020 2
1021 5
1022 4
1023 1
1025 3
1026 1
1027 2
1028 1
1030 1
1031 3
1032 2
1034 2
1035 1
1036 2
1037 2
1038 3
1039 3
1041 2
1042 1
1046 1
1049 2
1050 2
1052 2
1053 5
1054 4
1055 1
1056 4
1057 3
1059 1
1060 1
1061 2
1062 4
1063 3
1064 2
1065 1
1066 2
1067 3
1068 2
1069 3
1070 2
1071 3
1072 3
1074 1
1075 2
1077 1
1078 1
1080 1
1081 3
1083 2
1084 3
1085 1
1086 1
1087 2
1088 2
1089 3
1090 3
1091 1
1092 1
1093 3
1094 6
1096 4
1097 2
1099 1
1101 1
1102 2
1104 5
1106 3
1107 3
1108 4
1109 2
1110 7
1111 3
1112 5
1113 2
1114 7
1115 2
1116 4
1117 5
1118 4
1119 3
1120 5
1121 2
1122 2
1123 2
1124 6
1125 7
1126 5
1127 2
1128 2
1129 4
1130 3
1131 4
1132 3
1133 1
1134 3
1135 1
1136 4
1137 3
1138 5
1140 2
1141 1
1142 2
1143 6
1144 2
1145 1
1146 2
1147 1
1148 1
1149 1
1150 1
1151 1
1152 2
1153 1
1154 3
1155 6
1156 5
1157 5
1158 4
1159 2
1160 1
1161 4
1162 3
1163 3
1164 3
1166 2
1167 2
1168 1
1169 1
1170 1
1171 1
1172 1
1173 3
1174 2
1175 1
1178 3
1179 1
1180 1
1182 2
1183 1
1184 1
1187 1
1188 2
1190 1
1191 2
1192 1
1194 4
1195 1
1199 1
1200 2
1201 1
1206 2
1207 1
1210 1
1212 1
1216 1
1218 1
1219 2
1222 1
1224 2
1226 1
1227 2
1228 1
1230 2
1231 2
1232 7
1233 4
1235 1
1236 1
1238 1
1239 3
1240 5
1241 4
1242 1
1243 2
1244 2
1246 3
1247 1
1248 3
1250 1
1251 2
1252 2
1253 1
1254 1
1256 1
1257 3
1258 2
1260 4
1261 1
1262 1
1264 2
1266 1
1267 5
1268 2
1269 1
1271 1
1272 2
1273 1
1274 1
1277 1
1278 2
1279 1
1281 4
1282 1
1283 4
1287 3
1288 1
1290 4
1292 3
1293 1
1294 4
1295 2
1297 2
1298 1
1299 1
1300 2
1307 1
1310 1
1313 1
1317 1
1327 1
1330 1
1332 2
1335 1
1406 1
1407 1
1408 1
1409 1
1410 1
1411 1
1417 1
1419 1
1423 1
1433 1
1435 1
1440 1
1444 1
1446 1
1448 1
1449 2
1454 2
1456 1
1457 2
1459 2
1460 2
1462 1
1463 2
1464 2
1467 1
1470 2
1471 1
1472 1
1474 1
1475 1
1476 2
1479 1
1480 1
1483 2
1484 2
1493 1
1494 1
1501 1
1507 1
1509 1
1511 1
1512 3
1513 1
1526 3
1527 2
1528 3
1529 1
1533 2
1534 1
1535 1
1536 1
1544 1
1546 1
1548 1
1573 1
1574 1
1575 1
1577 1
1748 1
1764 1
1772 1
1792 1
1795 1
1796 1
1797 1
1800 1
1802 1
1803 1
1804 2
1814 1
1815 1
1817 1
1819 1
1820 2
1821 1
1822 1
1823 1
1857 1
1865 2
1875 2
1881 2
1945 1
1946 1
2183 1
2187 1
2194 1
2199 1
2202 1
2207 1
2208 1
2227 1
2272 1
2285 1
2327 2
2332 1
2341 1
2342 1
2353 1
2355 1
2357 1
2360 1
2362 1
2363 1
2364 2
2366 1
2367 1
2370 1
2372 2
2373 2
2374 1
2375 1
2376 1
2377 1
2378 2
2379 1
2381 1
2387 1
2569 1
2614 2
2616 1
2669 1
2954 1
2968 1
2969 1
3344 1
3367 1
3672 1
3674 1
4515 1
4529 1
4536 1
4555 1
4557 1
4561 1
4573 1
4580 1
4588 1
4598 1
