1 24830144
2 14292442
3 9170105
4 6822784
5 5630446
6 4841827
7 4132307
8 3441097
9 2753693
10 2133745
11 1602390
12 1185215
13 880529
14 674558
15 555955
16 503702
17 493651
18 515345
19 543931
20 564189
21 570464
22 555469
23 515341
24 467632
25 405797
26 344883
27 281910
28 227914
29 181167
30 146127
31 120866
32 104345
33 95158
34 94023
35 97029
36 103473
37 110230
38 116207
39 120502
40 123139
41 122366
42 120050
43 114530
44 106370
45 96961
46 87279
47 77556
48 68687
49 60392
50 53270
51 48253
52 46222
53 46487
54 49432
55 55176
56 64285
57 76177
58 91798
59 108609
60 127633
61 149842
62 172901
63 197377
64 222679
65 248056
66 270938
67 294202
68 313520
69 330885
70 342970
71 350290
72 355503
73 355600
74 352355
75 341117
76 327985
77 312460
78 294312
79 272747
80 250649
81 227977
82 205750
83 182460
84 160083
85 139938
86 120990
87 102379
88 86462
89 72238
90 60280
91 49689
92 40625
93 32567
94 26189
95 21100
96 17202
97 13906
98 11631
99 9577
100 8112
101 7311
102 6698
103 6360
104 6128
105 6194
106 6425
107 6517
108 6692
109 7000
110 7275
111 7481
112 7601
113 7705
114 7997
115 7884
116 8193
117 7954
118 7736
119 7588
120 7285
121 7032
122 6627
123 6359
124 5879
125 5267
126 4858
127 4543
128 4150
129 3918
130 3797
131 3555
132 3323
133 3009
134 2638
135 2462
136 2394
137 2184
138 2053
139 1946
140 1888
141 1758
142 1800
143 1719
144 1739
145 1676
146 1573
147 1534
148 1625
149 1591
150 1517
151 1435
152 1351
153 1366
154 1247
155 1160
156 1199
157 1158
158 1077
159 982
160 935
161 808
162 707
163 727
164 692
165 614
166 636
167 574
168 514
169 495
170 451
171 404
172 376
173 382
174 348
175 314
176 254
177 235
178 234
179 210
180 179
181 198
182 168
183 159
184 149
185 167
186 162
187 147
188 130
189 149
190 144
191 135
192 148
193 148
194 135
195 141
196 147
197 150
198 174
199 177
200 199
201 190
202 185
203 177
204 211
205 201
206 203
207 212
208 192
209 201
210 202
211 214
212 245
213 214
214 238
215 225
216 279
217 260
218 279
219 291
220 284
221 326
222 336
223 314
224 331
225 309
226 315
227 296
228 319
229 270
230 308
231 254
232 272
233 247
234 241
235 244
236 232
237 234
238 228
239 208
240 216
241 191
242 204
243 221
244 208
245 179
246 210
247 206
248 195
249 179
250 159
251 128
252 170
253 143
254 113
255 136
256 124
257 137
258 124
259 138
260 124
261 103
262 102
263 102
264 103
265 121
266 94
267 138
268 91
269 98
270 118
271 125
272 132
273 128
274 125
275 122
276 124
277 138
278 141
279 146
280 132
281 163
282 157
283 171
284 172
285 165
286 148
287 142
288 165
289 163
290 172
291 175
292 183
293 167
294 183
295 183
296 183
297 191
298 172
299 208
300 197
301 206
302 181
303 180
304 166
305 165
306 145
307 155
308 171
309 154
310 143
311 156
312 132
313 159
314 128
315 141
316 150
317 146
318 107
319 125
320 135
321 121
322 128
323 105
324 115
325 61
326 100
327 111
328 97
329 69
330 66
331 74
332 52
333 61
334 58
335 44
336 66
337 50
338 61
339 51
340 52
341 52
342 47
343 36
344 34
345 44
346 47
347 41
348 46
349 38
350 45
351 45
352 64
353 71
354 48
355 58
356 54
357 56
358 49
359 58
360 57
361 33
362 46
363 48
364 43
365 50
366 47
367 58
368 55
369 60
370 56
371 63
372 65
373 44
374 54
375 56
376 53
377 57
378 70
379 70
380 53
381 65
382 53
383 60
384 58
385 53
386 60
387 70
388 72
389 60
390 67
391 53
392 52
393 43
394 38
395 40
396 28
397 37
398 36
399 33
400 46
401 39
402 39
403 53
404 42
405 35
406 41
407 29
408 35
409 47
410 40
411 37
412 31
413 29
414 38
415 28
416 38
417 34
418 33
419 30
420 42
421 32
422 34
423 29
424 39
425 38
426 26
427 36
428 43
429 44
430 44
431 60
432 59
433 58
434 62
435 77
436 86
437 127
438 120
439 146
440 176
441 195
442 213
443 242
444 287
445 325
446 337
447 375
448 448
449 507
450 560
451 660
452 702
453 845
454 921
455 1059
456 1194
457 1363
458 1514
459 1729
460 1923
461 2114
462 2388
463 2559
464 2930
465 3178
466 3488
467 3897
468 4267
469 4531
470 5044
471 5363
472 5811
473 6494
474 7030
475 7646
476 8143
477 8793
478 9734
479 10495
480 11153
481 12252
482 12895
483 13614
484 14627
485 15477
486 16479
487 17308
488 18564
489 19573
490 20496
491 21530
492 22628
493 23684
494 24616
495 25345
496 26711
497 27814
498 28544
499 29405
500 30163
501 31101
502 31966
503 33304
504 33828
505 34506
506 34891
507 35602
508 36214
509 36726
510 37423
511 37286
512 37578
513 38169
514 38329
515 38409
516 39035
517 38751
518 39117
519 38722
520 38236
521 38078
522 37720
523 37203
524 36495
525 36280
526 35481
527 34610
528 33889
529 32693
530 31524
531 31093
532 30340
533 29511
534 28269
535 27734
536 26514
537 25427
538 24106
539 23403
540 22175
541 21363
542 20419
543 19183
544 18312
545 17142
546 16339
547 15289
548 14247
549 13713
550 12868
551 11882
552 11398
553 10621
554 9720
555 8942
556 8412
557 7766
558 7264
559 6487
560 6144
561 5697
562 5292
563 4743
564 4315
565 4103
566 3629
567 3226
568 2951
569 2719
570 2441
571 2126
572 2078
573 1791
574 1599
575 1487
576 1336
577 1181
578 1115
579 993
580 858
581 809
582 685
583 655
584 575
585 498
586 417
587 385
588 350
589 312
590 258
591 220
592 194
593 194
594 187
595 155
596 137
597 123
598 130
599 99
600 101
601 96
602 69
603 82
604 92
605 96
606 74
607 60
608 58
609 51
610 71
611 58
612 46
613 33
614 42
615 33
616 38
617 29
618 28
619 38
620 32
621 31
622 36
623 22
624 18
625 21
626 22
627 15
628 22
629 34
630 9
631 19
632 21
633 17
634 23
635 17
636 21
637 15
638 12
639 11
640 18
641 13
642 17
643 16
644 13
645 14
646 17
647 18
648 24
649 20
650 18
651 14
652 22
653 18
654 9
655 16
656 15
657 9
658 5
659 10
660 6
661 6
662 12
663 5
664 8
665 9
666 6
667 9
668 7
669 10
670 9
671 10
672 8
673 9
674 18
675 11
676 12
677 11
678 7
679 18
680 7
681 10
682 12
683 14
684 12
685 12
686 11
687 7
688 6
689 5
690 8
691 9
692 9
693 4
694 4
695 7
696 10
697 6
698 10
699 8
700 11
701 8
702 9
703 8
704 5
705 5
706 6
707 4
708 5
709 5
710 7
711 7
712 1
713 6
714 4
715 5
716 10
717 6
718 1
719 3
720 3
721 7
722 4
723 3
724 4
725 4
726 6
727 6
728 8
729 7
730 6
731 4
732 5
733 6
734 5
735 8
736 5
737 8
738 8
739 7
740 9
741 8
742 7
743 4
744 8
745 8
746 9
747 4
748 6
749 6
750 6
751 9
752 4
753 5
754 3
755 7
756 6
757 7
758 1
759 8
760 3
761 4
762 6
763 8
764 4
765 6
766 4
767 7
768 4
769 4
770 4
771 1
772 5
773 2
774 5
775 9
776 3
777 5
778 4
779 4
780 2
781 2
782 7
783 2
784 6
785 2
787 6
788 3
789 7
790 6
791 5
792 4
793 6
794 2
795 9
796 1
797 7
798 5
799 5
800 4
801 4
802 3
803 4
804 4
805 4
806 3
807 4
808 4
809 3
810 4
811 5
812 4
813 2
814 8
815 5
817 2
818 2
819 4
820 4
821 6
822 5
823 2
824 7
825 8
826 5
827 1
828 6
829 3
830 10
831 5
832 4
833 5
834 5
835 4
836 2
837 4
838 6
839 3
840 1
842 4
843 5
844 2
845 6
846 6
847 7
848 3
849 3
850 2
851 2
852 2
853 7
854 2
855 5
856 4
857 5
858 1
859 5
860 3
861 5
862 2
863 1
864 2
865 4
866 4
867 5
868 2
869 3
870 5
871 3
872 5
873 3
874 4
875 3
876 7
877 2
878 2
879 4
880 4
881 4
882 1
883 4
884 2
885 1
886 3
887 1
888 2
890 1
891 4
892 4
893 4
894 3
895 1
896 3
897 1
898 5
899 4
900 1
902 1
903 4
904 3
905 1
906 1
907 3
909 1
910 2
911 2
912 2
913 2
915 1
918 3
919 2
920 2
922 3
923 1
925 3
926 1
927 2
929 3
930 1
931 1
933 1
934 1
936 4
937 1
938 1
940 2
941 2
942 1
943 2
944 2
945 3
946 3
947 4
948 3
949 1
950 1
951 3
952 1
953 4
954 4
955 4
956 5
957 5
958 3
959 3
960 7
961 2
962 6
963 2
964 2
965 3
966 3
967 6
968 5
969 9
970 3
971 5
972 6
973 6
974 10
975 11
976 4
977 8
978 6
979 11
980 11
981 7
982 19
983 11
984 15
985 14
986 26
987 19
988 23
989 29
990 30
991 21
992 24
993 39
994 38
995 38
996 38
997 36
998 35
999 37
1000 42
1001 47
1002 41
1003 36
1004 40
1005 40
1006 47
1007 39
1008 48
1009 40
1010 45
1011 47
1012 37
1013 47
1014 66
1015 49
1016 54
1017 53
1018 46
1019 47
1020 47
1021 58
1022 59
1023 63
1024 62
1025 54
1026 62
1027 53
1028 61
1029 69
1030 64
1031 81
1032 59
1033 68
1034 63
1035 61
1036 65
1037 62
1038 62
1039 60
1040 44
1041 60
1042 69
1043 61
1044 52
1045 65
1046 58
1047 58
1048 67
1049 75
1050 54
1051 67
1052 85
1053 71
1054 81
1055 68
1056 66
1057 66
1058 67
1059 46
1060 59
1061 54
1062 46
1063 55
1064 47
1065 36
1066 39
1067 40
1068 44
1069 44
1070 44
1071 47
1072 42
1073 42
1074 45
1075 41
1076 38
1077 46
1078 23
1079 24
1080 20
1081 25
1082 35
1083 16
1084 18
1085 15
1086 23
1087 22
1088 17
1089 13
1090 17
1091 14
1092 3
1093 8
1094 8
1095 3
1096 10
1097 3
1098 7
1099 2
1100 5
1102 5
1103 2
1104 1
1105 8
1107 4
1108 3
1109 1
1110 2
1111 3
1112 5
1113 2
1115 4
1116 1
1118 1
1119 1
1120 1
1121 1
1123 3
1124 1
1125 1
1127 1
1128 5
1129 4
1130 4
1131 2
1132 1
1133 2
1134 1
1138 3
1139 2
1140 1
1141 1
1142 1
1143 2
1147 1
1149 1
1150 2
1151 1
1153 2
1155 2
1157 1
1161 2
1162 3
1163 2
1164 1
1165 4
1167 3
1170 1
1171 1
1173 1
1175 1
1177 1
1178 2
1179 1
1183 2
1184 1
1185 2
1186 2
1187 2
1188 2
1189 2
1190 1
1193 1
1195 1
1196 2
1197 2
1198 3
1199 2
1200 2
1201 2
1202 1
1203 1
1204 3
1205 2
1207 1
1208 2
1209 1
1210 2
1211 5
1212 1
1213 3
1214 2
1215 3
1216 3
1217 3
1218 2
1219 4
1220 3
1221 2
1222 3
1223 2
1224 2
1225 1
1227 3
1228 4
1229 2
1230 2
1231 3
1232 2
1233 1
1234 1
1236 1
1237 1
1239 2
1240 3
1241 2
1242 2
1243 3
1244 2
1245 1
1246 4
1247 4
1248 11
1249 3
1250 3
1251 5
1252 3
1253 6
1254 1
1256 3
1257 2
1258 2
1259 1
1260 1
1261 3
1262 1
1263 1
1264 4
1265 6
1266 3
1268 1
1269 5
1270 3
1271 1
1272 2
1273 2
1274 5
1276 2
1277 2
1279 1
1281 2
1282 2
1285 3
1286 1
1287 1
1288 1
1289 1
1291 2
1292 1
1293 3
1295 3
1297 1
1300 1
1302 1
1311 2
1314 1
1318 1
1320 2
1321 1
1322 1
1323 2
1325 2
1327 3
1328 2
1329 4
1330 4
1331 3
1332 2
1334 4
1335 2
1336 3
1337 2
1338 6
1339 3
1341 3
1342 1
1343 2
1344 1
1346 2
1347 1
1349 2
1352 1
1353 1
1354 3
1355 1
1357 1
1358 1
1359 4
1360 4
1362 1
1365 1
1366 2
1367 1
1368 1
1370 1
1372 1
1377 2
1378 2
1380 1
1381 2
1382 2
1383 1
1384 1
1385 1
1386 3
1387 3
1388 1
1389 2
1393 2
1394 1
1395 2
1396 1
1397 3
1398 1
1399 1
1401 2
1403 1
1405 2
1406 1
1408 1
1409 1
1410 3
1411 1
1412 1
1413 1
1419 2
1420 3
1424 1
1429 3
1434 2
1435 2
1436 2
1437 1
1439 2
1440 1
1441 1
1443 1
1445 2
1447 1
1455 1
1457 1
1459 1
1461 1
1462 1
1464 2
1465 2
1467 2
1471 3
1472 2
1473 2
1474 1
1475 2
1477 1
1484 2
1485 2
1487 1
1489 1
1493 1
1494 2
1498 3
1499 2
1500 2
1501 3
1502 1
1503 1
1504 2
1507 2
1508 2
1510 1
1513 3
1514 2
1515 1
1516 1
1519 1
1520 2
1521 2
1523 2
1524 1
1525 1
1526 6
1527 3
1528 3
1529 2
1530 3
1531 1
1532 3
1533 2
1534 8
1535 4
1536 2
1537 3
1538 9
1539 3
1540 5
1541 4
1542 3
1543 5
1544 2
1545 3
1546 5
1547 1
1548 2
1549 5
1550 7
1551 3
1552 5
1553 2
1554 1
1555 3
1556 5
1557 5
1558 2
1559 5
1560 2
1561 2
1562 1
1563 2
1565 3
1566 2
1567 4
1568 2
1569 2
1572 2
1573 2
1574 3
1575 3
1577 1
1578 3
1580 2
1581 2
1582 2
1583 2
1584 2
1585 1
1586 4
1587 1
1588 1
1589 2
1590 5
1591 2
1592 2
1593 2
1594 3
1595 6
1596 2
1601 1
1602 1
1603 1
1604 2
1605 2
1606 1
1607 2
1609 1
1610 1
1613 3
1615 2
1617 2
1619 1
1620 1
1621 1
1623 2
1626 1
1627 1
1628 2
1630 4
1631 1
1633 1
1634 1
1636 1
1637 1
1639 1
1641 1
1642 1
1643 5
1644 1
1645 2
1646 1
1647 2
1648 1
1649 1
1650 2
1652 2
1653 2
1654 1
1656 4
1657 2
1658 4
1659 1
1660 1
1662 1
1663 1
1669 2
1672 1
1674 1
1675 1
1676 1
1679 1
1681 1
1682 1
1686 1
1687 2
1689 1
1691 1
1693 1
1695 2
1696 1
1697 1
1698 2
1699 1
1700 3
1702 2
1707 2
1708 3
1709 2
1710 2
1713 2
1714 1
1715 1
1720 1
1722 1
1726 2
1734 1
1735 1
1736 2
1739 3
1741 2
1742 5
1743 2
1744 1
1746 2
1747 2
1748 1
1751 1
1752 1
1753 1
1754 1
1755 1
1756 2
1758 2
1759 1
1760 1
1761 3
1763 2
1764 1
1765 4
1766 1
1768 3
1769 1
1770 3
1771 2
1773 3
1774 3
1782 1
1786 1
1790 1
1793 1
1802 1
1806 1
1810 1
1814 1
1820 1
1828 1
1970 1
1973 1
1975 1
1980 1
1987 1
1993 1
1999 1
2003 1
2004 1
2005 1
2009 1
2010 1
2011 1
2013 1
2015 2
2016 1
2017 1
2018 1
2019 2
2022 2
2024 1
2029 1
2030 1
2034 2
2041 1
2043 1
2046 3
2047 2
2049 2
2050 1
2051 1
2055 1
2056 1
2057 2
2062 1
2063 1
2066 1
2070 2
2071 4
2073 1
2074 2
2077 1
2078 1
2079 1
2080 1
2083 1
2085 2
2086 1
2087 1
2090 1
2091 1
2092 2
2097 1
2123 1
2137 1
2140 1
2143 2
2189 1
2190 1
2193 1
2220 1
2223 1
2230 1
2299 1
2303 1
2309 1
2493 1
2499 1
2503 1
2504 1
2506 2
2509 1
2513 1
2517 1
2520 1
2563 1
2570 1
2581 1
2587 1
2591 1
2593 2
2596 1
2598 1
2605 1
2606 1
2609 1
2615 1
2616 1
3049 1
3057 1
3062 2
3065 1
3070 1
3073 1
3095 1
3114 1
3117 1
3122 1
3134 1
3141 1
3143 3
3147 1
3152 1
3159 1
3163 1
3173 3
3178 1
3198 1
3200 1
3206 1
3208 2
3209 2
3210 1
3212 3
3215 1
3218 1
3221 1
3226 1
3584 1
3590 1
3631 1
3637 1
3655 1
4160 1
4165 1
4171 1
4635 1
4641 1
5181 1
5186 1
6330 1
6331 1
6334 1
6336 1
6338 2
6343 1
6348 1
6359 1
6361 1
