1 25548196
2 14118506
3 9179594
4 6969155
5 5630053
6 4530969
7 3524042
8 2642460
9 1906930
10 1366423
11 1006764
12 800690
13 697780
14 664499
15 664097
16 666738
17 651054
18 607706
19 552471
20 475389
21 397043
22 325689
23 261200
24 209477
25 174837
26 151009
27 137520
28 135472
29 135185
30 137061
31 140112
32 139248
33 135484
34 130795
35 121788
36 112820
37 103723
38 95033
39 87349
40 82295
41 80455
42 83623
43 90847
44 103377
45 118971
46 140305
47 165947
48 194120
49 225767
50 258476
51 290252
52 318019
53 344089
54 368575
55 385388
56 397967
57 402871
58 402876
59 393874
60 378215
61 361660
62 339032
63 314669
64 287238
65 256695
66 227461
67 197936
68 172333
69 145515
70 122673
71 101764
72 82936
73 67799
74 54724
75 43178
76 34538
77 27752
78 22048
79 17797
80 14672
81 12618
82 10859
83 10114
84 9533
85 9143
86 9142
87 9105
88 9175
89 9155
90 9213
91 9096
92 8900
93 8769
94 8522
95 8443
96 8296
97 7721
98 7496
99 6949
100 6452
101 5938
102 5433
103 5069
104 4610
105 4202
106 3758
107 3575
108 3228
109 2851
110 2731
111 2573
112 2395
113 2277
114 2164
115 2050
116 2016
117 1902
118 1929
119 1814
120 1738
121 1741
122 1606
123 1510
124 1382
125 1324
126 1241
127 1141
128 1137
129 1060
130 913
131 819
132 746
133 701
134 723
135 681
136 588
137 575
138 510
139 451
140 384
141 358
142 296
143 247
144 239
145 217
146 208
147 219
148 205
149 189
150 210
151 228
152 228
153 220
154 215
155 228
156 236
157 212
158 234
159 223
160 235
161 257
162 242
163 268
164 284
165 288
166 300
167 297
168 316
169 323
170 328
171 305
172 321
173 346
174 365
175 363
176 365
177 323
178 380
179 351
180 349
181 358
182 355
183 340
184 289
185 292
186 283
187 291
188 291
189 282
190 265
191 261
192 212
193 229
194 205
195 202
196 206
197 175
198 196
199 187
200 224
201 175
202 186
203 190
204 159
205 159
206 136
207 129
208 106
209 137
210 128
211 140
212 151
213 146
214 156
215 172
216 172
217 178
218 189
219 156
220 176
221 146
222 169
223 151
224 185
225 172
226 194
227 226
228 186
229 194
230 194
231 244
232 213
233 216
234 238
235 213
236 221
237 221
238 219
239 191
240 207
241 173
242 202
243 203
244 168
245 201
246 191
247 158
248 193
249 193
250 194
251 185
252 195
253 171
254 175
255 146
256 150
257 131
258 139
259 128
260 112
261 114
262 129
263 101
264 99
265 91
266 86
267 98
268 74
269 79
270 97
271 77
272 65
273 83
274 60
275 82
276 66
277 70
278 61
279 57
280 47
281 61
282 53
283 67
284 70
285 58
286 65
287 58
288 53
289 51
290 59
291 85
292 94
293 85
294 46
295 67
296 80
297 68
298 60
299 59
300 63
301 63
302 67
303 60
304 70
305 62
306 71
307 50
308 57
309 50
310 75
311 56
312 52
313 76
314 58
315 62
316 67
317 67
318 51
319 57
320 46
321 48
322 61
323 41
324 39
325 55
326 39
327 47
328 45
329 36
330 48
331 46
332 39
333 55
334 57
335 82
336 74
337 100
338 94
339 104
340 128
341 147
342 178
343 188
344 209
345 271
346 321
347 348
348 425
349 488
350 558
351 637
352 780
353 895
354 962
355 1123
356 1273
357 1460
358 1615
359 1853
360 2115
361 2455
362 2824
363 3102
364 3472
365 3854
366 4367
367 4730
368 5405
369 5983
370 6634
371 7252
372 7996
373 8884
374 9615
375 10684
376 11334
377 12105
378 13366
379 14562
380 15584
381 16737
382 18269
383 19344
384 20755
385 21956
386 23317
387 24444
388 26114
389 26981
390 28767
391 29751
392 31280
393 32420
394 33585
395 34682
396 35484
397 37071
398 37606
399 39010
400 40016
401 40811
402 41190
403 41612
404 42331
405 42791
406 42920
407 43805
408 43158
409 43371
410 43124
411 42939
412 43262
413 42484
414 41662
415 41330
416 40413
417 39801
418 38924
419 37787
420 37160
421 36335
422 35327
423 34131
424 32885
425 31657
426 30466
427 29210
428 28168
429 26590
430 25627
431 24102
432 23000
433 21888
434 20547
435 19497
436 18269
437 17420
438 16182
439 15068
440 13966
441 13327
442 12382
443 11274
444 10483
445 9635
446 8866
447 8004
448 7215
449 6749
450 6058
451 5445
452 4975
453 4498
454 4018
455 3662
456 3236
457 2848
458 2624
459 2261
460 2071
461 1762
462 1562
463 1386
464 1265
465 1073
466 977
467 849
468 676
469 623
470 557
471 481
472 423
473 383
474 315
475 275
476 259
477 245
478 219
479 180
480 178
481 159
482 146
483 105
484 95
485 115
486 118
487 79
488 74
489 83
490 74
491 67
492 58
493 60
494 46
495 55
496 42
497 39
498 26
499 39
500 28
501 27
502 24
503 30
504 21
505 21
506 25
507 29
508 17
509 15
510 25
511 17
512 20
513 19
514 18
515 18
516 16
517 15
518 21
519 19
520 9
521 16
522 10
523 18
524 6
525 14
526 12
527 7
528 3
529 7
530 6
531 7
532 5
533 10
534 6
535 3
536 9
537 6
538 5
539 14
540 12
541 13
542 11
543 6
544 15
545 10
546 8
547 16
548 15
549 8
550 23
551 17
552 9
553 10
554 10
555 13
556 5
557 18
558 4
559 12
560 14
561 5
562 12
563 6
564 10
565 11
566 8
567 12
568 11
569 10
570 14
571 7
572 4
573 8
574 10
575 4
576 10
577 8
578 3
579 9
580 9
581 5
582 7
583 11
584 9
585 3
586 4
587 7
588 13
589 4
590 6
591 5
592 7
593 8
594 5
595 5
596 8
597 7
598 8
599 5
600 12
601 9
602 9
603 14
604 6
605 4
606 5
607 7
608 1
609 9
610 7
611 9
612 4
613 8
614 2
615 8
616 6
617 5
618 3
619 7
620 7
621 7
622 11
623 7
624 5
625 3
626 4
627 8
628 3
629 6
630 5
631 6
632 4
633 5
634 6
635 5
636 6
637 3
638 7
639 7
640 8
641 2
642 3
643 3
644 2
645 1
646 2
647 2
648 1
649 6
650 1
651 2
652 5
653 7
654 2
655 2
656 3
657 6
658 5
659 10
660 19
661 8
662 6
663 9
664 6
665 7
666 4
667 6
668 5
669 6
670 6
671 6
672 3
673 3
674 5
675 2
676 5
677 6
678 1
679 6
680 1
681 4
682 2
683 9
684 5
685 1
686 3
687 8
688 4
689 6
690 4
691 3
692 2
693 3
694 1
695 1
696 6
697 6
698 4
699 5
700 2
701 3
702 4
703 2
705 5
706 1
707 2
708 2
709 2
710 5
712 1
713 4
714 1
715 4
716 4
717 3
718 3
719 3
720 8
721 2
722 3
723 5
724 3
725 6
726 4
727 2
728 9
729 2
730 5
731 3
732 3
733 2
735 3
736 1
737 1
738 1
739 5
740 1
741 1
742 4
744 3
746 2
747 1
748 2
749 6
750 3
751 2
752 1
753 7
754 2
755 2
756 15
757 7
758 5
759 3
760 6
761 5
762 5
763 7
764 5
765 6
766 5
767 4
768 8
769 7
770 12
771 9
772 10
773 12
774 14
775 19
776 18
777 23
778 26
779 24
780 28
781 42
782 43
783 36
784 40
785 39
786 45
787 46
788 44
789 40
790 45
791 51
792 59
793 55
794 60
795 58
796 56
797 74
798 77
799 73
800 53
801 60
802 96
803 55
804 75
805 83
806 72
807 67
808 85
809 82
810 67
811 72
812 61
813 64
814 71
815 75
816 82
817 76
818 69
819 72
820 64
821 62
822 68
823 75
824 76
825 74
826 73
827 70
828 63
829 92
830 68
831 68
832 58
833 62
834 68
835 72
836 69
837 57
838 64
839 51
840 54
841 42
842 45
843 47
844 54
845 50
846 51
847 51
848 38
849 30
850 43
851 38
852 38
853 45
854 33
855 32
856 32
857 37
858 24
859 28
860 26
861 20
862 33
863 28
864 22
865 23
866 22
867 14
868 18
869 17
870 15
871 7
872 10
873 13
874 12
875 9
876 7
877 10
878 4
879 16
880 7
881 8
882 4
883 8
884 9
885 11
886 2
887 10
888 6
889 11
890 4
891 1
892 8
893 5
894 5
895 12
896 2
897 3
898 4
899 4
900 5
901 4
902 1
903 3
904 3
906 1
908 4
909 1
910 1
911 3
912 3
913 4
914 1
917 1
918 2
919 3
920 1
922 1
923 2
924 3
925 4
926 2
927 3
928 1
929 2
931 1
933 1
935 3
936 4
937 2
938 2
939 2
940 5
941 3
943 3
944 1
945 2
946 2
947 1
948 2
949 1
950 1
951 1
952 2
953 1
956 1
958 2
959 2
960 1
961 2
962 2
964 4
965 1
967 1
970 2
971 3
972 1
973 3
974 3
975 1
976 2
977 1
978 4
979 4
980 2
981 1
982 3
983 2
984 1
985 4
986 3
987 1
988 4
989 3
990 3
991 5
992 3
994 2
995 3
996 2
998 2
999 2
1000 1
1001 2
1002 1
1003 2
1005 1
1006 1
1007 2
1008 2
1009 2
1010 1
1011 1
1012 1
1014 3
1015 1
1016 2
1017 1
1018 3
1019 2
1020 2
1021 3
1022 2
1023 4
1024 2
1025 4
1026 2
1030 1
1031 2
1033 2
1035 1
1037 3
1038 1
1040 1
1041 3
1042 1
1044 1
1045 3
1046 2
1047 1
1051 1
1053 2
1054 1
1055 1
1057 1
1060 1
1062 2
1063 1
1064 3
1066 2
1068 1
1069 2
1072 2
1073 1
1074 3
1075 1
1076 3
1077 1
1078 1
1079 4
1080 1
1081 1
1082 2
1083 4
1084 4
1085 2
1087 6
1088 1
1089 7
1090 2
1092 4
1093 2
1094 3
1095 2
1096 3
1098 3
1099 5
1100 1
1102 3
1103 1
1104 2
1105 1
1106 1
1107 2
1108 2
1109 1
1110 1
1111 1
1112 3
1113 1
1114 3
1116 2
1117 1
1118 3
1119 4
1120 5
1121 2
1122 1
1123 1
1124 2
1128 3
1130 1
1131 1
1132 1
1133 2
1134 2
1135 1
1136 1
1138 1
1140 1
1141 1
1143 1
1146 1
1153 1
1154 1
1155 1
1159 1
1160 1
1161 1
1163 2
1164 2
1165 2
1168 1
1170 1
1171 3
1172 2
1173 2
1174 2
1175 2
1177 1
1178 3
1180 1
1181 1
1182 3
1183 1
1185 2
1186 5
1187 2
1188 5
1189 4
1190 9
1191 3
1192 4
1193 2
1194 4
1195 5
1196 1
1197 2
1198 6
1199 1
1200 3
1201 1
1202 5
1203 4
1204 3
1205 2
1206 2
1207 6
1208 5
1209 2
1210 2
1211 4
1212 3
1213 3
1214 3
1215 1
1216 1
1217 2
1218 3
1219 3
1220 2
1221 2
1222 2
1223 6
1224 2
1225 5
1226 3
1227 4
1228 5
1229 6
1230 4
1231 6
1232 7
1233 5
1234 3
1236 5
1237 4
1238 3
1239 5
1240 5
1241 4
1242 2
1243 3
1244 4
1245 3
1246 4
1247 5
1248 5
1249 3
1251 2
1252 7
1253 3
1254 3
1255 3
1256 2
1257 2
1259 1
1260 2
1261 1
1264 1
1265 2
1266 2
1267 1
1268 4
1269 1
1272 2
1274 1
1277 1
1278 1
1281 2
1282 2
1283 1
1286 2
1287 2
1289 1
1291 1
1292 1
1295 1
1299 1
1304 2
1311 1
1337 1
1338 1
1339 2
1341 3
1344 2
1345 1
1346 4
1347 2
1348 2
1349 1
1350 1
1351 2
1352 1
1354 3
1356 2
1360 1
1361 2
1362 2
1363 1
1364 1
1365 2
1366 2
1368 2
1369 2
1370 3
1371 2
1372 1
1373 1
1374 3
1375 1
1376 1
1378 1
1379 2
1381 2
1382 1
1383 1
1384 3
1385 1
1386 3
1387 2
1388 1
1389 2
1390 3
1391 5
1392 5
1393 5
1394 3
1395 3
1396 1
1397 1
1398 2
1399 1
1401 3
1403 1
1407 1
1408 1
1410 2
1411 1
1412 1
1413 2
1415 1
1417 1
1418 1
1422 1
1424 1
1426 1
1427 1
1444 1
1451 1
1460 1
1462 1
1465 1
1470 1
1479 1
1483 1
1486 1
1563 1
1570 1
1573 2
1579 3
1580 1
1582 2
1585 3
1588 3
1590 1
1592 1
1594 1
1597 1
1600 1
1603 1
1612 1
1616 1
1619 2
1621 1
1623 1
1626 1
1627 1
1628 2
1630 1
1631 2
1633 1
1634 1
1635 2
1642 2
1645 1
1658 1
1663 1
1664 3
1666 2
1668 1
1669 2
1670 2
1673 2
1675 3
1676 1
1677 2
1680 1
1683 1
1684 3
1690 2
1714 1
1723 1
1726 1
1727 2
1772 2
1773 1
1906 1
1915 1
1920 1
1967 1
1970 1
1976 1
1981 2
1982 1
1983 1
1986 1
1988 1
1990 1
1996 1
1998 2
2001 1
2003 1
2005 1
2007 1
2010 1
2011 1
2012 1
2032 1
2039 1
2045 1
2057 1
2073 1
2081 1
2097 1
2376 1
2399 1
2404 1
2445 1
2472 1
2476 1
2479 1
2483 2
2484 1
2490 1
2491 1
2494 1
2500 1
2503 1
2505 1
2506 2
2508 1
2510 2
2511 1
2512 2
2513 2
2515 1
2530 1
2532 1
2538 1
2540 1
2542 1
2543 1
2544 2
2545 2
2548 1
2551 1
2774 1
2833 1
2842 1
2844 1
2858 1
3218 1
3222 1
3245 1
3566 1
3617 1
4034 1
4045 1
5103 1
5121 1
5131 2
5132 1
5136 2
5137 1
5140 1
5144 1
