1 22573047
2 13741311
3 9105546
4 6345300
5 4491030
6 3265956
7 2411301
8 1820733
9 1381855
10 1063689
11 850884
12 731981
13 688867
14 700473
15 742631
16 802102
17 863079
18 913954
19 956417
20 984656
21 993536
22 992659
23 975008
24 942597
25 899927
26 852058
27 799133
28 745583
29 693852
30 644164
31 600391
32 558351
33 518900
34 482499
35 446617
36 411811
37 377828
38 344334
39 315419
40 290646
41 270511
42 257091
43 253886
44 258286
45 271869
46 294140
47 323857
48 360735
49 404240
50 447512
51 497001
52 544763
53 588488
54 628957
55 660801
56 690928
57 714607
58 727224
59 734195
60 730619
61 721683
62 704962
63 682991
64 654538
65 623750
66 587519
67 549481
68 507942
69 467286
70 426316
71 386133
72 345719
73 308477
74 272674
75 239659
76 209541
77 181828
78 156753
79 134218
80 114790
81 97209
82 82722
83 70014
84 58884
85 50011
86 42309
87 36216
88 30851
89 26982
90 23504
91 20426
92 18245
93 16402
94 14760
95 13277
96 11842
97 10623
98 9904
99 9211
100 8227
101 7897
102 7563
103 6885
104 6579
105 6373
106 5881
107 5682
108 5521
109 5300
110 5236
111 5033
112 4921
113 4914
114 4818
115 4606
116 4453
117 4404
118 4321
119 4176
120 3830
121 3598
122 3476
123 3379
124 3219
125 3085
126 3065
127 2851
128 2647
129 2535
130 2315
131 2168
132 2114
133 2089
134 2021
135 1921
136 1830
137 1743
138 1679
139 1455
140 1514
141 1400
142 1366
143 1220
144 1050
145 999
146 838
147 864
148 841
149 747
150 754
151 730
152 697
153 621
154 603
155 516
156 518
157 499
158 482
159 522
160 509
161 525
162 498
163 461
164 453
165 475
166 478
167 470
168 443
169 451
170 421
171 434
172 397
173 445
174 442
175 410
176 406
177 393
178 395
179 383
180 386
181 384
182 385
183 409
184 368
185 419
186 422
187 450
188 424
189 388
190 404
191 420
192 425
193 433
194 509
195 459
196 481
197 482
198 490
199 478
200 478
201 412
202 470
203 403
204 410
205 371
206 377
207 361
208 333
209 353
210 331
211 353
212 378
213 377
214 378
215 360
216 390
217 421
218 370
219 359
220 379
221 358
222 363
223 376
224 363
225 356
226 324
227 319
228 344
229 296
230 264
231 273
232 277
233 236
234 254
235 229
236 228
237 217
238 196
239 226
240 221
241 212
242 223
243 215
244 215
245 232
246 173
247 193
248 170
249 136
250 163
251 132
252 126
253 139
254 117
255 130
256 135
257 142
258 111
259 133
260 154
261 126
262 142
263 130
264 135
265 144
266 149
267 143
268 139
269 141
270 122
271 121
272 152
273 145
274 151
275 145
276 162
277 182
278 178
279 175
280 157
281 163
282 162
283 182
284 175
285 187
286 186
287 186
288 186
289 182
290 197
291 178
292 167
293 189
294 163
295 156
296 150
297 156
298 126
299 137
300 145
301 104
302 151
303 129
304 138
305 124
306 133
307 131
308 119
309 104
310 100
311 110
312 83
313 101
314 90
315 74
316 98
317 74
318 70
319 87
320 84
321 79
322 87
323 79
324 82
325 103
326 100
327 92
328 89
329 100
330 101
331 83
332 93
333 93
334 79
335 76
336 71
337 71
338 77
339 67
340 75
341 60
342 63
343 66
344 85
345 66
346 65
347 56
348 53
349 42
350 57
351 57
352 48
353 48
354 34
355 48
356 57
357 51
358 43
359 61
360 55
361 54
362 47
363 56
364 49
365 52
366 55
367 35
368 50
369 51
370 47
371 38
372 32
373 30
374 32
375 39
376 42
377 43
378 35
379 33
380 37
381 42
382 29
383 47
384 25
385 35
386 37
387 27
388 32
389 33
390 34
391 32
392 33
393 35
394 33
395 31
396 37
397 48
398 50
399 32
400 44
401 56
402 43
403 39
404 43
405 44
406 33
407 34
408 33
409 29
410 29
411 49
412 32
413 31
414 27
415 36
416 35
417 27
418 36
419 32
420 25
421 29
422 38
423 32
424 47
425 51
426 34
427 44
428 47
429 44
430 29
431 52
432 30
433 36
434 30
435 30
436 35
437 25
438 25
439 38
440 29
441 32
442 23
443 36
444 28
445 33
446 24
447 45
448 43
449 27
450 31
451 31
452 19
453 28
454 23
455 20
456 16
457 8
458 10
459 16
460 21
461 19
462 22
463 15
464 16
465 20
466 14
467 22
468 17
469 14
470 19
471 16
472 14
473 15
474 14
475 16
476 12
477 13
478 19
479 11
480 9
481 16
482 8
483 10
484 9
485 10
486 10
487 12
488 13
489 7
490 13
491 23
492 11
493 13
494 13
495 8
496 10
497 18
498 12
499 16
500 9
501 13
502 11
503 10
504 4
505 11
506 9
507 10
508 8
509 5
510 10
511 7
512 6
513 6
514 5
515 4
516 8
517 6
518 9
519 5
520 5
521 7
522 7
523 7
524 17
525 9
526 8
527 9
528 9
529 10
530 7
531 14
532 10
533 13
534 11
535 14
536 12
537 8
538 12
539 14
540 14
541 6
542 1
543 10
544 8
545 7
546 5
547 5
548 6
549 9
550 2
551 7
552 5
553 5
554 3
555 4
556 5
557 3
558 10
559 4
560 3
561 5
562 5
563 5
564 8
565 7
566 7
567 7
568 3
569 10
570 5
571 6
572 7
573 3
574 4
575 5
576 7
577 4
578 6
579 6
580 5
581 8
582 10
583 3
584 7
585 11
586 9
587 5
588 10
589 6
590 12
591 6
592 19
593 11
594 8
595 9
596 5
597 11
598 9
599 7
600 9
601 8
602 2
603 7
604 8
605 4
606 8
607 12
608 9
609 6
610 2
611 2
612 4
613 4
614 5
615 20
616 10
617 6
618 17
619 3
620 7
621 15
622 8
623 9
624 10
625 7
626 6
627 6
628 10
629 10
630 11
631 7
632 3
633 7
634 6
635 9
636 10
637 5
638 2
639 6
640 6
641 3
642 2
643 4
644 2
645 1
646 5
647 3
648 7
649 4
650 2
651 6
652 6
653 9
654 7
655 4
656 14
657 8
658 8
659 11
660 10
661 14
662 10
663 8
664 11
665 14
666 10
667 10
668 14
669 10
670 10
671 6
672 6
673 8
674 6
675 9
676 6
677 5
678 8
679 2
680 7
681 7
682 6
683 4
684 5
685 2
686 2
687 5
688 7
689 7
690 9
691 3
692 5
693 6
694 9
695 6
696 12
697 3
698 7
699 11
700 9
701 4
702 6
703 7
704 5
705 1
706 2
707 2
708 2
709 4
710 4
711 6
712 4
713 7
714 6
715 5
716 7
717 8
718 6
719 8
720 3
721 9
722 6
723 6
724 8
725 9
726 8
727 3
728 10
729 14
730 7
731 10
732 13
733 4
734 11
735 7
736 6
737 10
738 6
739 12
740 9
741 11
742 12
743 18
744 11
745 12
746 15
747 11
748 10
749 11
750 11
751 10
752 12
753 9
754 9
755 8
756 12
757 4
758 8
759 9
760 8
761 12
762 9
763 6
764 10
765 4
766 10
767 6
768 11
769 6
770 6
771 7
772 16
773 8
774 10
775 12
776 12
777 12
778 5
779 4
780 12
781 9
782 8
783 3
784 9
785 10
786 8
787 11
788 9
789 13
790 14
791 13
792 7
793 5
794 9
795 7
796 8
797 11
798 5
799 11
800 10
801 6
802 13
803 9
804 10
805 6
806 11
807 3
808 6
809 10
810 11
811 13
812 7
813 14
814 11
815 12
816 11
817 15
818 14
819 7
820 11
821 9
822 9
823 7
824 9
825 8
826 9
827 11
828 11
829 5
830 7
831 10
832 10
833 11
834 8
835 9
836 5
837 14
838 2
839 7
840 7
841 3
842 7
843 9
844 7
845 8
846 5
847 4
848 3
849 4
850 4
851 6
852 3
853 2
854 6
855 1
856 2
857 2
858 4
860 2
861 2
862 2
864 1
865 1
870 3
871 3
872 1
873 2
874 1
875 1
876 1
878 6
879 1
880 1
881 6
882 1
883 3
884 2
885 7
886 6
887 4
888 5
889 7
890 2
891 2
892 6
893 2
894 1
895 5
896 6
897 2
898 6
899 6
900 10
901 4
902 7
903 6
904 6
905 1
906 4
907 4
908 7
909 1
910 2
911 4
912 9
913 7
914 2
915 7
916 4
917 4
918 7
919 2
920 6
921 5
922 2
923 4
924 2
925 1
926 3
927 5
928 4
930 1
931 1
933 1
936 1
938 2
939 3
940 1
941 1
943 2
944 3
945 4
946 3
947 3
948 2
949 4
953 1
956 1
957 3
960 1
961 2
962 2
963 1
964 2
971 1
972 1
973 1
975 2
977 3
978 1
980 1
982 3
984 1
986 1
987 1
988 2
992 1
993 1
998 1
1000 2
1003 2
1004 1
1005 1
1008 2
1009 2
1011 1
1012 2
1014 3
1015 1
1016 1
1017 1
1018 1
1020 1
1025 2
1043 2
1045 1
1046 1
1049 1
1050 1
1051 2
1052 2
1058 1
1060 2
1061 2
1063 1
1064 2
1066 1
1069 1
1071 1
1072 1
1076 1
1077 2
1078 1
1080 2
1081 2
1082 1
1083 1
1084 1
1086 2
1087 1
1091 2
1092 1
1095 1
1103 1
1106 2
1107 3
1113 1
1114 3
1115 1
1118 1
1131 1
1136 1
1138 2
1139 1
1141 1
1142 2
1144 2
1145 1
1147 2
1148 1
1151 2
1154 1
1155 1
1156 1
1161 2
1163 2
1164 1
1168 1
1169 1
1170 1
1171 1
1175 6
1178 2
1179 1
1181 1
1182 1
1183 1
1184 1
1185 1
1186 2
1188 1
1194 1
1196 1
1201 1
1209 1
1210 1
1214 1
1222 1
1224 1
1225 1
1226 1
1227 1
1228 1
1230 1
1234 2
1235 1
1242 1
1248 1
1249 1
1250 1
1253 2
1277 1
1280 1
1282 1
1290 2
1291 1
1293 1
1315 1
1319 1
1328 1
1338 1
1341 2
1342 1
1343 1
1344 1
1345 1
1348 1
1353 1
1354 1
1381 1
1397 1
1406 1
1407 1
1413 1
1416 1
1418 2
1427 1
1428 1
1437 1
1467 2
1471 1
1473 1
1474 1
1476 1
1477 1
1478 2
1483 2
1484 1
1486 1
1497 1
1531 1
1532 1
1541 1
1547 1
1554 1
1583 1
1594 1
1666 1
1670 2
1678 1
1680 2
1681 1
1685 1
1688 1
1690 1
1748 1
1750 1
1752 1
1760 1
1761 1
1764 1
1771 1
1784 1
1790 1
1791 1
1796 1
1798 1
1799 2
1805 1
1808 2
1811 1
1812 2
1814 2
1819 1
1824 1
1825 1
1826 1
1828 1
1833 1
1836 1
1842 1
1851 1
1861 1
1865 2
1875 1
1876 1
1879 2
1880 1
1881 1
1882 1
1884 2
1885 2
1890 1
1893 1
1895 1
1897 1
1902 1
1903 1
1909 1
1910 2
1911 1
1918 1
1972 1
1998 1
2005 1
2014 2
2020 1
2027 1
2030 1
2042 1
2066 1
2075 2
2205 1
2217 1
2238 1
2240 1
2248 1
2249 1
2253 1
2270 1
2272 1
2279 1
2305 1
2308 2
2310 1
2312 1
2323 2
2324 1
2328 1
2329 1
2330 1
2331 1
2333 1
2351 1
2353 1
2381 1
2384 1
2433 1
2446 1
2667 1
2671 1
2682 1
2694 2
2701 1
2725 1
2726 1
2727 1
2733 1
2734 1
2741 1
2746 3
2747 2
2752 1
2769 1
3827 1
3838 1
4112 1
4301 1
4302 1
4556 1
5819 1
5871 1
5877 1
5878 1
5882 1
5884 1
5889 1
5894 1
5900 1
5901 1
5914 1
