1 21050498
2 8118217
3 3783602
4 2218709
5 1577274
6 1269650
7 1132279
8 1127988
9 1202732
10 1284042
11 1332064
12 1339574
13 1309290
14 1247079
15 1179653
16 1099021
17 1014745
18 931226
19 844254
20 757852
21 667470
22 585120
23 508277
24 441939
25 388571
26 347273
27 315391
28 296387
29 283199
30 276589
31 275340
32 275313
33 278326
34 280833
35 284493
36 288974
37 290591
38 293363
39 292903
40 294054
41 295050
42 293965
43 292933
44 290839
45 288936
46 286105
47 283251
48 277739
49 272923
50 265328
51 257032
52 246787
53 233167
54 218710
55 202432
56 183986
57 166075
58 148171
59 129618
60 110829
61 94206
62 78885
63 64579
64 52380
65 41693
66 33898
67 26521
68 20718
69 16224
70 12166
71 9499
72 7421
73 5948
74 4710
75 3783
76 3066
77 2613
78 2250
79 1931
80 1740
81 1614
82 1537
83 1488
84 1366
85 1359
86 1299
87 1179
88 1127
89 1122
90 1070
91 1025
92 1004
93 971
94 956
95 967
96 893
97 875
98 904
99 879
100 819
101 843
102 846
103 858
104 886
105 902
106 847
107 831
108 831
109 813
110 743
111 730
112 784
113 729
114 725
115 704
116 675
117 678
118 611
119 607
120 561
121 563
122 536
123 450
124 442
125 411
126 338
127 335
128 317
129 295
130 286
131 236
132 250
133 241
134 230
135 246
136 212
137 225
138 229
139 217
140 225
141 214
142 263
143 240
144 298
145 282
146 289
147 290
148 366
149 336
150 348
151 386
152 369
153 377
154 382
155 391
156 344
157 351
158 356
159 353
160 389
161 338
162 326
163 319
164 292
165 304
166 280
167 266
168 247
169 262
170 247
171 271
172 254
173 219
174 209
175 235
176 210
177 245
178 207
179 216
180 189
181 161
182 159
183 145
184 127
185 141
186 148
187 141
188 125
189 126
190 143
191 123
192 122
193 120
194 131
195 100
196 100
197 88
198 77
199 85
200 74
201 86
202 93
203 66
204 75
205 74
206 93
207 84
208 82
209 83
210 78
211 74
212 71
213 72
214 54
215 80
216 90
217 98
218 71
219 79
220 110
221 128
222 143
223 214
224 191
225 256
226 347
227 371
228 474
229 537
230 739
231 793
232 1031
233 1281
234 1393
235 1672
236 2189
237 2463
238 2856
239 3309
240 3891
241 4345
242 5158
243 5695
244 6604
245 7438
246 8393
247 9634
248 10667
249 12010
250 13539
251 15003
252 16601
253 18463
254 20296
255 22193
256 24050
257 26390
258 28651
259 31079
260 33621
261 36229
262 38654
263 41338
264 44179
265 46482
266 49344
267 52305
268 55139
269 57867
270 60622
271 63737
272 66757
273 69932
274 72589
275 75148
276 78155
277 80473
278 83335
279 85530
280 88380
281 90675
282 91988
283 93939
284 95758
285 97604
286 98897
287 100450
288 101659
289 102432
290 104092
291 104296
292 105135
293 105955
294 106044
295 105900
296 105986
297 105695
298 105631
299 104575
300 103131
301 102171
302 100909
303 98654
304 96711
305 94846
306 93061
307 90730
308 87990
309 85519
310 82339
311 79796
312 76569
313 73711
314 70442
315 67229
316 63906
317 60680
318 57020
319 54212
320 50548
321 47707
322 45334
323 42178
324 39140
325 36455
326 34127
327 31145
328 28851
329 26618
330 24273
331 22307
332 20332
333 18439
334 16849
335 15282
336 13758
337 12487
338 11061
339 10029
340 8824
341 7907
342 6844
343 6107
344 5387
345 4620
346 4148
347 3595
348 3207
349 2687
350 2391
351 2152
352 1795
353 1647
354 1308
355 1162
356 1020
357 866
358 711
359 658
360 577
361 466
362 399
363 328
364 309
365 283
366 232
367 204
368 163
369 136
370 128
371 117
372 98
373 79
374 87
375 85
376 72
377 61
378 61
379 53
380 45
381 47
382 42
383 25
384 27
385 30
386 30
387 29
388 18
389 30
390 36
391 36
392 47
393 53
394 42
395 37
396 36
397 35
398 33
399 43
400 29
401 67
402 59
403 37
404 52
405 41
406 40
407 51
408 39
409 50
410 44
411 46
412 48
413 34
414 49
415 43
416 53
417 38
418 44
419 31
420 31
421 34
422 39
423 42
424 31
425 26
426 36
427 54
428 37
429 35
430 36
431 44
432 20
433 25
434 29
435 20
436 26
437 20
438 29
439 23
440 17
441 24
442 17
443 19
444 22
445 12
446 20
447 28
448 30
449 15
450 31
451 30
452 21
453 21
454 21
455 12
456 16
457 18
458 22
459 15
460 21
461 16
462 15
463 18
464 6
465 10
466 9
467 14
468 7
469 8
470 5
471 10
472 9
473 12
474 9
475 13
476 15
477 11
478 14
479 18
480 9
481 14
482 5
483 10
484 15
485 10
486 11
487 8
488 18
489 8
490 16
491 11
492 12
493 15
494 9
495 14
496 6
497 14
498 12
499 9
500 10
501 12
502 18
503 13
504 16
505 25
506 29
507 31
508 25
509 31
510 37
511 49
512 38
513 45
514 51
515 54
516 68
517 68
518 64
519 52
520 76
521 100
522 81
523 93
524 107
525 90
526 77
527 112
528 132
529 126
530 145
531 140
532 148
533 163
534 176
535 146
536 174
537 167
538 190
539 211
540 185
541 218
542 192
543 228
544 232
545 225
546 242
547 256
548 288
549 293
550 318
551 330
552 273
553 328
554 318
555 329
556 337
557 315
558 310
559 308
560 334
561 319
562 344
563 343
564 282
565 328
566 338
567 350
568 318
569 329
570 329
571 346
572 321
573 319
574 317
575 321
576 338
577 329
578 338
579 370
580 353
581 333
582 378
583 341
584 317
585 354
586 332
587 364
588 342
589 337
590 359
591 347
592 331
593 338
594 339
595 349
596 397
597 348
598 327
599 344
600 340
601 376
602 347
603 317
604 337
605 339
606 331
607 305
608 283
609 308
610 273
611 290
612 281
613 271
614 286
615 318
616 278
617 259
618 246
619 246
620 255
621 229
622 222
623 235
624 213
625 219
626 215
627 214
628 178
629 188
630 187
631 168
632 160
633 158
634 158
635 136
636 124
637 103
638 108
639 87
640 109
641 89
642 94
643 75
644 82
645 66
646 68
647 53
648 56
649 53
650 39
651 54
652 51
653 57
654 45
655 38
656 38
657 46
658 42
659 32
660 34
661 31
662 35
663 38
664 22
665 31
666 27
667 18
668 26
669 26
670 17
671 18
672 21
673 15
674 12
675 11
676 17
677 18
678 16
679 12
680 12
681 10
682 14
683 8
684 10
685 12
686 12
687 13
688 12
689 12
690 6
691 11
692 11
693 11
694 6
695 9
696 13
697 7
698 13
699 15
700 13
701 7
702 3
703 8
704 9
705 9
706 9
707 13
708 8
709 9
710 7
711 9
712 14
713 15
714 9
715 11
716 11
717 8
718 7
719 11
720 6
721 7
722 12
723 13
724 18
725 10
726 8
727 12
728 9
729 8
730 9
731 10
732 12
733 15
734 20
735 10
736 14
737 10
738 7
739 7
740 18
741 12
742 12
743 10
744 12
745 6
746 13
747 4
748 9
749 8
750 13
751 11
752 7
753 6
754 14
755 14
756 10
757 8
758 14
759 12
760 15
761 8
762 11
763 19
764 20
765 13
766 27
767 25
768 19
769 24
770 23
771 24
772 26
773 27
774 42
775 33
776 24
777 33
778 37
779 29
780 38
781 34
782 49
783 53
784 47
785 48
786 67
787 54
788 52
789 48
790 63
791 54
792 58
793 59
794 63
795 74
796 81
797 66
798 85
799 99
800 83
801 105
802 94
803 106
804 78
805 96
806 106
807 105
808 136
809 114
810 118
811 128
812 124
813 129
814 117
815 105
816 117
817 154
818 124
819 124
820 142
821 134
822 148
823 151
824 138
825 119
826 120
827 145
828 163
829 120
830 144
831 142
832 131
833 137
834 134
835 138
836 131
837 134
838 130
839 135
840 124
841 140
842 154
843 145
844 128
845 146
846 128
847 138
848 136
849 118
850 136
851 128
852 106
853 122
854 133
855 122
856 108
857 84
858 89
859 89
860 99
861 75
862 95
863 86
864 86
865 75
866 90
867 77
868 65
869 72
870 57
871 73
872 55
873 67
874 66
875 68
876 48
877 73
878 56
879 56
880 56
881 55
882 55
883 44
884 49
885 45
886 49
887 36
888 44
889 31
890 33
891 32
892 39
893 38
894 30
895 35
896 19
897 51
898 34
899 43
900 28
901 39
902 50
903 31
904 32
905 27
906 27
907 37
908 28
909 32
910 29
911 20
912 27
913 23
914 23
915 24
916 31
917 24
918 29
919 22
920 27
921 19
922 26
923 13
924 24
925 17
926 28
927 17
928 18
929 16
930 33
931 21
932 18
933 17
934 23
935 23
936 24
937 29
938 32
939 18
940 21
941 19
942 21
943 22
944 22
945 18
946 25
947 25
948 16
949 22
950 20
951 23
952 22
953 24
954 30
955 13
956 23
957 19
958 20
959 14
960 20
961 17
962 24
963 15
964 14
965 10
966 19
967 14
968 11
969 14
970 20
971 9
972 12
973 13
974 14
975 17
976 14
977 10
978 18
979 13
980 22
981 8
982 10
983 13
984 12
985 14
986 10
987 6
988 10
989 6
990 5
991 7
992 9
993 9
994 11
995 9
996 9
997 6
998 8
999 9
1000 7
1001 6
1002 6
1003 11
1004 7
1005 2
1006 2
1007 6
1008 5
1009 4
1010 5
1011 3
1012 3
1013 5
1014 1
1015 1
1016 3
1017 2
1018 2
1019 1
1020 3
1022 3
1023 4
1024 3
1025 4
1026 3
1027 2
1028 2
1029 4
1030 6
1031 4
1032 1
1033 5
1034 4
1035 4
1036 4
1037 3
1038 3
1040 3
1041 5
1042 7
1043 3
1044 7
1045 1
1046 2
1047 7
1049 4
1050 8
1051 8
1052 7
1053 5
1054 8
1055 6
1056 7
1057 4
1058 11
1059 15
1060 12
1061 11
1062 14
1063 9
1064 5
1065 9
1066 27
1067 18
1068 28
1069 21
1070 24
1071 27
1072 33
1073 28
1074 26
1075 32
1076 32
1077 34
1078 45
1079 23
1080 35
1081 31
1082 51
1083 38
1084 35
1085 34
1086 43
1087 44
1088 32
1089 43
1090 35
1091 37
1092 40
1093 34
1094 50
1095 37
1096 44
1097 50
1098 34
1099 54
1100 45
1101 37
1102 33
1103 46
1104 55
1105 40
1106 40
1107 42
1108 38
1109 39
1110 34
1111 30
1112 32
1113 38
1114 40
1115 47
1116 36
1117 45
1118 41
1119 38
1120 33
1121 34
1122 33
1123 36
1124 39
1125 41
1126 42
1127 36
1128 35
1129 41
1130 34
1131 26
1132 34
1133 34
1134 32
1135 27
1136 32
1137 22
1138 33
1139 24
1140 31
1141 36
1142 19
1143 30
1144 20
1145 19
1146 21
1147 19
1148 25
1149 18
1150 22
1151 27
1152 18
1153 25
1154 17
1155 31
1156 21
1157 26
1158 32
1159 29
1160 29
1161 29
1162 21
1163 25
1164 25
1165 25
1166 18
1167 23
1168 15
1169 32
1170 33
1171 33
1172 25
1173 39
1174 27
1175 29
1176 31
1177 36
1178 29
1179 32
1180 39
1181 28
1182 34
1183 31
1184 29
1185 37
1186 43
1187 36
1188 34
1189 42
1190 49
1191 32
1192 45
1193 50
1194 51
1195 33
1196 46
1197 33
1198 34
1199 37
1200 36
1201 51
1202 36
1203 26
1204 30
1205 32
1206 33
1207 23
1208 27
1209 23
1210 25
1211 29
1212 27
1213 33
1214 23
1215 22
1216 28
1217 24
1218 31
1219 38
1220 25
1221 25
1222 21
1223 25
1224 23
1225 32
1226 26
1227 33
1228 30
1229 32
1230 21
1231 40
1232 29
1233 30
1234 32
1235 25
1236 23
1237 35
1238 26
1239 28
1240 25
1241 16
1242 14
1243 13
1244 14
1245 15
1246 8
1247 14
1248 12
1249 18
1250 25
1251 17
1252 15
1253 20
1254 21
1255 16
1256 12
1257 14
1258 18
1259 12
1260 9
1261 15
1262 9
1263 15
1264 16
1265 11
1266 10
1267 12
1268 8
1269 11
1270 13
1271 9
1272 6
1273 8
1274 9
1275 3
1276 6
1277 5
1278 3
1279 6
1280 1
1281 3
1282 4
1283 2
1284 2
1285 7
1286 7
1287 2
1288 5
1289 1
1290 5
1291 4
1292 5
1293 5
1294 5
1295 3
1296 3
1297 3
1298 1
1299 5
1300 2
1301 4
1302 3
1303 5
1304 5
1305 4
1306 6
1307 8
1308 7
1309 5
1310 2
1311 4
1312 7
1314 3
1315 4
1316 5
1317 4
1318 6
1319 3
1320 3
1321 4
1322 2
1323 3
1324 6
1325 3
1326 3
1328 6
1329 5
1330 3
1331 5
1332 5
1333 6
1334 7
1335 3
1336 2
1337 6
1338 7
1339 9
1340 9
1341 10
1342 14
1343 11
1344 12
1345 13
1346 6
1347 10
1348 21
1349 10
1350 15
1351 13
1352 17
1353 6
1354 12
1355 22
1356 15
1357 15
1358 16
1359 21
1360 18
1361 14
1362 14
1363 19
1364 23
1365 17
1366 17
1367 22
1368 21
1369 25
1370 27
1371 17
1372 21
1373 18
1374 27
1375 21
1376 22
1377 26
1378 24
1379 33
1380 18
1381 22
1382 31
1383 25
1384 29
1385 38
1386 34
1387 35
1388 21
1389 35
1390 31
1391 25
1392 29
1393 16
1394 20
1395 40
1396 16
1397 27
1398 29
1399 24
1400 25
1401 21
1402 25
1403 27
1404 26
1405 13
1406 20
1407 20
1408 27
1409 28
1410 17
1411 23
1412 23
1413 15
1414 16
1415 19
1416 26
1417 24
1418 20
1419 21
1420 18
1421 19
1422 17
1423 19
1424 11
1425 15
1426 12
1427 19
1428 14
1429 21
1430 16
1431 15
1432 17
1433 17
1434 13
1435 14
1436 16
1437 15
1438 25
1439 12
1440 8
1441 17
1442 18
1443 10
1444 12
1445 8
1446 14
1447 9
1448 12
1449 11
1450 5
1451 15
1452 11
1453 14
1454 4
1455 11
1456 10
1457 10
1458 10
1459 10
1460 14
1461 8
1462 10
1463 6
1464 12
1465 7
1466 13
1467 7
1468 16
1469 10
1470 8
1471 10
1472 8
1473 8
1474 10
1475 10
1476 15
1477 4
1478 10
1479 8
1480 12
1481 8
1482 14
1483 18
1484 9
1485 12
1486 9
1487 7
1488 11
1489 13
1490 14
1491 11
1492 9
1493 16
1494 18
1495 11
1496 12
1497 14
1498 12
1499 13
1500 11
1501 10
1502 12
1503 15
1504 21
1505 21
1506 10
1507 11
1508 9
1509 11
1510 13
1511 11
1512 15
1513 15
1514 12
1515 18
1516 11
1517 11
1518 13
1519 14
1520 14
1521 18
1522 19
1523 14
1524 12
1525 14
1526 11
1527 8
1528 15
1529 11
1530 12
1531 13
1532 10
1533 14
1534 10
1535 9
1536 11
1537 9
1538 11
1539 5
1540 8
1541 5
1542 9
1543 10
1544 5
1545 11
1546 15
1547 7
1548 6
1549 8
1550 4
1551 12
1552 6
1553 13
1554 10
1555 11
1556 7
1557 7
1558 10
1559 6
1560 6
1561 7
1562 5
1563 14
1564 9
1565 9
1566 11
1567 10
1568 10
1569 7
1570 8
1571 5
1572 7
1573 10
1574 7
1575 5
1576 7
1577 7
1578 3
1579 4
1580 4
1581 6
1582 4
1583 7
1584 5
1585 5
1586 4
1587 2
1588 2
1589 6
1590 4
1591 6
1592 3
1593 4
1594 1
1595 5
1596 4
1597 4
1598 6
1599 6
1600 6
1601 2
1602 6
1603 7
1604 4
1605 11
1606 10
1607 4
1608 7
1609 6
1610 11
1611 11
1612 11
1613 8
1614 8
1615 9
1616 12
1617 10
1618 7
1619 10
1620 6
1621 14
1622 15
1623 14
1624 12
1625 9
1626 12
1627 7
1628 12
1629 11
1630 9
1631 15
1632 15
1633 16
1634 19
1635 15
1636 9
1637 16
1638 12
1639 11
1640 12
1641 18
1642 16
1643 19
1644 18
1645 16
1646 13
1647 17
1648 19
1649 22
1650 18
1651 27
1652 21
1653 29
1654 17
1655 19
1656 30
1657 20
1658 20
1659 24
1660 29
1661 34
1662 23
1663 26
1664 18
1665 21
1666 20
1667 28
1668 17
1669 24
1670 26
1671 16
1672 18
1673 28
1674 20
1675 22
1676 24
1677 25
1678 16
1679 24
1680 22
1681 22
1682 28
1683 34
1684 18
1685 27
1686 16
1687 29
1688 25
1689 30
1690 19
1691 21
1692 14
1693 15
1694 22
1695 17
1696 22
1697 22
1698 21
1699 14
1700 22
1701 14
1702 9
1703 12
1704 15
1705 18
1706 16
1707 13
1708 13
1709 8
1710 15
1711 9
1712 11
1713 10
1714 10
1715 17
1716 15
1717 9
1718 11
1719 16
1720 13
1721 15
1722 17
1723 15
1724 8
1725 18
1726 13
1727 16
1728 4
1729 11
1730 11
1731 8
1732 5
1733 6
1734 1
1735 7
1736 3
1737 4
1738 2
1739 5
1740 2
1741 2
1742 1
1743 1
1745 1
1746 2
1748 1
1750 1
1751 2
1752 2
1753 1
1754 2
1755 2
1756 1
1757 2
1758 4
1759 1
1760 1
1763 2
1764 3
1766 1
1767 1
1768 1
1769 1
1771 1
1772 2
1773 3
1775 2
1776 4
1777 3
1778 4
1779 3
1780 2
1781 1
1782 1
1783 3
1784 2
1785 3
1788 3
1789 2
1792 3
1793 7
1794 1
1795 6
1796 6
1797 3
1798 2
1799 6
1800 6
1801 9
1802 2
1803 5
1804 3
1805 3
1806 3
1807 4
1808 5
1809 8
1810 2
1811 8
1812 2
1813 4
1814 11
1815 5
1817 5
1818 7
1819 4
1820 1
1821 6
1822 2
1823 3
1824 3
1825 2
1826 3
1827 2
1828 1
1829 4
1830 3
1831 2
1832 2
1833 1
1834 2
1835 2
1836 1
1837 3
1838 3
1839 3
1840 4
1841 3
1843 3
1844 3
1845 1
1846 1
1847 1
1848 3
1849 1
1850 6
1851 4
1852 2
1853 3
1854 1
1855 6
1856 1
1857 2
1858 2
1859 4
1860 1
1861 4
1862 3
1863 3
1864 1
1865 2
1866 1
1867 2
1868 4
1869 1
1870 4
1872 2
1873 2
1874 3
1875 2
1877 2
1878 1
1879 3
1880 1
1881 4
1882 3
1883 1
1884 2
1886 1
1887 1
1888 2
1889 2
1890 2
1892 1
1893 1
1900 2
1901 1
1904 4
1906 3
1909 3
1910 3
1912 3
1913 2
1914 7
1915 2
1918 2
1919 1
1920 3
1921 1
1923 1
1924 4
1925 3
1926 1
1927 4
1930 1
1933 1
1936 1
1939 1
1943 3
1944 1
1945 1
1946 1
1947 1
1948 2
1949 3
1950 2
1951 2
1952 1
1953 1
1954 2
1955 2
1956 2
1957 5
1958 3
1959 3
1960 5
1961 2
1962 3
1963 4
1964 3
1965 1
1966 2
1967 4
1968 3
1969 2
1970 2
1971 4
1972 6
1973 2
1974 9
1975 8
1976 5
1977 4
1978 2
1979 2
1980 7
1981 1
1982 2
1984 3
1985 1
1986 2
1987 3
1988 4
1989 2
1990 4
1991 4
1992 1
1993 3
1994 2
1996 2
1997 2
1998 2
1999 1
2000 4
2001 1
2002 2
2003 1
2004 1
2011 1
2012 3
2015 2
2016 4
2017 1
2019 1
2021 2
2023 2
2024 1
2025 2
2026 1
2034 2
2038 1
2042 1
2043 1
2045 1
2046 2
2047 1
2048 2
2049 2
2051 1
2052 3
2056 3
2060 1
2065 2
2066 1
2067 1
2073 1
2076 1
2078 2
2081 1
2089 1
2090 2
2093 1
2094 1
2095 2
2097 1
2098 1
2101 1
2103 2
2104 1
2105 1
2110 1
2111 2
2112 1
2113 3
2114 2
2116 2
2117 1
2118 1
2119 1
2122 2
2123 3
2124 1
2125 2
2126 2
2127 1
2129 1
2130 1
2131 1
2132 2
2135 1
2136 2
2137 1
2138 1
2140 3
2141 2
2142 1
2143 1
2144 1
2145 1
2146 1
2147 2
2148 1
2149 1
2150 4
2151 1
2152 4
2154 1
2156 2
2157 3
2158 2
2159 3
2160 2
2162 2
2164 2
2165 3
2167 1
2168 2
2172 2
2173 6
2174 2
2175 4
2176 2
2177 2
2178 1
2179 3
2180 1
2181 2
2183 2
2184 2
2185 1
2187 1
2188 2
2189 4
2190 3
2191 1
2192 2
2194 3
2195 1
2196 1
2199 1
2200 2
2204 2
2205 2
2206 2
2207 1
2208 1
2209 1
2210 1
2211 1
2212 3
2213 1
2214 3
2215 5
2216 1
2217 2
2219 2
2221 4
2222 1
2224 3
2225 3
2226 2
2227 1
2228 7
2229 4
2230 1
2231 2
2232 1
2234 1
2235 3
2236 2
2237 2
2238 2
2239 1
2243 1
2244 2
2245 1
2246 1
2249 1
2252 1
2253 1
2256 1
2258 1
2261 1
2264 1
2277 1
2278 1
2289 1
2290 1
2294 1
2295 1
2299 1
2300 2
2316 1
2321 1
2325 1
2328 2
2330 1
2332 1
2334 1
2337 1
2338 1
2339 1
2342 1
2343 1
2344 2
2345 1
2348 2
2351 1
2352 1
2356 2
2360 1
2372 1
2375 1
2388 2
2392 1
2399 1
2402 1
2403 1
2404 1
2405 1
2406 1
2408 2
2409 1
2411 3
2412 1
2416 1
2418 2
2419 1
2420 2
2421 2
2422 1
2424 1
2425 2
2426 1
2427 1
2428 1
2429 4
2430 1
2432 1
2433 2
2434 1
2438 3
2439 2
2440 1
2441 1
2442 1
2444 1
2445 1
2447 1
2448 1
2451 2
2452 1
2454 2
2455 1
2456 1
2457 1
2461 1
2464 1
2465 1
2472 1
2476 1
2479 1
2480 1
2482 2
2483 1
2484 2
2485 1
2487 1
2490 1
2491 3
2492 2
2493 6
2494 1
2495 3
2496 2
2498 1
2499 4
2500 1
2503 3
2504 3
2505 1
2507 1
2508 3
2509 3
2510 2
2511 1
2512 3
2513 2
2514 2
2515 2
2516 3
2517 5
2518 3
2519 3
2520 2
2522 3
2523 4
2524 3
2525 3
2526 1
2528 3
2529 1
2530 1
2535 2
2536 1
2537 2
2538 2
2539 1
2541 1
2542 2
2544 1
2545 1
2546 2
2547 1
2548 1
2550 1
2552 2
2553 2
2554 1
2558 1
2563 1
2565 1
2569 2
2571 1
2573 1
2592 1
2610 1
2631 1
2655 1
2661 1
2662 1
2664 2
2666 2
2667 1
2670 2
2671 1
2672 1
2673 3
2674 3
2676 2
2677 3
2678 3
2681 2
2682 1
2683 2
2684 4
2685 3
2686 1
2692 1
2693 2
2696 2
2697 2
2698 1
2699 2
2700 1
2701 3
2702 2
2704 2
2705 2
2706 2
2707 1
2708 1
2710 1
2711 1
2714 1
2715 1
2717 4
2718 1
2720 3
2721 1
2722 2
2723 3
2725 1
2731 1
2733 2
2734 2
2735 2
2740 1
2741 1
2742 3
2743 3
2744 1
2746 1
2748 4
2749 2
2750 3
2751 1
2752 2
2753 2
2754 2
2757 4
2758 1
2760 3
2761 3
2762 1
2763 1
2764 3
2765 3
2769 1
2770 2
2771 3
2772 2
2773 1
2775 2
2776 2
2777 4
2778 2
2779 5
2780 4
2781 3
2782 6
2783 2
2784 1
2786 4
2787 3
2788 3
2789 3
2790 5
2791 3
2792 3
2793 4
2794 5
2795 1
2797 5
2798 5
2800 4
2801 2
2803 1
2804 2
2805 2
2806 2
2807 1
2808 5
2810 3
2811 3
2813 1
2814 2
2815 1
2816 2
2817 5
2821 1
2822 2
2823 2
2824 2
2827 3
2828 2
2830 3
2831 1
2832 1
2833 2
2834 3
2835 1
2837 1
2839 1
2840 4
2841 1
2845 1
2847 1
2848 1
2858 2
2862 1
2865 1
2876 1
2882 1
2883 1
2897 1
2900 1
2906 2
2908 1
2910 1
2911 1
2912 1
2914 3
2915 3
2921 3
2922 1
2923 2
2924 1
2927 1
2928 2
2929 2
2931 1
2932 2
2933 1
2934 1
2938 1
2939 4
2940 1
2941 2
2942 2
2943 1
2944 5
2945 1
2947 2
2948 1
2949 2
2950 2
2952 1
2953 3
2955 1
2956 1
2957 2
2958 1
2959 2
2960 3
2961 2
2962 3
2963 3
2964 4
2965 2
2966 1
2967 1
2968 1
2969 1
2970 4
2971 1
2972 2
2973 3
2974 1
2975 4
2976 2
2977 5
2978 4
2979 4
2980 1
2981 1
2982 3
2983 3
2984 1
2986 2
2987 3
2988 3
2989 6
2990 1
2991 4
2992 2
2993 2
2994 2
2995 2
2996 3
2997 2
2998 2
2999 3
3002 2
3003 1
3004 1
3005 4
3006 1
3007 1
3008 4
3009 1
3010 1
3011 2
3012 2
3014 2
3015 1
3016 3
3018 2
3019 2
3020 2
3021 3
3022 2
3023 3
3024 5
3025 5
3026 2
3027 4
3028 11
3029 4
3030 3
3031 7
3032 5
3033 7
3034 1
3035 3
3036 6
3037 6
3038 3
3039 4
3040 1
3041 5
3042 2
3043 2
3044 4
3045 3
3046 6
3047 3
3048 9
3049 4
3050 4
3051 6
3052 3
3053 5
3054 3
3055 6
3056 9
3057 5
3058 5
3059 7
3060 2
3061 4
3062 3
3063 4
3064 5
3065 3
3066 5
3067 5
3068 3
3069 5
3070 5
3071 3
3072 2
3073 4
3074 4
3075 1
3076 4
3077 2
3078 2
3079 1
3080 3
3081 1
3082 3
3083 2
3085 3
3086 1
3087 1
3088 2
3089 1
3090 1
3091 2
3093 4
3095 1
3097 1
3098 1
3101 1
3102 1
3103 1
3106 1
3107 1
3108 4
3110 1
3111 3
3112 3
3113 2
3114 2
3115 3
3116 1
3117 2
3118 3
3119 3
3121 2
3124 2
3125 1
3128 1
3129 1
3131 2
3132 1
3134 1
3137 1
3138 2
3139 1
3142 1
3145 1
3156 1
3160 1
3166 1
3168 1
3170 2
3171 1
3174 1
3175 2
3176 1
3178 2
3179 1
3182 2
3183 1
3184 1
3192 1
3194 1
3195 1
3202 1
3208 1
3217 1
3240 1
3243 1
3247 1
3259 1
3261 2
3263 1
3264 1
3266 1
3270 1
3271 1
3272 2
3273 3
3274 1
3276 2
3278 1
3280 1
3281 1
3283 2
3285 2
3286 1
3287 3
3288 1
3289 3
3290 1
3292 1
3294 3
3295 3
3296 1
3297 4
3298 1
3300 1
3301 2
3302 4
3305 4
3307 2
3309 2
3310 2
3311 1
3312 2
3313 2
3314 2
3315 2
3316 2
3317 3
3318 1
3320 2
3321 2
3322 2
3323 1
3324 3
3325 1
3327 1
3328 2
3329 1
3330 2
3332 4
3333 1
3335 3
3336 5
3338 4
3340 1
3342 2
3343 1
3344 3
3345 4
3346 5
3347 5
3348 4
3349 6
3350 3
3351 1
3352 4
3353 4
3354 4
3355 1
3356 2
3357 1
3358 1
3359 2
3360 2
3361 3
3362 1
3363 4
3364 3
3365 1
3366 1
3367 1
3368 4
3369 1
3370 3
3371 2
3372 1
3373 3
3374 2
3375 4
3376 2
3377 1
3379 1
3380 1
3383 1
3385 1
3386 1
3390 1
3391 2
3393 1
3394 2
3395 3
3396 1
3397 2
3399 1
3401 3
3405 1
3409 1
3414 1
3418 2
3419 1
3420 1
3422 1
3425 1
3427 1
3428 1
3429 1
3430 2
3437 2
3438 1
3440 1
3446 1
3447 1
3452 2
3463 1
3479 1
3486 1
3499 1
3501 1
3502 1
3504 1
3507 1
3510 1
3512 1
3513 2
3514 2
3515 2
3516 1
3517 1
3518 2
3520 1
3521 1
3522 1
3523 2
3525 2
3526 4
3528 2
3529 1
3530 1
3531 1
3533 1
3534 1
3536 2
3537 1
3538 2
3539 2
3542 1
3550 1
3551 1
3552 1
3553 1
3554 1
3556 1
3557 2
3559 1
3560 2
3561 1
3562 2
3564 1
3565 2
3566 2
3567 1
3568 1
3569 2
3570 1
3571 1
3572 1
3573 2
3574 1
3575 3
3576 6
3577 4
3578 3
3579 4
3580 1
3581 1
3582 4
3583 1
3584 3
3585 1
3586 3
3587 1
3588 2
3589 2
3590 3
3592 2
3593 2
3595 1
3596 1
3597 4
3598 1
3599 1
3600 2
3601 3
3602 3
3603 5
3604 5
3605 2
3606 2
3607 1
3608 2
3609 6
3610 7
3611 3
3612 5
3613 1
3614 4
3615 3
3616 4
3617 2
3618 2
3619 2
3620 5
3621 4
3622 6
3623 1
3624 3
3625 3
3626 4
3627 5
3629 4
3630 1
3631 5
3632 1
3633 2
3634 1
3635 3
3637 1
3638 1
3639 3
3640 6
3641 4
3642 1
3643 2
3645 4
3646 2
3647 3
3648 3
3649 3
3650 2
3651 2
3652 1
3653 1
3654 1
3656 1
3657 1
3658 1
3659 1
3660 2
3661 1
3663 2
3664 1
3666 3
3667 2
3668 1
3669 3
3672 2
3673 1
3676 1
3678 1
3679 2
3690 1
3703 1
3716 1
3720 1
3721 3
3724 2
3728 1
3729 1
3735 1
3736 1
3737 1
3738 1
3742 3
3747 1
3750 2
3751 1
3754 1
3755 1
3757 1
3758 1
3792 1
3793 1
3796 1
3803 1
3807 1
3809 1
3810 1
3816 1
3817 1
3818 1
3822 2
3823 1
3825 1
3826 1
3827 2
3830 3
3833 4
3835 3
3836 4
3837 3
3838 2
3839 1
3840 4
3841 2
3842 3
3843 1
3844 2
3845 2
3846 4
3847 4
3848 3
3849 1
3850 3
3851 3
3852 4
3853 4
3854 2
3855 3
3857 1
3858 2
3859 1
3860 1
3861 1
3863 4
3864 3
3865 1
3866 2
3867 3
3868 2
3869 1
3870 1
3871 2
3872 1
3873 3
3874 1
3875 2
3876 1
3877 2
3878 3
3879 1
3880 1
3883 2
3884 3
3887 1
3888 1
3889 1
3890 4
3891 1
3892 4
3895 2
3896 1
3897 3
3898 2
3899 1
3901 1
3902 1
3904 1
3906 1
3911 1
3912 1
3913 1
3914 1
3916 1
3919 1
3920 1
3922 1
3925 2
3930 1
3933 1
3934 1
3935 3
3936 3
3937 2
3938 1
3939 1
3940 1
3943 1
3944 3
3945 1
3947 1
3949 1
3950 1
3952 2
3954 2
3955 2
3958 2
3959 2
3960 2
3961 1
3962 2
3966 2
3969 1
3972 1
3977 2
3978 2
3980 1
3984 4
3986 2
3988 2
3989 2
3991 1
3994 1
3999 1
4006 1
4012 1
4043 1
4045 1
4057 1
4064 1
4090 2
4092 1
4093 1
4098 1
4099 1
4100 1
4101 2
4104 1
4106 1
4107 1
4108 1
4109 3
4111 3
4112 1
4113 1
4115 3
4116 1
4117 2
4118 1
4119 1
4120 2
4121 4
4122 4
4123 4
4124 2
4125 3
4126 2
4128 4
4129 3
4130 4
4131 2
4132 2
4133 2
4134 2
4135 5
4136 4
4137 4
4138 3
4139 2
4140 4
4141 1
4142 3
4144 2
4145 1
4146 4
4147 2
4148 2
4149 2
4150 2
4151 5
4153 2
4154 3
4156 4
4157 1
4158 3
4159 3
4160 4
4161 1
4162 4
4164 1
4165 1
4166 3
4167 2
4168 1
4169 2
4170 1
4171 1
4172 3
4173 5
4174 1
4176 4
4177 4
4178 6
4179 3
4180 2
4181 4
4182 1
4183 4
4184 3
4185 4
4186 4
4187 6
4188 3
4189 4
4190 8
4191 3
4192 2
4193 3
4194 4
4195 5
4196 5
4197 3
4198 1
4199 1
4200 5
4201 2
4202 5
4203 1
4204 1
4206 3
4207 1
4208 1
4209 3
4210 1
4211 2
4212 3
4213 1
4214 1
4215 2
4216 2
4217 3
4218 1
4220 1
4221 2
4222 5
4223 2
4225 1
4226 4
4227 1
4228 1
4229 1
4232 2
4233 1
4235 2
4236 1
4238 1
4239 1
4240 2
4241 4
4242 5
4243 1
4244 4
4245 1
4246 1
4247 3
4248 3
4249 1
4250 4
4252 1
4253 1
4257 1
4258 1
4259 1
4261 1
4263 1
4265 1
4269 2
4271 3
4274 2
4276 4
4278 1
4280 1
4281 2
4282 2
4283 3
4284 1
4286 1
4287 1
4288 1
4289 1
4290 1
4293 1
4294 2
4295 3
4296 1
4297 1
4298 3
4299 1
4301 1
4302 1
4303 2
4305 2
4306 1
4308 1
4309 1
4313 1
4318 1
4341 1
4353 1
4392 1
4402 1
4404 1
4408 1
4410 2
4413 1
4415 1
4417 1
4424 1
4425 1
4427 1
4429 1
4430 1
4434 1
4438 1
4443 1
4444 1
4450 1
4451 1
4454 2
4457 1
4470 2
4474 1
4477 1
4478 3
4490 1
4492 1
4495 1
4496 1
4498 1
4502 1
4504 1
4505 1
4506 2
4507 1
4508 1
4514 1
4515 1
4516 1
4517 2
4519 1
4520 1
4521 2
4524 1
4526 1
4528 1
4529 1
4531 4
4532 2
4533 4
4534 1
4535 3
4536 1
4537 3
4538 2
4539 4
4540 2
4541 2
4542 1
4543 4
4544 1
4545 1
4546 1
4547 2
4548 2
4549 1
4550 2
4551 1
4552 3
4553 1
4554 1
4556 1
4557 1
4558 1
4559 1
4560 1
4561 1
4562 2
4563 1
4564 2
4567 1
4569 1
4570 1
4575 1
4595 2
4602 2
4604 1
4607 1
4608 2
4609 1
4614 1
4617 1
4651 1
4655 1
4657 3
4661 1
4668 1
4677 1
4687 1
4689 2
4692 1
4696 1
4697 1
4698 1
4700 2
4701 1
4703 1
4705 1
4707 1
4708 1
4710 1
4711 1
4712 1
4713 1
4715 2
4716 3
4717 1
4718 2
4719 1
4721 2
4723 1
4724 4
4725 1
4727 1
4728 3
4730 3
4731 2
4732 2
4733 3
4734 2
4735 2
4738 5
4739 2
4740 1
4741 2
4742 2
4743 5
4744 1
4745 1
4746 2
4747 3
4748 3
4749 2
4750 4
4751 3
4752 3
4753 7
4754 2
4756 2
4757 3
4758 5
4759 5
4760 3
4761 2
4762 3
4763 2
4764 1
4765 3
4766 3
4767 2
4768 1
4769 1
4770 4
4771 4
4772 2
4773 2
4774 2
4775 3
4776 3
4777 2
4778 2
4780 2
4781 3
4782 2
4783 1
4784 1
4785 1
4786 1
4787 1
4788 1
4790 1
4791 1
4792 2
4794 2
4795 1
4798 1
4799 3
4800 1
4801 2
4805 1
4806 3
4809 1
4810 1
4812 1
4813 1
4815 1
4818 1
4825 1
4826 2
4830 1
4831 1
4832 1
4833 1
4841 1
4846 1
4847 1
4851 1
4860 1
4863 1
4864 1
4865 1
4866 1
4871 1
4875 1
4879 1
4903 1
4905 1
4907 2
4908 1
4910 2
4912 1
4914 1
4920 1
4925 2
4928 1
4929 2
4930 1
4935 1
4936 1
4938 2
4943 1
4944 2
4945 1
4946 4
4949 2
4953 1
4954 1
4957 1
4958 1
4960 1
4962 1
4967 1
4972 1
4976 1
4982 1
4988 1
4990 1
4993 1
4999 2
5000 1
5001 1
5003 1
5004 1
5005 1
5006 1
5007 2
5009 1
5010 2
5020 1
5022 1
5025 2
5026 2
5028 1
5034 1
5039 1
5040 1
5042 1
5043 1
5045 1
5052 2
5056 1
5058 1
5060 1
5061 1
5069 1
5071 2
5072 1
5074 1
5075 4
5076 2
5080 2
5082 2
5083 1
5084 1
5086 1
5087 2
5088 1
5090 1
5091 1
5092 1
5093 1
5094 1
5095 2
5096 1
5097 1
5098 1
5099 1
5104 2
5106 1
5109 1
5134 1
5140 1
5144 1
5150 1
5187 1
5324 1
5509 1
5533 1
5717 1
5826 1
5829 1
6162 1
6344 1
6383 1
6511 1
6620 1
6662 1
6689 1
6762 1
6769 1
6775 1
6778 1
6781 1
6783 1
6785 1
6786 1
6787 1
6796 1
6863 1
6915 1
6919 1
6920 1
6926 1
6929 1
6933 1
6983 1
6986 1
6994 1
7258 1
7499 1
7526 1
7530 1
7532 1
7536 1
7548 1
7572 1
7576 1
7580 1
7595 1
7720 1
7774 1
7800 1
8144 1
8147 1
8224 1
8341 1
8473 1
9472 1
9478 1
9480 1
9491 1
9746 1
9748 2
9755 1
9774 1
9778 1
9801 1
10001 26
