1 22608585
2 13721961
3 9093037
4 6343251
5 4518299
6 3259252
7 2414896
8 1815533
9 1380205
10 1062534
11 854244
12 732203
13 684494
14 699006
15 747806
16 802841
17 866225
18 916186
19 957123
20 982358
21 996573
22 992366
23 969652
24 938873
25 899996
26 851978
27 799573
28 746117
29 694096
30 646878
31 601960
32 559966
33 521486
34 482402
35 446740
36 410967
37 377864
38 344655
39 315149
40 289967
41 271300
42 259334
43 254442
44 257386
45 271468
46 293482
47 322872
48 359005
49 400429
50 446218
51 496173
52 541401
53 585143
54 624705
55 659318
56 691668
57 711412
58 726026
59 732291
60 731488
61 724780
62 706941
63 687000
64 659058
65 625202
66 590570
67 551464
68 511028
69 468707
70 428318
71 388129
72 348514
73 309149
74 274474
75 239705
76 209666
77 182848
78 156458
79 133568
80 113075
81 95714
82 80481
83 67942
84 57610
85 48583
86 41599
87 35694
88 30882
89 26505
90 23188
91 20364
92 18062
93 15965
94 14243
95 13154
96 11824
97 10765
98 9924
99 9341
100 8754
101 7903
102 7392
103 7065
104 6701
105 6437
106 6049
107 5689
108 5556
109 5277
110 5225
111 5037
112 4889
113 4860
114 4522
115 4552
116 4201
117 4065
118 3922
119 3733
120 3561
121 3460
122 3503
123 3272
124 3111
125 3001
126 2783
127 2636
128 2583
129 2485
130 2463
131 2264
132 2240
133 2145
134 2098
135 2026
136 1836
137 1723
138 1665
139 1559
140 1370
141 1389
142 1254
143 1181
144 1090
145 1058
146 1098
147 1022
148 962
149 876
150 813
151 812
152 762
153 704
154 706
155 697
156 655
157 631
158 537
159 485
160 489
161 482
162 455
163 441
164 403
165 430
166 376
167 424
168 439
169 445
170 408
171 405
172 394
173 398
174 414
175 446
176 440
177 449
178 429
179 400
180 348
181 427
182 370
183 378
184 384
185 357
186 381
187 408
188 414
189 434
190 416
191 477
192 401
193 444
194 465
195 444
196 449
197 424
198 442
199 447
200 462
201 431
202 469
203 461
204 442
205 406
206 422
207 429
208 406
209 373
210 402
211 388
212 422
213 375
214 423
215 386
216 370
217 379
218 347
219 327
220 322
221 319
222 320
223 290
224 302
225 301
226 290
227 272
228 257
229 294
230 292
231 276
232 279
233 283
234 267
235 291
236 240
237 267
238 253
239 233
240 221
241 231
242 229
243 196
244 196
245 177
246 189
247 165
248 169
249 149
250 160
251 159
252 155
253 142
254 160
255 131
256 145
257 134
258 147
259 128
260 118
261 116
262 106
263 109
264 132
265 135
266 145
267 116
268 132
269 145
270 160
271 144
272 134
273 168
274 173
275 161
276 141
277 160
278 148
279 145
280 143
281 142
282 137
283 146
284 149
285 143
286 175
287 179
288 166
289 178
290 177
291 209
292 192
293 176
294 198
295 193
296 213
297 185
298 196
299 166
300 163
301 138
302 127
303 120
304 131
305 91
306 115
307 111
308 103
309 103
310 126
311 139
312 102
313 115
314 96
315 114
316 110
317 92
318 89
319 107
320 90
321 82
322 94
323 87
324 86
325 87
326 79
327 98
328 66
329 89
330 68
331 76
332 57
333 70
334 83
335 80
336 60
337 81
338 76
339 102
340 77
341 84
342 80
343 66
344 63
345 56
346 59
347 67
348 55
349 43
350 47
351 58
352 52
353 47
354 49
355 47
356 53
357 49
358 57
359 41
360 45
361 57
362 44
363 38
364 48
365 46
366 37
367 42
368 48
369 38
370 40
371 36
372 30
373 29
374 39
375 39
376 35
377 48
378 50
379 46
380 36
381 38
382 36
383 32
384 30
385 27
386 36
387 38
388 28
389 45
390 45
391 36
392 37
393 53
394 43
395 36
396 40
397 33
398 34
399 26
400 36
401 33
402 39
403 37
404 28
405 32
406 36
407 34
408 31
409 37
410 43
411 51
412 56
413 64
414 50
415 45
416 51
417 47
418 50
419 46
420 38
421 28
422 39
423 38
424 30
425 29
426 23
427 23
428 21
429 25
430 18
431 21
432 26
433 24
434 24
435 22
436 34
437 38
438 28
439 34
440 35
441 24
442 40
443 30
444 31
445 31
446 27
447 33
448 25
449 30
450 34
451 27
452 34
453 27
454 14
455 23
456 14
457 17
458 21
459 20
460 26
461 21
462 23
463 21
464 20
465 20
466 24
467 15
468 17
469 22
470 14
471 18
472 20
473 16
474 9
475 17
476 13
477 20
478 18
479 10
480 15
481 21
482 18
483 14
484 11
485 14
486 16
487 13
488 12
489 12
490 19
491 10
492 12
493 23
494 12
495 15
496 16
497 9
498 15
499 17
500 13
501 15
502 23
503 16
504 11
505 17
506 14
507 14
508 7
509 13
510 15
511 11
512 5
513 7
514 8
515 4
516 6
517 5
518 9
519 3
520 4
521 8
522 3
523 6
524 4
525 4
526 8
527 4
528 8
529 3
530 4
531 3
532 6
533 10
534 7
535 5
536 2
537 5
538 5
539 4
540 6
541 6
542 4
543 4
544 1
545 5
546 6
547 5
548 8
549 5
550 5
551 8
552 7
553 6
554 11
555 12
556 3
557 8
558 8
559 9
560 10
561 10
562 8
563 7
564 4
565 6
566 7
567 2
568 7
569 9
570 4
571 7
572 11
573 11
574 11
575 12
576 12
577 4
578 10
579 12
580 7
581 5
582 6
583 6
584 7
585 6
586 6
588 3
589 9
590 5
591 9
592 11
593 15
594 7
595 9
596 4
597 8
598 4
599 7
600 5
601 2
602 2
603 7
604 4
605 4
606 3
607 3
608 2
609 3
610 5
611 10
612 5
613 4
614 6
615 4
616 8
617 5
618 10
619 7
620 7
621 6
622 6
623 4
624 14
625 7
626 5
627 2
628 13
629 8
630 8
631 8
632 3
633 6
634 3
635 5
636 8
637 13
638 8
639 9
640 8
641 15
642 4
643 12
644 10
645 8
646 7
647 16
648 11
649 14
650 12
651 8
652 7
653 12
654 7
655 10
656 14
657 11
658 7
659 7
660 14
661 12
662 12
663 11
664 9
665 8
666 7
667 10
668 9
669 6
670 3
671 7
672 5
673 9
674 5
675 6
676 3
677 5
678 4
679 4
680 2
681 2
682 3
683 5
684 6
685 3
686 8
687 4
688 11
689 6
690 10
691 11
692 15
693 10
694 9
695 11
696 8
697 5
698 8
699 3
700 9
701 8
702 9
703 6
704 9
705 8
706 14
707 9
708 11
709 14
710 11
711 12
712 10
713 8
714 6
715 9
716 9
717 9
718 4
719 9
720 10
721 8
722 3
723 9
724 8
725 9
726 12
727 12
728 7
729 10
730 9
731 11
732 7
733 11
734 7
735 12
736 7
737 10
738 4
739 7
740 7
741 8
742 4
743 9
744 9
745 5
746 6
747 5
748 7
749 6
750 2
751 13
752 4
753 11
754 10
755 10
756 6
757 12
758 4
759 11
760 5
762 4
763 5
764 2
765 7
766 1
767 4
768 8
769 6
770 12
771 5
772 4
773 5
774 6
775 7
776 4
777 13
778 2
779 6
780 5
781 4
782 8
783 6
784 6
785 7
786 3
787 6
788 9
789 3
790 6
791 6
792 8
793 5
794 11
795 11
796 12
797 20
798 12
799 10
800 13
801 15
802 11
803 10
804 16
805 15
806 17
807 18
808 8
809 7
810 11
811 11
812 9
813 4
814 8
815 11
816 8
817 4
818 9
819 8
820 7
821 9
822 12
823 10
824 11
825 12
826 11
827 7
828 13
829 9
830 7
831 10
832 1
833 5
834 5
835 7
836 3
837 7
838 5
839 3
840 9
841 3
842 7
843 5
844 5
845 3
846 4
847 5
848 5
849 2
850 2
851 5
852 5
853 4
854 4
855 1
856 4
857 5
858 2
859 7
860 9
861 6
862 5
863 7
864 2
865 2
866 6
867 9
868 6
869 7
870 3
871 4
873 5
874 5
875 2
876 6
877 7
878 5
879 6
880 2
881 4
882 3
883 3
885 2
886 3
887 1
888 2
889 3
890 3
891 1
892 6
893 7
894 5
895 2
896 2
897 2
898 1
899 4
900 2
901 2
902 3
903 3
904 1
905 1
907 1
908 3
909 1
910 2
911 3
913 7
914 1
915 2
916 2
917 3
918 4
919 4
920 6
921 2
922 3
923 2
924 6
925 2
926 2
927 1
928 4
929 1
930 3
931 5
932 4
933 4
934 2
935 6
936 4
937 4
938 4
939 1
940 1
941 1
942 1
943 4
944 1
945 1
946 3
947 2
948 1
949 1
951 1
952 3
953 4
954 4
955 1
956 6
957 3
958 1
959 7
961 3
962 1
963 2
964 3
965 5
966 3
967 5
968 1
969 2
970 4
971 4
972 1
975 1
977 1
978 2
979 1
981 3
983 1
985 1
987 1
988 1
990 1
991 3
994 2
998 1
1003 1
1006 2
1008 2
1011 1
1023 1
1025 1
1026 1
1030 1
1034 1
1037 1
1038 1
1039 1
1040 3
1041 2
1042 1
1043 1
1044 1
1049 2
1050 1
1051 1
1056 1
1059 3
1062 2
1064 1
1065 1
1068 1
1069 1
1070 1
1073 1
1074 3
1075 1
1076 4
1078 2
1079 1
1080 2
1082 2
1083 1
1085 2
1088 1
1090 2
1091 2
1092 2
1093 1
1095 1
1096 2
1097 2
1101 1
1102 1
1104 1
1108 1
1110 1
1116 1
1119 1
1124 1
1126 2
1128 1
1130 1
1133 3
1135 1
1136 1
1137 1
1147 1
1151 1
1159 1
1162 1
1163 1
1164 1
1165 1
1166 1
1167 1
1169 1
1170 1
1171 1
1174 1
1175 1
1176 1
1177 1
1178 1
1179 1
1194 1
1203 1
1205 1
1206 2
1207 2
1208 1
1212 1
1214 2
1225 1
1241 1
1272 1
1286 1
1287 1
1291 1
1295 2
1297 1
1299 3
1303 1
1304 1
1306 1
1351 1
1365 1
1368 2
1386 1
1387 1
1398 1
1400 1
1401 1
1402 1
1404 1
1406 1
1408 2
1410 3
1412 1
1422 1
1426 2
1430 1
1435 1
1441 1
1456 1
1468 1
1473 1
1479 1
1480 1
1482 1
1486 1
1488 1
1494 1
1500 2
1503 1
1505 2
1506 1
1509 1
1514 1
1538 1
1540 1
1543 1
1575 1
1592 1
1594 1
1596 1
1598 1
1638 1
1639 1
1645 1
1647 1
1653 1
1655 1
1659 1
1660 2
1690 1
1691 1
1692 1
1696 1
1698 1
1704 1
1713 1
1716 1
1723 1
1741 2
1743 2
1744 1
1746 2
1750 2
1751 3
1752 1
1753 1
1754 1
1755 1
1757 1
1758 2
1760 2
1762 1
1773 1
1779 1
1789 1
1795 1
1796 1
1799 1
1810 1
1821 1
1823 2
1833 1
1839 1
1840 1
1841 1
1842 1
1847 1
1849 1
1853 1
1854 1
1855 2
1857 1
1858 1
1859 1
1862 1
1911 1
1920 1
1944 1
2010 1
2022 1
2026 1
2046 1
2054 1
2059 1
2060 1
2077 1
2117 1
2132 1
2135 1
2189 1
2230 1
2250 2
2252 1
2276 1
2277 1
2321 1
2339 2
2344 1
2348 1
2349 1
2352 1
2353 1
2354 1
2358 1
2359 1
2363 1
2364 1
2382 2
2390 1
2417 1
2418 1
2441 2
2444 1
2445 1
2454 1
2682 1
2689 1
2692 1
2694 1
2696 1
2700 1
2760 1
2802 1
2812 1
2819 1
2826 1
2832 1
2835 1
2841 1
2844 1
2846 1
2850 1
2852 1
2886 1
3858 1
3908 1
4145 1
4386 1
4420 1
4678 1
5825 1
5866 1
5868 1
5869 1
5876 1
5879 1
5882 1
5884 1
5896 1
5897 1
5908 1
