1 25073552
2 14234502
3 9152983
4 6881756
5 5667987
6 4799409
7 4017103
8 3226824
9 2496403
10 1876889
11 1375491
12 1002829
13 762115
14 625251
15 560585
16 549404
17 563787
18 579767
19 592550
20 586917
21 558439
22 510232
23 451996
24 383814
25 316759
26 255347
27 201638
28 161622
29 133504
30 116264
31 107012
32 106486
33 108704
34 114718
35 120936
36 125903
37 127346
38 128175
39 125267
40 118603
41 112030
42 101912
43 91769
44 81277
45 72311
46 64504
47 58801
48 55893
49 55685
50 58787
51 65798
52 75539
53 88308
54 104469
55 124257
56 146771
57 172196
58 197616
59 224948
60 251647
61 277480
62 302224
63 323874
64 342760
65 355553
66 364559
67 369352
68 367765
69 364514
70 353668
71 340619
72 319978
73 299598
74 277064
75 251764
76 226957
77 202822
78 179202
79 155767
80 135256
81 116192
82 97669
83 81356
84 66730
85 54477
86 44113
87 36010
88 28963
89 23538
90 18633
91 15216
92 12867
93 10637
94 9080
95 8367
96 7628
97 7110
98 6956
99 6960
100 7150
101 7174
102 7551
103 7569
104 7676
105 7969
106 7978
107 8050
108 7984
109 8039
110 7691
111 7720
112 7232
113 6995
114 6640
115 6390
116 5939
117 5748
118 5138
119 4829
120 4715
121 4065
122 3966
123 3546
124 3205
125 2929
126 2607
127 2503
128 2442
129 2269
130 2165
131 2037
132 1938
133 1786
134 1790
135 1667
136 1659
137 1660
138 1682
139 1620
140 1612
141 1532
142 1495
143 1428
144 1376
145 1274
146 1173
147 1204
148 1086
149 1074
150 1051
151 1006
152 903
153 898
154 745
155 686
156 589
157 521
158 458
159 434
160 420
161 376
162 339
163 324
164 310
165 276
166 289
167 300
168 288
169 248
170 231
171 216
172 230
173 190
174 204
175 181
176 165
177 163
178 177
179 182
180 158
181 199
182 208
183 180
184 171
185 225
186 216
187 196
188 211
189 219
190 245
191 241
192 204
193 218
194 235
195 257
196 278
197 244
198 258
199 253
200 291
201 241
202 299
203 310
204 271
205 264
206 275
207 274
208 264
209 261
210 268
211 261
212 253
213 260
214 317
215 290
216 295
217 232
218 253
219 263
220 232
221 263
222 243
223 255
224 245
225 221
226 182
227 226
228 190
229 192
230 187
231 220
232 203
233 172
234 194
235 174
236 192
237 181
238 168
239 169
240 146
241 139
242 128
243 145
244 100
245 131
246 134
247 131
248 113
249 100
250 98
251 126
252 115
253 110
254 106
255 103
256 105
257 117
258 131
259 147
260 131
261 126
262 139
263 163
264 155
265 162
266 172
267 169
268 188
269 198
270 193
271 207
272 211
273 228
274 198
275 194
276 175
277 157
278 175
279 164
280 170
281 156
282 201
283 163
284 174
285 166
286 170
287 155
288 163
289 181
290 176
291 185
292 169
293 162
294 121
295 160
296 121
297 136
298 118
299 128
300 117
301 137
302 127
303 104
304 115
305 89
306 78
307 91
308 75
309 80
310 74
311 74
312 67
313 65
314 64
315 66
316 52
317 49
318 54
319 54
320 55
321 62
322 68
323 65
324 66
325 56
326 67
327 73
328 66
329 56
330 48
331 41
332 47
333 44
334 50
335 46
336 37
337 55
338 51
339 47
340 43
341 29
342 53
343 39
344 44
345 56
346 70
347 76
348 72
349 70
350 73
351 51
352 66
353 60
354 47
355 63
356 52
357 55
358 56
359 61
360 60
361 51
362 44
363 66
364 50
365 37
366 45
367 55
368 49
369 46
370 57
371 54
372 49
373 59
374 75
375 63
376 67
377 59
378 56
379 60
380 64
381 38
382 45
383 42
384 61
385 50
386 33
387 53
388 49
389 25
390 44
391 33
392 43
393 44
394 37
395 53
396 44
397 44
398 58
399 55
400 59
401 60
402 53
403 70
404 88
405 92
406 124
407 124
408 131
409 179
410 213
411 216
412 237
413 280
414 325
415 397
416 426
417 585
418 630
419 707
420 910
421 980
422 1130
423 1329
424 1498
425 1642
426 1868
427 2037
428 2368
429 2533
430 2899
431 3154
432 3541
433 3928
434 4299
435 4695
436 5117
437 5613
438 6275
439 6651
440 7147
441 8062
442 8662
443 9186
444 10046
445 10729
446 11544
447 12424
448 13597
449 14342
450 15252
451 16490
452 17746
453 18701
454 19667
455 20809
456 21722
457 23262
458 24045
459 25464
460 26693
461 27568
462 28597
463 30089
464 30690
465 32054
466 32810
467 33793
468 34499
469 35642
470 36518
471 37167
472 37941
473 38730
474 38985
475 39493
476 39551
477 40070
478 40157
479 40438
480 40375
481 40338
482 40062
483 40117
484 39525
485 39151
486 38595
487 38126
488 37548
489 36830
490 36325
491 35469
492 34235
493 34140
494 33396
495 32302
496 30812
497 30130
498 29058
499 27540
500 26918
501 25902
502 24669
503 23904
504 22532
505 21533
506 20402
507 19416
508 18378
509 17404
510 16183
511 15343
512 14425
513 13486
514 12780
515 11808
516 11009
517 10107
518 9436
519 8694
520 7749
521 7422
522 6722
523 6290
524 5795
525 5198
526 4755
527 4241
528 3837
529 3547
530 3238
531 2966
532 2732
533 2508
534 2159
535 2032
536 1814
537 1567
538 1426
539 1255
540 1157
541 957
542 836
543 889
544 711
545 576
546 535
547 470
548 407
549 353
550 321
551 303
552 279
553 224
554 209
555 199
556 183
557 180
558 169
559 128
560 117
561 97
562 76
563 102
564 96
565 76
566 70
567 54
568 61
569 52
570 35
571 51
572 36
573 41
574 32
575 39
576 25
577 34
578 16
579 29
580 24
581 18
582 17
583 11
584 18
585 9
586 16
587 13
588 17
589 13
590 9
591 11
592 10
593 8
594 10
595 13
596 12
597 17
598 8
599 12
600 12
601 10
602 11
603 7
604 8
605 7
606 16
607 7
608 6
609 9
610 4
611 12
612 11
613 15
614 10
615 12
616 19
617 14
618 11
619 11
620 9
621 12
622 17
623 16
624 10
625 14
626 14
627 17
628 15
629 11
630 22
631 14
632 10
633 11
634 8
635 11
636 7
637 11
638 10
639 10
640 13
641 7
642 10
643 7
644 4
645 8
646 10
647 7
648 6
649 6
650 9
651 10
652 4
653 10
654 7
655 7
656 5
657 3
658 9
659 6
660 11
661 5
662 5
663 9
664 9
665 9
666 5
667 2
668 5
669 8
670 8
671 5
672 5
673 6
674 4
675 5
676 4
677 5
678 6
679 2
680 4
681 3
682 5
683 5
684 7
685 5
686 5
687 4
688 6
689 4
690 9
691 10
692 2
693 10
694 9
695 5
696 7
697 8
698 12
699 6
700 9
701 5
702 4
703 5
704 6
705 4
706 2
707 5
708 1
709 3
710 4
711 5
712 4
713 5
714 5
715 3
716 12
717 6
718 2
719 5
720 5
721 11
722 5
723 9
724 2
725 6
726 5
727 4
728 5
729 5
730 6
731 5
732 3
733 6
734 3
736 3
737 6
738 3
739 5
740 7
741 5
742 4
743 7
744 3
745 3
746 5
747 5
748 9
749 5
750 5
751 5
752 7
753 3
755 2
756 7
757 4
759 5
760 2
761 1
762 3
763 5
764 2
765 7
766 6
767 14
768 7
769 11
770 8
771 6
772 6
773 7
774 10
775 9
776 8
777 6
778 5
779 9
780 7
781 5
782 6
783 3
784 6
785 4
786 2
787 3
788 4
789 2
790 5
791 2
793 1
794 4
795 6
796 3
797 2
798 1
799 3
800 4
801 4
802 2
803 1
804 2
805 3
806 3
807 4
808 5
809 3
810 2
811 3
812 4
813 3
814 4
815 2
816 2
817 2
818 3
819 3
820 4
822 3
823 1
824 4
825 2
826 4
827 2
828 1
829 2
831 4
832 3
833 4
834 1
835 1
837 2
839 4
840 1
841 1
843 1
844 1
845 2
846 4
847 4
848 4
849 2
850 1
851 2
853 1
856 2
857 4
858 1
860 4
862 2
863 3
864 5
865 3
866 3
867 2
868 3
869 2
870 2
871 3
872 2
873 5
874 4
875 3
876 6
877 6
878 1
879 4
880 2
881 8
882 8
883 4
884 2
885 2
886 4
887 6
888 2
889 10
890 7
891 7
892 5
893 8
894 5
895 10
896 13
897 9
898 7
899 11
900 6
901 13
902 10
903 11
904 9
905 15
906 10
907 13
908 19
909 20
910 15
911 22
912 18
913 18
914 21
915 30
916 24
917 19
918 29
919 27
920 25
921 20
922 29
923 30
924 26
925 17
926 35
927 29
928 23
929 45
930 31
931 24
932 38
933 34
934 36
935 42
936 49
937 42
938 50
939 49
940 50
941 45
942 55
943 41
944 53
945 52
946 58
947 40
948 60
949 58
950 48
951 43
952 61
953 58
954 57
955 63
956 67
957 72
958 62
959 63
960 54
961 59
962 55
963 57
964 66
965 62
966 51
967 63
968 51
969 48
970 50
971 54
972 57
973 46
974 57
975 54
976 66
977 62
978 55
979 49
980 60
981 55
982 43
983 58
984 49
985 71
986 59
987 51
988 51
989 51
990 47
991 55
992 57
993 57
994 41
995 50
996 45
997 37
998 43
999 38
1000 56
1001 44
1002 22
1003 25
1004 38
1005 37
1006 42
1007 31
1008 38
1009 33
1010 24
1011 34
1012 26
1013 27
1014 28
1015 26
1016 32
1017 21
1018 20
1019 12
1020 20
1021 16
1022 14
1023 19
1024 17
1025 19
1026 14
1027 22
1028 21
1029 10
1030 11
1031 13
1032 9
1033 11
1034 9
1035 6
1036 7
1037 11
1038 8
1039 11
1040 6
1041 1
1042 5
1043 3
1044 3
1045 4
1047 4
1048 1
1049 1
1052 1
1054 2
1056 1
1057 1
1058 1
1059 1
1063 1
1065 2
1067 1
1069 1
1079 1
1080 1
1085 1
1088 2
1090 2
1091 2
1092 3
1093 1
1095 2
1096 2
1098 3
1099 2
1100 1
1101 2
1102 2
1103 1
1104 4
1105 1
1106 2
1107 4
1108 4
1109 1
1110 4
1113 1
1114 1
1115 5
1116 3
1117 3
1118 3
1119 1
1120 1
1121 2
1123 1
1124 2
1125 1
1128 3
1129 3
1131 1
1132 1
1133 4
1134 2
1135 3
1136 2
1137 1
1138 2
1141 1
1142 1
1143 3
1144 2
1145 1
1146 1
1147 1
1148 3
1149 1
1150 1
1151 1
1152 2
1153 4
1154 1
1156 1
1157 2
1160 4
1161 2
1162 1
1164 4
1165 2
1166 3
1167 2
1168 6
1169 2
1170 5
1171 1
1172 2
1173 2
1174 3
1175 1
1176 3
1177 4
1178 4
1179 6
1180 1
1182 1
1183 2
1184 1
1185 2
1186 2
1187 2
1188 4
1189 2
1190 1
1191 1
1192 3
1193 2
1195 1
1196 2
1197 2
1199 1
1200 1
1201 2
1202 1
1204 2
1208 1
1210 1
1214 1
1217 1
1218 3
1220 2
1224 3
1225 3
1226 3
1227 3
1229 2
1231 1
1232 2
1233 1
1234 2
1235 2
1238 3
1239 2
1240 1
1241 1
1242 5
1243 2
1244 1
1245 2
1246 2
1247 1
1248 3
1250 1
1253 1
1256 2
1257 1
1259 5
1262 2
1266 1
1267 1
1268 4
1269 3
1270 2
1271 1
1272 4
1273 1
1274 4
1275 1
1276 3
1277 1
1278 5
1279 1
1280 2
1281 3
1282 2
1283 3
1284 5
1285 4
1286 3
1288 1
1289 3
1293 2
1294 1
1295 2
1296 1
1299 1
1301 3
1303 1
1304 2
1306 1
1307 2
1308 4
1309 2
1310 5
1311 4
1313 7
1314 3
1315 2
1316 3
1317 1
1318 3
1319 1
1321 1
1322 2
1323 1
1324 1
1325 1
1326 1
1329 2
1330 2
1331 3
1332 2
1333 1
1334 1
1338 2
1342 1
1361 1
1362 1
1364 2
1366 1
1368 1
1369 1
1371 1
1372 1
1373 4
1374 2
1376 2
1378 1
1379 1
1380 1
1381 3
1383 3
1386 3
1387 5
1388 2
1389 2
1390 1
1391 6
1392 3
1393 3
1395 3
1396 2
1397 2
1398 2
1399 1
1400 6
1401 1
1403 4
1405 1
1406 5
1407 4
1408 2
1409 3
1410 1
1411 3
1412 3
1413 2
1414 1
1415 1
1416 2
1417 4
1419 8
1420 4
1421 5
1422 6
1423 5
1424 3
1425 5
1426 4
1427 1
1428 4
1429 3
1430 3
1431 5
1432 1
1433 4
1434 6
1435 3
1436 1
1439 2
1440 6
1441 4
1442 4
1443 3
1444 3
1445 4
1446 1
1447 2
1448 1
1449 2
1450 1
1451 3
1452 1
1453 4
1454 3
1455 1
1456 2
1457 3
1458 5
1459 2
1460 1
1461 1
1462 2
1463 1
1464 4
1465 1
1466 4
1467 2
1468 1
1469 2
1470 2
1471 3
1472 4
1473 4
1474 1
1475 3
1477 3
1482 1
1483 2
1485 3
1487 2
1488 1
1489 2
1490 3
1491 4
1492 3
1493 1
1495 4
1496 1
1497 2
1498 4
1499 1
1500 1
1501 2
1503 1
1504 2
1505 2
1506 1
1507 1
1509 2
1510 1
1511 1
1512 1
1514 1
1518 1
1519 1
1528 1
1540 2
1541 1
1556 1
1557 1
1559 1
1560 3
1561 1
1563 1
1564 5
1565 1
1566 2
1567 2
1568 1
1571 2
1572 2
1573 1
1574 2
1575 1
1576 1
1577 1
1578 2
1579 3
1580 1
1581 2
1582 1
1583 1
1585 3
1586 3
1587 4
1588 2
1590 1
1591 1
1593 3
1594 2
1597 2
1598 1
1599 1
1600 4
1601 1
1602 3
1603 1
1604 3
1605 1
1607 1
1608 1
1611 3
1614 2
1615 1
1616 1
1617 2
1622 1
1625 1
1627 2
1628 1
1629 1
1630 2
1634 1
1635 2
1637 2
1638 1
1640 1
1641 1
1643 2
1644 1
1645 1
1646 1
1647 1
1649 1
1650 2
1651 1
1652 1
1654 1
1655 1
1656 2
1657 3
1660 1
1661 2
1665 3
1666 1
1672 1
1674 2
1678 2
1682 1
1684 1
1689 1
1693 2
1822 1
1847 1
1851 1
1882 1
1883 1
1884 1
1886 1
1888 1
1891 2
1892 2
1896 1
1899 1
1902 1
1903 2
1904 1
1907 3
1909 2
1910 1
1913 1
1917 1
1918 1
1919 1
1921 2
1923 1
1925 2
1928 1
1929 1
1930 1
1933 1
1934 2
1937 1
1939 1
1944 1
1948 1
1950 1
1955 1
1962 1
1965 1
1967 1
1969 2
1972 1
1974 1
1975 1
1976 2
1977 1
1978 1
1979 1
1989 1
1990 1
1999 1
2000 1
2005 1
2008 2
2011 1
2017 1
2052 1
2057 3
2062 1
2068 1
2072 3
2079 1
2212 1
2216 1
2220 1
2274 1
2277 1
2283 1
2332 1
2344 1
2346 1
2361 1
2389 1
2421 1
2430 1
2467 1
2480 1
2482 1
2483 3
2486 3
2487 1
2492 1
2494 1
2495 1
2496 1
2505 1
2557 1
2568 1
2837 1
2882 1
2884 1
2886 1
2887 1
2888 1
2895 1
2897 1
2900 2
2901 1
2903 2
2904 1
2905 1
2907 1
2912 1
2917 1
2928 1
2939 1
2955 1
3038 1
3045 1
3065 1
3078 1
3090 1
3107 1
3115 1
3119 1
3123 1
3125 1
3127 1
3129 1
3135 1
3141 1
3143 2
3148 1
3157 1
3371 1
3392 1
3403 1
3408 1
3539 1
3869 1
3956 1
3967 1
4370 1
4461 1
4840 1
4842 1
6067 1
6071 1
6073 1
6074 1
6077 1
6078 1
6079 2
6080 1
6098 1
