1 15930932
2 12552367
3 9111933
4 6934267
5 5651055
6 4859322
7 4290947
8 3755486
9 3225612
10 2694505
11 2225389
12 1843221
13 1550070
14 1349478
15 1208237
16 1121446
17 1053150
18 987140
19 910788
20 824309
21 722089
22 619614
23 518626
24 424028
25 341690
26 277488
27 231385
28 196641
29 174476
30 165160
31 161994
32 164929
33 172533
34 185047
35 197658
36 214709
37 233223
38 252827
39 271118
40 291019
41 309942
42 326795
43 347004
44 365297
45 377436
46 389210
47 397000
48 404712
49 409510
50 411628
51 411906
52 413114
53 415467
54 417785
55 421354
56 421957
57 426836
58 429806
59 430656
60 432856
61 432012
62 429222
63 421815
64 413072
65 401345
66 387032
67 370528
68 350699
69 331375
70 311226
71 290987
72 272600
73 254591
74 238284
75 224201
76 215506
77 205209
78 202457
79 199386
80 199360
81 201355
82 203668
83 208258
84 213550
85 216972
86 220175
87 222383
88 223122
89 221527
90 219050
91 214937
92 208178
93 199069
94 188944
95 178035
96 165837
97 153126
98 139900
99 126720
100 113112
101 100389
102 88966
103 77251
104 66955
105 57999
106 50596
107 44093
108 38352
109 33898
110 30430
111 28068
112 27127
113 26984
114 28122
115 30146
116 33355
117 37348
118 42487
119 48346
120 54801
121 63493
122 71502
123 80976
124 91240
125 101865
126 113588
127 126141
128 138621
129 152598
130 166151
131 180058
132 193542
133 207011
134 222635
135 237441
136 251426
137 264220
138 276054
139 288129
140 299703
141 310809
142 321171
143 330119
144 338095
145 344106
146 349704
147 355667
148 360369
149 362470
150 364930
151 365868
152 365060
153 361725
154 359492
155 356045
156 352393
157 349169
158 342507
159 335933
160 330953
161 324200
162 316879
163 309614
164 301684
165 293358
166 285404
167 277465
168 269453
169 261295
170 252772
171 243763
172 236464
173 226977
174 218899
175 210495
176 199937
177 191104
178 181592
179 173349
180 163873
181 154857
182 145610
183 136487
184 129268
185 119923
186 111704
187 103574
188 95469
189 87747
190 80548
191 73580
192 66825
193 61485
194 55840
195 50687
196 46066
197 41406
198 37602
199 33537
200 30437
201 27539
202 24299
203 22122
204 20060
205 18341
206 16618
207 15188
208 14043
209 13244
210 12493
211 11517
212 10836
213 10528
214 10006
215 9680
216 9549
217 9432
218 9421
219 9325
220 9374
221 9300
222 8923
223 8922
224 8691
225 8554
226 8182
227 8119
228 7885
229 7541
230 7576
231 7310
232 6865
233 6773
234 6293
235 5974
236 5625
237 5387
238 5049
239 4888
240 4547
241 4271
242 4045
243 3897
244 3625
245 3322
246 3190
247 3113
248 2866
249 2752
250 2645
251 2400
252 2401
253 2323
254 2253
255 2173
256 2149
257 2040
258 1937
259 2056
260 1970
261 1951
262 1953
263 1939
264 1909
265 2027
266 2044
267 1994
268 2087
269 2024
270 2171
271 2061
272 2263
273 2195
274 2302
275 2240
276 2274
277 2218
278 2170
279 2226
280 2148
281 2186
282 2272
283 2252
284 2218
285 2201
286 2204
287 2151
288 2191
289 2084
290 2079
291 2043
292 1950
293 1819
294 1911
295 1775
296 1761
297 1680
298 1642
299 1564
300 1628
301 1486
302 1543
303 1500
304 1488
305 1407
306 1409
307 1374
308 1326
309 1328
310 1274
311 1222
312 1151
313 1282
314 1195
315 1105
316 1143
317 1166
318 1141
319 1137
320 1137
321 1176
322 1129
323 1113
324 1054
325 1044
326 1080
327 1054
328 962
329 1043
330 1044
331 1008
332 982
333 1104
334 985
335 965
336 971
337 945
338 998
339 917
340 950
341 857
342 825
343 831
344 771
345 774
346 800
347 787
348 764
349 734
350 741
351 689
352 683
353 641
354 608
355 618
356 619
357 621
358 647
359 600
360 598
361 543
362 529
363 526
364 484
365 487
366 452
367 443
368 432
369 424
370 413
371 388
372 361
373 352
374 384
375 355
376 322
377 250
378 289
379 282
380 253
381 275
382 246
383 226
384 244
385 224
386 198
387 185
388 186
389 167
390 194
391 169
392 205
393 150
394 154
395 148
396 168
397 134
398 129
399 135
400 130
401 116
402 107
403 125
404 142
405 121
406 126
407 139
408 138
409 122
410 104
411 145
412 124
413 136
414 148
415 140
416 145
417 147
418 147
419 146
420 145
421 120
422 152
423 142
424 141
425 132
426 143
427 173
428 146
429 151
430 165
431 175
432 146
433 158
434 164
435 171
436 173
437 188
438 178
439 139
440 183
441 158
442 182
443 189
444 195
445 200
446 185
447 190
448 185
449 187
450 190
451 191
452 205
453 206
454 197
455 212
456 205
457 210
458 206
459 178
460 211
461 198
462 167
463 178
464 180
465 197
466 173
467 162
468 174
469 172
470 146
471 170
472 170
473 172
474 185
475 174
476 162
477 187
478 190
479 184
480 162
481 200
482 202
483 181
484 218
485 188
486 193
487 186
488 208
489 177
490 161
491 175
492 160
493 161
494 165
495 168
496 193
497 154
498 186
499 149
500 184
501 172
502 173
503 185
504 174
505 172
506 190
507 164
508 179
509 163
510 183
511 161
512 150
513 164
514 157
515 163
516 175
517 169
518 152
519 194
520 156
521 163
522 158
523 189
524 150
525 172
526 192
527 173
528 189
529 177
530 175
531 182
532 197
533 191
534 191
535 216
536 176
537 172
538 166
539 171
540 140
541 169
542 163
543 176
544 137
545 153
546 141
547 153
548 156
549 135
550 173
551 159
552 140
553 142
554 144
555 129
556 139
557 159
558 144
559 118
560 131
561 138
562 142
563 131
564 121
565 141
566 130
567 114
568 132
569 116
570 107
571 132
572 127
573 130
574 143
575 117
576 117
577 123
578 139
579 119
580 127
581 136
582 118
583 124
584 122
585 114
586 119
587 109
588 125
589 106
590 117
591 115
592 90
593 104
594 130
595 138
596 108
597 118
598 126
599 110
600 113
601 93
602 97
603 107
604 105
605 95
606 76
607 109
608 96
609 91
610 89
611 73
612 86
613 86
614 84
615 73
616 75
617 74
618 66
619 67
620 68
621 66
622 59
623 68
624 75
625 84
626 60
627 67
628 64
629 66
630 58
631 74
632 71
633 56
634 49
635 63
636 76
637 67
638 64
639 77
640 70
641 69
642 55
643 43
644 61
645 50
646 36
647 34
648 41
649 40
650 39
651 32
652 32
653 31
654 31
655 31
656 36
657 33
658 28
659 29
660 37
661 36
662 29
663 32
664 38
665 40
666 27
667 33
668 28
669 35
670 27
671 37
672 45
673 36
674 45
675 53
676 51
677 43
678 35
679 44
680 44
681 29
682 53
683 34
684 50
685 45
686 46
687 35
688 61
689 54
690 57
691 51
692 60
693 58
694 45
695 63
696 57
697 64
698 63
699 61
700 66
701 60
702 63
703 53
704 79
705 65
706 49
707 51
708 74
709 61
710 46
711 81
712 63
713 67
714 67
715 69
716 64
717 56
718 82
719 81
720 84
721 86
722 91
723 71
724 79
725 89
726 85
727 87
728 80
729 87
730 86
731 102
732 78
733 80
734 75
735 85
736 71
737 92
738 76
739 93
740 96
741 88
742 114
743 94
744 110
745 99
746 95
747 92
748 97
749 91
750 80
751 110
752 109
753 88
754 99
755 77
756 100
757 81
758 89
759 80
760 85
761 101
762 87
763 72
764 72
765 75
766 71
767 82
768 70
769 60
770 80
771 58
772 83
773 59
774 73
775 56
776 63
777 54
778 53
779 54
780 55
781 49
782 49
783 43
784 48
785 58
786 36
787 51
788 37
789 32
790 40
791 29
792 36
793 50
794 36
795 40
796 47
797 29
798 29
799 44
800 31
801 29
802 33
803 35
804 21
805 27
806 25
807 29
808 32
809 39
810 31
811 23
812 19
813 20
814 19
815 24
816 30
817 34
818 28
819 28
820 31
821 18
822 25
823 28
824 32
825 33
826 34
827 37
828 30
829 33
830 38
831 29
832 40
833 34
834 26
835 43
836 26
837 32
838 28
839 45
840 38
841 28
842 33
843 26
844 21
845 26
846 25
847 23
848 26
849 17
850 21
851 23
852 21
853 20
854 15
855 17
856 15
857 13
858 18
859 20
860 21
861 22
862 20
863 19
864 14
865 16
866 15
867 20
868 19
869 21
870 16
871 14
872 13
873 14
874 15
875 10
876 15
877 16
878 13
879 24
880 16
881 14
882 15
883 15
884 13
885 15
886 15
887 18
888 9
889 23
890 21
891 19
892 19
893 20
894 21
895 13
896 30
897 27
898 18
899 13
900 14
901 20
902 20
903 18
904 27
905 22
906 17
907 18
908 22
909 20
910 17
911 17
912 24
913 28
914 22
915 20
916 29
917 11
918 25
919 25
920 33
921 23
922 23
923 14
924 13
925 20
926 16
927 14
928 17
929 18
930 16
931 14
932 18
933 15
934 26
935 18
936 17
937 14
938 19
939 16
940 18
941 24
942 22
943 29
944 21
945 23
946 18
947 20
948 16
949 13
950 13
951 14
952 17
953 16
954 8
955 19
956 21
957 17
958 12
959 17
960 13
961 13
962 7
963 15
964 19
965 11
966 12
967 13
968 14
969 7
970 12
971 16
972 19
973 10
974 14
975 9
976 21
977 15
978 14
979 12
980 15
981 8
982 13
983 9
984 16
985 7
986 7
987 9
988 11
989 13
990 8
991 13
992 9
993 9
994 13
995 10
996 10
997 12
998 13
999 18
1000 11
1001 13
1002 14
1003 19
1004 15
1005 13
1006 19
1007 19
1008 21
1009 22
1010 15
1011 17
1012 16
1013 22
1014 20
1015 18
1016 15
1017 11
1018 13
1019 16
1020 21
1021 14
1022 20
1023 10
1024 10
1025 19
1026 14
1027 18
1028 17
1029 18
1030 16
1031 18
1032 12
1033 19
1034 13
1035 11
1036 11
1037 13
1038 9
1039 14
1040 14
1041 16
1042 19
1043 8
1044 8
1045 17
1046 13
1047 17
1048 18
1049 14
1050 21
1051 17
1052 15
1053 8
1054 6
1055 7
1056 8
1057 15
1058 5
1059 10
1060 10
1061 7
1062 7
1063 18
1064 19
1065 9
1066 13
1067 17
1068 7
1069 3
1070 10
1071 9
1072 7
1073 18
1074 8
1075 10
1076 11
1077 12
1078 6
1079 6
1080 11
1081 18
1082 8
1083 12
1084 7
1085 7
1086 7
1087 8
1088 9
1089 11
1090 9
1091 12
1092 13
1093 11
1094 8
1095 13
1096 9
1097 15
1098 8
1099 13
1100 11
1101 7
1102 5
1103 6
1104 14
1105 15
1106 11
1107 10
1108 10
1109 15
1110 18
1111 8
1112 12
1113 20
1114 8
1115 8
1116 14
1117 13
1118 15
1119 22
1120 12
1121 19
1122 28
1123 22
1124 12
1125 19
1126 25
1127 16
1128 19
1129 17
1130 18
1131 17
1132 31
1133 19
1134 17
1135 17
1136 21
1137 17
1138 22
1139 16
1140 17
1141 20
1142 21
1143 13
1144 21
1145 12
1146 15
1147 20
1148 6
1149 15
1150 15
1151 11
1152 10
1153 9
1154 11
1155 13
1156 14
1157 10
1158 9
1159 17
1160 7
1161 12
1162 13
1163 4
1164 9
1165 10
1166 12
1167 13
1168 13
1169 18
1170 15
1171 16
1172 8
1173 6
1174 6
1175 11
1176 13
1177 18
1178 8
1179 9
1180 16
1181 8
1182 10
1183 3
1184 9
1185 6
1186 9
1187 3
1188 6
1189 10
1190 4
1191 7
1192 4
1193 2
1194 4
1195 4
1196 1
1197 3
1198 3
1199 5
1200 1
1201 6
1202 4
1203 6
1204 7
1205 8
1207 4
1208 2
1209 4
1210 6
1211 4
1212 3
1213 9
1214 4
1215 3
1216 7
1217 13
1218 2
1219 6
1220 6
1221 4
1222 7
1223 7
1224 2
1225 4
1226 1
1227 5
1228 6
1229 6
1230 13
1231 6
1232 6
1233 1
1235 4
1236 5
1237 6
1238 8
1239 2
1240 1
1241 1
1242 3
1243 7
1244 6
1245 5
1246 3
1247 3
1248 5
1249 7
1250 5
1251 2
1252 5
1253 5
1254 3
1255 3
1256 5
1257 7
1258 11
1259 4
1260 5
1261 5
1262 6
1263 7
1264 6
1265 3
1266 2
1267 3
1268 3
1269 5
1270 4
1271 5
1272 1
1273 6
1274 5
1275 2
1276 8
1277 8
1278 6
1279 2
1280 3
1281 7
1282 2
1283 3
1284 1
1285 3
1287 4
1288 2
1289 8
1290 3
1291 3
1292 5
1293 4
1294 7
1295 1
1296 1
1297 3
1298 5
1299 6
1300 1
1301 5
1302 5
1303 1
1304 3
1305 2
1306 3
1307 9
1308 2
1309 1
1310 3
1311 2
1312 1
1313 4
1314 5
1315 5
1316 6
1317 5
1318 2
1319 6
1320 4
1321 4
1322 3
1323 2
1324 3
1325 2
1326 5
1327 3
1328 2
1329 3
1330 3
1331 2
1332 3
1334 6
1335 8
1336 4
1337 7
1338 1
1339 2
1340 5
1341 3
1342 3
1343 6
1344 2
1345 3
1346 4
1347 5
1348 4
1349 5
1350 3
1351 2
1352 4
1353 4
1354 1
1355 3
1356 2
1357 3
1358 2
1359 3
1360 3
1361 2
1362 3
1363 3
1364 6
1365 1
1366 4
1367 10
1368 2
1369 3
1370 4
1371 7
1372 2
1373 3
1374 1
1376 3
1377 1
1378 4
1379 1
1380 2
1381 1
1382 2
1383 2
1384 5
1385 3
1386 4
1387 1
1388 2
1389 1
1390 2
1391 2
1393 2
1395 2
1396 3
1399 2
1400 2
1401 1
1402 1
1404 1
1406 3
1407 4
1408 2
1409 3
1410 2
1412 2
1413 2
1414 5
1415 1
1417 1
1418 5
1419 1
1420 1
1423 2
1424 3
1426 1
1427 3
1428 3
1429 3
1430 2
1431 3
1432 2
1433 6
1434 3
1435 2
1436 3
1437 6
1439 2
1440 3
1441 4
1442 2
1443 3
1444 6
1446 2
1447 3
1448 3
1449 2
1450 2
1451 4
1452 2
1453 2
1454 1
1455 2
1457 1
1458 2
1459 2
1460 1
1462 1
1463 3
1464 3
1465 2
1466 2
1467 4
1468 1
1469 7
1470 2
1472 5
1473 4
1474 7
1475 3
1476 2
1477 2
1478 6
1479 3
1480 3
1481 7
1482 2
1483 4
1484 2
1485 6
1487 7
1488 4
1489 2
1490 4
1491 4
1492 1
1493 3
1494 2
1495 2
1496 3
1497 1
1498 2
1499 1
1501 3
1502 4
1503 4
1505 1
1506 2
1507 4
1508 5
1509 4
1511 1
1512 2
1514 2
1515 1
1516 1
1517 1
1518 6
1519 3
1520 3
1521 3
1522 4
1523 1
1524 3
1525 6
1526 1
1527 2
1528 6
1529 1
1530 1
1531 2
1532 2
1533 2
1534 3
1535 2
1536 4
1537 3
1538 3
1539 3
1541 2
1542 5
1543 2
1544 1
1545 1
1549 1
1550 2
1551 3
1552 2
1554 3
1555 4
1556 4
1557 3
1558 2
1559 6
1560 1
1561 2
1562 3
1563 5
1564 5
1565 5
1566 2
1567 8
1568 3
1569 2
1570 4
1571 3
1572 5
1573 5
1574 3
1575 4
1576 3
1577 2
1578 4
1579 4
1581 4
1582 2
1583 1
1584 3
1585 3
1586 3
1587 1
1588 2
1589 2
1590 5
1591 4
1592 2
1593 5
1594 3
1595 3
1596 4
1597 4
1598 4
1599 4
1600 2
1601 3
1602 3
1603 1
1604 7
1605 1
1606 2
1608 3
1609 3
1610 2
1611 5
1612 1
1613 6
1614 6
1615 4
1616 3
1617 10
1618 5
1619 10
1620 3
1621 1
1622 3
1623 3
1624 9
1625 3
1626 2
1627 3
1628 5
1629 6
1630 3
1631 2
1632 4
1633 1
1634 2
1635 1
1636 2
1637 4
1638 2
1639 1
1640 4
1641 3
1642 1
1643 3
1644 2
1645 2
1648 1
1649 3
1650 1
1651 1
1653 2
1654 5
1655 3
1656 2
1657 5
1660 1
1662 6
1663 2
1664 1
1665 3
1666 2
1667 2
1668 6
1669 7
1670 3
1671 1
1672 3
1673 6
1674 8
1675 4
1676 5
1677 4
1678 2
1679 5
1680 1
1681 2
1682 5
1683 6
1684 5
1685 1
1686 7
1687 1
1688 4
1689 8
1690 4
1691 2
1692 6
1693 4
1694 2
1695 5
1696 3
1697 5
1698 3
1699 6
1700 4
1701 6
1702 2
1703 4
1704 5
1705 4
1706 1
1707 3
1708 1
1709 3
1710 2
1711 3
1712 2
1713 2
1714 3
1715 5
1716 4
1717 2
1718 6
1719 5
1720 6
1721 5
1722 3
1723 4
1724 4
1725 6
1726 3
1727 2
1728 3
1729 4
1730 4
1731 3
1732 2
1733 2
1734 2
1735 6
1736 2
1737 5
1739 2
1740 4
1741 2
1742 4
1743 3
1744 2
1745 2
1746 2
1747 1
1750 4
1751 2
1753 3
1754 3
1755 3
1756 3
1757 4
1758 1
1759 2
1761 3
1762 4
1764 3
1765 5
1766 1
1767 2
1768 2
1769 4
1770 1
1771 3
1772 2
1773 3
1774 3
1775 3
1777 3
1779 2
1780 3
1781 3
1782 4
1783 5
1784 1
1785 2
1786 4
1787 7
1788 5
1789 3
1790 7
1791 2
1792 1
1793 5
1794 2
1795 2
1796 7
1797 3
1798 3
1799 3
1800 2
1801 2
1802 1
1803 1
1804 1
1805 1
1806 1
1808 1
1809 2
1810 2
1811 2
1812 2
1813 2
1814 2
1815 2
1816 4
1817 3
1818 5
1819 1
1820 2
1821 1
1823 1
1824 3
1825 3
1826 2
1827 3
1828 2
1829 3
1831 2
1832 2
1833 1
1834 2
1837 1
1838 1
1840 2
1841 1
1842 2
1843 3
1844 1
1846 4
1847 3
1848 1
1849 3
1850 2
1851 3
1852 1
1855 2
1856 2
1857 2
1858 2
1859 1
1860 2
1861 2
1863 3
1865 4
1866 4
1867 3
1868 1
1869 2
1870 2
1871 2
1872 4
1873 2
1874 3
1875 3
1876 5
1877 1
1878 2
1879 2
1880 1
1881 2
1882 6
1884 6
1885 2
1886 2
1887 2
1888 7
1889 4
1890 2
1891 8
1892 2
1893 3
1894 7
1895 6
1896 5
1897 3
1898 3
1899 2
1900 7
1901 4
1902 4
1903 10
1904 6
1905 3
1906 9
1907 2
1908 5
1909 5
1910 3
1911 7
1912 5
1913 2
1914 2
1915 4
1916 3
1917 3
1918 2
1919 5
1920 11
1921 2
1922 2
1923 6
1924 2
1925 3
1926 4
1927 2
1928 2
1929 1
1930 6
1931 4
1932 3
1933 1
1934 4
1935 4
1936 3
1938 3
1939 4
1940 7
1941 5
1942 1
1943 6
1944 3
1945 2
1946 8
1947 2
1948 4
1949 3
1950 3
1951 3
1952 7
1953 3
1954 2
1955 4
1956 8
1957 4
1958 9
1959 1
1960 2
1961 2
1962 1
1963 2
1964 3
1965 4
1967 7
1968 6
1969 5
1970 6
1971 2
1972 1
1973 6
1974 5
1975 6
1976 5
1977 1
1978 6
1979 2
1980 1
1981 4
1982 5
1983 5
1984 3
1985 4
1986 5
1987 3
1989 3
1990 2
1991 5
1992 3
1993 9
1994 5
1995 4
1996 6
1997 1
1998 2
1999 1
2000 3
2001 4
2002 4
2003 2
2004 4
2005 4
2006 2
2007 6
2008 3
2009 2
2010 1
2011 3
2013 3
2014 4
2016 6
2017 2
2018 3
2019 5
2020 1
2021 1
2022 4
2023 4
2024 5
2025 3
2026 4
2027 5
2028 1
2029 7
2030 2
2031 3
2032 5
2033 3
2034 2
2035 5
2036 4
2037 3
2038 1
2039 2
2040 6
2041 4
2042 2
2043 3
2044 4
2045 1
2046 2
2047 4
2048 3
2050 3
2051 3
2053 1
2055 1
2056 3
2057 2
2058 8
2059 4
2060 4
2061 5
2062 3
2063 3
2064 9
2065 11
2066 6
2067 6
2068 7
2069 6
2070 9
2071 4
2072 4
2073 7
2074 7
2075 6
2076 3
2077 10
2078 6
2079 3
2080 5
2081 5
2082 6
2083 5
2084 6
2085 9
2086 6
2087 12
2088 3
2089 7
2090 6
2091 5
2092 8
2093 6
2094 6
2095 8
2096 2
2097 5
2098 10
2099 7
2100 3
2101 13
2102 5
2103 8
2104 5
2105 9
2106 4
2107 9
2108 5
2109 11
2110 3
2111 6
2112 5
2113 9
2114 6
2115 2
2116 1
2117 8
2118 2
2119 3
2120 2
2121 3
2122 6
2123 3
2124 3
2125 5
2126 4
2127 2
2128 1
2129 2
2131 3
2132 1
2133 2
2134 1
2135 1
2136 4
2137 1
2138 1
2139 5
2140 2
2143 4
2145 2
2146 2
2147 1
2148 1
2149 2
2150 3
2153 1
2154 3
2156 1
2157 2
2158 2
2160 1
2161 1
2162 3
2163 2
2164 2
2165 2
2166 1
2167 2
2169 1
2170 1
2171 2
2172 4
2173 1
2174 1
2175 1
2176 1
2177 1
2178 1
2180 1
2181 1
2183 1
2184 2
2185 1
2189 1
2194 1
2195 2
2205 1
2206 1
2207 2
2208 1
2209 2
2212 1
2213 3
2214 1
2216 1
2218 1
2221 1
2222 2
2225 2
2226 3
2228 2
2229 2
2230 1
2231 1
2232 1
2234 1
2237 1
2240 2
2241 1
2244 3
2246 1
2249 1
2252 2
2254 1
2257 2
2258 1
2260 1
2261 1
2262 3
2264 1
2265 1
2266 3
2267 3
2268 3
2269 2
2271 3
2272 3
2273 2
2274 4
2275 4
2276 5
2277 1
2278 3
2279 4
2281 3
2282 3
2283 2
2284 1
2286 2
2287 3
2288 4
2289 2
2290 2
2291 4
2292 3
2293 4
2294 3
2295 3
2296 3
2297 4
2298 1
2299 2
2300 3
2301 1
2302 3
2303 4
2304 1
2305 1
2306 4
2307 1
2308 1
2309 3
2310 1
2311 2
2312 3
2313 1
2317 2
2318 1
2319 3
2321 3
2323 1
2326 3
2327 1
2328 1
2329 1
2332 2
2333 1
2336 2
2339 1
2342 1
2343 1
2346 1
2350 1
2355 1
2359 1
2362 1
2363 2
2364 3
2368 1
2370 1
2372 1
2376 1
2384 1
2391 1
2397 1
2399 1
2400 1
2401 1
2402 2
2405 1
2408 1
2410 1
2411 2
2416 1
2418 1
2420 1
2421 2
2423 1
2424 1
2426 1
2428 1
2429 1
2430 2
2432 1
2434 1
2437 2
2438 2
2439 1
2441 2
2442 1
2447 1
2449 1
2450 1
2452 1
2453 1
2455 1
2458 2
2459 1
2462 1
2464 1
2466 1
2467 1
2468 1
2469 1
2470 1
2472 1
2474 1
2475 2
2477 1
2489 1
2491 1
2504 1
2507 1
2511 1
2512 1
2513 2
2514 1
2517 1
2519 2
2520 1
2521 2
2522 1
2523 1
2524 1
2525 1
2526 1
2529 1
2530 2
2531 1
2535 1
2536 1
2537 2
2538 2
2540 3
2543 1
2547 1
2548 1
2549 1
2567 1
2581 1
2584 1
2597 1
2623 1
2624 1
2639 1
2640 1
2649 1
2651 1
2653 1
2669 1
2690 2
2691 1
2692 1
2693 1
2694 2
2695 2
2696 1
2699 1
2705 1
2707 1
2709 1
2710 1
2716 1
2717 1
2718 2
2719 1
2720 1
2721 2
2722 2
2723 2
2725 1
2727 1
2728 1
2736 1
2738 1
2740 1
2741 1
2744 1
2751 2
2752 1
2754 1
2755 1
2760 2
2778 1
2783 1
2789 1
2799 1
2801 1
2802 1
2808 1
2809 1
2814 1
2819 1
2821 1
2826 1
2827 1
2828 1
2832 1
2833 1
2836 2
2841 1
2843 1
2846 1
2849 1
2852 1
2853 1
2879 1
2883 2
2885 1
2887 1
2893 1
2900 1
2902 1
2903 1
2904 1
2919 1
2921 1
2944 1
2946 1
2978 1
2990 1
2997 1
3008 1
3012 1
3016 1
3026 2
3029 1
3032 1
3033 1
3034 1
3035 2
3038 1
3044 1
3046 2
3048 1
3058 1
3066 1
3068 1
3074 1
3082 1
3089 1
3098 1
3133 1
3134 1
3135 1
3141 1
3145 1
3146 1
3147 2
3153 1
3192 1
3196 1
3206 1
3247 1
3326 1
3346 1
3390 1
3405 1
3406 1
3407 1
3411 1
3420 1
3525 1
3563 1
3564 1
3565 1
3570 1
3573 1
3575 1
3578 1
3580 1
3584 1
3600 1
3654 1
3658 1
3675 1
3679 1
3719 1
3728 1
3730 1
3739 1
3747 1
3794 1
3809 1
3911 1
3917 1
3922 1
3923 1
3940 1
3948 1
3951 1
3952 1
3954 2
3955 1
3961 1
3965 1
3971 1
4064 1
4071 1
4076 1
4085 1
4158 1
4165 1
4171 2
4186 1
4189 1
4200 1
4231 1
4261 1
4396 1
4409 1
4415 1
4430 1
4433 1
4442 1
4459 1
4517 1
4518 1
4530 1
4536 1
4537 1
4550 1
4559 1
4591 1
4623 1
4664 2
4683 1
4684 1
4685 1
4700 1
4703 1
4705 1
4711 1
4719 2
4729 2
4730 1
4731 1
4744 1
4745 1
4759 1
4760 1
4780 1
4802 1
4821 1
4828 1
4835 1
4895 1
4896 1
4914 1
4915 1
4918 1
4919 1
4928 1
4930 1
4933 1
4936 3
4939 1
4945 1
4948 1
4949 1
4950 1
4958 1
4966 1
5020 1
5026 1
5080 1
5083 1
5086 1
5096 1
5130 1
5147 1
5269 1
5282 1
5291 1
5295 1
5563 1
5648 1
5655 1
5663 1
5741 1
5815 1
5824 2
5910 1
5918 1
5967 1
5976 1
5988 1
5993 1
6088 1
6096 1
6101 1
6110 1
6113 1
6122 2
6123 1
6132 1
6138 1
6139 1
6173 1
6278 1
6291 1
6548 1
6568 1
6980 1
6985 1
6987 1
7001 1
7006 1
7014 1
7075 1
7076 1
7078 2
7080 1
7083 1
7090 1
7093 2
7096 1
7097 1
7192 1
7443 1
9974 1
10001 16
