1 24785386
2 14298021
3 9175492
4 6813687
5 5635827
6 4832812
7 4147821
8 3441158
9 2758700
10 2129897
11 1599939
12 1186030
13 883732
14 677697
15 553280
16 501316
17 496930
18 514760
19 545829
20 563431
21 571354
22 557916
23 518796
24 466567
25 405238
26 341729
27 281568
28 225453
29 179288
30 144920
31 119833
32 104681
33 96475
34 95756
35 99360
36 105002
37 111009
38 116026
39 119419
40 121444
41 119599
42 117726
43 113706
44 106030
45 97252
46 87775
47 78079
48 68753
49 60686
50 53703
51 48676
52 46892
53 46320
54 49575
55 55777
56 64322
57 76394
58 91277
59 108102
60 128758
61 150944
62 174890
63 199337
64 223730
65 248873
66 272204
67 294084
68 312551
69 327932
70 340504
71 349494
72 354905
73 356103
74 352259
75 341949
76 328488
77 313215
78 294199
79 273100
80 250554
81 226591
82 203360
83 181661
84 159831
85 139646
86 120289
87 101911
88 87359
89 73318
90 60624
91 50318
92 40663
93 32879
94 26637
95 21606
96 17309
97 14045
98 11487
99 9750
100 8259
101 7445
102 6753
103 6535
104 6206
105 6274
106 6414
107 6601
108 6784
109 6993
110 7148
111 7378
112 7383
113 7603
114 7745
115 7806
116 7808
117 7771
118 7589
119 7570
120 7272
121 6993
122 6631
123 6193
124 5935
125 5538
126 5122
127 4736
128 4383
129 4050
130 3761
131 3353
132 3083
133 2911
134 2834
135 2511
136 2286
137 2167
138 2156
139 1975
140 1949
141 1709
142 1712
143 1740
144 1683
145 1682
146 1606
147 1587
148 1543
149 1444
150 1366
151 1476
152 1351
153 1278
154 1310
155 1216
156 1215
157 1123
158 987
159 974
160 931
161 884
162 804
163 705
164 663
165 682
166 551
167 561
168 492
169 491
170 393
171 364
172 387
173 334
174 336
175 292
176 271
177 257
178 248
179 236
180 240
181 190
182 189
183 208
184 198
185 173
186 186
187 162
188 156
189 154
190 170
191 177
192 151
193 144
194 187
195 189
196 166
197 202
198 191
199 179
200 184
201 186
202 192
203 227
204 199
205 202
206 249
207 243
208 258
209 218
210 245
211 290
212 295
213 267
214 320
215 267
216 291
217 263
218 256
219 275
220 252
221 261
222 217
223 228
224 255
225 256
226 249
227 245
228 268
229 246
230 264
231 236
232 255
233 232
234 223
235 198
236 213
237 189
238 194
239 198
240 170
241 166
242 177
243 163
244 164
245 169
246 188
247 172
248 178
249 148
250 140
251 132
252 132
253 132
254 125
255 124
256 116
257 125
258 124
259 141
260 111
261 131
262 115
263 115
264 127
265 128
266 116
267 113
268 104
269 121
270 116
271 110
272 146
273 120
274 132
275 129
276 156
277 151
278 144
279 177
280 173
281 158
282 183
283 158
284 164
285 185
286 185
287 201
288 174
289 156
290 185
291 189
292 175
293 209
294 169
295 176
296 172
297 188
298 218
299 191
300 184
301 198
302 169
303 185
304 162
305 191
306 163
307 167
308 157
309 159
310 157
311 161
312 164
313 149
314 134
315 149
316 154
317 135
318 116
319 102
320 87
321 97
322 85
323 106
324 96
325 90
326 97
327 97
328 88
329 80
330 66
331 73
332 66
333 62
334 60
335 51
336 42
337 57
338 40
339 60
340 49
341 41
342 44
343 50
344 44
345 54
346 43
347 59
348 36
349 45
350 42
351 53
352 61
353 48
354 67
355 40
356 59
357 55
358 59
359 47
360 59
361 63
362 75
363 75
364 80
365 77
366 83
367 66
368 65
369 70
370 71
371 58
372 68
373 64
374 60
375 45
376 53
377 64
378 49
379 56
380 53
381 65
382 37
383 52
384 52
385 49
386 60
387 51
388 52
389 55
390 43
391 50
392 37
393 36
394 37
395 42
396 45
397 35
398 48
399 41
400 38
401 34
402 39
403 29
404 37
405 27
406 24
407 18
408 35
409 34
410 21
411 34
412 29
413 29
414 38
415 40
416 26
417 34
418 30
419 29
420 27
421 31
422 25
423 22
424 35
425 42
426 28
427 29
428 51
429 55
430 65
431 53
432 58
433 41
434 71
435 80
436 91
437 89
438 102
439 103
440 141
441 164
442 171
443 227
444 226
445 236
446 307
447 365
448 437
449 472
450 569
451 637
452 751
453 877
454 952
455 1053
456 1209
457 1331
458 1476
459 1718
460 1837
461 2019
462 2270
463 2524
464 2798
465 3025
466 3322
467 3774
468 4160
469 4579
470 5105
471 5529
472 6087
473 6621
474 7232
475 7836
476 8355
477 9051
478 9727
479 10556
480 11422
481 12274
482 12937
483 13952
484 14821
485 15781
486 16718
487 17666
488 18550
489 19364
490 20314
491 21478
492 22435
493 23477
494 24667
495 25658
496 26475
497 27469
498 28630
499 30016
500 30677
501 31447
502 32192
503 32775
504 33875
505 34613
506 35265
507 35976
508 36527
509 36857
510 37331
511 37938
512 38321
513 38619
514 38958
515 38680
516 39044
517 38569
518 38493
519 38666
520 38234
521 37540
522 37490
523 36990
524 36248
525 35730
526 34976
527 34439
528 33443
529 32675
530 31719
531 30985
532 29752
533 29147
534 28192
535 27041
536 25791
537 24959
538 24260
539 23039
540 22022
541 21084
542 20054
543 19070
544 18173
545 17070
546 16439
547 15472
548 14741
549 13722
550 12897
551 11861
552 11157
553 10264
554 9613
555 8919
556 8317
557 7801
558 7196
559 6595
560 6005
561 5693
562 5221
563 4781
564 4377
565 3970
566 3801
567 3353
568 3132
569 2872
570 2421
571 2255
572 2141
573 1887
574 1718
575 1540
576 1425
577 1229
578 1164
579 983
580 922
581 813
582 755
583 655
584 600
585 525
586 513
587 443
588 366
589 317
590 300
591 269
592 222
593 224
594 224
595 209
596 185
597 167
598 145
599 140
600 159
601 126
602 96
603 96
604 97
605 92
606 84
607 66
608 66
609 63
610 51
611 42
612 43
613 48
614 44
615 34
616 29
617 27
618 32
619 27
620 19
621 24
622 32
623 26
624 19
625 14
626 21
627 14
628 22
629 16
630 19
631 15
632 15
633 24
634 18
635 14
636 21
637 13
638 14
639 7
640 18
641 12
642 14
643 11
644 15
645 12
646 20
647 17
648 17
649 13
650 23
651 11
652 13
653 11
654 7
655 7
656 17
657 15
658 4
659 12
660 10
661 5
662 6
663 8
664 9
665 11
666 10
667 11
668 8
669 6
670 11
671 6
672 14
673 11
674 8
675 13
676 10
677 11
678 8
679 12
680 8
681 11
682 8
683 8
684 6
685 8
686 11
687 10
688 11
689 9
690 9
691 13
692 6
693 9
694 2
695 7
696 7
697 7
698 8
699 2
700 5
701 6
702 5
703 6
704 7
705 4
706 8
707 3
708 7
709 3
710 4
711 9
712 5
713 7
714 6
715 5
716 4
717 7
718 9
719 11
720 10
721 5
722 7
723 7
724 8
725 4
726 5
727 7
728 10
729 4
730 3
731 3
732 5
733 9
734 8
735 6
736 8
737 7
738 2
739 5
740 4
741 4
742 4
743 7
744 2
745 2
746 3
747 2
748 8
749 1
750 7
751 7
752 8
753 4
754 9
755 3
756 3
757 7
758 2
759 4
760 6
761 3
762 6
763 5
764 8
765 3
766 1
767 1
768 4
769 7
770 4
771 10
772 5
773 5
774 5
775 7
776 5
777 5
778 3
779 5
780 3
781 5
782 5
783 4
784 2
785 8
786 4
787 5
788 6
789 3
790 3
791 4
792 1
793 4
794 4
795 3
796 4
797 3
798 7
799 4
800 7
801 4
802 3
803 2
804 8
805 1
806 1
807 2
808 3
809 1
810 2
811 3
812 3
813 1
814 3
816 2
817 1
818 6
819 6
820 7
821 8
822 7
823 10
824 3
825 1
826 9
827 7
828 10
829 5
830 6
831 8
832 5
833 2
834 9
835 7
836 3
837 10
838 4
839 4
840 4
841 6
842 5
843 3
844 3
845 6
846 5
847 5
848 9
849 4
850 3
851 3
852 7
853 6
854 5
855 6
856 3
857 3
858 4
859 7
860 2
861 3
862 2
863 1
864 1
865 1
867 2
868 2
870 2
871 2
872 7
873 4
874 2
875 4
876 2
877 1
878 1
879 4
881 2
882 2
883 3
884 3
885 2
886 3
887 2
889 4
890 2
891 2
892 5
893 3
894 1
895 3
896 6
897 4
898 2
899 4
900 1
901 2
903 3
904 1
905 2
906 1
907 3
911 1
912 1
913 1
914 3
916 4
917 1
918 4
919 6
921 2
923 4
924 4
925 4
926 5
927 3
929 3
930 5
931 2
932 1
933 2
934 2
935 2
936 3
937 1
938 1
939 3
940 4
941 2
942 4
943 3
944 1
945 3
946 3
947 6
948 8
949 1
950 5
951 6
952 3
953 5
954 5
955 1
956 4
957 4
958 5
959 8
960 4
961 7
962 5
963 5
964 11
965 6
966 6
967 9
968 8
969 15
970 12
971 11
972 11
973 19
974 12
975 14
976 33
977 16
978 21
979 15
980 15
981 19
982 21
983 13
984 25
985 23
986 11
987 25
988 16
989 33
990 29
991 28
992 40
993 30
994 31
995 33
996 43
997 35
998 36
999 38
1000 39
1001 35
1002 53
1003 53
1004 38
1005 42
1006 42
1007 47
1008 43
1009 52
1010 34
1011 38
1012 53
1013 56
1014 65
1015 60
1016 69
1017 65
1018 41
1019 63
1020 65
1021 63
1022 56
1023 53
1024 62
1025 78
1026 60
1027 52
1028 63
1029 54
1030 48
1031 56
1032 47
1033 62
1034 68
1035 57
1036 61
1037 52
1038 54
1039 53
1040 62
1041 43
1042 62
1043 71
1044 54
1045 70
1046 68
1047 53
1048 67
1049 66
1050 58
1051 54
1052 50
1053 55
1054 34
1055 46
1056 49
1057 47
1058 49
1059 55
1060 41
1061 40
1062 46
1063 43
1064 52
1065 50
1066 44
1067 37
1068 31
1069 43
1070 41
1071 24
1072 35
1073 23
1074 32
1075 24
1076 25
1077 20
1078 16
1079 32
1080 28
1081 28
1082 30
1083 24
1084 24
1085 23
1086 20
1087 23
1088 19
1089 13
1090 15
1091 17
1092 18
1093 23
1094 9
1095 9
1096 16
1097 12
1098 24
1099 5
1100 7
1101 7
1102 10
1103 4
1104 6
1105 5
1106 5
1107 7
1108 7
1109 2
1110 5
1111 2
1112 1
1113 2
1114 2
1116 1
1118 2
1119 2
1120 1
1121 2
1122 2
1123 3
1124 1
1125 1
1127 1
1128 1
1133 1
1134 1
1135 3
1136 1
1137 4
1138 1
1141 1
1142 1
1145 1
1146 1
1148 1
1149 3
1150 4
1151 3
1152 4
1153 1
1155 3
1156 2
1158 3
1159 2
1160 2
1161 3
1162 2
1163 2
1164 2
1165 1
1167 4
1168 1
1169 2
1170 1
1171 1
1173 1
1174 1
1175 2
1176 1
1177 4
1179 1
1181 4
1185 2
1186 1
1188 2
1189 1
1190 1
1191 1
1194 1
1195 2
1196 2
1199 2
1201 3
1202 1
1203 2
1204 1
1206 1
1208 1
1209 1
1210 2
1211 1
1213 2
1214 1
1215 2
1216 2
1218 2
1219 1
1220 2
1222 3
1223 2
1225 1
1226 1
1227 1
1228 3
1229 3
1230 1
1231 4
1232 2
1233 2
1234 4
1235 5
1236 2
1237 2
1238 2
1239 1
1241 2
1242 2
1243 1
1245 2
1247 1
1248 2
1249 1
1250 1
1251 1
1253 2
1254 3
1256 2
1258 1
1259 3
1260 2
1261 2
1262 7
1264 1
1265 3
1266 3
1267 1
1268 3
1269 4
1270 3
1271 1
1273 1
1274 5
1275 3
1276 3
1277 2
1280 4
1281 1
1282 1
1283 1
1284 2
1286 1
1287 1
1290 1
1291 1
1293 1
1295 2
1296 3
1297 2
1298 3
1299 1
1300 1
1301 1
1302 3
1303 1
1304 1
1305 4
1306 3
1308 1
1310 4
1311 3
1313 1
1314 3
1315 1
1316 1
1317 2
1319 2
1321 3
1322 1
1323 1
1324 1
1325 1
1327 1
1328 1
1329 1
1330 2
1332 1
1333 4
1334 4
1335 2
1336 3
1337 1
1338 3
1339 2
1340 3
1341 3
1343 1
1344 2
1345 1
1346 4
1348 2
1349 2
1350 2
1351 2
1352 2
1354 2
1355 1
1358 1
1359 2
1360 2
1361 1
1362 3
1363 1
1365 1
1366 2
1367 1
1368 2
1369 1
1370 4
1371 1
1372 4
1373 3
1374 5
1376 4
1378 1
1380 1
1381 1
1382 2
1385 3
1388 1
1389 1
1393 1
1394 1
1398 4
1400 1
1401 1
1402 3
1403 2
1404 3
1405 1
1406 1
1409 1
1410 1
1414 2
1417 1
1427 1
1428 1
1429 1
1430 1
1431 1
1432 1
1433 1
1434 1
1437 1
1438 3
1440 2
1441 1
1443 1
1444 1
1445 1
1448 1
1450 1
1451 1
1470 1
1471 1
1473 3
1474 1
1476 2
1477 1
1479 3
1480 2
1481 2
1482 1
1483 2
1484 1
1485 2
1486 2
1487 2
1488 4
1489 4
1490 2
1491 1
1492 1
1493 2
1494 4
1495 1
1496 4
1497 1
1498 1
1499 4
1500 3
1501 1
1503 1
1504 3
1505 5
1506 2
1508 2
1509 5
1510 1
1511 1
1512 2
1513 5
1515 5
1516 2
1517 3
1518 3
1519 1
1520 6
1521 1
1522 6
1523 6
1524 5
1525 4
1526 5
1527 1
1528 1
1530 3
1531 1
1532 5
1533 4
1534 3
1535 1
1536 1
1538 2
1539 4
1540 1
1541 4
1542 1
1543 2
1544 4
1545 1
1546 6
1547 2
1548 4
1549 1
1550 4
1551 5
1552 5
1553 7
1554 3
1555 3
1556 2
1557 3
1558 5
1559 5
1560 1
1561 8
1562 3
1563 2
1564 7
1565 4
1566 3
1567 2
1568 7
1570 1
1571 3
1572 2
1573 4
1574 3
1575 4
1576 3
1577 2
1578 1
1580 1
1581 2
1582 2
1583 1
1584 2
1585 2
1586 3
1587 2
1588 1
1589 5
1590 1
1592 2
1593 1
1594 2
1596 1
1599 2
1603 1
1604 1
1605 1
1618 1
1619 1
1621 1
1622 1
1625 2
1626 2
1627 1
1628 1
1629 1
1630 1
1631 1
1634 1
1635 1
1636 2
1639 1
1640 1
1643 1
1645 1
1646 1
1647 1
1648 1
1649 1
1652 1
1654 1
1656 1
1659 2
1663 1
1666 2
1672 1
1673 1
1677 4
1678 2
1679 1
1685 2
1686 1
1688 2
1690 3
1691 1
1692 1
1693 1
1695 1
1696 1
1698 1
1699 3
1718 1
1719 1
1721 1
1722 1
1725 1
1726 1
1729 1
1730 1
1734 2
1735 1
1737 3
1738 4
1739 1
1740 2
1741 2
1743 1
1745 2
1746 2
1747 1
1749 3
1750 1
1751 1
1752 3
1753 1
1754 2
1755 1
1756 3
1757 1
1758 1
1759 2
1760 1
1761 1
1762 2
1764 3
1765 1
1766 2
1767 1
1768 1
1769 2
1770 1
1772 1
1774 3
1775 1
1777 1
1780 1
1785 1
1786 1
1787 1
1788 2
1789 2
1790 1
1791 1
1793 2
1794 1
1795 1
1798 1
1899 1
1979 1
1981 1
1984 1
1989 1
1991 1
1992 1
1993 1
1995 1
1998 1
2001 1
2003 2
2004 1
2005 2
2006 1
2007 1
2008 1
2011 1
2013 1
2015 2
2017 1
2020 1
2021 2
2022 1
2023 1
2025 1
2026 1
2027 1
2029 1
2030 2
2036 1
2038 2
2039 1
2040 1
2044 1
2051 1
2053 1
2054 1
2056 1
2058 1
2059 1
2060 3
2061 1
2062 1
2063 1
2064 1
2065 2
2067 2
2068 2
2071 1
2081 1
2084 1
2108 1
2109 1
2110 1
2122 1
2137 1
2189 1
2193 1
2229 1
2232 1
2236 1
2244 1
2268 1
2280 1
2282 1
2286 1
2288 1
2301 1
2363 1
2369 1
2372 1
2530 1
2532 1
2533 1
2538 2
2539 2
2540 1
2541 3
2544 1
2545 1
2551 1
2552 1
2568 1
2571 1
2574 2
2604 1
2608 1
2636 1
2647 1
2655 1
3028 1
3056 1
3061 1
3063 1
3065 1
3066 1
3069 1
3070 1
3071 1
3073 1
3074 1
3104 1
3107 1
3113 2
3117 1
3121 1
3124 1
3127 1
3128 1
3130 4
3138 1
3139 1
3145 1
3168 1
3300 1
3302 1
3305 1
3306 1
3309 1
3311 2
3312 1
3315 1
3316 1
3318 1
3556 1
3633 1
3676 1
3686 1
3688 1
4076 1
4106 1
4206 1
4605 1
4622 1
5185 1
5193 1
6422 1
6432 1
6439 1
6441 1
6445 1
6446 1
6449 1
6452 1
6459 1
6460 1
