1 16931304
2 5546689
3 3132559
4 2616885
5 2493115
6 2405644
7 2222207
8 1957477
9 1683346
10 1403152
11 1157325
12 958061
13 814177
14 713952
15 652675
16 617172
17 602524
18 590873
19 584608
20 571794
21 559107
22 539320
23 512349
24 477071
25 434858
26 390925
27 343526
28 292476
29 243475
30 197974
31 158442
32 121477
33 91721
34 68079
35 50222
36 35752
37 25040
38 17232
39 12071
40 8443
41 6050
42 4707
43 3796
44 3136
45 2563
46 2339
47 2081
48 1893
49 1847
50 1752
51 1662
52 1571
53 1490
54 1334
55 1236
56 1243
57 1136
58 1087
59 1065
60 1015
61 983
62 947
63 851
64 763
65 716
66 672
67 728
68 671
69 675
70 693
71 628
72 643
73 584
74 560
75 549
76 554
77 577
78 523
79 512
80 521
81 542
82 434
83 472
84 451
85 433
86 413
87 346
88 389
89 346
90 352
91 348
92 326
93 350
94 395
95 411
96 490
97 531
98 626
99 762
100 972
101 1161
102 1438
103 1790
104 2342
105 3016
106 3609
107 4696
108 5685
109 7130
110 8535
111 10446
112 12671
113 15493
114 18442
115 21775
116 25666
117 30119
118 34373
119 39707
120 44896
121 50842
122 57821
123 64761
124 71962
125 79469
126 87486
127 94829
128 103205
129 110442
130 119668
131 127307
132 134250
133 141317
134 147295
135 153675
136 158969
137 161994
138 165418
139 167537
140 169957
141 171749
142 171183
143 170682
144 169111
145 166265
146 162463
147 158085
148 153703
149 147092
150 141581
151 135361
152 128352
153 120556
154 112276
155 105693
156 97480
157 90253
158 82800
159 75572
160 69287
161 62462
162 56140
163 49961
164 44451
165 39094
166 34697
167 29984
168 26337
169 22774
170 19468
171 16630
172 14152
173 12341
174 10198
175 8391
176 6803
177 5588
178 4682
179 3812
180 3106
181 2498
182 1980
183 1679
184 1390
185 1080
186 795
187 670
188 540
189 428
190 359
191 317
192 228
193 238
194 200
195 169
196 161
197 125
198 126
199 91
200 98
201 71
202 94
203 75
204 78
205 61
206 58
207 43
208 50
209 34
210 34
211 24
212 28
213 22
214 23
215 28
216 40
217 31
218 31
219 33
220 37
221 37
222 49
223 41
224 43
225 51
226 43
227 38
228 40
229 42
230 40
231 39
232 54
233 46
234 70
235 44
236 62
237 62
238 88
239 84
240 90
241 106
242 119
243 146
244 168
245 157
246 174
247 167
248 177
249 177
250 204
251 249
252 224
253 231
254 266
255 290
256 296
257 316
258 369
259 344
260 397
261 388
262 400
263 441
264 455
265 458
266 503
267 507
268 571
269 583
270 607
271 591
272 617
273 619
274 566
275 614
276 623
277 594
278 647
279 625
280 592
281 594
282 588
283 588
284 595
285 603
286 564
287 555
288 530
289 532
290 467
291 518
292 491
293 484
294 506
295 512
296 503
297 512
298 476
299 490
300 474
301 491
302 421
303 417
304 396
305 357
306 354
307 333
308 317
309 308
310 329
311 266
312 262
313 289
314 249
315 201
316 198
317 194
318 189
319 164
320 156
321 151
322 114
323 109
324 106
325 98
326 98
327 96
328 75
329 72
330 60
331 53
332 47
333 49
334 39
335 41
336 41
337 27
338 25
339 40
340 22
341 29
342 34
343 25
344 31
345 24
346 35
347 35
348 26
349 32
350 31
351 32
352 30
353 23
354 22
355 21
356 34
357 24
358 28
359 31
360 37
361 28
362 31
363 30
364 38
365 39
366 42
367 55
368 45
369 55
370 61
371 76
372 66
373 93
374 81
375 73
376 97
377 77
378 93
379 115
380 104
381 131
382 129
383 129
384 139
385 207
386 181
387 195
388 208
389 180
390 183
391 176
392 185
393 225
394 193
395 231
396 232
397 242
398 244
399 245
400 231
401 226
402 198
403 242
404 205
405 199
406 213
407 228
408 192
409 217
410 192
411 220
412 189
413 181
414 192
415 189
416 182
417 167
418 182
419 164
420 185
421 151
422 156
423 159
424 160
425 147
426 160
427 162
428 132
429 143
430 134
431 116
432 110
433 131
434 104
435 116
436 99
437 76
438 88
439 85
440 93
441 99
442 87
443 79
444 76
445 67
446 70
447 61
448 60
449 46
450 51
451 58
452 44
453 46
454 43
455 40
456 41
457 39
458 37
459 37
460 37
461 37
462 27
463 32
464 32
465 20
466 24
467 26
468 28
469 16
470 19
471 16
472 16
473 12
474 16
475 12
476 16
477 18
478 8
479 12
480 8
481 10
482 12
483 14
484 6
485 9
486 18
487 23
488 21
489 20
490 14
491 16
492 20
493 22
494 21
495 22
496 23
497 15
498 21
499 18
500 23
501 24
502 33
503 41
504 31
505 28
506 33
507 38
508 34
509 36
510 45
511 49
512 43
513 59
514 53
515 49
516 62
517 48
518 46
519 43
520 53
521 59
522 50
523 67
524 69
525 73
526 52
527 50
528 57
529 58
530 61
531 59
532 63
533 61
534 76
535 63
536 58
537 64
538 68
539 64
540 59
541 56
542 54
543 57
544 56
545 55
546 57
547 66
548 65
549 56
550 75
551 76
552 57
553 69
554 57
555 53
556 57
557 67
558 63
559 66
560 68
561 66
562 68
563 62
564 58
565 54
566 46
567 60
568 60
569 64
570 64
571 59
572 54
573 71
574 53
575 65
576 69
577 58
578 59
579 53
580 39
581 62
582 53
583 66
584 43
585 51
586 62
587 63
588 45
589 55
590 51
591 52
592 46
593 51
594 53
595 45
596 61
597 41
598 43
599 42
600 32
601 34
602 38
603 35
604 35
605 42
606 28
607 41
608 40
609 24
610 41
611 29
612 44
613 30
614 36
615 29
616 30
617 24
618 16
619 17
620 20
621 27
622 42
623 33
624 26
625 26
626 21
627 22
628 32
629 27
630 26
631 34
632 17
633 28
634 25
635 20
636 22
637 16
638 21
639 15
640 19
641 20
642 23
643 25
644 18
645 19
646 24
647 20
648 21
649 25
650 23
651 23
652 19
653 22
654 27
655 29
656 25
657 32
658 25
659 35
660 34
661 28
662 41
663 40
664 41
665 41
666 42
667 46
668 29
669 40
670 44
671 51
672 41
673 33
674 37
675 46
676 31
677 30
678 32
679 28
680 41
681 37
682 37
683 44
684 37
685 37
686 33
687 23
688 24
689 27
690 28
691 39
692 27
693 15
694 35
695 27
696 25
697 29
698 28
699 32
700 23
701 26
702 28
703 24
704 28
705 21
706 16
707 30
708 25
709 25
710 31
711 19
712 14
713 25
714 22
715 25
716 33
717 32
718 18
719 22
720 24
721 27
722 29
723 28
724 37
725 40
726 32
727 26
728 25
729 27
730 17
731 44
732 33
733 21
734 24
735 26
736 33
737 17
738 24
739 22
740 26
741 27
742 26
743 27
744 29
745 24
746 27
747 25
748 22
749 14
750 30
751 23
752 23
753 25
754 15
755 15
756 25
757 30
758 27
759 24
760 24
761 24
762 29
763 31
764 30
765 31
766 28
767 34
768 26
769 33
770 29
771 32
772 38
773 25
774 30
775 32
776 17
777 21
778 31
779 24
780 28
781 38
782 30
783 30
784 32
785 31
786 32
787 47
788 37
789 45
790 38
791 35
792 31
793 32
794 29
795 50
796 42
797 45
798 46
799 35
800 40
801 48
802 42
803 39
804 35
805 25
806 30
807 34
808 25
809 43
810 31
811 40
812 24
813 25
814 32
815 25
816 22
817 23
818 22
819 26
820 22
821 23
822 20
823 13
824 10
825 15
826 18
827 10
828 15
829 21
830 13
831 10
832 7
833 8
834 10
835 12
836 11
837 6
838 5
839 7
840 5
841 10
842 8
843 8
844 4
845 7
846 7
847 5
848 7
849 6
850 8
851 10
852 5
853 13
854 6
855 4
856 6
857 6
858 10
859 10
860 4
861 5
862 1
863 6
864 8
865 3
866 2
867 1
869 2
870 1
871 2
872 4
873 4
874 2
875 5
876 2
877 3
878 2
879 4
880 2
881 2
882 3
883 7
885 3
886 2
887 5
888 5
889 4
890 3
891 13
892 7
893 11
894 6
895 6
896 12
897 7
898 4
899 11
900 7
901 6
902 3
903 7
904 10
905 9
906 3
907 8
908 6
909 3
910 2
911 6
912 4
913 4
914 7
915 4
916 5
917 8
918 5
919 6
920 3
921 4
922 9
923 2
924 4
925 1
926 2
927 5
928 9
929 4
930 3
931 4
932 9
933 2
934 3
935 2
936 6
937 1
938 8
939 3
940 1
941 4
942 2
943 3
944 5
945 4
946 3
947 3
948 5
949 7
950 5
951 5
952 7
953 6
954 7
955 6
956 4
957 2
958 6
959 3
960 4
961 2
962 6
963 2
964 2
965 3
966 3
967 1
968 4
969 1
970 5
971 4
972 4
973 2
975 2
976 2
977 2
980 2
981 2
983 3
984 1
985 1
986 1
987 1
989 2
991 1
993 1
995 1
997 1
998 2
1000 2
1001 6
1002 2
1003 2
1005 3
1010 2
1012 1
1014 1
1015 1
1016 1
1017 1
1021 2
1023 1
1026 2
1027 4
1028 1
1029 3
1030 1
1031 1
1032 3
1033 4
1034 4
1035 2
1036 2
1037 5
1038 1
1039 1
1040 2
1041 4
1042 1
1043 2
1044 2
1045 1
1046 2
1047 3
1048 1
1049 1
1050 2
1051 2
1052 4
1053 5
1054 2
1055 4
1056 1
1057 3
1058 1
1059 3
1060 1
1061 3
1062 2
1063 1
1064 2
1065 1
1066 2
1067 1
1068 2
1069 3
1070 2
1071 2
1072 3
1073 4
1074 2
1075 3
1076 3
1077 3
1078 4
1079 8
1080 6
1081 6
1082 5
1083 3
1084 6
1085 4
1086 6
1087 3
1088 1
1089 5
1090 3
1091 3
1092 3
1093 4
1094 2
1095 1
1096 3
1097 5
1098 6
1099 4
1100 2
1102 2
1103 1
1105 1
1106 1
1107 3
1109 2
1110 1
1111 2
1112 1
1113 4
1114 2
1117 1
1118 1
1120 1
1121 1
1123 2
1124 1
1125 1
1126 2
1127 1
1128 1
1129 4
1130 4
1131 1
1132 1
1134 1
1135 3
1136 1
1138 1
1140 1
1146 1
1148 1
1152 1
1153 1
1154 1
1156 1
1159 1
1160 1
1161 2
1162 5
1163 3
1164 1
1165 2
1166 5
1167 4
1168 1
1169 1
1171 2
1172 4
1173 1
1174 2
1175 3
1176 2
1177 2
1178 4
1179 2
1180 1
1181 2
1182 3
1183 1
1184 5
1185 1
1186 2
1187 4
1188 5
1189 1
1190 2
1191 3
1192 2
1193 2
1194 1
1195 1
1196 3
1197 2
1198 3
1199 2
1200 1
1201 1
1203 3
1204 2
1205 3
1206 2
1207 1
1208 4
1209 1
1212 1
1213 2
1214 3
1215 1
1216 2
1217 2
1218 3
1219 5
1220 2
1221 5
1222 3
1223 1
1225 3
1226 2
1228 1
1229 2
1230 1
1231 2
1232 3
1233 2
1234 1
1235 3
1236 1
1237 2
1238 2
1239 4
1240 1
1241 1
1242 3
1245 1
1246 2
1247 1
1249 1
1251 1
1253 1
1255 1
1256 1
1263 2
1265 1
1266 1
1267 1
1270 1
1271 1
1275 1
1276 1
1278 2
1280 1
1284 3
1285 1
1287 1
1289 1
1291 1
1293 1
1299 1
1300 1
1301 2
1302 1
1304 1
1305 1
1306 1
1307 3
1308 2
1309 1
1312 3
1313 5
1314 2
1315 2
1317 3
1318 5
1319 2
1320 1
1322 1
1323 3
1324 3
1325 2
1326 5
1327 4
1328 5
1329 2
1330 3
1331 4
1332 4
1333 5
1334 3
1335 6
1336 2
1337 3
1338 3
1339 4
1340 4
1341 6
1342 11
1343 4
1344 5
1345 2
1346 2
1347 2
1348 2
1349 1
1350 5
1351 4
1352 1
1353 2
1354 1
1355 2
1356 1
1358 1
1359 1
1360 3
1361 1
1362 2
1363 1
1365 2
1366 1
1368 2
1370 1
1372 1
1373 1
1374 2
1375 1
1376 2
1378 2
1380 2
1381 1
1382 3
1383 4
1384 2
1385 4
1386 2
1387 4
1388 4
1389 2
1390 2
1391 3
1392 2
1394 5
1395 3
1396 1
1397 4
1398 4
1399 5
1400 1
1401 1
1402 3
1403 2
1404 3
1405 1
1407 2
1408 3
1409 3
1410 3
1411 2
1412 5
1413 4
1414 1
1415 5
1416 2
1417 2
1419 5
1420 4
1421 5
1422 3
1423 6
1424 6
1425 3
1426 3
1427 1
1428 4
1429 5
1430 2
1431 2
1432 2
1433 3
1434 2
1435 1
1436 4
1437 4
1439 2
1440 3
1441 1
1442 4
1443 4
1444 2
1445 5
1446 2
1447 4
1448 4
1449 4
1450 2
1451 5
1452 2
1453 5
1454 7
1455 5
1456 5
1457 5
1458 4
1459 4
1460 5
1461 7
1462 5
1463 4
1464 5
1465 5
1466 3
1467 8
1468 8
1469 5
1471 5
1472 6
1473 2
1474 5
1475 8
1476 7
1477 1
1478 4
1479 5
1480 2
1481 7
1482 5
1483 6
1484 6
1485 6
1486 3
1487 5
1488 4
1489 4
1490 4
1491 3
1492 4
1493 8
1494 4
1495 3
1496 6
1497 1
1498 2
1500 4
1501 1
1502 4
1503 5
1504 3
1505 3
1506 4
1507 5
1508 3
1509 3
1510 4
1511 6
1512 7
1513 3
1514 7
1515 9
1516 6
1517 4
1518 3
1519 3
1520 6
1521 7
1522 6
1523 6
1524 5
1525 7
1526 3
1527 3
1528 1
1529 4
1530 4
1531 1
1532 6
1534 4
1535 4
1536 1
1537 5
1538 3
1539 2
1540 1
1541 1
1542 1
1543 2
1544 2
1545 1
1546 5
1547 4
1549 4
1550 3
1551 2
1552 7
1553 1
1554 2
1555 3
1557 3
1558 2
1559 2
1561 2
1562 1
1563 4
1564 2
1565 3
1566 2
1567 3
1568 1
1569 1
1570 4
1571 1
1572 1
1573 1
1574 3
1576 5
1577 1
1579 2
1580 2
1581 2
1582 2
1583 3
1584 4
1585 1
1586 1
1587 1
1588 1
1590 1
1591 3
1592 2
1594 2
1596 1
1597 1
1598 2
1599 3
1601 1
1602 1
1604 2
1605 2
1607 2
1608 1
1612 3
1613 1
1615 2
1617 1
1619 2
1620 2
1622 1
1623 6
1624 1
1625 4
1626 3
1627 2
1628 4
1629 4
1631 5
1632 4
1633 3
1634 5
1635 2
1636 6
1637 3
1638 3
1639 2
1640 2
1641 3
1642 3
1643 5
1644 2
1645 4
1646 3
1647 3
1648 1
1649 2
1650 3
1651 3
1652 1
1653 2
1654 3
1655 2
1656 1
1658 3
1659 1
1660 1
1661 1
1663 4
1664 1
1665 1
1668 1
1670 1
1672 1
1673 1
1674 1
1675 1
1676 3
1678 1
1679 1
1680 2
1681 2
1683 1
1684 2
1685 2
1686 2
1688 2
1689 1
1690 1
1691 8
1692 3
1693 1
1695 2
1696 4
1698 6
1699 5
1700 2
1702 2
1703 1
1704 3
1705 1
1707 2
1708 4
1709 4
1710 5
1711 2
1712 4
1713 5
1714 2
1715 4
1716 3
1717 5
1718 6
1719 5
1720 5
1721 2
1722 3
1723 1
1724 1
1726 4
1727 5
1728 3
1729 3
1730 2
1731 1
1732 3
1733 6
1734 5
1735 4
1736 3
1737 2
1738 4
1739 8
1740 2
1741 3
1742 3
1743 6
1744 5
1745 3
1746 3
1747 3
1748 5
1749 8
1750 4
1751 6
1752 4
1753 7
1754 5
1755 3
1756 5
1757 5
1758 7
1759 5
1760 4
1761 1
1762 7
1764 3
1765 4
1766 7
1767 1
1768 5
1769 1
1771 4
1772 3
1773 4
1774 4
1775 1
1776 6
1778 2
1779 4
1780 5
1781 1
1782 1
1783 3
1784 1
1785 2
1786 5
1787 4
1788 3
1789 4
1790 3
1791 3
1792 1
1794 4
1795 4
1796 2
1797 2
1798 1
1799 3
1800 1
1801 1
1802 3
1803 3
1804 4
1805 2
1806 1
1807 1
1808 2
1809 1
1810 3
1811 2
1812 2
1814 2
1815 1
1816 2
1817 4
1818 1
1819 6
1820 3
1821 2
1822 5
1823 1
1824 4
1825 3
1826 1
1827 2
1828 2
1829 1
1830 5
1831 7
1832 2
1833 1
1834 3
1835 4
1836 2
1837 1
1838 3
1839 3
1840 2
1841 3
1842 4
1843 1
1845 1
1847 2
1849 2
1850 2
1851 2
1854 2
1855 2
1857 2
1859 1
1860 1
1864 3
1867 3
1868 1
1870 2
1872 1
1873 1
1874 1
1876 2
1878 1
1880 3
1881 1
1883 3
1887 1
1888 3
1889 1
1890 2
1891 2
1892 1
1894 3
1895 1
1896 5
1897 2
1898 1
1899 1
1900 1
1901 1
1903 1
1904 1
1905 3
1906 2
1907 1
1908 2
1910 4
1911 2
1912 1
1914 1
1915 1
1916 2
1917 3
1918 2
1919 1
1920 2
1922 1
1924 1
1925 1
1928 3
1930 4
1931 3
1932 1
1933 2
1934 2
1935 4
1936 1
1937 3
1940 1
1941 2
1942 1
1943 1
1944 2
1945 1
1946 2
1947 5
1948 2
1949 2
1950 2
1951 3
1953 1
1954 3
1955 1
1956 1
1957 1
1958 3
1959 7
1960 4
1961 1
1962 4
1963 1
1964 3
1965 2
1966 5
1968 2
1969 4
1970 3
1971 3
1972 2
1973 4
1974 3
1975 3
1976 1
1977 4
1978 4
1979 2
1980 6
1981 3
1982 2
1983 2
1984 3
1985 4
1986 1
1987 4
1988 4
1989 6
1990 6
1991 12
1992 5
1993 5
1994 4
1995 1
1996 1
1997 4
1998 4
1999 5
2000 2
2001 3
2002 4
2003 9
2004 1
2005 2
2006 1
2007 2
2008 5
2009 6
2011 1
2012 3
2013 2
2014 3
2015 1
2016 3
2017 2
2018 2
2019 1
2020 2
2021 3
2022 1
2023 2
2024 3
2025 1
2026 3
2027 3
2028 3
2029 3
2030 2
2031 2
2032 3
2033 1
2034 3
2035 4
2036 1
2037 3
2038 5
2039 3
2040 1
2041 3
2042 5
2043 3
2044 4
2045 5
2046 2
2047 2
2048 5
2049 2
2050 1
2051 4
2052 8
2053 3
2054 6
2055 1
2057 4
2058 2
2059 3
2060 8
2061 4
2062 9
2063 4
2064 2
2065 2
2066 4
2067 5
2068 6
2069 2
2070 5
2071 1
2074 2
2075 2
2076 2
2077 1
2078 1
2080 1
2081 2
2082 2
2085 1
2086 1
2090 1
2094 1
2096 1
2103 1
2105 1
2113 1
2127 1
2128 1
2129 1
2130 1
2133 2
2135 2
2136 2
2138 1
2139 2
2140 3
2143 3
2144 3
2145 3
2146 2
2147 2
2149 2
2150 1
2151 2
2152 1
2153 2
2154 4
2155 2
2156 2
2157 4
2158 4
2160 2
2163 1
2164 1
2165 1
2166 3
2167 2
2169 1
2171 2
2172 4
2173 2
2174 1
2175 7
2177 2
2178 2
2179 1
2180 2
2182 5
2183 1
2184 2
2185 1
2186 4
2187 1
2188 1
2189 2
2190 2
2191 1
2192 6
2193 3
2194 1
2195 2
2196 4
2197 1
2198 4
2199 2
2200 3
2201 4
2202 2
2203 1
2204 3
2205 4
2207 4
2208 3
2209 6
2210 1
2211 1
2212 2
2213 1
2214 6
2215 2
2217 3
2218 5
2219 1
2222 2
2223 1
2224 4
2225 1
2227 1
2228 2
2229 1
2230 1
2231 1
2234 1
2235 2
2236 3
2237 2
2238 2
2239 1
2240 3
2241 1
2242 4
2243 2
2245 4
2246 1
2247 4
2248 2
2249 2
2250 1
2251 1
2253 2
2254 2
2257 2
2258 2
2259 1
2264 1
2268 2
2273 1
2275 1
2277 2
2281 2
2282 1
2283 1
2286 2
2288 1
2291 2
2292 2
2293 1
2294 1
2296 2
2297 1
2298 1
2300 1
2303 1
2304 1
2305 2
2307 1
2308 1
2309 2
2313 1
2314 1
2315 1
2316 2
2317 2
2318 1
2319 1
2322 2
2323 1
2326 3
2327 2
2329 2
2330 2
2331 2
2333 1
2335 2
2337 2
2343 1
2344 2
2346 2
2348 1
2350 1
2352 1
2353 1
2354 1
2356 2
2357 1
2358 1
2362 1
2363 2
2365 1
2366 2
2367 2
2368 5
2369 1
2370 2
2371 4
2372 2
2374 2
2375 3
2376 8
2377 3
2378 3
2379 2
2380 3
2381 2
2382 6
2383 2
2384 1
2385 1
2386 7
2387 4
2388 2
2389 1
2390 2
2391 2
2392 1
2393 5
2394 3
2395 1
2396 2
2397 1
2399 2
2400 4
2401 2
2402 1
2403 2
2404 2
2405 1
2407 1
2408 2
2410 2
2411 3
2412 2
2415 3
2416 1
2417 1
2418 4
2419 1
2421 1
2426 1
2427 1
2429 1
2431 1
2433 1
2476 1
2483 1
2491 1
2534 1
2562 1
2572 1
2573 1
2587 1
2646 1
2710 2
2836 1
2840 1
2884 1
3024 1
3026 1
3124 1
3188 1
3264 2
3305 1
3321 1
3326 1
3327 1
3329 1
3333 1
3336 1
3337 1
3338 1
3339 1
3340 1
3345 1
3354 1
3355 1
3381 1
3382 1
3388 2
3392 1
3400 1
3431 1
3523 1
3606 1
3612 1
3613 1
3614 1
3618 2
3625 1
3628 1
3632 1
3644 1
3791 1
3818 1
3835 1
3951 1
3991 1
3999 1
4003 1
4295 1
4467 1
4795 1
4799 1
4802 1
4922 1
4929 1
4939 1
4944 1
4952 1
4955 1
4956 1
4970 1
4973 1
5074 1
5077 1
5079 1
5089 1
5096 2
5113 1
5126 1
5194 1
5233 1
5385 1
5397 1
5495 1
5526 1
5725 1
5897 1
5899 1
5900 1
5909 1
5913 1
5917 1
6050 1
6069 1
6314 1
