1 20889999
2 13633062
3 9413624
4 6999919
5 5308170
6 4025633
7 3084680
8 2418868
9 1952168
10 1589400
11 1282801
12 1022692
13 809131
14 646468
15 531053
16 465086
17 440224
18 452603
19 480321
20 519319
21 561885
22 608814
23 652343
24 690431
25 723067
26 747459
27 760041
28 769458
29 771764
30 766612
31 756190
32 739773
33 715374
34 686100
35 651380
36 617562
37 580702
38 546382
39 512525
40 481622
41 454119
42 433065
43 415521
44 398434
45 382514
46 363956
47 345769
48 327131
49 305196
50 283199
51 260268
52 236510
53 215347
54 194386
55 175758
56 159376
57 148659
58 143337
59 142723
60 146191
61 157114
62 171778
63 190530
64 213706
65 241426
66 269973
67 301858
68 334728
69 369087
70 403973
71 436137
72 467174
73 496777
74 521592
75 544498
76 563586
77 576460
78 588424
79 594239
80 597035
81 594577
82 587318
83 576138
84 561117
85 543724
86 523405
87 503410
88 482699
89 458791
90 433882
91 407884
92 379768
93 354686
94 328537
95 302764
96 275853
97 251841
98 228421
99 205113
100 184268
101 164197
102 145838
103 127668
104 112678
105 97088
106 84726
107 73867
108 64718
109 56376
110 49156
111 42435
112 37266
113 32618
114 28614
115 25250
116 22642
117 20274
118 18554
119 17047
120 15433
121 14232
122 13118
123 11976
124 11299
125 10617
126 9919
127 9381
128 8512
129 7894
130 7331
131 6809
132 6405
133 6092
134 5709
135 5328
136 5120
137 4899
138 4698
139 4571
140 4426
141 4140
142 4295
143 4088
144 3992
145 3922
146 3807
147 3753
148 3754
149 3706
150 3673
151 3499
152 3425
153 3349
154 3430
155 3449
156 3364
157 3262
158 3263
159 3122
160 2981
161 2961
162 2857
163 2771
164 2789
165 2659
166 2591
167 2552
168 2368
169 2330
170 2238
171 2131
172 2070
173 2042
174 1954
175 1907
176 1899
177 1921
178 1727
179 1608
180 1557
181 1441
182 1414
183 1358
184 1334
185 1313
186 1271
187 1176
188 1191
189 1118
190 1077
191 1004
192 966
193 879
194 768
195 746
196 705
197 670
198 623
199 540
200 550
201 500
202 460
203 464
204 439
205 440
206 395
207 402
208 393
209 400
210 334
211 351
212 336
213 319
214 311
215 313
216 301
217 310
218 284
219 297
220 282
221 269
222 308
223 297
224 333
225 270
226 301
227 318
228 318
229 337
230 327
231 342
232 357
233 319
234 395
235 402
236 364
237 388
238 345
239 365
240 339
241 401
242 324
243 363
244 330
245 393
246 341
247 335
248 318
249 298
250 332
251 320
252 322
253 319
254 326
255 353
256 308
257 324
258 363
259 326
260 312
261 302
262 369
263 325
264 370
265 347
266 384
267 362
268 337
269 344
270 321
271 294
272 300
273 298
274 310
275 275
276 278
277 300
278 319
279 292
280 291
281 275
282 285
283 298
284 266
285 286
286 316
287 292
288 243
289 276
290 240
291 277
292 247
293 273
294 284
295 267
296 244
297 249
298 251
299 275
300 259
301 258
302 256
303 268
304 217
305 268
306 219
307 249
308 210
309 234
310 231
311 203
312 214
313 216
314 186
315 186
316 178
317 176
318 147
319 170
320 150
321 126
322 165
323 132
324 124
325 127
326 99
327 113
328 111
329 109
330 124
331 101
332 111
333 112
334 113
335 98
336 115
337 127
338 103
339 103
340 110
341 96
342 95
343 89
344 79
345 100
346 87
347 91
348 93
349 98
350 74
351 91
352 79
353 78
354 106
355 104
356 102
357 112
358 125
359 119
360 122
361 103
362 108
363 95
364 107
365 102
366 109
367 66
368 117
369 101
370 91
371 119
372 126
373 112
374 134
375 117
376 144
377 139
378 143
379 143
380 153
381 143
382 131
383 126
384 142
385 138
386 138
387 141
388 117
389 149
390 118
391 146
392 144
393 136
394 156
395 145
396 163
397 167
398 157
399 147
400 149
401 117
402 119
403 120
404 118
405 114
406 126
407 114
408 110
409 90
410 112
411 85
412 93
413 87
414 104
415 87
416 96
417 95
418 95
419 107
420 85
421 87
422 77
423 81
424 82
425 89
426 71
427 70
428 72
429 52
430 72
431 78
432 73
433 66
434 53
435 72
436 54
437 70
438 59
439 59
440 42
441 56
442 47
443 37
444 35
445 52
446 53
447 36
448 26
449 49
450 43
451 37
452 37
453 37
454 50
455 45
456 38
457 49
458 40
459 48
460 39
461 49
462 61
463 54
464 47
465 32
466 45
467 32
468 47
469 26
470 33
471 42
472 44
473 43
474 40
475 40
476 30
477 35
478 31
479 36
480 37
481 27
482 24
483 23
484 23
485 23
486 22
487 33
488 35
489 25
490 39
491 28
492 26
493 30
494 37
495 29
496 25
497 37
498 34
499 29
500 32
501 21
502 38
503 30
504 43
505 30
506 32
507 36
508 42
509 33
510 34
511 26
512 24
513 30
514 29
515 49
516 42
517 42
518 44
519 33
520 45
521 35
522 32
523 38
524 34
525 43
526 33
527 34
528 39
529 31
530 30
531 27
532 32
533 28
534 19
535 33
536 25
537 27
538 31
539 27
540 26
541 29
542 25
543 43
544 32
545 32
546 26
547 27
548 29
549 24
550 29
551 26
552 30
553 28
554 22
555 26
556 25
557 20
558 24
559 27
560 26
561 21
562 21
563 15
564 15
565 14
566 15
567 16
568 21
569 20
570 22
571 10
572 14
573 15
574 24
575 17
576 19
577 19
578 25
579 29
580 16
581 25
582 23
583 21
584 24
585 24
586 17
587 24
588 20
589 19
590 15
591 23
592 19
593 18
594 11
595 16
596 11
597 18
598 13
599 8
600 15
601 12
602 14
603 14
604 22
605 17
606 13
607 20
608 15
609 14
610 23
611 18
612 21
613 18
614 17
615 23
616 12
617 18
618 17
619 15
620 22
621 20
622 24
623 25
624 24
625 31
626 29
627 36
628 37
629 29
630 33
631 23
632 26
633 27
634 22
635 11
636 16
637 8
638 14
639 9
640 10
641 13
642 14
643 6
644 13
645 11
646 9
647 5
648 11
649 10
650 11
651 11
652 9
653 13
654 11
655 6
656 17
657 6
658 9
659 7
660 15
661 10
662 9
663 11
664 10
665 8
666 7
667 10
668 6
669 9
670 13
671 6
672 13
673 16
674 12
675 9
676 9
677 9
678 8
679 5
680 7
681 7
682 6
683 4
684 5
685 5
686 5
687 3
688 7
689 5
690 6
691 2
692 5
693 6
694 7
695 1
696 8
697 4
698 6
699 3
700 5
701 6
702 4
703 4
704 3
705 8
706 5
707 3
708 6
709 8
710 8
711 4
712 5
713 5
714 6
715 4
716 6
717 2
718 2
719 4
720 11
721 10
722 6
723 1
724 4
725 9
726 7
727 2
728 4
729 5
730 5
731 5
732 1
733 6
734 3
735 4
736 11
737 9
738 4
739 4
740 6
741 3
742 6
743 5
744 1
745 4
746 2
747 5
748 2
749 1
751 4
752 1
753 1
754 1
755 6
756 3
757 1
758 1
759 11
760 7
761 6
762 2
763 6
764 6
765 6
766 3
767 1
768 3
769 3
770 4
771 1
772 10
773 7
774 4
775 7
776 3
777 5
778 4
779 3
780 3
781 5
782 3
783 3
784 5
786 12
787 4
788 7
789 6
790 5
791 7
792 4
793 5
794 14
795 5
796 9
797 5
798 6
799 4
800 5
801 6
802 1
803 1
804 3
805 2
806 3
807 3
808 10
809 3
810 6
811 3
812 5
813 2
814 8
815 3
816 4
817 5
818 3
819 4
820 5
821 6
822 14
823 3
824 12
825 2
826 7
827 12
828 1
829 4
830 9
831 4
832 2
833 7
834 6
835 6
836 6
837 4
839 3
840 3
841 2
842 12
843 6
844 2
845 4
846 3
847 5
848 6
849 10
850 6
851 8
852 10
853 8
854 6
855 5
856 10
857 17
858 15
859 9
860 8
861 7
862 10
863 8
864 8
865 3
866 7
867 6
868 8
869 15
870 2
871 7
872 8
873 4
874 2
875 6
876 12
877 6
878 5
879 3
880 6
881 4
882 3
883 3
884 4
885 4
886 7
887 5
888 11
889 4
890 4
891 10
892 3
893 8
894 13
895 7
896 13
897 6
898 8
899 4
900 4
901 3
902 5
903 6
904 8
906 3
907 5
908 9
909 7
910 5
911 5
912 8
913 3
914 9
915 9
916 8
917 6
918 6
919 7
920 9
921 8
922 3
923 4
924 5
925 5
926 9
927 7
928 5
929 6
930 4
931 1
932 5
933 6
934 1
935 5
936 2
937 3
938 5
939 2
940 7
941 3
942 4
943 2
944 3
945 2
946 1
947 3
948 1
950 1
951 2
953 2
954 3
955 1
956 1
958 1
959 2
960 1
962 3
963 2
964 2
966 2
968 1
969 2
970 1
971 1
972 1
974 5
975 4
976 3
977 3
978 4
979 2
980 3
981 1
982 5
983 3
984 5
985 5
986 6
987 7
988 5
989 8
990 3
991 10
992 8
993 3
994 5
995 7
996 3
997 8
998 4
999 6
1000 5
1001 6
1002 3
1003 7
1004 5
1005 9
1006 2
1007 10
1008 12
1009 9
1010 5
1011 7
1012 10
1013 6
1014 3
1015 4
1016 7
1017 6
1018 8
1019 7
1020 9
1021 4
1022 10
1023 9
1024 9
1025 4
1026 3
1027 5
1028 7
1029 4
1030 6
1031 5
1032 6
1033 5
1034 8
1035 7
1036 8
1037 4
1038 4
1039 13
1040 8
1041 4
1042 6
1043 4
1044 10
1045 17
1046 7
1047 11
1048 13
1049 8
1050 9
1051 8
1052 16
1053 12
1054 11
1055 9
1056 8
1057 10
1058 5
1059 3
1060 4
1061 7
1062 8
1063 7
1064 8
1065 7
1066 11
1067 10
1068 10
1069 7
1070 13
1071 7
1072 12
1073 8
1074 12
1075 14
1076 21
1077 13
1078 12
1079 14
1080 12
1081 7
1082 10
1083 6
1084 11
1085 3
1086 7
1087 9
1088 7
1089 5
1090 12
1091 4
1092 13
1093 8
1094 6
1095 7
1096 6
1097 5
1098 8
1099 6
1100 9
1101 6
1102 12
1103 1
1104 6
1105 8
1106 14
1107 3
1108 10
1109 5
1110 9
1111 9
1112 7
1113 6
1114 6
1115 5
1116 6
1117 11
1118 8
1119 8
1120 5
1121 5
1122 9
1123 11
1124 6
1125 11
1126 6
1127 6
1128 7
1129 5
1130 5
1131 9
1132 3
1133 3
1134 4
1135 1
1136 2
1137 1
1138 2
1139 1
1140 2
1141 3
1142 2
1144 3
1145 3
1146 1
1148 3
1149 3
1151 3
1152 5
1153 3
1154 1
1155 5
1156 2
1157 1
1158 6
1159 3
1160 4
1161 1
1162 4
1163 6
1164 2
1165 5
1166 2
1167 3
1168 4
1169 7
1170 5
1172 2
1173 5
1174 1
1175 3
1176 1
1177 2
1178 5
1179 3
1180 2
1181 4
1182 1
1183 3
1184 3
1185 1
1186 4
1187 3
1188 5
1189 4
1190 1
1191 1
1192 1
1193 1
1194 1
1196 2
1197 2
1198 2
1199 2
1201 1
1202 2
1203 2
1206 1
1210 2
1213 3
1214 5
1215 3
1216 1
1217 1
1218 2
1219 1
1220 4
1221 4
1223 3
1224 4
1225 6
1226 2
1227 1
1228 4
1229 1
1230 2
1232 2
1233 4
1234 1
1235 1
1236 3
1237 4
1238 3
1239 2
1240 3
1241 6
1243 1
1244 2
1245 4
1246 8
1248 3
1249 4
1250 2
1251 4
1252 1
1253 2
1254 4
1255 1
1256 1
1258 2
1259 2
1260 3
1261 1
1263 1
1264 2
1265 1
1266 1
1267 3
1271 1
1272 2
1273 3
1275 1
1277 2
1278 1
1279 2
1281 2
1283 1
1284 1
1286 3
1291 1
1293 1
1294 1
1296 2
1297 4
1302 2
1303 2
1306 2
1307 2
1308 1
1309 2
1310 2
1312 1
1313 1
1316 2
1317 4
1320 1
1322 2
1323 1
1324 2
1325 2
1326 1
1327 1
1331 1
1333 2
1334 1
1336 2
1339 1
1343 1
1346 1
1347 1
1348 1
1353 1
1361 1
1372 2
1375 1
1376 1
1378 2
1381 1
1392 2
1395 1
1396 2
1400 1
1402 1
1404 1
1405 1
1409 2
1411 2
1412 1
1414 1
1416 2
1420 1
1422 1
1423 1
1426 1
1427 1
1430 1
1432 2
1433 2
1434 2
1435 2
1437 1
1438 3
1439 2
1440 3
1441 2
1442 3
1445 1
1449 1
1455 1
1457 2
1461 1
1462 1
1468 2
1470 2
1471 1
1473 1
1474 2
1475 1
1477 1
1478 1
1479 1
1484 1
1495 1
1497 1
1504 1
1509 1
1517 1
1518 1
1519 1
1525 1
1532 1
1534 3
1535 1
1536 1
1537 1
1539 1
1540 1
1549 1
1552 1
1558 2
1597 1
1598 1
1600 2
1601 2
1603 1
1604 1
1606 1
1607 2
1609 1
1610 1
1611 1
1613 1
1617 1
1619 1
1623 1
1650 1
1652 1
1666 1
1716 1
1720 1
1727 2
1728 3
1737 1
1738 1
1740 1
1742 1
1752 1
1817 1
1824 1
1827 1
1836 1
1839 1
1841 1
1842 1
1844 2
1869 1
1874 1
1875 1
1877 1
1878 1
1880 1
1881 1
1883 1
1888 1
1901 1
1914 1
1917 1
1932 2
1934 1
1960 1
1975 1
1976 1
1977 1
1982 1
1985 1
2024 1
2058 1
2082 1
2083 1
2086 1
2097 1
2103 1
2110 2
2111 1
2114 1
2115 1
2116 1
2121 1
2123 1
2126 1
2127 1
2155 1
2172 1
2243 1
2254 1
2271 1
2283 1
2286 1
2287 1
2289 1
2290 1
2291 1
2294 1
2325 1
2335 1
2346 1
2399 1
2405 2
2452 1
2456 1
2462 1
2476 1
2477 1
2480 1
2481 2
2483 2
2486 1
2489 3
2490 2
2495 1
2496 1
2497 1
2521 1
2523 1
2526 1
2540 1
2553 1
2554 1
2556 1
2560 1
2562 1
2587 1
2598 1
2603 2
2619 1
2630 1
2633 1
2634 1
2635 1
2636 1
2637 2
2638 1
2641 1
2646 1
2648 1
2649 1
2651 2
2652 1
2653 3
2656 1
2662 1
2725 1
2736 1
2748 1
2750 1
2753 1
2756 1
2830 1
2831 1
2834 2
2940 1
2950 1
2960 1
2964 1
3010 1
3025 1
3031 1
3034 1
3036 1
3038 1
3039 1
3096 1
3099 1
3109 1
3121 1
3125 1
3126 2
3128 1
3132 1
3136 1
3139 1
3144 1
3148 1
3156 1
3203 1
3242 1
3248 1
3304 2
3649 2
3653 1
3657 1
3660 1
3662 1
3754 1
3791 1
3819 2
3820 3
3825 1
3828 1
3833 3
3834 1
5328 1
5417 1
5621 1
5893 1
6131 1
6271 1
7737 1
7806 1
7818 1
7821 1
7825 2
7844 1
7847 1
7850 2
7853 1
