1 18925356
2 6438092
3 3110938
4 2119600
5 1825036
6 1799336
7 1838002
8 1843607
9 1786280
10 1666686
11 1517976
12 1349240
13 1177814
14 1011592
15 864559
16 730492
17 627257
18 548495
19 491388
20 457619
21 433200
22 421196
23 416397
24 417560
25 420206
26 424087
27 425835
28 424867
29 423712
30 414797
31 405878
32 392531
33 376947
34 358447
35 336182
36 310609
37 283148
38 254680
39 224093
40 191958
41 161410
42 132722
43 108870
44 85880
45 67717
46 51571
47 38699
48 28618
49 21577
50 15634
51 11333
52 8057
53 6111
54 4894
55 3628
56 2947
57 2559
58 2263
59 2163
60 1799
61 1653
62 1516
63 1452
64 1386
65 1424
66 1426
67 1358
68 1213
69 1265
70 1252
71 1200
72 1205
73 1146
74 1075
75 1134
76 1065
77 1010
78 995
79 970
80 882
81 819
82 728
83 703
84 663
85 659
86 529
87 602
88 574
89 488
90 467
91 458
92 412
93 414
94 436
95 434
96 398
97 426
98 389
99 419
100 441
101 463
102 467
103 509
104 454
105 471
106 411
107 433
108 444
109 461
110 476
111 443
112 427
113 401
114 390
115 336
116 346
117 321
118 318
119 300
120 267
121 293
122 267
123 282
124 249
125 224
126 220
127 236
128 218
129 215
130 209
131 176
132 179
133 170
134 187
135 170
136 185
137 191
138 165
139 159
140 184
141 216
142 243
143 266
144 321
145 402
146 469
147 603
148 784
149 976
150 1190
151 1540
152 1880
153 2323
154 2772
155 3378
156 4027
157 4905
158 5846
159 6784
160 8053
161 9217
162 11101
163 12734
164 14608
165 16527
166 19182
167 21870
168 24542
169 27612
170 30865
171 34459
172 38451
173 42521
174 46705
175 51136
176 55952
177 60520
178 65119
179 70548
180 75868
181 80839
182 86011
183 91176
184 95678
185 100734
186 105337
187 110058
188 114248
189 117708
190 122089
191 125130
192 128821
193 130622
194 132547
195 134589
196 135985
197 136767
198 137921
199 137982
200 137871
201 136659
202 135915
203 134351
204 132055
205 129269
206 126415
207 122593
208 118844
209 114546
210 110435
211 106445
212 102165
213 97095
214 92156
215 86403
216 81878
217 76977
218 71604
219 66396
220 61866
221 56836
222 52670
223 47784
224 43530
225 39268
226 35379
227 31951
228 28662
229 25687
230 22770
231 20243
232 17512
233 15775
234 13852
235 12163
236 10345
237 8972
238 7703
239 6731
240 5580
241 4820
242 4165
243 3471
244 2853
245 2429
246 1986
247 1654
248 1397
249 1161
250 916
251 751
252 635
253 597
254 479
255 393
256 314
257 270
258 264
259 199
260 176
261 149
262 129
263 112
264 90
265 77
266 98
267 80
268 87
269 75
270 65
271 70
272 77
273 68
274 69
275 58
276 49
277 67
278 66
279 54
280 69
281 64
282 61
283 52
284 53
285 54
286 60
287 68
288 65
289 56
290 54
291 48
292 39
293 39
294 46
295 49
296 43
297 36
298 30
299 34
300 24
301 23
302 28
303 26
304 34
305 28
306 36
307 21
308 24
309 22
310 21
311 23
312 21
313 17
314 23
315 18
316 28
317 22
318 31
319 25
320 25
321 18
322 21
323 22
324 17
325 23
326 14
327 24
328 25
329 27
330 15
331 29
332 28
333 34
334 28
335 54
336 42
337 45
338 47
339 65
340 56
341 87
342 79
343 77
344 77
345 91
346 97
347 95
348 101
349 104
350 129
351 130
352 146
353 134
354 164
355 187
356 186
357 219
358 206
359 198
360 204
361 256
362 257
363 269
364 282
365 315
366 286
367 341
368 349
369 417
370 392
371 367
372 434
373 429
374 436
375 434
376 437
377 493
378 482
379 459
380 489
381 470
382 428
383 527
384 498
385 473
386 490
387 443
388 427
389 463
390 475
391 471
392 487
393 476
394 463
395 449
396 481
397 507
398 492
399 476
400 492
401 486
402 447
403 486
404 443
405 432
406 470
407 399
408 431
409 414
410 356
411 402
412 424
413 383
414 401
415 343
416 331
417 332
418 325
419 310
420 249
421 271
422 281
423 216
424 246
425 255
426 256
427 215
428 255
429 227
430 206
431 188
432 198
433 169
434 162
435 172
436 152
437 144
438 126
439 120
440 135
441 116
442 106
443 117
444 82
445 86
446 86
447 69
448 63
449 51
450 61
451 56
452 56
453 53
454 62
455 45
456 57
457 48
458 41
459 46
460 38
461 43
462 39
463 42
464 36
465 43
466 32
467 33
468 33
469 38
470 27
471 28
472 32
473 32
474 29
475 21
476 21
477 25
478 19
479 23
480 26
481 21
482 22
483 20
484 15
485 22
486 26
487 23
488 26
489 21
490 26
491 22
492 29
493 23
494 27
495 24
496 20
497 13
498 15
499 19
500 14
501 20
502 20
503 18
504 15
505 29
506 19
507 24
508 23
509 30
510 23
511 21
512 27
513 29
514 26
515 25
516 21
517 31
518 29
519 33
520 24
521 34
522 31
523 42
524 34
525 50
526 37
527 41
528 52
529 60
530 58
531 57
532 73
533 80
534 75
535 69
536 68
537 87
538 79
539 70
540 112
541 95
542 77
543 126
544 97
545 108
546 110
547 97
548 134
549 125
550 137
551 121
552 114
553 106
554 152
555 141
556 121
557 156
558 157
559 155
560 142
561 168
562 182
563 158
564 162
565 156
566 178
567 185
568 192
569 175
570 226
571 231
572 199
573 185
574 220
575 212
576 197
577 192
578 188
579 198
580 194
581 173
582 179
583 160
584 152
585 138
586 160
587 152
588 143
589 128
590 120
591 125
592 113
593 112
594 126
595 98
596 119
597 98
598 104
599 95
600 99
601 101
602 76
603 97
604 82
605 74
606 71
607 81
608 61
609 62
610 57
611 60
612 63
613 74
614 68
615 52
616 52
617 51
618 50
619 40
620 54
621 37
622 49
623 47
624 43
625 44
626 40
627 31
628 36
629 33
630 32
631 29
632 34
633 39
634 30
635 28
636 29
637 33
638 31
639 37
640 41
641 22
642 31
643 31
644 16
645 36
646 33
647 18
648 20
649 24
650 24
651 30
652 29
653 25
654 30
655 24
656 33
657 19
658 12
659 17
660 21
661 20
662 15
663 20
664 15
665 22
666 19
667 19
668 17
669 16
670 15
671 15
672 11
673 12
674 15
675 21
676 15
677 12
678 10
679 17
680 16
681 17
682 12
683 15
684 24
685 7
686 9
687 16
688 7
689 7
690 16
691 11
692 11
693 15
694 9
695 16
696 11
697 12
698 11
699 15
700 20
701 9
702 9
703 18
704 19
705 15
706 22
707 14
708 15
709 12
710 19
711 12
712 16
713 11
714 12
715 25
716 12
717 18
718 20
719 22
720 26
721 30
722 22
723 24
724 20
725 15
726 22
727 26
728 19
729 26
730 30
731 24
732 33
733 41
734 39
735 32
736 31
737 53
738 31
739 43
740 38
741 45
742 40
743 46
744 37
745 58
746 54
747 49
748 60
749 34
750 50
751 48
752 60
753 63
754 47
755 58
756 52
757 52
758 50
759 56
760 46
761 57
762 47
763 46
764 44
765 53
766 44
767 48
768 41
769 39
770 53
771 36
772 33
773 52
774 46
775 37
776 54
777 51
778 56
779 52
780 33
781 37
782 46
783 37
784 35
785 44
786 48
787 41
788 40
789 50
790 63
791 47
792 48
793 41
794 51
795 37
796 42
797 32
798 42
799 40
800 40
801 35
802 49
803 49
804 44
805 44
806 63
807 60
808 38
809 55
810 64
811 39
812 49
813 46
814 36
815 58
816 54
817 36
818 44
819 42
820 42
821 41
822 63
823 53
824 50
825 59
826 61
827 67
828 48
829 52
830 56
831 66
832 41
833 64
834 46
835 55
836 62
837 52
838 40
839 39
840 34
841 29
842 39
843 24
844 22
845 25
846 23
847 20
848 42
849 24
850 20
851 27
852 27
853 28
854 19
855 25
856 19
857 15
858 19
859 10
860 10
861 13
862 16
863 10
864 11
865 14
866 5
867 9
868 10
869 3
870 6
871 5
872 9
873 4
874 9
875 5
876 5
877 3
878 8
879 8
880 2
881 4
882 4
883 9
884 10
885 6
886 6
887 7
888 9
889 10
890 11
891 7
892 16
893 9
894 14
895 7
896 18
897 15
898 8
899 16
900 16
901 16
902 8
903 12
904 18
905 16
906 17
907 14
908 19
909 17
910 21
911 14
912 23
913 37
914 21
915 29
916 22
917 23
918 18
919 23
920 17
921 29
922 24
923 25
924 26
925 22
926 24
927 19
928 20
929 17
930 20
931 28
932 28
933 34
934 31
935 26
936 32
937 20
938 23
939 24
940 27
941 30
942 30
943 33
944 30
945 27
946 25
947 23
948 40
949 32
950 28
951 42
952 32
953 29
954 30
955 29
956 31
957 31
958 36
959 37
960 41
961 37
962 31
963 33
964 28
965 32
966 45
967 29
968 27
969 34
970 30
971 32
972 22
973 41
974 31
975 29
976 24
977 29
978 35
979 24
980 25
981 29
982 18
983 21
984 20
985 21
986 20
987 24
988 23
989 20
990 30
991 22
992 30
993 25
994 30
995 29
996 28
997 18
998 27
999 24
1000 19
1001 17
1002 19
1003 11
1004 13
1005 18
1006 14
1007 13
1008 12
1009 10
1010 15
1011 6
1012 8
1013 15
1014 8
1015 4
1016 12
1017 7
1018 14
1019 15
1020 7
1021 8
1022 15
1023 14
1024 13
1025 21
1026 16
1027 13
1028 13
1029 16
1030 19
1031 15
1032 20
1033 10
1034 17
1035 11
1036 20
1037 20
1038 17
1039 21
1040 17
1041 12
1042 16
1043 15
1044 11
1045 10
1046 11
1047 11
1048 11
1049 8
1050 10
1051 5
1052 13
1053 11
1054 9
1055 9
1056 8
1057 4
1058 11
1059 7
1060 8
1061 8
1062 8
1063 4
1064 7
1065 10
1066 6
1067 7
1068 11
1069 12
1070 6
1071 10
1072 6
1073 10
1074 6
1075 8
1076 14
1077 7
1078 10
1079 7
1080 9
1081 16
1082 13
1083 14
1084 12
1085 7
1086 10
1087 16
1088 8
1089 18
1090 14
1091 12
1092 10
1093 10
1094 23
1095 20
1096 12
1097 19
1098 10
1099 16
1100 22
1101 15
1102 18
1103 29
1104 23
1105 26
1106 21
1107 22
1108 33
1109 26
1110 25
1111 27
1112 30
1113 24
1114 29
1115 39
1116 35
1117 40
1118 23
1119 29
1120 36
1121 27
1122 24
1123 24
1124 24
1125 26
1126 15
1127 25
1128 30
1129 26
1130 28
1131 24
1132 30
1133 25
1134 29
1135 30
1136 23
1137 24
1138 23
1139 28
1140 20
1141 16
1142 25
1143 29
1144 23
1145 23
1146 25
1147 20
1148 25
1149 24
1150 13
1151 15
1152 23
1153 17
1154 21
1155 17
1156 21
1157 30
1158 19
1159 15
1160 11
1161 26
1162 12
1163 18
1164 17
1165 14
1166 15
1167 13
1168 9
1169 14
1170 14
1171 12
1172 16
1173 9
1174 5
1175 16
1176 14
1177 11
1178 11
1179 8
1180 14
1181 21
1182 6
1183 16
1184 9
1185 12
1186 14
1187 9
1188 6
1189 9
1190 6
1191 4
1192 8
1193 7
1194 13
1195 4
1196 9
1197 10
1198 6
1199 11
1200 8
1201 11
1202 7
1203 6
1204 6
1205 4
1206 5
1207 8
1208 6
1209 6
1210 7
1211 2
1212 5
1213 2
1214 3
1215 3
1217 2
1218 2
1219 2
1220 6
1221 3
1222 2
1223 3
1224 4
1225 2
1226 3
1227 2
1228 4
1229 3
1230 4
1232 5
1233 2
1234 1
1235 3
1236 1
1237 3
1238 4
1239 4
1240 1
1241 2
1242 4
1243 3
1244 1
1245 4
1246 2
1247 3
1248 3
1249 3
1250 1
1251 2
1252 2
1253 4
1254 6
1255 3
1256 4
1257 3
1258 3
1259 5
1261 1
1262 1
1263 2
1264 3
1265 1
1266 1
1267 2
1268 3
1270 1
1271 4
1272 1
1273 2
1274 4
1275 2
1276 5
1277 4
1278 3
1279 2
1280 5
1281 4
1282 3
1283 2
1284 2
1285 3
1286 2
1287 2
1288 6
1289 4
1290 4
1291 5
1292 7
1293 3
1294 1
1295 2
1296 4
1297 7
1298 7
1299 8
1300 3
1301 3
1302 6
1303 3
1304 7
1306 3
1307 8
1308 7
1309 6
1310 4
1311 7
1312 6
1313 6
1314 5
1315 3
1316 6
1317 2
1319 2
1320 3
1321 3
1322 1
1323 4
1324 1
1325 7
1326 5
1327 3
1328 2
1329 2
1330 1
1331 4
1332 2
1333 2
1334 1
1335 5
1336 5
1337 1
1338 1
1339 2
1340 1
1341 3
1342 3
1343 2
1344 2
1345 2
1346 3
1347 5
1348 5
1349 1
1350 3
1351 5
1352 2
1353 3
1354 1
1355 1
1356 3
1357 1
1358 2
1359 2
1360 1
1361 3
1363 4
1364 3
1365 1
1366 5
1367 1
1368 1
1369 1
1370 4
1371 5
1372 1
1373 1
1374 3
1376 1
1377 3
1378 3
1379 4
1380 1
1381 1
1387 1
1389 1
1394 1
1399 1
1403 2
1412 1
1416 1
1421 1
1425 1
1431 1
1435 2
1443 1
1445 1
1446 2
1448 3
1449 3
1450 2
1451 1
1452 1
1453 2
1454 3
1456 1
1458 5
1459 1
1461 1
1462 1
1463 1
1465 1
1466 3
1467 1
1468 1
1469 3
1470 1
1471 1
1472 1
1473 1
1474 1
1475 7
1476 6
1477 4
1478 6
1479 2
1480 6
1481 4
1482 4
1483 1
1484 3
1485 3
1486 3
1487 5
1488 3
1489 6
1490 3
1491 5
1495 2
1496 2
1497 1
1498 1
1499 3
1500 1
1501 3
1502 2
1503 3
1504 2
1505 1
1507 2
1508 1
1509 3
1510 3
1511 3
1512 6
1513 1
1514 3
1515 3
1516 3
1517 1
1519 4
1520 1
1522 4
1523 3
1524 1
1525 5
1526 1
1527 1
1528 1
1531 4
1532 3
1533 2
1534 3
1535 2
1536 1
1537 3
1538 2
1539 4
1540 6
1541 4
1542 6
1543 4
1544 3
1545 1
1547 2
1548 3
1549 1
1550 2
1551 3
1553 2
1554 2
1558 1
1559 1
1561 1
1562 4
1563 1
1564 1
1567 1
1568 1
1574 1
1577 2
1586 1
1594 1
1599 1
1600 1
1607 1
1614 1
1615 1
1616 3
1618 1
1619 1
1620 2
1621 1
1622 2
1623 1
1624 2
1625 2
1626 1
1628 1
1629 2
1632 4
1633 3
1634 4
1635 1
1636 2
1637 1
1638 2
1639 1
1640 1
1641 1
1642 1
1644 2
1645 1
1646 1
1647 3
1649 2
1650 4
1651 3
1652 6
1653 4
1654 3
1655 2
1656 1
1657 2
1658 6
1659 4
1660 1
1661 1
1662 1
1663 2
1665 1
1666 2
1667 2
1668 1
1669 2
1670 1
1671 1
1673 1
1674 1
1675 1
1677 1
1681 1
1682 1
1685 2
1688 4
1689 1
1690 1
1691 1
1692 1
1693 3
1694 1
1695 1
1696 2
1697 2
1699 2
1700 1
1701 2
1702 2
1705 1
1709 1
1710 2
1711 1
1712 1
1714 2
1715 2
1716 1
1718 1
1721 1
1722 3
1723 2
1724 1
1728 1
1730 1
1732 1
1736 2
1737 1
1738 1
1739 1
1742 2
1744 2
1747 1
1748 2
1750 2
1751 1
1752 1
1753 2
1755 1
1756 1
1757 2
1758 1
1759 1
1760 2
1761 3
1762 2
1763 1
1764 2
1765 3
1766 1
1768 1
1771 2
1775 1
1779 2
1790 1
1793 1
1795 1
1798 1
1800 1
1805 1
1806 1
1808 1
1809 1
1813 3
1814 2
1817 1
1818 3
1820 1
1821 1
1822 3
1823 2
1824 2
1825 2
1827 2
1828 3
1829 2
1830 1
1831 3
1832 2
1833 1
1834 1
1835 2
1836 1
1840 2
1843 1
1845 1
1846 1
1847 1
1849 3
1850 3
1852 1
1853 1
1854 3
1855 1
1856 2
1857 1
1859 1
1860 3
1861 1
1863 3
1864 3
1865 3
1866 2
1867 6
1868 3
1869 4
1870 3
1871 1
1872 3
1873 1
1874 5
1875 2
1876 5
1877 2
1878 2
1879 8
1880 4
1881 3
1882 4
1883 3
1884 5
1885 2
1886 4
1887 5
1888 6
1890 5
1891 7
1892 4
1893 7
1894 2
1895 1
1896 5
1897 3
1898 3
1899 8
1900 1
1902 1
1903 4
1904 5
1906 4
1907 2
1908 4
1909 2
1910 1
1911 2
1912 5
1913 2
1914 2
1915 2
1917 2
1918 1
1920 4
1921 3
1922 2
1923 1
1924 3
1925 1
1926 2
1927 3
1928 1
1929 2
1931 3
1932 4
1933 2
1934 2
1938 1
1939 1
1940 1
1941 1
1943 1
1944 1
1945 1
1948 2
1949 1
1950 1
1954 1
1955 1
1958 1
1964 1
1968 1
1971 1
1973 1
1980 1
1983 1
1988 1
1991 1
1992 1
1993 1
1994 1
1995 2
1996 2
1997 1
1998 1
2000 4
2002 2
2004 2
2005 1
2006 1
2007 1
2008 2
2009 4
2010 3
2011 3
2012 5
2013 3
2014 2
2015 3
2016 3
2017 4
2018 7
2019 4
2020 5
2021 2
2022 5
2023 6
2024 5
2025 4
2026 3
2027 7
2029 5
2030 2
2031 2
2033 2
2035 2
2036 1
2037 4
2038 2
2039 7
2040 3
2041 2
2042 3
2043 3
2044 5
2045 2
2046 4
2047 4
2048 1
2049 2
2050 3
2051 3
2053 1
2054 2
2055 6
2056 8
2057 5
2058 6
2059 4
2060 5
2061 1
2062 6
2063 3
2064 4
2065 3
2066 2
2067 6
2068 7
2069 5
2070 6
2071 8
2072 4
2073 4
2074 3
2075 6
2076 2
2077 5
2078 3
2079 4
2080 8
2081 6
2082 7
2083 5
2084 4
2085 5
2086 12
2087 6
2088 1
2089 6
2090 4
2091 5
2092 4
2093 5
2094 3
2095 2
2096 4
2097 3
2098 4
2099 5
2100 5
2101 3
2102 6
2103 3
2104 2
2105 3
2106 6
2107 3
2108 3
2109 4
2110 6
2111 6
2112 5
2113 4
2114 3
2115 4
2116 4
2117 2
2118 6
2119 1
2120 3
2121 2
2122 3
2123 2
2125 3
2126 3
2127 1
2128 2
2129 1
2130 1
2131 3
2132 3
2136 2
2137 3
2139 1
2140 3
2141 2
2142 1
2144 1
2145 1
2147 3
2148 1
2150 2
2153 1
2154 1
2157 1
2159 1
2160 1
2161 1
2164 2
2167 2
2168 1
2176 1
2179 1
2180 1
2182 2
2185 1
2186 1
2189 1
2191 1
2194 3
2195 4
2197 1
2200 2
2207 1
2209 1
2210 2
2211 1
2213 1
2214 1
2215 5
2216 2
2218 2
2219 1
2220 1
2221 2
2222 1
2223 2
2224 2
2225 2
2226 4
2227 3
2228 1
2229 1
2230 1
2231 1
2232 2
2233 1
2234 1
2235 1
2237 1
2238 1
2239 3
2240 1
2241 2
2242 3
2243 3
2244 4
2245 6
2246 1
2247 1
2248 1
2249 2
2250 2
2251 2
2252 2
2253 1
2254 4
2255 1
2256 4
2257 2
2258 3
2259 2
2261 4
2263 3
2264 1
2265 2
2267 1
2268 1
2269 1
2272 4
2273 3
2274 3
2275 1
2277 4
2278 1
2279 2
2280 1
2281 1
2282 4
2283 1
2284 2
2286 2
2287 4
2288 1
2289 2
2290 3
2291 3
2292 2
2293 1
2294 4
2295 2
2296 1
2297 3
2298 4
2299 4
2300 1
2301 4
2302 1
2303 2
2304 1
2305 2
2307 3
2308 2
2309 2
2310 3
2311 2
2312 3
2313 3
2314 3
2315 1
2316 2
2317 1
2319 2
2320 2
2321 1
2322 1
2323 1
2324 1
2326 3
2327 1
2328 1
2329 1
2330 4
2331 1
2332 1
2333 2
2334 1
2335 1
2336 1
2337 4
2338 2
2340 2
2341 4
2342 2
2343 3
2345 3
2346 2
2347 3
2348 3
2349 1
2350 2
2351 4
2352 1
2353 3
2355 3
2356 2
2357 5
2358 4
2359 3
2360 2
2361 2
2362 2
2363 1
2364 5
2366 2
2367 1
2368 2
2369 2
2370 1
2371 1
2373 1
2374 1
2375 4
2377 2
2379 1
2380 1
2381 1
2382 1
2383 2
2384 2
2385 1
2386 1
2387 1
2388 4
2389 6
2390 3
2391 1
2392 5
2393 2
2394 4
2395 3
2396 4
2397 3
2398 3
2399 5
2400 4
2401 1
2402 4
2403 1
2404 7
2405 1
2406 8
2407 6
2408 1
2409 6
2410 2
2411 3
2412 3
2413 2
2414 2
2415 4
2416 6
2417 5
2418 4
2419 2
2420 3
2422 3
2423 1
2425 3
2426 3
2427 4
2428 1
2429 1
2430 1
2431 1
2432 2
2433 5
2434 2
2435 1
2436 1
2437 3
2438 4
2439 3
2440 2
2441 1
2442 2
2443 3
2444 3
2445 7
2446 1
2447 2
2448 3
2449 5
2450 1
2451 2
2452 4
2453 2
2454 3
2455 2
2457 2
2458 1
2460 2
2461 1
2462 1
2463 4
2464 2
2465 2
2466 1
2467 5
2468 3
2469 2
2470 2
2471 2
2472 2
2473 2
2474 1
2475 3
2477 4
2478 2
2480 2
2481 2
2482 1
2483 1
2484 2
2485 2
2486 1
2488 1
2490 4
2491 3
2492 3
2493 1
2494 1
2495 3
2496 1
2497 3
2498 3
2499 2
2502 1
2503 1
2504 2
2505 2
2507 4
2509 2
2510 2
2514 2
2515 3
2516 5
2517 2
2518 1
2519 2
2520 3
2523 1
2524 3
2525 1
2526 3
2527 1
2528 1
2530 1
2532 2
2533 3
2534 2
2535 1
2536 2
2537 3
2539 1
2541 1
2554 1
2561 1
2569 1
2581 1
2582 1
2583 1
2584 1
2585 1
2588 1
2589 1
2594 1
2596 1
2597 2
2598 2
2599 1
2600 2
2601 1
2602 2
2603 3
2604 4
2605 1
2606 2
2607 5
2608 1
2609 3
2610 3
2613 1
2614 2
2615 3
2616 1
2618 4
2621 2
2622 1
2623 1
2624 2
2625 1
2627 2
2629 1
2630 2
2632 1
2634 2
2636 2
2638 1
2640 1
2641 2
2643 1
2645 4
2647 2
2648 1
2651 1
2653 1
2654 1
2657 2
2658 1
2659 1
2665 2
2666 2
2672 1
2673 2
2680 2
2685 2
2687 1
2689 1
2691 1
2692 1
2693 1
2694 2
2695 1
2696 1
2699 2
2700 1
2701 1
2705 2
2709 1
2710 1
2711 1
2712 1
2717 3
2723 3
2725 2
2726 1
2727 1
2728 2
2729 1
2730 1
2731 1
2732 1
2734 1
2735 2
2736 2
2737 2
2739 1
2740 1
2743 2
2744 2
2745 1
2748 3
2749 1
2751 2
2752 1
2754 2
2755 1
2756 3
2757 1
2758 5
2760 1
2761 5
2762 4
2763 3
2764 5
2765 3
2766 1
2767 3
2768 5
2769 3
2770 4
2771 4
2772 4
2773 6
2774 4
2775 4
2776 4
2777 4
2778 3
2779 3
2780 4
2781 5
2782 8
2783 4
2784 5
2785 3
2786 1
2787 4
2788 4
2789 1
2790 5
2791 5
2792 5
2793 5
2794 4
2795 3
2796 4
2797 3
2799 2
2800 4
2801 9
2802 2
2803 5
2804 5
2805 7
2806 4
2807 2
2808 3
2809 4
2810 5
2811 6
2812 2
2813 3
2814 4
2815 3
2816 2
2817 4
2818 6
2819 3
2820 4
2821 1
2822 5
2823 3
2824 2
2825 6
2826 4
2827 5
2828 4
2829 2
2830 2
2831 2
2832 3
2833 1
2834 2
2835 1
2836 5
2838 4
2839 1
2840 1
2841 2
2843 1
2844 1
2846 4
2849 1
2851 1
2852 2
2853 1
2854 1
2855 1
2858 2
2859 2
2860 1
2864 2
2866 1
2868 1
2870 2
2871 1
2872 1
2873 1
2874 4
2876 1
2880 1
2881 1
2883 3
2884 3
2885 1
2886 3
2887 2
2889 1
2891 1
2892 1
2895 2
2896 1
2900 1
2906 1
2908 2
2910 1
2911 1
2912 1
2913 1
2914 2
2917 1
2919 1
2922 1
2923 2
2927 1
2929 1
2930 1
2933 1
2935 1
2936 3
2938 1
2940 1
2942 1
2946 1
2949 1
2950 2
2952 1
2953 2
2956 1
2959 1
2961 1
2962 1
2963 1
2964 2
2965 1
2966 1
2969 2
2970 1
2973 1
2976 3
2977 1
2978 1
2979 2
2981 7
2982 2
2983 2
2984 6
2985 4
2986 3
2987 3
2988 1
2989 2
2990 1
2992 2
2994 1
2996 2
2997 1
2998 1
2999 1
3000 2
3001 1
3002 1
3003 1
3004 1
3006 1
3008 1
3010 2
3011 2
3013 1
3014 1
3022 1
3027 1
3029 1
3032 2
3037 2
3040 2
3042 1
3046 1
3052 1
3068 3
3074 2
3079 1
3080 1
3086 1
3088 1
3089 1
3090 1
3091 1
3095 1
3096 1
3105 1
3106 1
3107 1
3108 1
3109 1
3111 2
3112 3
3113 1
3115 2
3116 2
3120 1
3123 3
3125 1
3126 1
3127 3
3128 1
3132 1
3135 3
3136 1
3138 1
3139 1
3140 2
3147 2
3149 1
3150 2
3151 2
3152 1
3156 1
3157 1
3159 1
3160 1
3161 1
3165 2
3166 1
3167 1
3169 1
3170 1
3171 1
3172 1
3173 2
3175 2
3176 2
3178 1
3179 2
3180 1
3182 3
3183 1
3184 1
3186 3
3187 1
3189 1
3190 1
3191 3
3192 1
3194 3
3196 4
3197 1
3198 3
3199 2
3200 2
3201 2
3202 4
3203 1
3204 2
3206 2
3207 1
3209 1
3210 1
3211 2
3212 3
3213 3
3214 1
3215 3
3216 2
3217 1
3219 1
3220 4
3222 3
3223 1
3224 2
3225 2
3226 2
3227 3
3228 5
3229 4
3230 4
3232 1
3233 2
3234 3
3235 3
3236 3
3237 1
3238 3
3240 3
3241 4
3242 3
3243 4
3244 3
3245 2
3246 1
3248 1
3249 3
3250 2
3251 2
3252 6
3254 1
3255 2
3256 3
3257 6
3258 2
3259 2
3260 2
3261 1
3262 3
3263 1
3264 1
3265 1
3266 3
3267 1
3268 1
3269 2
3270 2
3271 2
3272 1
3273 4
3274 1
3276 1
3277 2
3278 1
3279 2
3280 3
3282 2
3284 3
3285 2
3286 1
3287 1
3288 3
3289 4
3290 3
3291 1
3292 3
3294 2
3295 2
3296 1
3297 1
3299 2
3302 3
3303 1
3304 1
3305 2
3306 1
3307 2
3308 2
3309 2
3310 1
3311 2
3312 1
3313 1
3320 1
3323 1
3324 1
3325 1
3328 2
3329 1
3331 1
3332 1
3334 2
3335 3
3336 1
3339 1
3340 1
3341 2
3348 1
3349 1
3354 1
3357 1
3365 1
3368 1
3370 1
3375 1
3383 1
3386 1
3387 1
3392 1
3393 1
3394 1
3395 1
3398 1
3399 1
3402 1
3403 2
3405 1
3406 2
3407 1
3411 2
3420 2
3421 1
3509 1
3514 1
3515 1
3517 1
3582 1
3605 1
3817 1
3953 1
3964 1
4113 1
4114 1
4166 1
4192 1
4314 1
4330 1
4410 1
4464 1
4472 1
4487 1
4492 1
4503 2
4505 1
4517 1
4532 1
4544 1
4606 1
4683 1
4722 1
4809 1
4817 1
4839 1
4898 1
4909 1
4914 1
4915 1
4917 1
4927 1
5023 1
5136 1
5145 1
5151 1
5156 1
5157 1
5158 1
5160 1
5165 1
5167 1
5177 1
5286 1
5320 1
5455 1
5459 1
5461 1
5581 1
5724 1
5781 1
6310 1
6449 1
6462 1
6464 1
6622 1
6624 1
6635 1
6638 1
6642 2
6652 1
6820 1
6830 1
7039 1
7151 1
7156 1
7309 1
7317 1
7321 1
7323 1
7330 1
7337 1
7394 1
7415 1
7480 1
7578 1
7694 1
7915 1
7923 1
7933 1
7943 1
7952 1
7953 1
8121 1
8150 1
8324 1
8877 1
