1 12949723
2 11595246
3 8997147
4 6942796
5 5492371
6 4563005
7 4004467
8 3657010
9 3390743
10 3141335
11 2854677
12 2537813
13 2196891
14 1860397
15 1565025
16 1302920
17 1086080
18 916647
19 796176
20 703731
21 643000
22 601481
23 568262
24 540046
25 505185
26 474511
27 426585
28 400052
29 337788
30 318060
31 250682
32 251242
33 181510
34 213511
35 136675
36 203252
37 112878
38 213221
39 107480
40 239381
41 116361
42 275250
43 131944
44 311260
45 150060
46 342289
47 167968
48 365335
49 187245
50 383753
51 206946
52 397427
53 229070
54 404107
55 251200
56 408172
57 275872
58 410835
59 297864
60 409393
61 315093
62 403680
63 324572
64 390063
65 326492
66 373939
67 321528
68 353284
69 314186
70 334772
71 305936
72 322365
73 303171
74 312907
75 303346
76 313510
77 309981
78 321217
79 322132
80 330153
81 333361
82 339803
83 340156
84 343826
85 341301
86 340270
87 335104
88 328098
89 318454
90 309607
91 294867
92 282000
93 263348
94 247491
95 228740
96 213913
97 196280
98 182375
99 167684
100 156555
101 144410
102 137404
103 130460
104 126167
105 123163
106 123579
107 123846
108 127217
109 131017
110 136880
111 142461
112 149316
113 155678
114 162281
115 168770
116 174561
117 177947
118 182887
119 185867
120 187547
121 187227
122 186588
123 183740
124 179590
125 173678
126 168119
127 159088
128 152346
129 141605
130 132576
131 123003
132 112705
133 101442
134 92766
135 83759
136 74645
137 65968
138 58216
139 50943
140 44603
141 38411
142 32999
143 28321
144 24222
145 20421
146 17731
147 15139
148 13635
149 11262
150 10544
151 9645
152 9414
153 9108
154 9764
155 10346
156 11349
157 12728
158 14446
159 16551
160 19294
161 22003
162 25226
163 28593
164 32645
165 37152
166 42015
167 47067
168 52595
169 59106
170 65707
171 72623
172 79804
173 87825
174 95653
175 103785
176 112840
177 121164
178 130879
179 139804
180 149194
181 158091
182 167605
183 176751
184 185466
185 193991
186 202778
187 210825
188 218381
189 226524
190 234078
191 241329
192 247361
193 253092
194 259832
195 264374
196 268439
197 272733
198 276427
199 279480
200 281083
201 282813
202 283717
203 285159
204 285733
205 285395
206 283572
207 282934
208 280217
209 277532
210 274457
211 271838
212 268513
213 266505
214 262046
215 257918
216 253774
217 249560
218 245988
219 241906
220 236765
221 232860
222 229399
223 224390
224 218226
225 214975
226 210004
227 203924
228 200269
229 195714
230 191357
231 186764
232 182415
233 177557
234 172615
235 166824
236 161894
237 157236
238 152901
239 148887
240 143342
241 139012
242 133190
243 128216
244 123128
245 116978
246 112395
247 106602
248 101408
249 96066
250 90926
251 85916
252 80787
253 75679
254 71168
255 65508
256 61832
257 57137
258 52288
259 48748
260 44660
261 40761
262 37526
263 34243
264 30959
265 28791
266 26105
267 23478
268 21519
269 19250
270 17474
271 15885
272 14598
273 13159
274 12031
275 10941
276 10155
277 9359
278 8505
279 8043
280 7554
281 7306
282 6848
283 6566
284 6555
285 6499
286 6476
287 6503
288 6478
289 6447
290 6731
291 6757
292 6686
293 6810
294 6750
295 6754
296 6821
297 6950
298 7039
299 7030
300 7050
301 7167
302 6973
303 6988
304 7094
305 6850
306 6823
307 6693
308 6521
309 6442
310 6226
311 6063
312 6078
313 5625
314 5631
315 5332
316 5194
317 4745
318 4600
319 4381
320 4196
321 4112
322 3767
323 3720
324 3597
325 3359
326 3231
327 3111
328 2946
329 2696
330 2552
331 2407
332 2175
333 2004
334 1931
335 1751
336 1774
337 1604
338 1429
339 1432
340 1392
341 1246
342 1300
343 1202
344 1237
345 1199
346 1182
347 1142
348 1144
349 1161
350 1141
351 1129
352 1156
353 1151
354 1255
355 1244
356 1256
357 1277
358 1367
359 1377
360 1389
361 1445
362 1556
363 1613
364 1665
365 1815
366 1794
367 1762
368 1789
369 1815
370 1851
371 1846
372 1815
373 1805
374 1893
375 1799
376 2002
377 1887
378 1915
379 1871
380 1979
381 1901
382 1881
383 1858
384 1873
385 1760
386 1743
387 1704
388 1769
389 1675
390 1614
391 1480
392 1556
393 1461
394 1547
395 1437
396 1395
397 1398
398 1297
399 1305
400 1297
401 1295
402 1247
403 1184
404 1223
405 1106
406 1014
407 1073
408 1013
409 1003
410 1068
411 1005
412 984
413 1033
414 976
415 983
416 958
417 918
418 983
419 988
420 919
421 925
422 949
423 863
424 907
425 891
426 959
427 947
428 974
429 855
430 905
431 872
432 875
433 779
434 830
435 820
436 846
437 793
438 890
439 838
440 833
441 791
442 868
443 836
444 820
445 803
446 795
447 776
448 854
449 746
450 760
451 716
452 797
453 773
454 787
455 659
456 703
457 680
458 706
459 669
460 629
461 641
462 673
463 636
464 676
465 645
466 649
467 636
468 670
469 664
470 627
471 581
472 591
473 567
474 568
475 543
476 527
477 502
478 517
479 499
480 521
481 476
482 466
483 443
484 458
485 440
486 419
487 419
488 370
489 375
490 359
491 400
492 360
493 313
494 315
495 318
496 311
497 294
498 274
499 272
500 261
501 237
502 220
503 240
504 227
505 232
506 213
507 197
508 203
509 238
510 179
511 198
512 212
513 176
514 178
515 214
516 198
517 172
518 160
519 170
520 174
521 150
522 161
523 151
524 142
525 139
526 119
527 132
528 109
529 119
530 105
531 104
532 106
533 85
534 77
535 97
536 95
537 79
538 91
539 103
540 76
541 86
542 67
543 80
544 78
545 83
546 79
547 76
548 76
549 77
550 66
551 79
552 72
553 75
554 82
555 71
556 65
557 65
558 67
559 63
560 73
561 73
562 72
563 44
564 72
565 83
566 90
567 87
568 82
569 90
570 78
571 88
572 66
573 78
574 79
575 89
576 86
577 102
578 90
579 104
580 102
581 108
582 83
583 117
584 105
585 114
586 129
587 144
588 137
589 145
590 136
591 127
592 123
593 112
594 101
595 123
596 109
597 118
598 119
599 126
600 130
601 128
602 125
603 138
604 151
605 157
606 149
607 139
608 147
609 165
610 158
611 153
612 161
613 164
614 169
615 163
616 168
617 179
618 180
619 204
620 173
621 192
622 184
623 192
624 194
625 167
626 163
627 175
628 158
629 166
630 161
631 122
632 142
633 162
634 145
635 142
636 123
637 139
638 115
639 143
640 134
641 126
642 109
643 104
644 120
645 124
646 115
647 104
648 125
649 96
650 83
651 115
652 118
653 105
654 105
655 94
656 101
657 92
658 119
659 102
660 118
661 108
662 123
663 118
664 111
665 135
666 145
667 135
668 156
669 126
670 143
671 145
672 142
673 115
674 117
675 116
676 152
677 126
678 151
679 135
680 137
681 131
682 148
683 120
684 128
685 149
686 128
687 147
688 158
689 145
690 155
691 144
692 122
693 138
694 142
695 97
696 123
697 127
698 134
699 126
700 131
701 127
702 126
703 146
704 134
705 120
706 119
707 128
708 148
709 141
710 124
711 148
712 149
713 123
714 152
715 120
716 129
717 137
718 122
719 118
720 135
721 129
722 136
723 112
724 116
725 126
726 124
727 123
728 129
729 128
730 133
731 122
732 109
733 89
734 105
735 135
736 124
737 136
738 114
739 126
740 149
741 108
742 117
743 134
744 106
745 125
746 116
747 117
748 94
749 124
750 127
751 141
752 117
753 118
754 91
755 116
756 92
757 105
758 97
759 113
760 98
761 92
762 96
763 93
764 96
765 95
766 110
767 104
768 85
769 97
770 95
771 89
772 119
773 80
774 109
775 78
776 94
777 104
778 90
779 79
780 89
781 97
782 75
783 84
784 76
785 69
786 89
787 82
788 75
789 93
790 83
791 80
792 75
793 73
794 71
795 75
796 60
797 75
798 77
799 72
800 59
801 72
802 62
803 81
804 65
805 63
806 74
807 82
808 94
809 87
810 77
811 76
812 86
813 98
814 100
815 92
816 86
817 110
818 84
819 109
820 94
821 84
822 84
823 82
824 70
825 95
826 95
827 73
828 60
829 99
830 76
831 76
832 83
833 67
834 74
835 73
836 68
837 58
838 65
839 53
840 57
841 53
842 43
843 42
844 47
845 51
846 71
847 47
848 57
849 49
850 44
851 53
852 40
853 42
854 42
855 36
856 50
857 61
858 31
859 40
860 54
861 56
862 42
863 44
864 34
865 38
866 41
867 27
868 30
869 28
870 42
871 24
872 27
873 30
874 34
875 28
876 29
877 24
878 23
879 24
880 22
881 29
882 25
883 11
884 17
885 20
886 16
887 19
888 18
889 14
890 15
891 15
892 15
893 16
894 20
895 21
896 26
897 21
898 18
899 25
900 21
901 22
902 19
903 18
904 22
905 22
906 19
907 23
908 22
909 19
910 22
911 11
912 29
913 23
914 23
915 36
916 24
917 22
918 21
919 25
920 22
921 26
922 29
923 25
924 35
925 27
926 27
927 39
928 35
929 31
930 27
931 40
932 35
933 29
934 23
935 42
936 47
937 54
938 43
939 46
940 30
941 29
942 43
943 43
944 39
945 41
946 47
947 33
948 44
949 46
950 53
951 51
952 40
953 49
954 41
955 60
956 50
957 47
958 58
959 43
960 52
961 42
962 43
963 58
964 37
965 60
966 54
967 47
968 42
969 36
970 55
971 43
972 47
973 54
974 46
975 53
976 51
977 47
978 55
979 47
980 58
981 55
982 69
983 56
984 63
985 48
986 59
987 63
988 57
989 62
990 57
991 62
992 55
993 70
994 52
995 53
996 42
997 48
998 64
999 65
1000 59
1001 44
1002 68
1003 80
1004 67
1005 71
1006 62
1007 45
1008 62
1009 70
1010 57
1011 50
1012 64
1013 47
1014 60
1015 48
1016 59
1017 54
1018 52
1019 56
1020 59
1021 60
1022 53
1023 67
1024 55
1025 61
1026 62
1027 66
1028 72
1029 60
1030 69
1031 79
1032 68
1033 66
1034 69
1035 69
1036 76
1037 53
1038 53
1039 57
1040 65
1041 58
1042 53
1043 48
1044 48
1045 41
1046 37
1047 48
1048 43
1049 64
1050 52
1051 33
1052 40
1053 51
1054 51
1055 38
1056 46
1057 39
1058 47
1059 45
1060 52
1061 40
1062 40
1063 33
1064 32
1065 36
1066 50
1067 54
1068 53
1069 50
1070 34
1071 41
1072 41
1073 38
1074 44
1075 44
1076 45
1077 44
1078 44
1079 51
1080 41
1081 52
1082 35
1083 26
1084 40
1085 46
1086 35
1087 30
1088 34
1089 42
1090 38
1091 34
1092 31
1093 31
1094 35
1095 29
1096 25
1097 23
1098 39
1099 29
1100 26
1101 32
1102 36
1103 28
1104 17
1105 22
1106 20
1107 24
1108 36
1109 24
1110 32
1111 23
1112 30
1113 26
1114 19
1115 27
1116 25
1117 30
1118 31
1119 21
1120 22
1121 20
1122 30
1123 23
1124 27
1125 29
1126 28
1127 17
1128 21
1129 15
1130 28
1131 26
1132 14
1133 23
1134 19
1135 26
1136 15
1137 14
1138 19
1139 18
1140 15
1141 20
1142 15
1143 17
1144 19
1145 18
1146 20
1147 13
1148 13
1149 10
1150 8
1151 15
1152 19
1153 11
1154 9
1155 7
1156 9
1157 13
1158 11
1159 7
1160 11
1161 8
1162 12
1163 15
1164 10
1165 4
1166 6
1167 10
1168 5
1169 12
1170 3
1171 6
1172 7
1173 11
1174 6
1175 8
1176 15
1177 9
1178 10
1179 9
1180 10
1181 14
1182 21
1183 12
1184 7
1185 5
1186 14
1187 15
1188 10
1189 12
1190 15
1191 16
1192 20
1193 16
1194 17
1195 15
1196 20
1197 18
1198 16
1199 20
1200 15
1201 18
1202 16
1203 17
1204 10
1205 14
1206 8
1207 8
1208 13
1209 8
1210 9
1211 18
1212 14
1213 17
1214 14
1215 12
1216 12
1217 22
1218 15
1219 13
1220 19
1221 24
1222 13
1223 21
1224 17
1225 19
1226 20
1227 17
1228 16
1229 11
1230 16
1231 16
1232 15
1233 15
1234 14
1235 18
1236 14
1237 31
1238 12
1239 12
1240 16
1241 8
1242 13
1243 17
1244 14
1245 16
1246 15
1247 15
1248 14
1249 11
1250 15
1251 16
1252 15
1253 16
1254 14
1255 7
1256 22
1257 15
1258 11
1259 18
1260 14
1261 13
1262 11
1263 12
1264 14
1265 10
1266 16
1267 8
1268 15
1269 14
1270 16
1271 6
1272 15
1273 17
1274 5
1275 23
1276 15
1277 16
1278 12
1279 16
1280 11
1281 17
1282 19
1283 13
1284 9
1285 10
1286 17
1287 11
1288 13
1289 9
1290 12
1291 17
1292 19
1293 15
1294 14
1295 11
1296 5
1297 12
1298 9
1299 10
1300 8
1301 4
1302 12
1303 8
1304 11
1305 14
1306 5
1307 7
1308 4
1309 4
1310 8
1311 3
1312 11
1313 7
1314 5
1315 8
1316 14
1317 11
1318 4
1319 9
1320 5
1321 7
1322 8
1323 10
1324 8
1325 8
1326 7
1327 8
1328 8
1329 6
1330 12
1331 13
1332 6
1333 8
1334 11
1335 12
1336 8
1337 8
1338 12
1339 4
1340 9
1341 8
1342 9
1343 9
1344 11
1345 8
1346 12
1347 9
1348 7
1349 12
1350 8
1351 13
1352 13
1353 10
1354 10
1355 6
1356 12
1357 13
1358 6
1359 9
1360 8
1361 14
1362 11
1363 16
1364 15
1365 7
1366 14
1367 15
1368 14
1369 7
1370 7
1371 17
1372 11
1373 7
1374 16
1375 14
1376 11
1377 14
1378 21
1379 6
1380 14
1381 9
1382 15
1383 7
1384 15
1385 15
1386 9
1387 6
1388 20
1389 14
1390 9
1391 11
1392 11
1393 11
1394 11
1395 10
1396 11
1397 12
1398 13
1399 7
1400 5
1401 20
1402 13
1403 6
1404 15
1405 6
1406 8
1407 8
1408 13
1409 9
1410 13
1411 13
1412 20
1413 11
1414 11
1415 15
1416 13
1417 16
1418 11
1419 15
1420 21
1421 10
1422 14
1423 14
1424 11
1425 9
1426 9
1427 11
1428 12
1429 11
1430 7
1431 13
1432 5
1433 9
1434 5
1435 8
1436 3
1437 8
1438 3
1439 7
1440 5
1441 14
1442 5
1443 7
1444 8
1445 9
1446 12
1447 9
1448 5
1449 9
1450 7
1451 7
1452 13
1453 8
1454 9
1455 6
1456 11
1457 4
1458 2
1459 1
1460 10
1461 5
1462 4
1463 9
1464 12
1465 6
1466 12
1467 6
1468 8
1469 3
1470 11
1471 7
1472 11
1473 10
1474 9
1475 9
1476 2
1477 3
1478 11
1479 9
1480 11
1481 8
1482 6
1483 10
1484 6
1485 13
1486 11
1487 9
1488 10
1489 4
1490 4
1491 9
1492 10
1493 5
1494 10
1495 7
1496 6
1497 7
1498 4
1499 6
1500 9
1501 4
1502 6
1503 10
1504 8
1505 5
1506 4
1507 7
1508 1
1509 10
1510 9
1511 9
1512 8
1513 10
1514 7
1515 8
1516 12
1517 7
1518 7
1519 11
1520 7
1521 7
1522 6
1523 11
1524 9
1525 8
1526 8
1527 6
1528 8
1529 8
1530 2
1531 7
1532 4
1533 7
1534 14
1535 7
1536 2
1537 10
1538 6
1539 11
1540 16
1541 6
1542 4
1543 9
1544 8
1545 9
1546 3
1547 9
1548 7
1549 6
1550 4
1551 6
1552 7
1553 5
1554 7
1555 9
1556 10
1557 8
1558 9
1559 10
1560 9
1561 9
1562 7
1563 7
1564 19
1565 4
1566 8
1567 7
1568 8
1569 8
1570 7
1571 2
1572 6
1573 3
1574 3
1575 6
1576 5
1577 6
1578 6
1579 4
1580 4
1581 6
1582 3
1583 5
1584 3
1585 7
1586 4
1587 10
1588 8
1589 13
1590 6
1591 11
1592 10
1593 8
1594 8
1595 13
1596 10
1597 5
1598 8
1599 8
1600 7
1601 8
1602 15
1603 11
1604 10
1605 8
1606 10
1607 9
1608 8
1609 9
1610 6
1611 8
1612 7
1613 5
1614 7
1615 7
1616 2
1617 7
1618 8
1619 9
1620 9
1621 6
1622 6
1623 13
1624 7
1625 2
1626 7
1627 7
1628 9
1629 12
1630 9
1631 7
1632 12
1633 11
1634 11
1635 8
1636 9
1637 8
1638 7
1639 6
1640 3
1641 5
1642 12
1643 4
1644 3
1645 7
1646 7
1647 7
1648 4
1649 3
1650 7
1651 7
1652 9
1653 8
1654 3
1655 7
1656 6
1657 10
1658 7
1659 8
1660 6
1661 6
1662 11
1663 8
1664 7
1665 4
1666 9
1667 6
1668 4
1669 11
1670 8
1671 6
1672 1
1673 5
1674 9
1675 3
1676 7
1677 4
1678 2
1679 2
1680 4
1681 6
1682 6
1683 5
1684 7
1685 12
1686 8
1687 7
1688 6
1689 3
1690 3
1691 5
1692 6
1693 5
1694 9
1695 2
1696 7
1697 4
1698 3
1699 6
1700 7
1701 3
1702 3
1703 2
1704 3
1705 4
1706 6
1707 4
1708 5
1709 6
1710 1
1711 8
1712 2
1713 2
1714 3
1715 3
1716 6
1717 4
1718 2
1719 2
1720 4
1721 1
1722 3
1723 4
1725 1
1727 4
1728 1
1729 1
1730 3
1731 2
1732 2
1733 1
1734 2
1735 6
1736 1
1737 1
1738 2
1739 3
1740 1
1741 3
1742 4
1743 1
1744 2
1747 5
1749 3
1751 3
1752 3
1753 4
1754 3
1755 4
1756 3
1757 4
1758 2
1759 2
1760 2
1762 2
1763 2
1764 6
1765 2
1766 4
1767 2
1769 2
1770 2
1771 2
1772 2
1773 3
1774 2
1775 2
1776 3
1777 4
1778 2
1779 2
1780 1
1781 3
1782 2
1784 1
1785 4
1786 4
1787 6
1788 3
1789 4
1790 1
1791 2
1792 2
1794 3
1795 2
1796 3
1797 4
1798 3
1799 2
1800 3
1801 2
1803 1
1804 3
1805 3
1806 7
1807 2
1809 1
1810 4
1811 3
1812 7
1813 5
1814 4
1815 2
1816 3
1817 5
1819 4
1821 1
1822 2
1823 3
1825 2
1826 2
1827 3
1828 2
1829 2
1830 3
1831 1
1832 2
1833 2
1834 5
1835 3
1836 4
1837 1
1838 1
1839 3
1840 1
1842 3
1843 1
1844 2
1845 2
1846 1
1847 2
1848 4
1849 2
1850 1
1852 3
1853 2
1854 2
1855 1
1856 3
1857 3
1858 1
1859 1
1860 1
1861 3
1862 2
1864 2
1865 3
1866 2
1867 1
1868 1
1871 2
1874 2
1875 1
1878 2
1879 2
1880 2
1881 3
1882 2
1883 1
1885 2
1886 1
1889 2
1890 2
1891 3
1892 4
1893 1
1894 1
1895 1
1896 1
1897 1
1898 1
1899 1
1900 3
1901 2
1902 1
1903 2
1905 2
1906 1
1907 3
1908 2
1909 1
1911 1
1912 2
1913 3
1914 2
1915 1
1916 3
1917 3
1918 4
1919 3
1920 1
1921 2
1922 1
1923 1
1924 2
1925 3
1926 1
1927 5
1928 4
1929 3
1930 2
1931 5
1933 2
1934 7
1935 4
1936 2
1937 2
1938 5
1939 2
1940 4
1941 2
1942 3
1943 4
1944 1
1945 1
1946 4
1947 3
1949 1
1950 2
1951 2
1952 2
1954 3
1955 1
1956 4
1957 1
1959 2
1960 1
1962 3
1963 1
1964 1
1965 1
1966 1
1967 1
1968 1
1969 2
1970 1
1973 2
1974 4
1975 2
1976 1
1977 2
1978 1
1979 4
1981 1
1982 4
1983 2
1984 5
1985 3
1986 7
1987 1
1988 5
1989 1
1990 3
1991 1
1992 3
1993 4
1994 3
1995 1
1996 1
1997 1
1998 2
1999 3
2002 2
2003 2
2004 2
2005 1
2006 1
2008 1
2009 1
2010 2
2011 2
2012 3
2013 1
2014 1
2015 2
2016 1
2017 1
2018 3
2019 3
2020 1
2021 3
2022 4
2023 1
2024 1
2025 2
2026 2
2027 4
2028 4
2029 3
2030 5
2031 1
2032 2
2033 2
2034 5
2035 2
2036 3
2038 6
2039 1
2040 2
2041 7
2042 6
2043 2
2044 2
2045 5
2046 3
2047 2
2048 2
2049 3
2050 2
2051 3
2052 1
2054 1
2055 3
2057 2
2058 2
2059 3
2061 2
2063 3
2064 3
2065 1
2066 1
2067 3
2069 1
2071 3
2073 2
2075 1
2076 1
2077 2
2078 1
2079 3
2080 1
2081 1
2083 1
2084 1
2085 3
2087 1
2088 2
2092 3
2093 2
2094 2
2096 3
2097 2
2099 2
2100 1
2101 2
2102 1
2103 3
2104 1
2105 3
2106 2
2108 2
2109 2
2111 2
2112 1
2114 1
2116 1
2117 1
2119 1
2120 4
2121 2
2122 3
2123 2
2124 4
2125 3
2126 2
2127 1
2128 1
2130 1
2132 2
2133 5
2134 2
2135 1
2136 2
2137 1
2138 1
2139 2
2140 2
2141 1
2144 2
2145 1
2147 2
2150 1
2151 3
2152 1
2153 1
2154 1
2155 1
2156 2
2157 1
2158 3
2159 3
2160 2
2161 2
2162 3
2164 3
2165 1
2166 2
2167 1
2169 2
2170 2
2171 1
2172 2
2173 3
2174 6
2175 2
2176 1
2177 2
2178 2
2179 2
2180 2
2181 1
2182 1
2183 1
2184 1
2185 3
2186 1
2187 2
2188 1
2189 2
2190 2
2191 1
2192 2
2193 4
2194 2
2195 3
2196 6
2197 4
2198 5
2199 2
2200 3
2201 4
2202 6
2203 4
2204 1
2205 5
2206 6
2207 1
2209 5
2210 8
2211 5
2212 4
2213 2
2214 4
2215 1
2216 4
2217 4
2218 2
2220 10
2222 3
2223 4
2224 7
2225 4
2226 1
2227 1
2228 6
2229 5
2230 4
2231 4
2232 5
2233 3
2234 6
2235 5
2236 5
2237 3
2238 3
2239 2
2240 5
2241 4
2242 3
2243 3
2244 4
2245 5
2246 2
2247 4
2248 2
2249 4
2250 2
2251 5
2252 2
2253 4
2254 1
2255 3
2256 4
2257 1
2258 1
2259 3
2260 3
2262 2
2263 4
2264 1
2265 2
2266 3
2267 4
2268 1
2269 2
2270 5
2271 5
2272 3
2273 1
2274 2
2275 2
2276 5
2277 1
2278 5
2279 1
2280 3
2281 5
2282 3
2283 2
2284 4
2285 1
2286 1
2287 2
2288 2
2289 2
2290 3
2291 2
2292 5
2294 2
2295 4
2296 1
2297 1
2298 3
2299 3
2300 1
2301 3
2302 4
2303 5
2304 3
2305 5
2306 3
2307 1
2308 5
2309 2
2310 3
2311 2
2312 1
2313 2
2314 4
2315 2
2316 3
2317 3
2318 4
2319 1
2320 1
2321 2
2322 3
2323 2
2324 1
2325 2
2326 5
2327 1
2328 1
2329 1
2330 2
2331 3
2332 2
2333 1
2334 1
2335 2
2337 6
2339 1
2340 2
2341 3
2342 2
2343 3
2344 2
2345 3
2346 1
2347 3
2348 3
2349 1
2350 1
2352 1
2353 1
2354 1
2355 1
2356 1
2357 4
2358 3
2360 3
2361 2
2362 1
2363 2
2364 1
2365 2
2367 3
2370 2
2371 4
2372 2
2373 1
2375 3
2376 2
2377 3
2378 2
2380 1
2381 2
2382 1
2383 1
2385 1
2386 1
2388 3
2389 3
2390 2
2392 1
2393 1
2394 1
2395 2
2396 2
2397 1
2398 2
2399 4
2401 2
2402 3
2403 2
2404 3
2405 4
2406 3
2407 1
2408 5
2409 4
2410 2
2411 2
2412 2
2414 3
2415 5
2418 2
2419 3
2420 1
2421 1
2422 3
2423 3
2424 1
2425 4
2426 2
2427 4
2428 3
2429 1
2431 4
2433 1
2435 1
2436 1
2439 2
2440 1
2441 1
2442 1
2444 3
2446 1
2447 4
2448 2
2449 1
2450 3
2453 1
2454 1
2456 1
2457 2
2459 2
2460 1
2461 5
2464 3
2465 3
2467 3
2468 1
2470 2
2472 1
2473 2
2474 3
2475 2
2476 1
2479 2
2480 1
2481 2
2483 1
2484 3
2488 1
2489 1
2491 2
2494 1
2496 2
2497 3
2498 1
2499 3
2500 3
2502 1
2503 1
2504 1
2508 2
2509 4
2510 2
2511 3
2512 1
2514 2
2516 3
2518 1
2519 1
2520 1
2521 2
2522 1
2525 2
2526 1
2528 1
2529 1
2530 2
2531 1
2532 1
2534 2
2536 1
2537 1
2538 1
2539 1
2540 2
2541 3
2542 2
2543 4
2544 2
2545 3
2546 1
2547 3
2548 3
2549 2
2550 1
2551 2
2552 5
2553 1
2554 2
2555 2
2556 2
2557 1
2559 3
2560 1
2562 2
2563 4
2564 1
2566 1
2567 3
2568 1
2569 1
2570 1
2571 4
2572 3
2573 2
2574 5
2575 2
2576 5
2577 1
2578 3
2579 2
2581 3
2582 2
2583 6
2584 2
2585 5
2586 3
2587 1
2588 3
2589 6
2590 2
2591 2
2592 1
2593 3
2594 5
2595 2
2596 4
2597 1
2598 4
2599 6
2600 2
2601 5
2602 2
2603 2
2604 2
2605 5
2606 5
2607 7
2608 6
2609 4
2610 2
2611 8
2612 5
2613 6
2614 5
2615 5
2616 4
2617 4
2618 6
2619 4
2620 6
2621 2
2622 5
2623 3
2624 2
2625 3
2626 8
2627 3
2628 7
2629 5
2630 3
2631 1
2632 3
2633 3
2634 1
2635 2
2636 5
2637 3
2638 4
2639 7
2640 3
2641 3
2642 1
2643 3
2644 2
2645 5
2646 2
2647 2
2648 2
2649 6
2650 1
2651 3
2652 4
2653 3
2654 4
2655 3
2656 3
2657 1
2658 8
2659 4
2660 3
2661 3
2662 3
2663 3
2664 1
2665 4
2666 2
2667 3
2668 1
2669 1
2670 1
2671 2
2672 3
2673 5
2674 6
2675 3
2676 1
2677 4
2678 3
2680 4
2682 6
2683 6
2684 2
2686 1
2687 6
2688 4
2689 6
2690 4
2691 4
2693 6
2694 2
2695 3
2696 2
2697 3
2698 1
2699 2
2700 3
2701 3
2705 1
2706 4
2707 3
2708 3
2709 4
2710 1
2711 2
2712 1
2713 3
2714 1
2715 1
2717 3
2720 1
2722 2
2723 1
2724 2
2725 1
2727 3
2728 1
2729 3
2731 3
2732 1
2733 3
2734 2
2735 1
2736 5
2737 6
2738 1
2739 7
2740 4
2741 2
2743 2
2744 2
2745 1
2746 5
2747 4
2748 2
2749 4
2750 4
2752 4
2753 1
2754 3
2755 2
2756 5
2757 2
2758 3
2759 3
2760 2
2761 3
2762 1
2763 3
2764 4
2765 4
2766 4
2767 2
2768 2
2770 4
2771 1
2772 3
2773 2
2774 3
2775 2
2776 5
2777 2
2778 1
2779 7
2780 2
2781 1
2782 5
2783 2
2784 1
2785 2
2786 1
2787 3
2788 3
2789 3
2790 3
2791 3
2792 1
2793 2
2794 2
2795 3
2796 2
2797 4
2798 5
2799 4
2800 3
2801 2
2802 6
2803 5
2804 4
2805 3
2806 2
2807 9
2808 7
2809 7
2810 4
2811 3
2812 6
2813 3
2814 5
2815 10
2816 6
2817 9
2818 7
2819 6
2820 6
2821 7
2822 8
2823 7
2824 6
2825 10
2826 4
2827 3
2828 1
2829 7
2830 4
2831 9
2832 5
2833 6
2834 4
2835 8
2836 3
2837 10
2838 4
2839 10
2840 8
2841 3
2842 8
2843 2
2844 5
2845 6
2846 4
2847 2
2849 4
2850 2
2851 4
2852 6
2853 6
2854 4
2855 3
2856 5
2857 3
2858 4
2859 2
2860 5
2861 2
2862 6
2863 1
2864 5
2865 3
2866 5
2867 2
2868 2
2869 4
2870 1
2871 2
2872 3
2873 2
2874 2
2875 2
2876 2
2878 2
2879 3
2880 1
2881 3
2882 4
2883 1
2884 4
2885 1
2886 1
2887 1
2888 2
2889 1
2891 4
2892 1
2893 2
2894 1
2897 3
2898 3
2899 2
2900 3
2901 1
2902 1
2903 2
2904 1
2905 2
2908 1
2909 2
2913 1
2915 1
2917 1
2919 1
2921 1
2922 1
2927 1
2930 2
2931 1
2933 1
2942 1
2943 1
2946 1
2948 1
2949 1
2953 1
2954 1
2955 1
2956 1
2962 1
2964 1
2967 1
2968 1
2969 1
2975 2
2976 1
2982 1
2983 2
2986 2
2989 1
2990 1
2991 2
2992 1
2994 1
2996 1
2997 1
3000 1
3002 1
3004 1
3005 2
3006 1
3007 2
3008 1
3010 2
3011 1
3012 1
3013 2
3014 2
3016 5
3017 1
3018 1
3019 2
3020 3
3021 1
3022 3
3023 2
3024 2
3025 1
3026 3
3027 2
3028 1
3029 1
3030 1
3033 1
3034 1
3035 2
3036 1
3037 2
3040 1
3041 2
3043 3
3044 2
3045 2
3046 3
3047 3
3048 2
3049 1
3050 5
3053 2
3054 5
3055 1
3056 6
3057 6
3058 3
3059 3
3060 2
3061 1
3062 1
3063 2
3065 3
3066 1
3067 1
3068 1
3070 2
3071 3
3072 4
3073 2
3074 1
3076 1
3077 2
3080 2
3081 1
3084 3
3086 2
3087 3
3091 2
3092 2
3094 1
3096 1
3097 1
3100 1
3101 2
3102 1
3106 1
3107 1
3108 1
3109 1
3112 2
3117 1
3119 2
3121 1
3122 1
3127 1
3128 1
3131 3
3132 2
3133 2
3134 2
3135 2
3136 1
3137 1
3138 1
3139 1
3140 1
3142 1
3143 4
3144 2
3145 1
3147 1
3149 1
3152 1
3154 1
3162 2
3167 1
3173 1
3176 2
3185 1
3186 1
3189 1
3195 1
3198 1
3200 1
3211 1
3216 1
3217 1
3218 1
3219 1
3223 1
3227 1
3231 1
3233 1
3235 1
3238 1
3239 2
3241 1
3242 1
3245 1
3248 1
3250 2
3258 1
3261 1
3262 2
3265 1
3266 2
3271 1
3275 1
3279 1
3280 1
3284 2
3289 1
3291 2
3298 1
3299 1
3300 2
3301 1
3305 1
3323 1
3324 1
3326 1
3327 1
3328 1
3329 1
3330 1
3332 2
3333 1
3339 1
3342 1
3343 2
3344 1
3349 1
3358 1
3359 1
3362 1
3372 1
3373 1
3378 1
3382 1
3383 1
3385 1
3392 1
3393 1
3394 1
3395 1
3396 4
3409 1
3417 1
3418 1
3430 1
3431 1
3435 1
3436 1
3437 1
3441 1
3443 1
3446 1
3447 2
3450 1
3453 2
3456 2
3459 1
3460 1
3461 1
3463 1
3464 1
3466 1
3467 2
3469 2
3473 1
3475 1
3492 1
3508 1
3512 1
3515 1
3520 1
3526 2
3546 1
3567 1
3574 1
3575 1
3591 1
3614 1
3630 1
3650 1
3652 1
3662 1
3663 1
3668 1
3669 2
3670 1
3672 1
3674 1
3677 1
3679 1
3685 1
3692 1
3693 1
3745 2
3747 1
3785 1
3787 1
3791 2
3814 1
3815 1
3816 1
3817 1
3822 1
3826 2
3827 3
3828 1
3832 1
3834 1
3838 1
3840 1
3841 1
3847 2
3853 1
3857 1
3858 1
3859 1
3863 2
3867 1
3870 1
3877 1
3879 1
3883 1
3884 1
3887 1
3889 1
3892 2
3902 1
3904 1
3905 1
3908 1
3920 1
3921 1
3922 1
3928 1
3930 1
3940 1
3941 1
3951 1
3957 1
3964 1
3969 1
3976 1
4047 1
4066 1
4071 1
4074 1
4076 2
4078 1
4079 1
4096 1
4100 1
4105 1
4108 1
4110 1
4111 1
4112 2
4114 1
4116 1
4118 1
4119 1
4123 1
4127 1
4128 1
4129 2
4133 1
4137 2
4147 1
4148 1
4243 1
4286 1
4309 1
4312 1
4323 1
4329 1
4332 1
4340 1
4343 2
4348 1
4355 1
4358 2
4359 1
4365 2
4391 1
4415 1
4508 1
4649 1
4722 1
4730 1
4731 1
4741 1
4752 1
4762 1
4765 1
4771 1
4780 1
4788 1
4804 1
4812 1
4818 1
4824 1
4832 1
4871 1
4894 1
4915 1
4945 1
4955 1
4962 1
4969 1
4975 1
4981 1
4987 1
4998 1
5009 1
5020 1
5063 1
5227 1
5230 2
5234 1
5235 1
5244 2
5245 1
5246 1
5258 1
5260 1
5288 1
5307 1
5312 1
5427 1
5447 1
5473 1
5487 1
5714 1
5797 1
5807 1
5813 1
5825 1
5833 1
5834 1
5840 1
5846 1
5948 1
5994 1
6070 1
6087 1
6094 1
6112 1
6116 1
6166 1
6189 1
6198 1
6208 1
6216 1
6235 1
6242 1
6245 1
6246 1
6254 1
6267 1
6274 1
6284 1
6287 1
6290 1
6293 1
6299 1
6306 1
6343 1
6344 1
6345 1
6355 2
6365 1
6369 1
6372 1
6378 1
6440 1
6449 2
6464 1
6469 1
6473 1
6474 1
6478 1
6482 1
6492 1
6494 1
6497 3
6500 2
6502 2
6505 1
6511 1
6516 1
6518 1
6525 1
6535 1
6766 1
6771 1
6895 1
6948 1
6958 1
6959 1
6966 1
6977 1
7019 1
7170 1
7176 1
7187 1
7288 1
7581 1
7809 1
7813 1
7859 1
7971 1
8020 1
8024 1
8040 1
8155 1
8181 1
8192 1
8200 1
8223 1
8224 1
8225 1
8228 1
8230 1
8236 1
8241 1
8264 1
8409 1
8415 1
8417 1
8418 1
8438 1
8663 1
8670 1
8672 1
8836 1
8854 1
9239 1
9243 1
9256 1
9263 1
9273 1
9282 1
9495 1
9811 1
9812 1
9817 1
9818 1
9823 1
9827 1
9829 1
9833 1
9835 1
9837 1
9839 1
9878 1
10001 17
