1 17672845
2 5791528
3 3048111
4 2363730
5 2243911
6 2223457
7 2152312
8 1999259
9 1788741
10 1548480
11 1320615
12 1103721
13 914917
14 774387
15 671118
16 601046
17 563504
18 540587
19 531358
20 526631
21 520648
22 516894
23 508809
24 498072
25 482220
26 462150
27 438932
28 408775
29 369429
30 330190
31 289375
32 248860
33 210987
34 172906
35 138816
36 109388
37 84096
38 63058
39 46797
40 33334
41 23522
42 17085
43 12361
44 8878
45 6529
46 4817
47 3763
48 3064
49 2517
50 2254
51 1915
52 1836
53 1715
54 1666
55 1674
56 1665
57 1562
58 1476
59 1361
60 1239
61 1238
62 1200
63 1142
64 1077
65 1103
66 1043
67 923
68 850
69 883
70 806
71 762
72 673
73 653
74 587
75 550
76 547
77 541
78 515
79 525
80 491
81 525
82 511
83 497
84 485
85 485
86 573
87 505
88 500
89 527
90 545
91 552
92 531
93 517
94 455
95 430
96 339
97 313
98 280
99 261
100 271
101 282
102 231
103 270
104 267
105 293
106 279
107 253
108 240
109 269
110 320
111 383
112 440
113 525
114 683
115 798
116 851
117 1171
118 1376
119 1709
120 2168
121 2685
122 3545
123 4289
124 5328
125 6233
126 7731
127 9075
128 10962
129 13033
130 15264
131 18023
132 21093
133 24535
134 28090
135 32111
136 36415
137 41363
138 46257
139 51957
140 57831
141 64341
142 70124
143 76847
144 83126
145 89549
146 95792
147 102300
148 109514
149 114963
150 121746
151 127887
152 134234
153 139459
154 143542
155 147725
156 151060
157 154351
158 156853
159 158405
160 160034
161 159378
162 158350
163 157232
164 155099
165 152658
166 148095
167 145031
168 140252
169 134817
170 128886
171 123910
172 117274
173 111213
174 104114
175 98747
176 91901
177 85498
178 78577
179 71859
180 65803
181 60040
182 53803
183 49007
184 44089
185 39353
186 35234
187 31132
188 27839
189 24214
190 20912
191 18324
192 15375
193 13275
194 11364
195 9574
196 7979
197 6796
198 5693
199 4682
200 3977
201 3296
202 2673
203 2202
204 1793
205 1422
206 1174
207 961
208 803
209 664
210 579
211 441
212 374
213 322
214 257
215 234
216 214
217 185
218 173
219 181
220 145
221 101
222 94
223 105
224 80
225 93
226 62
227 81
228 75
229 44
230 63
231 52
232 46
233 60
234 56
235 69
236 54
237 71
238 48
239 47
240 38
241 39
242 30
243 38
244 40
245 39
246 28
247 21
248 25
249 15
250 27
251 24
252 28
253 26
254 34
255 36
256 30
257 34
258 44
259 43
260 35
261 28
262 28
263 41
264 44
265 44
266 49
267 56
268 59
269 59
270 48
271 64
272 67
273 66
274 75
275 91
276 119
277 137
278 130
279 141
280 169
281 175
282 154
283 141
284 196
285 189
286 206
287 239
288 238
289 243
290 293
291 303
292 303
293 345
294 340
295 345
296 353
297 362
298 417
299 404
300 422
301 482
302 458
303 474
304 488
305 510
306 497
307 523
308 528
309 517
310 517
311 531
312 498
313 529
314 534
315 510
316 476
317 556
318 515
319 543
320 549
321 555
322 543
323 487
324 548
325 526
326 545
327 527
328 551
329 485
330 508
331 461
332 512
333 484
334 496
335 489
336 492
337 454
338 404
339 392
340 378
341 394
342 352
343 334
344 361
345 355
346 323
347 297
348 300
349 281
350 269
351 259
352 210
353 236
354 244
355 204
356 231
357 171
358 168
359 144
360 135
361 110
362 118
363 121
364 86
365 105
366 100
367 72
368 90
369 84
370 68
371 66
372 72
373 69
374 66
375 71
376 53
377 62
378 38
379 51
380 46
381 33
382 51
383 32
384 31
385 34
386 30
387 33
388 37
389 23
390 24
391 9
392 23
393 37
394 23
395 21
396 22
397 27
398 27
399 31
400 27
401 29
402 31
403 23
404 22
405 26
406 26
407 27
408 24
409 37
410 34
411 31
412 26
413 23
414 37
415 45
416 34
417 43
418 47
419 60
420 57
421 45
422 58
423 68
424 71
425 91
426 87
427 86
428 99
429 117
430 98
431 109
432 120
433 95
434 127
435 102
436 111
437 125
438 131
439 136
440 133
441 172
442 157
443 168
444 204
445 192
446 195
447 192
448 198
449 180
450 212
451 200
452 200
453 198
454 197
455 210
456 187
457 186
458 181
459 207
460 208
461 183
462 185
463 161
464 169
465 151
466 136
467 162
468 162
469 126
470 145
471 132
472 143
473 135
474 150
475 164
476 175
477 178
478 166
479 158
480 142
481 180
482 169
483 135
484 153
485 126
486 99
487 131
488 88
489 124
490 105
491 102
492 97
493 97
494 68
495 75
496 72
497 78
498 72
499 67
500 73
501 53
502 69
503 62
504 69
505 57
506 57
507 61
508 55
509 51
510 42
511 46
512 36
513 29
514 36
515 28
516 29
517 38
518 30
519 42
520 32
521 28
522 34
523 47
524 25
525 32
526 29
527 20
528 23
529 28
530 21
531 29
532 23
533 16
534 21
535 26
536 22
537 26
538 30
539 22
540 21
541 20
542 18
543 21
544 15
545 13
546 15
547 15
548 8
549 16
550 7
551 8
552 8
553 9
554 14
555 11
556 11
557 8
558 7
559 17
560 11
561 9
562 3
563 10
564 11
565 8
566 9
567 12
568 7
569 5
570 10
571 15
572 9
573 14
574 12
575 20
576 22
577 19
578 23
579 22
580 30
581 26
582 30
583 30
584 40
585 38
586 55
587 29
588 39
589 37
590 39
591 40
592 41
593 42
594 36
595 50
596 39
597 46
598 41
599 51
600 51
601 66
602 57
603 44
604 50
605 56
606 55
607 45
608 60
609 62
610 55
611 59
612 52
613 58
614 57
615 69
616 48
617 59
618 64
619 53
620 53
621 65
622 47
623 69
624 57
625 60
626 75
627 82
628 78
629 70
630 67
631 61
632 79
633 62
634 65
635 79
636 72
637 77
638 49
639 81
640 75
641 78
642 72
643 75
644 76
645 67
646 80
647 84
648 80
649 77
650 78
651 68
652 70
653 68
654 67
655 60
656 54
657 62
658 65
659 59
660 49
661 65
662 49
663 49
664 57
665 60
666 52
667 60
668 46
669 57
670 49
671 43
672 42
673 48
674 34
675 44
676 47
677 38
678 41
679 37
680 22
681 25
682 25
683 27
684 38
685 25
686 20
687 26
688 40
689 26
690 20
691 21
692 13
693 26
694 23
695 20
696 12
697 27
698 13
699 20
700 19
701 15
702 20
703 16
704 10
705 11
706 11
707 8
708 15
709 13
710 17
711 10
712 16
713 11
714 8
715 17
716 13
717 13
718 12
719 21
720 14
721 14
722 15
723 17
724 14
725 19
726 17
727 14
728 17
729 14
730 21
731 15
732 14
733 25
734 23
735 14
736 13
737 24
738 20
739 17
740 24
741 26
742 28
743 36
744 25
745 30
746 35
747 26
748 30
749 29
750 20
751 22
752 20
753 31
754 20
755 33
756 33
757 37
758 36
759 35
760 46
761 35
762 39
763 29
764 35
765 35
766 45
767 35
768 19
769 47
770 29
771 31
772 41
773 40
774 45
775 44
776 35
777 43
778 32
779 36
780 38
781 36
782 22
783 38
784 35
785 26
786 31
787 28
788 36
789 31
790 25
791 25
792 31
793 26
794 24
795 23
796 29
797 45
798 28
799 32
800 40
801 31
802 27
803 32
804 26
805 37
806 25
807 33
808 17
809 40
810 25
811 30
812 25
813 25
814 22
815 16
816 16
817 27
818 14
819 17
820 21
821 21
822 17
823 18
824 14
825 19
826 21
827 19
828 16
829 18
830 16
831 16
832 11
833 11
834 11
835 20
836 16
837 16
838 18
839 20
840 23
841 22
842 21
843 21
844 22
845 21
846 26
847 13
848 13
849 23
850 16
851 20
852 10
853 14
854 14
855 20
856 20
857 5
858 26
859 19
860 22
861 21
862 16
863 14
864 17
865 19
866 17
867 12
868 12
869 13
870 12
871 16
872 26
873 14
874 17
875 13
876 19
877 20
878 19
879 15
880 22
881 26
882 17
883 24
884 25
885 16
886 17
887 29
888 25
889 41
890 25
891 21
892 26
893 21
894 27
895 26
896 14
897 29
898 28
899 30
900 33
901 10
902 24
903 13
904 18
905 19
906 22
907 29
908 30
909 31
910 14
911 17
912 19
913 20
914 27
915 29
916 27
917 33
918 20
919 24
920 34
921 19
922 17
923 30
924 27
925 25
926 23
927 26
928 29
929 40
930 24
931 37
932 26
933 32
934 33
935 24
936 28
937 35
938 35
939 40
940 30
941 32
942 25
943 29
944 25
945 29
946 24
947 24
948 34
949 21
950 29
951 21
952 16
953 19
954 13
955 21
956 15
957 18
958 12
959 10
960 16
961 11
962 8
963 7
964 6
965 5
966 10
967 4
968 7
969 8
970 11
971 7
972 7
973 11
974 11
975 3
976 8
977 8
978 7
979 7
980 9
981 11
982 3
983 6
984 7
985 4
986 6
987 7
988 6
989 2
990 6
991 4
992 1
993 3
994 1
995 2
996 1
998 1
999 1
1000 2
1001 3
1002 1
1003 2
1004 2
1005 1
1006 1
1007 1
1008 1
1009 3
1010 1
1012 1
1013 4
1014 2
1015 2
1017 4
1018 1
1019 3
1020 3
1021 4
1022 5
1023 3
1024 2
1025 2
1026 4
1027 2
1028 4
1029 2
1030 3
1031 5
1033 2
1034 5
1035 7
1036 4
1037 2
1038 1
1039 4
1040 5
1041 3
1042 3
1043 2
1044 1
1045 3
1046 1
1048 1
1049 2
1050 5
1051 4
1053 4
1055 2
1057 1
1058 2
1059 1
1060 6
1061 6
1062 4
1063 5
1064 4
1065 5
1066 8
1067 4
1069 5
1070 7
1071 8
1072 6
1073 8
1074 7
1075 4
1076 2
1077 5
1078 8
1079 4
1080 2
1081 7
1082 7
1083 6
1084 7
1085 6
1086 3
1087 2
1088 6
1089 4
1090 6
1091 3
1092 7
1093 7
1094 2
1095 6
1096 2
1097 3
1098 2
1099 5
1100 5
1101 8
1102 5
1103 3
1104 2
1105 3
1106 1
1107 6
1109 2
1110 1
1112 1
1113 2
1114 1
1121 1
1122 3
1125 1
1126 2
1127 1
1128 4
1129 3
1130 2
1131 2
1132 1
1133 2
1134 1
1135 1
1136 2
1138 1
1141 2
1142 2
1143 1
1145 2
1147 3
1149 1
1150 2
1152 1
1154 3
1155 1
1157 2
1159 1
1164 1
1169 1
1170 2
1171 1
1172 1
1174 1
1177 1
1178 2
1179 3
1181 1
1182 2
1183 3
1184 4
1185 1
1186 2
1188 2
1190 1
1191 1
1193 4
1194 1
1195 3
1196 2
1197 1
1198 1
1199 2
1200 2
1201 1
1202 2
1203 1
1204 1
1206 1
1207 2
1208 3
1209 3
1210 1
1211 1
1212 4
1213 3
1214 1
1215 3
1216 1
1217 2
1218 1
1219 2
1220 5
1221 3
1222 3
1223 4
1224 1
1225 4
1226 3
1227 3
1228 4
1229 2
1230 4
1231 2
1232 2
1233 1
1234 2
1235 2
1236 6
1237 3
1239 3
1240 3
1241 2
1242 3
1245 3
1246 2
1247 4
1248 2
1249 1
1250 2
1251 3
1252 2
1253 2
1254 3
1255 2
1256 4
1257 2
1259 6
1260 2
1261 4
1262 4
1263 5
1264 3
1265 5
1266 2
1267 6
1268 1
1270 8
1271 3
1272 1
1273 6
1274 2
1275 3
1276 6
1277 6
1279 4
1280 3
1282 1
1283 2
1284 2
1285 1
1286 2
1287 1
1288 2
1289 1
1292 1
1293 1
1295 1
1296 2
1300 1
1305 1
1308 1
1310 2
1311 1
1313 1
1314 2
1315 2
1316 2
1318 4
1319 3
1320 3
1321 2
1323 2
1325 1
1326 3
1327 1
1329 2
1330 1
1332 4
1333 4
1335 4
1336 1
1337 2
1338 4
1339 2
1341 1
1346 1
1348 1
1350 1
1352 1
1355 1
1356 2
1357 1
1359 3
1360 4
1361 1
1362 1
1363 1
1364 1
1365 5
1366 1
1367 1
1368 2
1369 1
1370 3
1371 6
1372 3
1373 2
1374 3
1375 3
1376 2
1377 4
1378 6
1379 3
1380 1
1381 1
1382 1
1383 1
1388 1
1389 2
1391 1
1392 1
1393 1
1394 2
1395 1
1396 1
1397 2
1398 3
1399 2
1400 1
1402 3
1405 2
1406 2
1408 2
1409 3
1410 1
1414 1
1415 2
1416 2
1417 1
1419 1
1420 1
1421 2
1423 1
1425 1
1426 1
1427 1
1429 1
1430 2
1431 2
1432 3
1433 2
1434 2
1435 2
1441 1
1442 1
1444 2
1445 3
1446 1
1447 2
1449 1
1450 1
1451 3
1452 1
1455 4
1456 2
1457 1
1458 1
1459 1
1460 1
1461 1
1462 2
1463 1
1464 2
1465 2
1466 3
1467 2
1468 2
1472 2
1473 2
1474 2
1475 1
1476 2
1477 4
1478 4
1480 9
1481 1
1482 2
1484 1
1485 5
1486 1
1487 1
1488 3
1489 1
1490 3
1491 3
1492 4
1493 5
1494 1
1495 2
1496 2
1497 1
1498 2
1499 4
1500 1
1501 2
1502 5
1503 1
1504 1
1505 2
1508 1
1510 1
1511 1
1512 1
1514 1
1515 2
1517 1
1518 1
1519 2
1520 2
1521 2
1522 4
1523 3
1524 2
1525 4
1526 3
1527 3
1528 2
1529 6
1530 2
1531 1
1532 2
1533 2
1534 3
1535 1
1536 2
1537 2
1538 3
1539 3
1540 5
1541 4
1542 3
1543 3
1544 3
1545 4
1546 3
1547 8
1549 6
1550 8
1551 3
1552 5
1553 3
1554 4
1555 2
1556 2
1557 7
1558 2
1559 2
1560 1
1561 2
1562 2
1565 4
1566 1
1567 2
1569 2
1570 1
1573 1
1574 2
1575 2
1578 1
1579 1
1584 1
1586 1
1587 1
1589 5
1590 3
1591 4
1593 2
1594 2
1595 1
1597 2
1598 2
1599 2
1601 2
1602 1
1604 1
1606 1
1607 1
1608 2
1611 1
1612 1
1614 2
1615 3
1616 1
1618 1
1619 2
1620 4
1621 2
1622 1
1623 6
1624 2
1625 5
1626 3
1627 4
1628 6
1629 3
1630 4
1631 9
1632 5
1633 3
1634 4
1635 4
1636 3
1637 2
1638 6
1639 7
1640 6
1641 6
1642 5
1643 3
1644 6
1645 2
1646 4
1647 8
1648 4
1649 3
1650 5
1651 11
1652 5
1653 3
1654 1
1655 5
1656 4
1657 2
1658 3
1659 3
1660 4
1661 1
1662 2
1663 2
1664 5
1665 4
1666 3
1667 4
1669 3
1670 4
1671 3
1672 2
1673 2
1674 2
1675 2
1676 2
1677 3
1678 1
1679 2
1680 3
1681 1
1682 5
1683 5
1684 3
1685 2
1686 4
1687 6
1688 3
1689 2
1690 8
1691 6
1692 5
1693 5
1694 5
1695 4
1696 8
1697 9
1698 3
1699 6
1700 7
1701 4
1702 5
1703 3
1704 5
1705 8
1706 2
1707 3
1708 2
1709 3
1710 3
1711 4
1712 6
1713 5
1714 3
1715 5
1716 2
1717 3
1718 3
1719 5
1720 4
1721 7
1722 5
1723 5
1724 3
1725 3
1726 10
1727 4
1728 4
1729 3
1730 4
1731 3
1732 4
1733 7
1734 2
1735 4
1736 3
1737 3
1738 2
1739 2
1740 3
1741 3
1743 1
1744 1
1747 3
1748 1
1751 1
1754 2
1756 1
1757 2
1760 1
1762 1
1764 2
1765 1
1767 2
1771 2
1772 1
1774 4
1775 3
1779 5
1780 1
1781 2
1782 1
1783 5
1784 1
1785 1
1786 1
1787 2
1788 3
1790 2
1791 2
1792 2
1794 1
1795 1
1796 1
1797 4
1799 1
1800 1
1803 2
1812 1
1815 2
1818 3
1819 2
1820 1
1821 1
1822 2
1823 1
1827 2
1831 1
1832 3
1833 1
1834 1
1835 2
1836 5
1838 1
1839 2
1840 3
1841 3
1842 4
1843 3
1845 3
1846 3
1847 7
1848 4
1849 3
1850 1
1851 1
1852 3
1853 6
1854 1
1855 3
1856 1
1857 5
1858 1
1859 4
1860 1
1861 1
1862 1
1863 5
1864 8
1865 2
1866 1
1867 1
1868 4
1869 3
1870 5
1872 2
1873 2
1874 1
1875 4
1876 2
1877 5
1878 3
1879 4
1880 3
1881 1
1882 2
1883 4
1884 1
1885 4
1886 2
1887 2
1888 3
1889 1
1890 1
1891 2
1892 5
1893 1
1894 1
1895 3
1897 1
1898 1
1899 2
1900 5
1901 2
1902 1
1903 4
1904 4
1905 2
1906 2
1908 1
1909 1
1910 1
1911 2
1913 2
1914 2
1916 2
1917 1
1918 1
1919 2
1921 1
1922 1
1923 1
1924 1
1928 1
1929 3
1930 2
1932 3
1933 2
1937 4
1938 3
1939 2
1941 1
1942 2
1943 2
1944 1
1945 2
1946 3
1948 1
1950 2
1953 2
1954 2
1955 2
1956 3
1957 3
1958 1
1959 1
1960 3
1961 2
1962 1
1963 2
1964 3
1965 6
1966 6
1967 3
1968 1
1969 4
1970 2
1971 4
1973 2
1974 3
1975 4
1977 2
1978 3
1979 4
1980 3
1981 3
1982 3
1984 1
1985 2
1986 3
1987 2
1988 5
1989 3
1990 2
1991 2
1992 4
1993 6
1994 5
1995 6
1996 5
1997 5
1998 3
1999 5
2001 4
2002 5
2003 3
2005 3
2006 3
2007 2
2010 5
2011 2
2012 4
2013 4
2014 3
2016 5
2017 2
2018 2
2019 5
2020 4
2021 3
2022 5
2023 3
2024 7
2025 1
2026 3
2027 2
2028 4
2029 4
2030 5
2031 3
2032 1
2033 2
2034 4
2035 4
2037 3
2039 5
2040 1
2041 3
2042 2
2043 2
2044 3
2045 5
2046 1
2047 2
2048 1
2049 2
2050 3
2051 3
2052 2
2053 4
2054 4
2056 2
2057 3
2058 2
2059 2
2060 2
2061 1
2062 4
2063 5
2064 3
2065 1
2066 1
2067 2
2068 5
2069 1
2070 4
2071 3
2072 2
2073 1
2074 4
2075 3
2076 2
2077 2
2078 2
2079 2
2080 2
2081 3
2084 4
2085 2
2086 3
2087 3
2089 3
2090 3
2092 1
2094 1
2095 1
2097 3
2098 1
2100 2
2102 1
2103 1
2104 1
2107 2
2108 1
2110 2
2111 1
2114 2
2115 1
2116 3
2117 1
2118 1
2119 1
2121 3
2123 1
2124 2
2125 2
2126 1
2127 1
2128 2
2129 1
2130 3
2132 1
2134 2
2135 1
2136 2
2138 1
2139 1
2141 1
2143 1
2144 1
2145 1
2150 2
2151 1
2152 1
2154 4
2156 1
2157 3
2158 1
2159 3
2161 2
2162 2
2163 2
2165 3
2166 1
2167 1
2168 3
2169 1
2170 3
2171 6
2172 2
2173 4
2175 3
2176 3
2177 3
2178 1
2179 1
2180 4
2182 1
2184 2
2185 1
2186 3
2187 1
2188 1
2189 2
2190 3
2191 2
2192 3
2193 1
2194 1
2196 1
2197 2
2198 1
2199 2
2200 1
2201 1
2202 1
2203 1
2204 2
2205 2
2206 2
2208 1
2210 1
2217 2
2219 1
2223 1
2225 2
2227 1
2228 1
2229 3
2230 1
2231 1
2237 3
2238 2
2239 1
2240 2
2241 1
2242 1
2243 2
2244 3
2246 3
2247 2
2248 1
2250 4
2251 2
2252 1
2254 3
2255 1
2256 4
2260 3
2261 2
2262 2
2263 2
2264 5
2265 3
2266 1
2268 3
2269 3
2270 1
2271 1
2272 2
2273 2
2274 1
2275 5
2277 1
2278 3
2279 1
2281 2
2283 5
2284 2
2285 2
2286 2
2287 6
2288 3
2289 4
2290 2
2291 4
2292 6
2293 4
2294 5
2295 6
2296 7
2298 5
2299 4
2300 5
2301 2
2302 2
2303 3
2304 6
2305 8
2306 6
2307 7
2308 5
2309 7
2310 7
2311 1
2312 6
2313 11
2314 12
2315 7
2316 4
2317 3
2318 6
2319 6
2320 3
2321 1
2322 3
2323 5
2324 5
2325 5
2326 2
2327 3
2328 4
2329 2
2330 6
2331 2
2332 3
2333 3
2334 2
2335 1
2336 2
2337 2
2340 1
2341 1
2342 1
2346 1
2347 1
2348 1
2349 4
2350 1
2352 1
2353 1
2356 3
2357 1
2359 3
2360 1
2361 1
2363 1
2364 2
2365 4
2366 2
2367 1
2369 1
2370 1
2376 1
2378 2
2379 2
2380 1
2381 1
2382 1
2384 3
2387 2
2389 1
2390 1
2392 2
2393 3
2394 1
2395 1
2402 1
2418 1
2421 1
2422 1
2424 1
2426 1
2428 1
2433 1
2435 2
2437 1
2438 1
2443 2
2444 1
2445 2
2446 1
2447 1
2450 1
2451 2
2455 1
2458 2
2462 1
2463 1
2469 1
2470 2
2471 3
2472 1
2473 1
2474 1
2475 1
2476 2
2477 2
2478 1
2479 2
2481 2
2483 3
2485 2
2486 1
2488 1
2489 2
2490 1
2491 2
2492 1
2493 2
2494 1
2496 1
2497 4
2498 2
2499 3
2502 2
2505 1
2507 1
2508 1
2509 1
2510 1
2511 2
2512 3
2513 1
2514 1
2519 2
2521 1
2523 2
2524 1
2525 2
2530 2
2533 3
2534 2
2535 2
2537 3
2538 1
2539 1
2540 4
2542 3
2545 1
2546 1
2547 5
2548 1
2549 2
2550 1
2551 5
2552 2
2554 2
2556 2
2557 1
2558 2
2559 1
2560 3
2562 1
2566 1
2568 1
2573 1
2574 1
2579 1
2582 1
2584 2
2585 1
2587 1
2591 2
2595 2
2596 2
2597 1
2598 2
2601 3
2602 1
2603 2
2604 2
2605 4
2606 1
2607 5
2608 1
2609 2
2610 3
2611 1
2612 1
2613 5
2614 2
2615 1
2616 3
2617 4
2618 4
2619 1
2620 1
2621 2
2622 4
2623 5
2624 3
2625 5
2626 8
2627 3
2628 3
2629 2
2630 6
2631 2
2632 3
2633 5
2634 5
2635 2
2636 2
2637 2
2638 3
2639 2
2640 2
2641 2
2642 3
2643 6
2644 1
2645 1
2646 2
2647 4
2648 1
2649 3
2650 1
2651 3
2652 3
2653 1
2655 2
2656 2
2659 4
2660 1
2661 1
2662 2
2664 2
2665 1
2667 3
2669 2
2670 2
2671 2
2672 2
2674 1
2675 1
2676 1
2677 2
2678 4
2679 2
2680 3
2682 1
2683 3
2684 1
2685 2
2686 2
2687 3
2688 3
2689 2
2690 3
2691 3
2692 2
2693 3
2694 3
2695 2
2696 1
2697 1
2698 1
2699 2
2700 5
2702 2
2703 1
2705 1
2706 1
2707 2
2708 2
2710 2
2711 1
2714 2
2719 1
2726 1
2736 1
2744 1
2749 1
2750 1
2754 2
2762 1
2763 2
2764 2
2765 4
2766 1
2767 2
2769 1
2770 2
2772 1
2773 1
2774 2
2775 3
2776 2
2777 2
2779 1
2780 1
2781 2
2782 1
2785 3
2786 1
2789 2
2790 2
2791 1
2793 1
2794 2
2797 1
2798 1
2859 1
2861 1
2865 1
2867 1
2869 1
2870 1
3143 1
3147 1
3151 1
3287 1
3290 1
3318 1
3426 1
3545 1
3561 1
3562 1
3564 2
3566 1
3570 2
3578 1
3579 2
3595 1
3688 1
3729 1
3737 1
3748 1
3799 1
3811 1
3815 1
3910 3
3912 1
3921 1
3926 1
3984 1
4052 1
4061 1
4062 1
4063 1
4065 1
4080 1
4087 1
4094 1
4096 1
4225 1
4305 1
4343 1
4407 1
4427 1
4434 1
4476 1
4627 1
4633 1
5124 1
5175 1
5181 1
5190 1
5284 1
5288 1
5301 1
5307 1
5323 1
5328 1
5333 1
5451 1
5455 1
5666 1
5702 1
5811 1
5814 1
5815 1
5817 1
5818 1
5819 1
5899 1
5968 1
5987 1
6139 1
6143 1
6273 1
6374 1
6381 1
6387 1
6396 1
6400 1
6413 1
6419 1
6540 1
6864 1
7349 1
