1 20368320
2 7474967
3 3481474
4 2107194
5 1579525
6 1360007
7 1344754
8 1403243
9 1467975
10 1490938
11 1477071
12 1423588
13 1339424
14 1242544
15 1132202
16 1022330
17 905240
18 792666
19 686591
20 592216
21 512814
22 447325
23 398013
24 363897
25 342950
26 330025
27 324550
28 321529
29 323351
30 324261
31 327710
32 332055
33 336195
34 336193
35 335168
36 333864
37 333121
38 330635
39 328841
40 326716
41 320154
42 312552
43 303481
44 292203
45 278615
46 262293
47 243066
48 221010
49 201080
50 178808
51 156309
52 135210
53 114771
54 96570
55 79392
56 64421
57 50967
58 40217
59 31201
60 24007
61 18177
62 13758
63 10331
64 7626
65 5914
66 4378
67 3484
68 3010
69 2642
70 2159
71 1945
72 1834
73 1572
74 1402
75 1375
76 1345
77 1373
78 1321
79 1192
80 1184
81 1133
82 1056
83 1007
84 1023
85 999
86 1042
87 1021
88 951
89 903
90 958
91 962
92 913
93 902
94 897
95 858
96 818
97 824
98 830
99 880
100 845
101 770
102 795
103 776
104 730
105 646
106 609
107 612
108 530
109 441
110 442
111 387
112 355
113 349
114 307
115 341
116 321
117 291
118 301
119 294
120 294
121 321
122 314
123 313
124 312
125 273
126 320
127 379
128 381
129 352
130 368
131 408
132 371
133 395
134 418
135 440
136 403
137 456
138 379
139 380
140 370
141 363
142 360
143 358
144 330
145 316
146 324
147 297
148 300
149 310
150 315
151 282
152 264
153 245
154 235
155 184
156 198
157 147
158 190
159 163
160 170
161 176
162 200
163 177
164 178
165 161
166 121
167 141
168 148
169 142
170 142
171 116
172 128
173 109
174 99
175 83
176 78
177 72
178 79
179 71
180 82
181 78
182 78
183 94
184 102
185 111
186 106
187 130
188 146
189 135
190 183
191 202
192 212
193 277
194 396
195 470
196 574
197 640
198 866
199 986
200 1270
201 1592
202 1815
203 2222
204 2673
205 3157
206 3784
207 4329
208 5150
209 5837
210 6850
211 7977
212 8924
213 10074
214 11608
215 13287
216 14753
217 16688
218 18983
219 20756
220 23136
221 25187
222 27699
223 30901
224 33123
225 36228
226 39050
227 42702
228 45925
229 48861
230 52470
231 55780
232 58777
233 62674
234 66388
235 69616
236 72649
237 76766
238 79291
239 83218
240 86385
241 89770
242 92635
243 96037
244 98689
245 101294
246 103520
247 106199
248 108408
249 110120
250 111870
251 113627
252 114322
253 115748
254 116412
255 117113
256 116966
257 116667
258 117060
259 116182
260 115101
261 114273
262 111853
263 110655
264 108287
265 105773
266 103753
267 100938
268 97621
269 94721
270 91192
271 88303
272 84356
273 80143
274 77407
275 73751
276 69796
277 65808
278 62504
279 58958
280 54403
281 50669
282 47750
283 44079
284 41324
285 37941
286 35281
287 31912
288 29178
289 26690
290 24517
291 21987
292 19735
293 17691
294 16095
295 14177
296 12757
297 11379
298 10004
299 8525
300 7770
301 6800
302 6016
303 5188
304 4543
305 3868
306 3326
307 2795
308 2472
309 2106
310 1884
311 1588
312 1331
313 1237
314 1013
315 827
316 670
317 599
318 469
319 430
320 366
321 319
322 268
323 215
324 200
325 177
326 165
327 141
328 109
329 110
330 82
331 86
332 73
333 75
334 86
335 89
336 83
337 78
338 88
339 77
340 65
341 75
342 59
343 74
344 44
345 63
346 49
347 71
348 63
349 39
350 44
351 49
352 39
353 37
354 52
355 47
356 37
357 42
358 41
359 44
360 43
361 43
362 40
363 50
364 40
365 28
366 40
367 39
368 40
369 34
370 26
371 29
372 23
373 27
374 33
375 38
376 27
377 27
378 17
379 14
380 20
381 9
382 11
383 12
384 22
385 11
386 13
387 14
388 14
389 8
390 9
391 14
392 12
393 15
394 7
395 16
396 7
397 15
398 7
399 12
400 16
401 9
402 16
403 12
404 21
405 12
406 16
407 20
408 7
409 9
410 19
411 5
412 10
413 9
414 11
415 10
416 9
417 18
418 11
419 11
420 17
421 14
422 12
423 23
424 24
425 12
426 25
427 21
428 21
429 28
430 16
431 19
432 25
433 29
434 22
435 37
436 37
437 21
438 38
439 37
440 32
441 31
442 30
443 26
444 59
445 45
446 47
447 57
448 60
449 83
450 87
451 103
452 113
453 106
454 129
455 107
456 118
457 129
458 141
459 138
460 148
461 179
462 174
463 185
464 206
465 206
466 224
467 216
468 244
469 234
470 251
471 285
472 260
473 301
474 276
475 284
476 340
477 308
478 318
479 315
480 328
481 300
482 331
483 313
484 318
485 330
486 341
487 341
488 328
489 346
490 344
491 363
492 325
493 343
494 355
495 399
496 370
497 355
498 348
499 363
500 364
501 407
502 361
503 420
504 368
505 416
506 352
507 367
508 378
509 389
510 383
511 385
512 373
513 353
514 400
515 373
516 419
517 364
518 406
519 342
520 391
521 356
522 347
523 393
524 349
525 325
526 349
527 331
528 344
529 324
530 329
531 335
532 315
533 324
534 314
535 285
536 310
537 292
538 262
539 294
540 288
541 267
542 264
543 287
544 261
545 259
546 229
547 208
548 224
549 194
550 198
551 167
552 166
553 164
554 171
555 153
556 149
557 140
558 123
559 146
560 117
561 105
562 120
563 121
564 87
565 96
566 101
567 75
568 69
569 80
570 66
571 68
572 71
573 63
574 68
575 51
576 49
577 42
578 46
579 42
580 51
581 41
582 51
583 36
584 38
585 33
586 26
587 23
588 28
589 28
590 25
591 21
592 27
593 21
594 23
595 20
596 18
597 15
598 15
599 21
600 16
601 19
602 13
603 14
604 17
605 16
606 14
607 13
608 10
609 11
610 14
611 14
612 8
613 8
614 6
615 12
616 17
617 6
618 8
619 11
620 16
621 13
622 14
623 16
624 26
625 6
626 8
627 16
628 11
629 13
630 21
631 10
632 10
633 16
634 9
635 16
636 7
637 12
638 17
639 7
640 11
641 12
642 11
643 11
644 13
645 11
646 18
647 12
648 10
649 16
650 12
651 14
652 11
653 13
654 8
655 19
656 10
657 18
658 22
659 17
660 16
661 25
662 23
663 26
664 20
665 25
666 28
667 40
668 31
669 21
670 28
671 39
672 34
673 28
674 45
675 43
676 48
677 54
678 39
679 48
680 58
681 47
682 56
683 57
684 66
685 77
686 68
687 69
688 85
689 90
690 90
691 91
692 93
693 102
694 98
695 77
696 91
697 114
698 101
699 98
700 106
701 114
702 128
703 127
704 125
705 131
706 138
707 121
708 124
709 131
710 141
711 135
712 145
713 141
714 150
715 160
716 155
717 177
718 182
719 161
720 188
721 141
722 138
723 160
724 153
725 170
726 143
727 161
728 123
729 131
730 146
731 126
732 141
733 124
734 144
735 143
736 163
737 152
738 165
739 155
740 140
741 134
742 124
743 134
744 150
745 141
746 126
747 119
748 139
749 131
750 97
751 113
752 107
753 96
754 94
755 92
756 89
757 71
758 65
759 80
760 74
761 77
762 65
763 66
764 60
765 74
766 65
767 64
768 63
769 55
770 58
771 57
772 41
773 44
774 37
775 45
776 48
777 53
778 51
779 46
780 40
781 35
782 28
783 34
784 33
785 33
786 28
787 28
788 31
789 34
790 37
791 23
792 35
793 38
794 32
795 23
796 25
797 25
798 25
799 26
800 23
801 26
802 23
803 18
804 27
805 31
806 26
807 25
808 25
809 22
810 22
811 14
812 22
813 16
814 20
815 20
816 26
817 26
818 28
819 14
820 19
821 30
822 16
823 25
824 20
825 21
826 20
827 23
828 19
829 17
830 20
831 18
832 12
833 17
834 13
835 15
836 10
837 10
838 20
839 16
840 19
841 19
842 15
843 19
844 18
845 17
846 12
847 16
848 14
849 17
850 12
851 10
852 9
853 5
854 7
855 10
856 11
857 8
858 6
859 9
860 13
861 9
862 5
863 7
864 6
865 6
866 10
867 12
868 8
869 11
870 8
871 6
872 3
873 6
874 3
875 5
876 2
877 7
878 4
879 6
880 4
881 1
882 3
883 4
884 5
885 3
886 3
887 5
888 5
889 4
890 5
891 7
892 7
893 6
894 4
895 9
896 5
897 5
898 7
899 9
900 3
901 8
902 5
903 8
904 14
905 8
906 7
907 11
908 7
909 16
910 7
911 11
912 10
913 11
914 10
915 6
916 14
917 14
918 11
919 16
920 14
921 13
922 21
923 21
924 18
925 17
926 18
927 10
928 18
929 13
930 14
931 19
932 20
933 27
934 27
935 14
936 19
937 23
938 28
939 35
940 31
941 20
942 38
943 36
944 35
945 29
946 32
947 48
948 43
949 34
950 29
951 33
952 45
953 25
954 37
955 44
956 37
957 34
958 37
959 45
960 39
961 35
962 39
963 30
964 43
965 42
966 27
967 32
968 46
969 34
970 40
971 35
972 43
973 43
974 34
975 38
976 35
977 36
978 51
979 48
980 42
981 36
982 52
983 46
984 35
985 42
986 40
987 48
988 45
989 49
990 43
991 43
992 42
993 36
994 32
995 41
996 38
997 36
998 32
999 30
1000 47
1001 24
1002 32
1003 46
1004 37
1005 34
1006 40
1007 25
1008 43
1009 34
1010 37
1011 32
1012 38
1013 30
1014 21
1015 27
1016 35
1017 27
1018 48
1019 18
1020 28
1021 20
1022 22
1023 36
1024 35
1025 32
1026 32
1027 33
1028 34
1029 40
1030 31
1031 37
1032 29
1033 39
1034 36
1035 28
1036 33
1037 32
1038 26
1039 37
1040 34
1041 38
1042 21
1043 31
1044 34
1045 28
1046 30
1047 38
1048 31
1049 46
1050 29
1051 35
1052 38
1053 34
1054 32
1055 28
1056 25
1057 24
1058 34
1059 23
1060 27
1061 22
1062 22
1063 40
1064 31
1065 39
1066 30
1067 21
1068 34
1069 31
1070 36
1071 22
1072 33
1073 38
1074 26
1075 33
1076 28
1077 36
1078 36
1079 31
1080 24
1081 25
1082 24
1083 32
1084 28
1085 29
1086 31
1087 20
1088 18
1089 27
1090 21
1091 24
1092 28
1093 17
1094 18
1095 23
1096 22
1097 16
1098 16
1099 15
1100 17
1101 20
1102 19
1103 17
1104 11
1105 15
1106 18
1107 17
1108 8
1109 10
1110 17
1111 16
1112 8
1113 12
1114 15
1115 13
1116 13
1117 12
1118 16
1119 6
1120 13
1121 16
1122 7
1123 13
1124 13
1125 7
1126 4
1127 8
1128 11
1129 15
1130 9
1131 5
1132 9
1133 5
1134 10
1135 4
1136 8
1137 6
1138 6
1139 6
1140 3
1141 2
1142 6
1143 8
1144 7
1145 5
1146 4
1147 5
1148 4
1149 5
1150 3
1151 3
1152 11
1153 6
1154 11
1155 11
1156 2
1157 7
1158 12
1159 6
1161 10
1162 14
1163 7
1164 10
1165 12
1166 13
1167 13
1168 12
1169 12
1170 15
1171 11
1172 14
1173 17
1174 15
1175 20
1176 18
1177 18
1178 26
1179 23
1180 21
1181 20
1182 16
1183 25
1184 19
1185 24
1186 22
1187 25
1188 22
1189 21
1190 26
1191 20
1192 25
1193 22
1194 14
1195 17
1196 19
1197 22
1198 17
1199 18
1200 19
1201 29
1202 19
1203 18
1204 28
1205 17
1206 16
1207 18
1208 26
1209 16
1210 21
1211 37
1212 32
1213 24
1214 25
1215 24
1216 25
1217 27
1218 22
1219 19
1220 14
1221 26
1222 23
1223 14
1224 23
1225 21
1226 18
1227 24
1228 19
1229 20
1230 28
1231 32
1232 15
1233 21
1234 10
1235 14
1236 15
1237 14
1238 21
1239 16
1240 17
1241 14
1242 18
1243 16
1244 18
1245 14
1246 17
1247 13
1248 20
1249 19
1250 33
1251 21
1252 14
1253 13
1254 19
1255 21
1256 25
1257 17
1258 17
1259 20
1260 18
1261 19
1262 27
1263 14
1264 17
1265 15
1266 34
1267 22
1268 17
1269 20
1270 22
1271 23
1272 23
1273 21
1274 14
1275 21
1276 18
1277 16
1278 22
1279 15
1280 16
1281 15
1282 23
1283 16
1284 13
1285 14
1286 14
1287 20
1288 22
1289 18
1290 15
1291 22
1292 14
1293 20
1294 18
1295 16
1296 18
1297 14
1298 22
1299 19
1300 38
1301 23
1302 22
1303 17
1304 27
1305 27
1306 25
1307 19
1308 30
1309 30
1310 31
1311 18
1312 24
1313 27
1314 20
1315 18
1316 23
1317 20
1318 24
1319 21
1320 22
1321 20
1322 20
1323 23
1324 11
1325 26
1326 17
1327 27
1328 19
1329 17
1330 19
1331 14
1332 14
1333 13
1334 19
1335 14
1336 10
1337 10
1338 12
1339 13
1340 12
1341 8
1342 11
1343 8
1344 9
1345 6
1346 3
1347 2
1348 8
1349 10
1350 2
1352 2
1353 2
1354 2
1355 2
1357 4
1359 2
1360 1
1361 1
1362 2
1363 4
1364 1
1365 1
1366 2
1367 1
1368 2
1369 5
1370 5
1371 3
1372 5
1373 4
1374 3
1375 1
1376 2
1377 1
1378 2
1379 3
1380 2
1381 2
1382 1
1383 2
1384 4
1385 6
1387 1
1388 1
1390 2
1392 3
1393 1
1394 3
1395 4
1396 4
1397 4
1398 3
1399 5
1400 6
1401 2
1402 4
1403 10
1404 8
1405 4
1406 12
1407 9
1408 12
1409 8
1410 9
1411 13
1412 10
1413 13
1414 13
1415 13
1416 16
1417 13
1418 16
1419 10
1420 11
1421 18
1422 14
1423 12
1424 19
1425 17
1426 17
1427 20
1428 22
1429 24
1430 26
1431 24
1432 19
1433 21
1434 17
1435 18
1436 25
1437 24
1438 29
1439 23
1440 25
1441 24
1442 31
1443 28
1444 20
1445 24
1446 23
1447 35
1448 23
1449 30
1450 31
1451 23
1452 31
1453 30
1454 33
1455 37
1456 32
1457 30
1458 41
1459 31
1460 19
1461 40
1462 25
1463 33
1464 27
1465 21
1466 27
1467 24
1468 22
1469 33
1470 18
1471 17
1472 19
1473 22
1474 25
1475 20
1476 25
1477 26
1478 30
1479 22
1480 32
1481 20
1482 19
1483 17
1484 22
1485 17
1486 13
1487 15
1488 15
1489 16
1490 10
1491 14
1492 10
1493 9
1494 7
1495 10
1496 9
1497 4
1498 7
1499 14
1500 6
1501 8
1502 7
1503 6
1504 8
1505 9
1506 7
1507 10
1508 6
1509 5
1510 8
1511 7
1512 4
1513 4
1514 9
1515 8
1516 6
1517 8
1518 8
1519 10
1520 4
1521 7
1522 4
1523 5
1524 8
1525 3
1526 4
1527 2
1528 4
1529 4
1530 4
1531 2
1533 6
1534 2
1535 1
1536 3
1537 3
1538 4
1539 1
1540 3
1541 4
1542 2
1544 2
1545 4
1546 3
1547 5
1548 4
1549 1
1550 2
1551 2
1552 5
1553 4
1554 2
1555 4
1556 2
1557 1
1558 2
1560 3
1561 1
1562 1
1563 3
1564 2
1565 1
1566 2
1568 3
1569 2
1570 4
1571 3
1572 4
1573 8
1574 5
1575 5
1576 4
1577 10
1578 3
1579 9
1580 3
1581 7
1582 6
1583 11
1584 6
1585 6
1586 4
1587 4
1588 6
1589 2
1590 2
1591 1
1592 1
1593 2
1594 3
1595 2
1596 4
1597 2
1598 1
1600 5
1601 3
1602 2
1603 6
1604 6
1605 2
1606 2
1607 6
1608 3
1609 4
1610 3
1611 3
1612 4
1613 2
1614 4
1615 1
1616 3
1617 6
1618 1
1619 2
1620 1
1621 3
1623 1
1624 4
1625 2
1626 3
1627 2
1628 4
1629 1
1630 3
1631 2
1632 4
1633 1
1634 5
1635 2
1636 2
1637 2
1638 4
1640 1
1641 3
1642 1
1643 7
1644 2
1645 3
1646 1
1647 2
1648 4
1649 2
1650 3
1651 1
1652 2
1653 6
1655 3
1656 2
1657 2
1658 1
1661 1
1662 1
1663 1
1664 4
1665 1
1666 2
1667 1
1670 1
1671 2
1672 2
1673 2
1674 3
1675 1
1676 1
1677 2
1679 1
1680 1
1681 1
1683 2
1684 4
1685 2
1686 2
1687 1
1689 4
1690 4
1693 5
1694 2
1695 3
1696 4
1697 4
1698 1
1699 1
1700 3
1701 2
1702 3
1703 6
1704 5
1705 3
1706 1
1707 4
1708 9
1709 2
1710 4
1711 2
1712 3
1713 4
1716 3
1717 3
1718 1
1719 2
1720 3
1721 3
1722 3
1723 5
1724 2
1725 2
1726 4
1727 1
1728 5
1729 5
1730 4
1731 3
1732 4
1733 2
1734 4
1735 5
1736 5
1737 6
1738 3
1739 3
1740 3
1741 2
1742 3
1743 2
1744 3
1746 6
1747 1
1749 4
1750 1
1751 1
1753 3
1754 1
1755 1
1756 2
1757 2
1758 2
1762 1
1767 1
1768 1
1769 1
1770 1
1771 1
1772 2
1797 1
1816 1
1834 1
1838 3
1840 1
1846 1
1847 1
1850 1
1854 1
1858 1
1861 1
1862 3
1863 1
1864 1
1866 1
1869 2
1870 1
1872 1
1874 1
1877 1
1878 1
1879 3
1880 1
1881 2
1882 1
1883 1
1884 3
1885 4
1886 4
1887 4
1888 3
1889 2
1890 2
1891 3
1892 2
1894 3
1895 3
1896 5
1897 3
1900 3
1901 4
1902 3
1903 1
1904 2
1905 3
1906 5
1907 8
1908 4
1909 4
1910 2
1911 1
1912 1
1915 3
1916 3
1917 4
1919 3
1920 2
1921 3
1922 1
1923 2
1924 1
1925 2
1927 4
1928 1
1929 4
1931 1
1933 3
1934 1
1935 2
1936 2
1937 1
1938 5
1941 1
1942 1
1943 2
1944 3
1946 4
1947 2
1948 4
1949 2
1950 3
1951 1
1952 1
1953 2
1954 2
1955 4
1956 3
1957 3
1958 1
1959 4
1960 1
1961 1
1965 2
1966 2
1967 2
1968 2
1969 4
1970 3
1972 2
1973 7
1974 1
1975 3
1977 2
1978 1
1979 1
1981 1
1982 1
1983 1
1984 1
1985 2
1986 2
1987 1
1990 1
1992 1
1994 1
1997 2
1998 1
2000 1
2001 1
2002 2
2022 1
2033 1
2039 1
2043 1
2063 1
2066 1
2068 1
2072 1
2073 1
2078 1
2089 1
2091 1
2092 2
2093 1
2094 3
2095 1
2096 1
2097 2
2099 1
2100 1
2101 3
2103 1
2105 1
2106 1
2108 1
2109 1
2110 1
2111 3
2116 1
2117 1
2119 1
2120 1
2125 1
2130 1
2135 1
2136 1
2140 1
2144 2
2145 2
2146 2
2148 2
2149 3
2150 1
2151 2
2152 1
2154 1
2156 1
2159 1
2160 1
2161 2
2162 1
2163 1
2164 1
2165 2
2167 2
2168 2
2169 2
2170 2
2171 2
2172 1
2173 2
2174 1
2175 2
2176 3
2177 4
2178 2
2179 5
2180 5
2181 2
2182 1
2183 1
2184 1
2185 1
2186 3
2187 2
2188 4
2189 2
2190 2
2191 2
2192 1
2193 6
2194 1
2195 2
2196 1
2197 3
2199 3
2201 2
2202 1
2203 1
2204 2
2205 3
2206 1
2207 1
2208 2
2209 4
2210 3
2211 1
2213 1
2214 2
2215 1
2216 1
2217 2
2218 3
2219 3
2220 3
2221 1
2222 4
2223 1
2224 2
2225 1
2226 2
2227 1
2228 2
2229 1
2230 1
2231 1
2232 3
2233 3
2236 3
2238 1
2240 2
2242 1
2252 1
2271 1
2286 1
2289 1
2293 1
2296 1
2306 1
2318 1
2325 1
2328 2
2329 1
2330 1
2332 1
2333 1
2337 1
2338 1
2342 1
2344 1
2346 2
2347 1
2348 1
2349 1
2350 1
2351 2
2352 1
2353 1
2358 2
2360 1
2362 2
2363 1
2365 1
2366 2
2367 1
2368 1
2369 1
2371 1
2375 3
2376 1
2377 2
2378 1
2380 1
2381 1
2382 1
2385 1
2387 1
2391 2
2392 1
2394 3
2395 2
2396 2
2397 1
2398 1
2399 2
2400 1
2401 2
2402 1
2403 1
2404 2
2405 6
2406 2
2407 2
2408 2
2409 1
2410 3
2411 5
2412 5
2413 3
2414 3
2415 1
2416 3
2418 2
2419 4
2420 6
2421 2
2422 6
2423 4
2424 6
2426 2
2427 3
2428 3
2429 7
2430 2
2431 7
2432 3
2433 5
2434 1
2435 3
2436 6
2437 5
2438 4
2439 1
2440 4
2441 4
2443 3
2445 2
2446 2
2447 3
2448 4
2449 5
2450 3
2451 2
2452 1
2453 2
2454 1
2455 3
2456 2
2457 4
2458 5
2459 2
2460 1
2461 1
2462 3
2463 3
2464 2
2465 5
2466 3
2468 1
2469 1
2470 2
2471 2
2472 1
2473 1
2474 2
2475 2
2476 2
2477 1
2478 2
2479 1
2480 1
2481 1
2482 1
2483 4
2484 1
2486 1
2487 1
2490 1
2491 1
2492 2
2493 1
2494 2
2495 1
2497 2
2498 1
2504 1
2524 1
2526 1
2534 1
2535 1
2538 1
2541 1
2542 1
2543 1
2556 1
2564 1
2569 2
2574 1
2575 2
2576 1
2577 1
2579 1
2580 1
2582 3
2583 4
2584 1
2586 1
2588 1
2589 2
2592 3
2593 3
2594 2
2595 1
2597 1
2598 3
2599 2
2600 4
2603 1
2604 1
2605 1
2606 1
2608 1
2609 2
2610 2
2611 2
2612 1
2613 2
2614 2
2615 5
2616 1
2617 5
2618 2
2619 5
2621 7
2622 2
2623 5
2624 2
2625 7
2626 1
2627 1
2628 4
2629 6
2630 4
2631 3
2632 1
2633 6
2634 6
2635 12
2636 7
2637 3
2638 3
2639 1
2640 5
2641 2
2642 4
2643 5
2644 3
2645 4
2646 4
2647 2
2648 8
2649 5
2650 4
2651 3
2652 4
2653 5
2654 3
2655 3
2656 4
2657 5
2658 6
2659 5
2660 5
2661 2
2662 6
2663 1
2664 1
2665 4
2666 2
2667 4
2668 7
2669 3
2670 4
2671 5
2672 3
2673 2
2674 4
2675 4
2676 4
2677 1
2678 2
2679 4
2680 6
2681 3
2682 4
2683 2
2684 4
2685 3
2686 6
2687 5
2688 4
2689 2
2690 4
2691 2
2692 3
2693 3
2694 3
2695 2
2696 5
2697 5
2698 6
2699 2
2700 2
2701 4
2702 1
2703 3
2704 3
2705 2
2706 2
2707 1
2708 3
2709 4
2710 1
2711 1
2712 3
2713 3
2714 1
2715 2
2716 3
2717 3
2718 2
2719 2
2720 4
2721 4
2722 1
2723 4
2724 1
2725 1
2726 3
2727 3
2728 1
2729 1
2730 2
2731 3
2732 6
2733 4
2734 4
2735 1
2736 3
2737 3
2738 1
2739 3
2740 1
2741 1
2742 4
2743 3
2744 2
2745 1
2746 3
2747 1
2748 5
2749 1
2750 3
2751 1
2753 2
2756 3
2757 1
2758 1
2759 2
2762 1
2765 1
2773 1
2789 2
2799 1
2809 1
2816 1
2817 1
2819 1
2820 2
2821 1
2823 3
2824 1
2825 1
2826 1
2827 2
2828 4
2829 1
2830 2
2831 3
2832 3
2833 4
2834 1
2835 2
2836 1
2838 1
2843 2
2845 2
2846 2
2847 2
2848 1
2852 2
2853 3
2854 4
2855 2
2857 2
2858 1
2861 1
2862 3
2863 2
2864 2
2865 3
2866 3
2867 1
2868 4
2869 7
2870 3
2871 3
2872 6
2873 2
2874 3
2875 3
2876 4
2877 2
2878 1
2879 2
2880 2
2881 3
2882 1
2883 6
2884 3
2885 3
2886 7
2887 6
2888 3
2889 1
2890 3
2891 4
2892 2
2893 5
2894 2
2895 3
2896 8
2897 3
2898 6
2899 1
2900 1
2901 2
2902 1
2903 3
2904 2
2905 1
2906 2
2907 2
2908 1
2909 2
2913 1
2915 1
2916 2
2918 1
2920 2
2921 2
2922 1
2926 1
2929 1
2931 1
2933 1
2934 1
2935 1
2936 2
2937 2
2938 2
2942 4
2944 1
2945 1
2949 1
2951 2
2954 1
2955 2
2957 1
2958 2
2959 1
2961 1
2962 3
2964 1
2965 1
2966 1
2974 1
2985 1
3001 1
3028 1
3029 1
3037 2
3042 1
3043 1
3044 2
3046 2
3047 1
3048 1
3049 2
3051 1
3052 1
3053 1
3056 1
3058 4
3060 1
3061 2
3062 3
3064 1
3065 1
3066 4
3067 5
3068 1
3069 1
3070 2
3071 4
3072 2
3073 3
3074 3
3075 3
3076 4
3077 4
3078 5
3079 3
3080 1
3081 1
3082 4
3083 3
3084 1
3085 4
3086 4
3087 2
3088 1
3089 5
3090 2
3091 2
3092 7
3093 4
3094 1
3095 5
3096 2
3097 3
3098 4
3099 5
3100 3
3101 4
3103 2
3104 2
3105 1
3106 5
3107 1
3108 2
3109 1
3110 2
3111 4
3112 2
3113 2
3114 3
3115 1
3116 1
3117 1
3118 2
3119 1
3120 1
3121 4
3122 2
3123 1
3124 1
3125 1
3126 6
3128 1
3129 2
3131 1
3132 3
3133 1
3134 1
3135 3
3136 2
3138 3
3139 2
3140 2
3141 1
3142 2
3143 2
3144 2
3145 3
3146 1
3148 3
3149 2
3150 1
3151 2
3152 2
3154 2
3155 2
3156 1
3158 2
3159 2
3160 2
3161 1
3162 1
3163 1
3166 1
3168 2
3169 2
3175 1
3177 1
3178 1
3179 1
3180 3
3182 1
3183 3
3184 2
3186 3
3189 2
3190 2
3191 1
3193 2
3194 1
3203 3
3206 1
3208 1
3209 1
3211 1
3212 2
3214 1
3216 1
3221 1
3222 1
3224 2
3229 1
3230 1
3231 1
3232 1
3234 1
3235 2
3237 3
3238 1
3239 1
3240 1
3243 1
3244 2
3247 1
3249 1
3250 3
3254 1
3255 1
3259 1
3260 1
3263 1
3264 1
3265 1
3266 1
3267 1
3268 1
3270 1
3272 1
3273 1
3274 2
3275 2
3276 1
3279 1
3280 1
3281 2
3282 1
3283 1
3287 1
3288 2
3292 1
3293 1
3295 1
3298 1
3300 1
3301 1
3302 1
3303 2
3305 1
3306 1
3308 1
3309 2
3310 1
3311 6
3312 2
3314 3
3315 1
3316 2
3317 2
3319 1
3320 1
3321 2
3323 3
3326 2
3328 3
3330 2
3332 1
3334 2
3335 1
3336 1
3337 3
3339 1
3340 2
3341 1
3342 1
3343 1
3346 1
3348 1
3354 1
3355 1
3356 1
3358 2
3361 3
3362 1
3363 2
3364 1
3365 1
3367 3
3369 2
3370 1
3371 1
3373 1
3375 1
3376 2
3377 1
3379 3
3380 4
3381 3
3384 1
3385 1
3386 2
3389 2
3390 1
3391 1
3392 2
3393 2
3394 5
3396 3
3397 3
3398 5
3399 4
3401 2
3402 1
3403 2
3404 1
3406 3
3408 5
3409 3
3410 2
3411 1
3412 2
3413 2
3414 1
3415 2
3416 3
3417 5
3418 1
3419 1
3421 1
3422 2
3423 1
3424 4
3425 2
3426 5
3427 3
3428 2
3429 3
3430 2
3432 1
3433 2
3434 1
3435 5
3436 2
3437 1
3438 1
3439 2
3440 2
3441 4
3446 1
3449 1
3452 1
3460 1
3461 2
3462 1
3463 1
3466 1
3468 1
3508 1
3510 1
3512 1
3532 1
3534 1
3535 1
3537 1
3540 1
3542 1
3543 2
3545 1
3546 2
3548 1
3550 1
3552 1
3553 1
3554 3
3555 2
3556 4
3557 1
3558 1
3561 2
3562 3
3563 2
3564 1
3566 2
3567 4
3568 1
3569 4
3570 1
3571 1
3572 1
3573 3
3574 2
3575 4
3576 2
3578 6
3579 3
3580 3
3581 2
3582 3
3583 5
3584 2
3585 2
3587 7
3589 4
3590 3
3591 1
3592 6
3593 5
3594 3
3595 4
3596 4
3597 1
3598 1
3599 3
3600 2
3601 6
3602 1
3603 4
3604 2
3605 2
3606 2
3607 2
3608 2
3610 4
3612 1
3613 1
3614 2
3615 2
3616 3
3617 2
3618 2
3619 2
3621 3
3622 6
3623 3
3624 1
3625 1
3626 3
3627 7
3628 1
3629 1
3630 1
3631 4
3632 2
3633 2
3634 3
3635 2
3636 2
3638 1
3639 3
3640 3
3641 4
3642 2
3643 3
3644 6
3645 3
3646 2
3647 2
3649 4
3650 1
3653 3
3654 2
3655 2
3656 1
3657 2
3658 1
3659 2
3660 1
3661 2
3662 4
3663 1
3664 5
3665 3
3666 4
3667 4
3668 3
3669 3
3670 5
3671 3
3672 4
3673 2
3674 4
3675 1
3676 5
3677 1
3678 1
3679 3
3681 1
3682 5
3683 1
3684 2
3685 2
3686 2
3688 1
3689 1
3690 1
3691 3
3692 1
3693 2
3694 2
3695 2
3696 2
3697 1
3698 3
3699 2
3700 2
3702 2
3703 2
3705 2
3707 1
3709 2
3710 1
3711 2
3712 1
3713 1
3714 3
3715 3
3716 1
3717 5
3718 1
3720 3
3721 1
3723 1
3724 1
3726 4
3727 1
3729 2
3731 1
3732 1
3733 1
3736 1
3741 1
3743 1
3789 1
3790 1
3805 1
3809 1
3812 1
3814 1
3815 2
3816 1
3819 2
3822 1
3824 1
3827 2
3833 1
3834 1
3835 1
3837 2
3838 1
3839 3
3842 2
3843 2
3844 1
3846 4
3848 1
3850 2
3855 1
3857 2
3861 1
3862 3
3863 2
3864 2
3868 1
3869 1
3870 1
3871 1
3872 1
3873 1
3877 1
3878 1
3879 1
3888 1
3893 1
3894 1
3895 2
3897 1
3899 1
3900 1
3901 1
3902 1
3903 1
3904 1
3905 1
3906 2
3908 1
3909 2
3911 2
3912 3
3913 1
3914 2
3916 3
3917 5
3918 4
3920 1
3921 3
3922 2
3923 1
3924 1
3925 2
3926 1
3930 3
3932 1
3933 1
3934 1
3935 2
3936 1
3937 2
3940 1
3941 2
3943 1
3945 1
3946 1
3948 1
3949 1
3953 1
3957 1
3959 1
3960 1
4012 1
4013 1
4017 1
4018 1
4021 1
4022 1
4023 1
4027 1
4029 1
4030 1
4033 1
4036 1
4049 1
4050 1
4055 1
4064 1
4071 1
4075 1
4076 1
4082 1
4084 1
4086 1
4087 1
4090 1
4091 2
4093 2
4094 1
4098 2
4099 1
4101 3
4103 1
4104 2
4105 2
4106 1
4108 2
4111 2
4112 1
4113 2
4114 2
4116 2
4117 4
4121 1
4122 1
4123 2
4124 2
4126 4
4127 2
4128 3
4129 8
4130 2
4131 2
4132 4
4133 4
4134 2
4135 1
4136 1
4137 3
4139 3
4140 3
4141 4
4142 4
4143 3
4144 3
4145 3
4146 2
4147 3
4148 1
4149 4
4150 3
4151 2
4152 2
4153 2
4154 4
4155 2
4156 1
4158 4
4159 1
4160 2
4162 2
4163 1
4164 4
4165 1
4166 2
4167 3
4169 1
4170 4
4171 2
4172 1
4174 1
4175 2
4177 1
4178 2
4180 2
4181 2
4183 1
4184 2
4185 2
4187 3
4188 4
4189 1
4190 3
4192 1
4193 1
4194 1
4195 2
4196 2
4199 2
4203 1
4205 2
4206 1
4207 1
4212 1
4214 1
4215 2
4216 1
4231 1
4238 1
4244 1
4245 1
4247 1
4248 1
4253 1
4255 1
4257 2
4259 1
4260 1
4261 1
4265 1
4270 1
4272 1
4273 1
4275 1
4278 1
4279 1
4280 1
4281 4
4284 1
4286 3
4287 2
4290 1
4291 2
4293 2
4295 2
4296 3
4297 2
4299 2
4300 3
4301 2
4302 2
4304 2
4305 1
4306 2
4307 3
4308 2
4310 4
4311 2
4312 2
4313 1
4315 1
4316 1
4317 4
4318 2
4320 1
4321 2
4322 1
4323 2
4324 1
4325 1
4331 1
4334 3
4336 1
4337 2
4338 1
4339 1
4340 2
4342 3
4343 1
4345 1
4347 1
4349 1
4350 2
4352 1
4353 2
4354 2
4357 1
4358 1
4361 1
4365 1
4373 1
4387 1
4393 1
4400 1
4437 1
4549 1
4652 2
4658 1
4664 1
4823 1
4831 1
5084 1
5096 1
5182 1
5269 1
5364 1
5395 1
5444 1
5636 1
5648 1
5650 1
5652 1
5654 2
5657 1
5661 1
5663 1
5665 1
5675 1
5766 1
5777 1
6028 1
6035 1
6037 1
6041 1
6042 1
6051 1
6062 1
6071 1
6078 1
6141 1
6343 1
6369 1
6470 1
6476 1
6480 1
6485 1
6486 2
6495 1
6499 1
6501 1
6669 1
6722 1
6732 1
6869 1
6887 1
7066 1
7252 1
7547 1
8024 1
8595 1
8599 1
8619 1
8757 1
8768 1
8786 1
8791 1
8811 1
8828 1
8840 1
8951 1
8975 1
9034 1
9040 1
9096 1
9100 1
9110 1
9114 1
9117 1
9121 1
9127 1
9423 1
9458 1
9476 1
9600 1
9758 1
10001 10
