1 21525581
2 14873369
3 9798901
4 6927802
5 5303632
6 4299524
7 3710932
8 3383916
9 3195393
10 3041648
11 2888645
12 2678680
13 2429367
14 2149534
15 1868061
16 1598141
17 1347190
18 1119366
19 918812
20 748852
21 598066
22 468832
23 365779
24 285528
25 230415
26 194853
27 180231
28 181074
29 196487
30 221347
31 253222
32 289239
33 323659
34 357732
35 385177
36 404826
37 414907
38 414227
39 403428
40 382441
41 353462
42 322736
43 286173
44 249873
45 214363
46 179367
47 147198
48 119756
49 94663
50 74187
51 57676
52 46010
53 36809
54 31400
55 28219
56 26512
57 27073
58 29405
59 32145
60 36879
61 42431
62 48581
63 54680
64 61052
65 66734
66 72621
67 78507
68 84018
69 87841
70 90082
71 90976
72 91460
73 89784
74 87176
75 84022
76 79927
77 75361
78 69424
79 63829
80 57907
81 51746
82 45677
83 39383
84 33601
85 28947
86 24472
87 20644
88 17009
89 14319
90 12042
91 10424
92 8920
93 8263
94 7667
95 7821
96 8214
97 9209
98 10678
99 12861
100 15480
101 19166
102 22892
103 27395
104 32900
105 39583
106 46802
107 55074
108 63497
109 73972
110 84780
111 95944
112 107628
113 120661
114 133807
115 146635
116 160750
117 173287
118 187805
119 199906
120 211404
121 222014
122 232424
123 241069
124 248632
125 253669
126 258537
127 259783
128 259530
129 258693
130 255721
131 250724
132 244433
133 237637
134 228300
135 220462
136 208017
137 196800
138 184689
139 172450
140 158977
141 147433
142 135647
143 123777
144 111998
145 100543
146 90146
147 80608
148 71487
149 62757
150 54793
151 47704
152 41188
153 35261
154 30167
155 25473
156 21428
157 18094
158 15035
159 12376
160 10290
161 8750
162 7179
163 5857
164 4902
165 3956
166 3378
167 2891
168 2303
169 2009
170 1730
171 1621
172 1469
173 1369
174 1411
175 1349
176 1367
177 1404
178 1538
179 1632
180 1760
181 2009
182 2085
183 2233
184 2444
185 2747
186 3044
187 3069
188 3405
189 3571
190 3932
191 4259
192 4492
193 4779
194 4828
195 5050
196 5159
197 5469
198 5719
199 5861
200 5915
201 5936
202 5909
203 5897
204 5872
205 5859
206 5659
207 5725
208 5479
209 5459
210 5255
211 5057
212 4740
213 4575
214 4365
215 4148
216 3917
217 3672
218 3550
219 3290
220 3010
221 2841
222 2596
223 2396
224 2182
225 1966
226 1833
227 1555
228 1520
229 1409
230 1259
231 1194
232 1130
233 1075
234 982
235 942
236 939
237 872
238 860
239 851
240 842
241 857
242 794
243 833
244 882
245 839
246 851
247 889
248 935
249 846
250 851
251 909
252 969
253 875
254 866
255 934
256 945
257 913
258 932
259 939
260 863
261 866
262 954
263 929
264 902
265 907
266 915
267 891
268 903
269 870
270 869
271 878
272 830
273 743
274 706
275 690
276 705
277 685
278 610
279 591
280 603
281 545
282 582
283 562
284 482
285 531
286 490
287 446
288 438
289 411
290 434
291 341
292 331
293 259
294 230
295 241
296 215
297 213
298 186
299 206
300 161
301 153
302 159
303 163
304 122
305 146
306 114
307 118
308 107
309 110
310 72
311 83
312 84
313 103
314 102
315 73
316 70
317 84
318 61
319 66
320 82
321 56
322 65
323 65
324 47
325 44
326 64
327 49
328 62
329 47
330 50
331 46
332 68
333 52
334 57
335 71
336 61
337 59
338 67
339 74
340 63
341 86
342 69
343 67
344 77
345 72
346 73
347 83
348 82
349 72
350 81
351 84
352 89
353 99
354 105
355 102
356 77
357 95
358 106
359 88
360 113
361 125
362 118
363 114
364 148
365 121
366 140
367 146
368 161
369 165
370 155
371 148
372 174
373 148
374 146
375 156
376 156
377 172
378 158
379 166
380 192
381 145
382 178
383 183
384 147
385 185
386 166
387 178
388 172
389 188
390 183
391 177
392 188
393 188
394 187
395 186
396 185
397 200
398 200
399 194
400 203
401 194
402 171
403 169
404 168
405 195
406 162
407 192
408 137
409 191
410 152
411 161
412 184
413 165
414 173
415 155
416 145
417 158
418 153
419 144
420 140
421 132
422 116
423 90
424 109
425 114
426 102
427 98
428 110
429 114
430 102
431 88
432 95
433 78
434 83
435 102
436 77
437 74
438 65
439 95
440 83
441 81
442 82
443 65
444 65
445 76
446 67
447 60
448 59
449 42
450 58
451 51
452 59
453 55
454 64
455 71
456 69
457 80
458 68
459 77
460 56
461 56
462 58
463 55
464 62
465 68
466 60
467 55
468 60
469 58
470 63
471 58
472 65
473 51
474 43
475 51
476 43
477 35
478 50
479 53
480 53
481 60
482 52
483 48
484 70
485 56
486 44
487 51
488 49
489 51
490 64
491 58
492 65
493 74
494 68
495 88
496 67
497 72
498 75
499 74
500 80
501 69
502 73
503 79
504 94
505 82
506 86
507 99
508 106
509 105
510 119
511 115
512 116
513 128
514 137
515 118
516 108
517 105
518 105
519 94
520 103
521 111
522 111
523 114
524 126
525 107
526 122
527 107
528 125
529 113
530 120
531 112
532 109
533 108
534 124
535 116
536 116
537 108
538 89
539 133
540 125
541 123
542 116
543 134
544 115
545 121
546 95
547 97
548 99
549 96
550 110
551 82
552 75
553 79
554 84
555 82
556 92
557 76
558 77
559 93
560 89
561 83
562 66
563 68
564 55
565 55
566 71
567 55
568 59
569 61
570 67
571 69
572 64
573 57
574 43
575 50
576 52
577 31
578 49
579 28
580 36
581 30
582 34
583 39
584 31
585 29
586 22
587 24
588 23
589 26
590 25
591 28
592 23
593 34
594 24
595 19
596 20
597 18
598 20
599 28
600 17
601 16
602 20
603 12
604 14
605 15
606 18
607 19
608 15
609 26
610 17
611 21
612 13
613 27
614 26
615 28
616 29
617 26
618 29
619 30
620 35
621 32
622 30
623 37
624 25
625 32
626 28
627 30
628 30
629 30
630 34
631 33
632 28
633 31
634 32
635 27
636 33
637 33
638 32
639 44
640 30
641 36
642 24
643 33
644 39
645 30
646 20
647 39
648 52
649 52
650 39
651 36
652 45
653 39
654 32
655 41
656 43
657 52
658 46
659 45
660 54
661 37
662 36
663 41
664 37
665 40
666 33
667 43
668 35
669 31
670 39
671 35
672 45
673 38
674 45
675 40
676 31
677 45
678 38
679 50
680 38
681 36
682 34
683 31
684 38
685 29
686 31
687 19
688 29
689 13
690 22
691 19
692 32
693 21
694 15
695 13
696 13
697 11
698 18
699 17
700 27
701 13
702 13
703 25
704 11
705 11
706 18
707 22
708 17
709 16
710 24
711 19
712 19
713 24
714 26
715 23
716 14
717 21
718 21
719 13
720 21
721 26
722 19
723 18
724 20
725 26
726 23
727 24
728 26
729 20
730 12
731 18
732 13
733 20
734 16
735 16
736 10
737 16
738 19
739 9
740 10
741 19
742 16
743 14
744 14
745 13
746 17
747 13
748 15
749 12
750 18
751 17
752 8
753 15
754 14
755 12
756 9
757 22
758 11
759 14
760 13
761 11
762 9
763 8
764 12
765 11
766 9
767 10
768 11
769 7
770 11
771 18
772 10
773 16
774 9
775 21
776 11
777 26
778 18
779 19
780 27
781 17
782 19
783 16
784 16
785 21
786 16
787 27
788 20
789 30
790 35
791 32
792 40
793 47
794 41
795 49
796 52
797 53
798 55
799 68
800 67
801 70
802 74
803 94
804 89
805 99
806 107
807 129
808 115
809 141
810 144
811 167
812 192
813 202
814 245
815 271
816 291
817 327
818 378
819 377
820 419
821 425
822 508
823 496
824 597
825 655
826 675
827 739
828 868
829 956
830 1030
831 1161
832 1217
833 1328
834 1452
835 1609
836 1693
837 1808
838 1958
839 2252
840 2334
841 2468
842 2728
843 2966
844 3125
845 3394
846 3633
847 3827
848 4210
849 4334
850 4750
851 5062
852 5553
853 5592
854 6015
855 6610
856 6898
857 7227
858 7895
859 8116
860 8650
861 9113
862 9576
863 9976
864 10680
865 11116
866 11690
867 12374
868 12850
869 13315
870 13780
871 14489
872 15024
873 15544
874 16195
875 16656
876 17348
877 17818
878 18306
879 19006
880 19681
881 20283
882 20845
883 21429
884 21855
885 22450
886 23210
887 23667
888 24033
889 24780
890 25150
891 25558
892 25970
893 26286
894 26568
895 27060
896 27642
897 27674
898 27778
899 28474
900 28658
901 28542
902 28702
903 28545
904 28959
905 28611
906 29058
907 28982
908 28833
909 29167
910 29110
911 29043
912 28777
913 28620
914 28408
915 28176
916 27632
917 27695
918 27283
919 27040
920 26625
921 25846
922 25748
923 25662
924 24637
925 24396
926 23926
927 23257
928 22817
929 22193
930 21897
931 21239
932 20794
933 20269
934 19778
935 19083
936 18537
937 18076
938 17244
939 16595
940 16093
941 15717
942 14957
943 14354
944 13943
945 13407
946 12746
947 12340
948 11818
949 11553
950 10775
951 10304
952 9863
953 9581
954 8969
955 8513
956 8168
957 7735
958 7346
959 6824
960 6571
961 6227
962 5866
963 5588
964 5231
965 4959
966 4723
967 4259
968 4063
969 3795
970 3615
971 3388
972 3203
973 3059
974 2734
975 2493
976 2422
977 2300
978 2016
979 1925
980 1801
981 1679
982 1497
983 1410
984 1353
985 1200
986 1114
987 1030
988 967
989 919
990 788
991 760
992 731
993 677
994 606
995 547
996 523
997 472
998 428
999 420
1000 388
1001 342
1002 301
1003 268
1004 252
1005 255
1006 199
1007 204
1008 166
1009 195
1010 154
1011 129
1012 125
1013 134
1014 123
1015 116
1016 92
1017 108
1018 105
1019 107
1020 76
1021 88
1022 77
1023 60
1024 82
1025 55
1026 65
1027 61
1028 61
1029 52
1030 69
1031 43
1032 65
1033 50
1034 49
1035 58
1036 41
1037 44
1038 42
1039 42
1040 38
1041 44
1042 43
1043 36
1044 33
1045 30
1046 25
1047 28
1048 36
1049 35
1050 33
1051 34
1052 24
1053 29
1054 33
1055 26
1056 19
1057 21
1058 27
1059 28
1060 27
1061 23
1062 18
1063 20
1064 19
1065 21
1066 20
1067 21
1068 17
1069 20
1070 23
1071 13
1072 19
1073 13
1074 19
1075 16
1076 15
1077 16
1078 17
1079 21
1080 21
1081 25
1082 20
1083 14
1084 23
1085 19
1086 12
1087 15
1088 16
1089 9
1090 12
1091 16
1092 13
1093 11
1094 8
1095 4
1096 15
1097 6
1098 12
1099 11
1100 10
1101 8
1102 9
1103 10
1104 5
1105 9
1106 10
1107 5
1108 12
1109 9
1110 7
1111 11
1112 2
1113 6
1114 5
1115 6
1116 1
1117 2
1118 3
1119 2
1120 5
1121 8
1122 8
1123 6
1124 7
1125 1
1126 1
1127 6
1128 11
1129 7
1130 6
1131 10
1132 9
1133 9
1134 10
1135 11
1136 12
1137 11
1138 13
1139 7
1140 7
1141 10
1142 8
1143 4
1144 6
1145 6
1146 7
1147 8
1148 3
1149 5
1150 6
1151 12
1152 9
1153 6
1154 5
1155 11
1156 12
1157 10
1158 4
1159 7
1160 9
1161 3
1162 7
1163 11
1164 6
1165 6
1166 9
1167 6
1168 5
1169 6
1170 3
1171 7
1172 5
1173 9
1174 7
1175 8
1176 8
1177 7
1178 3
1179 11
1180 7
1181 2
1182 4
1183 8
1184 10
1185 5
1186 4
1187 2
1188 6
1189 6
1190 5
1191 6
1192 2
1193 5
1194 7
1195 6
1196 4
1197 1
1198 4
1199 1
1200 2
1201 5
1202 4
1203 5
1204 2
1205 12
1206 3
1207 4
1208 6
1209 3
1210 5
1211 2
1212 2
1213 6
1214 4
1215 6
1216 4
1217 4
1218 2
1219 5
1220 6
1221 3
1222 3
1223 3
1224 2
1225 3
1226 5
1227 2
1228 3
1229 4
1230 4
1231 6
1232 5
1233 1
1234 4
1235 2
1236 3
1237 5
1238 2
1239 5
1240 4
1241 2
1242 2
1243 1
1244 7
1245 1
1246 6
1247 4
1249 7
1250 2
1251 1
1252 3
1253 3
1254 4
1255 4
1256 3
1257 3
1258 2
1259 2
1260 2
1261 2
1262 1
1263 2
1264 3
1265 2
1266 1
1267 2
1268 2
1269 5
1270 1
1271 5
1272 3
1273 2
1274 3
1275 5
1276 4
1277 3
1278 3
1279 6
1280 2
1281 5
1282 6
1283 4
1284 2
1285 4
1286 3
1287 3
1288 2
1289 6
1290 2
1291 2
1292 5
1293 3
1294 2
1295 1
1296 5
1297 4
1298 4
1299 4
1301 3
1302 6
1303 5
1304 5
1305 4
1306 1
1307 1
1308 1
1309 3
1310 2
1311 6
1313 3
1314 5
1315 3
1316 1
1317 4
1318 3
1319 2
1320 2
1323 6
1324 2
1325 3
1326 2
1327 5
1328 5
1329 3
1330 8
1331 5
1332 1
1333 6
1334 4
1335 4
1336 3
1337 2
1338 5
1339 1
1340 2
1341 3
1342 4
1343 1
1344 5
1345 3
1347 3
1349 1
1350 4
1351 1
1352 2
1353 1
1354 2
1355 2
1356 2
1357 4
1358 3
1359 3
1360 3
1361 4
1362 5
1363 2
1364 2
1365 4
1366 4
1367 2
1368 1
1369 2
1371 1
1372 5
1373 3
1374 3
1375 2
1376 3
1377 1
1378 5
1379 1
1380 6
1381 2
1382 1
1383 2
1384 3
1385 2
1386 1
1388 2
1389 3
1390 3
1391 2
1392 2
1393 2
1394 1
1395 2
1397 3
1398 4
1399 3
1400 3
1401 1
1402 3
1403 2
1404 2
1405 3
1406 4
1407 3
1408 7
1409 3
1410 6
1411 5
1412 5
1413 3
1414 3
1415 2
1417 1
1418 5
1419 3
1420 1
1421 3
1422 4
1423 2
1424 2
1425 2
1426 3
1427 3
1428 4
1429 2
1430 6
1431 8
1432 4
1433 5
1434 2
1435 3
1436 4
1437 4
1438 3
1439 4
1440 1
1441 2
1442 1
1443 5
1444 5
1445 2
1447 3
1448 2
1450 3
1451 3
1452 3
1453 5
1454 1
1455 2
1456 2
1457 3
1458 2
1459 2
1460 2
1461 3
1462 2
1463 3
1464 1
1465 3
1466 4
1467 5
1468 1
1469 2
1470 3
1471 3
1472 4
1473 1
1474 7
1475 4
1476 6
1477 4
1478 1
1479 3
1480 1
1481 1
1482 1
1483 3
1487 1
1488 1
1490 1
1495 2
1496 3
1498 2
1499 1
1500 1
1501 4
1502 4
1503 4
1504 2
1505 1
1506 3
1507 2
1508 2
1509 2
1511 1
1512 1
1513 1
1515 2
1516 1
1517 2
1518 1
1519 2
1520 2
1524 1
1527 1
1528 3
1529 2
1530 3
1531 1
1532 1
1533 1
1534 1
1535 4
1538 2
1539 1
1541 1
1542 1
1543 1
1544 1
1545 4
1546 1
1547 1
1550 1
1551 1
1552 2
1555 1
1556 3
1557 1
1558 2
1559 4
1560 1
1561 1
1562 1
1563 1
1564 2
1565 2
1566 4
1567 1
1568 2
1569 4
1570 4
1571 1
1572 1
1573 1
1574 2
1576 1
1578 2
1579 3
1580 2
1581 1
1582 1
1584 1
1585 1
1587 4
1589 1
1591 4
1592 3
1593 2
1598 1
1601 3
1602 1
1603 1
1606 1
1607 1
1608 1
1609 1
1610 1
1613 1
1614 1
1619 1
1620 1
1621 1
1622 1
1624 2
1625 1
1629 1
1633 3
1634 1
1635 2
1636 2
1640 1
1641 1
1643 3
1646 1
1650 1
1660 2
1662 1
1665 1
1666 2
1668 1
1669 2
1670 1
1672 1
1673 1
1675 1
1680 2
1682 1
1689 1
1691 2
1693 1
1694 1
1696 1
1698 2
1701 2
1702 2
1703 2
1705 1
1707 4
1708 2
1709 3
1710 3
1711 2
1713 4
1714 1
1715 4
1716 6
1717 5
1719 5
1721 5
1722 3
1724 3
1725 6
1726 4
1727 4
1728 4
1729 6
1730 9
1731 7
1732 11
1733 9
1734 6
1735 8
1736 6
1737 2
1738 6
1739 10
1740 11
1741 8
1742 7
1743 6
1744 12
1745 16
1746 11
1747 11
1748 15
1749 19
1750 13
1751 19
1752 12
1753 19
1754 14
1755 17
1756 16
1757 24
1758 19
1759 21
1760 25
1761 20
1762 20
1763 27
1764 24
1765 21
1766 23
1767 27
1768 33
1769 30
1770 24
1771 39
1772 29
1773 33
1774 32
1775 36
1776 33
1777 39
1778 33
1779 26
1780 40
1781 25
1782 35
1783 24
1784 52
1785 33
1786 20
1787 38
1788 32
1789 37
1790 40
1791 36
1792 40
1793 36
1794 27
1795 36
1796 35
1797 38
1798 34
1799 38
1800 44
1801 45
1802 41
1803 45
1804 49
1805 46
1806 43
1807 48
1808 47
1809 54
1810 42
1811 52
1812 38
1813 35
1814 55
1815 39
1816 52
1817 46
1818 43
1819 43
1820 50
1821 47
1822 37
1823 48
1824 51
1825 52
1826 51
1827 56
1828 42
1829 62
1830 53
1831 46
1832 51
1833 45
1834 46
1835 48
1836 49
1837 45
1838 45
1839 48
1840 42
1841 53
1842 61
1843 49
1844 49
1845 46
1846 48
1847 52
1848 44
1849 54
1850 41
1851 54
1852 37
1853 53
1854 43
1855 45
1856 40
1857 37
1858 26
1859 37
1860 29
1861 30
1862 32
1863 29
1864 28
1865 24
1866 29
1867 27
1868 24
1869 25
1870 23
1871 15
1872 30
1873 20
1874 25
1875 11
1876 19
1877 19
1878 16
1879 14
1880 17
1881 16
1882 18
1883 16
1884 21
1885 7
1886 10
1887 10
1888 9
1889 15
1890 3
1891 16
1892 9
1893 12
1894 8
1895 4
1896 13
1897 6
1898 8
1899 7
1900 4
1901 10
1902 4
1903 3
1904 7
1905 8
1906 5
1907 4
1908 3
1909 6
1910 2
1911 6
1912 4
1913 2
1914 1
1915 1
1916 2
1917 1
1918 4
1919 1
1920 1
1921 1
1922 2
1923 2
1925 1
1926 1
1928 2
1930 2
1931 1
1932 2
1933 1
1935 1
1937 1
1938 1
1943 1
1946 1
1947 1
1952 1
1953 1
1957 2
1959 2
1960 1
1962 1
1969 1
1970 1
1977 1
1980 2
1981 1
1983 1
1984 1
1990 1
1991 1
1995 1
1999 1
2000 1
2003 1
2014 1
2016 2
2017 2
2020 1
2021 1
2022 1
2024 1
2030 1
2033 3
2034 1
2036 1
2042 1
2048 1
2051 1
2057 1
2061 1
2079 1
2091 2
2092 1
2093 1
2100 1
2104 1
2106 1
2107 1
2108 1
2111 1
2117 1
2118 1
2119 2
2123 2
2124 1
2125 1
2126 1
2127 3
2128 2
2129 1
2130 1
2132 2
2135 2
2136 2
2137 1
2138 5
2139 2
2140 3
2141 2
2142 1
2143 3
2144 1
2145 2
2146 2
2147 2
2148 3
2149 1
2151 5
2152 3
2153 7
2154 2
2155 2
2156 5
2157 4
2159 2
2160 3
2161 1
2162 3
2163 5
2164 3
2165 3
2166 6
2167 5
2168 1
2170 1
2171 1
2172 1
2173 2
2174 2
2176 1
2177 2
2178 1
2179 1
2182 3
2184 4
2185 2
2186 3
2188 2
2189 3
2190 2
2191 1
2193 1
2194 2
2195 3
2196 3
2197 2
2200 1
2202 1
2204 1
2205 1
2208 3
2209 2
2210 1
2211 1
2213 1
2216 2
2218 1
2222 3
2223 2
2225 2
2228 1
2230 1
2231 1
2232 1
2233 2
2234 1
2235 1
2238 1
2240 1
2241 1
2242 1
2243 2
2245 1
2253 1
2255 2
2263 1
2264 1
2266 1
2274 1
2275 1
2277 1
2279 1
2282 1
2285 1
2287 1
2288 2
2289 1
2293 1
2297 1
2300 1
2306 1
2307 1
2308 2
2309 1
2310 1
2311 1
2313 1
2319 1
2321 2
2322 3
2325 1
2329 2
2330 1
2332 1
2335 1
2336 3
2338 1
2341 1
2344 2
2345 3
2348 1
2350 1
2352 1
2354 1
2356 1
2361 1
2363 1
2366 1
2368 1
2370 1
2371 1
2372 4
2373 1
2376 1
2377 1
2378 1
2382 1
2385 2
2387 2
2390 1
2391 1
2392 1
2394 3
2395 1
2397 1
2399 1
2401 2
2402 1
2403 3
2404 1
2405 1
2406 2
2408 1
2409 2
2410 2
2414 1
2416 3
2418 1
2420 2
2421 1
2428 3
2430 2
2432 4
2433 1
2434 1
2442 1
2448 1
2450 1
2452 2
2457 1
2458 1
2461 1
2462 2
2463 1
2464 1
2465 1
2466 2
2467 2
2468 1
2469 3
2470 1
2472 2
2473 1
2476 1
2477 1
2488 1
2489 1
2490 2
2491 1
2493 1
2494 2
2495 1
2497 1
2504 1
2506 1
2507 1
2508 2
2512 1
2518 3
2519 1
2526 2
2527 1
2528 1
2529 2
2530 1
2532 2
2535 1
2537 1
2539 2
2542 1
2543 1
2544 1
2545 2
2546 1
2547 2
2550 1
2551 1
2557 1
2563 1
2575 1
2579 1
2580 2
2583 1
2585 2
2589 1
2595 1
2596 2
2605 2
2608 1
2610 1
2612 2
2616 1
2617 1
2618 1
2620 2
2621 1
2622 2
2623 1
2624 1
2625 1
2627 1
2628 2
2629 2
2631 1
2634 1
2635 1
2636 1
2637 2
2639 2
2643 1
2644 1
2645 1
2646 2
2647 2
2648 2
2649 2
2650 3
2653 3
2654 3
2656 2
2657 1
2658 2
2659 3
2660 2
2661 1
2662 1
2663 1
2664 4
2665 2
2666 1
2667 1
2668 1
2669 1
2670 3
2671 2
2672 2
2674 2
2675 2
2676 1
2677 1
2680 1
2681 1
2685 4
2686 2
2687 1
2688 3
2689 6
2691 2
2692 1
2693 1
2694 3
2695 1
2696 2
2697 2
2698 1
2699 1
2700 1
2701 2
2703 1
2704 1
2705 1
2706 1
2707 3
2708 2
2709 1
2710 1
2711 2
2712 2
2713 3
2715 1
2716 4
2718 3
2719 1
2720 2
2721 3
2722 6
2723 1
2724 5
2725 4
2726 1
2727 2
2728 1
2729 3
2730 3
2731 1
2732 2
2733 2
2734 1
2735 2
2736 2
2737 1
2738 3
2739 3
2740 3
2741 2
2742 2
2743 2
2745 6
2746 3
2747 3
2748 2
2749 1
2750 4
2751 2
2752 4
2753 3
2754 1
2755 3
2757 3
2759 2
2760 2
2761 2
2762 3
2763 2
2768 1
2769 1
2770 1
2771 1
2772 1
2773 2
2774 3
2775 1
2777 2
2780 1
2781 2
2782 1
2786 1
2787 1
2788 2
2789 1
2791 3
2792 3
2793 1
2794 1
2795 1
2796 1
2799 1
2800 2
2801 1
2803 1
2808 2
2809 3
2810 2
2811 1
2814 1
2815 1
2817 1
2818 2
2820 1
2824 1
2831 1
2832 1
2833 1
2837 1
2838 2
2840 1
2844 1
2846 2
2848 1
2852 2
2879 1
2909 1
2916 1
2925 1
2942 1
2946 1
2947 1
2956 1
2967 1
2972 1
2974 2
2975 1
2976 1
2977 1
2980 1
2981 1
2982 1
2984 2
2985 1
2988 1
2991 2
2992 1
2996 2
2997 1
2999 1
3000 1
3001 1
3002 1
3008 1
3009 1
3014 1
3017 3
3019 1
3021 1
3026 1
3029 1
3030 2
3032 1
3033 2
3037 1
3038 2
3039 1
3041 1
3042 4
3043 1
3046 2
3047 1
3048 2
3050 1
3052 1
3054 3
3055 1
3056 1
3057 2
3060 1
3061 1
3063 2
3064 2
3067 2
3069 1
3070 1
3073 1
3074 2
3075 1
3076 1
3077 1
3079 2
3080 2
3082 1
3087 1
3090 1
3093 1
3097 1
3099 1
3108 1
3115 1
3116 1
3129 1
3130 1
3132 1
3134 1
3137 1
3143 2
3145 1
3146 1
3148 1
3149 1
3151 1
3152 1
3153 1
3154 1
3155 1
3157 2
3158 2
3160 2
3162 1
3167 2
3169 1
3170 1
3171 1
3172 1
3173 1
3192 1
3199 1
3201 1
3203 1
3208 1
3211 1
3212 1
3214 1
3478 1
3482 1
3515 1
3518 1
3522 1
3530 1
3531 1
3544 1
3548 1
3553 1
3555 1
3557 1
3559 3
3560 2
3562 1
3565 2
3581 1
3582 1
3585 2
3587 1
3589 1
3592 1
3606 1
3607 1
3609 1
3616 2
3618 1
3624 3
3626 1
3629 2
3634 1
3636 2
3638 1
3640 1
3644 1
3649 3
3652 2
3653 1
3656 2
3663 1
3664 1
3665 2
3668 1
3669 1
3672 2
3676 1
3684 1
3685 1
3687 1
3691 2
3696 1
3700 1
3706 1
3711 2
3714 1
3727 1
3762 1
3769 1
3773 1
3970 1
3984 1
3990 1
4100 1
4121 1
4132 1
4377 1
4431 1
4491 1
4496 1
4503 2
4507 1
4509 1
4513 2
4517 2
4519 1
4525 1
4531 1
4535 1
4558 1
4562 1
4567 1
4572 1
4574 1
4580 1
4585 1
4588 1
5389 1
5424 1
5431 1
5436 1
5438 1
5444 1
5450 1
5464 1
5474 1
5480 1
5535 1
5648 1
5662 1
5722 1
5733 1
5735 1
5740 1
5745 4
5746 1
5748 1
5749 1
5750 1
5753 1
5755 1
5756 1
5760 1
5764 1
5765 1
5768 1
5772 1
5774 1
5775 1
5776 1
5777 1
5784 1
5786 1
6388 1
6404 1
6411 1
6421 1
6422 1
7250 1
7259 1
7274 1
8200 1
8249 1
9015 1
9021 1
10001 10
