1 21747953
2 12160118
3 8365108
4 5876017
5 3833912
6 2372196
7 1457487
8 1007489
9 828298
10 795487
11 795013
12 790846
13 760770
14 702085
15 619120
16 527323
17 430760
18 341075
19 264506
20 206427
21 170493
22 156272
23 157457
24 174270
25 202185
26 239493
27 278448
28 320570
29 363048
30 404576
31 441452
32 473989
33 498355
34 518978
35 532152
36 534690
37 533935
38 525253
39 513102
40 496895
41 474643
42 452621
43 429645
44 406808
45 386578
46 369511
47 354925
48 343771
49 335447
50 328694
51 327609
52 328209
53 329305
54 331869
55 334876
56 340136
57 342002
58 342618
59 344809
60 342571
61 336892
62 329820
63 317653
64 303628
65 287236
66 270219
67 249996
68 229646
69 207921
70 187495
71 166659
72 147358
73 128542
74 112383
75 98725
76 87589
77 77994
78 70594
79 64499
80 61998
81 60283
82 60325
83 61940
84 64144
85 67782
86 71899
87 76150
88 81015
89 85248
90 89684
91 92784
92 95475
93 97152
94 97950
95 98716
96 97449
97 95422
98 93403
99 90466
100 86161
101 83150
102 79255
103 75271
104 71886
105 69213
106 66552
107 64824
108 63969
109 63717
110 64207
111 66122
112 67763
113 71189
114 74187
115 77938
116 82296
117 87092
118 91646
119 97003
120 101449
121 106602
122 111002
123 114000
124 116977
125 119482
126 120409
127 121379
128 120748
129 119534
130 117383
131 114739
132 111273
133 107665
134 103242
135 99191
136 94034
137 89320
138 84754
139 80536
140 76522
141 73033
142 69536
143 67731
144 65298
145 63707
146 63268
147 63307
148 64041
149 65614
150 68545
151 70912
152 74316
153 78150
154 82084
155 85926
156 90202
157 94619
158 98630
159 103291
160 106826
161 109950
162 113272
163 115673
164 117795
165 118357
166 119097
167 119065
168 118746
169 117864
170 115834
171 113068
172 109785
173 105685
174 101409
175 97071
176 91693
177 86386
178 81356
179 76544
180 70822
181 65471
182 60159
183 55317
184 50676
185 46100
186 41983
187 37885
188 33638
189 29977
190 26382
191 23000
192 20220
193 17455
194 15167
195 13203
196 11167
197 9746
198 8237
199 6973
200 5903
201 5089
202 4153
203 3605
204 3080
205 2663
206 2155
207 1863
208 1571
209 1379
210 1197
211 1043
212 921
213 796
214 782
215 695
216 622
217 582
218 588
219 547
220 508
221 542
222 490
223 479
224 521
225 540
226 499
227 460
228 446
229 481
230 471
231 448
232 473
233 532
234 469
235 512
236 493
237 527
238 561
239 516
240 562
241 635
242 617
243 664
244 695
245 653
246 666
247 687
248 751
249 686
250 746
251 679
252 748
253 750
254 742
255 769
256 754
257 628
258 689
259 676
260 681
261 617
262 621
263 565
264 543
265 543
266 588
267 554
268 497
269 581
270 519
271 529
272 430
273 440
274 449
275 410
276 403
277 359
278 370
279 362
280 291
281 269
282 279
283 261
284 249
285 261
286 308
287 208
288 232
289 219
290 196
291 209
292 188
293 216
294 178
295 179
296 192
297 189
298 184
299 169
300 178
301 141
302 186
303 170
304 186
305 172
306 192
307 178
308 180
309 176
310 161
311 186
312 240
313 230
314 231
315 240
316 265
317 245
318 274
319 290
320 246
321 280
322 282
323 286
324 325
325 349
326 355
327 337
328 328
329 323
330 345
331 380
332 324
333 320
334 332
335 324
336 313
337 316
338 318
339 317
340 328
341 321
342 287
343 294
344 279
345 288
346 288
347 282
348 259
349 266
350 264
351 280
352 244
353 265
354 269
355 264
356 260
357 245
358 258
359 238
360 215
361 236
362 222
363 221
364 211
365 230
366 235
367 216
368 208
369 215
370 203
371 199
372 189
373 183
374 193
375 183
376 218
377 216
378 237
379 242
380 230
381 230
382 218
383 238
384 208
385 169
386 196
387 199
388 185
389 179
390 174
391 173
392 168
393 184
394 182
395 190
396 150
397 157
398 172
399 172
400 133
401 147
402 115
403 120
404 104
405 92
406 112
407 95
408 88
409 93
410 93
411 85
412 81
413 65
414 83
415 59
416 69
417 55
418 63
419 57
420 58
421 67
422 42
423 49
424 39
425 32
426 32
427 34
428 19
429 30
430 19
431 26
432 26
433 20
434 18
435 16
436 13
437 34
438 40
439 26
440 39
441 51
442 41
443 54
444 57
445 56
446 68
447 76
448 57
449 63
450 62
451 60
452 75
453 66
454 72
455 70
456 75
457 81
458 79
459 78
460 70
461 103
462 68
463 88
464 82
465 101
466 99
467 100
468 105
469 121
470 112
471 109
472 119
473 109
474 112
475 113
476 127
477 123
478 123
479 152
480 146
481 123
482 151
483 145
484 147
485 138
486 155
487 156
488 141
489 146
490 126
491 162
492 158
493 144
494 152
495 148
496 142
497 164
498 149
499 164
500 145
501 129
502 117
503 142
504 140
505 112
506 145
507 131
508 122
509 133
510 143
511 140
512 144
513 122
514 154
515 146
516 119
517 118
518 109
519 111
520 110
521 113
522 107
523 107
524 98
525 96
526 84
527 79
528 87
529 88
530 70
531 80
532 89
533 79
534 55
535 83
536 90
537 82
538 77
539 77
540 79
541 60
542 68
543 63
544 73
545 71
546 70
547 74
548 46
549 65
550 54
551 73
552 58
553 56
554 41
555 69
556 60
557 65
558 53
559 54
560 74
561 62
562 60
563 60
564 66
565 57
566 71
567 71
568 69
569 77
570 67
571 69
572 69
573 79
574 90
575 74
576 69
577 71
578 65
579 72
580 74
581 64
582 67
583 55
584 68
585 66
586 54
587 43
588 64
589 52
590 51
591 56
592 52
593 38
594 56
595 33
596 33
597 28
598 31
599 28
600 27
601 36
602 35
603 17
604 28
605 22
606 26
607 17
608 18
609 15
610 21
611 24
612 13
613 21
614 15
615 22
616 14
617 9
618 10
619 9
620 8
621 9
622 4
623 7
624 14
625 6
626 15
627 8
628 19
629 11
630 17
631 20
632 5
633 19
634 20
635 11
636 15
637 24
638 22
639 13
640 28
641 27
642 25
643 17
644 22
645 16
646 24
647 21
648 27
649 22
650 25
651 18
652 22
653 31
654 25
655 27
656 27
657 30
658 22
659 33
660 40
661 39
662 28
663 32
664 37
665 48
666 25
667 38
668 37
669 28
670 25
671 30
672 21
673 27
674 22
675 31
676 29
677 29
678 27
679 27
680 33
681 34
682 32
683 43
684 34
685 35
686 20
687 32
688 17
689 24
690 15
691 26
692 15
693 15
694 16
695 19
696 18
697 20
698 17
699 14
700 13
701 9
702 18
703 12
704 16
705 12
706 13
707 9
708 16
709 15
710 16
711 21
712 11
713 11
714 9
715 6
716 12
717 8
718 1
719 15
720 9
721 6
722 5
723 13
724 12
725 6
726 5
727 8
728 9
729 9
730 11
731 2
732 3
733 6
734 9
735 7
736 9
737 8
738 5
739 8
740 10
741 5
742 8
743 11
744 6
745 7
746 8
747 6
748 5
749 7
750 6
751 7
752 12
753 9
754 9
755 13
756 7
757 12
758 11
759 20
760 6
761 12
762 5
763 6
764 11
765 6
766 7
767 9
768 7
769 3
770 6
771 8
772 7
773 12
774 15
775 17
776 13
777 17
778 16
779 15
780 13
781 20
782 25
783 16
784 16
785 24
786 26
787 14
788 34
789 35
790 45
791 47
792 50
793 75
794 71
795 88
796 78
797 85
798 90
799 120
800 117
801 137
802 154
803 169
804 173
805 216
806 251
807 281
808 315
809 363
810 388
811 459
812 493
813 524
814 573
815 625
816 699
817 798
818 862
819 886
820 966
821 1019
822 1144
823 1264
824 1444
825 1467
826 1577
827 1704
828 1845
829 2091
830 2182
831 2463
832 2585
833 2719
834 3009
835 3188
836 3443
837 3704
838 4004
839 4216
840 4596
841 4865
842 5224
843 5523
844 5979
845 6241
846 6644
847 7061
848 7520
849 7756
850 8383
851 8786
852 9354
853 9695
854 10328
855 11049
856 11374
857 11902
858 12400
859 13022
860 13511
861 14295
862 14708
863 15391
864 16035
865 16750
866 17397
867 18002
868 18778
869 19323
870 19888
871 20628
872 21199
873 21998
874 22630
875 22991
876 23551
877 24183
878 24637
879 25142
880 25421
881 26145
882 26364
883 26897
884 27354
885 28079
886 28495
887 28632
888 29087
889 29470
890 29828
891 29985
892 30123
893 30946
894 30400
895 30511
896 31086
897 30860
898 31393
899 31467
900 31429
901 31369
902 31512
903 31337
904 31042
905 31095
906 31001
907 31349
908 30927
909 31088
910 31274
911 31127
912 31069
913 30905
914 30862
915 30789
916 30821
917 31033
918 30726
919 30555
920 30485
921 30458
922 30587
923 30546
924 30320
925 30530
926 30717
927 31010
928 31131
929 31219
930 30779
931 31357
932 31500
933 31580
934 32089
935 32408
936 32541
937 32729
938 32757
939 33383
940 33695
941 33880
942 34819
943 34892
944 35450
945 36209
946 36500
947 36517
948 37680
949 37911
950 38534
951 39179
952 39742
953 40392
954 40630
955 40984
956 41484
957 42143
958 42751
959 42984
960 43267
961 43785
962 44425
963 44323
964 44859
965 45209
966 45369
967 45406
968 45752
969 46035
970 46512
971 46399
972 46293
973 46655
974 46684
975 46811
976 46262
977 46275
978 46181
979 46422
980 46149
981 45644
982 45667
983 44885
984 44476
985 44378
986 43835
987 42943
988 43068
989 42099
990 41591
991 41100
992 40425
993 39670
994 39076
995 37762
996 37401
997 36786
998 35953
999 35084
1000 34282
1001 33316
1002 32492
1003 31911
1004 30546
1005 29878
1006 28869
1007 27717
1008 26839
1009 25835
1010 25335
1011 24240
1012 23482
1013 22569
1014 21612
1015 20986
1016 20164
1017 19294
1018 18611
1019 17688
1020 16913
1021 16213
1022 15489
1023 14904
1024 14166
1025 13503
1026 12855
1027 12075
1028 11818
1029 11110
1030 10403
1031 9768
1032 9328
1033 8872
1034 8346
1035 7751
1036 7382
1037 6907
1038 6640
1039 5996
1040 5685
1041 5438
1042 5031
1043 4742
1044 4512
1045 4187
1046 3897
1047 3705
1048 3370
1049 3218
1050 2974
1051 2820
1052 2638
1053 2332
1054 2235
1055 2013
1056 1920
1057 1814
1058 1682
1059 1497
1060 1422
1061 1285
1062 1186
1063 1114
1064 1086
1065 895
1066 860
1067 810
1068 747
1069 633
1070 643
1071 537
1072 513
1073 523
1074 407
1075 355
1076 367
1077 321
1078 290
1079 260
1080 223
1081 210
1082 193
1083 171
1084 170
1085 141
1086 130
1087 122
1088 114
1089 95
1090 112
1091 83
1092 81
1093 62
1094 59
1095 68
1096 56
1097 36
1098 44
1099 33
1100 37
1101 25
1102 28
1103 28
1104 28
1105 33
1106 20
1107 25
1108 19
1109 19
1110 13
1111 30
1112 18
1113 20
1114 18
1115 25
1116 14
1117 17
1118 16
1119 16
1120 12
1121 19
1122 20
1123 15
1124 15
1125 12
1126 15
1127 7
1128 19
1129 15
1130 13
1131 18
1132 18
1133 20
1134 21
1135 15
1136 20
1137 23
1138 17
1139 15
1140 35
1141 18
1142 30
1143 22
1144 21
1145 21
1146 20
1147 18
1148 24
1149 17
1150 33
1151 21
1152 21
1153 17
1154 27
1155 20
1156 13
1157 24
1158 16
1159 22
1160 16
1161 14
1162 16
1163 15
1164 10
1165 10
1166 17
1167 19
1168 19
1169 11
1170 16
1171 21
1172 18
1173 16
1174 12
1175 11
1176 20
1177 9
1178 14
1179 11
1180 16
1181 15
1182 16
1183 13
1184 10
1185 15
1186 12
1187 15
1188 18
1189 17
1190 8
1191 14
1192 11
1193 15
1194 20
1195 14
1196 13
1197 14
1198 17
1199 13
1200 19
1201 21
1202 7
1203 11
1204 14
1205 11
1206 20
1207 16
1208 10
1209 15
1210 8
1211 16
1212 15
1213 13
1214 12
1215 15
1216 15
1217 15
1218 10
1219 16
1220 18
1221 12
1222 14
1223 17
1224 11
1225 20
1226 20
1227 20
1228 21
1229 11
1230 15
1231 16
1232 18
1233 14
1234 10
1235 13
1236 25
1237 20
1238 17
1239 18
1240 10
1241 9
1242 13
1243 15
1244 13
1245 16
1246 16
1247 18
1248 15
1249 14
1250 20
1251 8
1252 14
1253 14
1254 18
1255 14
1256 9
1257 11
1258 22
1259 9
1260 21
1261 18
1262 20
1263 17
1264 15
1265 24
1266 16
1267 18
1268 14
1269 21
1270 15
1271 19
1272 10
1273 19
1274 16
1275 15
1276 9
1277 18
1278 9
1279 11
1280 13
1281 19
1282 16
1283 15
1284 23
1285 14
1286 15
1287 12
1288 13
1289 10
1290 11
1291 11
1292 10
1293 16
1294 14
1295 12
1296 14
1297 19
1298 16
1299 15
1300 15
1301 15
1302 13
1303 16
1304 9
1305 16
1306 15
1307 16
1308 13
1309 10
1310 15
1311 13
1312 16
1313 12
1314 11
1315 11
1316 20
1317 13
1318 14
1319 13
1320 13
1321 22
1322 12
1323 21
1324 20
1325 20
1326 15
1327 19
1328 16
1329 17
1330 14
1331 12
1332 13
1333 12
1334 16
1335 12
1336 17
1337 19
1338 12
1339 9
1340 15
1341 20
1342 27
1343 15
1344 15
1345 12
1346 17
1347 17
1348 11
1349 12
1350 10
1351 13
1352 16
1353 8
1354 10
1355 18
1356 13
1357 18
1358 8
1359 11
1360 15
1361 10
1362 16
1363 10
1364 13
1365 10
1366 6
1367 9
1368 13
1369 13
1370 10
1371 16
1372 12
1373 5
1374 13
1375 12
1376 13
1377 11
1378 12
1379 15
1380 9
1381 9
1382 7
1383 6
1384 11
1385 13
1386 3
1387 13
1388 4
1389 8
1390 7
1391 5
1392 8
1393 8
1394 9
1395 7
1396 3
1397 6
1398 10
1399 8
1400 3
1401 13
1402 7
1403 4
1404 6
1405 2
1406 6
1407 2
1408 4
1409 2
1410 2
1411 3
1412 4
1413 2
1414 6
1415 4
1416 8
1417 2
1418 2
1419 4
1420 5
1421 3
1422 3
1423 2
1424 4
1425 4
1426 4
1427 3
1428 5
1429 2
1430 7
1431 1
1432 3
1433 3
1434 4
1435 6
1436 4
1437 4
1438 5
1439 4
1440 1
1441 7
1442 5
1443 3
1444 2
1445 3
1446 4
1447 6
1448 5
1449 4
1450 7
1451 6
1452 9
1453 4
1454 8
1455 5
1456 6
1457 3
1458 6
1459 4
1460 6
1461 1
1462 4
1463 2
1464 3
1465 2
1466 6
1467 5
1468 3
1469 3
1470 3
1471 3
1472 6
1473 3
1474 6
1475 2
1476 5
1477 2
1478 3
1479 4
1480 5
1481 5
1482 3
1483 4
1484 6
1485 5
1486 5
1487 7
1488 5
1489 3
1490 2
1491 6
1492 3
1493 7
1494 6
1495 5
1496 5
1497 7
1498 6
1499 7
1500 5
1501 11
1502 4
1503 10
1504 9
1505 4
1506 10
1507 9
1508 10
1509 4
1510 9
1511 4
1512 5
1513 9
1514 4
1515 9
1516 10
1517 8
1518 7
1519 13
1520 10
1521 5
1522 7
1523 4
1524 5
1525 7
1526 6
1527 6
1528 7
1529 4
1530 8
1531 7
1532 5
1533 3
1534 5
1535 3
1536 4
1537 3
1538 1
1539 4
1540 4
1541 3
1542 5
1543 1
1544 6
1545 3
1546 2
1547 2
1548 1
1549 1
1550 3
1551 4
1552 3
1553 3
1554 1
1555 2
1556 2
1557 3
1558 3
1559 1
1560 2
1561 1
1562 5
1563 2
1564 6
1565 5
1566 2
1567 1
1568 3
1569 3
1570 3
1571 2
1572 2
1573 3
1574 1
1575 1
1576 2
1577 3
1578 1
1579 1
1580 2
1581 2
1582 1
1583 3
1584 2
1585 1
1586 1
1587 1
1588 1
1589 1
1590 2
1591 1
1592 1
1593 2
1594 1
1595 1
1596 1
1597 1
1598 1
1599 1
1600 2
1601 3
1602 1
1603 2
1604 1
1605 2
1606 1
1607 1
1608 1
1609 2
1610 3
1611 5
1612 4
1613 1
1614 2
1615 5
1616 6
1617 3
1618 2
1619 3
1620 3
1621 7
1622 3
1623 5
1624 3
1625 2
1626 2
1627 4
1628 6
1629 6
1630 6
1631 4
1632 6
1633 10
1634 8
1635 6
1636 4
1637 4
1638 5
1639 6
1640 9
1641 6
1642 13
1643 7
1644 10
1645 9
1646 9
1647 11
1648 13
1649 10
1650 17
1651 25
1652 20
1653 25
1654 19
1655 21
1656 23
1657 25
1658 23
1659 30
1660 32
1661 30
1662 29
1663 29
1664 37
1665 31
1666 33
1667 30
1668 49
1669 41
1670 33
1671 38
1672 49
1673 54
1674 47
1675 51
1676 50
1677 57
1678 52
1679 62
1680 61
1681 64
1682 50
1683 65
1684 63
1685 77
1686 86
1687 75
1688 65
1689 81
1690 91
1691 99
1692 77
1693 85
1694 98
1695 95
1696 86
1697 93
1698 94
1699 109
1700 103
1701 88
1702 112
1703 93
1704 92
1705 105
1706 93
1707 87
1708 86
1709 97
1710 89
1711 93
1712 105
1713 105
1714 102
1715 104
1716 119
1717 106
1718 106
1719 111
1720 116
1721 129
1722 113
1723 114
1724 109
1725 125
1726 145
1727 127
1728 132
1729 132
1730 122
1731 118
1732 122
1733 119
1734 125
1735 121
1736 141
1737 123
1738 156
1739 128
1740 152
1741 161
1742 125
1743 156
1744 122
1745 169
1746 168
1747 177
1748 145
1749 146
1750 130
1751 150
1752 152
1753 132
1754 146
1755 141
1756 134
1757 138
1758 147
1759 111
1760 145
1761 123
1762 142
1763 123
1764 143
1765 118
1766 126
1767 145
1768 124
1769 149
1770 142
1771 126
1772 128
1773 116
1774 110
1775 100
1776 118
1777 132
1778 99
1779 124
1780 119
1781 108
1782 114
1783 106
1784 110
1785 86
1786 97
1787 82
1788 79
1789 103
1790 72
1791 82
1792 87
1793 71
1794 84
1795 60
1796 61
1797 71
1798 76
1799 49
1800 55
1801 62
1802 55
1803 56
1804 55
1805 55
1806 55
1807 42
1808 57
1809 43
1810 47
1811 60
1812 57
1813 55
1814 64
1815 54
1816 54
1817 59
1818 54
1819 57
1820 55
1821 50
1822 42
1823 60
1824 69
1825 43
1826 59
1827 47
1828 58
1829 42
1830 55
1831 48
1832 50
1833 55
1834 50
1835 62
1836 50
1837 52
1838 59
1839 66
1840 71
1841 61
1842 90
1843 75
1844 91
1845 86
1846 81
1847 84
1848 107
1849 72
1850 105
1851 104
1852 78
1853 86
1854 86
1855 85
1856 92
1857 115
1858 87
1859 121
1860 104
1861 110
1862 96
1863 116
1864 111
1865 129
1866 98
1867 139
1868 132
1869 118
1870 128
1871 116
1872 127
1873 141
1874 142
1875 158
1876 132
1877 126
1878 136
1879 122
1880 150
1881 161
1882 142
1883 145
1884 163
1885 163
1886 147
1887 142
1888 170
1889 163
1890 153
1891 183
1892 174
1893 162
1894 161
1895 176
1896 144
1897 175
1898 150
1899 178
1900 161
1901 151
1902 160
1903 163
1904 173
1905 160
1906 144
1907 156
1908 140
1909 133
1910 133
1911 150
1912 127
1913 129
1914 132
1915 110
1916 126
1917 114
1918 119
1919 116
1920 134
1921 104
1922 132
1923 99
1924 129
1925 131
1926 110
1927 127
1928 140
1929 143
1930 130
1931 135
1932 130
1933 96
1934 102
1935 127
1936 133
1937 122
1938 90
1939 104
1940 112
1941 102
1942 104
1943 100
1944 112
1945 111
1946 96
1947 107
1948 116
1949 105
1950 109
1951 72
1952 87
1953 97
1954 72
1955 90
1956 85
1957 93
1958 88
1959 74
1960 83
1961 74
1962 71
1963 82
1964 67
1965 72
1966 65
1967 63
1968 57
1969 76
1970 50
1971 54
1972 52
1973 52
1974 47
1975 39
1976 46
1977 44
1978 41
1979 35
1980 38
1981 33
1982 31
1983 30
1984 36
1985 34
1986 23
1987 26
1988 16
1989 18
1990 22
1991 25
1992 24
1993 18
1994 15
1995 23
1996 12
1997 9
1998 14
1999 18
2000 15
2001 15
2002 16
2003 15
2004 14
2005 21
2006 17
2007 13
2008 11
2009 11
2010 16
2011 5
2012 10
2013 7
2014 7
2015 14
2016 9
2017 10
2018 3
2019 7
2020 5
2021 10
2022 4
2023 6
2024 5
2025 5
2026 7
2027 3
2028 3
2029 11
2030 3
2031 4
2032 8
2033 7
2034 6
2035 7
2036 3
2037 6
2038 4
2039 4
2040 4
2041 4
2042 2
2043 3
2044 5
2045 4
2046 5
2047 4
2048 2
2049 4
2050 3
2051 5
2052 2
2053 6
2054 3
2055 1
2056 3
2057 3
2058 3
2059 6
2060 6
2061 5
2062 5
2063 1
2064 1
2065 4
2066 6
2067 1
2068 5
2069 2
2070 7
2071 2
2072 7
2073 5
2074 4
2075 4
2076 4
2077 7
2078 1
2079 5
2080 5
2081 4
2082 3
2083 1
2084 5
2085 3
2086 4
2087 5
2088 3
2089 5
2090 3
2091 1
2092 6
2093 4
2094 6
2095 3
2096 5
2097 4
2098 4
2099 4
2100 2
2101 2
2102 2
2103 3
2104 5
2105 3
2106 5
2107 3
2108 4
2109 5
2110 6
2111 3
2112 1
2113 3
2114 2
2115 4
2116 2
2117 1
2118 6
2119 3
2120 4
2121 1
2122 2
2123 5
2124 2
2125 1
2126 3
2127 4
2128 7
2129 3
2130 3
2131 6
2132 5
2133 2
2134 7
2135 5
2136 1
2137 6
2138 4
2139 6
2140 3
2141 8
2142 6
2143 4
2144 3
2145 7
2146 3
2147 10
2148 8
2149 9
2150 2
2151 6
2152 3
2153 5
2154 10
2155 8
2156 11
2157 7
2158 7
2159 7
2160 12
2161 4
2162 8
2163 6
2164 8
2165 8
2166 8
2167 8
2168 3
2169 7
2170 2
2171 7
2172 7
2173 4
2174 10
2175 12
2176 5
2177 8
2178 6
2179 11
2180 6
2181 4
2182 3
2183 4
2184 9
2185 8
2186 7
2187 1
2188 4
2189 6
2190 5
2191 5
2192 6
2193 2
2194 2
2195 2
2196 2
2197 6
2198 5
2199 4
2200 1
2201 1
2202 7
2203 5
2204 5
2205 4
2206 3
2207 2
2208 4
2209 1
2210 5
2211 3
2212 4
2213 5
2214 2
2215 3
2216 5
2217 3
2218 4
2219 3
2220 5
2221 4
2222 6
2223 2
2224 1
2225 2
2226 6
2227 3
2228 2
2229 3
2230 7
2231 2
2232 1
2233 4
2234 6
2235 2
2236 3
2237 6
2238 8
2239 1
2240 7
2241 3
2242 7
2243 2
2244 5
2245 4
2246 2
2247 2
2248 1
2249 4
2250 7
2251 2
2252 3
2253 9
2254 8
2255 8
2256 7
2257 2
2258 6
2259 7
2260 3
2261 2
2262 6
2263 7
2264 8
2265 3
2266 2
2267 2
2268 4
2269 4
2270 8
2271 5
2272 3
2273 1
2274 1
2275 5
2276 3
2277 8
2278 2
2279 4
2280 5
2281 5
2282 3
2283 5
2284 4
2285 3
2286 2
2287 2
2288 6
2289 6
2290 3
2291 4
2292 4
2293 2
2294 2
2295 4
2296 3
2297 1
2298 2
2299 3
2300 2
2301 3
2302 2
2303 4
2304 2
2305 2
2306 1
2307 4
2308 4
2309 2
2310 2
2311 2
2312 2
2313 1
2314 3
2315 3
2316 2
2317 1
2318 2
2319 1
2320 1
2321 4
2322 2
2323 1
2324 1
2325 1
2326 3
2327 2
2328 1
2329 1
2330 2
2331 1
2332 1
2333 3
2334 3
2335 2
2336 1
2337 1
2338 1
2339 1
2340 2
2341 1
2342 1
2343 4
2344 1
2345 2
2346 2
2347 3
2348 1
2349 2
2350 3
2351 1
2352 2
2353 2
2354 3
2355 2
2356 4
2357 4
2358 2
2359 5
2360 1
2361 4
2362 3
2363 2
2364 1
2365 3
2366 1
2367 1
2368 5
2369 3
2370 2
2371 3
2372 1
2373 7
2374 1
2375 5
2376 3
2377 2
2378 3
2379 4
2380 2
2381 4
2382 2
2383 2
2384 3
2385 5
2386 1
2387 1
2388 3
2389 4
2390 3
2391 2
2392 1
2393 2
2394 2
2395 2
2396 2
2397 2
2398 2
2399 2
2400 5
2401 3
2402 2
2403 3
2404 2
2405 4
2406 3
2407 2
2408 3
2409 5
2410 2
2411 5
2412 3
2413 1
2414 2
2415 4
2416 2
2417 2
2418 8
2419 3
2420 3
2421 3
2422 1
2423 2
2424 4
2425 2
2426 2
2427 5
2428 2
2429 3
2430 1
2431 2
2432 2
2433 2
2434 4
2435 1
2436 2
2437 2
2438 1
2439 4
2440 2
2441 5
2442 4
2443 4
2444 2
2445 4
2446 4
2447 4
2448 3
2449 4
2450 3
2451 3
2452 5
2453 5
2454 4
2455 6
2456 2
2457 4
2458 4
2459 2
2460 3
2461 3
2462 3
2463 5
2464 8
2465 4
2466 5
2467 2
2468 6
2469 4
2470 3
2471 5
2472 4
2473 2
2474 3
2475 5
2476 3
2477 3
2478 3
2479 7
2480 7
2481 4
2482 5
2483 5
2484 7
2485 8
2486 7
2487 3
2488 4
2489 5
2490 6
2491 10
2492 4
2493 10
2494 7
2495 11
2496 7
2497 7
2498 9
2499 9
2500 10
2501 5
2502 8
2503 13
2504 9
2505 12
2506 14
2507 12
2508 9
2509 8
2510 15
2511 8
2512 17
2513 12
2514 9
2515 14
2516 9
2517 11
2518 19
2519 17
2520 17
2521 19
2522 18
2523 28
2524 18
2525 15
2526 24
2527 16
2528 19
2529 22
2530 23
2531 20
2532 16
2533 27
2534 27
2535 23
2536 29
2537 28
2538 34
2539 34
2540 35
2541 34
2542 33
2543 33
2544 37
2545 47
2546 38
2547 45
2548 44
2549 46
2550 42
2551 43
2552 55
2553 48
2554 59
2555 69
2556 36
2557 49
2558 44
2559 43
2560 44
2561 55
2562 68
2563 57
2564 64
2565 50
2566 59
2567 61
2568 51
2569 55
2570 45
2571 57
2572 62
2573 52
2574 62
2575 67
2576 42
2577 58
2578 55
2579 54
2580 51
2581 53
2582 59
2583 64
2584 56
2585 79
2586 57
2587 77
2588 80
2589 81
2590 55
2591 70
2592 74
2593 88
2594 51
2595 52
2596 71
2597 68
2598 69
2599 58
2600 80
2601 67
2602 64
2603 70
2604 71
2605 69
2606 74
2607 58
2608 68
2609 75
2610 80
2611 73
2612 78
2613 74
2614 78
2615 68
2616 69
2617 91
2618 76
2619 68
2620 73
2621 66
2622 72
2623 68
2624 69
2625 58
2626 55
2627 70
2628 86
2629 75
2630 76
2631 62
2632 82
2633 68
2634 55
2635 61
2636 90
2637 63
2638 61
2639 74
2640 87
2641 61
2642 67
2643 67
2644 81
2645 77
2646 81
2647 61
2648 75
2649 67
2650 59
2651 61
2652 66
2653 64
2654 62
2655 55
2656 57
2657 59
2658 54
2659 68
2660 58
2661 58
2662 57
2663 73
2664 58
2665 51
2666 60
2667 70
2668 61
2669 53
2670 52
2671 51
2672 62
2673 49
2674 48
2675 36
2676 36
2677 52
2678 46
2679 56
2680 42
2681 37
2682 44
2683 36
2684 33
2685 28
2686 28
2687 33
2688 29
2689 29
2690 33
2691 38
2692 32
2693 31
2694 28
2695 33
2696 29
2697 24
2698 22
2699 28
2700 22
2701 28
2702 26
2703 27
2704 31
2705 15
2706 16
2707 22
2708 22
2709 11
2710 15
2711 17
2712 16
2713 14
2714 21
2715 18
2716 24
2717 10
2718 15
2719 13
2720 8
2721 15
2722 16
2723 8
2724 12
2725 10
2726 14
2727 16
2728 13
2729 9
2730 6
2731 11
2732 7
2733 5
2734 6
2735 10
2736 9
2737 6
2738 8
2739 8
2740 8
2741 4
2742 6
2743 9
2744 8
2745 6
2746 3
2747 4
2748 1
2749 6
2750 8
2751 1
2752 3
2753 2
2754 5
2755 5
2756 1
2757 2
2758 3
2759 3
2760 9
2761 6
2762 5
2763 5
2764 7
2765 4
2766 3
2767 8
2768 2
2769 3
2770 5
2771 3
2772 3
2773 1
2774 1
2775 5
2776 2
2777 7
2778 5
2779 2
2780 1
2781 4
2782 6
2783 6
2784 5
2785 8
2786 6
2787 6
2788 4
2789 8
2790 7
2791 3
2792 7
2793 6
2794 12
2795 8
2796 7
2797 6
2798 10
2799 12
2800 7
2801 5
2802 7
2803 5
2804 7
2805 4
2806 8
2807 6
2808 7
2809 7
2810 6
2811 6
2812 4
2813 5
2814 6
2815 4
2816 8
2817 8
2818 7
2819 5
2820 6
2821 8
2822 9
2823 8
2824 16
2825 8
2826 6
2827 15
2828 6
2829 7
2830 13
2831 8
2832 11
2833 11
2834 10
2835 8
2836 15
2837 13
2838 20
2839 17
2840 11
2841 11
2842 6
2843 7
2844 8
2845 10
2846 12
2847 8
2848 13
2849 5
2850 10
2851 11
2852 13
2853 11
2854 7
2855 7
2856 8
2857 7
2858 14
2859 8
2860 6
2861 10
2862 6
2863 10
2864 12
2865 12
2866 13
2867 7
2868 4
2869 10
2870 15
2871 9
2872 14
2873 8
2874 16
2875 12
2876 7
2877 10
2878 15
2879 14
2880 7
2881 13
2882 7
2883 8
2884 7
2885 18
2886 11
2887 8
2888 7
2889 10
2890 6
2891 11
2892 14
2893 20
2894 11
2895 11
2896 8
2897 8
2898 7
2899 11
2900 9
2901 4
2902 6
2903 9
2904 9
2905 8
2906 9
2907 14
2908 8
2909 6
2910 10
2911 14
2912 9
2913 8
2914 14
2915 3
2916 5
2917 8
2918 8
2919 9
2920 6
2921 5
2922 12
2923 10
2924 10
2925 6
2926 6
2927 9
2928 3
2929 5
2930 4
2931 5
2932 6
2933 11
2934 8
2935 5
2936 9
2937 6
2938 6
2939 5
2940 8
2941 6
2942 6
2943 5
2944 2
2945 8
2946 5
2947 4
2948 5
2949 7
2950 12
2951 8
2952 11
2953 6
2954 5
2955 1
2956 5
2957 9
2958 4
2959 2
2960 4
2961 4
2962 3
2963 4
2964 4
2965 1
2966 9
2967 9
2968 8
2969 7
2970 9
2971 11
2972 2
2973 7
2974 3
2975 11
2976 2
2977 2
2978 5
2979 8
2980 5
2981 2
2982 3
2983 4
2984 6
2985 3
2986 4
2987 4
2988 6
2989 2
2990 4
2991 2
2992 4
2993 8
2994 4
2995 5
2996 5
2997 4
2998 5
2999 3
3000 4
3001 3
3002 7
3003 5
3004 4
3005 5
3006 1
3007 4
3008 9
3009 7
3010 4
3011 6
3012 3
3013 5
3014 6
3015 6
3016 3
3017 5
3018 5
3019 5
3020 4
3021 6
3022 4
3023 3
3024 8
3025 2
3026 6
3027 9
3028 5
3029 4
3030 8
3031 6
3032 6
3033 6
3034 4
3035 2
3036 4
3037 4
3038 4
3039 5
3040 5
3041 4
3042 5
3043 2
3044 1
3045 3
3046 6
3047 7
3048 6
3049 3
3050 5
3051 1
3052 6
3053 7
3054 9
3055 8
3056 6
3057 3
3058 6
3059 9
3060 4
3061 6
3062 6
3063 5
3064 5
3065 9
3066 5
3067 5
3068 1
3069 8
3070 4
3071 5
3072 6
3073 3
3074 5
3075 3
3076 4
3077 3
3078 6
3079 5
3080 2
3081 4
3082 2
3083 3
3084 4
3085 3
3086 8
3087 6
3088 5
3089 8
3090 3
3091 3
3092 4
3093 4
3094 2
3095 5
3096 4
3097 4
3098 4
3099 3
3100 4
3101 9
3102 4
3103 6
3104 1
3105 8
3106 2
3107 5
3108 3
3109 2
3110 2
3111 5
3112 5
3113 1
3114 1
3115 2
3116 3
3117 2
3118 2
3119 3
3120 3
3121 2
3122 1
3123 1
3124 2
3125 1
3126 3
3127 3
3128 1
3129 3
3130 1
3131 1
3132 1
3133 2
3134 1
3135 1
3136 1
3137 2
3138 4
3139 1
3140 1
3141 1
3142 1
3143 1
3144 1
3145 1
3146 2
3147 1
3148 1
3149 2
3150 1
3151 1
3152 2
3153 2
3154 1
3155 3
3156 1
3157 2
3158 2
3159 3
3160 2
3161 1
3162 2
3163 2
3164 1
3165 1
3166 1
3167 1
3168 1
3169 1
3170 1
3171 1
3172 1
3173 1
3174 1
3175 1
3176 1
3177 1
3178 1
3179 1
3180 1
3181 1
3182 1
3183 1
3184 1
3185 1
3186 1
3187 2
3188 1
3189 1
3190 1
3191 1
3192 2
3193 2
3194 2
3195 4
3196 3
3197 1
3198 3
3199 2
3200 3
3201 3
3202 2
3203 1
3204 4
3205 2
3206 2
3207 2
3208 2
3209 3
3210 1
3211 2
3212 2
3213 4
3214 2
3215 3
3216 3
3217 1
3218 2
3219 3
3220 3
3221 2
3222 3
3223 4
3224 8
3225 5
3226 5
3227 5
3228 1
3229 5
3230 8
3231 3
3232 6
3233 4
3234 2
3235 5
3236 4
3237 7
3238 3
3239 3
3240 4
3241 7
3242 9
3243 5
3244 8
3245 1
3246 8
3247 4
3248 2
3249 8
3250 5
3251 3
3252 4
3253 3
3254 9
3255 2
3256 5
3257 4
3258 6
3259 5
3260 5
3261 8
3262 7
3263 7
3264 8
3265 12
3266 8
3267 10
3268 11
3269 12
3270 9
3271 7
3272 12
3273 8
3274 9
3275 6
3276 8
3277 9
3278 17
3279 8
3280 14
3281 18
3282 10
3283 5
3284 20
3285 13
3286 16
3287 17
3288 18
3289 10
3290 12
3291 18
3292 15
3293 12
3294 13
3295 7
3296 15
3297 15
3298 13
3299 10
3300 16
3301 11
3302 15
3303 12
3304 17
3305 20
3306 16
3307 12
3308 19
3309 25
3310 20
3311 16
3312 16
3313 15
3314 22
3315 23
3316 11
3317 18
3318 16
3319 22
3320 17
3321 25
3322 26
3323 19
3324 24
3325 23
3326 17
3327 21
3328 27
3329 15
3330 15
3331 21
3332 24
3333 25
3334 30
3335 24
3336 29
3337 21
3338 26
3339 18
3340 34
3341 18
3342 20
3343 22
3344 18
3345 31
3346 25
3347 22
3348 34
3349 20
3350 21
3351 32
3352 25
3353 22
3354 22
3355 20
3356 26
3357 30
3358 25
3359 30
3360 21
3361 21
3362 33
3363 19
3364 18
3365 25
3366 19
3367 19
3368 23
3369 22
3370 21
3371 23
3372 21
3373 17
3374 14
3375 25
3376 20
3377 13
3378 16
3379 20
3380 18
3381 8
3382 9
3383 15
3384 9
3385 15
3386 11
3387 8
3388 12
3389 10
3390 16
3391 11
3392 9
3393 18
3394 12
3395 11
3396 18
3397 10
3398 15
3399 7
3400 8
3401 16
3402 16
3403 15
3404 12
3405 12
3406 7
3407 10
3408 8
3409 4
3410 7
3411 11
3412 6
3413 10
3414 8
3415 13
3416 12
3417 10
3418 8
3419 6
3420 11
3421 10
3422 5
3423 13
3424 11
3425 17
3426 11
3427 7
3428 10
3429 13
3430 6
3431 11
3432 9
3433 4
3434 9
3435 6
3436 7
3437 16
3438 9
3439 12
3440 5
3441 7
3442 9
3443 11
3444 11
3445 3
3446 5
3447 5
3448 8
3449 5
3450 6
3451 5
3452 8
3453 6
3454 4
3455 4
3456 5
3457 3
3458 2
3459 4
3460 4
3461 1
3462 5
3463 3
3464 2
3465 3
3466 2
3467 1
3468 3
3469 1
3470 2
3471 3
3472 2
3473 5
3474 1
3475 1
3476 4
3477 2
3478 2
3479 2
3480 3
3481 3
3482 3
3483 4
3484 1
3485 1
3486 2
3487 3
3488 2
3489 2
3490 1
3491 3
3492 2
3493 1
3494 2
3495 2
3496 1
3497 1
3498 1
3499 2
3500 1
3501 1
3502 1
3503 2
3504 4
3505 2
3506 1
3507 1
3508 4
3509 3
3510 4
3511 1
3512 2
3513 3
3514 2
3515 4
3516 6
3517 4
3518 4
3519 8
3520 6
3521 4
3522 3
3523 7
3524 8
3525 7
3526 8
3527 11
3528 6
3529 9
3530 7
3531 10
3532 11
3533 13
3534 5
3535 9
3536 15
3537 5
3538 6
3539 5
3540 11
3541 11
3542 16
3543 11
3544 11
3545 4
3546 11
3547 9
3548 9
3549 9
3550 7
3551 17
3552 9
3553 15
3554 13
3555 13
3556 10
3557 20
3558 13
3559 11
3560 11
3561 12
3562 12
3563 18
3564 15
3565 16
3566 15
3567 13
3568 22
3569 21
3570 10
3571 20
3572 14
3573 13
3574 16
3575 17
3576 14
3577 8
3578 20
3579 14
3580 16
3581 15
3582 15
3583 17
3584 15
3585 13
3586 17
3587 17
3588 11
3589 13
3590 13
3591 14
3592 14
3593 19
3594 17
3595 16
3596 24
3597 12
3598 20
3599 16
3600 14
3601 20
3602 17
3603 19
3604 25
3605 20
3606 15
3607 14
3608 22
3609 23
3610 18
3611 12
3612 25
3613 24
3614 18
3615 25
3616 18
3617 24
3618 23
3619 12
3620 27
3621 19
3622 20
3623 26
3624 17
3625 17
3626 20
3627 13
3628 18
3629 15
3630 20
3631 15
3632 17
3633 15
3634 20
3635 19
3636 16
3637 14
3638 18
3639 14
3640 18
3641 20
3642 20
3643 20
3644 17
3645 17
3646 11
3647 20
3648 18
3649 16
3650 28
3651 23
3652 25
3653 16
3654 17
3655 10
3656 21
3657 24
3658 21
3659 15
3660 21
3661 20
3662 14
3663 29
3664 20
3665 22
3666 17
3667 19
3668 16
3669 22
3670 23
3671 26
3672 16
3673 21
3674 15
3675 24
3676 11
3677 13
3678 21
3679 16
3680 23
3681 9
3682 18
3683 15
3684 9
3685 21
3686 8
3687 10
3688 13
3689 12
3690 15
3691 11
3692 14
3693 10
3694 14
3695 11
3696 11
3697 9
3698 12
3699 12
3700 14
3701 10
3702 5
3703 11
3704 10
3705 7
3706 7
3707 5
3708 9
3709 5
3710 6
3711 5
3712 4
3713 3
3714 5
3715 7
3716 3
3717 4
3718 7
3719 4
3720 3
3721 7
3722 6
3723 5
3724 3
3725 4
3726 1
3727 5
3728 4
3729 5
3730 3
3731 6
3732 4
3733 5
3734 2
3735 4
3736 4
3737 3
3738 6
3739 5
3740 6
3741 3
3742 1
3743 3
3744 1
3745 4
3746 3
3747 2
3748 1
3749 2
3750 3
3751 1
3752 1
3753 1
3754 4
3755 1
3756 2
3757 1
3758 1
3759 4
3760 1
3761 1
3762 1
3763 1
3764 1
3765 3
3766 3
3767 2
3768 1
3769 1
3770 2
3771 3
3772 1
3773 1
3774 1
3775 1
3776 2
3777 1
3778 1
3779 2
3780 3
3781 1
3782 1
3783 1
3784 1
3785 1
3786 1
3787 1
3788 1
3789 1
3790 1
3791 1
3792 1
3793 2
3794 1
3795 1
3796 1
3797 1
3798 1
3799 1
3800 1
3801 1
3802 1
3803 1
3804 1
3805 1
3806 1
3807 1
3808 1
3809 1
3810 2
3811 1
3812 1
3813 1
3814 2
3815 2
3816 1
3817 1
3818 3
3819 2
3820 1
3821 1
3822 1
3823 1
3824 1
3825 2
3826 2
3827 1
3828 1
3829 4
3830 1
3831 4
3832 1
3833 4
3834 1
3835 3
3836 3
3837 4
3838 4
3839 3
3840 3
3841 3
3842 5
3843 3
3844 6
3845 2
3846 4
3847 6
3848 7
3849 3
3850 1
3851 5
3852 3
3853 3
3854 2
3855 3
3856 2
3857 3
3858 3
3859 2
3860 4
3861 4
3862 4
3863 2
3864 1
3865 6
3866 1
3867 6
3868 8
3869 5
3870 7
3871 4
3872 5
3873 4
3874 9
3875 9
3876 6
3877 5
3878 7
3879 11
3880 5
3881 7
3882 6
3883 7
3884 6
3885 7
3886 5
3887 8
3888 11
3889 5
3890 10
3891 15
3892 6
3893 9
3894 11
3895 9
3896 11
3897 7
3898 10
3899 13
3900 9
3901 15
3902 8
3903 10
3904 12
3905 12
3906 7
3907 13
3908 17
3909 7
3910 14
3911 8
3912 9
3913 13
3914 14
3915 14
3916 10
3917 15
3918 16
3919 12
3920 15
3921 12
3922 10
3923 13
3924 16
3925 8
3926 13
3927 11
3928 9
3929 13
3930 10
3931 16
3932 8
3933 11
3934 21
3935 23
3936 19
3937 16
3938 16
3939 10
3940 19
3941 16
3942 17
3943 16
3944 20
3945 18
3946 12
3947 11
3948 17
3949 16
3950 21
3951 16
3952 11
3953 11
3954 12
3955 14
3956 10
3957 25
3958 10
3959 19
3960 23
3961 15
3962 14
3963 9
3964 14
3965 18
3966 10
3967 13
3968 18
3969 12
3970 16
3971 17
3972 8
3973 11
3974 7
3975 7
3976 10
3977 14
3978 15
3979 7
3980 14
3981 9
3982 14
3983 15
3984 9
3985 10
3986 9
3987 8
3988 7
3989 7
3990 12
3991 8
3992 4
3993 19
3994 7
3995 10
3996 6
3997 10
3998 13
3999 18
4000 11
4001 10
4002 5
4003 12
4004 12
4005 6
4006 6
4007 8
4008 13
4009 7
4010 10
4011 5
4012 9
4013 4
4014 9
4015 13
4016 6
4017 12
4018 9
4019 8
4020 8
4021 7
4022 12
4023 10
4024 5
4025 7
4026 4
4027 12
4028 3
4029 8
4030 3
4031 6
4032 13
4033 5
4034 9
4035 10
4036 4
4037 6
4038 4
4039 3
4040 10
4041 5
4042 9
4043 12
4044 5
4045 4
4046 7
4047 5
4048 10
4049 4
4050 5
4051 3
4052 5
4053 4
4054 6
4055 9
4056 5
4057 4
4058 5
4059 2
4060 3
4061 7
4062 5
4063 1
4064 3
4065 7
4066 1
4067 4
4068 5
4069 4
4070 6
4071 4
4072 2
4073 4
4074 3
4075 4
4076 1
4077 2
4078 5
4079 3
4080 4
4081 6
4082 2
4083 3
4084 2
4085 1
4086 2
4087 2
4088 4
4089 6
4090 3
4091 2
4092 1
4093 2
4094 3
4095 1
4096 2
4097 6
4098 1
4099 2
4100 1
4101 1
4102 3
4103 2
4104 2
4105 2
4106 2
4107 1
4108 1
4109 1
4110 1
4111 1
4112 1
4113 1
4114 1
4115 2
4116 2
4117 1
4118 1
4119 1
4120 1
4121 1
4122 3
4123 1
4124 3
4125 3
4126 2
4127 2
4128 2
4129 2
4130 4
4131 1
4132 2
4133 1
4134 2
4135 1
4136 4
4137 2
4138 4
4139 2
4140 2
4141 1
4142 1
4143 2
4144 4
4145 3
4146 2
4147 1
4148 3
4149 1
4150 1
4151 2
4152 2
4153 2
4154 3
4155 1
4156 1
4157 1
4158 2
4159 2
4160 1
4161 2
4162 4
4163 2
4164 2
4165 3
4166 1
4167 1
4168 2
4169 1
4170 3
4171 2
4172 1
4173 1
4174 2
4175 2
4176 1
4177 1
4178 1
4179 2
4180 2
4181 1
4182 2
4183 2
4184 2
4185 3
4186 1
4187 4
4188 2
4189 1
4190 1
4191 2
4192 1
4193 1
4194 5
4195 2
4196 2
4197 4
4198 4
4199 2
4200 5
4201 4
4202 4
4203 3
4204 4
4205 3
4206 4
4207 4
4208 6
4209 2
4210 5
4211 3
4212 3
4213 1
4214 8
4215 4
4216 1
4217 6
4218 3
4219 5
4220 2
4221 4
4222 2
4223 1
4224 9
4225 2
4226 3
4227 6
4228 5
4229 8
4230 3
4231 13
4232 6
4233 7
4234 18
4235 8
4236 5
4237 4
4238 7
4239 13
4240 6
4241 12
4242 11
4243 10
4244 3
4245 11
4246 8
4247 17
4248 15
4249 11
4250 8
4251 9
4252 7
4253 14
4254 12
4255 7
4256 8
4257 8
4258 11
4259 11
4260 11
4261 14
4262 9
4263 7
4264 10
4265 6
4266 4
4267 13
4268 11
4269 10
4270 12
4271 6
4272 6
4273 7
4274 15
4275 11
4276 8
4277 10
4278 6
4279 5
4280 6
4281 12
4282 10
4283 7
4284 3
4285 10
4286 12
4287 14
4288 6
4289 7
4290 9
4291 7
4292 8
4293 7
4294 6
4295 10
4296 9
4297 7
4298 8
4299 12
4300 8
4301 8
4302 5
4303 6
4304 14
4305 6
4306 3
4307 4
4308 8
4309 6
4310 2
4311 7
4312 10
4313 5
4314 6
4315 7
4316 7
4317 11
4318 6
4319 6
4320 3
4321 6
4322 6
4323 10
4324 7
4325 2
4326 3
4327 5
4328 7
4329 3
4330 4
4331 5
4332 5
4333 3
4334 7
4335 5
4336 6
4337 1
4338 3
4339 3
4340 1
4341 5
4342 5
4343 1
4344 2
4345 3
4346 4
4347 3
4348 3
4349 2
4350 2
4351 2
4352 1
4353 1
4354 4
4355 2
4356 3
4357 4
4358 3
4359 3
4360 1
4361 4
4362 2
4363 4
4364 3
4365 6
4366 1
4367 4
4368 2
4369 3
4370 4
4371 1
4372 4
4373 1
4374 3
4375 2
4376 3
4377 1
4378 3
4379 1
4380 1
4381 2
4382 3
4383 4
4384 3
4385 5
4386 5
4387 2
4388 7
4389 2
4390 8
4391 3
4392 1
4393 2
4394 6
4395 1
4396 1
4397 3
4398 6012
