1 21239204
2 13643137
3 9398417
4 6904469
5 5153927
6 3862189
7 2940877
8 2293862
9 1825359
10 1461771
11 1164934
12 914939
13 721947
14 591881
15 517962
16 490409
17 498157
18 529160
19 573685
20 622177
21 672623
22 717328
23 754885
24 783633
25 803311
26 816356
27 819750
28 812545
29 801265
30 780596
31 752143
32 719840
33 682112
34 641743
35 603240
36 565542
37 530684
38 500475
39 471414
40 449348
41 426815
42 405523
43 387013
44 368200
45 345170
46 321686
47 296860
48 271432
49 245330
50 224693
51 201282
52 183951
53 171651
54 164631
55 163587
56 169062
57 178365
58 194787
59 214493
60 241049
61 270038
62 303511
63 338613
64 377342
65 414945
66 449390
67 482986
68 514189
69 543932
70 568546
71 590544
72 603970
73 617097
74 621065
75 624047
76 620840
77 613944
78 600351
79 584921
80 564548
81 543404
82 518747
83 492409
84 465250
85 435095
86 407295
87 376327
88 347851
89 318441
90 291018
91 263189
92 237750
93 213807
94 189453
95 167899
96 147500
97 129875
98 113037
99 98229
100 84860
101 73589
102 63728
103 54912
104 47375
105 41492
106 36197
107 31651
108 28062
109 24908
110 21892
111 19564
112 17724
113 16198
114 14711
115 13557
116 12402
117 11578
118 10749
119 10103
120 9582
121 8830
122 8103
123 7595
124 7061
125 6485
126 5787
127 5369
128 5085
129 4925
130 4833
131 4745
132 4579
133 4338
134 4436
135 4366
136 4411
137 4369
138 4244
139 4170
140 4019
141 4048
142 3979
143 3717
144 3729
145 3684
146 3477
147 3439
148 3352
149 3239
150 3059
151 2973
152 2947
153 2790
154 2663
155 2757
156 2625
157 2467
158 2359
159 2294
160 2258
161 2055
162 1999
163 1901
164 1885
165 1946
166 1796
167 1769
168 1644
169 1585
170 1475
171 1465
172 1381
173 1373
174 1255
175 1192
176 1120
177 1058
178 1033
179 956
180 883
181 831
182 794
183 806
184 731
185 675
186 693
187 637
188 608
189 555
190 582
191 501
192 499
193 443
194 427
195 425
196 429
197 383
198 354
199 368
200 348
201 338
202 358
203 331
204 298
205 295
206 335
207 322
208 324
209 307
210 342
211 319
212 298
213 348
214 329
215 339
216 366
217 325
218 330
219 356
220 331
221 368
222 385
223 381
224 405
225 378
226 426
227 417
228 436
229 336
230 349
231 379
232 320
233 346
234 340
235 357
236 358
237 349
238 343
239 307
240 352
241 310
242 325
243 325
244 318
245 333
246 325
247 304
248 356
249 301
250 305
251 347
252 336
253 359
254 332
255 312
256 329
257 337
258 355
259 312
260 339
261 350
262 348
263 321
264 333
265 378
266 384
267 368
268 312
269 307
270 358
271 324
272 333
273 295
274 306
275 262
276 297
277 312
278 295
279 290
280 300
281 289
282 257
283 255
284 281
285 250
286 230
287 251
288 245
289 240
290 209
291 232
292 224
293 197
294 213
295 201
296 215
297 197
298 223
299 181
300 209
301 196
302 191
303 180
304 168
305 164
306 170
307 150
308 126
309 132
310 136
311 91
312 135
313 116
314 120
315 122
316 108
317 91
318 86
319 89
320 88
321 83
322 99
323 93
324 99
325 74
326 77
327 100
328 99
329 102
330 103
331 103
332 118
333 100
334 98
335 95
336 106
337 100
338 113
339 84
340 106
341 101
342 141
343 121
344 119
345 144
346 129
347 138
348 148
349 155
350 138
351 162
352 136
353 127
354 144
355 113
356 128
357 122
358 126
359 120
360 123
361 119
362 119
363 100
364 105
365 113
366 137
367 136
368 119
369 136
370 107
371 127
372 138
373 122
374 134
375 146
376 133
377 164
378 144
379 156
380 146
381 152
382 138
383 145
384 119
385 123
386 106
387 110
388 102
389 113
390 100
391 106
392 89
393 107
394 110
395 102
396 102
397 88
398 102
399 101
400 104
401 96
402 66
403 86
404 86
405 93
406 78
407 86
408 76
409 77
410 55
411 69
412 63
413 59
414 39
415 46
416 34
417 41
418 38
419 43
420 33
421 30
422 43
423 34
424 18
425 29
426 29
427 21
428 34
429 28
430 39
431 33
432 28
433 27
434 31
435 20
436 37
437 29
438 30
439 26
440 29
441 38
442 37
443 26
444 31
445 24
446 35
447 32
448 27
449 25
450 29
451 42
452 31
453 29
454 34
455 42
456 41
457 38
458 38
459 37
460 40
461 25
462 28
463 40
464 47
465 37
466 37
467 38
468 36
469 35
470 51
471 39
472 51
473 43
474 51
475 34
476 51
477 52
478 39
479 55
480 42
481 53
482 48
483 45
484 40
485 36
486 44
487 42
488 45
489 43
490 40
491 60
492 37
493 35
494 25
495 36
496 37
497 37
498 26
499 23
500 28
501 34
502 31
503 26
504 33
505 27
506 29
507 23
508 41
509 21
510 31
511 33
512 27
513 28
514 38
515 24
516 28
517 28
518 26
519 25
520 16
521 20
522 26
523 16
524 32
525 21
526 20
527 35
528 32
529 27
530 17
531 19
532 20
533 17
534 24
535 29
536 21
537 30
538 26
539 15
540 22
541 17
542 23
543 26
544 29
545 31
546 28
547 33
548 18
549 34
550 29
551 30
552 27
553 25
554 14
555 24
556 29
557 28
558 33
559 18
560 25
561 22
562 25
563 17
564 20
565 19
566 27
567 24
568 16
569 24
570 15
571 26
572 18
573 26
574 33
575 21
576 19
577 24
578 29
579 22
580 22
581 17
582 19
583 15
584 18
585 15
586 13
587 4
588 13
589 12
590 14
591 12
592 12
593 12
594 17
595 12
596 11
597 13
598 11
599 7
600 10
601 6
602 8
603 6
604 8
605 7
606 12
607 13
608 6
609 6
610 4
611 7
612 1
613 5
614 6
615 4
616 4
617 8
618 4
619 6
620 7
621 8
622 12
623 3
624 6
625 14
626 4
627 7
628 9
629 9
630 12
631 12
632 10
633 14
634 13
635 9
636 11
637 18
638 7
639 10
640 8
641 5
642 6
643 4
644 3
645 7
646 8
647 7
648 9
649 6
650 10
651 4
652 6
653 5
654 8
655 5
656 6
657 10
658 10
659 9
660 10
661 6
662 7
663 9
664 12
665 10
666 4
667 9
668 7
669 1
670 3
671 6
672 4
673 9
674 8
675 5
676 13
677 11
678 6
679 4
680 3
681 2
682 2
683 6
684 11
685 2
686 4
687 12
688 6
689 5
690 6
691 6
692 4
693 6
694 3
695 2
696 5
697 2
698 8
699 1
700 6
701 1
702 4
703 4
704 3
705 1
706 4
707 8
708 5
709 9
710 5
711 4
712 13
713 4
714 7
715 5
716 11
717 3
718 11
719 5
720 4
721 2
722 6
723 4
724 8
725 6
726 10
728 4
729 8
730 8
731 3
732 4
733 3
734 3
735 1
736 4
737 2
738 4
739 5
740 6
741 9
742 9
743 10
744 3
745 5
746 5
747 6
748 2
749 10
750 6
751 5
752 3
753 1
754 4
755 4
756 4
757 1
758 3
759 3
761 4
762 4
763 3
764 2
765 1
766 3
767 3
768 3
769 1
770 12
771 4
772 3
773 4
774 2
775 5
776 5
777 22
778 14
779 3
780 12
781 6
782 13
783 4
784 15
785 5
786 6
787 5
788 4
789 5
790 8
791 16
792 2
793 6
794 9
795 7
796 4
797 3
798 3
799 4
800 2
801 7
802 2
803 3
804 6
805 8
806 3
807 2
808 5
809 7
810 10
811 2
812 3
813 7
814 8
815 3
816 7
817 9
818 12
819 11
820 10
821 7
822 9
823 12
824 8
825 13
826 6
827 11
828 9
829 8
830 11
831 12
832 5
833 9
834 8
835 8
836 8
837 6
838 9
839 8
840 7
841 11
842 6
843 8
844 7
845 8
846 4
847 10
848 9
849 6
850 7
851 4
852 5
853 7
854 7
855 6
856 6
857 8
858 1
859 5
860 4
861 4
862 3
863 4
864 4
865 2
866 2
867 2
868 7
869 3
870 2
871 3
872 2
873 7
874 7
875 6
876 5
877 3
878 5
879 4
880 3
881 2
882 10
883 3
884 4
885 3
886 3
887 6
888 3
890 4
891 10
892 3
893 3
894 4
895 3
896 7
897 4
898 6
899 3
900 2
901 5
902 3
903 3
904 9
905 4
906 6
907 5
908 4
909 11
910 5
911 3
912 9
913 4
914 1
915 3
916 3
917 2
918 2
919 3
920 2
921 5
922 3
923 4
924 1
925 4
926 6
927 5
928 6
929 8
930 4
931 5
932 5
933 7
934 9
935 5
936 10
937 8
938 6
939 5
940 8
941 6
942 4
944 4
945 6
946 5
947 3
948 5
949 4
950 6
951 6
952 2
953 2
954 2
955 8
956 7
957 7
958 9
959 7
960 8
961 7
962 7
963 7
964 2
965 10
966 7
967 10
968 4
969 7
970 10
971 13
972 10
973 10
974 14
975 9
976 11
977 13
978 10
979 10
980 12
981 3
982 11
983 12
984 10
985 7
986 14
987 10
988 11
989 7
990 6
991 4
992 15
993 7
994 5
995 10
996 11
997 8
998 10
999 9
1000 11
1001 9
1002 9
1003 5
1004 7
1005 9
1006 8
1007 9
1008 3
1009 7
1010 3
1011 3
1012 11
1013 8
1014 8
1015 14
1016 14
1017 10
1018 5
1019 10
1020 6
1021 11
1022 7
1023 6
1024 5
1025 9
1026 12
1027 4
1028 4
1029 10
1030 11
1031 13
1032 10
1033 8
1034 8
1035 14
1036 15
1037 11
1038 9
1039 8
1040 8
1041 11
1042 10
1043 8
1044 9
1045 5
1046 11
1047 7
1048 10
1049 5
1050 11
1051 9
1052 8
1053 4
1054 2
1055 8
1056 6
1057 4
1058 5
1059 2
1060 4
1061 2
1062 2
1063 7
1064 4
1065 2
1066 4
1067 8
1068 6
1069 5
1070 2
1071 2
1072 5
1073 4
1074 4
1075 4
1076 2
1077 3
1078 1
1079 4
1080 4
1081 2
1082 1
1084 2
1086 1
1087 1
1088 3
1089 1
1090 1
1094 1
1095 1
1096 1
1098 2
1099 3
1100 4
1101 3
1102 2
1103 2
1104 2
1105 4
1106 3
1107 2
1108 2
1109 5
1110 1
1111 4
1112 2
1113 3
1114 2
1117 1
1118 3
1120 2
1121 2
1122 1
1124 2
1125 1
1127 3
1128 1
1129 2
1130 4
1131 1
1132 5
1133 4
1134 2
1135 11
1136 10
1137 4
1138 4
1139 4
1140 1
1141 4
1142 4
1143 2
1144 2
1145 5
1146 2
1147 6
1148 4
1149 4
1150 6
1151 3
1152 5
1153 2
1154 3
1155 3
1156 1
1157 3
1158 1
1159 1
1160 2
1161 1
1162 4
1164 1
1165 2
1167 4
1168 3
1169 3
1170 2
1171 3
1172 2
1173 2
1174 2
1175 1
1176 1
1177 1
1178 2
1179 2
1181 1
1183 2
1187 1
1188 2
1190 2
1192 1
1194 1
1197 2
1202 3
1203 1
1204 2
1205 2
1206 1
1208 2
1211 3
1212 1
1213 1
1214 1
1215 1
1216 2
1218 2
1219 2
1220 2
1221 1
1222 1
1223 2
1225 3
1226 1
1227 3
1228 2
1229 2
1230 2
1231 3
1232 2
1233 1
1237 1
1239 1
1240 3
1241 2
1242 2
1243 1
1244 3
1245 1
1246 1
1249 1
1258 1
1277 1
1282 1
1284 1
1287 1
1289 1
1290 1
1292 1
1293 1
1295 1
1296 1
1298 1
1303 1
1304 1
1306 1
1308 1
1309 3
1311 1
1314 1
1318 1
1325 2
1327 1
1331 2
1332 1
1333 1
1339 1
1345 2
1351 1
1366 3
1369 1
1371 2
1375 1
1379 1
1381 1
1383 1
1386 1
1387 1
1389 2
1390 2
1393 3
1394 1
1395 1
1396 2
1397 1
1398 1
1400 2
1401 2
1403 1
1406 2
1409 2
1411 3
1412 2
1413 4
1415 1
1421 1
1422 1
1430 1
1431 1
1436 1
1440 3
1453 1
1454 1
1455 1
1456 1
1457 1
1458 1
1459 1
1460 2
1461 2
1462 1
1465 1
1466 1
1468 1
1469 2
1471 1
1472 1
1477 1
1505 1
1513 1
1516 1
1530 1
1550 1
1554 1
1621 1
1670 1
1672 1
1675 1
1676 1
1677 3
1678 1
1680 2
1683 1
1684 2
1685 2
1686 1
1690 1
1691 1
1692 1
1693 1
1695 1
1751 1
1753 1
1757 1
1761 2
1763 1
1766 1
1791 1
1809 1
1810 1
1811 1
1812 1
1815 1
1825 1
1830 1
1831 1
1838 1
1847 1
1852 1
1883 1
1887 1
1888 4
1890 1
1892 1
1893 1
1898 2
1899 1
1905 1
1906 1
1919 1
1986 1
2050 1
2052 1
2057 1
2062 1
2102 1
2146 1
2155 2
2160 1
2163 2
2164 1
2166 1
2168 1
2170 1
2184 1
2189 1
2190 1
2191 1
2192 1
2193 1
2241 1
2259 2
2262 1
2263 2
2265 1
2269 1
2270 1
2283 1
2284 1
2287 1
2288 1
2289 1
2290 1
2291 2
2293 1
2294 1
2297 1
2299 2
2305 1
2335 1
2340 1
2342 2
2344 1
2345 2
2346 1
2349 1
2351 2
2352 2
2355 2
2356 1
2357 2
2359 1
2367 1
2383 2
2394 1
2401 1
2408 1
2465 2
2481 2
2549 1
2553 1
2554 1
2562 1
2574 1
2608 1
2637 1
2638 1
2640 1
2641 1
2643 1
2644 1
2685 1
2686 1
2695 1
2700 1
2723 1
2725 1
2727 1
2747 1
2749 1
2751 1
2753 1
2758 1
2759 1
2761 1
2763 1
2766 1
2788 1
2791 1
2855 1
2858 1
2862 1
2896 1
2929 1
2933 1
2939 1
2962 1
2970 1
3322 1
3325 1
3326 1
3329 1
3336 2
3363 1
3428 1
3609 1
3610 1
3611 1
3616 1
3618 2
3619 1
3621 2
3623 1
3628 1
5032 1
5114 1
5132 1
5375 1
5704 1
5762 1
7340 1
7352 1
7355 1
7376 1
7388 1
7391 1
7392 1
7395 1
7399 1
7407 1
7414 1
