1 14318464
2 12060788
3 9061363
4 6914007
5 5542508
6 4686714
7 4148082
8 3780586
9 3420822
10 3042743
11 2637981
12 2220080
13 1845577
14 1511819
15 1250166
16 1040467
17 885190
18 783412
19 709744
20 658958
21 603066
22 569942
23 509115
24 475693
25 400171
26 382551
27 298855
28 308482
29 216323
30 261627
31 163081
32 249742
33 137635
34 265855
35 134137
36 299435
37 148401
38 338256
39 168905
40 376855
41 192805
42 408947
43 218624
44 430797
45 242600
46 446601
47 272091
48 458903
49 298462
50 462898
51 324369
52 461209
53 346986
54 454672
55 360617
56 443413
57 365725
58 425799
59 364826
60 403492
61 357894
62 383388
63 353942
64 372741
65 351940
66 368569
67 357594
68 370998
69 365118
70 375493
71 373641
72 379498
73 379256
74 381067
75 375913
76 372242
77 360841
78 350757
79 336241
80 321203
81 303280
82 286149
83 266456
84 249385
85 231384
86 213946
87 197535
88 184730
89 173720
90 165833
91 157643
92 155187
93 153771
94 155556
95 156126
96 160914
97 165681
98 172065
99 177485
100 185366
101 188630
102 194354
103 197539
104 200637
105 201648
106 199202
107 197815
108 193116
109 187295
110 181799
111 173447
112 164048
113 154058
114 142995
115 132012
116 120563
117 110076
118 99088
119 89486
120 79629
121 70365
122 61194
123 52986
124 45905
125 39048
126 33856
127 28893
128 25413
129 21968
130 19663
131 17874
132 16525
133 15712
134 15869
135 16430
136 17294
137 18547
138 20978
139 23252
140 26542
141 30438
142 35053
143 40137
144 46276
145 52835
146 59705
147 67283
148 75344
149 83887
150 93198
151 102423
152 112639
153 121934
154 133108
155 144370
156 155837
157 165301
158 178398
159 188789
160 198849
161 210595
162 220324
163 231667
164 242323
165 251849
166 260796
167 269118
168 278096
169 284405
170 291201
171 297458
172 301112
173 305884
174 310575
175 313449
176 315814
177 317669
178 317966
179 317470
180 317982
181 316343
182 314063
183 311597
184 308561
185 304084
186 301082
187 295605
188 291094
189 286580
190 281308
191 275863
192 270079
193 265646
194 259973
195 253937
196 248572
197 243102
198 235726
199 230588
200 224453
201 218820
202 213253
203 206983
204 200166
205 194373
206 187748
207 180901
208 175318
209 168687
210 162233
211 155055
212 148607
213 142597
214 135158
215 129345
216 121562
217 115339
218 108579
219 102459
220 96231
221 89927
222 84279
223 78223
224 72990
225 67397
226 62028
227 57612
228 53101
229 48742
230 44341
231 40154
232 36957
233 33163
234 29874
235 26708
236 24149
237 21830
238 19863
239 18075
240 16094
241 15010
242 13455
243 12610
244 11565
245 10551
246 10085
247 9744
248 9191
249 8814
250 8312
251 8274
252 7908
253 7879
254 7719
255 7919
256 7716
257 7875
258 7928
259 7777
260 7832
261 7806
262 7839
263 7766
264 7736
265 7664
266 7617
267 7411
268 7553
269 7320
270 7237
271 7009
272 6609
273 6441
274 6210
275 5945
276 5684
277 5477
278 5359
279 5016
280 4855
281 4604
282 4299
283 4190
284 3963
285 3638
286 3394
287 3185
288 3020
289 2762
290 2729
291 2366
292 2400
293 2245
294 2071
295 1988
296 1931
297 1789
298 1834
299 1678
300 1752
301 1609
302 1557
303 1569
304 1590
305 1524
306 1582
307 1454
308 1586
309 1594
310 1583
311 1643
312 1628
313 1615
314 1711
315 1764
316 1857
317 1852
318 1857
319 1809
320 1853
321 1880
322 1890
323 1871
324 2008
325 1940
326 2006
327 2047
328 1989
329 1941
330 1983
331 2093
332 1941
333 2046
334 2033
335 1848
336 1936
337 1852
338 1865
339 1832
340 1706
341 1686
342 1649
343 1594
344 1554
345 1568
346 1523
347 1452
348 1455
349 1421
350 1339
351 1321
352 1299
353 1269
354 1286
355 1274
356 1297
357 1242
358 1252
359 1223
360 1201
361 1189
362 1173
363 1182
364 1189
365 1170
366 1166
367 1140
368 1261
369 1137
370 1137
371 1148
372 1126
373 1084
374 1106
375 1062
376 1074
377 1028
378 1104
379 984
380 1022
381 1020
382 1009
383 988
384 972
385 973
386 957
387 974
388 987
389 956
390 940
391 899
392 906
393 923
394 907
395 817
396 878
397 874
398 848
399 846
400 766
401 803
402 827
403 785
404 807
405 762
406 753
407 686
408 690
409 690
410 659
411 635
412 684
413 635
414 656
415 613
416 635
417 615
418 592
419 595
420 587
421 565
422 573
423 517
424 531
425 486
426 471
427 396
428 471
429 418
430 411
431 422
432 380
433 353
434 363
435 374
436 398
437 338
438 330
439 306
440 289
441 253
442 275
443 273
444 275
445 278
446 301
447 283
448 242
449 262
450 221
451 225
452 212
453 193
454 204
455 189
456 158
457 184
458 134
459 139
460 112
461 114
462 133
463 111
464 101
465 104
466 102
467 129
468 103
469 117
470 115
471 114
472 127
473 100
474 108
475 125
476 121
477 116
478 119
479 129
480 103
481 120
482 126
483 108
484 96
485 93
486 88
487 85
488 96
489 99
490 100
491 98
492 83
493 88
494 92
495 91
496 91
497 95
498 131
499 110
500 108
501 112
502 104
503 107
504 97
505 122
506 106
507 106
508 113
509 125
510 143
511 132
512 129
513 134
514 134
515 128
516 125
517 136
518 145
519 151
520 142
521 173
522 161
523 166
524 174
525 179
526 201
527 191
528 228
529 202
530 204
531 206
532 196
533 183
534 204
535 203
536 195
537 218
538 177
539 178
540 195
541 162
542 175
543 182
544 172
545 202
546 161
547 147
548 144
549 124
550 134
551 137
552 125
553 145
554 150
555 140
556 136
557 127
558 140
559 143
560 124
561 143
562 143
563 123
564 116
565 120
566 124
567 135
568 131
569 137
570 109
571 128
572 125
573 123
574 122
575 121
576 136
577 112
578 137
579 131
580 127
581 136
582 117
583 134
584 129
585 129
586 149
587 122
588 149
589 137
590 157
591 159
592 145
593 151
594 148
595 147
596 144
597 131
598 139
599 147
600 156
601 133
602 153
603 122
604 132
605 129
606 123
607 132
608 115
609 138
610 123
611 148
612 142
613 133
614 137
615 133
616 138
617 153
618 143
619 140
620 160
621 155
622 164
623 169
624 148
625 154
626 166
627 176
628 157
629 163
630 140
631 129
632 144
633 144
634 141
635 117
636 150
637 154
638 136
639 144
640 144
641 142
642 135
643 136
644 132
645 133
646 135
647 125
648 141
649 142
650 111
651 160
652 119
653 146
654 138
655 147
656 129
657 140
658 133
659 133
660 123
661 134
662 119
663 141
664 134
665 137
666 125
667 125
668 123
669 85
670 124
671 131
672 137
673 117
674 118
675 103
676 133
677 117
678 137
679 127
680 106
681 111
682 116
683 116
684 114
685 116
686 109
687 109
688 117
689 92
690 110
691 114
692 111
693 91
694 94
695 109
696 101
697 92
698 96
699 101
700 89
701 86
702 87
703 103
704 88
705 95
706 93
707 105
708 93
709 93
710 98
711 106
712 109
713 86
714 91
715 98
716 102
717 105
718 103
719 109
720 90
721 95
722 80
723 50
724 95
725 95
726 80
727 67
728 64
729 60
730 71
731 69
732 65
733 71
734 54
735 54
736 63
737 56
738 58
739 62
740 48
741 54
742 49
743 50
744 43
745 49
746 49
747 34
748 53
749 45
750 43
751 31
752 35
753 35
754 45
755 33
756 38
757 25
758 38
759 33
760 37
761 25
762 29
763 32
764 22
765 31
766 30
767 33
768 24
769 30
770 29
771 37
772 32
773 31
774 25
775 29
776 30
777 41
778 38
779 37
780 31
781 40
782 43
783 36
784 21
785 31
786 29
787 27
788 24
789 33
790 29
791 33
792 25
793 27
794 28
795 42
796 43
797 33
798 28
799 40
800 39
801 27
802 30
803 39
804 35
805 30
806 47
807 38
808 39
809 35
810 49
811 39
812 41
813 35
814 36
815 34
816 33
817 45
818 46
819 59
820 47
821 44
822 40
823 64
824 48
825 42
826 52
827 50
828 45
829 44
830 42
831 45
832 65
833 67
834 52
835 55
836 42
837 52
838 58
839 48
840 60
841 63
842 48
843 63
844 53
845 45
846 52
847 43
848 46
849 50
850 67
851 65
852 67
853 59
854 51
855 69
856 63
857 74
858 81
859 89
860 68
861 82
862 69
863 74
864 50
865 70
866 66
867 77
868 63
869 75
870 75
871 60
872 78
873 70
874 87
875 87
876 54
877 70
878 81
879 59
880 66
881 53
882 70
883 54
884 56
885 61
886 49
887 58
888 57
889 61
890 62
891 75
892 53
893 56
894 59
895 67
896 70
897 69
898 59
899 79
900 62
901 64
902 65
903 73
904 71
905 53
906 59
907 74
908 60
909 73
910 66
911 58
912 61
913 61
914 45
915 55
916 56
917 54
918 53
919 43
920 49
921 40
922 47
923 42
924 40
925 52
926 48
927 47
928 48
929 46
930 36
931 46
932 35
933 36
934 41
935 37
936 36
937 34
938 43
939 28
940 36
941 33
942 43
943 23
944 32
945 29
946 39
947 34
948 37
949 38
950 25
951 32
952 22
953 31
954 31
955 31
956 27
957 29
958 21
959 37
960 32
961 34
962 30
963 32
964 26
965 41
966 25
967 31
968 25
969 32
970 28
971 34
972 18
973 28
974 24
975 25
976 31
977 22
978 24
979 26
980 11
981 15
982 16
983 26
984 21
985 16
986 26
987 16
988 34
989 22
990 29
991 24
992 19
993 26
994 19
995 32
996 28
997 34
998 26
999 24
1000 26
1001 27
1002 25
1003 32
1004 23
1005 27
1006 21
1007 27
1008 22
1009 27
1010 25
1011 17
1012 20
1013 22
1014 20
1015 16
1016 22
1017 13
1018 22
1019 26
1020 21
1021 18
1022 20
1023 32
1024 22
1025 23
1026 25
1027 14
1028 22
1029 21
1030 19
1031 17
1032 13
1033 19
1034 19
1035 22
1036 20
1037 17
1038 17
1039 16
1040 23
1041 15
1042 16
1043 17
1044 18
1045 14
1046 16
1047 11
1048 17
1049 14
1050 16
1051 18
1052 14
1053 18
1054 21
1055 12
1056 23
1057 21
1058 16
1059 17
1060 13
1061 21
1062 16
1063 20
1064 24
1065 21
1066 19
1067 17
1068 14
1069 17
1070 19
1071 19
1072 18
1073 11
1074 14
1075 17
1076 23
1077 20
1078 21
1079 13
1080 17
1081 16
1082 19
1083 12
1084 14
1085 22
1086 19
1087 14
1088 13
1089 16
1090 11
1091 17
1092 16
1093 13
1094 16
1095 19
1096 13
1097 13
1098 22
1099 15
1100 12
1101 12
1102 12
1103 13
1104 18
1105 6
1106 13
1107 11
1108 18
1109 16
1110 8
1111 13
1112 17
1113 14
1114 16
1115 15
1116 23
1117 20
1118 9
1119 22
1120 12
1121 24
1122 11
1123 9
1124 14
1125 17
1126 18
1127 10
1128 15
1129 15
1130 15
1131 15
1132 13
1133 8
1134 14
1135 8
1136 9
1137 12
1138 8
1139 13
1140 13
1141 9
1142 10
1143 11
1144 11
1145 9
1146 8
1147 13
1148 12
1149 14
1150 13
1151 10
1152 9
1153 11
1154 9
1155 13
1156 18
1157 12
1158 9
1159 15
1160 16
1161 11
1162 14
1163 12
1164 13
1165 7
1166 6
1167 19
1168 10
1169 14
1170 15
1171 8
1172 8
1173 14
1174 5
1175 14
1176 10
1177 15
1178 9
1179 16
1180 8
1181 16
1182 14
1183 6
1184 11
1185 11
1186 20
1187 12
1188 8
1189 14
1190 12
1191 11
1192 14
1193 12
1194 11
1195 15
1196 14
1197 10
1198 14
1199 17
1200 8
1201 5
1202 13
1203 17
1204 10
1205 7
1206 8
1207 11
1208 12
1209 16
1210 11
1211 16
1212 18
1213 11
1214 13
1215 12
1216 15
1217 12
1218 14
1219 11
1220 15
1221 17
1222 11
1223 8
1224 19
1225 13
1226 19
1227 10
1228 13
1229 7
1230 12
1231 9
1232 10
1233 4
1234 11
1235 10
1236 6
1237 9
1238 11
1239 12
1240 11
1241 8
1242 10
1243 14
1244 10
1245 11
1246 12
1247 16
1248 14
1249 16
1250 11
1251 11
1252 13
1253 12
1254 12
1255 10
1256 11
1257 15
1258 12
1259 21
1260 9
1261 9
1262 12
1263 14
1264 20
1265 13
1266 15
1267 18
1268 15
1269 11
1270 10
1271 6
1272 8
1273 11
1274 13
1275 8
1276 5
1277 9
1278 14
1279 7
1280 12
1281 11
1282 8
1283 14
1284 12
1285 14
1286 15
1287 12
1288 14
1289 18
1290 11
1291 12
1292 17
1293 10
1294 7
1295 17
1296 14
1297 12
1298 13
1299 11
1300 12
1301 9
1302 6
1303 9
1304 16
1305 16
1306 13
1307 17
1308 6
1309 13
1310 8
1311 8
1312 18
1313 8
1314 16
1315 10
1316 7
1317 15
1318 11
1319 10
1320 8
1321 13
1322 18
1323 7
1324 7
1325 8
1326 6
1327 8
1328 10
1329 9
1330 6
1331 16
1332 9
1333 12
1334 9
1335 16
1336 11
1337 16
1338 5
1339 17
1340 16
1341 11
1342 12
1343 17
1344 11
1345 15
1346 14
1347 11
1348 22
1349 14
1350 10
1351 12
1352 12
1353 11
1354 18
1355 9
1356 13
1357 13
1358 11
1359 8
1360 15
1361 9
1362 9
1363 9
1364 5
1365 8
1366 9
1367 14
1368 7
1369 9
1370 9
1371 6
1372 13
1373 2
1374 8
1375 10
1376 9
1377 10
1378 12
1379 13
1380 13
1381 3
1382 6
1383 5
1384 7
1385 6
1386 4
1387 7
1388 10
1389 5
1390 4
1391 6
1392 6
1393 10
1394 6
1395 5
1396 4
1397 5
1398 9
1399 10
1400 8
1401 7
1402 5
1403 6
1404 7
1405 5
1406 3
1407 5
1408 4
1409 5
1410 8
1411 4
1412 12
1413 7
1414 8
1415 7
1416 4
1417 8
1418 6
1419 6
1420 10
1421 6
1422 9
1423 10
1424 6
1425 5
1426 7
1427 4
1428 5
1429 8
1430 4
1431 8
1432 7
1433 2
1434 6
1435 7
1436 4
1437 5
1438 8
1439 2
1440 3
1441 2
1442 3
1443 3
1444 6
1445 2
1446 5
1447 7
1448 4
1449 4
1450 3
1451 7
1452 6
1453 6
1454 5
1455 4
1456 7
1457 5
1458 3
1459 10
1460 4
1461 5
1462 6
1463 3
1464 10
1465 6
1466 5
1467 2
1468 7
1469 2
1470 3
1471 5
1472 6
1473 4
1474 4
1475 4
1476 4
1477 6
1478 4
1479 4
1480 5
1481 3
1482 2
1483 2
1484 2
1485 4
1486 3
1487 1
1488 2
1489 1
1490 2
1491 2
1493 9
1494 7
1495 5
1496 6
1497 4
1498 2
1499 7
1500 3
1501 4
1502 4
1503 1
1504 5
1505 6
1506 3
1507 5
1508 1
1509 3
1510 6
1511 1
1512 6
1513 2
1514 3
1515 1
1516 2
1517 1
1518 1
1519 4
1520 3
1521 4
1523 4
1524 3
1525 2
1526 1
1527 1
1528 1
1529 2
1530 1
1531 2
1532 1
1533 1
1534 5
1535 4
1536 2
1537 3
1538 1
1539 2
1540 4
1541 3
1542 3
1543 1
1544 2
1546 2
1547 3
1548 3
1549 1
1550 1
1551 5
1552 4
1553 1
1554 4
1555 2
1556 1
1558 2
1559 3
1561 3
1562 2
1563 1
1564 2
1565 5
1566 4
1567 3
1568 6
1569 3
1570 3
1571 2
1572 4
1573 1
1574 1
1575 3
1576 4
1577 2
1578 3
1579 1
1580 1
1582 1
1583 7
1584 2
1585 4
1586 1
1587 2
1588 2
1590 3
1592 4
1593 2
1594 3
1595 4
1596 1
1597 3
1598 2
1599 6
1600 5
1601 4
1602 2
1603 5
1604 3
1605 3
1606 4
1607 1
1608 3
1609 3
1610 3
1611 3
1612 3
1613 1
1615 2
1616 1
1617 3
1618 1
1619 2
1620 4
1621 1
1623 4
1624 1
1625 4
1626 2
1627 3
1628 2
1629 2
1630 2
1631 1
1632 6
1633 4
1634 1
1635 2
1636 2
1637 1
1639 3
1640 1
1641 2
1642 2
1643 2
1644 1
1645 4
1647 2
1648 1
1649 2
1650 1
1651 3
1652 1
1653 1
1654 1
1655 3
1656 5
1657 2
1658 1
1659 3
1660 3
1661 1
1662 2
1663 1
1664 2
1665 3
1666 2
1667 3
1668 4
1669 1
1670 2
1672 1
1673 2
1675 2
1676 5
1677 2
1678 3
1679 2
1680 5
1681 2
1682 2
1683 1
1684 2
1686 2
1687 3
1688 2
1689 3
1690 1
1691 4
1692 2
1693 4
1694 3
1695 3
1696 1
1697 2
1698 4
1699 7
1700 2
1701 2
1702 1
1703 3
1704 1
1705 2
1706 2
1707 2
1709 1
1710 1
1711 3
1712 5
1713 2
1714 2
1718 1
1720 1
1722 1
1723 1
1724 2
1725 1
1726 1
1727 1
1728 4
1729 2
1730 2
1731 3
1732 1
1733 2
1734 3
1735 1
1736 1
1737 4
1738 1
1739 1
1740 4
1742 1
1744 3
1745 2
1747 1
1748 1
1750 4
1751 2
1752 3
1753 3
1754 2
1755 1
1756 3
1759 1
1761 2
1762 4
1764 4
1765 2
1766 1
1767 3
1768 2
1769 3
1770 1
1771 1
1772 4
1773 2
1774 2
1775 3
1776 5
1777 3
1778 2
1779 4
1780 2
1781 3
1782 1
1783 3
1784 2
1785 3
1786 5
1787 4
1788 4
1789 3
1790 3
1791 3
1792 3
1794 1
1795 6
1796 4
1797 5
1798 1
1800 4
1801 1
1802 1
1803 5
1804 1
1806 2
1807 3
1808 1
1809 3
1810 4
1811 2
1812 3
1813 1
1814 1
1815 2
1817 1
1818 1
1819 2
1820 2
1821 6
1822 3
1823 1
1824 3
1825 1
1826 2
1827 2
1828 3
1830 2
1831 2
1832 1
1833 5
1834 2
1835 1
1836 3
1837 1
1838 3
1839 2
1840 1
1841 1
1843 2
1844 4
1845 2
1847 1
1849 2
1850 3
1851 2
1852 3
1853 1
1854 1
1855 3
1856 1
1857 1
1858 5
1859 1
1860 4
1861 1
1862 3
1863 1
1864 2
1865 2
1866 4
1867 2
1868 4
1869 2
1870 3
1871 5
1872 4
1873 4
1874 6
1876 2
1877 2
1878 4
1879 3
1880 3
1881 5
1882 7
1883 3
1884 8
1885 1
1886 2
1887 1
1888 2
1889 1
1890 3
1891 3
1892 2
1893 2
1895 1
1896 2
1897 3
1898 6
1899 2
1900 4
1901 1
1902 4
1904 3
1905 1
1906 2
1907 2
1908 2
1909 1
1910 1
1912 4
1914 2
1915 1
1916 4
1918 1
1919 4
1921 4
1922 4
1923 3
1924 1
1926 2
1927 1
1928 2
1929 4
1930 8
1931 2
1932 2
1933 3
1935 2
1936 7
1937 6
1938 2
1939 4
1940 6
1941 2
1942 5
1943 5
1944 7
1945 4
1946 2
1947 7
1948 4
1949 2
1950 5
1951 6
1952 3
1953 3
1954 5
1955 5
1956 5
1957 5
1958 4
1959 6
1960 1
1961 5
1962 3
1963 4
1964 3
1965 2
1966 3
1967 4
1968 3
1969 3
1970 2
1971 2
1972 1
1973 6
1974 6
1976 3
1977 3
1978 2
1979 2
1980 4
1981 2
1982 2
1983 3
1984 1
1985 3
1986 2
1987 6
1988 4
1989 4
1990 3
1991 1
1992 6
1993 1
1994 2
1995 3
1996 2
1997 1
1998 2
1999 4
2000 2
2001 2
2003 2
2004 2
2005 3
2006 3
2007 6
2008 3
2010 4
2011 1
2012 2
2013 6
2014 3
2016 2
2017 3
2018 2
2019 3
2020 4
2021 3
2022 4
2023 5
2024 3
2025 4
2026 3
2027 4
2028 2
2029 3
2030 1
2031 9
2032 4
2033 5
2034 4
2035 3
2036 1
2037 2
2038 4
2039 4
2040 4
2041 4
2042 4
2043 2
2044 6
2045 5
2046 5
2047 3
2049 4
2050 4
2051 4
2052 3
2053 2
2054 4
2055 1
2056 3
2057 3
2058 3
2059 4
2061 1
2062 2
2063 5
2064 1
2065 1
2066 1
2068 1
2070 1
2071 2
2072 2
2073 1
2074 3
2076 4
2077 2
2078 3
2079 6
2080 2
2081 3
2082 2
2083 4
2084 1
2085 3
2086 2
2087 3
2089 3
2091 3
2092 2
2093 4
2094 1
2095 3
2096 1
2097 1
2098 2
2099 4
2100 2
2101 3
2102 2
2103 2
2105 1
2106 1
2107 3
2108 3
2109 1
2110 3
2111 1
2112 3
2114 1
2116 1
2117 4
2118 1
2119 2
2120 2
2121 2
2122 2
2123 3
2124 1
2125 1
2126 4
2127 3
2128 2
2129 3
2130 1
2131 3
2132 1
2134 1
2135 2
2139 1
2141 2
2142 1
2145 1
2146 1
2148 1
2149 3
2151 1
2152 2
2153 1
2154 1
2155 1
2160 1
2161 1
2162 2
2163 1
2165 1
2166 1
2167 1
2169 2
2170 1
2172 6
2174 1
2175 1
2176 3
2177 3
2185 1
2186 2
2187 1
2188 2
2190 6
2191 1
2192 1
2193 1
2194 1
2195 1
2196 1
2197 3
2198 3
2199 2
2200 4
2202 4
2203 3
2204 3
2205 5
2206 7
2208 4
2209 5
2210 4
2211 6
2212 2
2213 1
2214 1
2215 1
2216 3
2217 4
2218 7
2219 4
2220 3
2221 2
2222 4
2223 2
2224 6
2225 9
2226 3
2227 5
2228 2
2229 5
2230 6
2231 3
2232 4
2234 3
2235 8
2236 2
2237 6
2238 2
2239 3
2240 7
2241 3
2242 3
2243 3
2244 7
2245 3
2246 2
2247 4
2248 2
2249 1
2250 3
2251 4
2252 1
2253 3
2254 4
2255 1
2256 5
2257 1
2258 3
2259 2
2260 3
2261 2
2262 4
2264 2
2266 5
2267 1
2270 1
2271 4
2272 3
2273 4
2274 3
2275 4
2276 7
2277 3
2278 6
2279 3
2281 5
2282 5
2283 5
2284 3
2285 9
2286 4
2287 1
2288 5
2289 3
2291 4
2292 2
2293 5
2294 5
2295 3
2296 4
2297 6
2298 5
2299 4
2300 7
2301 5
2302 5
2303 9
2304 6
2305 6
2306 4
2307 1
2308 3
2309 4
2310 5
2311 2
2312 6
2313 3
2314 5
2315 5
2316 1
2317 1
2318 1
2319 3
2320 2
2321 2
2323 5
2324 5
2325 1
2326 2
2327 3
2328 3
2329 3
2330 3
2331 2
2332 2
2333 2
2335 3
2336 3
2337 1
2338 3
2339 1
2340 2
2341 3
2342 1
2344 2
2345 2
2346 3
2347 2
2348 4
2350 2
2351 2
2352 4
2354 1
2355 4
2356 4
2357 3
2358 3
2359 1
2360 2
2362 1
2363 1
2364 3
2365 1
2366 2
2367 2
2368 3
2369 3
2370 1
2371 3
2372 2
2374 2
2375 1
2376 2
2377 1
2380 3
2381 1
2382 1
2384 1
2387 1
2388 1
2389 5
2391 2
2392 1
2394 8
2395 1
2396 5
2397 2
2398 3
2399 3
2400 3
2401 4
2402 2
2403 5
2404 1
2405 2
2406 2
2407 1
2408 3
2410 1
2411 2
2412 4
2413 2
2414 4
2415 5
2416 6
2417 4
2418 4
2419 5
2420 1
2421 4
2422 2
2423 6
2424 3
2425 3
2426 2
2427 7
2428 4
2429 3
2430 3
2431 4
2432 3
2433 3
2434 4
2435 10
2436 7
2437 6
2438 2
2439 10
2440 5
2441 4
2442 8
2443 6
2444 8
2445 4
2446 7
2447 9
2448 5
2449 7
2450 6
2451 7
2452 5
2453 8
2454 6
2455 12
2456 8
2457 4
2458 10
2459 6
2460 9
2461 7
2462 10
2463 3
2464 10
2465 6
2466 3
2467 6
2468 14
2469 8
2470 4
2471 6
2472 3
2473 4
2474 8
2475 4
2476 3
2477 5
2478 4
2479 1
2480 3
2481 3
2482 1
2483 4
2484 2
2485 2
2486 1
2490 5
2491 1
2492 2
2493 4
2495 4
2496 2
2497 1
2499 3
2500 4
2501 2
2502 3
2503 4
2504 3
2505 1
2506 3
2507 1
2508 2
2509 1
2511 1
2514 1
2517 1
2519 1
2521 1
2522 3
2524 2
2525 1
2528 1
2530 1
2531 1
2532 1
2533 1
2534 1
2535 1
2536 2
2537 2
2538 2
2539 3
2541 6
2542 4
2543 6
2544 1
2545 4
2546 6
2547 2
2548 1
2549 2
2550 4
2551 2
2552 2
2553 4
2554 2
2555 3
2556 4
2557 2
2559 3
2560 1
2562 1
2563 1
2564 1
2566 1
2567 4
2568 4
2569 3
2570 1
2573 1
2574 1
2577 1
2579 1
2580 1
2582 1
2583 1
2584 4
2585 1
2586 2
2587 3
2590 1
2592 2
2593 1
2595 1
2601 1
2602 1
2603 2
2604 1
2605 1
2606 1
2607 1
2608 1
2609 2
2611 2
2615 3
2616 1
2617 3
2618 1
2619 1
2622 1
2623 3
2624 1
2625 1
2626 2
2627 1
2628 1
2629 1
2630 1
2641 1
2642 1
2644 1
2650 2
2651 1
2652 1
2653 1
2654 2
2660 1
2661 1
2662 1
2670 1
2671 2
2674 1
2676 1
2678 1
2680 2
2681 3
2683 1
2685 1
2686 1
2687 1
2688 2
2689 1
2690 1
2691 3
2692 2
2693 4
2694 5
2695 2
2696 2
2698 2
2699 5
2700 4
2701 5
2702 1
2703 4
2704 3
2705 1
2706 1
2707 1
2708 1
2709 1
2711 2
2712 1
2715 2
2716 2
2719 1
2721 2
2722 1
2723 1
2724 1
2725 1
2726 1
2729 1
2730 5
2731 2
2732 1
2733 2
2734 1
2736 3
2738 1
2739 1
2740 1
2741 2
2743 2
2744 2
2745 1
2747 1
2748 4
2749 3
2750 1
2751 2
2752 4
2753 1
2755 4
2757 1
2758 2
2759 1
2760 2
2761 1
2762 2
2763 1
2764 2
2765 2
2766 1
2767 1
2771 1
2772 2
2773 2
2774 2
2776 1
2777 2
2778 1
2779 1
2780 1
2781 1
2783 1
2785 1
2786 1
2789 1
2791 2
2793 2
2794 2
2795 1
2797 3
2798 2
2799 1
2800 2
2802 1
2806 2
2812 1
2816 1
2818 1
2820 1
2821 1
2826 1
2837 1
2843 1
2844 1
2850 1
2859 1
2864 2
2867 1
2869 1
2872 1
2873 1
2876 1
2877 2
2878 1
2880 2
2881 1
2882 2
2884 1
2886 2
2889 2
2891 1
2892 1
2893 1
2894 1
2895 3
2896 1
2901 2
2902 1
2903 1
2904 1
2905 1
2913 2
2914 1
2915 2
2916 1
2917 1
2918 1
2919 1
2920 2
2921 2
2923 1
2925 2
2926 1
2928 1
2930 1
2931 1
2932 2
2937 1
2940 1
2943 1
2946 1
2954 1
2956 1
2967 1
2971 1
2973 1
2976 2
2980 1
2983 1
2984 1
2985 1
2987 1
2989 1
2990 1
2994 2
2996 2
2998 3
3000 1
3005 1
3006 1
3008 1
3009 1
3012 1
3059 1
3063 1
3064 1
3067 1
3083 1
3084 1
3085 1
3105 1
3107 1
3114 1
3115 1
3120 1
3135 1
3138 1
3142 1
3151 1
3153 1
3157 1
3158 2
3166 1
3167 1
3168 3
3171 1
3172 1
3173 1
3175 1
3177 1
3178 1
3179 1
3180 1
3181 2
3182 1
3196 4
3202 1
3211 1
3221 1
3226 1
3234 2
3236 1
3244 1
3249 1
3260 2
3262 1
3288 1
3301 2
3307 1
3308 1
3309 1
3312 1
3313 1
3315 2
3316 2
3317 2
3320 1
3323 1
3333 1
3339 1
3346 1
3348 1
3349 1
3350 1
3352 1
3354 1
3356 2
3357 1
3361 1
3363 1
3364 1
3366 1
3367 1
3370 2
3375 2
3377 2
3381 1
3384 1
3388 1
3390 2
3391 1
3394 3
3399 1
3400 1
3401 1
3404 1
3406 1
3408 1
3410 2
3420 1
3462 1
3479 1
3555 1
3563 1
3565 1
3568 1
3581 1
3587 1
3588 1
3590 1
3591 1
3601 1
3602 2
3603 1
3606 1
3607 1
3609 1
3614 1
3623 1
3634 1
3648 1
3660 1
3664 1
3669 1
3703 1
3713 1
3722 1
3724 1
3755 1
3762 1
3768 1
3780 2
3783 1
3784 1
3792 1
3826 1
3845 1
3933 1
4024 1
4027 1
4040 1
4042 1
4043 1
4060 1
4061 1
4125 1
4139 1
4141 1
4160 1
4162 1
4173 1
4201 1
4207 2
4272 1
4276 1
4303 1
4308 1
4328 1
4331 1
4343 1
4353 1
4361 1
4377 1
4381 1
4383 1
4393 1
4464 1
4506 1
4509 3
4515 1
4518 1
4520 1
4522 1
4529 1
4557 1
4683 1
4725 1
4728 1
4740 1
4742 1
4772 1
4776 1
4781 1
4973 1
5163 1
5183 1
5185 1
5189 1
5190 2
5196 1
5204 1
5209 1
5237 1
5239 1
5347 1
5392 1
5396 1
5417 1
5432 1
5441 1
5450 1
5467 2
5473 1
5475 1
5476 1
5481 2
5489 1
5492 1
5498 1
5564 1
5575 1
5576 1
5581 1
5582 1
5583 1
5584 1
5598 1
5606 1
5607 1
5611 1
5613 1
5625 1
5631 1
5638 1
5639 2
5646 1
5648 1
5649 1
5656 1
5658 1
5665 2
5668 1
5675 1
5683 1
5684 1
5689 1
5694 1
5696 1
5699 2
5705 1
5706 1
5716 1
5759 1
5842 1
5848 1
6033 1
6127 1
6151 1
6170 1
6174 1
6176 1
6185 1
6246 1
6336 1
6343 1
6376 1
6384 1
6569 1
6616 1
6633 1
6644 1
6809 1
6813 1
6815 1
6819 1
6828 1
6930 1
6935 1
6951 1
6972 1
7008 1
7134 1
7143 1
7155 1
7156 1
7164 1
7165 2
7166 1
7168 1
7174 1
7181 1
7243 1
7311 1
7317 1
7544 1
7546 1
8167 1
8174 1
8179 2
8195 1
8209 1
8415 1
8424 1
8437 1
8441 3
8443 2
8446 1
8447 1
8448 2
8669 1
10001 17
