1 25329473
2 14179129
3 9159484
4 6926926
5 5678946
6 4712595
7 3808044
8 2949280
9 2204790
10 1611774
11 1172846
12 874034
13 700592
14 621489
15 601768
16 615486
17 626959
18 627843
19 603984
20 559939
21 495073
22 425609
23 350841
24 285070
25 227011
26 183500
27 150725
28 133564
29 123468
30 120464
31 122641
32 126412
33 130546
34 133193
35 132872
36 130188
37 124094
38 116208
39 107927
40 97610
41 88384
42 78417
43 72200
44 68591
45 67591
46 71507
47 77864
48 88343
49 103184
50 121242
51 143262
52 167546
53 195361
54 224203
55 255044
56 282253
57 308810
58 332204
59 352862
60 367247
61 377101
62 382345
63 382783
64 376709
65 365082
66 349739
67 330332
68 305906
69 282387
70 256236
71 229983
72 203663
73 176775
74 152139
75 129843
76 109523
77 90923
78 75170
79 61293
80 50058
81 39797
82 31784
83 25707
84 20733
85 16769
86 13803
87 11773
88 10234
89 9111
90 8758
91 8427
92 8214
93 8243
94 8299
95 8529
96 8428
97 8452
98 8385
99 8285
100 8435
101 8335
102 7995
103 7927
104 7560
105 7376
106 6879
107 6515
108 6049
109 5593
110 5260
111 5018
112 4608
113 4071
114 3863
115 3445
116 3169
117 2942
118 2733
119 2552
120 2362
121 2248
122 2163
123 2126
124 1936
125 1926
126 1818
127 1692
128 1790
129 1675
130 1681
131 1603
132 1542
133 1502
134 1386
135 1211
136 1131
137 1082
138 1105
139 1049
140 921
141 886
142 812
143 772
144 727
145 638
146 625
147 542
148 497
149 451
150 431
151 385
152 333
153 318
154 316
155 262
156 242
157 215
158 183
159 194
160 161
161 171
162 170
163 181
164 141
165 167
166 146
167 157
168 153
169 184
170 209
171 175
172 216
173 191
174 204
175 209
176 192
177 227
178 231
179 251
180 263
181 262
182 295
183 288
184 287
185 297
186 313
187 313
188 315
189 318
190 348
191 335
192 361
193 350
194 314
195 315
196 313
197 313
198 283
199 341
200 303
201 241
202 265
203 241
204 241
205 228
206 247
207 258
208 244
209 261
210 270
211 233
212 236
213 226
214 238
215 237
216 199
217 192
218 169
219 175
220 141
221 167
222 176
223 157
224 149
225 170
226 152
227 142
228 134
229 136
230 153
231 150
232 158
233 154
234 141
235 146
236 146
237 167
238 137
239 138
240 151
241 178
242 194
243 184
244 191
245 189
246 181
247 166
248 186
249 166
250 182
251 197
252 181
253 240
254 192
255 213
256 206
257 201
258 236
259 200
260 204
261 174
262 183
263 177
264 172
265 178
266 157
267 167
268 165
269 149
270 169
271 171
272 143
273 164
274 145
275 133
276 153
277 119
278 151
279 121
280 108
281 100
282 106
283 81
284 85
285 68
286 83
287 81
288 74
289 74
290 85
291 66
292 72
293 62
294 58
295 56
296 67
297 67
298 49
299 71
300 60
301 59
302 67
303 51
304 53
305 50
306 62
307 60
308 61
309 54
310 70
311 47
312 72
313 59
314 71
315 67
316 70
317 66
318 67
319 72
320 55
321 48
322 43
323 67
324 60
325 61
326 57
327 58
328 57
329 57
330 48
331 45
332 60
333 43
334 56
335 54
336 50
337 52
338 53
339 57
340 51
341 49
342 45
343 57
344 40
345 62
346 55
347 51
348 53
349 66
350 51
351 61
352 63
353 50
354 51
355 50
356 43
357 42
358 42
359 57
360 62
361 52
362 54
363 52
364 61
365 78
366 59
367 61
368 86
369 75
370 82
371 114
372 117
373 136
374 144
375 149
376 200
377 238
378 250
379 289
380 391
381 414
382 468
383 574
384 631
385 723
386 853
387 878
388 1069
389 1210
390 1352
391 1558
392 1721
393 1931
394 2182
395 2423
396 2692
397 3015
398 3514
399 3772
400 4279
401 4889
402 5211
403 5774
404 6280
405 7035
406 7748
407 8435
408 9175
409 10082
410 10946
411 11820
412 12887
413 13765
414 14777
415 15963
416 17243
417 17917
418 19461
419 20377
420 21615
421 23127
422 24033
423 25034
424 26037
425 27682
426 29063
427 29659
428 30730
429 32088
430 33074
431 34409
432 34992
433 35862
434 36791
435 37494
436 38214
437 38630
438 39281
439 39584
440 39979
441 40376
442 41370
443 41734
444 41691
445 41463
446 40809
447 40980
448 41148
449 40826
450 40069
451 39923
452 38711
453 38506
454 37762
455 37280
456 36413
457 35255
458 34201
459 33333
460 32156
461 31225
462 29831
463 28887
464 27510
465 26519
466 25528
467 24127
468 23132
469 21728
470 20606
471 19592
472 18431
473 17162
474 16404
475 15087
476 14097
477 13277
478 12332
479 11394
480 10498
481 9989
482 8869
483 8255
484 7587
485 7027
486 6414
487 5946
488 5327
489 4826
490 4423
491 3890
492 3715
493 3233
494 2856
495 2707
496 2348
497 2133
498 1876
499 1707
500 1529
501 1418
502 1335
503 1187
504 1045
505 974
506 787
507 721
508 639
509 605
510 480
511 455
512 362
513 311
514 313
515 276
516 249
517 201
518 225
519 184
520 151
521 135
522 117
523 115
524 102
525 93
526 101
527 84
528 69
529 62
530 56
531 64
532 62
533 43
534 36
535 49
536 42
537 29
538 28
539 19
540 23
541 23
542 24
543 16
544 17
545 22
546 24
547 19
548 24
549 23
550 12
551 17
552 19
553 23
554 14
555 27
556 25
557 24
558 19
559 20
560 16
561 14
562 22
563 19
564 23
565 10
566 11
567 11
568 12
569 11
570 11
571 13
572 15
573 11
574 7
575 11
576 6
577 10
578 14
579 12
580 6
581 10
582 8
583 13
584 7
585 15
586 9
587 15
588 4
589 15
590 14
591 12
592 15
593 9
594 13
595 13
596 10
597 9
598 9
599 13
600 10
601 8
602 5
603 9
604 4
605 2
606 6
607 5
608 4
609 5
610 3
611 5
612 7
613 11
614 7
615 7
616 8
617 5
618 7
619 6
620 7
621 12
622 7
623 5
624 3
625 6
626 4
627 10
628 4
629 6
630 7
631 9
632 8
633 4
634 3
635 5
636 3
637 3
638 6
639 1
640 4
641 7
642 6
643 8
644 2
645 4
646 9
647 5
649 3
650 3
651 5
652 4
653 5
654 6
655 4
656 9
657 4
658 7
659 7
660 9
661 8
662 8
663 10
664 9
665 16
666 6
667 3
668 5
669 10
670 11
671 9
672 6
673 12
674 8
675 12
676 3
677 6
678 5
679 5
680 6
681 2
682 3
683 7
684 6
685 7
686 4
687 6
688 1
689 3
690 4
692 6
693 5
694 5
695 2
696 2
697 2
698 5
699 5
700 7
701 1
702 3
703 4
704 3
705 3
706 7
707 2
708 5
709 6
710 5
711 2
712 2
713 6
714 3
715 7
716 6
717 7
718 7
719 3
720 4
721 4
722 5
723 4
724 2
725 10
726 6
727 5
728 6
729 8
730 9
731 8
732 7
733 14
734 8
735 5
736 3
737 2
738 7
739 4
740 3
741 3
742 5
743 9
744 2
745 3
746 2
747 5
748 4
749 2
750 4
751 5
752 4
753 1
754 4
755 2
756 1
757 2
759 1
760 2
761 2
762 3
763 3
764 3
765 1
766 1
767 2
768 4
769 1
770 2
771 3
772 2
774 1
775 2
776 2
777 1
778 3
779 3
780 5
781 1
782 2
783 1
784 3
785 2
786 2
787 2
788 1
789 1
791 3
792 1
793 2
794 3
795 1
796 2
798 1
799 2
800 2
801 2
802 1
803 2
805 1
806 3
807 2
809 4
810 2
811 4
812 4
813 2
814 9
815 3
816 8
817 2
818 4
819 5
820 10
821 3
822 2
823 9
824 9
825 10
826 9
827 18
828 8
829 16
830 13
831 13
832 17
833 16
834 16
835 19
836 10
837 18
838 21
839 22
840 23
841 17
842 28
843 26
844 23
845 21
846 22
847 40
848 41
849 29
850 37
851 45
852 41
853 41
854 51
855 46
856 51
857 50
858 53
859 56
860 49
861 65
862 48
863 55
864 59
865 61
866 72
867 59
868 66
869 85
870 66
871 63
872 52
873 74
874 67
875 61
876 77
877 83
878 74
879 91
880 66
881 74
882 70
883 66
884 66
885 73
886 57
887 62
888 69
889 61
890 47
891 67
892 74
893 58
894 69
895 65
896 72
897 73
898 59
899 63
900 66
901 69
902 64
903 60
904 48
905 57
906 38
907 44
908 40
909 36
910 41
911 41
912 33
913 36
914 38
915 52
916 36
917 30
918 34
919 46
920 29
921 24
922 30
923 31
924 29
925 30
926 32
927 36
928 25
929 21
930 22
931 21
932 17
933 14
934 19
935 16
936 16
937 18
938 11
939 19
940 10
941 12
942 18
943 6
944 8
945 8
946 10
947 8
948 10
949 7
950 10
951 6
952 10
953 5
954 7
955 8
956 6
957 3
958 12
959 5
960 6
961 6
962 5
963 7
964 7
965 5
966 3
967 2
968 6
969 2
970 2
971 1
972 3
973 1
974 2
975 1
976 3
977 2
978 4
979 4
980 2
981 2
982 5
983 4
984 6
985 2
988 3
989 1
990 3
991 8
992 1
993 3
994 2
995 3
996 2
997 2
998 2
999 1
1000 5
1001 2
1003 5
1004 1
1005 2
1006 2
1008 5
1009 4
1010 3
1011 3
1012 2
1013 4
1014 3
1015 2
1017 2
1018 4
1019 5
1021 2
1022 6
1023 3
1024 4
1025 4
1026 3
1027 3
1028 3
1029 4
1030 3
1031 6
1032 5
1033 4
1034 3
1035 6
1036 4
1037 3
1038 4
1039 3
1040 6
1041 2
1042 4
1043 5
1044 3
1045 1
1046 1
1047 2
1048 2
1049 1
1050 3
1052 1
1053 2
1054 1
1055 1
1056 1
1057 4
1058 1
1059 1
1060 3
1061 1
1063 1
1065 2
1066 2
1067 3
1068 1
1069 1
1070 2
1071 1
1072 2
1073 1
1074 1
1075 1
1078 1
1079 1
1080 2
1083 2
1084 2
1085 1
1086 1
1087 2
1092 1
1093 2
1094 1
1095 1
1097 2
1099 1
1102 3
1103 3
1104 1
1105 2
1106 1
1107 3
1109 1
1110 1
1111 2
1112 3
1113 3
1114 1
1115 3
1116 1
1117 2
1118 3
1119 1
1120 2
1121 2
1122 4
1123 2
1124 1
1125 1
1126 1
1127 1
1130 1
1131 1
1132 1
1133 1
1137 1
1138 1
1140 1
1141 1
1143 1
1144 4
1145 2
1146 1
1147 5
1148 2
1150 1
1151 1
1152 4
1153 2
1154 3
1155 3
1157 1
1158 3
1159 3
1160 1
1161 1
1163 2
1166 1
1167 1
1168 1
1169 1
1171 2
1173 2
1175 1
1176 1
1178 1
1179 3
1180 1
1181 1
1182 2
1183 2
1184 2
1185 2
1186 3
1187 3
1188 1
1189 6
1191 2
1192 3
1194 5
1195 2
1196 2
1197 5
1198 3
1199 1
1200 3
1201 2
1202 1
1203 1
1204 3
1206 2
1207 1
1213 1
1218 1
1229 1
1231 1
1232 1
1235 1
1237 1
1239 1
1240 1
1241 2
1242 2
1243 2
1245 1
1246 2
1247 1
1248 3
1249 2
1250 1
1251 1
1252 1
1254 1
1255 1
1256 1
1257 1
1258 2
1259 2
1260 1
1261 1
1264 3
1265 1
1266 1
1267 1
1268 1
1271 1
1273 1
1274 2
1277 2
1278 1
1281 1
1285 2
1287 1
1288 1
1289 1
1290 2
1291 3
1293 7
1294 3
1295 3
1296 8
1297 1
1298 4
1299 3
1300 4
1301 2
1302 5
1303 3
1304 5
1305 3
1306 3
1307 1
1308 5
1309 1
1310 4
1311 1
1312 4
1313 5
1314 6
1315 3
1316 8
1317 4
1318 5
1319 2
1320 4
1321 4
1322 2
1323 3
1324 7
1325 3
1326 2
1327 5
1328 4
1329 3
1330 1
1331 8
1332 1
1333 4
1334 5
1335 9
1336 6
1337 6
1338 3
1339 5
1340 6
1341 3
1342 2
1343 5
1344 4
1345 7
1346 5
1347 5
1348 5
1349 4
1350 3
1351 3
1352 2
1353 2
1354 3
1355 6
1356 1
1357 2
1359 3
1360 2
1363 2
1364 1
1365 5
1366 1
1367 1
1369 2
1370 2
1372 1
1375 1
1376 1
1379 1
1381 1
1382 1
1384 2
1385 1
1387 1
1392 1
1393 1
1396 2
1397 1
1399 1
1400 1
1401 2
1403 1
1410 1
1411 2
1412 1
1413 1
1416 1
1417 1
1418 1
1421 1
1428 1
1429 1
1431 1
1434 1
1442 1
1452 1
1454 1
1461 2
1464 1
1465 1
1467 1
1469 1
1470 1
1471 5
1473 1
1474 1
1475 1
1476 4
1477 2
1478 3
1480 1
1481 4
1482 1
1483 1
1484 4
1485 1
1486 3
1487 3
1489 4
1490 1
1491 3
1492 2
1495 1
1497 6
1499 1
1502 5
1508 2
1511 1
1512 3
1515 3
1516 2
1518 1
1519 1
1520 4
1521 2
1523 1
1524 1
1525 1
1526 1
1528 1
1531 1
1533 1
1537 2
1538 1
1540 2
1545 1
1548 1
1549 2
1551 1
1552 4
1553 1
1554 1
1556 4
1557 1
1558 2
1559 1
1560 1
1561 3
1563 2
1564 1
1565 1
1566 1
1567 3
1571 1
1579 1
1721 1
1725 1
1726 2
1727 3
1729 1
1730 2
1731 1
1732 1
1733 1
1734 1
1735 1
1736 1
1737 2
1739 1
1741 1
1742 4
1744 1
1745 1
1746 3
1747 2
1750 2
1752 1
1755 4
1757 2
1765 2
1769 1
1770 1
1771 2
1772 2
1775 1
1776 1
1777 1
1781 2
1786 1
1794 1
1800 1
1803 1
1806 1
1810 1
1811 1
1812 2
1813 1
1814 1
1815 1
1819 1
1820 2
1826 1
1833 1
1838 1
1853 1
1857 1
1865 1
1904 1
1910 1
1919 1
2103 1
2109 1
2111 1
2132 1
2144 1
2147 1
2150 1
2151 1
2153 1
2154 2
2159 1
2160 1
2167 1
2174 1
2178 1
2203 1
2207 1
2221 1
2226 1
2229 1
2233 1
2249 2
2250 1
2251 1
2258 1
2272 1
2277 1
2285 1
2567 1
2574 1
2575 1
2585 1
2592 1
2595 1
2620 1
2625 1
2645 1
2687 1
2689 1
2693 1
2700 1
2701 1
2704 1
2708 1
2710 1
2711 1
2712 1
2716 1
2717 2
2718 1
2725 1
2727 1
2728 1
2765 1
2803 1
2849 1
2852 1
2860 1
2862 1
2863 3
2864 2
2872 2
3050 1
3071 1
3077 1
3083 1
3140 1
3524 1
3735 1
3741 1
4091 1
4164 1
4383 1
4394 1
5495 2
5499 1
5502 2
5506 1
5508 1
5512 1
5518 1
5524 1
