1 14346872
2 12096988
3 9058910
4 6907617
5 5516467
6 4684440
7 4161029
8 3784968
9 3423089
10 3045597
11 2640890
12 2239291
13 1879104
14 1577778
15 1334477
16 1167249
17 1052772
18 985826
19 943772
20 908394
21 874617
22 833560
23 771844
24 704986
25 623246
26 536960
27 452313
28 374840
29 305793
30 248686
31 204994
32 171357
33 148660
34 134089
35 126433
36 123985
37 126262
38 130805
39 138136
40 147055
41 157327
42 169592
43 181312
44 193137
45 206354
46 221157
47 234291
48 248872
49 264090
50 277856
51 293472
52 306135
53 317614
54 329841
55 338820
56 344586
57 346310
58 350721
59 350681
60 350324
61 347897
62 346750
63 346355
64 345522
65 345288
66 348398
67 353009
68 356868
69 364165
70 371638
71 375667
72 378229
73 379261
74 377475
75 373896
76 366260
77 356668
78 347386
79 333244
80 318809
81 301621
82 282839
83 264492
84 245809
85 227418
86 211154
87 195532
88 183352
89 173721
90 165454
91 158606
92 154913
93 154097
94 154732
95 157025
96 161555
97 165370
98 171104
99 177406
100 183012
101 190098
102 194672
103 198088
104 200812
105 202231
106 201965
107 199236
108 195487
109 189927
110 183036
111 174104
112 164646
113 154447
114 145340
115 133887
116 121986
117 110804
118 99752
119 88811
120 78378
121 68718
122 59774
123 51952
124 44692
125 38622
126 33055
127 28500
128 24456
129 21200
130 18574
131 17163
132 15699
133 15373
134 15298
135 16026
136 17046
137 18926
138 21201
139 23982
140 27090
141 31485
142 36001
143 40936
144 46377
145 53117
146 59989
147 67836
148 75582
149 84112
150 93266
151 102463
152 112189
153 122117
154 133049
155 143820
156 154961
157 166310
158 177016
159 188086
160 198553
161 209133
162 220186
163 230165
164 240919
165 250648
166 261274
167 269044
168 277640
169 283227
170 290827
171 297241
172 301873
173 305456
174 308352
175 311178
176 313586
177 314868
178 316496
179 315988
180 314290
181 313630
182 311752
183 311153
184 308051
185 303557
186 300082
187 296924
188 292304
189 286995
190 282537
191 276494
192 271529
193 266233
194 261189
195 255271
196 249448
197 242674
198 238206
199 231290
200 225582
201 218977
202 213113
203 206476
204 200545
205 194310
206 188649
207 181812
208 176204
209 170791
210 163546
211 157019
212 150492
213 143373
214 137098
215 130772
216 123562
217 116834
218 110014
219 102978
220 97141
221 90593
222 83486
223 77879
224 72355
225 66787
226 61656
227 56730
228 51896
229 47333
230 43764
231 39677
232 35954
233 32870
234 29439
235 26924
236 24311
237 21832
238 19722
239 17691
240 16152
241 14593
242 13504
243 12381
244 11276
245 10326
246 9840
247 9204
248 8905
249 8527
250 8203
251 7737
252 7739
253 7542
254 7644
255 7463
256 7664
257 7620
258 7577
259 7701
260 7827
261 7679
262 7628
263 7761
264 7611
265 7734
266 7824
267 7545
268 7464
269 7395
270 6915
271 6722
272 6768
273 6466
274 6566
275 6054
276 5914
277 5719
278 5408
279 5194
280 4976
281 4697
282 4340
283 3980
284 3749
285 3567
286 3261
287 3126
288 2890
289 2685
290 2650
291 2446
292 2257
293 2193
294 2077
295 1931
296 1853
297 1699
298 1659
299 1643
300 1585
301 1495
302 1490
303 1435
304 1531
305 1482
306 1484
307 1461
308 1510
309 1508
310 1509
311 1489
312 1527
313 1523
314 1543
315 1694
316 1657
317 1700
318 1654
319 1835
320 1760
321 1901
322 1908
323 1933
324 2007
325 1984
326 2018
327 2037
328 2036
329 2012
330 1960
331 1983
332 1917
333 1941
334 1998
335 1930
336 1868
337 1891
338 1901
339 1943
340 1850
341 1825
342 1727
343 1831
344 1773
345 1760
346 1709
347 1719
348 1622
349 1702
350 1559
351 1525
352 1545
353 1496
354 1472
355 1407
356 1371
357 1333
358 1346
359 1298
360 1278
361 1258
362 1248
363 1185
364 1205
365 1128
366 1131
367 1132
368 1186
369 1184
370 1135
371 1166
372 1103
373 1115
374 1164
375 1095
376 1038
377 1037
378 1018
379 980
380 957
381 944
382 956
383 984
384 910
385 931
386 883
387 854
388 827
389 936
390 863
391 907
392 871
393 872
394 834
395 835
396 740
397 869
398 830
399 861
400 808
401 774
402 763
403 698
404 708
405 682
406 704
407 694
408 634
409 637
410 606
411 600
412 578
413 597
414 572
415 556
416 500
417 601
418 535
419 583
420 561
421 573
422 533
423 519
424 496
425 484
426 461
427 517
428 443
429 418
430 411
431 366
432 383
433 382
434 390
435 337
436 304
437 307
438 296
439 317
440 282
441 272
442 294
443 260
444 251
445 225
446 256
447 247
448 198
449 209
450 185
451 208
452 187
453 188
454 149
455 170
456 175
457 157
458 170
459 138
460 146
461 153
462 163
463 131
464 127
465 133
466 110
467 116
468 131
469 91
470 94
471 102
472 100
473 111
474 88
475 114
476 93
477 107
478 81
479 111
480 83
481 110
482 123
483 122
484 93
485 106
486 95
487 113
488 78
489 112
490 112
491 114
492 95
493 125
494 126
495 118
496 121
497 130
498 122
499 129
500 125
501 121
502 136
503 111
504 141
505 134
506 149
507 136
508 136
509 151
510 135
511 157
512 146
513 155
514 132
515 165
516 177
517 176
518 170
519 167
520 195
521 188
522 190
523 180
524 190
525 173
526 177
527 201
528 185
529 203
530 189
531 179
532 203
533 203
534 187
535 189
536 188
537 145
538 181
539 171
540 146
541 143
542 173
543 129
544 146
545 125
546 153
547 168
548 169
549 142
550 146
551 170
552 166
553 133
554 139
555 156
556 151
557 153
558 152
559 150
560 128
561 133
562 145
563 166
564 121
565 151
566 164
567 128
568 136
569 153
570 137
571 160
572 138
573 153
574 144
575 158
576 137
577 125
578 138
579 109
580 121
581 133
582 136
583 143
584 125
585 148
586 142
587 131
588 116
589 125
590 130
591 131
592 121
593 130
594 131
595 131
596 138
597 110
598 141
599 140
600 136
601 130
602 107
603 146
604 141
605 108
606 111
607 128
608 107
609 140
610 126
611 130
612 110
613 145
614 118
615 133
616 133
617 129
618 145
619 115
620 137
621 143
622 140
623 140
624 116
625 150
626 129
627 132
628 154
629 168
630 144
631 154
632 146
633 152
634 159
635 162
636 146
637 173
638 148
639 147
640 132
641 145
642 139
643 124
644 136
645 136
646 144
647 134
648 122
649 120
650 142
651 142
652 130
653 131
654 140
655 154
656 160
657 154
658 122
659 147
660 139
661 132
662 139
663 126
664 149
665 115
666 125
667 113
668 103
669 125
670 119
671 113
672 113
673 112
674 100
675 112
676 98
677 88
678 97
679 88
680 99
681 90
682 76
683 86
684 88
685 93
686 87
687 97
688 92
689 94
690 92
691 78
692 103
693 117
694 104
695 78
696 117
697 75
698 74
699 78
700 78
701 72
702 83
703 85
704 101
705 85
706 94
707 78
708 96
709 89
710 108
711 98
712 106
713 97
714 97
715 93
716 92
717 67
718 108
719 94
720 96
721 93
722 81
723 84
724 84
725 88
726 85
727 79
728 59
729 81
730 74
731 80
732 87
733 73
734 73
735 81
736 55
737 85
738 67
739 61
740 78
741 58
742 56
743 46
744 66
745 57
746 55
747 56
748 57
749 44
750 61
751 54
752 56
753 44
754 57
755 44
756 56
757 61
758 44
759 44
760 45
761 40
762 36
763 38
764 25
765 42
766 32
767 50
768 40
769 45
770 36
771 31
772 40
773 37
774 43
775 36
776 31
777 35
778 28
779 43
780 26
781 37
782 30
783 28
784 32
785 32
786 29
787 25
788 30
789 35
790 33
791 21
792 24
793 27
794 21
795 31
796 32
797 22
798 34
799 34
800 27
801 33
802 25
803 20
804 24
805 18
806 23
807 30
808 29
809 27
810 34
811 40
812 28
813 36
814 37
815 29
816 35
817 37
818 36
819 35
820 42
821 42
822 35
823 47
824 49
825 46
826 35
827 49
828 42
829 44
830 47
831 32
832 46
833 37
834 35
835 42
836 52
837 44
838 48
839 48
840 52
841 40
842 57
843 35
844 38
845 51
846 51
847 47
848 56
849 43
850 47
851 58
852 53
853 61
854 61
855 45
856 70
857 62
858 65
859 67
860 45
861 54
862 72
863 70
864 61
865 68
866 75
867 56
868 72
869 67
870 78
871 88
872 83
873 68
874 79
875 61
876 86
877 60
878 82
879 61
880 73
881 73
882 83
883 68
884 61
885 75
886 76
887 57
888 64
889 62
890 71
891 71
892 78
893 57
894 70
895 79
896 81
897 48
898 66
899 54
900 82
901 90
902 82
903 90
904 69
905 76
906 87
907 94
908 59
909 87
910 81
911 64
912 66
913 57
914 75
915 67
916 64
917 60
918 62
919 62
920 66
921 74
922 73
923 60
924 69
925 60
926 63
927 53
928 61
929 51
930 64
931 48
932 58
933 32
934 46
935 42
936 39
937 38
938 47
939 35
940 33
941 25
942 39
943 26
944 26
945 18
946 26
947 28
948 34
949 29
950 25
951 18
952 33
953 36
954 26
955 27
956 29
957 27
958 23
959 26
960 29
961 32
962 28
963 30
964 41
965 43
966 37
967 31
968 33
969 35
970 34
971 43
972 48
973 45
974 49
975 39
976 43
977 31
978 30
979 18
980 29
981 32
982 32
983 31
984 26
985 18
986 21
987 19
988 30
989 19
990 19
991 23
992 26
993 24
994 27
995 14
996 18
997 18
998 18
999 23
1000 23
1001 27
1002 32
1003 29
1004 25
1005 17
1006 22
1007 18
1008 25
1009 21
1010 14
1011 13
1012 20
1013 14
1014 12
1015 17
1016 18
1017 15
1018 12
1019 22
1020 17
1021 18
1022 15
1023 14
1024 21
1025 16
1026 18
1027 27
1028 23
1029 18
1030 14
1031 15
1032 17
1033 15
1034 22
1035 14
1036 13
1037 17
1038 13
1039 20
1040 18
1041 8
1042 16
1043 17
1044 18
1045 16
1046 15
1047 17
1048 22
1049 17
1050 25
1051 19
1052 19
1053 26
1054 20
1055 34
1056 24
1057 29
1058 24
1059 24
1060 26
1061 16
1062 28
1063 18
1064 17
1065 15
1066 21
1067 19
1068 18
1069 18
1070 18
1071 20
1072 19
1073 21
1074 22
1075 24
1076 25
1077 18
1078 18
1079 19
1080 17
1081 28
1082 24
1083 20
1084 23
1085 12
1086 17
1087 12
1088 17
1089 12
1090 18
1091 11
1092 11
1093 8
1094 10
1095 9
1096 9
1097 9
1098 8
1099 9
1100 7
1101 10
1102 13
1103 11
1104 3
1105 9
1106 11
1107 17
1108 4
1109 13
1110 15
1111 13
1112 8
1113 8
1114 8
1115 4
1116 5
1117 5
1118 8
1119 10
1120 10
1121 8
1122 4
1123 8
1124 6
1125 9
1126 4
1127 8
1128 7
1129 8
1130 10
1131 5
1132 14
1133 12
1134 7
1135 10
1136 8
1137 15
1138 11
1139 6
1140 14
1141 7
1142 11
1143 11
1144 10
1145 8
1146 11
1147 8
1148 4
1149 5
1150 10
1151 18
1152 10
1153 11
1154 9
1155 12
1156 5
1157 11
1158 16
1159 11
1160 12
1161 13
1162 9
1163 14
1164 16
1165 11
1166 12
1167 11
1168 10
1169 16
1170 12
1171 6
1172 11
1173 14
1174 11
1175 4
1176 15
1177 9
1178 14
1179 15
1180 21
1181 12
1182 14
1183 4
1184 10
1185 12
1186 14
1187 18
1188 11
1189 19
1190 9
1191 16
1192 10
1193 12
1194 14
1195 18
1196 12
1197 14
1198 10
1199 13
1200 10
1201 15
1202 16
1203 18
1204 15
1205 20
1206 19
1207 19
1208 19
1209 25
1210 14
1211 16
1212 15
1213 19
1214 16
1215 19
1216 11
1217 18
1218 23
1219 11
1220 13
1221 20
1222 12
1223 17
1224 16
1225 16
1226 19
1227 16
1228 14
1229 21
1230 17
1231 18
1232 11
1233 12
1234 16
1235 10
1236 12
1237 11
1238 10
1239 7
1240 12
1241 13
1242 9
1243 11
1244 8
1245 15
1246 18
1247 19
1248 14
1249 15
1250 16
1251 15
1252 13
1253 10
1254 8
1255 9
1256 12
1257 18
1258 9
1259 13
1260 12
1261 15
1262 16
1263 11
1264 13
1265 11
1266 6
1267 14
1268 16
1269 8
1270 9
1271 9
1272 9
1273 11
1274 4
1275 8
1276 8
1277 6
1278 7
1279 8
1280 7
1281 6
1282 2
1283 9
1284 3
1285 3
1286 5
1287 2
1288 1
1289 2
1290 4
1291 5
1292 3
1293 6
1294 5
1295 5
1296 3
1297 5
1298 8
1299 8
1300 5
1301 9
1302 5
1303 7
1304 5
1305 3
1306 10
1307 6
1308 12
1309 6
1310 9
1311 10
1312 4
1313 4
1314 8
1315 12
1316 14
1317 10
1318 14
1319 17
1320 14
1321 19
1322 11
1323 21
1324 14
1325 15
1326 11
1327 14
1328 14
1329 19
1330 16
1331 18
1332 15
1333 14
1334 11
1335 11
1336 14
1337 17
1338 21
1339 13
1340 12
1341 10
1342 16
1343 19
1344 14
1345 15
1346 13
1347 23
1348 21
1349 11
1350 12
1351 18
1352 19
1353 6
1354 9
1355 15
1356 9
1357 8
1358 16
1359 17
1360 16
1361 13
1362 14
1363 8
1364 7
1365 12
1366 16
1367 11
1368 8
1369 12
1370 15
1371 8
1372 6
1373 14
1374 8
1375 6
1376 13
1377 12
1378 11
1379 9
1380 6
1381 11
1382 7
1383 5
1384 4
1385 10
1386 6
1387 11
1388 13
1389 8
1390 12
1391 4
1392 11
1393 4
1394 14
1395 4
1396 8
1397 6
1398 7
1399 6
1400 8
1401 3
1402 5
1403 6
1404 7
1405 1
1406 4
1407 2
1408 4
1409 7
1410 6
1411 2
1412 5
1413 4
1414 8
1415 9
1416 2
1417 7
1418 4
1419 5
1420 2
1421 5
1422 5
1423 4
1424 3
1425 6
1426 6
1427 9
1428 1
1429 4
1430 4
1431 2
1432 2
1433 6
1434 3
1435 3
1436 1
1437 3
1438 2
1439 5
1440 2
1441 4
1442 5
1443 8
1444 7
1446 5
1447 7
1448 3
1449 7
1450 9
1451 7
1452 16
1453 9
1454 6
1455 8
1456 7
1457 4
1458 7
1459 8
1460 7
1461 7
1462 8
1463 4
1464 6
1465 9
1466 3
1467 4
1468 1
1469 2
1470 7
1471 7
1472 1
1473 1
1474 3
1475 4
1476 1
1477 3
1478 5
1479 2
1480 2
1481 4
1482 6
1483 2
1484 4
1485 3
1486 3
1488 1
1489 2
1490 3
1491 2
1493 4
1494 1
1495 3
1496 3
1497 4
1498 5
1500 7
1501 2
1502 3
1503 6
1504 10
1505 3
1506 1
1507 3
1508 3
1509 2
1510 4
1511 3
1512 7
1513 2
1514 1
1515 3
1516 3
1517 1
1519 6
1520 2
1521 3
1522 4
1523 1
1524 3
1525 2
1526 2
1528 3
1529 3
1530 4
1531 1
1532 3
1533 2
1534 2
1535 2
1536 3
1537 5
1538 2
1539 1
1540 4
1541 4
1542 1
1543 1
1544 2
1545 5
1546 1
1547 2
1548 5
1549 2
1550 4
1551 1
1552 3
1553 4
1554 5
1555 3
1556 3
1557 2
1558 1
1559 4
1560 1
1561 3
1562 1
1563 2
1564 1
1565 6
1566 3
1567 1
1568 5
1569 1
1570 4
1573 3
1574 2
1575 2
1576 2
1577 3
1579 1
1580 2
1581 6
1582 1
1583 3
1584 3
1585 4
1586 5
1587 3
1588 3
1589 3
1590 3
1591 3
1592 6
1593 6
1594 2
1595 6
1596 4
1597 2
1598 3
1599 4
1600 5
1601 3
1602 2
1603 3
1604 5
1605 2
1606 2
1607 2
1609 1
1610 3
1611 3
1612 4
1613 1
1614 4
1615 4
1616 3
1618 5
1619 4
1620 5
1621 5
1622 1
1623 9
1624 6
1625 1
1626 4
1627 2
1628 3
1629 2
1630 1
1631 4
1632 1
1633 1
1635 1
1636 3
1637 1
1638 1
1640 1
1641 1
1643 1
1644 1
1645 3
1646 1
1647 2
1648 2
1649 1
1650 1
1651 4
1652 1
1653 4
1654 3
1655 1
1657 1
1658 3
1659 4
1660 3
1661 1
1662 7
1663 4
1664 5
1665 3
1666 2
1667 4
1668 4
1669 1
1670 2
1671 1
1672 2
1673 3
1674 3
1675 1
1676 1
1677 2
1678 1
1679 2
1680 1
1681 2
1686 4
1687 1
1689 1
1693 1
1694 2
1695 3
1696 2
1697 1
1699 1
1700 2
1701 2
1702 1
1703 2
1704 1
1705 1
1706 2
1708 2
1709 1
1711 1
1712 1
1713 1
1714 1
1715 1
1716 1
1719 2
1720 1
1722 1
1723 1
1724 3
1725 3
1726 3
1727 1
1728 2
1729 3
1730 2
1731 3
1732 2
1733 1
1734 2
1735 2
1736 1
1737 2
1738 1
1739 1
1741 1
1742 3
1743 6
1744 2
1745 2
1746 1
1747 4
1748 3
1749 4
1750 1
1751 2
1752 2
1753 1
1754 2
1755 5
1756 1
1758 3
1759 3
1760 5
1761 3
1762 1
1766 1
1767 2
1768 2
1769 2
1770 1
1772 2
1773 2
1774 1
1775 1
1777 1
1779 3
1780 3
1782 4
1783 1
1784 1
1785 3
1787 3
1789 3
1790 1
1791 4
1793 1
1794 2
1795 3
1796 2
1798 1
1799 1
1800 2
1801 2
1802 2
1803 4
1804 3
1805 7
1806 3
1807 1
1808 4
1809 1
1810 3
1812 1
1813 1
1814 1
1815 1
1816 3
1817 5
1818 4
1819 1
1820 6
1821 1
1822 3
1823 2
1824 2
1825 3
1826 2
1828 1
1829 4
1830 3
1831 2
1832 2
1833 2
1834 2
1835 3
1836 2
1837 1
1839 4
1840 4
1841 2
1842 6
1843 2
1844 2
1845 3
1847 1
1848 4
1849 1
1850 2
1852 2
1853 1
1854 2
1855 1
1856 2
1858 2
1859 3
1860 1
1861 1
1862 1
1863 1
1864 4
1865 3
1866 3
1867 2
1868 3
1869 2
1870 2
1871 1
1872 2
1873 2
1874 2
1875 3
1877 3
1878 2
1880 7
1881 3
1882 4
1883 4
1884 4
1885 3
1886 4
1887 3
1888 4
1889 5
1890 2
1891 6
1892 3
1893 6
1894 4
1895 5
1896 4
1897 7
1898 4
1899 5
1900 6
1901 3
1902 2
1903 8
1904 2
1905 4
1906 5
1907 3
1908 5
1909 1
1910 3
1911 3
1912 4
1913 3
1914 1
1915 2
1916 2
1917 2
1918 4
1919 1
1920 5
1925 2
1926 3
1928 1
1930 3
1931 2
1932 4
1933 2
1934 3
1935 1
1937 1
1938 1
1939 4
1940 1
1941 1
1942 3
1943 1
1944 1
1945 2
1946 3
1947 1
1949 3
1950 1
1952 3
1953 4
1954 1
1955 2
1956 4
1957 3
1958 2
1959 3
1960 2
1961 2
1962 2
1963 4
1964 3
1965 5
1966 2
1967 5
1968 2
1969 3
1970 3
1971 2
1973 4
1974 8
1975 2
1976 5
1977 7
1978 8
1979 5
1980 4
1981 4
1982 5
1983 5
1984 7
1985 2
1986 6
1987 2
1988 5
1989 5
1990 6
1991 2
1992 5
1993 6
1994 2
1995 2
1996 2
1997 2
1998 3
1999 7
2000 1
2001 5
2002 4
2003 3
2004 2
2005 4
2006 2
2007 1
2008 2
2011 3
2012 2
2013 2
2014 2
2015 3
2016 1
2017 4
2018 1
2019 2
2021 2
2022 3
2024 3
2025 3
2026 1
2027 6
2028 4
2029 2
2030 3
2031 2
2032 2
2033 4
2034 3
2035 4
2036 5
2037 4
2038 3
2039 2
2040 5
2041 8
2042 2
2043 4
2044 1
2045 7
2046 2
2047 1
2048 7
2049 4
2050 6
2051 3
2052 4
2053 4
2054 2
2055 1
2056 1
2059 2
2060 3
2061 3
2062 3
2063 2
2064 2
2065 4
2066 1
2067 3
2068 3
2069 2
2070 3
2071 3
2072 1
2073 4
2074 2
2075 2
2076 1
2077 6
2078 2
2079 3
2080 2
2081 7
2082 3
2083 2
2085 1
2086 2
2087 4
2088 4
2089 5
2090 3
2091 2
2092 4
2093 4
2094 2
2095 3
2096 2
2097 1
2099 3
2100 1
2101 2
2102 2
2103 1
2104 2
2105 2
2106 1
2108 1
2109 1
2112 2
2114 2
2119 1
2120 3
2121 1
2122 1
2124 1
2125 1
2126 2
2127 2
2128 1
2129 1
2130 2
2131 1
2132 2
2133 2
2134 1
2135 1
2137 1
2139 2
2140 2
2142 2
2145 1
2146 1
2147 2
2149 2
2150 2
2151 1
2157 1
2158 2
2159 1
2161 3
2163 2
2165 2
2166 1
2167 1
2168 3
2170 1
2172 1
2173 4
2174 2
2176 3
2178 1
2180 2
2181 1
2182 3
2183 4
2184 5
2185 2
2186 4
2187 4
2188 2
2189 4
2190 4
2191 5
2192 4
2193 4
2194 5
2195 5
2196 2
2197 5
2198 4
2199 1
2200 2
2201 1
2202 2
2203 3
2204 3
2205 3
2207 1
2209 1
2210 3
2212 1
2213 2
2214 3
2215 3
2216 2
2217 1
2218 2
2219 1
2220 1
2224 2
2225 2
2227 1
2228 2
2229 1
2230 5
2231 1
2232 3
2234 1
2235 1
2236 3
2237 4
2238 4
2239 3
2240 4
2241 3
2242 5
2243 2
2244 6
2245 3
2246 3
2247 5
2248 3
2249 7
2250 5
2251 1
2252 8
2253 7
2254 5
2255 3
2257 3
2258 6
2259 2
2260 3
2261 4
2262 2
2263 4
2264 5
2265 3
2266 6
2267 5
2268 1
2269 2
2270 3
2271 2
2273 2
2274 6
2275 2
2276 3
2277 1
2278 3
2279 2
2280 1
2281 5
2282 3
2283 2
2284 3
2285 4
2286 4
2287 1
2288 3
2289 5
2290 6
2291 4
2292 7
2293 4
2294 4
2295 2
2296 3
2297 4
2298 5
2299 3
2300 2
2301 2
2302 4
2303 2
2304 2
2305 1
2306 5
2307 2
2308 5
2309 3
2310 3
2311 4
2312 2
2313 3
2314 3
2315 4
2316 1
2317 2
2318 7
2319 4
2320 4
2321 3
2322 6
2323 2
2324 2
2325 3
2326 2
2327 3
2328 1
2329 4
2330 2
2331 4
2332 4
2333 5
2334 6
2335 4
2337 5
2338 4
2339 3
2340 1
2341 1
2342 3
2343 1
2344 2
2345 2
2346 1
2347 1
2348 1
2350 4
2351 2
2353 1
2354 2
2355 2
2356 4
2357 4
2358 1
2359 3
2360 6
2361 2
2362 2
2365 2
2367 3
2368 1
2369 2
2370 3
2371 3
2373 1
2375 1
2376 6
2377 2
2378 1
2379 1
2380 1
2381 5
2382 5
2383 7
2384 3
2385 2
2386 1
2387 2
2388 1
2389 2
2390 3
2391 1
2392 5
2393 2
2394 1
2395 6
2396 5
2397 6
2398 1
2399 3
2400 2
2401 6
2402 4
2403 1
2404 1
2405 2
2406 1
2407 3
2408 3
2409 4
2410 2
2411 4
2412 1
2413 2
2414 3
2415 1
2417 1
2419 3
2420 10
2422 1
2423 4
2424 3
2425 4
2426 4
2427 2
2428 2
2429 2
2430 2
2431 1
2432 2
2433 3
2434 5
2435 4
2436 7
2437 2
2438 6
2439 3
2440 6
2441 6
2442 3
2443 5
2444 3
2445 6
2446 6
2447 4
2448 4
2449 6
2450 5
2451 2
2452 6
2453 2
2454 2
2455 1
2456 2
2457 2
2458 4
2459 2
2460 2
2461 4
2462 2
2463 5
2464 3
2465 4
2466 3
2468 6
2470 2
2471 7
2472 7
2473 6
2474 1
2475 6
2476 4
2477 5
2478 7
2479 2
2480 1
2481 6
2482 3
2483 5
2484 5
2485 6
2486 5
2487 3
2488 2
2489 7
2490 2
2491 11
2493 7
2494 1
2495 6
2497 4
2498 6
2499 2
2500 3
2501 2
2502 3
2503 3
2504 2
2505 3
2506 1
2507 5
2508 6
2509 2
2510 3
2511 1
2512 5
2513 4
2514 2
2515 4
2516 3
2517 4
2518 1
2519 3
2520 5
2521 3
2522 3
2523 3
2524 3
2525 3
2526 3
2527 2
2528 3
2529 4
2530 4
2531 4
2532 4
2533 2
2534 5
2535 6
2536 2
2537 1
2538 6
2539 3
2540 2
2541 2
2542 4
2543 7
2544 2
2545 3
2546 2
2547 3
2548 4
2549 2
2550 3
2551 2
2552 2
2554 4
2555 3
2556 4
2557 2
2558 3
2559 4
2560 6
2561 2
2562 2
2563 3
2564 4
2565 3
2566 1
2567 2
2568 2
2569 4
2570 3
2571 1
2572 1
2573 1
2574 1
2576 1
2577 2
2579 1
2582 1
2583 2
2586 1
2589 1
2590 1
2592 1
2593 1
2597 1
2598 1
2599 1
2602 1
2604 3
2605 1
2608 1
2609 2
2614 1
2615 1
2620 2
2622 3
2623 1
2625 1
2626 2
2628 3
2629 4
2630 7
2632 3
2633 2
2634 1
2636 3
2638 1
2639 1
2640 1
2642 4
2645 2
2646 2
2647 2
2648 3
2650 2
2651 3
2652 1
2654 2
2656 3
2657 2
2658 2
2659 3
2661 2
2662 1
2663 3
2664 1
2666 1
2667 2
2668 2
2669 3
2670 2
2671 2
2672 3
2673 5
2674 4
2675 7
2677 3
2678 3
2679 4
2681 4
2682 5
2683 2
2684 1
2685 3
2686 4
2687 3
2688 3
2689 5
2690 2
2691 1
2693 2
2694 1
2695 1
2696 1
2698 1
2699 1
2700 3
2702 2
2705 1
2706 1
2707 1
2710 1
2712 2
2714 1
2716 1
2718 1
2720 1
2721 1
2725 1
2727 1
2728 1
2729 1
2730 3
2731 1
2733 2
2735 2
2736 4
2737 3
2738 1
2739 1
2740 1
2741 3
2742 1
2743 2
2744 1
2745 2
2746 1
2748 3
2749 2
2750 2
2752 3
2754 1
2755 2
2758 1
2759 1
2760 2
2762 1
2763 1
2765 1
2767 2
2780 2
2784 1
2790 1
2821 1
2834 1
2848 1
2849 1
2852 1
2857 1
2861 1
2862 1
2864 1
2866 1
2867 5
2869 1
2872 1
2873 1
2874 2
2875 2
2878 1
2882 2
2884 1
2885 1
2888 2
2889 1
2890 1
2891 1
2894 1
2898 1
2899 1
2902 1
2903 1
2909 1
2929 1
2945 1
2954 1
2964 1
2980 1
2982 1
2984 1
2985 2
2986 1
2987 1
2989 2
2994 1
3001 1
3005 2
3007 1
3014 1
3015 3
3016 2
3020 2
3023 1
3025 2
3026 1
3029 1
3030 1
3032 1
3033 2
3034 2
3035 1
3036 1
3037 1
3039 1
3040 1
3043 1
3046 1
3047 1
3048 1
3049 2
3055 1
3056 1
3057 1
3058 1
3062 1
3063 1
3065 1
3066 1
3067 1
3069 1
3080 1
3081 1
3110 1
3121 1
3123 1
3134 1
3139 1
3145 2
3146 1
3147 2
3148 2
3150 1
3162 1
3174 1
3189 1
3214 1
3217 1
3218 1
3221 1
3223 1
3229 2
3240 2
3249 1
3251 1
3255 1
3258 1
3259 1
3260 1
3263 2
3266 1
3267 3
3271 1
3273 1
3274 1
3279 1
3280 1
3283 1
3287 1
3289 1
3291 1
3292 1
3293 1
3294 1
3296 1
3298 1
3299 1
3303 1
3304 1
3306 1
3309 2
3312 1
3330 1
3342 2
3343 1
3355 1
3395 1
3396 1
3399 1
3400 1
3402 1
3403 1
3405 1
3407 1
3408 1
3411 1
3413 1
3414 1
3421 2
3425 1
3432 1
3438 1
3443 1
3444 1
3445 1
3454 1
3460 2
3461 1
3465 1
3471 1
3474 1
3478 1
3513 1
3514 1
3518 1
3519 2
3520 2
3525 1
3527 1
3529 2
3533 1
3535 1
3536 1
3541 1
3544 1
3566 1
3620 1
3649 1
3708 1
3732 1
3751 1
3806 1
3808 1
3810 1
3812 1
3817 1
3818 1
3820 1
3825 1
3827 1
3828 1
3858 1
3870 1
4035 1
4037 1
4046 1
4047 2
4052 1
4065 1
4109 1
4112 1
4116 1
4161 1
4163 1
4175 1
4176 1
4177 1
4183 1
4233 1
4239 1
4256 1
4285 1
4293 1
4296 1
4320 1
4323 1
4340 1
4341 1
4351 1
4361 1
4368 1
4371 1
4444 1
4451 1
4457 1
4459 1
4465 1
4467 1
4470 1
4474 1
4480 1
4530 1
4531 1
4536 1
4547 1
4550 1
4746 1
4760 1
4763 1
4782 1
4981 1
4982 1
4989 2
4991 1
5001 1
5002 2
5020 1
5179 1
5193 1
5197 1
5210 1
5234 1
5245 1
5289 1
5300 1
5323 1
5364 1
5375 1
5390 1
5392 1
5396 1
5399 1
5400 1
5427 1
5429 1
5439 1
5446 1
5454 1
5472 1
5478 1
5479 1
5480 1
5557 1
5562 1
5563 1
5565 1
5568 1
5577 1
5579 1
5583 1
5585 1
5594 1
5599 1
5602 1
5614 1
5629 1
5632 1
5643 1
5650 1
5651 1
5652 1
5657 1
5661 1
5664 1
5681 1
5683 1
5700 3
5703 1
5704 1
5706 2
5708 1
5711 1
5754 1
5929 1
5944 1
6067 1
6096 1
6113 1
6114 1
6122 1
6124 1
6255 1
6288 1
6296 1
6307 1
6531 1
6795 1
6850 1
6859 1
6865 1
6906 1
6926 1
6935 2
6939 1
6969 1
7028 1
7044 1
7049 1
7072 1
7078 1
7090 1
7096 2
7108 1
7109 1
7110 2
7114 1
7131 1
7162 1
7313 1
7325 1
7555 1
7579 1
8009 1
8017 1
8028 1
8039 1
8065 1
8077 1
8301 1
8428 1
8433 1
8453 3
8468 1
8474 1
8479 1
8497 1
8500 1
8502 1
8568 1
10001 17
