1 23004456
2 13700785
3 8904002
4 6053914
5 4218827
6 3023099
7 2202902
8 1631461
9 1237319
10 983683
11 840110
12 785529
13 798116
14 846351
15 909628
16 971323
17 1026396
18 1059091
19 1077523
20 1071070
21 1047063
22 1006257
23 962715
24 904786
25 846769
26 785055
27 727298
28 673798
29 622397
30 572169
31 528606
32 485434
33 446118
34 408439
35 373539
36 342502
37 318981
38 304058
39 298718
40 303637
41 317290
42 343304
43 376932
44 417533
45 463741
46 516435
47 566559
48 614879
49 659685
50 701819
51 734089
52 758584
53 774927
54 778365
55 776345
56 763779
57 742893
58 716573
59 683190
60 644641
61 601202
62 555718
63 508113
64 462206
65 416005
66 370664
67 327578
68 288130
69 252077
70 217238
71 186423
72 158163
73 134298
74 113592
75 95627
76 80281
77 66767
78 56552
79 46607
80 39502
81 33455
82 28444
83 25056
84 21700
85 19363
86 16814
87 14752
88 13167
89 11981
90 10657
91 9731
92 8972
93 8314
94 7818
95 7241
96 6913
97 6622
98 6262
99 5985
100 5488
101 5285
102 5101
103 5184
104 4815
105 4707
106 4624
107 4490
108 4191
109 4153
110 4024
111 3839
112 3725
113 3654
114 3348
115 3195
116 3128
117 2990
118 2902
119 2824
120 2616
121 2485
122 2359
123 2131
124 2046
125 1939
126 1815
127 1745
128 1608
129 1401
130 1334
131 1263
132 1100
133 1085
134 985
135 1001
136 895
137 850
138 825
139 721
140 672
141 672
142 576
143 634
144 645
145 651
146 595
147 608
148 508
149 518
150 479
151 531
152 493
153 482
154 509
155 515
156 527
157 537
158 515
159 503
160 495
161 505
162 508
163 493
164 485
165 521
166 479
167 464
168 458
169 495
170 507
171 450
172 496
173 461
174 475
175 514
176 483
177 466
178 482
179 477
180 529
181 457
182 534
183 509
184 568
185 483
186 522
187 467
188 469
189 438
190 436
191 463
192 440
193 402
194 417
195 386
196 427
197 417
198 428
199 436
200 401
201 373
202 412
203 399
204 383
205 391
206 382
207 377
208 350
209 333
210 324
211 244
212 254
213 240
214 236
215 273
216 217
217 234
218 226
219 218
220 201
221 221
222 201
223 194
224 207
225 210
226 157
227 166
228 161
229 173
230 157
231 182
232 163
233 168
234 148
235 175
236 163
237 159
238 144
239 143
240 143
241 153
242 115
243 139
244 141
245 134
246 111
247 144
248 160
249 137
250 139
251 145
252 168
253 163
254 157
255 141
256 148
257 185
258 177
259 205
260 187
261 197
262 162
263 188
264 215
265 239
266 227
267 225
268 230
269 185
270 188
271 198
272 181
273 141
274 148
275 135
276 159
277 145
278 153
279 140
280 155
281 144
282 136
283 123
284 133
285 123
286 134
287 121
288 100
289 93
290 97
291 105
292 102
293 84
294 94
295 86
296 86
297 93
298 87
299 62
300 85
301 76
302 69
303 82
304 60
305 66
306 68
307 53
308 74
309 68
310 64
311 61
312 72
313 75
314 60
315 71
316 75
317 71
318 83
319 81
320 83
321 81
322 55
323 66
324 57
325 52
326 51
327 55
328 52
329 44
330 40
331 28
332 35
333 31
334 35
335 33
336 31
337 28
338 24
339 27
340 33
341 37
342 35
343 30
344 33
345 41
346 38
347 31
348 38
349 29
350 31
351 34
352 32
353 44
354 36
355 33
356 34
357 39
358 46
359 38
360 37
361 37
362 40
363 45
364 28
365 39
366 37
367 40
368 32
369 38
370 38
371 30
372 52
373 47
374 54
375 45
376 56
377 51
378 43
379 56
380 48
381 36
382 42
383 49
384 45
385 46
386 44
387 28
388 49
389 31
390 42
391 44
392 44
393 33
394 22
395 30
396 38
397 30
398 23
399 42
400 35
401 27
402 27
403 26
404 27
405 28
406 23
407 28
408 29
409 37
410 35
411 28
412 31
413 32
414 39
415 33
416 33
417 19
418 27
419 27
420 28
421 30
422 37
423 35
424 45
425 42
426 32
427 25
428 21
429 18
430 23
431 29
432 20
433 19
434 15
435 25
436 19
437 15
438 12
439 14
440 14
441 12
442 18
443 13
444 9
445 10
446 5
447 4
448 15
449 5
450 8
451 12
452 7
453 8
454 12
455 12
456 11
457 11
458 6
459 7
460 9
461 10
462 10
463 9
464 6
465 7
466 7
467 10
468 3
469 7
470 5
471 6
472 2
473 5
474 6
475 10
476 3
477 8
478 9
479 13
480 3
481 9
482 5
483 9
484 12
485 12
486 14
487 20
488 12
489 15
490 11
491 14
492 6
493 13
494 10
495 5
496 5
497 10
498 9
499 3
500 9
501 5
502 3
503 4
504 3
505 5
506 1
507 2
508 4
509 2
510 8
511 2
512 6
513 6
514 6
515 7
516 6
517 10
518 5
519 6
520 8
521 11
522 9
523 7
524 8
525 9
526 7
527 7
528 6
529 4
530 1
531 11
532 10
533 11
534 7
535 9
536 5
537 8
538 7
539 11
540 7
541 7
542 9
543 6
544 4
545 3
546 5
547 7
548 9
549 10
550 6
551 7
552 8
553 11
554 7
555 15
556 25
557 13
558 15
559 13
560 10
561 16
562 8
563 19
564 13
565 4
566 18
567 9
568 6
569 11
570 12
571 12
572 5
573 13
574 5
575 5
576 4
577 4
578 7
579 7
580 8
581 6
582 7
583 4
584 6
585 7
586 7
587 4
588 8
589 6
590 7
591 5
592 1
593 4
594 6
595 8
596 6
597 6
598 11
599 6
600 9
601 5
602 14
603 15
604 19
605 1
606 17
607 18
608 10
609 8
610 9
611 10
612 4
613 7
614 10
615 6
616 7
617 10
618 4
619 14
620 6
621 7
622 10
623 11
624 7
625 8
626 5
627 3
628 6
629 5
630 5
631 5
632 7
633 3
634 6
635 3
636 2
637 3
638 3
639 3
640 3
641 4
642 7
643 7
644 5
645 8
646 8
647 11
648 11
649 13
650 8
651 9
652 12
653 8
654 13
655 16
656 5
657 4
658 8
659 18
660 7
661 17
662 11
663 9
664 8
665 14
666 10
667 10
668 13
669 9
670 15
671 13
672 7
673 11
674 10
675 8
676 16
677 16
678 6
679 5
680 16
681 10
682 12
683 12
684 6
685 10
686 9
687 7
688 8
689 5
690 11
691 14
692 7
693 13
694 14
695 12
696 15
697 13
698 9
699 12
700 12
701 8
702 9
703 11
704 11
705 14
706 13
707 14
708 11
709 9
710 10
711 9
712 8
713 11
714 7
715 8
716 11
717 10
718 13
719 12
720 11
721 11
722 12
723 6
724 4
725 11
726 5
727 9
728 9
729 5
730 12
731 8
732 9
733 14
734 10
735 7
736 13
737 16
738 20
739 16
740 19
741 13
742 12
743 13
744 10
745 18
746 13
747 10
748 15
749 5
750 10
751 8
752 7
753 8
754 8
755 6
756 5
757 7
758 3
759 3
760 2
761 6
762 3
763 3
764 2
765 2
766 4
767 2
768 5
769 1
771 1
772 5
773 3
774 3
775 1
776 2
777 6
778 3
779 5
780 2
781 2
782 6
783 4
784 1
785 2
786 7
787 5
788 6
789 3
790 2
791 4
792 6
793 9
794 2
795 4
796 4
797 4
798 5
799 5
800 2
801 3
802 5
803 1
804 1
806 4
807 2
808 3
809 4
810 3
811 3
812 7
813 8
814 5
815 5
816 7
817 6
818 1
819 5
820 7
821 5
822 2
823 2
824 4
825 1
826 2
827 4
828 1
830 4
831 2
832 1
833 2
834 2
835 2
838 2
839 2
840 1
846 1
849 2
851 3
852 1
853 1
854 1
855 4
856 3
858 4
859 2
861 5
862 2
863 2
864 3
865 3
866 4
867 3
868 2
869 4
870 1
871 1
872 2
873 1
874 1
875 1
876 1
877 1
879 2
880 2
881 1
882 1
883 1
884 1
885 1
886 1
887 1
888 4
889 2
890 4
892 4
893 3
894 2
896 3
897 2
898 1
902 1
903 3
904 1
906 4
907 1
908 1
909 1
911 1
912 1
913 1
915 1
916 2
917 1
920 1
922 2
924 2
927 1
928 2
930 1
932 3
933 1
934 1
936 1
940 1
941 2
942 1
944 1
946 2
947 1
948 3
949 1
950 2
953 1
955 1
961 1
964 1
966 1
967 2
968 3
969 2
970 1
971 1
973 2
976 1
977 1
979 4
980 1
981 1
983 1
984 1
987 1
991 1
993 1
995 1
998 1
1002 3
1003 1
1004 1
1007 1
1010 2
1014 1
1017 1
1018 1
1022 1
1024 2
1025 1
1031 1
1032 2
1033 2
1034 3
1035 2
1036 1
1038 1
1039 1
1040 2
1041 3
1043 1
1044 1
1046 1
1049 1
1050 1
1052 1
1059 1
1060 1
1062 1
1065 1
1068 1
1071 1
1073 2
1075 1
1078 1
1091 1
1094 1
1095 1
1096 2
1097 1
1098 2
1099 1
1101 1
1103 1
1109 1
1110 1
1115 1
1117 1
1118 1
1122 3
1124 2
1125 2
1126 3
1127 1
1129 1
1134 2
1161 1
1179 1
1192 1
1208 1
1220 1
1224 1
1227 1
1228 2
1229 1
1258 1
1261 1
1267 1
1268 1
1269 1
1271 1
1275 1
1277 1
1280 1
1282 1
1283 1
1293 1
1294 1
1322 1
1335 1
1338 1
1339 1
1360 1
1368 1
1406 1
1407 1
1409 1
1410 1
1412 1
1415 1
1416 1
1419 1
1420 1
1423 1
1426 1
1427 2
1431 1
1432 1
1433 1
1437 1
1445 1
1447 1
1448 1
1473 1
1477 1
1478 1
1479 1
1481 2
1485 1
1489 1
1494 1
1507 1
1537 1
1539 1
1542 1
1557 1
1566 1
1572 1
1577 3
1580 1
1584 1
1586 1
1589 1
1597 1
1600 1
1602 1
1633 1
1634 1
1641 1
1656 1
1658 1
1659 2
1660 1
1661 4
1664 2
1665 1
1666 1
1672 2
1673 1
1674 1
1676 1
1678 1
1680 1
1711 1
1712 1
1716 1
1722 2
1723 1
1728 1
1763 1
1764 2
1768 1
1770 1
1771 2
1772 2
1775 1
1776 2
1782 1
1799 1
1801 1
1813 2
1819 1
1824 1
1828 1
1833 1
1849 1
1862 1
1870 1
1877 1
1899 1
1908 1
1913 1
1928 1
1952 1
1954 1
1960 1
2028 1
2052 1
2058 1
2128 1
2136 1
2137 1
2143 1
2167 1
2183 1
2184 1
2189 1
2191 1
2193 1
2197 1
2198 1
2202 1
2204 1
2209 1
2231 1
2242 1
2292 1
2319 1
2327 1
2577 1
2579 1
2582 2
2585 2
2587 1
2588 1
2590 2
2592 1
2593 1
2594 2
2597 2
2598 1
2634 1
2662 1
3506 1
3519 1
3932 1
3953 1
4125 1
4393 1
5435 1
5443 1
5446 1
5448 1
5461 1
5462 1
5467 1
5479 1
5484 1
5485 1
5508 1
