1 24365358
2 12004162
3 6563689
4 3882919
5 2574847
6 1997478
7 1808441
8 1792021
9 1821554
10 1824119
11 1763592
12 1657216
13 1521676
14 1372562
15 1219573
16 1080759
17 959121
18 873508
19 820890
20 803644
21 822455
22 869332
23 936492
24 1010229
25 1081903
26 1138662
27 1175216
28 1190070
29 1179394
30 1131745
31 1061584
32 980595
33 882347
34 774136
35 665886
36 562802
37 470238
38 384364
39 308919
40 244978
41 192139
42 148963
43 114314
44 89380
45 68326
46 52512
47 40859
48 31856
49 25668
50 21253
51 17437
52 14780
53 12893
54 11201
55 9890
56 9054
57 8378
58 7646
59 6894
60 6424
61 5850
62 5385
63 5002
64 4473
65 4026
66 4010
67 3417
68 3059
69 2851
70 2521
71 2464
72 2038
73 1785
74 1632
75 1513
76 1434
77 1238
78 1167
79 1065
80 1023
81 938
82 955
83 905
84 909
85 921
86 935
87 992
88 896
89 884
90 898
91 902
92 910
93 911
94 912
95 948
96 950
97 995
98 859
99 845
100 751
101 760
102 722
103 762
104 718
105 673
106 640
107 615
108 551
109 548
110 550
111 564
112 505
113 515
114 499
115 477
116 453
117 420
118 422
119 381
120 384
121 401
122 380
123 370
124 403
125 405
126 390
127 359
128 319
129 349
130 302
131 336
132 297
133 300
134 321
135 333
136 293
137 303
138 349
139 327
140 350
141 301
142 298
143 297
144 274
145 252
146 260
147 233
148 248
149 229
150 208
151 212
152 174
153 189
154 183
155 146
156 154
157 159
158 147
159 95
160 139
161 130
162 159
163 118
164 129
165 139
166 124
167 110
168 106
169 107
170 126
171 125
172 116
173 94
174 107
175 95
176 95
177 80
178 98
179 85
180 90
181 90
182 73
183 87
184 75
185 84
186 70
187 78
188 92
189 75
190 77
191 79
192 75
193 70
194 73
195 90
196 66
197 86
198 73
199 84
200 64
201 60
202 59
203 52
204 67
205 64
206 55
207 67
208 73
209 62
210 73
211 57
212 47
213 37
214 35
215 47
216 55
217 46
218 51
219 52
220 45
221 53
222 50
223 29
224 24
225 37
226 29
227 24
228 33
229 31
230 32
231 29
232 36
233 33
234 32
235 39
236 29
237 30
238 39
239 29
240 30
241 29
242 21
243 27
244 20
245 29
246 16
247 23
248 19
249 25
250 17
251 21
252 25
253 19
254 15
255 15
256 15
257 17
258 16
259 18
260 19
261 17
262 25
263 20
264 16
265 13
266 10
267 14
268 9
269 10
270 14
271 9
272 14
273 10
274 15
275 14
276 14
277 12
278 18
279 26
280 22
281 17
282 15
283 12
284 10
285 10
286 19
287 13
288 7
289 9
290 13
291 11
292 11
293 10
294 14
295 16
296 26
297 22
298 25
299 18
300 10
301 31
302 15
303 19
304 7
305 17
306 17
307 14
308 19
309 17
310 24
311 13
312 11
313 11
314 17
315 16
316 14
317 13
318 14
319 13
320 15
321 13
322 8
323 8
324 10
325 7
326 8
327 15
328 11
329 15
330 12
331 11
332 13
333 14
334 16
335 18
336 16
337 20
338 17
339 14
340 16
341 18
342 21
343 16
344 15
345 13
346 15
347 16
348 18
349 15
350 24
351 26
352 26
353 21
354 39
355 21
356 31
357 33
358 27
359 24
360 22
361 17
362 21
363 23
364 15
365 15
366 11
367 7
368 17
369 3
370 7
371 10
372 16
373 15
374 13
375 17
376 14
377 18
378 20
379 24
380 28
381 17
382 25
383 22
384 12
385 19
386 14
387 14
388 13
389 18
390 20
391 18
392 14
393 10
394 11
395 18
396 10
397 7
398 10
399 9
400 9
401 5
402 12
403 18
404 9
405 9
406 15
407 3
408 8
409 8
410 8
411 12
412 12
413 15
414 11
415 13
416 18
417 15
418 18
419 12
420 18
421 16
422 15
423 13
424 6
425 10
426 11
427 9
428 10
429 15
430 12
431 14
432 7
433 5
434 3
435 9
436 3
437 7
438 2
439 3
440 7
441 2
442 2
443 1
444 1
446 2
447 2
448 4
449 4
450 1
451 5
452 6
453 4
454 1
455 3
456 3
457 4
458 5
459 2
460 5
461 3
462 1
463 2
464 2
465 1
466 3
468 1
469 1
470 1
471 3
473 2
474 2
475 1
476 1
477 5
478 6
479 4
480 4
481 4
482 7
483 4
484 1
485 1
487 1
490 3
491 1
492 1
493 1
495 1
496 1
499 2
500 2
501 2
502 5
503 2
504 2
505 1
507 1
508 1
509 1
510 1
511 1
512 1
513 4
516 2
517 1
518 1
519 1
520 2
521 1
526 1
527 1
528 1
529 2
530 3
531 1
532 2
533 1
534 1
537 1
538 1
539 3
541 2
542 1
543 1
544 1
547 1
548 3
549 2
550 2
554 1
557 2
558 1
562 1
563 2
564 2
565 5
566 1
567 1
568 1
569 2
570 1
572 1
574 1
575 2
578 1
579 1
580 1
582 1
588 1
591 1
595 1
597 1
598 2
600 1
602 1
604 1
605 1
611 1
613 1
619 1
620 1
626 2
631 1
632 2
633 1
635 1
637 1
643 2
645 2
649 1
653 2
655 2
659 1
660 1
661 1
664 1
665 3
666 1
667 2
669 2
671 1
681 2
682 2
683 1
688 1
689 2
691 2
692 1
695 2
707 1
722 1
723 1
724 1
728 1
734 1
745 1
760 1
761 1
789 1
791 2
793 1
797 1
799 1
801 1
804 2
809 1
825 1
837 1
840 1
841 1
842 1
843 1
844 2
845 1
846 1
848 1
850 5
851 3
852 1
854 4
856 1
857 1
859 1
860 2
863 1
864 2
869 1
871 1
876 1
877 2
878 1
879 1
882 1
883 1
884 1
885 2
887 1
888 3
889 1
890 2
891 1
892 2
894 1
896 1
898 1
906 1
910 1
912 1
916 1
918 1
920 1
925 1
939 2
940 1
948 1
952 1
958 1
959 1
973 1
993 1
1003 1
1015 1
1021 1
1023 2
1033 1
1043 1
1044 1
1046 1
1049 1
1050 1
1051 2
1054 1
1057 1
1060 1
1061 1
1063 2
1068 1
1069 1
1082 1
1134 1
1137 1
1233 1
1238 2
1239 1
1241 1
1242 1
1245 1
1267 1
1374 2
1376 2
1378 1
1379 2
1380 3
1382 1
1855 1
1868 1
1943 1
2007 1
2090 1
2144 1
2848 1
2860 1
2865 1
2881 1
2882 1
2890 2
2895 1
2916 1
2925 1
2932 1
