1 14501046
2 5465068
3 4001811
4 3429006
5 2850818
6 2286966
7 1796213
8 1433689
9 1205617
10 1062465
11 969271
12 896420
13 823817
14 741095
15 646928
16 548682
17 445452
18 352030
19 265732
20 190995
21 133999
22 91676
23 60236
24 38888
25 25107
26 16043
27 10804
28 7249
29 5178
30 3842
31 3154
32 2634
33 2265
34 2102
35 1757
36 1747
37 1572
38 1410
39 1264
40 1271
41 1173
42 1045
43 1027
44 1011
45 1067
46 1014
47 865
48 825
49 802
50 947
51 946
52 1043
53 1140
54 1284
55 1775
56 2373
57 3105
58 4076
59 5455
60 7396
61 9854
62 13140
63 17040
64 21611
65 27513
66 34108
67 42701
68 52226
69 62585
70 73938
71 85990
72 99082
73 113855
74 128666
75 143143
76 158725
77 171500
78 184981
79 197028
80 208419
81 217074
82 223971
83 228144
84 231811
85 231244
86 231120
87 226775
88 220858
89 212020
90 202819
91 189982
92 178528
93 166198
94 152681
95 138380
96 124810
97 111273
98 97751
99 85924
100 73764
101 63973
102 54023
103 45584
104 38316
105 31672
106 26175
107 21325
108 17541
109 14209
110 11217
111 8948
112 6899
113 5525
114 4177
115 3217
116 2496
117 1848
118 1442
119 1168
120 817
121 614
122 451
123 324
124 297
125 201
126 179
127 170
128 118
129 104
130 94
131 83
132 81
133 72
134 85
135 117
136 107
137 108
138 130
139 151
140 134
141 160
142 189
143 227
144 226
145 249
146 263
147 310
148 339
149 389
150 395
151 452
152 486
153 532
154 598
155 584
156 605
157 650
158 649
159 744
160 764
161 774
162 784
163 804
164 899
165 829
166 830
167 869
168 915
169 904
170 853
171 918
172 856
173 919
174 870
175 891
176 864
177 890
178 773
179 768
180 763
181 754
182 638
183 613
184 566
185 510
186 499
187 463
188 463
189 397
190 387
191 321
192 310
193 261
194 226
195 189
196 193
197 158
198 152
199 123
200 86
201 108
202 110
203 101
204 100
205 95
206 87
207 96
208 83
209 94
210 96
211 85
212 98
213 104
214 118
215 111
216 116
217 133
218 161
219 146
220 140
221 145
222 185
223 182
224 171
225 223
226 223
227 212
228 253
229 233
230 283
231 280
232 283
233 267
234 273
235 248
236 244
237 303
238 281
239 289
240 296
241 310
242 324
243 304
244 244
245 251
246 251
247 256
248 253
249 251
250 223
251 226
252 255
253 222
254 225
255 239
256 211
257 172
258 181
259 170
260 192
261 147
262 159
263 127
264 146
265 126
266 98
267 137
268 125
269 87
270 97
271 91
272 98
273 106
274 97
275 86
276 100
277 76
278 62
279 63
280 58
281 54
282 47
283 50
284 35
285 46
286 33
287 49
288 47
289 37
290 45
291 39
292 51
293 42
294 42
295 55
296 53
297 44
298 55
299 57
300 50
301 66
302 66
303 60
304 65
305 68
306 61
307 66
308 60
309 64
310 51
311 60
312 71
313 64
314 68
315 72
316 78
317 68
318 73
319 92
320 83
321 91
322 95
323 91
324 90
325 103
326 82
327 93
328 84
329 73
330 81
331 74
332 95
333 88
334 96
335 98
336 93
337 98
338 98
339 122
340 109
341 126
342 97
343 84
344 114
345 97
346 80
347 89
348 85
349 86
350 90
351 83
352 71
353 91
354 71
355 70
356 87
357 57
358 69
359 73
360 66
361 76
362 82
363 75
364 70
365 54
366 83
367 61
368 54
369 59
370 65
371 57
372 49
373 59
374 48
375 58
376 65
377 50
378 49
379 46
380 53
381 65
382 48
383 46
384 47
385 49
386 62
387 69
388 52
389 63
390 50
391 42
392 52
393 37
394 39
395 37
396 52
397 50
398 45
399 57
400 58
401 53
402 55
403 65
404 47
405 46
406 56
407 46
408 53
409 54
410 37
411 39
412 25
413 37
414 42
415 42
416 52
417 51
418 54
419 58
420 63
421 58
422 58
423 53
424 59
425 54
426 48
427 58
428 71
429 50
430 44
431 67
432 48
433 54
434 52
435 60
436 64
437 45
438 57
439 56
440 51
441 61
442 48
443 55
444 57
445 49
446 52
447 38
448 38
449 52
450 38
451 44
452 32
453 56
454 43
455 49
456 45
457 41
458 37
459 42
460 37
461 36
462 38
463 46
464 33
465 39
466 27
467 36
468 35
469 37
470 35
471 33
472 51
473 30
474 41
475 40
476 38
477 40
478 34
479 34
480 42
481 21
482 31
483 20
484 30
485 33
486 29
487 20
488 35
489 31
490 27
491 27
492 37
493 38
494 43
495 30
496 49
497 45
498 38
499 46
500 42
501 31
502 34
503 31
504 24
505 25
506 32
507 20
508 21
509 29
510 35
511 13
512 28
513 26
514 22
515 28
516 26
517 17
518 23
519 28
520 24
521 14
522 17
523 11
524 12
525 12
526 12
527 9
528 12
529 7
530 6
531 3
532 5
533 5
534 7
535 6
536 9
537 7
538 7
539 9
540 15
541 8
542 9
543 12
544 6
545 6
546 8
547 6
548 7
549 11
550 6
551 8
552 9
553 9
554 13
555 13
556 9
557 8
558 10
559 7
560 5
561 4
562 4
563 4
564 8
565 4
566 8
567 4
568 8
569 5
570 6
571 9
572 5
573 2
574 2
575 5
576 3
577 3
578 2
579 5
580 5
581 7
582 5
583 6
584 5
585 2
586 8
587 8
588 3
589 10
590 5
591 4
592 8
593 2
594 5
595 5
596 1
597 5
598 2
599 2
600 3
601 3
602 5
603 2
604 1
605 3
606 2
607 2
608 2
609 7
610 2
611 6
612 7
613 2
614 3
615 4
616 5
617 3
618 3
619 5
620 4
621 5
622 2
624 2
625 3
626 5
627 2
628 2
629 5
630 9
631 4
632 7
633 3
634 6
635 3
636 7
637 7
638 4
639 9
640 3
641 6
642 4
643 5
644 7
645 8
646 4
647 5
648 7
649 4
650 6
651 1
652 3
653 1
654 4
655 4
656 5
657 5
658 4
659 4
660 1
661 3
662 5
663 2
664 6
665 4
667 4
668 4
669 5
670 1
671 1
672 3
673 1
674 3
676 3
678 2
679 2
680 1
681 2
684 1
686 1
687 1
688 1
689 3
691 2
693 3
695 3
696 2
697 1
698 1
702 2
703 4
704 2
705 3
707 2
709 3
710 2
712 9
713 6
714 3
715 6
716 1
717 8
718 2
719 3
720 3
721 4
722 4
723 5
724 7
725 6
726 4
728 4
729 5
730 2
731 6
732 4
733 8
734 4
735 1
736 1
737 6
738 2
739 3
740 4
741 3
742 5
743 6
744 1
745 5
746 3
747 5
748 2
749 5
750 4
751 4
753 2
756 1
757 1
763 1
765 1
767 1
769 1
771 1
772 5
773 2
774 2
775 2
776 2
777 5
778 3
779 3
780 1
781 4
782 1
783 1
784 5
785 5
786 5
787 4
788 5
789 2
790 2
791 2
792 1
793 2
794 4
795 2
796 1
797 1
798 2
799 4
800 1
801 1
802 2
803 9
804 6
805 6
806 3
807 9
808 11
809 9
810 11
811 14
812 9
813 8
814 4
815 6
816 7
817 8
818 3
819 7
820 6
821 1
823 3
824 2
825 3
826 3
827 3
828 3
829 2
830 3
831 4
832 5
833 3
834 3
835 4
836 2
837 6
838 3
839 2
840 4
841 5
842 3
843 2
844 5
845 4
846 1
847 2
848 7
849 1
850 2
851 2
852 4
853 3
854 1
855 6
856 7
857 1
859 2
860 3
861 2
862 3
863 4
864 2
865 9
866 5
867 5
868 9
869 6
870 6
871 8
872 4
873 3
874 2
875 8
876 5
877 3
878 6
879 5
880 7
881 4
882 8
883 8
884 12
885 5
886 10
887 5
888 10
889 11
890 7
891 6
892 8
893 8
894 7
895 9
896 11
897 6
898 9
899 15
900 9
901 7
902 9
903 8
904 7
905 9
906 6
907 10
908 6
909 5
910 3
911 7
912 7
913 6
914 3
915 3
916 7
917 8
918 7
919 12
920 5
921 8
922 8
923 3
924 3
925 5
926 7
927 7
928 4
929 5
930 7
931 4
932 4
933 2
934 7
935 4
936 3
937 2
938 5
939 3
940 3
942 1
943 2
944 3
945 3
947 1
948 2
949 3
952 1
953 3
955 2
956 2
957 1
959 2
960 2
961 3
963 5
964 1
965 3
966 3
967 2
968 2
969 2
971 3
973 5
974 3
975 4
976 2
977 2
978 2
979 4
980 6
981 4
982 3
983 1
984 4
985 5
986 2
987 5
988 4
989 7
990 7
991 2
992 5
993 3
994 4
995 7
996 4
997 2
998 7
999 4
1000 6
1001 3
1002 2
1003 3
1004 8
1005 5
1006 11
1007 5
1008 5
1009 11
1010 6
1011 4
1012 1
1013 3
1014 4
1015 2
1016 7
1017 6
1018 3
1019 2
1020 5
1021 3
1022 2
1023 6
1024 2
1025 2
1026 4
1027 3
1028 2
1029 3
1030 3
1031 1
1032 3
1033 3
1034 3
1035 2
1036 3
1038 5
1039 5
1040 3
1042 4
1043 2
1044 4
1046 2
1047 2
1048 4
1049 3
1050 3
1051 3
1052 3
1053 4
1054 4
1055 4
1056 3
1057 2
1058 5
1059 3
1060 3
1061 6
1062 9
1063 3
1064 5
1065 7
1066 2
1067 6
1068 5
1069 7
1070 4
1071 6
1072 7
1073 5
1074 5
1075 4
1076 8
1077 5
1078 4
1079 5
1080 6
1081 8
1082 5
1083 4
1084 5
1085 4
1086 5
1087 5
1088 4
1089 8
1090 8
1091 3
1092 6
1093 6
1094 8
1095 6
1096 2
1097 6
1098 7
1099 4
1100 5
1101 5
1102 6
1103 10
1104 2
1105 1
1106 6
1107 4
1108 5
1109 4
1110 5
1111 6
1112 7
1113 6
1114 2
1115 8
1116 5
1117 9
1118 6
1119 1
1120 2
1121 1
1122 1
1123 6
1124 5
1125 4
1126 1
1127 4
1128 4
1129 2
1130 5
1131 2
1132 1
1133 6
1134 3
1135 4
1136 3
1137 1
1139 1
1142 2
1144 5
1146 2
1147 1
1149 2
1150 1
1151 3
1153 1
1154 1
1155 3
1156 2
1157 3
1158 2
1159 1
1160 3
1161 2
1162 4
1163 2
1164 4
1165 1
1166 3
1167 6
1168 1
1169 4
1170 2
1171 3
1172 4
1173 5
1174 2
1175 5
1176 7
1177 5
1178 7
1179 2
1180 12
1181 3
1182 4
1183 3
1184 4
1185 5
1186 2
1187 8
1188 6
1189 4
1190 3
1191 7
1192 5
1193 2
1194 5
1195 2
1196 8
1198 10
1199 1
1200 8
1201 3
1202 6
1203 4
1204 5
1205 4
1206 3
1207 7
1208 9
1209 8
1210 8
1211 4
1212 4
1213 5
1214 3
1215 3
1216 1
1217 5
1218 8
1219 5
1220 2
1221 4
1222 6
1223 5
1224 6
1225 3
1226 7
1227 6
1228 7
1229 2
1230 6
1231 1
1232 7
1233 4
1234 10
1235 5
1236 3
1237 5
1238 6
1239 1
1240 3
1241 2
1242 1
1243 1
1244 2
1245 2
1246 2
1247 1
1248 2
1249 2
1250 1
1251 1
1252 1
1253 3
1254 1
1255 2
1256 2
1257 2
1258 1
1259 4
1260 5
1261 4
1262 1
1263 3
1264 5
1265 6
1266 8
1267 5
1268 1
1269 4
1270 3
1271 1
1273 1
1274 5
1275 1
1276 2
1277 5
1279 1
1280 2
1281 6
1282 7
1283 3
1284 2
1285 3
1286 3
1287 6
1288 2
1289 3
1290 1
1291 5
1292 2
1294 1
1296 4
1297 3
1298 2
1299 3
1300 1
1301 1
1302 2
1303 2
1305 2
1306 1
1307 2
1309 1
1310 3
1311 3
1314 1
1315 1
1316 1
1320 1
1322 1
1324 2
1325 1
1328 2
1329 1
1330 3
1331 4
1332 1
1333 1
1334 2
1335 1
1336 4
1337 2
1338 1
1340 2
1341 1
1343 1
1345 1
1346 1
1348 1
1349 1
1351 1
1352 1
1354 1
1355 6
1357 1
1358 1
1360 1
1361 3
1362 2
1363 3
1364 3
1365 1
1366 2
1367 2
1368 2
1369 4
1370 3
1371 1
1372 2
1373 3
1374 3
1375 1
1377 6
1378 3
1379 2
1380 4
1381 1
1382 2
1384 1
1385 2
1386 3
1387 1
1389 1
1391 2
1392 3
1393 1
1394 2
1395 3
1398 1
1399 3
1400 4
1401 2
1402 3
1403 2
1404 4
1405 2
1406 6
1407 4
1408 3
1409 2
1410 1
1411 2
1412 2
1413 3
1414 2
1415 4
1416 2
1417 1
1418 4
1419 1
1420 8
1421 7
1422 4
1423 4
1424 4
1425 4
1426 2
1427 10
1428 2
1429 2
1430 2
1431 3
1432 4
1433 2
1434 2
1435 3
1436 3
1438 1
1439 1
1440 1
1441 1
1443 1
1444 3
1445 1
1446 2
1447 1
1448 1
1449 2
1450 2
1452 3
1453 1
1454 3
1455 4
1456 1
1457 1
1458 5
1459 1
1460 4
1462 6
1463 6
1464 4
1465 4
1466 3
1467 3
1468 5
1469 2
1471 3
1472 2
1474 3
1475 2
1476 1
1477 1
1478 1
1481 1
1483 1
1484 5
1486 2
1488 1
1492 1
1493 1
1495 1
1508 1
1520 1
1529 1
1544 1
1550 2
1557 1
1605 1
1607 1
1620 1
1696 2
1702 1
1846 1
1873 1
1892 1
1911 1
1932 1
1936 1
1939 1
1940 2
1989 1
1998 1
1999 1
2002 1
2003 2
2004 3
2006 1
2007 2
2009 1
2014 1
2025 1
2028 1
2032 1
2036 2
2098 1
2099 1
2107 1
2108 1
2109 1
2111 1
2115 1
2121 1
2122 1
2234 1
2241 1
2249 1
2250 1
2268 1
2354 1
2422 1
2427 1
2501 1
2779 1
2843 1
2846 1
2849 1
2891 1
2904 1
2910 1
2912 2
2919 3
2925 1
2985 1
2988 1
3007 1
3023 1
3024 1
3026 1
3027 1
3034 1
3046 1
3092 1
3160 1
3229 1
3248 1
3337 1
3345 1
3482 1
3488 2
3490 1
3491 1
3495 1
3552 1
3559 1
3797 1
