1 21992020
2 8739415
3 5005781
4 3879237
5 3395569
6 2996433
7 2648322
8 2370076
9 2210865
10 2148306
11 2129435
12 2082146
13 1986391
14 1811330
15 1575370
16 1312557
17 1047680
18 799680
19 584023
20 412399
21 283003
22 190511
23 124287
24 81526
25 54142
26 37906
27 27107
28 19402
29 14444
30 11315
31 8403
32 7007
33 6128
34 4999
35 4199
36 3763
37 3153
38 2904
39 2736
40 2355
41 2021
42 1889
43 1822
44 1734
45 1462
46 1466
47 1358
48 1331
49 1434
50 1278
51 1186
52 1076
53 1029
54 992
55 939
56 848
57 763
58 667
59 634
60 691
61 697
62 742
63 706
64 627
65 603
66 589
67 511
68 445
69 404
70 400
71 425
72 375
73 403
74 382
75 351
76 302
77 302
78 266
79 296
80 267
81 283
82 240
83 211
84 212
85 220
86 216
87 177
88 160
89 201
90 161
91 184
92 144
93 148
94 145
95 137
96 144
97 131
98 123
99 105
100 94
101 100
102 82
103 86
104 69
105 72
106 74
107 79
108 83
109 64
110 56
111 63
112 56
113 36
114 34
115 30
116 30
117 41
118 45
119 50
120 46
121 67
122 52
123 49
124 39
125 46
126 36
127 39
128 35
129 31
130 25
131 18
132 16
133 24
134 30
135 51
136 86
137 46
138 46
139 38
140 36
141 34
142 40
143 52
144 48
145 58
146 38
147 27
148 17
149 33
150 30
151 30
152 34
153 35
154 34
155 29
156 36
157 28
158 28
159 36
160 30
161 40
162 37
163 24
164 25
165 35
166 36
167 23
168 29
169 36
170 33
171 35
172 35
173 38
174 28
175 28
176 18
177 30
178 22
179 30
180 22
181 25
182 31
183 22
184 24
185 31
186 22
187 34
188 27
189 26
190 30
191 34
192 27
193 25
194 20
195 16
196 23
197 19
198 17
199 13
200 10
201 13
202 10
203 7
204 10
205 6
206 11
207 10
208 9
209 7
210 4
211 3
212 2
213 1
214 2
215 4
216 3
217 4
218 1
219 2
220 3
221 2
222 1
223 5
224 3
225 3
226 6
227 3
228 4
229 5
230 2
231 4
232 2
233 3
234 1
235 2
236 3
237 3
239 1
241 2
242 1
243 1
244 4
245 1
246 4
247 5
248 2
249 2
250 2
251 4
252 5
253 4
254 6
255 1
256 3
257 1
258 1
260 2
261 4
263 1
270 1
274 1
275 1
276 3
277 3
278 2
279 1
280 3
281 1
283 1
284 2
292 2
293 3
294 1
298 2
299 1
300 4
301 3
309 1
320 2
323 2
327 2
328 1
331 1
332 1
341 1
342 1
345 3
346 6
347 3
349 1
351 1
360 2
361 1
363 1
366 2
370 1
371 1
372 1
373 1
374 2
375 2
376 1
377 1
379 2
382 1
383 1
384 3
387 1
388 2
391 1
392 2
393 1
394 2
395 2
396 2
398 2
399 3
400 2
401 1
403 1
405 1
407 1
413 2
415 1
416 3
417 3
418 4
419 5
420 3
421 3
422 2
423 3
424 1
426 1
427 1
431 1
433 1
434 1
436 1
437 1
448 1
457 1
469 1
495 1
499 2
500 2
501 1
503 2
507 1
508 1
509 1
510 4
511 1
512 1
513 1
514 1
516 1
517 1
520 1
521 1
533 2
534 1
537 1
550 1
557 1
558 1
570 1
574 1
575 2
576 1
581 1
596 1
608 1
615 2
616 1
617 2
618 1
619 2
622 1
624 1
625 1
921 1
925 1
941 1
969 1
1032 1
1061 1
1303 1
1325 3
1327 1
1328 1
1331 1
1332 1
1333 1
1334 1
1336 1
