1 19943651
2 7150373
3 3335321
4 2067521
5 1612283
6 1475894
7 1487593
8 1547319
9 1597229
10 1587286
11 1530035
12 1430280
13 1309797
14 1187780
15 1063243
16 938466
17 818073
18 703181
19 604005
20 524958
21 459457
22 413636
23 383748
24 363332
25 355666
26 351746
27 351615
28 351707
29 354559
30 357798
31 359482
32 362358
33 361500
34 359186
35 355616
36 352373
37 345209
38 338969
39 329616
40 319906
41 305423
42 290099
43 268307
44 248009
45 224665
46 200695
47 174176
48 150959
49 128137
50 106371
51 87142
52 70385
53 56253
54 43683
55 33007
56 25195
57 18419
58 14243
59 10574
60 8057
61 6124
62 4808
63 3775
64 2972
65 2507
66 2179
67 2025
68 1906
69 1841
70 1738
71 1522
72 1466
73 1439
74 1290
75 1338
76 1285
77 1262
78 1264
79 1156
80 1076
81 1093
82 1050
83 1065
84 977
85 1048
86 1021
87 987
88 959
89 992
90 927
91 906
92 840
93 748
94 768
95 667
96 658
97 634
98 632
99 553
100 512
101 481
102 495
103 482
104 407
105 396
106 367
107 376
108 373
109 356
110 363
111 353
112 382
113 329
114 322
115 321
116 379
117 389
118 419
119 405
120 390
121 359
122 409
123 385
124 423
125 424
126 432
127 410
128 438
129 378
130 357
131 361
132 342
133 346
134 325
135 329
136 316
137 294
138 330
139 303
140 272
141 280
142 267
143 265
144 223
145 193
146 193
147 189
148 182
149 179
150 162
151 151
152 136
153 145
154 138
155 149
156 132
157 166
158 116
159 121
160 111
161 100
162 115
163 105
164 117
165 100
166 105
167 94
168 90
169 123
170 121
171 137
172 156
173 183
174 192
175 250
176 323
177 393
178 464
179 511
180 637
181 792
182 938
183 1224
184 1440
185 1706
186 2045
187 2514
188 3021
189 3607
190 4072
191 4848
192 5578
193 6514
194 7599
195 8932
196 10123
197 11706
198 13180
199 15197
200 17098
201 19305
202 21648
203 23873
204 26657
205 29808
206 32355
207 35889
208 38845
209 42085
210 46054
211 49861
212 53221
213 57330
214 61378
215 65805
216 69328
217 73370
218 77561
219 81710
220 84462
221 88798
222 92193
223 96474
224 99142
225 102007
226 104982
227 108195
228 111025
229 113842
230 116350
231 119655
232 120181
233 121774
234 122912
235 122404
236 123071
237 124018
238 123208
239 122932
240 122189
241 121235
242 119767
243 118397
244 116043
245 113092
246 110450
247 107317
248 104822
249 101463
250 97367
251 93478
252 89108
253 85484
254 81506
255 77032
256 72476
257 69034
258 64506
259 60245
260 56288
261 52696
262 48296
263 44892
264 41162
265 38064
266 34806
267 31860
268 28486
269 25980
270 23460
271 21175
272 18761
273 16823
274 14997
275 13795
276 11815
277 10703
278 9309
279 8047
280 6992
281 5950
282 5260
283 4577
284 4018
285 3447
286 2892
287 2599
288 2251
289 1896
290 1607
291 1319
292 1139
293 934
294 835
295 690
296 579
297 464
298 399
299 319
300 275
301 251
302 210
303 156
304 121
305 118
306 103
307 100
308 85
309 78
310 73
311 67
312 78
313 63
314 62
315 77
316 82
317 69
318 81
319 92
320 102
321 71
322 78
323 71
324 83
325 84
326 72
327 70
328 67
329 79
330 61
331 45
332 53
333 52
334 36
335 58
336 53
337 64
338 54
339 56
340 59
341 46
342 41
343 43
344 48
345 43
346 45
347 31
348 25
349 40
350 24
351 25
352 20
353 25
354 17
355 12
356 14
357 20
358 18
359 13
360 18
361 21
362 16
363 25
364 27
365 14
366 11
367 20
368 18
369 14
370 19
371 18
372 17
373 17
374 18
375 7
376 19
377 6
378 12
379 19
380 17
381 28
382 14
383 15
384 21
385 15
386 25
387 10
388 21
389 30
390 23
391 17
392 11
393 14
394 19
395 22
396 14
397 11
398 25
399 25
400 21
401 23
402 36
403 36
404 38
405 34
406 42
407 33
408 36
409 62
410 60
411 63
412 71
413 67
414 65
415 74
416 80
417 83
418 105
419 109
420 107
421 124
422 132
423 148
424 152
425 158
426 201
427 241
428 202
429 250
430 193
431 225
432 212
433 237
434 251
435 260
436 270
437 305
438 271
439 278
440 305
441 372
442 324
443 349
444 356
445 334
446 344
447 366
448 356
449 395
450 382
451 411
452 363
453 404
454 409
455 396
456 372
457 365
458 345
459 379
460 362
461 339
462 376
463 337
464 363
465 389
466 360
467 368
468 396
469 369
470 406
471 370
472 347
473 410
474 394
475 377
476 406
477 397
478 378
479 357
480 399
481 355
482 368
483 350
484 371
485 373
486 355
487 345
488 396
489 346
490 327
491 318
492 329
493 342
494 324
495 291
496 296
497 316
498 305
499 261
500 298
501 303
502 278
503 260
504 278
505 234
506 259
507 259
508 254
509 219
510 247
511 214
512 205
513 186
514 197
515 194
516 186
517 189
518 150
519 162
520 131
521 118
522 118
523 131
524 107
525 121
526 104
527 108
528 86
529 82
530 109
531 86
532 80
533 66
534 67
535 54
536 64
537 66
538 45
539 49
540 54
541 33
542 39
543 41
544 27
545 29
546 23
547 24
548 12
549 18
550 22
551 18
552 9
553 24
554 15
555 20
556 14
557 16
558 17
559 14
560 15
561 22
562 23
563 22
564 21
565 23
566 19
567 13
568 14
569 14
570 14
571 16
572 18
573 19
574 15
575 17
576 17
577 18
578 17
579 12
580 12
581 10
582 13
583 14
584 9
585 7
586 18
587 13
588 11
589 15
590 11
591 14
592 10
593 9
594 12
595 6
596 11
597 11
598 9
599 12
600 12
601 22
602 20
603 14
604 19
605 16
606 21
607 11
608 17
609 15
610 14
611 14
612 13
613 23
614 16
615 25
616 27
617 28
618 28
619 31
620 38
621 40
622 28
623 36
624 28
625 36
626 28
627 39
628 45
629 44
630 50
631 31
632 52
633 55
634 42
635 47
636 58
637 58
638 57
639 82
640 68
641 82
642 81
643 97
644 83
645 79
646 82
647 93
648 98
649 84
650 90
651 110
652 125
653 99
654 139
655 117
656 113
657 135
658 124
659 141
660 136
661 138
662 144
663 137
664 153
665 159
666 143
667 164
668 184
669 163
670 167
671 185
672 160
673 171
674 163
675 159
676 172
677 158
678 182
679 172
680 159
681 153
682 162
683 145
684 175
685 167
686 136
687 145
688 147
689 129
690 136
691 128
692 154
693 150
694 128
695 111
696 125
697 126
698 117
699 121
700 109
701 110
702 123
703 121
704 142
705 128
706 95
707 103
708 86
709 94
710 81
711 101
712 82
713 83
714 69
715 54
716 65
717 50
718 55
719 51
720 60
721 57
722 56
723 50
724 45
725 56
726 48
727 51
728 42
729 30
730 51
731 35
732 40
733 35
734 47
735 43
736 35
737 32
738 43
739 33
740 37
741 29
742 40
743 32
744 29
745 19
746 34
747 38
748 33
749 32
750 27
751 19
752 26
753 18
754 11
755 14
756 26
757 30
758 24
759 26
760 37
761 22
762 20
763 28
764 25
765 32
766 31
767 25
768 23
769 29
770 28
771 23
772 19
773 18
774 21
775 21
776 30
777 17
778 28
779 21
780 19
781 19
782 16
783 21
784 18
785 21
786 9
787 12
788 18
789 5
790 13
791 7
792 7
793 5
794 7
795 8
796 15
797 11
798 10
799 10
800 3
801 6
802 5
803 6
804 6
805 9
806 7
807 7
808 3
809 9
810 8
811 10
812 8
813 8
814 12
815 12
816 13
817 13
818 10
819 15
820 6
821 8
822 7
823 4
824 8
825 10
826 11
827 6
828 7
829 12
830 7
831 4
832 10
833 11
834 10
835 11
836 6
837 7
838 16
839 12
840 5
841 16
842 15
843 11
844 9
845 13
846 17
847 9
848 16
849 12
850 17
851 16
852 20
853 22
854 18
855 22
856 20
857 27
858 28
859 30
860 30
861 28
862 21
863 29
864 25
865 32
866 30
867 44
868 27
869 37
870 37
871 38
872 28
873 29
874 32
875 39
876 36
877 29
878 30
879 34
880 39
881 38
882 36
883 45
884 33
885 43
886 45
887 38
888 46
889 60
890 48
891 48
892 44
893 43
894 59
895 47
896 68
897 42
898 48
899 38
900 46
901 40
902 43
903 40
904 48
905 40
906 43
907 46
908 42
909 37
910 39
911 40
912 30
913 37
914 35
915 38
916 36
917 33
918 20
919 30
920 29
921 31
922 26
923 28
924 34
925 21
926 27
927 24
928 41
929 34
930 34
931 47
932 35
933 45
934 39
935 34
936 42
937 30
938 39
939 30
940 48
941 33
942 37
943 27
944 31
945 33
946 29
947 29
948 27
949 37
950 29
951 31
952 37
953 36
954 52
955 44
956 28
957 31
958 34
959 43
960 50
961 40
962 24
963 46
964 53
965 42
966 34
967 53
968 39
969 43
970 52
971 37
972 51
973 50
974 42
975 45
976 58
977 46
978 44
979 46
980 45
981 41
982 41
983 41
984 47
985 49
986 52
987 37
988 44
989 48
990 32
991 36
992 38
993 35
994 33
995 35
996 32
997 34
998 27
999 36
1000 29
1001 27
1002 24
1003 42
1004 31
1005 30
1006 33
1007 28
1008 16
1009 31
1010 22
1011 23
1012 19
1013 18
1014 15
1015 11
1016 15
1017 8
1018 13
1019 4
1020 12
1021 6
1022 7
1023 7
1024 18
1025 13
1026 9
1027 16
1028 9
1029 11
1030 8
1031 11
1032 10
1033 8
1034 5
1035 6
1036 7
1037 5
1038 6
1039 4
1040 3
1041 5
1042 2
1043 2
1044 2
1045 3
1046 1
1047 4
1048 4
1049 3
1050 2
1051 5
1052 2
1053 1
1054 1
1055 2
1056 4
1057 4
1058 2
1059 4
1060 2
1061 5
1062 4
1063 2
1064 2
1065 4
1066 6
1067 2
1068 9
1069 1
1070 5
1071 7
1072 10
1073 11
1074 9
1075 10
1076 9
1077 11
1078 14
1079 17
1080 14
1081 12
1082 21
1083 17
1084 16
1085 21
1086 24
1087 22
1088 16
1089 24
1090 18
1091 29
1092 33
1093 17
1094 22
1095 33
1096 35
1097 30
1098 24
1099 23
1100 33
1101 27
1102 22
1103 26
1104 22
1105 20
1106 40
1107 26
1108 18
1109 34
1110 26
1111 26
1112 29
1113 20
1114 30
1115 37
1116 23
1117 35
1118 35
1119 31
1120 44
1121 37
1122 33
1123 22
1124 29
1125 37
1126 30
1127 33
1128 38
1129 20
1130 30
1131 41
1132 27
1133 25
1134 23
1135 38
1136 27
1137 29
1138 27
1139 23
1140 18
1141 27
1142 25
1143 23
1144 20
1145 25
1146 27
1147 18
1148 11
1149 18
1150 13
1151 14
1152 18
1153 14
1154 12
1155 11
1156 12
1157 8
1158 9
1159 17
1160 26
1161 13
1162 20
1163 19
1164 15
1165 12
1166 12
1167 11
1168 7
1169 11
1170 8
1171 9
1172 5
1173 11
1174 4
1175 10
1176 4
1177 13
1178 8
1179 7
1180 15
1181 6
1182 15
1183 4
1184 8
1185 6
1186 6
1187 5
1188 6
1189 5
1190 10
1191 6
1192 12
1193 11
1194 19
1195 16
1196 20
1197 7
1198 21
1199 4
1200 18
1201 17
1202 11
1203 20
1204 12
1205 12
1206 12
1207 16
1208 15
1209 14
1210 23
1211 30
1212 11
1213 27
1214 25
1215 24
1216 20
1217 20
1218 27
1219 18
1220 29
1221 22
1222 23
1223 23
1224 21
1225 23
1226 18
1227 18
1228 11
1229 11
1230 32
1231 12
1232 22
1233 20
1234 21
1235 11
1236 11
1237 22
1238 15
1239 12
1240 15
1241 19
1242 20
1243 14
1244 19
1245 12
1246 20
1247 12
1248 11
1249 12
1250 8
1251 8
1252 9
1253 11
1254 10
1255 10
1256 13
1257 11
1258 14
1259 4
1260 5
1261 4
1262 10
1263 3
1264 6
1265 9
1266 8
1267 3
1268 4
1269 4
1270 6
1271 4
1272 7
1273 1
1274 7
1275 6
1276 10
1277 5
1278 10
1279 8
1280 6
1281 6
1282 7
1283 8
1284 15
1285 6
1286 10
1287 11
1288 9
1289 9
1290 5
1291 6
1292 8
1293 6
1294 10
1295 8
1296 13
1297 13
1298 12
1299 12
1300 7
1301 9
1302 11
1303 10
1304 19
1305 10
1306 12
1307 18
1308 12
1309 19
1310 19
1311 19
1312 15
1313 19
1314 19
1315 19
1316 16
1317 19
1318 14
1319 22
1320 22
1321 16
1322 29
1323 24
1324 27
1325 25
1326 35
1327 27
1328 29
1329 39
1330 29
1331 32
1332 33
1333 28
1334 37
1335 29
1336 32
1337 32
1338 29
1339 38
1340 20
1341 19
1342 21
1343 14
1344 26
1345 21
1346 26
1347 13
1348 16
1349 22
1350 18
1351 21
1352 20
1353 26
1354 23
1355 24
1356 22
1357 18
1358 17
1359 13
1360 18
1361 19
1362 14
1363 14
1364 16
1365 18
1366 19
1367 14
1368 18
1369 18
1370 14
1371 12
1372 15
1373 14
1374 14
1375 20
1376 11
1377 8
1378 19
1379 10
1380 19
1381 14
1382 12
1383 10
1384 8
1385 10
1386 15
1387 10
1388 11
1389 16
1390 6
1391 13
1392 17
1393 10
1394 12
1395 16
1396 15
1397 11
1398 13
1399 9
1400 11
1401 9
1402 14
1403 13
1404 19
1405 9
1406 11
1407 10
1408 8
1409 5
1410 3
1411 6
1412 11
1413 11
1414 10
1415 6
1416 11
1417 6
1418 9
1419 7
1420 12
1421 6
1422 4
1423 6
1424 7
1425 2
1426 2
1427 4
1428 2
1429 4
1430 5
1431 3
1432 3
1433 3
1434 2
1435 4
1436 2
1437 2
1438 1
1439 2
1440 3
1441 2
1442 5
1443 2
1444 2
1445 2
1446 2
1447 3
1448 1
1449 2
1450 5
1451 7
1452 1
1453 2
1454 5
1455 2
1456 3
1457 1
1458 4
1459 3
1460 2
1461 3
1462 7
1463 6
1464 2
1465 7
1466 3
1467 5
1468 6
1469 4
1470 11
1472 6
1473 6
1474 6
1475 7
1476 5
1477 1
1478 7
1479 2
1480 3
1482 2
1483 2
1484 4
1485 1
1486 2
1487 8
1488 2
1489 2
1490 6
1491 1
1492 3
1493 3
1494 1
1496 1
1497 2
1498 1
1499 3
1504 1
1505 1
1506 1
1507 1
1509 2
1510 1
1512 1
1514 1
1515 2
1516 1
1517 2
1518 1
1519 4
1520 1
1522 2
1523 1
1524 1
1525 1
1526 2
1527 2
1528 4
1529 1
1530 5
1531 3
1532 3
1533 1
1534 3
1535 2
1536 1
1537 1
1538 5
1539 3
1540 3
1541 1
1542 5
1543 5
1544 4
1546 6
1547 1
1548 6
1549 4
1550 1
1551 2
1553 1
1554 2
1555 2
1556 1
1557 3
1558 3
1559 2
1560 3
1561 4
1562 3
1563 2
1564 1
1565 1
1566 9
1567 4
1568 3
1569 4
1570 2
1571 5
1572 3
1573 4
1575 2
1576 5
1577 2
1578 4
1579 2
1580 3
1581 2
1583 2
1584 7
1585 4
1586 4
1587 3
1588 2
1589 2
1590 4
1591 3
1592 3
1593 4
1594 7
1595 3
1596 5
1597 4
1599 4
1600 2
1601 3
1602 4
1603 1
1604 1
1605 4
1606 3
1607 8
1608 4
1609 2
1610 6
1611 3
1612 1
1613 3
1614 1
1615 1
1617 3
1618 3
1620 1
1621 2
1622 1
1623 2
1624 2
1625 1
1626 1
1627 2
1631 1
1632 1
1634 1
1636 1
1638 1
1640 1
1643 1
1644 1
1645 2
1648 1
1649 1
1651 1
1652 1
1659 2
1665 1
1668 1
1672 1
1673 1
1674 1
1677 2
1679 1
1681 1
1685 1
1697 1
1702 1
1709 3
1712 1
1718 1
1722 1
1728 1
1731 1
1733 1
1735 1
1736 1
1737 2
1738 1
1741 1
1742 1
1744 1
1745 1
1746 1
1747 1
1748 3
1749 1
1750 2
1751 2
1752 1
1753 3
1754 1
1755 1
1756 2
1757 3
1758 2
1760 3
1761 2
1762 4
1763 6
1764 3
1765 2
1766 2
1767 3
1768 1
1769 2
1770 2
1772 3
1773 2
1774 1
1775 1
1776 1
1777 4
1778 5
1779 1
1780 1
1781 3
1782 1
1783 1
1784 2
1786 2
1787 1
1789 4
1790 2
1791 1
1794 2
1795 1
1797 5
1798 4
1799 3
1800 2
1801 5
1802 2
1803 4
1804 3
1806 3
1807 1
1809 2
1810 3
1811 1
1812 5
1813 2
1814 6
1815 6
1816 3
1817 4
1818 3
1819 1
1820 5
1821 2
1822 4
1823 5
1824 4
1825 1
1826 3
1827 5
1828 4
1829 1
1830 1
1831 1
1832 2
1834 2
1835 2
1836 1
1839 1
1840 1
1842 1
1845 1
1847 1
1848 1
1850 1
1851 2
1852 4
1853 1
1854 2
1855 1
1856 1
1857 1
1859 2
1860 2
1861 2
1862 3
1863 1
1864 2
1865 1
1866 2
1867 2
1868 2
1874 1
1878 1
1884 1
1888 2
1890 1
1891 1
1897 1
1907 2
1910 1
1914 1
1919 1
1920 1
1924 1
1927 1
1932 1
1935 1
1938 1
1949 1
1950 1
1955 1
1956 2
1957 1
1959 2
1962 1
1963 2
1966 2
1967 2
1969 1
1972 1
1973 1
1975 1
1978 1
1979 1
1981 4
1982 4
1983 1
1984 3
1985 2
1986 4
1987 1
1988 4
1989 4
1990 1
1991 4
1992 4
1993 3
1994 2
1995 3
1996 2
1997 4
1998 4
1999 2
2000 4
2001 2
2002 2
2003 1
2004 3
2005 3
2006 2
2007 2
2008 1
2009 1
2011 2
2014 1
2016 1
2018 2
2019 1
2020 4
2021 1
2022 2
2023 1
2024 2
2026 2
2027 2
2028 1
2029 2
2031 1
2034 1
2038 3
2039 1
2040 2
2042 2
2043 1
2046 1
2047 1
2048 1
2049 2
2050 3
2053 2
2055 1
2056 1
2058 3
2059 1
2060 3
2061 3
2062 1
2063 2
2064 2
2065 4
2066 2
2067 1
2068 2
2072 1
2073 1
2077 1
2079 1
2080 2
2082 1
2083 1
2085 2
2087 1
2090 1
2092 1
2093 1
2094 2
2098 1
2101 1
2102 1
2103 2
2118 1
2121 1
2145 1
2149 1
2154 1
2156 1
2166 1
2170 1
2173 1
2181 1
2182 2
2184 2
2186 1
2187 1
2189 1
2191 1
2192 1
2193 1
2196 1
2197 1
2198 1
2199 1
2200 2
2202 2
2203 4
2204 2
2205 2
2206 1
2207 1
2208 1
2209 2
2210 2
2211 2
2213 2
2214 2
2215 1
2216 3
2218 3
2219 4
2220 3
2221 2
2222 2
2223 3
2224 2
2225 3
2226 1
2227 3
2228 6
2230 7
2231 4
2232 8
2233 2
2234 3
2235 2
2236 5
2237 7
2238 3
2239 8
2240 5
2241 1
2242 7
2243 2
2244 9
2245 3
2246 4
2247 2
2248 3
2249 7
2250 5
2251 2
2252 1
2253 2
2254 1
2255 4
2256 2
2257 1
2258 3
2259 1
2261 2
2262 2
2264 1
2265 3
2267 2
2269 1
2270 2
2271 5
2272 3
2274 2
2275 2
2276 4
2277 4
2278 2
2279 2
2280 3
2281 2
2282 1
2283 1
2284 4
2285 2
2286 1
2287 2
2288 1
2290 1
2293 1
2296 1
2297 1
2302 2
2303 2
2304 1
2305 3
2306 1
2307 1
2308 3
2309 1
2310 2
2311 2
2312 2
2313 1
2315 1
2316 1
2323 1
2325 1
2327 1
2332 1
2335 1
2339 1
2340 2
2341 1
2342 1
2344 1
2345 2
2346 1
2347 1
2348 1
2349 1
2351 1
2352 1
2364 1
2368 1
2371 1
2372 1
2374 1
2378 1
2379 1
2381 1
2382 1
2390 1
2398 1
2399 4
2401 1
2402 2
2403 1
2405 1
2406 1
2407 1
2408 2
2410 3
2413 2
2414 3
2415 4
2416 4
2417 5
2418 4
2419 2
2420 2
2421 2
2422 8
2423 4
2424 4
2425 8
2426 1
2427 5
2428 5
2429 5
2430 6
2431 3
2432 5
2433 3
2434 5
2435 6
2436 2
2437 6
2438 4
2439 6
2440 5
2441 5
2442 3
2443 6
2444 5
2445 2
2446 3
2447 3
2448 1
2449 3
2450 6
2451 4
2452 4
2453 3
2454 5
2455 2
2456 3
2457 1
2458 2
2459 5
2460 7
2461 3
2462 4
2463 2
2464 1
2465 3
2466 3
2467 3
2468 5
2469 6
2470 5
2471 6
2472 4
2474 2
2475 4
2476 6
2477 7
2478 2
2479 3
2480 3
2481 4
2482 1
2483 4
2484 3
2485 3
2486 4
2487 1
2488 8
2489 4
2490 3
2491 2
2492 4
2493 3
2494 3
2495 4
2496 3
2497 3
2498 3
2499 1
2500 3
2501 7
2502 5
2503 1
2504 4
2506 1
2507 4
2508 2
2509 2
2510 2
2512 1
2513 2
2515 4
2516 1
2517 3
2519 3
2521 4
2523 2
2524 1
2525 1
2526 1
2527 3
2528 2
2529 5
2530 2
2531 2
2532 1
2534 1
2535 2
2536 2
2537 4
2538 2
2539 2
2541 1
2542 2
2543 1
2550 4
2551 1
2553 4
2554 2
2555 1
2556 2
2557 1
2558 4
2559 7
2560 4
2561 5
2563 1
2564 4
2565 4
2566 1
2567 2
2569 1
2570 1
2572 2
2573 5
2574 1
2575 1
2577 1
2578 2
2580 1
2581 3
2582 1
2583 2
2584 1
2585 1
2588 2
2589 3
2590 1
2591 2
2592 1
2593 2
2594 2
2595 2
2596 3
2598 1
2599 1
2600 2
2601 1
2602 1
2603 2
2605 2
2606 1
2607 1
2608 3
2610 1
2613 3
2614 1
2615 1
2617 2
2618 1
2619 4
2620 1
2621 1
2626 1
2627 2
2629 2
2630 1
2631 3
2633 1
2634 4
2635 1
2638 1
2642 1
2645 1
2647 1
2648 1
2649 1
2652 3
2654 3
2655 2
2656 1
2657 1
2658 1
2660 2
2661 3
2662 1
2663 1
2664 1
2666 1
2669 1
2671 2
2672 1
2673 3
2674 1
2675 2
2676 1
2678 1
2681 1
2682 1
2684 3
2686 3
2687 2
2692 2
2693 1
2694 1
2695 1
2696 1
2697 2
2698 1
2699 6
2700 2
2701 4
2702 2
2703 2
2705 6
2706 1
2707 6
2708 4
2709 1
2710 3
2711 2
2712 3
2713 3
2714 3
2715 2
2717 2
2718 3
2719 2
2720 1
2721 2
2722 3
2723 4
2724 2
2725 1
2726 2
2727 1
2729 4
2730 1
2731 2
2733 2
2735 3
2736 2
2738 1
2739 2
2741 1
2746 2
2747 1
2748 1
2750 1
2751 1
2753 3
2755 1
2758 1
2761 2
2765 1
2766 1
2767 1
2770 1
2771 1
2773 1
2774 2
2777 1
2778 1
2780 1
2781 1
2782 5
2783 1
2785 1
2786 2
2790 1
2791 1
2793 2
2794 3
2802 1
2803 2
2805 1
2808 1
2809 2
2810 2
2811 3
2812 3
2813 1
2814 1
2815 1
2816 1
2817 1
2818 2
2819 5
2820 1
2821 2
2822 1
2823 2
2824 1
2827 2
2829 2
2830 1
2831 1
2832 1
2833 2
2834 1
2835 1
2837 1
2838 1
2839 1
2840 2
2841 3
2842 1
2844 1
2848 1
2851 2
2852 1
2853 1
2858 1
2864 1
2869 1
2872 1
2878 1
2882 1
2884 2
2885 1
2887 2
2889 1
2891 1
2893 1
2895 3
2896 2
2897 2
2898 2
2899 1
2900 1
2901 3
2902 3
2903 4
2904 4
2905 3
2906 3
2907 4
2908 1
2909 1
2910 4
2911 1
2912 2
2913 3
2914 1
2915 4
2916 2
2917 8
2918 5
2919 4
2920 7
2921 6
2922 10
2923 5
2924 5
2925 6
2926 3
2927 5
2928 6
2929 5
2930 2
2931 4
2932 4
2933 1
2934 3
2935 4
2937 5
2938 2
2939 2
2940 4
2942 2
2943 2
2944 3
2946 1
2947 1
2948 1
2949 2
2953 2
2955 2
2957 4
2958 2
2959 1
2961 1
2962 4
2963 3
2964 3
2966 2
2967 3
2968 2
2969 3
2970 4
2971 2
2972 9
2973 2
2974 2
2975 3
2976 4
2977 3
2978 3
2979 1
2980 6
2981 2
2983 2
2984 1
2985 1
2986 1
2987 3
2988 1
2990 5
2992 3
2993 2
2994 4
2995 2
2996 6
2997 3
2998 2
2999 2
3000 2
3001 4
3002 2
3003 2
3004 1
3005 4
3006 4
3007 1
3008 2
3009 3
3010 1
3011 5
3012 2
3013 1
3014 1
3015 1
3016 2
3017 2
3018 1
3019 2
3021 2
3022 2
3024 2
3025 3
3028 3
3030 2
3031 1
3032 2
3033 1
3034 1
3035 2
3036 2
3037 1
3040 1
3041 3
3042 2
3043 2
3044 1
3045 1
3050 1
3051 1
3052 1
3053 1
3054 4
3058 1
3061 2
3062 1
3064 1
3067 1
3069 2
3071 3
3076 2
3078 1
3081 1
3082 1
3084 1
3087 1
3088 1
3103 1
3107 1
3108 1
3109 2
3112 1
3113 1
3115 1
3119 1
3122 1
3124 1
3126 1
3128 1
3130 2
3133 1
3134 1
3136 2
3137 1
3139 2
3140 1
3141 1
3142 2
3143 1
3146 1
3147 2
3148 1
3150 1
3151 1
3152 1
3154 2
3155 2
3156 1
3157 1
3158 1
3161 1
3162 1
3163 2
3164 1
3165 2
3166 1
3167 1
3168 2
3169 1
3170 2
3172 2
3173 2
3174 2
3180 1
3181 1
3183 1
3185 1
3186 1
3187 2
3188 1
3191 2
3192 1
3194 1
3195 2
3196 1
3200 2
3206 1
3209 1
3212 1
3217 1
3220 1
3221 2
3222 1
3228 1
3229 1
3232 2
3234 1
3235 2
3236 1
3237 1
3240 2
3241 2
3244 1
3245 1
3247 1
3249 1
3251 1
3253 1
3254 1
3255 2
3256 1
3257 2
3259 1
3260 1
3261 3
3262 2
3263 3
3264 2
3265 3
3266 2
3267 2
3268 2
3269 3
3270 1
3271 2
3272 3
3273 4
3274 2
3275 2
3276 4
3277 1
3278 2
3279 4
3280 5
3281 3
3282 4
3283 4
3284 4
3285 1
3286 1
3287 4
3288 2
3289 3
3290 3
3291 2
3292 5
3293 3
3294 4
3295 3
3296 7
3297 6
3298 3
3299 5
3300 3
3301 2
3302 6
3303 3
3304 6
3305 1
3306 4
3307 6
3308 1
3309 4
3310 6
3311 4
3312 1
3313 4
3314 5
3315 1
3316 1
3317 4
3318 5
3319 5
3320 3
3321 6
3322 1
3323 2
3324 2
3325 2
3326 3
3328 1
3329 2
3330 3
3332 3
3333 3
3334 3
3335 1
3336 3
3338 2
3340 5
3341 4
3342 4
3343 1
3344 5
3345 4
3346 3
3347 4
3348 1
3350 2
3351 2
3352 3
3353 3
3354 3
3355 2
3356 2
3357 1
3358 2
3359 3
3360 4
3361 4
3362 3
3363 3
3364 3
3365 3
3366 4
3367 2
3368 2
3369 1
3370 1
3371 2
3372 1
3373 1
3376 1
3377 1
3378 1
3379 2
3381 2
3382 1
3383 1
3385 1
3386 1
3387 1
3389 1
3390 3
3391 2
3393 2
3394 1
3395 2
3396 1
3397 2
3398 1
3399 1
3400 2
3401 3
3402 1
3403 1
3404 2
3405 1
3406 2
3408 1
3410 2
3411 2
3412 1
3413 2
3414 2
3418 1
3420 2
3422 1
3423 1
3425 1
3428 1
3430 1
3432 2
3434 1
3436 1
3437 2
3438 1
3439 2
3440 1
3441 1
3442 1
3443 1
3445 2
3447 1
3448 1
3453 1
3454 1
3455 1
3458 1
3459 1
3471 1
3473 1
3474 1
3478 1
3479 1
3481 1
3485 1
3488 1
3498 1
3499 1
3505 1
3519 1
3526 1
3532 2
3535 1
3536 2
3539 2
3540 3
3543 2
3548 1
3552 1
3553 4
3556 1
3557 1
3558 3
3560 1
3561 1
3562 2
3563 2
3565 1
3567 2
3568 1
3569 1
3570 3
3571 1
3574 2
3575 1
3578 2
3580 1
3581 1
3584 2
3589 1
3594 1
3595 1
3596 2
3598 1
3600 1
3601 2
3603 1
3604 2
3607 3
3608 3
3609 1
3610 2
3611 1
3612 1
3613 1
3614 2
3615 3
3619 1
3622 1
3624 1
3626 3
3629 2
3630 1
3633 1
3635 1
3639 1
3640 1
3652 1
3658 1
3660 1
3662 1
3667 1
3678 1
3679 2
3693 1
3694 1
3695 1
3698 1
3699 1
3700 1
3702 1
3704 1
3708 1
3711 2
3712 2
3713 3
3714 1
3715 1
3716 2
3717 4
3718 2
3719 4
3720 1
3722 1
3723 1
3724 1
3726 1
3727 2
3733 3
3737 1
3739 2
3744 1
3745 3
3746 1
3747 2
3748 1
3749 2
3751 2
3752 5
3753 1
3754 1
3755 5
3757 2
3760 1
3761 2
3762 3
3763 3
3764 1
3765 2
3767 1
3768 2
3769 2
3773 1
3774 2
3775 3
3776 1
3778 1
3779 5
3780 2
3781 2
3782 1
3783 3
3784 3
3786 5
3788 1
3790 1
3791 1
3792 1
3795 1
3800 1
3805 2
3807 2
3809 1
3810 1
3812 1
3814 2
3816 1
3818 1
3819 2
3820 1
3821 2
3823 2
3825 3
3828 1
3829 1
3830 2
3832 2
3833 2
3834 3
3835 3
3837 1
3839 4
3840 1
3841 2
3842 3
3843 1
3844 1
3845 1
3846 1
3847 2
3848 5
3849 2
3852 3
3853 1
3854 1
3855 1
3857 2
3859 2
3861 3
3862 2
3864 2
3867 1
3868 2
3872 1
3873 1
3874 2
3875 1
3876 1
3877 1
3878 1
3879 2
3880 1
3881 1
3883 1
3884 1
3885 1
3886 2
3887 1
3888 1
3889 1
3890 1
3892 1
3893 1
3894 2
3895 3
3897 2
3898 1
3899 2
3901 1
3904 2
3905 1
3906 2
3908 1
3909 1
3910 1
3912 1
3914 1
3932 1
3942 1
3947 1
3952 1
3956 1
3959 1
3997 1
4005 1
4008 1
4010 1
4021 1
4022 1
4023 3
4024 2
4025 1
4026 2
4027 2
4028 1
4029 1
4030 1
4031 1
4032 1
4033 1
4034 2
4035 3
4036 1
4037 1
4038 1
4039 1
4041 2
4043 2
4044 1
4045 1
4047 5
4049 3
4050 2
4052 2
4053 3
4054 1
4055 3
4056 2
4057 2
4058 1
4059 4
4060 3
4061 4
4062 4
4063 3
4064 3
4066 3
4067 2
4068 2
4069 2
4070 1
4071 4
4073 1
4075 1
4076 2
4077 3
4078 4
4080 1
4081 1
4082 2
4083 2
4084 2
4085 2
4086 1
4087 2
4089 1
4359 1
4365 1
4367 1
4377 1
4418 1
4617 1
4625 1
4769 1
4815 1
4822 1
5070 1
5110 1
5131 1
5285 1
5424 1
5429 1
5449 1
5512 1
5514 1
5521 1
5526 1
5528 2
5532 1
5536 1
5540 1
5543 1
5632 1
5654 1
5668 1
5676 1
5677 1
5679 1
5681 1
5682 1
5690 1
5704 1
5864 1
6062 1
6067 1
6073 1
6076 1
6086 1
6099 1
6101 1
6106 1
6108 1
6113 1
6262 1
6298 1
6436 1
6533 1
6657 1
6676 1
6850 1
7187 1
7648 1
7926 1
7932 1
7935 1
8131 1
8147 1
8148 1
8152 1
8153 1
8158 1
8160 1
8376 1
8382 1
8394 1
8417 1
8608 1
8623 1
8628 1
8634 1
8637 1
8643 1
8841 1
8913 1
9035 1
9042 1
9243 1
9300 1
9666 1
9831 1
9834 1
9836 1
9838 1
9841 1
9859 1
10001 3
