1 24357666
2 12637956
3 7243279
4 4405909
5 2838740
6 2001544
7 1609768
8 1478027
9 1486954
10 1539100
11 1576671
12 1588535
13 1553539
14 1469469
15 1364681
16 1245108
17 1117798
18 996217
19 890834
20 793833
21 718239
22 667191
23 636736
24 632039
25 652633
26 693271
27 754096
28 823623
29 898035
30 964447
31 1018107
32 1056690
33 1071705
34 1064528
35 1034270
36 989780
37 924338
38 853195
39 771433
40 683989
41 596584
42 514360
43 435244
44 361811
45 296507
46 241947
47 192963
48 153745
49 121995
50 95790
51 76036
52 59746
53 47091
54 38150
55 30695
56 24983
57 21047
58 17943
59 15283
60 13212
61 11608
62 10632
63 9658
64 9164
65 8091
66 7493
67 7147
68 6685
69 6144
70 5718
71 5466
72 5100
73 4841
74 4422
75 4101
76 3859
77 3523
78 3133
79 2898
80 2568
81 2427
82 2228
83 2048
84 1802
85 1609
86 1540
87 1402
88 1269
89 1233
90 1171
91 987
92 914
93 911
94 922
95 857
96 864
97 873
98 901
99 871
100 841
101 765
102 670
103 747
104 708
105 763
106 758
107 764
108 712
109 779
110 770
111 772
112 685
113 782
114 745
115 806
116 745
117 710
118 719
119 701
120 655
121 634
122 586
123 602
124 702
125 557
126 575
127 502
128 473
129 505
130 459
131 505
132 503
133 459
134 421
135 406
136 420
137 408
138 396
139 355
140 315
141 305
142 294
143 308
144 302
145 280
146 226
147 256
148 247
149 230
150 217
151 248
152 249
153 224
154 246
155 260
156 240
157 265
158 282
159 312
160 304
161 329
162 355
163 288
164 309
165 324
166 307
167 319
168 316
169 267
170 301
171 251
172 231
173 207
174 192
175 196
176 206
177 214
178 197
179 185
180 192
181 189
182 145
183 159
184 170
185 132
186 137
187 149
188 113
189 123
190 132
191 130
192 122
193 129
194 112
195 132
196 99
197 91
198 126
199 116
200 100
201 93
202 85
203 92
204 73
205 76
206 74
207 63
208 79
209 69
210 61
211 66
212 49
213 44
214 64
215 58
216 51
217 55
218 61
219 61
220 57
221 60
222 56
223 67
224 76
225 76
226 82
227 74
228 73
229 69
230 60
231 78
232 95
233 80
234 77
235 72
236 88
237 87
238 93
239 85
240 66
241 83
242 84
243 58
244 63
245 60
246 71
247 58
248 52
249 42
250 47
251 51
252 54
253 41
254 38
255 34
256 39
257 31
258 35
259 29
260 32
261 29
262 31
263 41
264 33
265 25
266 29
267 32
268 40
269 30
270 28
271 28
272 26
273 28
274 20
275 22
276 22
277 18
278 25
279 15
280 14
281 13
282 18
283 22
284 19
285 19
286 24
287 23
288 15
289 11
290 17
291 7
292 14
293 19
294 23
295 13
296 11
297 11
298 13
299 15
300 11
301 12
302 15
303 10
304 16
305 12
306 14
307 8
308 11
309 12
310 13
311 14
312 10
313 10
314 10
315 21
316 18
317 25
318 18
319 7
320 10
321 4
322 7
323 10
324 4
325 10
326 9
327 7
328 13
329 8
330 11
331 8
332 10
333 13
334 10
335 14
336 10
337 13
338 19
339 16
340 12
341 7
342 12
343 16
344 15
345 16
346 12
347 19
348 11
349 7
350 12
351 11
352 6
353 17
354 16
355 20
356 16
357 19
358 8
359 5
360 12
361 24
362 21
363 21
364 23
365 15
366 14
367 13
368 15
369 7
370 4
371 14
372 6
373 9
374 11
375 8
376 6
377 7
378 10
379 8
380 15
381 13
382 11
383 9
384 8
385 16
386 13
387 9
388 15
389 13
390 5
391 10
392 10
393 12
394 11
395 8
396 11
397 16
398 8
399 15
400 13
401 12
402 14
403 16
404 15
405 13
406 21
407 16
408 15
409 11
410 11
411 22
412 20
413 13
414 17
415 16
416 19
417 11
418 13
419 18
420 14
421 12
422 11
423 15
424 17
425 17
426 18
427 8
428 18
429 18
430 27
431 15
432 18
433 15
434 15
435 21
436 17
437 15
438 11
439 24
440 22
441 11
442 9
443 29
444 21
445 24
446 24
447 24
448 19
449 19
450 15
451 18
452 15
453 15
454 14
455 7
456 12
457 3
458 13
459 13
460 9
461 8
462 12
463 10
464 8
465 9
466 11
467 18
468 8
469 13
470 15
471 21
472 21
473 13
474 15
475 13
476 11
477 16
478 11
479 13
480 12
481 19
482 11
483 16
484 17
485 13
486 22
487 9
488 8
489 9
490 9
491 7
492 3
493 2
494 5
495 2
496 3
497 4
498 2
499 1
500 1
502 1
504 5
505 3
506 6
507 3
508 4
509 4
510 2
511 6
512 2
513 3
514 4
515 3
516 1
517 2
518 4
520 4
521 3
522 1
523 5
524 6
525 2
526 5
527 3
528 1
529 2
530 3
532 1
533 4
534 5
535 2
536 2
537 3
538 2
539 2
540 3
541 3
542 1
543 2
544 1
545 1
547 1
548 1
551 2
552 2
553 1
555 2
556 1
557 1
559 1
560 7
561 3
562 7
563 1
564 5
565 2
566 2
567 1
568 3
569 2
570 1
571 1
572 1
573 2
575 1
576 1
577 2
578 1
583 1
584 1
586 3
588 2
589 1
590 1
591 2
592 1
594 4
595 3
597 3
598 1
599 1
600 1
601 1
602 4
603 2
604 4
605 2
606 1
607 2
609 2
610 1
611 1
614 1
618 1
620 1
622 3
623 5
624 1
625 5
626 2
627 1
628 1
629 1
630 2
632 2
633 1
635 1
636 3
637 2
638 3
639 2
641 2
645 2
661 1
664 1
665 1
666 2
668 2
671 1
674 4
676 1
677 1
680 1
682 1
685 3
689 1
692 1
695 2
697 1
698 1
699 1
701 1
702 1
703 1
704 1
724 1
730 1
738 1
740 1
741 1
742 1
750 1
761 1
763 1
764 2
765 1
771 1
781 1
783 1
786 1
787 1
790 1
795 1
814 1
831 1
832 1
833 1
834 1
836 2
837 1
838 2
839 1
840 1
842 1
845 2
852 1
854 1
855 1
871 1
875 1
881 1
884 1
886 1
889 4
893 1
894 1
895 1
896 2
897 1
904 1
920 1
924 1
926 1
931 1
937 1
945 1
949 1
957 1
959 1
965 1
967 1
968 1
969 1
970 1
971 1
972 1
973 2
976 4
977 3
979 3
981 1
982 3
983 1
984 2
988 2
999 1
1004 1
1005 1
1022 1
1028 1
1034 1
1052 1
1055 1
1065 1
1067 1
1073 1
1074 1
1075 1
1079 2
1082 1
1083 1
1085 1
1086 4
1087 2
1088 1
1090 1
1093 1
1096 1
1097 2
1099 1
1100 1
1110 1
1111 2
1112 1
1113 1
1115 1
1116 1
1133 1
1137 2
1145 1
1147 2
1165 1
1169 1
1172 1
1187 1
1197 2
1202 1
1220 1
1300 1
1312 1
1313 2
1318 1
1349 1
1351 1
1352 2
1353 1
1355 1
1356 2
1358 2
1359 2
1361 1
1367 1
1390 1
1395 1
1398 1
1446 1
1452 1
1540 2
1548 1
1550 1
1556 1
1557 1
1559 1
1560 2
1563 1
1567 1
1605 3
1607 1
1610 1
1612 1
1628 1
1648 1
2281 1
2352 1
2485 1
2527 1
2670 1
2675 1
3329 1
3373 1
3376 1
3385 1
3396 1
3405 1
3407 1
3409 1
3422 1
3429 1
3440 1
