1 22173715
2 14828420
3 9660355
4 6823890
5 5268219
6 4338542
7 3816512
8 3513394
9 3315534
10 3120992
11 2890431
12 2601925
13 2284683
14 1963275
15 1653427
16 1371654
17 1116919
18 897604
19 715243
20 557198
21 430042
22 336025
23 269705
24 229454
25 210879
26 215018
27 232317
28 261272
29 298177
30 337284
31 373922
32 403765
33 423227
34 431820
35 432375
36 420802
37 398477
38 367831
39 331236
40 291797
41 251302
42 212060
43 174689
44 143594
45 113827
46 89929
47 69142
48 54838
49 43955
50 37111
51 33120
52 31924
53 33673
54 36510
55 40343
56 46135
57 52564
58 59285
59 65854
60 73040
61 79536
62 85685
63 89912
64 94077
65 95779
66 96290
67 95581
68 93329
69 89856
70 85254
71 78700
72 73948
73 67410
74 60051
75 53133
76 46432
77 40264
78 34117
79 28403
80 24092
81 20267
82 17301
83 14574
84 12636
85 11344
86 10374
87 10422
88 10765
89 11983
90 13673
91 16208
92 19574
93 23837
94 28736
95 34422
96 41340
97 49077
98 58609
99 68563
100 79639
101 90914
102 102981
103 116646
104 131165
105 146244
106 161021
107 176876
108 191299
109 205515
110 218416
111 231007
112 241806
113 251384
114 258064
115 264123
116 269718
117 271482
118 272684
119 271292
120 268616
121 262715
122 254988
123 245870
124 235188
125 223629
126 210643
127 199293
128 186916
129 172576
130 159026
131 147298
132 133353
133 120211
134 107160
135 96078
136 85551
137 75141
138 66117
139 57204
140 49076
141 42582
142 35651
143 30186
144 25490
145 21155
146 17697
147 14682
148 12182
149 9730
150 8042
151 6811
152 5587
153 4557
154 3804
155 3136
156 2792
157 2374
158 2171
159 1959
160 1857
161 1943
162 1880
163 1936
164 1956
165 2056
166 2164
167 2439
168 2624
169 2811
170 2989
171 3334
172 3450
173 3881
174 4099
175 4475
176 4608
177 4929
178 5176
179 5345
180 5504
181 5644
182 5780
183 5734
184 5840
185 6009
186 5849
187 6132
188 5863
189 5817
190 5907
191 5842
192 5737
193 5465
194 5417
195 5115
196 4993
197 4566
198 4350
199 4067
200 3888
201 3632
202 3328
203 3318
204 3096
205 2905
206 2652
207 2349
208 2172
209 2070
210 1897
211 1687
212 1581
213 1445
214 1361
215 1158
216 1160
217 1057
218 1042
219 1029
220 901
221 894
222 939
223 863
224 881
225 938
226 892
227 929
228 948
229 933
230 946
231 956
232 953
233 990
234 1089
235 1059
236 1049
237 1132
238 1061
239 1052
240 1131
241 1030
242 1103
243 1031
244 1071
245 1010
246 1003
247 986
248 954
249 964
250 961
251 856
252 873
253 816
254 816
255 776
256 754
257 694
258 686
259 650
260 606
261 572
262 537
263 539
264 483
265 407
266 380
267 367
268 370
269 340
270 326
271 285
272 240
273 229
274 250
275 207
276 201
277 179
278 149
279 142
280 136
281 131
282 92
283 110
284 95
285 81
286 101
287 77
288 68
289 78
290 63
291 61
292 55
293 53
294 53
295 60
296 53
297 55
298 38
299 54
300 75
301 60
302 69
303 75
304 47
305 73
306 87
307 65
308 71
309 82
310 84
311 79
312 81
313 92
314 70
315 94
316 106
317 89
318 96
319 119
320 101
321 91
322 119
323 115
324 113
325 120
326 103
327 113
328 126
329 107
330 114
331 133
332 114
333 117
334 124
335 143
336 122
337 148
338 142
339 128
340 131
341 149
342 150
343 156
344 158
345 153
346 162
347 140
348 147
349 138
350 172
351 148
352 163
353 153
354 186
355 168
356 169
357 192
358 189
359 185
360 199
361 214
362 218
363 197
364 185
365 220
366 195
367 216
368 171
369 190
370 191
371 179
372 229
373 190
374 179
375 193
376 183
377 195
378 200
379 188
380 205
381 197
382 192
383 171
384 177
385 152
386 165
387 163
388 150
389 116
390 122
391 107
392 113
393 119
394 97
395 102
396 110
397 105
398 91
399 109
400 75
401 93
402 88
403 83
404 79
405 95
406 88
407 92
408 70
409 94
410 83
411 74
412 76
413 74
414 58
415 67
416 81
417 85
418 75
419 72
420 58
421 73
422 51
423 58
424 47
425 47
426 45
427 49
428 54
429 46
430 57
431 50
432 57
433 79
434 60
435 64
436 53
437 60
438 63
439 72
440 79
441 79
442 61
443 63
444 61
445 69
446 77
447 71
448 74
449 83
450 94
451 76
452 77
453 84
454 97
455 98
456 85
457 94
458 95
459 97
460 112
461 104
462 110
463 138
464 92
465 99
466 102
467 110
468 106
469 116
470 127
471 120
472 109
473 120
474 125
475 113
476 120
477 126
478 123
479 113
480 121
481 145
482 120
483 140
484 169
485 138
486 142
487 129
488 145
489 131
490 147
491 166
492 141
493 130
494 131
495 128
496 126
497 111
498 108
499 121
500 106
501 98
502 115
503 97
504 91
505 94
506 87
507 97
508 74
509 100
510 76
511 72
512 71
513 61
514 66
515 67
516 68
517 57
518 59
519 54
520 69
521 59
522 61
523 47
524 60
525 46
526 49
527 45
528 38
529 39
530 39
531 36
532 39
533 33
534 35
535 34
536 26
537 31
538 35
539 33
540 33
541 27
542 29
543 33
544 32
545 27
546 30
547 33
548 20
549 29
550 35
551 35
552 23
553 25
554 22
555 29
556 30
557 17
558 24
559 25
560 19
561 24
562 32
563 19
564 21
565 25
566 17
567 13
568 29
569 25
570 24
571 19
572 22
573 23
574 36
575 34
576 39
577 45
578 42
579 31
580 39
581 38
582 37
583 27
584 35
585 37
586 40
587 42
588 43
589 45
590 39
591 39
592 39
593 47
594 40
595 48
596 42
597 45
598 38
599 43
600 42
601 39
602 47
603 38
604 32
605 27
606 26
607 30
608 37
609 48
610 37
611 36
612 46
613 31
614 35
615 39
616 44
617 49
618 32
619 31
620 37
621 32
622 38
623 33
624 38
625 35
626 38
627 31
628 38
629 29
630 37
631 44
632 26
633 21
634 37
635 25
636 26
637 24
638 18
639 22
640 30
641 26
642 27
643 17
644 26
645 26
646 25
647 20
648 29
649 27
650 20
651 25
652 28
653 26
654 22
655 23
656 23
657 19
658 19
659 11
660 22
661 21
662 24
663 32
664 26
665 22
666 25
667 17
668 15
669 17
670 24
671 21
672 16
673 17
674 14
675 21
676 9
677 11
678 15
679 13
680 17
681 19
682 13
683 8
684 12
685 14
686 13
687 6
688 16
689 16
690 17
691 18
692 15
693 25
694 21
695 25
696 23
697 20
698 25
699 20
700 31
701 27
702 26
703 22
704 23
705 20
706 25
707 20
708 10
709 17
710 18
711 20
712 18
713 30
714 23
715 13
716 19
717 20
718 21
719 25
720 23
721 26
722 30
723 25
724 42
725 35
726 42
727 38
728 52
729 37
730 52
731 46
732 52
733 67
734 72
735 86
736 81
737 107
738 105
739 141
740 133
741 157
742 150
743 170
744 225
745 251
746 263
747 288
748 342
749 353
750 397
751 435
752 482
753 510
754 596
755 625
756 709
757 744
758 820
759 918
760 978
761 1026
762 1157
763 1309
764 1367
765 1577
766 1673
767 1830
768 1999
769 2160
770 2216
771 2519
772 2563
773 2820
774 2996
775 3420
776 3546
777 3849
778 4119
779 4389
780 4650
781 5032
782 5437
783 5758
784 6122
785 6457
786 7030
787 7317
788 7613
789 8147
790 8520
791 9158
792 9494
793 10100
794 10507
795 11227
796 11494
797 12204
798 12828
799 13404
800 14008
801 14572
802 15151
803 15701
804 16510
805 17094
806 17465
807 18248
808 18687
809 19634
810 20345
811 20840
812 21413
813 22264
814 22854
815 23362
816 23750
817 24473
818 25084
819 25507
820 25690
821 26448
822 26642
823 27584
824 27653
825 28112
826 28601
827 28909
828 28931
829 29568
830 29976
831 30144
832 30374
833 30686
834 30097
835 30488
836 30607
837 30450
838 30387
839 29997
840 30335
841 29734
842 29986
843 29596
844 29305
845 28898
846 28706
847 28420
848 27772
849 27478
850 27432
851 27065
852 26268
853 25918
854 25180
855 24353
856 24104
857 23808
858 22918
859 22323
860 21921
861 21152
862 20510
863 19590
864 19384
865 18776
866 17830
867 17304
868 16460
869 16042
870 15252
871 14743
872 14152
873 13714
874 12927
875 12402
876 11861
877 11365
878 10790
879 10328
880 9564
881 9096
882 8814
883 8243
884 7908
885 7447
886 7193
887 6596
888 6254
889 6013
890 5551
891 5258
892 4984
893 4725
894 4292
895 4009
896 3894
897 3631
898 3350
899 3132
900 2919
901 2756
902 2514
903 2378
904 2169
905 2015
906 1861
907 1734
908 1552
909 1530
910 1399
911 1232
912 1143
913 993
914 970
915 902
916 843
917 764
918 677
919 618
920 553
921 481
922 491
923 436
924 396
925 343
926 345
927 284
928 279
929 274
930 228
931 202
932 217
933 188
934 164
935 165
936 126
937 122
938 130
939 101
940 110
941 100
942 85
943 89
944 76
945 77
946 75
947 71
948 78
949 91
950 70
951 71
952 69
953 65
954 75
955 47
956 58
957 52
958 60
959 64
960 41
961 34
962 43
963 38
964 37
965 37
966 40
967 41
968 40
969 39
970 20
971 39
972 38
973 27
974 34
975 33
976 43
977 33
978 41
979 39
980 30
981 28
982 29
983 33
984 32
985 34
986 27
987 22
988 29
989 30
990 21
991 19
992 27
993 28
994 13
995 11
996 16
997 20
998 18
999 17
1000 10
1001 13
1002 14
1003 23
1004 15
1005 20
1006 12
1007 15
1008 18
1009 10
1010 11
1011 9
1012 10
1013 16
1014 24
1015 12
1016 9
1017 16
1018 5
1019 11
1020 12
1021 12
1022 14
1023 26
1024 18
1025 10
1026 16
1027 7
1028 17
1029 12
1030 9
1031 10
1032 11
1033 8
1034 8
1035 8
1036 7
1037 9
1038 12
1039 6
1040 11
1041 12
1042 5
1043 12
1044 14
1045 7
1046 9
1047 8
1048 8
1049 7
1050 5
1051 7
1052 7
1053 9
1054 5
1055 6
1056 10
1057 5
1058 4
1059 7
1060 8
1061 12
1062 8
1063 6
1064 6
1065 9
1066 3
1067 8
1068 9
1069 5
1070 12
1071 6
1072 8
1073 6
1074 8
1075 7
1076 11
1077 4
1078 3
1079 12
1080 10
1081 7
1082 9
1083 14
1084 6
1085 7
1086 5
1087 4
1088 6
1089 8
1090 11
1091 5
1092 6
1093 7
1094 4
1095 4
1096 4
1097 8
1098 4
1099 7
1100 5
1101 2
1102 4
1103 2
1104 10
1105 3
1106 2
1107 3
1108 7
1109 5
1110 5
1111 7
1112 3
1113 5
1114 6
1115 6
1116 4
1117 2
1118 5
1119 3
1120 8
1121 6
1122 5
1123 2
1124 6
1125 2
1126 7
1127 4
1128 2
1129 7
1130 4
1131 5
1132 2
1133 2
1134 4
1135 6
1136 6
1137 5
1138 2
1139 6
1140 5
1141 3
1142 5
1143 1
1144 2
1145 4
1146 1
1147 4
1148 5
1149 3
1150 4
1151 3
1152 2
1153 3
1154 4
1155 1
1156 1
1157 2
1158 4
1159 4
1160 5
1161 4
1162 6
1163 5
1164 2
1165 3
1166 2
1167 3
1168 5
1169 3
1170 6
1171 4
1172 5
1173 5
1174 3
1175 3
1176 4
1177 1
1178 2
1179 4
1180 6
1181 2
1183 2
1184 5
1185 4
1186 6
1187 4
1188 6
1189 3
1190 2
1191 3
1192 5
1193 3
1194 6
1195 1
1196 1
1197 10
1198 6
1199 3
1200 3
1201 4
1202 2
1203 3
1204 4
1205 3
1206 1
1207 2
1208 4
1209 1
1210 1
1211 1
1212 2
1213 1
1214 1
1215 4
1216 1
1217 4
1218 2
1219 4
1220 4
1221 3
1222 2
1223 3
1224 4
1225 1
1226 1
1227 1
1229 5
1230 6
1231 4
1232 2
1233 1
1234 2
1235 1
1236 4
1237 6
1238 4
1239 4
1240 1
1241 1
1242 2
1243 4
1245 4
1246 1
1247 2
1248 2
1249 1
1250 4
1251 3
1252 3
1253 2
1254 3
1255 4
1256 5
1257 1
1258 3
1259 3
1260 3
1261 2
1262 4
1263 4
1264 3
1265 6
1266 4
1267 6
1268 4
1269 5
1270 3
1271 1
1272 4
1273 7
1274 2
1275 1
1276 8
1277 4
1278 1
1279 4
1280 2
1281 4
1282 3
1283 1
1284 1
1285 4
1286 2
1287 1
1288 6
1289 5
1290 3
1291 4
1292 2
1293 7
1294 4
1295 2
1296 2
1297 3
1298 3
1299 2
1300 3
1301 1
1302 1
1303 5
1304 3
1306 3
1307 1
1308 1
1309 2
1310 2
1311 1
1312 4
1313 4
1314 5
1315 8
1316 2
1317 3
1318 1
1319 5
1320 4
1321 3
1322 4
1323 6
1324 4
1325 8
1326 2
1327 2
1328 3
1330 3
1331 4
1332 3
1334 3
1335 1
1336 1
1337 1
1338 3
1340 1
1341 2
1342 2
1343 1
1345 2
1346 3
1347 3
1348 3
1349 2
1350 4
1351 1
1352 4
1353 3
1354 3
1355 1
1356 5
1358 4
1359 3
1360 6
1361 5
1362 3
1363 4
1364 2
1365 4
1366 3
1367 1
1368 1
1369 4
1370 2
1371 1
1373 3
1374 3
1376 4
1378 4
1379 3
1380 4
1381 2
1382 3
1383 3
1384 1
1385 4
1386 2
1387 2
1388 3
1389 1
1390 2
1391 3
1392 3
1393 3
1395 3
1396 4
1397 1
1398 4
1399 1
1400 4
1402 2
1403 4
1404 1
1405 2
1406 3
1407 2
1408 3
1409 1
1411 3
1412 2
1414 1
1415 2
1416 2
1418 3
1419 3
1420 2
1421 3
1422 4
1424 1
1425 1
1426 3
1427 5
1428 3
1429 3
1430 1
1431 1
1432 4
1433 2
1434 2
1435 4
1437 3
1438 3
1440 2
1441 2
1443 3
1445 1
1446 1
1447 2
1448 1
1449 1
1450 3
1451 1
1452 1
1453 1
1454 2
1455 1
1456 1
1457 1
1458 2
1459 1
1460 1
1461 1
1462 2
1463 1
1467 2
1468 2
1470 2
1474 2
1475 1
1476 1
1478 2
1479 1
1481 1
1484 1
1485 1
1486 2
1489 1
1490 2
1493 2
1495 1
1498 2
1507 2
1512 2
1514 1
1515 2
1516 2
1518 2
1519 3
1521 4
1522 3
1524 4
1526 1
1527 1
1528 2
1529 2
1530 1
1531 1
1532 2
1533 1
1534 1
1536 1
1538 3
1539 1
1540 1
1542 1
1543 3
1544 3
1545 1
1546 2
1548 2
1549 2
1550 1
1555 2
1556 2
1557 1
1558 1
1559 3
1560 2
1562 3
1563 2
1564 4
1565 2
1566 3
1567 3
1568 2
1569 4
1570 5
1571 2
1572 1
1573 1
1574 5
1575 6
1576 2
1577 5
1578 4
1579 4
1580 7
1581 3
1582 5
1583 6
1584 7
1585 5
1586 4
1587 3
1588 4
1589 5
1590 4
1591 5
1592 12
1593 4
1594 5
1595 8
1596 9
1597 6
1598 6
1599 6
1600 11
1601 8
1602 14
1603 12
1604 9
1605 14
1606 11
1607 6
1608 10
1609 13
1610 13
1611 15
1612 18
1613 22
1614 11
1615 9
1616 22
1617 5
1618 11
1619 9
1620 15
1621 18
1622 11
1623 17
1624 14
1625 19
1626 20
1627 25
1628 27
1629 16
1630 23
1631 20
1632 26
1633 26
1634 17
1635 22
1636 17
1637 30
1638 32
1639 30
1640 26
1641 18
1642 34
1643 38
1644 46
1645 37
1646 43
1647 32
1648 31
1649 40
1650 36
1651 37
1652 47
1653 29
1654 36
1655 39
1656 50
1657 44
1658 45
1659 33
1660 38
1661 44
1662 38
1663 42
1664 46
1665 47
1666 53
1667 37
1668 49
1669 45
1670 40
1671 37
1672 43
1673 32
1674 42
1675 44
1676 42
1677 40
1678 37
1679 40
1680 43
1681 47
1682 47
1683 44
1684 43
1685 35
1686 43
1687 54
1688 40
1689 47
1690 52
1691 51
1692 42
1693 45
1694 47
1695 37
1696 38
1697 28
1698 44
1699 60
1700 70
1701 47
1702 52
1703 55
1704 45
1705 54
1706 40
1707 34
1708 47
1709 50
1710 42
1711 42
1712 48
1713 40
1714 33
1715 35
1716 41
1717 32
1718 35
1719 32
1720 40
1721 39
1722 27
1723 27
1724 28
1725 22
1726 22
1727 36
1728 14
1729 18
1730 15
1731 27
1732 22
1733 23
1734 20
1735 31
1736 13
1737 21
1738 23
1739 22
1740 27
1741 21
1742 25
1743 18
1744 11
1745 18
1746 16
1747 16
1748 17
1749 24
1750 18
1751 14
1752 29
1753 18
1754 20
1755 16
1756 16
1757 18
1758 12
1759 10
1760 13
1761 11
1762 19
1763 15
1764 11
1765 12
1766 12
1767 9
1768 15
1769 10
1770 5
1771 8
1772 10
1773 9
1774 2
1775 6
1776 6
1777 9
1778 3
1779 5
1780 3
1781 2
1782 2
1783 3
1784 2
1785 3
1786 3
1787 2
1788 1
1789 2
1790 1
1791 1
1793 2
1794 1
1795 2
1798 2
1801 1
1802 1
1804 1
1805 3
1807 2
1808 1
1809 1
1810 3
1812 3
1813 1
1814 1
1815 2
1816 1
1817 4
1818 2
1819 2
1820 2
1821 1
1822 1
1824 1
1825 1
1826 1
1827 1
1829 1
1831 2
1838 1
1845 1
1846 1
1848 1
1849 1
1852 2
1853 1
1854 1
1855 2
1856 2
1857 2
1858 1
1859 1
1860 1
1861 3
1862 1
1865 2
1867 1
1870 1
1871 1
1873 1
1878 1
1879 1
1881 2
1883 1
1885 1
1887 1
1889 2
1901 2
1903 1
1907 1
1918 1
1919 1
1924 1
1926 2
1927 2
1929 3
1930 1
1932 2
1937 2
1938 2
1940 1
1941 3
1942 1
1944 2
1945 1
1946 1
1947 1
1948 1
1949 3
1953 1
1954 3
1955 2
1956 1
1957 2
1959 1
1961 1
1962 1
1964 4
1965 2
1967 2
1968 1
1969 2
1970 1
1971 2
1972 1
1974 3
1975 1
1976 2
1977 1
1978 2
1980 2
1981 1
1982 1
1984 1
1985 1
1986 1
1987 1
1989 1
1990 2
1991 2
1992 2
1993 2
1994 2
1995 1
1997 1
1998 1
1999 2
2000 1
2002 2
2003 3
2004 3
2005 4
2006 2
2007 3
2008 3
2009 2
2010 2
2011 1
2014 3
2015 2
2016 3
2017 3
2018 2
2019 2
2020 2
2021 2
2022 1
2023 2
2026 1
2027 2
2029 1
2030 1
2031 1
2035 1
2036 1
2037 1
2044 1
2046 1
2055 1
2056 2
2058 1
2060 4
2061 3
2062 1
2063 2
2065 6
2066 2
2067 5
2068 6
2069 2
2070 2
2071 2
2075 1
2078 2
2079 1
2084 1
2091 2
2103 1
2104 1
2108 1
2109 2
2115 2
2118 1
2124 1
2125 1
2127 2
2129 1
2136 1
2140 1
2146 1
2148 2
2149 2
2151 2
2152 1
2153 2
2154 1
2155 1
2157 1
2158 1
2160 1
2161 1
2164 2
2165 2
2166 1
2168 1
2173 2
2175 2
2179 3
2182 1
2184 2
2185 3
2186 1
2187 2
2188 3
2189 3
2190 1
2191 4
2192 4
2194 2
2196 3
2197 2
2199 2
2200 1
2201 2
2202 2
2203 1
2205 1
2209 1
2211 1
2212 1
2213 1
2214 1
2215 1
2217 2
2219 1
2220 1
2221 1
2222 1
2227 1
2228 1
2229 2
2230 2
2231 2
2232 2
2233 1
2235 1
2236 1
2238 1
2239 2
2241 1
2243 3
2244 1
2248 2
2249 1
2250 1
2251 2
2253 1
2254 1
2258 1
2259 1
2260 1
2261 1
2263 1
2266 1
2267 1
2270 1
2271 2
2273 1
2274 3
2275 2
2276 2
2278 3
2280 1
2281 1
2282 1
2284 1
2285 2
2287 1
2288 1
2289 1
2291 1
2294 3
2295 1
2301 1
2305 1
2307 1
2308 1
2309 1
2310 1
2311 1
2314 1
2320 1
2329 1
2337 1
2347 1
2354 1
2360 1
2363 1
2366 1
2372 1
2375 1
2377 1
2389 1
2392 1
2395 1
2396 1
2397 1
2405 1
2407 1
2420 2
2421 1
2425 1
2427 1
2430 2
2431 2
2432 1
2433 2
2434 2
2435 3
2437 2
2438 2
2439 3
2440 1
2441 1
2442 3
2443 2
2444 1
2445 1
2446 3
2447 1
2448 2
2449 1
2450 4
2451 4
2452 3
2453 1
2454 3
2455 1
2456 2
2457 3
2458 1
2459 1
2460 3
2461 5
2462 3
2463 1
2464 5
2465 6
2466 2
2467 5
2468 3
2469 5
2470 5
2471 6
2472 2
2473 3
2474 4
2475 4
2476 7
2477 2
2478 6
2479 4
2480 3
2481 4
2482 2
2483 2
2484 1
2485 6
2486 3
2487 3
2488 3
2489 2
2490 3
2491 1
2493 4
2494 1
2495 5
2496 2
2497 1
2498 2
2499 3
2500 2
2502 2
2503 4
2504 3
2505 3
2506 2
2507 3
2510 1
2511 2
2512 3
2513 4
2514 2
2515 2
2517 2
2518 1
2520 1
2524 3
2525 1
2526 2
2528 2
2529 2
2530 3
2533 1
2535 1
2536 1
2537 1
2538 1
2539 1
2541 2
2542 2
2543 1
2545 2
2546 1
2547 2
2548 1
2550 1
2551 2
2552 2
2553 1
2554 3
2555 1
2556 1
2557 2
2558 2
2559 1
2561 1
2565 1
2567 2
2571 1
2575 2
2576 1
2578 2
2582 1
2584 1
2589 1
2607 1
2609 1
2623 1
2632 1
2635 1
2636 1
2637 1
2643 1
2645 2
2676 1
2677 1
2689 1
2695 1
2698 1
2699 1
2700 1
2701 1
2704 1
2706 1
2707 1
2708 1
2712 2
2713 1
2714 1
2715 1
2716 1
2717 2
2719 1
2720 1
2721 1
2723 3
2727 1
2728 1
2731 2
2736 1
2737 3
2738 1
2739 3
2740 1
2743 2
2744 2
2745 2
2746 2
2748 5
2750 3
2751 1
2752 1
2753 1
2754 1
2755 1
2756 2
2757 1
2760 1
2761 1
2762 1
2765 1
2767 1
2768 2
2769 1
2770 2
2771 1
2772 2
2773 2
2774 4
2778 2
2779 2
2780 1
2781 2
2782 1
2784 2
2785 4
2787 4
2789 2
2790 2
2791 1
2792 2
2793 1
2794 3
2795 2
2797 3
2798 1
2799 3
2802 1
2804 1
2805 1
2807 3
2813 2
2814 1
2817 1
2818 1
2826 1
2831 1
2835 1
2845 1
2887 1
2958 1
2961 1
2963 1
2971 1
2979 1
2981 1
3001 1
3003 1
3004 1
3184 1
3188 1
3189 1
3191 1
3192 1
3194 1
3196 1
3201 1
3202 1
3205 1
3211 1
3217 1
3226 1
3235 1
3239 1
3240 1
3246 2
3248 1
3255 1
3268 1
3271 1
3273 2
3275 1
3276 1
3277 1
3281 1
3287 1
3288 1
3289 1
3291 1
3294 1
3295 1
3297 3
3298 1
3299 1
3302 2
3303 1
3305 1
3308 2
3310 1
3311 1
3312 1
3313 3
3315 1
3316 1
3319 1
3322 1
3327 1
3329 1
3331 1
3334 1
3338 1
3339 1
3364 1
3369 1
3370 1
3373 1
3407 1
3439 2
3443 1
3444 1
3446 1
3454 2
3491 1
3547 1
3553 1
3560 1
3890 1
3891 2
3974 1
3980 1
3982 1
4044 1
4067 1
4085 1
4110 1
4117 1
4120 1
4124 1
4135 1
4137 1
4150 1
4154 1
4160 1
4171 1
4189 2
4196 1
4202 1
4205 1
4206 1
4212 1
4213 1
4331 1
4338 1
4348 1
4867 1
4894 1
4896 1
4897 1
4900 2
4936 1
4981 1
5007 1
5113 1
5126 1
5155 1
5175 1
5203 1
5204 2
5210 1
5211 2
5215 1
5216 1
5218 2
5219 1
5220 1
5223 1
5225 1
5227 1
5228 1
5230 1
5231 1
5234 1
5235 1
5236 1
5242 1
5245 3
5246 1
5799 1
5854 1
5901 1
5902 1
5910 1
6675 1
6694 1
6696 1
7515 1
7543 1
8283 1
8298 1
10001 10
