1 17185714
2 12837416
3 9211155
4 7044715
5 5758679
6 4915999
7 4188401
8 3514969
9 2883233
10 2350716
11 1927504
12 1624718
13 1426239
14 1286532
15 1175720
16 1066488
17 953234
18 830364
19 707410
20 586241
21 479527
22 386123
23 312228
24 263296
25 228174
26 210188
27 205173
28 205988
29 216514
30 232184
31 252202
32 276142
33 299005
34 323261
35 349019
36 373514
37 394919
38 416397
39 431969
40 446555
41 455719
42 465419
43 468464
44 471326
45 476792
46 480349
47 482150
48 485924
49 489045
50 491138
51 491026
52 490181
53 485737
54 478181
55 470193
56 455525
57 436866
58 419004
59 396514
60 372860
61 350000
62 324578
63 304352
64 286653
65 272059
66 260154
67 250489
68 245194
69 241935
70 241014
71 242540
72 244291
73 246411
74 247610
75 247498
76 246162
77 243832
78 238046
79 231155
80 221425
81 210532
82 198389
83 184941
84 169640
85 154743
86 139340
87 124547
88 109729
89 96684
90 83974
91 73532
92 63497
93 56154
94 50549
95 46318
96 43717
97 42747
98 42908
99 44350
100 47772
101 52925
102 59729
103 67392
104 76295
105 86956
106 99548
107 111781
108 126107
109 141396
110 157058
111 173883
112 190035
113 206527
114 225140
115 241468
116 259946
117 277995
118 295506
119 311123
120 325931
121 340576
122 352229
123 365364
124 375119
125 383967
126 390136
127 398715
128 402633
129 405384
130 407409
131 408870
132 406170
133 406213
134 401907
135 397143
136 391862
137 385297
138 378598
139 370435
140 361067
141 352108
142 341626
143 331117
144 322233
145 311566
146 299704
147 289711
148 277417
149 267114
150 255053
151 242011
152 230374
153 218763
154 206701
155 195256
156 184902
157 172676
158 160912
159 149968
160 139492
161 129779
162 119305
163 110106
164 100460
165 92329
166 83013
167 75528
168 67710
169 61353
170 55185
171 49412
172 44296
173 39726
174 35511
175 32282
176 28758
177 25658
178 23592
179 21212
180 19485
181 17875
182 16480
183 15375
184 14030
185 13401
186 12569
187 12175
188 11752
189 11328
190 10791
191 10449
192 10019
193 9874
194 9778
195 9479
196 9370
197 9004
198 8761
199 8429
200 8069
201 7688
202 7281
203 6861
204 6658
205 6217
206 5967
207 5504
208 5169
209 4942
210 4588
211 4292
212 4016
213 3872
214 3527
215 3410
216 3108
217 2999
218 2851
219 2732
220 2770
221 2610
222 2589
223 2503
224 2465
225 2411
226 2326
227 2264
228 2378
229 2443
230 2464
231 2505
232 2461
233 2593
234 2549
235 2607
236 2627
237 2568
238 2652
239 2578
240 2530
241 2428
242 2407
243 2435
244 2419
245 2415
246 2333
247 2347
248 2204
249 2233
250 2232
251 2137
252 2125
253 2081
254 2049
255 1958
256 1891
257 1882
258 1864
259 1836
260 1756
261 1711
262 1755
263 1722
264 1633
265 1675
266 1621
267 1521
268 1609
269 1533
270 1421
271 1349
272 1499
273 1431
274 1425
275 1376
276 1410
277 1346
278 1292
279 1312
280 1280
281 1203
282 1194
283 1249
284 1162
285 1149
286 1138
287 1085
288 1129
289 1086
290 1030
291 1016
292 1027
293 1084
294 1040
295 1012
296 970
297 918
298 979
299 907
300 933
301 855
302 841
303 832
304 812
305 805
306 779
307 753
308 694
309 674
310 651
311 652
312 657
313 663
314 591
315 613
316 572
317 498
318 527
319 546
320 441
321 416
322 430
323 416
324 376
325 384
326 329
327 334
328 331
329 307
330 290
331 299
332 267
333 233
334 223
335 228
336 227
337 204
338 203
339 190
340 202
341 198
342 194
343 178
344 151
345 148
346 161
347 182
348 170
349 143
350 152
351 165
352 130
353 162
354 147
355 134
356 138
357 122
358 179
359 142
360 176
361 148
362 155
363 177
364 160
365 191
366 179
367 170
368 182
369 213
370 180
371 204
372 203
373 229
374 198
375 225
376 218
377 203
378 220
379 180
380 192
381 218
382 223
383 219
384 208
385 203
386 197
387 206
388 217
389 218
390 224
391 218
392 243
393 243
394 246
395 236
396 242
397 234
398 247
399 222
400 240
401 238
402 211
403 221
404 195
405 230
406 204
407 209
408 172
409 170
410 201
411 173
412 158
413 160
414 178
415 166
416 152
417 183
418 196
419 193
420 201
421 182
422 176
423 177
424 170
425 144
426 170
427 141
428 174
429 155
430 202
431 205
432 192
433 199
434 208
435 203
436 186
437 209
438 210
439 204
440 221
441 226
442 231
443 219
444 230
445 208
446 201
447 190
448 173
449 193
450 192
451 186
452 180
453 174
454 173
455 209
456 191
457 185
458 188
459 206
460 184
461 199
462 169
463 190
464 185
465 206
466 194
467 185
468 197
469 234
470 188
471 173
472 185
473 168
474 180
475 155
476 162
477 162
478 187
479 163
480 168
481 192
482 146
483 173
484 170
485 158
486 160
487 172
488 154
489 181
490 174
491 159
492 155
493 173
494 150
495 148
496 143
497 150
498 150
499 148
500 143
501 138
502 141
503 149
504 128
505 122
506 147
507 115
508 140
509 124
510 130
511 100
512 116
513 116
514 107
515 122
516 111
517 123
518 125
519 128
520 129
521 127
522 124
523 91
524 131
525 126
526 101
527 108
528 107
529 111
530 109
531 109
532 118
533 104
534 114
535 93
536 103
537 102
538 101
539 100
540 80
541 78
542 69
543 81
544 72
545 79
546 85
547 75
548 82
549 71
550 72
551 58
552 69
553 56
554 67
555 68
556 47
557 43
558 53
559 50
560 53
561 54
562 56
563 46
564 63
565 69
566 61
567 45
568 45
569 52
570 43
571 32
572 40
573 34
574 53
575 42
576 52
577 37
578 42
579 40
580 36
581 37
582 49
583 50
584 41
585 50
586 46
587 57
588 56
589 51
590 59
591 53
592 39
593 45
594 55
595 48
596 52
597 51
598 51
599 54
600 49
601 64
602 53
603 59
604 65
605 64
606 52
607 68
608 60
609 63
610 52
611 71
612 53
613 91
614 66
615 68
616 85
617 82
618 87
619 93
620 91
621 83
622 76
623 80
624 85
625 86
626 74
627 90
628 82
629 90
630 78
631 78
632 78
633 71
634 87
635 79
636 57
637 92
638 76
639 73
640 72
641 85
642 76
643 81
644 84
645 72
646 86
647 70
648 72
649 95
650 71
651 103
652 82
653 70
654 87
655 93
656 65
657 81
658 80
659 81
660 97
661 83
662 77
663 82
664 88
665 88
666 88
667 100
668 89
669 106
670 101
671 90
672 92
673 67
674 80
675 94
676 87
677 83
678 69
679 74
680 65
681 63
682 65
683 70
684 96
685 77
686 80
687 64
688 86
689 79
690 81
691 75
692 63
693 84
694 74
695 74
696 73
697 52
698 60
699 49
700 50
701 61
702 39
703 54
704 51
705 55
706 41
707 45
708 43
709 37
710 50
711 52
712 47
713 41
714 36
715 31
716 36
717 28
718 24
719 40
720 37
721 32
722 34
723 29
724 39
725 33
726 31
727 24
728 27
729 25
730 37
731 22
732 23
733 27
734 29
735 26
736 25
737 18
738 19
739 19
740 20
741 24
742 25
743 15
744 23
745 20
746 27
747 23
748 23
749 19
750 18
751 26
752 13
753 9
754 12
755 16
756 8
757 11
758 13
759 9
760 17
761 14
762 24
763 18
764 16
765 16
766 12
767 27
768 13
769 21
770 23
771 19
772 21
773 19
774 16
775 16
776 22
777 20
778 22
779 25
780 18
781 23
782 25
783 26
784 17
785 20
786 23
787 21
788 24
789 27
790 20
791 21
792 14
793 18
794 20
795 16
796 20
797 19
798 15
799 15
800 28
801 21
802 27
803 13
804 14
805 16
806 27
807 19
808 20
809 20
810 23
811 18
812 25
813 21
814 15
815 13
816 16
817 21
818 25
819 21
820 16
821 29
822 27
823 21
824 29
825 13
826 10
827 23
828 17
829 24
830 20
831 13
832 13
833 18
834 18
835 12
836 15
837 19
838 14
839 21
840 11
841 15
842 22
843 9
844 16
845 22
846 17
847 11
848 13
849 16
850 19
851 19
852 17
853 18
854 19
855 21
856 12
857 21
858 13
859 23
860 19
861 26
862 15
863 18
864 19
865 13
866 22
867 24
868 13
869 13
870 11
871 20
872 21
873 18
874 17
875 17
876 16
877 10
878 18
879 17
880 23
881 12
882 16
883 22
884 22
885 22
886 13
887 21
888 17
889 13
890 20
891 16
892 14
893 17
894 13
895 17
896 15
897 12
898 15
899 8
900 14
901 14
902 9
903 20
904 14
905 23
906 16
907 15
908 18
909 20
910 8
911 13
912 13
913 15
914 17
915 19
916 23
917 24
918 24
919 15
920 25
921 15
922 22
923 19
924 17
925 22
926 21
927 11
928 18
929 13
930 20
931 15
932 8
933 15
934 12
935 17
936 11
937 15
938 13
939 19
940 9
941 16
942 13
943 12
944 13
945 11
946 8
947 8
948 7
949 7
950 14
951 9
952 11
953 12
954 7
955 19
956 17
957 15
958 11
959 16
960 12
961 16
962 15
963 17
964 12
965 14
966 18
967 23
968 23
969 15
970 10
971 26
972 21
973 17
974 10
975 14
976 18
977 13
978 9
979 13
980 20
981 14
982 15
983 11
984 13
985 10
986 13
987 14
988 14
989 6
990 9
991 7
992 15
993 11
994 6
995 11
996 11
997 8
998 6
999 10
1000 12
1001 23
1002 9
1003 18
1004 12
1005 13
1006 20
1007 18
1008 23
1009 11
1010 14
1011 23
1012 14
1013 14
1014 12
1015 16
1016 15
1017 19
1018 19
1019 8
1020 10
1021 10
1022 11
1023 10
1024 8
1025 7
1026 11
1027 12
1028 7
1029 6
1030 4
1031 7
1032 11
1033 6
1034 4
1035 13
1036 14
1037 9
1038 6
1039 7
1040 6
1041 10
1042 4
1043 3
1044 9
1045 3
1046 7
1047 9
1048 2
1049 10
1050 12
1051 6
1052 2
1053 7
1054 10
1055 7
1056 2
1057 8
1058 9
1059 5
1060 4
1061 3
1062 5
1063 10
1064 5
1065 5
1066 11
1067 8
1068 6
1069 4
1070 5
1071 11
1072 8
1073 7
1074 2
1075 6
1076 5
1077 7
1078 7
1079 3
1080 2
1081 5
1082 2
1083 3
1084 6
1085 5
1086 4
1087 5
1088 4
1089 2
1090 2
1091 5
1092 2
1093 5
1094 5
1095 4
1096 2
1097 5
1098 2
1099 10
1100 4
1101 5
1102 5
1103 4
1104 5
1105 7
1106 3
1107 8
1108 10
1109 5
1110 4
1111 10
1112 4
1113 3
1114 9
1115 7
1116 2
1117 2
1118 6
1119 3
1120 4
1121 4
1122 4
1123 3
1124 6
1125 5
1126 3
1127 2
1128 2
1129 5
1130 1
1131 2
1132 5
1133 5
1134 5
1135 4
1136 4
1137 5
1138 3
1139 4
1140 3
1141 5
1142 3
1143 5
1144 5
1145 4
1146 1
1147 7
1148 4
1149 4
1150 2
1151 1
1153 3
1154 7
1155 9
1156 5
1157 6
1158 2
1159 1
1160 8
1162 6
1163 3
1164 4
1165 3
1166 2
1167 4
1168 5
1169 7
1170 3
1171 4
1172 2
1173 5
1174 5
1175 2
1176 1
1177 2
1178 2
1179 1
1180 5
1181 2
1182 6
1183 3
1184 3
1185 4
1187 1
1188 2
1189 1
1190 1
1191 4
1192 2
1193 2
1194 5
1195 3
1196 4
1197 1
1198 2
1199 1
1200 2
1201 2
1202 5
1204 4
1205 10
1206 3
1207 2
1208 3
1209 2
1210 3
1211 1
1212 5
1213 3
1214 5
1215 2
1216 4
1217 4
1218 1
1219 4
1220 5
1221 4
1222 2
1223 4
1224 1
1225 3
1226 7
1227 7
1228 2
1229 5
1230 3
1231 2
1232 2
1234 3
1235 3
1236 1
1237 2
1238 4
1239 4
1241 1
1242 2
1243 2
1245 2
1246 1
1247 4
1248 4
1249 2
1250 1
1252 1
1253 2
1254 2
1255 1
1256 2
1257 2
1258 1
1259 2
1260 5
1261 4
1262 2
1263 3
1264 1
1265 6
1266 1
1267 5
1268 4
1269 5
1270 3
1271 2
1272 5
1273 6
1274 2
1275 2
1276 2
1277 1
1278 8
1279 4
1281 5
1282 2
1284 2
1285 3
1286 4
1288 1
1292 2
1294 3
1295 2
1296 4
1297 5
1298 4
1299 4
1300 1
1301 1
1302 1
1303 4
1304 2
1305 4
1306 3
1307 3
1308 4
1309 1
1310 2
1311 3
1312 5
1314 1
1316 1
1317 2
1318 1
1319 1
1320 3
1321 5
1322 1
1323 3
1324 8
1325 2
1326 4
1327 1
1328 4
1329 1
1330 3
1331 6
1332 2
1333 8
1334 4
1335 3
1336 5
1337 4
1338 3
1339 4
1340 1
1341 1
1342 2
1343 3
1344 4
1345 3
1346 1
1347 3
1348 3
1349 2
1350 2
1351 2
1352 1
1353 1
1354 1
1355 7
1356 1
1357 1
1358 4
1359 2
1360 4
1361 3
1362 1
1363 3
1364 2
1365 1
1366 4
1367 5
1368 4
1369 2
1370 3
1371 2
1372 2
1373 4
1374 3
1375 2
1376 5
1377 3
1378 1
1379 4
1380 9
1381 3
1382 1
1383 4
1384 6
1385 4
1386 5
1387 1
1388 3
1389 6
1390 2
1391 1
1392 3
1393 3
1394 4
1395 5
1396 3
1397 2
1398 2
1399 5
1400 3
1401 4
1402 6
1403 5
1404 3
1405 3
1406 5
1407 3
1408 3
1409 3
1410 6
1411 2
1412 6
1413 4
1414 6
1415 2
1416 1
1417 6
1418 5
1419 5
1420 1
1421 3
1422 7
1423 8
1424 6
1425 7
1426 4
1427 6
1428 6
1429 3
1430 5
1431 4
1432 3
1433 5
1434 1
1435 3
1436 6
1437 3
1438 1
1439 4
1440 5
1441 5
1442 2
1443 6
1444 5
1445 6
1446 1
1447 1
1448 4
1449 5
1450 7
1451 2
1452 5
1453 6
1454 10
1455 1
1456 6
1457 5
1458 2
1459 4
1460 5
1461 11
1462 3
1463 11
1464 1
1465 6
1466 2
1467 5
1468 4
1469 6
1470 7
1471 9
1472 6
1473 4
1474 7
1475 8
1476 8
1477 4
1478 7
1479 8
1480 7
1481 5
1482 7
1483 8
1484 4
1485 4
1486 4
1487 2
1488 2
1489 4
1490 4
1491 4
1492 2
1493 5
1494 3
1496 2
1497 4
1498 1
1499 2
1500 2
1501 3
1502 2
1503 6
1505 2
1506 4
1507 4
1508 2
1509 2
1511 1
1512 2
1513 3
1514 4
1515 3
1516 3
1517 5
1519 10
1520 3
1521 4
1522 4
1523 7
1524 3
1525 3
1526 2
1527 1
1528 3
1529 2
1530 1
1531 1
1532 3
1533 4
1534 2
1535 4
1536 2
1537 1
1543 1
1546 1
1547 1
1549 1
1552 2
1553 1
1554 1
1556 1
1557 1
1558 1
1561 1
1562 2
1563 1
1564 2
1565 4
1566 2
1567 1
1568 3
1570 2
1571 2
1572 1
1573 1
1574 1
1575 2
1576 4
1577 1
1578 2
1579 3
1580 3
1582 8
1583 2
1584 4
1585 5
1586 2
1587 2
1588 2
1589 2
1590 3
1591 5
1592 4
1593 9
1594 2
1595 3
1596 5
1597 5
1598 2
1599 2
1600 6
1601 5
1602 2
1603 2
1604 1
1605 4
1606 3
1607 3
1609 2
1610 1
1611 5
1612 3
1613 2
1614 2
1615 1
1616 3
1617 3
1618 3
1619 1
1620 2
1621 1
1622 3
1623 3
1624 5
1625 4
1626 5
1627 5
1629 4
1630 3
1632 2
1633 2
1634 4
1635 1
1636 1
1637 1
1638 3
1639 4
1640 2
1641 2
1643 4
1644 5
1645 5
1646 3
1647 2
1648 4
1649 2
1650 8
1651 4
1652 3
1653 4
1654 4
1655 3
1656 2
1657 5
1658 2
1659 3
1660 4
1661 5
1662 4
1663 1
1664 6
1665 4
1666 2
1667 2
1668 7
1669 7
1670 3
1671 6
1672 6
1673 8
1674 6
1675 5
1676 10
1677 6
1678 5
1679 10
1680 7
1681 7
1682 3
1683 4
1684 4
1685 6
1686 11
1687 5
1688 7
1689 8
1690 7
1691 10
1692 4
1693 4
1694 10
1695 13
1696 3
1697 3
1698 4
1699 6
1700 7
1701 6
1702 6
1703 7
1704 8
1705 2
1706 5
1707 8
1708 5
1709 4
1710 3
1711 8
1712 5
1713 7
1714 8
1715 7
1716 6
1717 3
1718 1
1719 6
1720 3
1721 7
1722 3
1723 2
1724 4
1725 4
1726 2
1727 2
1728 3
1729 3
1730 2
1731 5
1732 2
1733 2
1734 3
1735 2
1737 3
1738 2
1739 4
1740 2
1741 3
1742 1
1743 5
1744 3
1745 5
1746 7
1747 6
1748 4
1749 4
1750 6
1751 3
1752 1
1753 3
1754 4
1755 4
1756 1
1757 7
1758 1
1759 4
1760 1
1761 1
1762 3
1763 6
1764 6
1765 3
1766 5
1767 5
1768 4
1769 3
1770 4
1771 3
1772 7
1773 4
1774 7
1775 1
1776 4
1777 5
1778 3
1779 7
1780 2
1781 4
1782 7
1783 6
1784 6
1785 5
1786 8
1787 7
1788 8
1789 9
1790 11
1791 8
1792 4
1793 8
1794 7
1795 8
1796 9
1797 9
1798 6
1799 11
1800 5
1801 5
1802 6
1803 5
1804 4
1805 8
1806 3
1807 1
1808 1
1809 10
1810 4
1811 6
1812 4
1813 11
1814 3
1815 7
1816 5
1817 6
1818 6
1819 2
1820 4
1821 5
1822 7
1823 2
1824 11
1825 1
1826 6
1827 3
1828 4
1829 13
1830 4
1831 8
1832 10
1833 5
1834 1
1835 5
1836 7
1837 3
1838 1
1839 6
1840 5
1841 5
1842 1
1843 1
1844 6
1845 2
1847 1
1848 1
1850 5
1852 1
1853 1
1854 1
1855 1
1856 3
1859 3
1860 2
1861 2
1862 4
1863 2
1864 1
1865 2
1867 2
1868 2
1870 2
1872 5
1873 2
1874 3
1875 5
1876 4
1877 1
1878 4
1879 1
1880 1
1881 2
1883 1
1885 3
1886 1
1887 2
1888 1
1889 1
1891 1
1892 1
1894 5
1896 5
1898 2
1901 4
1902 1
1903 2
1904 1
1905 1
1908 1
1909 1
1912 2
1913 1
1915 1
1916 2
1918 1
1921 3
1922 1
1923 2
1924 2
1925 1
1926 2
1927 1
1928 2
1929 1
1930 1
1931 4
1932 1
1933 1
1935 2
1936 2
1937 1
1938 4
1939 2
1945 1
1946 2
1948 1
1949 1
1951 2
1952 4
1953 4
1954 1
1955 1
1956 3
1957 1
1958 1
1959 1
1960 1
1961 1
1963 1
1967 1
1969 1
1970 1
1974 2
1976 1
1977 1
1978 1
1979 1
1981 1
1982 1
1983 2
1985 4
1989 6
1990 1
1991 1
1993 1
1995 6
1996 1
1997 4
1998 2
1999 1
2001 5
2002 1
2003 2
2004 5
2005 3
2006 2
2007 7
2008 2
2009 4
2010 2
2011 2
2012 3
2013 2
2014 4
2015 1
2016 2
2018 5
2019 1
2020 2
2021 4
2022 4
2023 3
2024 1
2025 1
2026 3
2027 1
2029 1
2030 2
2031 1
2032 3
2035 2
2036 2
2037 2
2038 1
2039 1
2042 1
2043 3
2044 1
2047 1
2048 1
2049 1
2050 2
2051 1
2052 1
2054 2
2058 1
2062 2
2065 1
2068 1
2071 1
2073 1
2076 1
2079 2
2081 1
2084 2
2085 2
2088 2
2089 1
2091 1
2108 1
2109 1
2110 1
2119 1
2121 1
2128 1
2134 1
2135 3
2136 2
2137 1
2138 1
2139 1
2141 1
2142 1
2144 1
2145 2
2147 1
2148 1
2173 1
2174 1
2175 1
2176 1
2177 1
2178 1
2180 2
2181 1
2182 1
2183 3
2184 3
2185 1
2186 2
2187 1
2188 1
2189 1
2190 2
2191 1
2192 2
2193 2
2196 1
2198 1
2202 1
2208 1
2214 1
2216 2
2217 1
2226 1
2228 1
2231 1
2233 1
2247 1
2281 1
2289 1
2291 1
2296 1
2297 1
2298 1
2304 1
2309 1
2310 1
2312 2
2314 1
2319 1
2328 2
2330 2
2333 2
2335 2
2336 1
2339 1
2340 1
2342 1
2344 1
2349 1
2350 1
2358 2
2370 1
2371 1
2374 1
2375 1
2380 1
2382 1
2385 3
2386 2
2388 1
2389 1
2390 1
2391 2
2394 1
2396 1
2398 1
2399 1
2401 1
2405 1
2413 1
2415 1
2429 1
2436 1
2437 2
2441 1
2442 1
2445 2
2447 1
2451 2
2478 1
2483 1
2488 1
2489 1
2492 1
2496 1
2500 1
2503 1
2505 1
2506 1
2507 1
2515 1
2517 1
2542 1
2547 2
2561 1
2564 1
2574 1
2576 1
2579 1
2583 1
2585 1
2587 2
2588 1
2589 1
2605 1
2615 1
2623 1
2629 1
2636 1
2639 1
2640 1
2642 1
2645 1
2646 1
2649 1
2656 1
2662 1
2666 1
2668 1
2671 1
2672 1
2674 2
2675 1
2691 1
2692 2
2693 2
2697 1
2701 1
2702 1
2703 1
2708 1
2720 1
2744 1
2790 1
2839 1
2900 1
2901 1
2902 1
2903 2
2918 1
2920 1
2929 1
3027 1
3051 1
3062 1
3070 1
3078 1
3097 1
3129 1
3134 1
3136 1
3138 1
3156 1
3220 1
3224 2
3234 1
3240 1
3248 1
3273 1
3295 1
3296 2
3300 1
3311 1
3336 1
3363 1
3385 2
3401 1
3464 1
3468 1
3470 1
3473 1
3474 1
3478 1
3481 1
3482 1
3486 1
3528 1
3548 1
3560 1
3568 1
3694 1
3699 1
3706 1
3709 1
3723 1
3733 1
3736 1
3745 1
3746 1
3757 1
3834 1
3852 1
3859 1
3867 1
3874 1
3878 1
3895 1
4000 1
4004 1
4006 1
4028 1
4031 1
4032 2
4034 2
4035 2
4036 1
4039 1
4104 1
4107 1
4111 1
4118 1
4132 1
4147 1
4150 1
4151 1
4157 1
4158 1
4163 1
4168 1
4173 1
4174 2
4178 1
4186 1
4197 1
4206 1
4219 1
4227 1
4233 1
4235 1
4236 1
4239 1
4240 2
4242 1
4243 1
4244 1
4245 1
4246 1
4248 2
4249 1
4251 1
4253 1
4291 1
4352 1
4388 1
4400 1
4436 1
4438 1
4440 1
4446 1
4482 1
4551 1
4562 1
4569 1
4629 1
4907 1
5002 1
5042 1
5051 1
5052 1
5053 1
5131 1
5138 1
5176 1
5181 1
5183 1
5185 1
5197 1
5201 2
5206 1
5207 1
5209 1
5218 1
5319 1
5348 1
5353 1
5356 1
5365 1
5368 1
5480 1
5493 1
5501 1
5521 1
5532 1
6010 1
6022 1
6032 2
6034 1
6041 1
6043 1
6047 1
6048 1
6050 1
6058 1
6059 1
6072 2
6074 1
6075 1
6078 1
6198 1
6258 1
8733 1
8777 1
9504 1
9832 1
9896 1
10001 12
