1 23410880
2 9902889
3 5142890
4 3461353
5 2915534
6 2722425
7 2550959
8 2317749
9 2051829
10 1809881
11 1615194
12 1507582
13 1467581
14 1498539
15 1546142
16 1596745
17 1616825
18 1590812
19 1516287
20 1398896
21 1244737
22 1067830
23 880867
24 706207
25 551467
26 415482
27 306657
28 223410
29 162014
30 114429
31 81665
32 58859
33 42690
34 31678
35 24452
36 18899
37 15338
38 12405
39 10674
40 8828
41 7463
42 6235
43 5347
44 4767
45 4202
46 3772
47 3248
48 2849
49 2624
50 2221
51 2041
52 1917
53 1756
54 1755
55 1678
56 1578
57 1438
58 1480
59 1384
60 1386
61 1376
62 1263
63 1196
64 1102
65 1044
66 924
67 916
68 958
69 890
70 885
71 848
72 755
73 749
74 692
75 682
76 629
77 637
78 641
79 679
80 632
81 607
82 530
83 545
84 530
85 526
86 557
87 524
88 456
89 477
90 416
91 389
92 395
93 374
94 353
95 337
96 338
97 272
98 265
99 274
100 283
101 280
102 249
103 217
104 233
105 229
106 219
107 189
108 201
109 204
110 178
111 147
112 167
113 161
114 154
115 134
116 147
117 131
118 138
119 140
120 123
121 130
122 108
123 117
124 118
125 127
126 125
127 114
128 117
129 117
130 143
131 137
132 137
133 114
134 91
135 94
136 74
137 87
138 98
139 110
140 78
141 81
142 77
143 65
144 46
145 70
146 53
147 50
148 39
149 44
150 54
151 37
152 31
153 31
154 43
155 35
156 40
157 37
158 36
159 37
160 40
161 37
162 27
163 26
164 25
165 24
166 22
167 25
168 21
169 17
170 23
171 14
172 23
173 20
174 17
175 16
176 17
177 25
178 28
179 26
180 22
181 17
182 22
183 21
184 24
185 25
186 18
187 18
188 36
189 31
190 23
191 22
192 27
193 18
194 32
195 30
196 27
197 21
198 10
199 19
200 12
201 20
202 11
203 13
204 10
205 11
206 21
207 18
208 28
209 31
210 20
211 28
212 29
213 19
214 24
215 20
216 25
217 17
218 28
219 23
220 19
221 19
222 29
223 39
224 33
225 28
226 41
227 35
228 21
229 32
230 29
231 35
232 31
233 39
234 22
235 26
236 23
237 34
238 37
239 27
240 37
241 30
242 20
243 29
244 24
245 36
246 35
247 27
248 25
249 26
250 26
251 20
252 28
253 26
254 23
255 16
256 19
257 23
258 11
259 13
260 11
261 16
262 21
263 11
264 12
265 9
266 3
267 15
268 12
269 15
270 9
271 12
272 6
273 18
274 8
275 10
276 6
277 12
278 11
279 10
280 7
281 4
282 7
283 9
284 3
285 5
286 4
287 3
289 3
290 4
291 1
292 7
293 7
294 4
295 7
296 1
297 2
299 8
300 7
301 3
302 9
303 5
304 5
305 3
306 14
307 3
308 16
309 5
310 10
311 5
312 3
313 2
314 2
315 3
316 4
317 2
318 2
319 1
320 4
321 3
322 1
323 2
325 1
326 1
327 3
329 1
330 1
333 1
334 2
335 1
337 1
338 2
339 2
341 1
342 1
343 1
344 1
345 2
348 1
349 4
350 3
351 3
352 1
353 1
354 3
355 3
356 2
357 2
359 2
360 2
362 1
363 2
369 2
370 2
371 1
372 1
373 5
374 2
375 1
376 1
377 2
378 2
379 1
381 6
382 1
383 1
384 2
385 2
386 4
387 3
388 1
389 2
390 2
391 1
392 1
393 2
396 3
397 1
399 2
400 3
401 1
402 1
405 1
406 2
414 2
415 1
417 2
418 1
419 1
420 2
422 1
423 1
427 1
429 1
434 1
435 2
439 2
440 1
441 1
442 1
443 1
444 2
446 1
447 1
448 1
449 2
451 2
453 1
455 1
464 1
471 1
473 1
476 1
477 1
483 1
508 2
509 1
510 1
511 3
512 1
514 1
515 2
516 1
517 1
523 1
524 2
526 1
527 3
528 2
529 2
530 1
531 2
532 2
536 2
537 2
538 1
539 1
540 2
544 1
546 1
547 2
554 1
558 1
559 1
562 3
563 1
564 1
565 1
566 3
567 1
568 2
569 1
570 1
571 2
572 1
574 1
576 1
578 1
579 1
586 1
596 1
598 1
601 1
606 1
610 2
613 1
621 1
624 1
625 1
629 1
632 2
633 2
656 1
657 1
658 1
659 1
662 1
691 2
692 1
693 2
700 2
703 1
704 1
705 1
708 1
710 1
712 1
714 2
715 1
718 1
733 1
735 1
740 1
766 2
768 1
769 1
773 2
774 1
775 1
785 1
864 1
869 3
871 1
872 2
873 1
876 1
877 1
878 1
897 1
1174 1
1180 1
1323 1
1349 1
1395 1
1494 1
1792 1
1808 1
1812 2
1813 3
1814 1
1815 1
1818 1
1823 1
