1 21595037
2 8761204
3 4121164
4 2347256
5 1641806
6 1263429
7 1041801
8 954241
9 969538
10 1035421
11 1125993
12 1192083
13 1217096
14 1202275
15 1164053
16 1112283
17 1048701
18 988649
19 926880
20 858894
21 791053
22 717011
23 642248
24 572680
25 505463
26 441590
27 386973
28 340993
29 305976
30 280335
31 262596
32 252159
33 243707
34 240381
35 239503
36 239809
37 242959
38 245675
39 248470
40 252241
41 256083
42 258987
43 260991
44 262414
45 263373
46 264789
47 263956
48 260953
49 258780
50 257672
51 256058
52 254291
53 253511
54 251189
55 248170
56 244146
57 239433
58 231291
59 223696
60 211124
61 198882
62 184522
63 170186
64 155582
65 138610
66 122853
67 107530
68 92930
69 78272
70 65844
71 54550
72 44814
73 35979
74 28664
75 22629
76 17640
77 14078
78 10822
79 8498
80 6622
81 5102
82 3959
83 3338
84 2928
85 2533
86 2071
87 1950
88 1626
89 1668
90 1529
91 1393
92 1399
93 1411
94 1270
95 1191
96 1165
97 1147
98 1186
99 1138
100 977
101 954
102 896
103 846
104 827
105 797
106 780
107 834
108 795
109 792
110 760
111 779
112 775
113 785
114 775
115 763
116 782
117 737
118 745
119 785
120 759
121 780
122 764
123 729
124 811
125 702
126 678
127 689
128 638
129 639
130 571
131 556
132 532
133 513
134 522
135 523
136 485
137 392
138 350
139 346
140 328
141 355
142 357
143 319
144 327
145 299
146 284
147 261
148 264
149 260
150 242
151 248
152 255
153 235
154 262
155 237
156 215
157 247
158 221
159 253
160 258
161 219
162 240
163 254
164 225
165 254
166 259
167 259
168 282
169 276
170 263
171 298
172 293
173 330
174 288
175 339
176 317
177 332
178 302
179 338
180 307
181 315
182 290
183 301
184 272
185 245
186 233
187 268
188 246
189 235
190 222
191 232
192 239
193 203
194 187
195 214
196 182
197 201
198 166
199 178
200 201
201 165
202 164
203 143
204 151
205 129
206 135
207 122
208 102
209 133
210 99
211 97
212 91
213 96
214 84
215 91
216 91
217 78
218 80
219 79
220 77
221 84
222 86
223 87
224 91
225 100
226 80
227 104
228 96
229 86
230 87
231 83
232 64
233 63
234 67
235 53
236 69
237 52
238 52
239 61
240 51
241 54
242 68
243 58
244 79
245 74
246 72
247 101
248 71
249 94
250 98
251 118
252 131
253 141
254 164
255 183
256 244
257 277
258 355
259 350
260 487
261 524
262 609
263 765
264 929
265 997
266 1228
267 1435
268 1676
269 1964
270 2146
271 2639
272 2915
273 3407
274 3843
275 4467
276 4929
277 5666
278 6381
279 7060
280 7972
281 8905
282 9903
283 11052
284 12200
285 13357
286 15034
287 16316
288 18020
289 19612
290 21488
291 23337
292 24995
293 26779
294 29302
295 31156
296 32998
297 35350
298 38018
299 39939
300 42038
301 44717
302 46886
303 49768
304 52419
305 54082
306 56488
307 59066
308 61177
309 63748
310 66297
311 68244
312 70281
313 72191
314 74849
315 76399
316 78586
317 80971
318 82256
319 84116
320 85675
321 87752
322 89060
323 91181
324 91673
325 92646
326 93858
327 95284
328 95396
329 96727
330 96440
331 97182
332 96712
333 97158
334 96800
335 96499
336 96062
337 94890
338 94432
339 93751
340 92578
341 92466
342 91006
343 89661
344 88119
345 86194
346 84312
347 82482
348 80685
349 77628
350 75565
351 73070
352 70299
353 67414
354 65126
355 62107
356 59770
357 56891
358 53910
359 51392
360 48615
361 45717
362 42550
363 40539
364 38149
365 35112
366 33123
367 30758
368 28433
369 26686
370 24356
371 22224
372 20470
373 18857
374 17082
375 15617
376 14418
377 13072
378 11733
379 10581
380 9429
381 8455
382 7444
383 6628
384 6048
385 5299
386 4877
387 4125
388 3699
389 3259
390 2894
391 2442
392 2136
393 1866
394 1576
395 1346
396 1168
397 968
398 865
399 754
400 660
401 527
402 457
403 372
404 314
405 294
406 281
407 229
408 201
409 171
410 148
411 138
412 147
413 108
414 103
415 90
416 73
417 70
418 44
419 69
420 61
421 75
422 61
423 53
424 50
425 52
426 59
427 39
428 42
429 48
430 38
431 34
432 56
433 46
434 42
435 46
436 41
437 44
438 27
439 34
440 35
441 41
442 31
443 40
444 37
445 32
446 29
447 37
448 54
449 43
450 37
451 27
452 50
453 48
454 49
455 58
456 54
457 56
458 53
459 60
460 59
461 48
462 50
463 53
464 42
465 44
466 52
467 37
468 38
469 41
470 41
471 37
472 38
473 29
474 31
475 24
476 23
477 22
478 14
479 13
480 20
481 23
482 25
483 17
484 19
485 21
486 14
487 11
488 20
489 19
490 19
491 13
492 9
493 16
494 12
495 20
496 17
497 9
498 18
499 16
500 16
501 15
502 9
503 7
504 8
505 4
506 8
507 10
508 16
509 14
510 11
511 22
512 19
513 15
514 21
515 19
516 17
517 13
518 17
519 17
520 17
521 14
522 22
523 25
524 19
525 26
526 21
527 30
528 31
529 19
530 15
531 23
532 14
533 10
534 17
535 13
536 6
537 11
538 4
539 7
540 6
541 7
542 5
543 7
544 3
545 8
546 8
547 6
548 10
549 11
550 10
551 5
552 11
553 11
554 7
555 14
556 7
557 8
558 11
559 12
560 10
561 7
562 12
563 8
564 10
565 7
566 14
567 20
568 15
569 21
570 26
571 15
572 24
573 27
574 33
575 25
576 43
577 32
578 40
579 39
580 47
581 45
582 59
583 64
584 61
585 70
586 65
587 77
588 68
589 73
590 94
591 100
592 87
593 118
594 120
595 105
596 115
597 121
598 160
599 176
600 163
601 154
602 161
603 190
604 181
605 170
606 195
607 193
608 211
609 220
610 233
611 238
612 214
613 263
614 218
615 205
616 209
617 220
618 214
619 229
620 232
621 230
622 225
623 269
624 257
625 233
626 263
627 257
628 242
629 276
630 264
631 278
632 263
633 318
634 284
635 328
636 292
637 295
638 297
639 286
640 324
641 330
642 299
643 287
644 329
645 327
646 299
647 304
648 278
649 281
650 291
651 289
652 270
653 287
654 242
655 274
656 307
657 297
658 256
659 282
660 247
661 246
662 286
663 256
664 240
665 266
666 265
667 281
668 286
669 269
670 284
671 275
672 302
673 283
674 298
675 294
676 292
677 281
678 330
679 327
680 348
681 327
682 313
683 326
684 311
685 301
686 321
687 302
688 303
689 324
690 334
691 320
692 286
693 249
694 290
695 278
696 265
697 257
698 257
699 220
700 236
701 197
702 210
703 193
704 171
705 186
706 184
707 167
708 168
709 153
710 154
711 121
712 163
713 146
714 113
715 108
716 114
717 98
718 90
719 99
720 87
721 77
722 101
723 83
724 80
725 61
726 57
727 61
728 68
729 40
730 57
731 50
732 50
733 32
734 28
735 54
736 31
737 31
738 41
739 42
740 40
741 33
742 21
743 25
744 27
745 29
746 28
747 34
748 24
749 18
750 21
751 22
752 13
753 18
754 21
755 17
756 17
757 18
758 11
759 16
760 13
761 15
762 11
763 17
764 17
765 9
766 9
767 7
768 8
769 7
770 10
771 7
772 11
773 14
774 12
775 10
776 12
777 10
778 8
779 14
780 11
781 9
782 11
783 11
784 16
785 12
786 15
787 22
788 10
789 18
790 16
791 8
792 14
793 10
794 14
795 9
796 11
797 11
798 10
799 11
800 5
801 7
802 5
803 10
804 14
805 6
806 11
807 14
808 11
809 13
810 9
811 7
812 10
813 7
814 8
815 10
816 12
817 10
818 5
819 7
820 6
821 10
822 6
823 13
824 14
825 5
826 12
827 10
828 3
829 10
830 8
831 6
832 8
833 12
834 10
835 8
836 9
837 9
838 15
839 13
840 10
841 8
842 9
843 11
844 13
845 17
846 20
847 14
848 13
849 15
850 8
851 9
852 8
853 12
854 14
855 7
856 15
857 11
858 12
859 9
860 12
861 8
862 5
863 7
864 15
865 9
866 9
867 10
868 12
869 7
870 7
871 13
872 9
873 12
874 9
875 15
876 16
877 17
878 20
879 25
880 20
881 28
882 22
883 20
884 27
885 29
886 21
887 40
888 46
889 43
890 42
891 34
892 44
893 34
894 53
895 50
896 51
897 39
898 48
899 54
900 41
901 45
902 54
903 54
904 81
905 68
906 84
907 77
908 69
909 79
910 85
911 72
912 77
913 83
914 93
915 92
916 92
917 100
918 103
919 114
920 107
921 95
922 104
923 123
924 103
925 112
926 149
927 101
928 120
929 130
930 133
931 183
932 135
933 173
934 127
935 156
936 135
937 138
938 149
939 144
940 121
941 155
942 106
943 141
944 133
945 142
946 152
947 131
948 126
949 112
950 133
951 140
952 121
953 124
954 143
955 103
956 129
957 103
958 116
959 106
960 91
961 116
962 116
963 112
964 89
965 105
966 102
967 130
968 104
969 108
970 95
971 99
972 99
973 82
974 94
975 113
976 98
977 77
978 79
979 72
980 71
981 84
982 85
983 57
984 73
985 55
986 62
987 55
988 46
989 57
990 43
991 44
992 56
993 51
994 37
995 49
996 39
997 29
998 47
999 45
1000 48
1001 22
1002 26
1003 37
1004 37
1005 41
1006 27
1007 38
1008 42
1009 47
1010 38
1011 43
1012 21
1013 37
1014 39
1015 25
1016 28
1017 27
1018 32
1019 35
1020 21
1021 25
1022 23
1023 27
1024 25
1025 24
1026 14
1027 29
1028 20
1029 25
1030 23
1031 23
1032 15
1033 30
1034 21
1035 15
1036 27
1037 11
1038 21
1039 30
1040 28
1041 23
1042 24
1043 22
1044 21
1045 25
1046 23
1047 23
1048 29
1049 21
1050 27
1051 27
1052 20
1053 15
1054 21
1055 22
1056 19
1057 23
1058 23
1059 19
1060 18
1061 17
1062 15
1063 15
1064 21
1065 14
1066 15
1067 28
1068 18
1069 16
1070 14
1071 23
1072 19
1073 19
1074 13
1075 18
1076 21
1077 16
1078 20
1079 18
1080 11
1081 7
1082 15
1083 18
1084 26
1085 18
1086 15
1087 19
1088 18
1089 10
1090 18
1091 11
1092 17
1093 10
1094 7
1095 9
1096 12
1097 8
1098 8
1099 12
1100 11
1101 9
1102 5
1103 3
1104 14
1105 5
1106 4
1107 10
1108 5
1109 9
1110 4
1111 7
1112 5
1113 6
1114 5
1115 9
1116 9
1117 4
1118 12
1119 2
1120 9
1121 6
1122 10
1123 3
1124 1
1125 4
1126 2
1127 9
1128 3
1129 2
1130 5
1131 5
1132 2
1133 5
1134 5
1135 3
1136 6
1137 7
1138 1
1139 6
1140 4
1141 3
1142 2
1143 3
1144 2
1146 1
1147 4
1148 1
1149 3
1150 5
1151 1
1152 2
1153 3
1154 1
1155 5
1156 3
1157 4
1158 1
1159 3
1160 2
1161 7
1162 5
1163 2
1164 6
1165 6
1166 5
1167 10
1168 9
1169 5
1170 6
1171 7
1172 3
1173 7
1174 3
1175 6
1176 8
1177 2
1178 8
1179 7
1180 5
1181 10
1182 5
1183 14
1184 7
1185 10
1186 6
1187 10
1188 8
1189 9
1190 15
1191 11
1192 9
1193 8
1194 13
1195 8
1196 6
1197 8
1198 9
1199 12
1200 9
1201 10
1202 11
1203 14
1204 17
1205 25
1206 11
1207 19
1208 24
1209 19
1210 20
1211 18
1212 15
1213 17
1214 21
1215 18
1216 26
1217 26
1218 32
1219 29
1220 32
1221 22
1222 30
1223 24
1224 33
1225 23
1226 28
1227 31
1228 33
1229 31
1230 23
1231 34
1232 30
1233 32
1234 27
1235 28
1236 33
1237 35
1238 31
1239 25
1240 38
1241 32
1242 41
1243 44
1244 25
1245 28
1246 40
1247 36
1248 37
1249 32
1250 30
1251 36
1252 32
1253 29
1254 29
1255 38
1256 25
1257 30
1258 32
1259 38
1260 42
1261 38
1262 31
1263 26
1264 28
1265 31
1266 36
1267 36
1268 36
1269 30
1270 35
1271 33
1272 32
1273 34
1274 30
1275 29
1276 29
1277 36
1278 18
1279 31
1280 30
1281 24
1282 37
1283 26
1284 35
1285 19
1286 31
1287 29
1288 31
1289 24
1290 25
1291 18
1292 21
1293 21
1294 31
1295 17
1296 23
1297 21
1298 31
1299 30
1300 19
1301 17
1302 24
1303 27
1304 18
1305 28
1306 18
1307 16
1308 24
1309 22
1310 19
1311 20
1312 18
1313 18
1314 22
1315 9
1316 25
1317 20
1318 26
1319 24
1320 27
1321 17
1322 15
1323 18
1324 23
1325 21
1326 25
1327 33
1328 28
1329 20
1330 29
1331 37
1332 29
1333 30
1334 31
1335 24
1336 28
1337 32
1338 27
1339 29
1340 27
1341 34
1342 27
1343 25
1344 27
1345 32
1346 31
1347 28
1348 32
1349 36
1350 26
1351 25
1352 25
1353 23
1354 26
1355 20
1356 31
1357 19
1358 27
1359 20
1360 26
1361 24
1362 28
1363 32
1364 26
1365 34
1366 31
1367 31
1368 31
1369 43
1370 37
1371 34
1372 35
1373 35
1374 41
1375 28
1376 29
1377 34
1378 38
1379 32
1380 32
1381 24
1382 34
1383 32
1384 29
1385 22
1386 28
1387 35
1388 47
1389 39
1390 28
1391 36
1392 42
1393 35
1394 30
1395 32
1396 37
1397 30
1398 37
1399 23
1400 22
1401 28
1402 22
1403 16
1404 21
1405 15
1406 17
1407 18
1408 18
1409 16
1410 12
1411 15
1412 20
1413 26
1414 19
1415 16
1416 16
1417 12
1418 15
1419 10
1420 11
1421 7
1422 11
1423 15
1424 8
1425 4
1426 7
1427 14
1428 4
1429 6
1430 7
1431 5
1432 7
1433 5
1434 2
1435 4
1436 2
1437 1
1438 5
1441 1
1442 2
1443 2
1445 1
1447 2
1449 2
1450 2
1451 1
1452 5
1453 4
1454 4
1455 1
1456 3
1457 5
1458 1
1459 4
1460 4
1461 1
1463 1
1464 2
1465 3
1466 1
1467 3
1469 1
1470 3
1471 5
1472 1
1473 1
1474 4
1475 2
1476 3
1477 5
1478 1
1480 3
1481 3
1482 7
1483 4
1484 4
1485 2
1486 8
1487 4
1488 7
1489 5
1490 5
1491 7
1492 10
1493 8
1494 7
1495 5
1496 10
1497 11
1498 8
1499 13
1500 5
1501 11
1502 12
1503 14
1504 11
1505 7
1506 19
1507 9
1508 7
1509 13
1510 8
1511 17
1512 6
1513 14
1514 13
1515 6
1516 13
1517 11
1518 8
1519 15
1520 9
1521 13
1522 14
1523 12
1524 14
1525 10
1526 12
1527 12
1528 10
1529 16
1530 12
1531 10
1532 25
1533 14
1534 18
1535 14
1536 17
1537 23
1538 16
1539 12
1540 21
1541 18
1542 19
1543 22
1544 12
1545 24
1546 8
1547 15
1548 26
1549 22
1550 14
1551 25
1552 33
1553 14
1554 24
1555 17
1556 27
1557 17
1558 24
1559 28
1560 26
1561 22
1562 20
1563 20
1564 21
1565 15
1566 18
1567 20
1568 19
1569 24
1570 15
1571 25
1572 18
1573 18
1574 17
1575 18
1576 21
1577 17
1578 13
1579 15
1580 17
1581 26
1582 18
1583 18
1584 15
1585 28
1586 20
1587 18
1588 16
1589 23
1590 18
1591 22
1592 24
1593 16
1594 14
1595 18
1596 20
1597 19
1598 15
1599 22
1600 14
1601 23
1602 16
1603 16
1604 24
1605 14
1606 12
1607 16
1608 16
1609 14
1610 19
1611 9
1612 16
1613 8
1614 8
1615 8
1616 4
1617 8
1618 8
1619 8
1620 3
1621 12
1622 5
1623 10
1624 6
1625 12
1626 9
1627 7
1628 5
1629 8
1630 12
1631 9
1632 12
1633 9
1634 12
1635 10
1636 12
1637 11
1638 8
1639 4
1640 3
1641 3
1642 3
1643 5
1644 7
1645 6
1646 7
1647 10
1648 6
1649 7
1650 11
1651 6
1652 8
1653 5
1654 5
1655 4
1656 8
1657 6
1658 8
1659 7
1660 5
1661 6
1662 13
1663 10
1664 10
1665 12
1666 7
1667 17
1668 10
1669 12
1670 7
1671 15
1672 14
1673 13
1674 11
1675 13
1676 16
1677 12
1678 11
1679 19
1680 17
1681 25
1682 14
1683 16
1684 14
1685 11
1686 17
1687 18
1688 18
1689 19
1690 22
1691 15
1692 11
1693 21
1694 19
1695 13
1696 19
1697 16
1698 19
1699 13
1700 16
1701 11
1702 9
1703 17
1704 18
1705 12
1706 8
1707 15
1708 16
1709 12
1710 9
1711 15
1712 8
1713 7
1714 7
1715 12
1716 6
1717 11
1718 14
1719 10
1720 13
1721 16
1722 6
1723 10
1724 8
1725 7
1726 8
1727 5
1728 8
1729 8
1730 10
1731 2
1732 5
1733 6
1734 7
1735 5
1736 9
1737 7
1738 4
1739 5
1740 10
1741 5
1742 2
1743 5
1744 4
1745 3
1746 12
1747 7
1748 6
1749 2
1750 1
1751 6
1752 8
1753 3
1754 7
1755 2
1756 10
1757 10
1758 3
1759 9
1760 7
1761 9
1762 10
1763 3
1764 9
1765 11
1766 8
1767 8
1768 8
1769 3
1770 9
1771 4
1772 5
1773 9
1774 4
1775 3
1776 10
1777 4
1778 2
1779 5
1780 9
1781 3
1782 3
1783 6
1784 5
1785 6
1786 8
1787 9
1788 3
1789 4
1790 4
1791 5
1792 7
1793 8
1794 4
1795 10
1796 10
1797 8
1798 9
1799 8
1800 12
1801 10
1802 9
1803 8
1804 10
1805 10
1806 11
1807 10
1808 13
1809 12
1810 9
1811 9
1812 11
1813 10
1814 6
1815 10
1816 7
1817 6
1818 9
1819 8
1820 6
1821 2
1822 10
1823 10
1824 9
1825 10
1826 4
1827 8
1828 8
1829 7
1830 11
1831 7
1832 7
1833 17
1834 6
1835 7
1836 9
1837 6
1838 9
1839 12
1840 8
1841 11
1842 10
1843 10
1844 4
1845 11
1846 6
1847 7
1848 10
1849 6
1850 15
1851 9
1852 6
1853 13
1854 4
1855 10
1856 6
1857 14
1858 12
1859 14
1860 13
1861 16
1862 15
1863 17
1864 22
1865 12
1866 10
1867 18
1868 25
1869 10
1870 15
1871 19
1872 26
1873 17
1874 24
1875 21
1876 16
1877 24
1878 17
1879 19
1880 20
1881 21
1882 14
1883 16
1884 21
1885 23
1886 17
1887 23
1888 22
1889 29
1890 24
1891 19
1892 37
1893 22
1894 35
1895 27
1896 31
1897 22
1898 28
1899 23
1900 24
1901 26
1902 13
1903 20
1904 21
1905 23
1906 21
1907 14
1908 19
1909 23
1910 26
1911 15
1912 18
1913 14
1914 12
1915 12
1916 10
1917 15
1918 13
1919 13
1920 11
1921 14
1922 13
1923 16
1924 8
1925 12
1926 15
1927 18
1928 14
1929 14
1930 17
1931 10
1932 12
1933 13
1934 13
1935 12
1936 23
1937 14
1938 15
1939 21
1940 14
1941 10
1942 9
1943 7
1944 8
1945 10
1946 3
1947 7
1948 3
1949 5
1950 9
1951 3
1952 1
1953 3
1954 8
1955 5
1956 7
1957 4
1958 3
1959 3
1960 3
1961 4
1962 3
1963 4
1964 3
1965 7
1966 4
1967 4
1968 1
1969 1
1970 1
1971 2
1972 2
1973 2
1974 2
1976 4
1977 1
1978 3
1979 4
1980 1
1981 6
1982 5
1983 2
1984 3
1985 1
1986 2
1987 2
1988 3
1989 6
1990 3
1991 4
1992 1
1993 2
1994 3
1996 1
1997 4
1998 4
1999 3
2000 5
2001 1
2002 2
2003 3
2006 3
2007 2
2009 2
2010 1
2011 2
2012 2
2013 1
2014 2
2015 2
2017 3
2018 4
2019 1
2021 1
2023 2
2025 2
2026 3
2027 1
2028 7
2029 1
2030 2
2031 2
2032 2
2033 2
2035 1
2036 3
2037 4
2038 2
2039 3
2040 2
2042 1
2043 1
2044 1
2045 3
2046 5
2047 4
2048 3
2049 2
2050 3
2051 1
2052 2
2053 1
2054 2
2057 2
2058 1
2059 1
2060 4
2061 3
2063 1
2064 2
2065 5
2066 2
2067 1
2068 1
2070 1
2071 3
2073 2
2074 2
2075 5
2077 5
2078 1
2079 4
2080 4
2081 1
2082 3
2083 1
2084 3
2085 6
2086 1
2087 2
2089 2
2090 2
2092 1
2093 1
2094 1
2095 3
2096 2
2097 3
2098 1
2099 2
2100 1
2101 2
2102 2
2103 1
2104 4
2105 1
2106 1
2107 2
2108 2
2109 4
2110 3
2111 3
2112 3
2113 3
2114 4
2115 2
2116 3
2117 2
2118 2
2119 4
2120 1
2121 4
2122 1
2123 3
2124 3
2125 3
2126 1
2127 4
2128 5
2129 6
2130 4
2131 6
2133 7
2134 5
2135 2
2136 1
2137 2
2138 4
2139 3
2140 5
2142 1
2143 1
2144 4
2145 2
2146 1
2147 2
2148 2
2149 1
2150 2
2152 4
2153 7
2154 2
2155 2
2156 3
2157 6
2158 1
2159 4
2160 3
2161 3
2162 4
2163 3
2164 3
2165 3
2167 5
2168 2
2169 3
2170 4
2171 1
2172 4
2173 6
2174 2
2175 4
2176 2
2177 2
2178 1
2179 3
2180 5
2181 4
2182 1
2184 4
2185 4
2186 3
2187 4
2188 2
2189 3
2190 2
2191 3
2192 2
2193 2
2194 3
2195 2
2197 1
2198 3
2199 3
2200 3
2201 1
2202 3
2203 1
2204 5
2205 3
2206 1
2207 8
2208 2
2209 1
2210 1
2211 5
2214 1
2216 4
2217 4
2218 1
2219 3
2220 2
2222 1
2223 2
2224 1
2225 2
2226 3
2227 3
2228 2
2229 2
2230 3
2231 1
2232 1
2234 3
2236 1
2237 1
2243 1
2244 1
2246 1
2248 1
2249 1
2250 1
2252 1
2257 1
2258 2
2262 1
2263 1
2268 1
2272 3
2274 1
2276 1
2280 1
2281 1
2290 1
2297 1
2299 1
2301 1
2303 1
2315 1
2320 1
2327 1
2331 1
2352 1
2362 1
2364 1
2367 1
2370 1
2377 1
2383 1
2384 1
2392 1
2397 1
2398 1
2406 2
2408 1
2410 1
2411 1
2413 2
2416 2
2417 1
2418 1
2420 1
2421 2
2422 1
2423 2
2425 1
2426 1
2427 2
2428 2
2429 1
2430 2
2431 1
2432 1
2434 2
2435 2
2436 4
2437 2
2438 2
2439 1
2440 1
2441 3
2442 2
2443 3
2444 2
2445 5
2446 1
2447 1
2448 2
2449 2
2450 4
2451 1
2452 1
2453 1
2455 2
2456 3
2459 4
2460 1
2463 4
2464 1
2465 1
2466 2
2467 4
2468 2
2469 2
2470 2
2473 2
2474 1
2475 1
2476 1
2477 1
2478 1
2480 2
2486 1
2487 2
2489 1
2491 2
2493 1
2494 1
2496 4
2497 1
2498 1
2500 1
2501 2
2502 3
2503 3
2504 2
2505 2
2507 3
2508 2
2509 1
2510 1
2511 2
2512 1
2513 4
2516 1
2518 1
2519 3
2520 2
2521 1
2522 1
2523 1
2524 3
2525 3
2526 1
2529 1
2530 2
2532 2
2533 2
2534 1
2536 3
2537 1
2538 3
2539 2
2540 1
2541 2
2542 2
2543 1
2544 2
2545 1
2546 3
2548 1
2549 1
2550 2
2552 1
2553 2
2555 2
2556 1
2557 2
2558 1
2559 1
2560 1
2561 1
2562 2
2565 4
2566 2
2570 1
2571 1
2572 1
2573 1
2574 1
2581 2
2582 1
2590 1
2593 1
2595 1
2597 1
2598 1
2602 1
2605 1
2611 1
2612 1
2613 1
2614 1
2615 1
2621 1
2622 1
2629 1
2635 1
2639 1
2645 1
2647 1
2650 1
2653 1
2660 1
2661 1
2664 1
2665 1
2666 1
2672 1
2673 1
2676 1
2681 1
2683 1
2687 2
2688 1
2690 1
2693 2
2694 1
2701 1
2703 1
2704 1
2707 2
2713 1
2716 1
2718 1
2721 1
2727 1
2735 1
2737 1
2741 2
2748 1
2752 1
2758 2
2764 1
2765 2
2767 3
2768 2
2769 2
2771 2
2773 1
2774 2
2775 1
2777 1
2778 1
2780 1
2782 1
2783 1
2786 1
2787 1
2788 2
2793 1
2794 1
2795 1
2797 1
2798 2
2801 2
2807 1
2810 1
2811 3
2814 1
2815 2
2816 2
2818 1
2819 1
2820 1
2821 1
2823 2
2824 2
2825 2
2826 1
2827 2
2828 1
2829 1
2830 4
2831 2
2832 3
2833 4
2834 1
2835 1
2836 3
2837 3
2839 1
2840 2
2841 1
2843 1
2846 2
2848 5
2849 3
2850 1
2851 1
2852 2
2853 1
2854 2
2855 3
2856 2
2858 4
2860 2
2862 1
2865 1
2866 2
2867 1
2868 2
2871 2
2875 2
2876 1
2877 3
2878 1
2881 2
2882 2
2883 4
2884 2
2886 1
2888 1
2889 2
2893 1
2895 1
2897 1
2898 1
2900 1
2902 1
2904 1
2907 1
2909 1
2917 2
2920 1
2921 2
2922 1
2927 1
2928 1
2955 1
2956 1
2958 1
2962 1
2966 1
2969 1
2971 2
2976 1
2977 1
2979 1
2980 1
2981 1
2983 2
2984 1
2985 1
2986 1
2987 1
2988 1
2991 1
2998 1
2999 1
3000 1
3025 1
3026 1
3030 1
3031 1
3033 1
3034 1
3035 1
3041 1
3043 2
3044 1
3045 1
3047 3
3049 1
3050 1
3052 1
3053 2
3054 1
3055 2
3056 1
3058 1
3059 4
3061 1
3062 2
3064 1
3065 1
3066 2
3067 1
3072 1
3073 1
3074 2
3075 1
3076 3
3078 1
3081 2
3083 1
3085 2
3086 2
3087 2
3089 1
3091 1
3092 2
3093 1
3094 2
3095 1
3096 1
3097 1
3098 3
3099 3
3100 2
3101 3
3102 2
3103 4
3104 2
3105 1
3106 4
3107 4
3108 3
3109 1
3110 3
3111 1
3112 2
3113 1
3114 4
3115 4
3116 4
3117 2
3118 3
3120 7
3121 2
3122 5
3123 2
3124 2
3125 3
3126 2
3127 1
3128 5
3129 3
3130 6
3131 3
3132 4
3134 2
3135 1
3136 2
3137 1
3138 3
3139 1
3141 2
3142 4
3143 4
3144 2
3145 1
3146 1
3147 4
3148 2
3149 2
3151 1
3152 2
3153 4
3154 2
3155 3
3157 6
3158 1
3159 1
3160 1
3161 1
3162 3
3163 3
3164 2
3165 3
3166 3
3167 1
3168 1
3169 3
3170 2
3171 1
3172 3
3173 3
3175 1
3176 1
3178 1
3180 1
3182 1
3183 1
3184 2
3186 1
3187 1
3189 1
3193 1
3194 1
3195 1
3197 1
3201 1
3202 1
3203 1
3207 3
3210 2
3213 1
3221 1
3222 1
3223 1
3225 1
3232 1
3237 1
3241 1
3242 2
3244 1
3245 2
3247 2
3248 2
3251 2
3254 4
3255 1
3256 2
3257 2
3258 2
3282 1
3304 1
3321 1
3322 1
3324 1
3326 1
3328 1
3329 1
3331 1
3332 1
3333 3
3335 1
3336 2
3337 1
3338 4
3339 2
3341 2
3343 1
3346 1
3347 2
3349 1
3351 1
3352 2
3354 1
3355 1
3357 3
3361 3
3362 1
3364 2
3365 1
3366 1
3368 1
3369 2
3370 1
3371 1
3372 1
3373 2
3374 1
3375 2
3376 2
3377 2
3378 4
3379 2
3380 2
3381 3
3382 1
3383 1
3384 1
3385 4
3386 4
3387 4
3388 2
3389 4
3390 5
3391 4
3392 6
3393 8
3394 5
3395 2
3396 6
3397 6
3399 5
3400 8
3401 5
3402 6
3403 7
3404 1
3405 2
3406 5
3407 3
3408 3
3409 5
3410 5
3411 3
3412 2
3413 2
3414 3
3417 5
3418 2
3419 3
3420 4
3421 3
3422 3
3423 2
3424 4
3425 2
3426 4
3427 1
3428 4
3429 1
3430 2
3431 1
3432 4
3433 2
3434 4
3435 2
3436 3
3437 4
3438 1
3439 7
3440 4
3441 1
3442 2
3443 1
3444 2
3445 4
3446 5
3447 6
3448 2
3449 4
3450 1
3451 1
3452 2
3453 3
3454 4
3455 7
3456 4
3457 5
3458 3
3459 3
3460 3
3461 8
3462 4
3463 1
3464 4
3465 5
3466 4
3467 4
3468 4
3469 10
3470 5
3471 3
3472 4
3473 4
3474 3
3475 5
3476 2
3477 3
3478 9
3479 6
3480 4
3481 4
3482 2
3483 3
3484 3
3485 2
3486 2
3487 4
3488 3
3489 1
3491 1
3492 2
3493 1
3494 2
3495 1
3496 1
3497 2
3498 2
3499 1
3501 4
3504 3
3505 1
3506 1
3507 2
3509 2
3511 1
3512 2
3513 1
3514 3
3516 2
3517 2
3518 2
3520 1
3522 1
3523 1
3524 1
3526 2
3535 1
3538 2
3540 1
3548 1
3549 1
3550 1
3552 1
3555 1
3558 2
3563 1
3564 1
3565 1
3566 1
3567 1
3568 1
3570 1
3576 1
3577 1
3578 1
3584 1
3594 1
3611 1
3612 1
3613 1
3614 1
3617 1
3622 1
3624 1
3625 2
3630 1
3632 3
3633 2
3635 1
3636 1
3640 1
3646 1
3648 1
3649 2
3651 2
3652 1
3659 1
3661 1
3662 1
3675 1
3687 1
3689 2
3690 1
3693 1
3694 3
3696 2
3697 1
3698 2
3699 3
3700 2
3702 1
3703 3
3704 1
3705 3
3706 2
3707 4
3709 2
3710 4
3711 3
3712 1
3713 2
3714 3
3715 1
3716 1
3717 1
3718 1
3720 1
3721 1
3722 3
3723 4
3724 2
3726 2
3727 1
3728 2
3729 1
3730 1
3731 1
3732 1
3733 1
3734 1
3735 1
3737 1
3738 1
3739 1
3741 3
3745 2
3747 1
3748 5
3750 2
3751 2
3752 1
3753 2
3754 1
3755 1
3756 1
3757 2
3760 2
3761 1
3763 1
3764 2
3766 3
3767 3
3768 2
3770 1
3772 1
3773 2
3774 1
3775 4
3776 2
3777 3
3778 1
3779 4
3780 1
3782 2
3784 2
3786 1
3787 2
3789 1
3790 1
3791 1
3792 1
3793 1
3794 5
3795 4
3796 1
3797 2
3798 2
3799 1
3800 2
3801 1
3802 2
3804 1
3805 2
3806 3
3807 1
3809 1
3810 2
3811 2
3812 2
3814 3
3815 2
3816 2
3817 2
3818 1
3819 1
3820 1
3822 1
3823 1
3824 3
3825 1
3826 2
3835 1
3836 1
3840 1
3841 2
3842 1
3848 1
3863 1
3876 1
3883 1
3886 1
3888 1
3890 1
3894 1
3897 1
3901 1
3903 2
3904 1
3905 3
3906 1
3908 1
3909 2
3911 3
3912 2
3913 1
3914 1
3915 4
3916 2
3918 1
3919 1
3920 1
3921 1
3922 1
3924 1
3927 1
3928 1
3932 1
3933 1
3934 1
3939 1
3943 1
3947 2
3951 1
3952 1
3953 1
3954 1
3956 1
3957 1
3959 1
3963 1
3965 1
3966 4
3967 1
3968 1
3969 1
3971 2
3972 2
3974 1
3975 2
3976 1
3977 2
3978 3
3980 1
3983 1
3984 1
3987 1
3988 3
3989 2
3990 2
3991 3
3992 1
3993 2
3994 3
3995 2
3996 1
3997 1
3998 2
4000 2
4002 4
4003 3
4005 1
4006 1
4008 3
4009 2
4012 2
4013 1
4014 1
4015 3
4016 5
4017 1
4018 1
4019 4
4020 3
4022 3
4024 2
4025 2
4026 1
4027 2
4028 5
4029 3
4030 1
4031 1
4034 1
4035 2
4036 4
4037 1
4038 3
4039 1
4040 1
4041 2
4042 1
4044 1
4045 4
4046 2
4047 1
4048 1
4049 2
4050 2
4051 4
4055 1
4056 2
4057 2
4059 1
4061 2
4062 1
4063 1
4064 1
4066 2
4067 1
4068 2
4069 2
4070 2
4071 2
4072 1
4073 1
4074 2
4075 1
4077 3
4079 1
4080 1
4081 2
4082 3
4083 1
4084 2
4085 1
4086 2
4087 2
4088 2
4090 1
4092 1
4093 1
4097 4
4099 3
4100 1
4101 3
4102 1
4103 2
4104 4
4105 1
4106 2
4107 2
4108 1
4109 3
4110 1
4111 3
4112 2
4113 3
4115 2
4116 3
4117 2
4118 2
4119 3
4120 1
4121 3
4122 2
4123 4
4124 2
4125 5
4126 4
4127 2
4128 2
4129 1
4130 2
4131 3
4133 2
4134 2
4135 1
4136 2
4139 1
4140 1
4142 1
4143 1
4145 1
4146 1
4148 1
4150 1
4152 2
4155 2
4156 1
4157 1
4168 1
4186 1
4191 2
4192 2
4193 1
4194 1
4195 1
4196 1
4198 1
4199 1
4202 1
4204 1
4222 1
4236 1
4238 1
4241 1
4243 1
4244 1
4248 1
4249 1
4251 1
4257 1
4265 1
4266 1
4271 2
4272 1
4274 1
4275 1
4276 3
4277 1
4278 2
4280 2
4281 3
4282 1
4283 3
4284 3
4285 2
4286 2
4287 2
4288 1
4289 2
4291 2
4293 2
4295 4
4297 2
4298 2
4299 1
4300 3
4301 3
4302 2
4303 1
4305 1
4306 1
4307 2
4308 1
4309 1
4311 3
4314 1
4317 2
4318 1
4319 2
4320 2
4322 1
4323 1
4324 2
4325 1
4326 1
4327 2
4328 2
4329 1
4330 1
4331 1
4333 2
4334 1
4335 1
4336 4
4337 1
4339 2
4340 1
4342 1
4343 1
4344 2
4347 1
4348 1
4349 2
4350 1
4351 1
4352 5
4353 1
4354 1
4355 1
4356 2
4361 1
4364 1
4366 1
4367 1
4368 1
4369 2
4370 1
4371 1
4376 1
4377 1
4380 1
4381 1
4382 1
4384 1
4388 2
4389 2
4390 1
4393 1
4395 1
4396 1
4398 1
4399 1
4400 1
4403 1
4411 2
4412 1
4414 2
4415 1
4416 2
4418 2
4420 1
4421 2
4422 1
4423 1
4425 2
4426 1
4427 1
4428 2
4429 2
4436 2
4437 1
4441 1
4443 3
4447 1
4452 1
4453 1
4460 2
4464 1
4468 1
4470 1
4472 1
4473 1
4477 2
4486 1
4488 2
4490 1
4491 2
4493 1
4494 1
4502 1
4511 1
4515 1
4518 2
4519 1
4523 1
4529 1
4533 1
4535 1
4536 1
4538 1
4546 1
4549 1
4550 1
4555 1
4557 1
4560 1
4565 1
4571 1
4576 1
4577 3
4578 3
4580 1
4581 1
4582 2
4583 1
4588 2
4589 1
4591 2
4592 4
4593 1
4594 1
4599 2
4601 1
4602 1
4603 1
4604 2
4606 3
4607 1
4608 3
4610 2
4612 1
4613 1
4614 1
4616 1
4618 1
4619 3
4620 1
4621 1
4622 1
4624 1
4625 2
4626 1
4627 3
4628 1
4629 1
4630 1
4632 2
4633 1
4634 1
4635 1
4637 1
4641 2
4644 1
4645 1
4646 1
4647 3
4649 2
4651 2
4652 1
4653 2
4654 2
4655 1
4656 2
4658 2
4659 4
4661 1
4662 1
4665 1
4666 1
4667 1
4669 2
4672 4
4673 2
4674 1
4675 4
4676 5
4677 3
4678 1
4679 3
4681 2
4682 4
4683 1
4684 1
4686 1
4687 3
4688 3
4689 1
4690 3
4692 6
4693 7
4694 2
4695 3
4696 3
4697 2
4698 5
4699 1
4700 3
4701 2
4702 7
4704 1
4705 3
4706 1
4707 1
4708 4
4709 3
4710 2
4711 2
4712 1
4713 1
4714 2
4715 4
4716 2
4717 2
4718 4
4719 5
4720 2
4721 3
4722 1
4723 3
4724 5
4725 4
4726 2
4727 1
4728 1
4729 3
4730 5
4731 1
4732 3
4733 4
4734 3
4735 4
4736 3
4737 3
4738 1
4739 2
4740 6
4741 2
4742 2
4743 3
4744 2
4745 4
4746 5
4748 2
4749 3
4750 1
4751 4
4752 2
4753 3
4754 1
4755 2
4756 4
4757 3
4758 2
4759 2
4760 1
4761 1
4762 1
4763 2
4764 2
4765 2
4767 4
4768 2
4770 4
4771 1
4772 2
4773 1
4777 2
4780 1
4782 2
4785 4
4787 2
4788 1
4789 1
4790 2
4791 3
4793 2
4795 3
4796 1
4797 1
4798 1
4801 1
4802 1
4806 1
4808 1
4809 1
4811 2
4814 2
4815 1
4816 1
4819 1
4820 1
4831 1
4833 1
4834 1
4836 1
4838 2
4843 1
4848 1
4849 1
4856 2
4868 1
4874 1
4876 1
4884 1
4897 1
4905 1
4911 1
4912 1
4913 1
4914 1
4917 1
4921 1
4923 2
4924 2
4925 1
4931 1
4932 2
4938 1
4940 2
4944 1
4949 1
4951 1
4953 1
4956 1
4958 1
4960 1
4961 1
4962 1
4963 4
4964 1
4965 1
4966 1
4967 3
4968 1
4969 1
4970 1
4972 1
4973 2
4974 1
4975 1
4976 3
4978 2
4980 2
4981 4
4983 1
4984 3
4986 2
4987 2
4988 3
4989 2
4991 2
4992 3
4993 2
4994 2
4997 2
4998 1
4999 2
5000 4
5002 3
5003 1
5005 2
5006 2
5007 3
5008 2
5010 2
5012 1
5014 1
5015 1
5016 1
5018 1
5019 1
5020 1
5021 2
5022 2
5023 1
5024 3
5033 1
5036 1
5048 1
5049 1
5053 1
5060 1
5063 1
5064 1
5065 1
5067 1
5071 1
5162 1
5173 1
5178 1
5182 1
5183 2
5185 1
5187 1
5190 1
5191 1
5192 1
5194 1
5195 1
5198 2
5199 1
5200 2
5202 1
5203 1
5205 1
5206 1
5207 2
5208 2
5214 1
5216 1
5217 2
5218 1
5221 1
5222 1
5223 2
5228 1
5229 3
5230 1
5232 1
5233 2
5235 2
5236 1
5237 1
5238 2
5239 2
5240 1
5242 2
5244 3
5245 1
5249 2
5250 1
5251 1
5252 2
5253 1
5255 2
5259 1
5261 1
5266 1
5268 2
5270 2
5272 2
5273 1
5276 1
5277 1
5279 1
5280 2
5281 1
5284 1
5285 2
5286 3
5287 1
5289 2
5291 1
5292 1
5294 1
5296 3
5299 2
5300 2
5301 4
5302 2
5303 2
5304 1
5306 1
5307 2
5308 1
5311 2
5312 2
5313 1
5314 3
5315 1
5316 2
5317 3
5319 1
5323 2
5325 1
5328 2
5329 1
5330 3
5332 1
5334 1
5335 1
5336 1
5339 2
5340 3
5342 1
5344 1
5345 1
5347 1
5349 1
5350 2
5351 1
5352 4
5353 1
5354 2
5355 2
5356 2
5357 2
5361 1
5362 1
5365 1
5367 1
5368 3
5369 1
5371 2
5377 1
5379 1
5380 2
5381 1
5383 2
5384 1
5386 1
5387 1
5388 2
5392 2
5393 1
5395 1
5397 1
5400 1
5402 1
5405 1
5430 1
5439 1
5440 1
5451 1
5452 1
5463 1
5470 1
5471 1
5486 2
5487 1
5499 1
5501 1
5503 1
5504 2
5508 1
5511 2
5513 1
5520 1
5561 2
5568 3
5573 1
5577 1
5593 1
5594 1
5596 2
5597 1
5605 1
5610 1
5611 1
5612 1
5613 1
5616 1
5620 2
5622 2
5623 1
5626 1
5629 1
5634 1
5638 1
5639 1
5645 1
5652 1
5653 1
5656 1
5657 1
5665 1
5667 1
5669 1
5677 2
5679 1
5683 1
5687 1
5703 1
5712 1
5714 1
5715 2
5720 1
5729 1
5733 1
5741 1
5742 1
5746 1
5758 1
5767 1
5768 1
5771 1
5779 1
5781 1
5783 2
5785 1
5788 2
5791 1
5792 1
5793 1
5794 1
5799 1
5800 1
5801 1
5802 1
5810 1
5811 1
5812 1
5813 1
5814 1
5815 2
5816 1
5818 1
5820 1
5822 3
5823 1
5824 1
5827 1
5828 1
5831 2
5832 2
5833 2
5834 1
5835 1
5836 2
5838 1
5839 1
5842 3
5844 1
5845 1
5846 1
5847 1
5848 2
5850 1
5853 1
5854 1
5856 1
5858 1
5861 1
5864 2
5865 1
5866 1
5867 1
5870 1
5872 1
5874 1
5877 1
5878 1
5895 1
6290 1
6292 1
6512 1
6613 2
6811 1
7062 1
7064 1
7242 1
7405 1
7453 1
7477 2
7495 2
7502 1
7506 1
7507 1
7510 1
7528 1
7535 1
7540 1
7688 1
7816 1
7818 1
7825 1
7826 1
7843 1
7850 1
7901 1
7915 1
7919 1
8290 1
8546 1
8548 1
8551 1
8559 1
8562 1
8563 1
8568 1
8572 1
8577 1
8645 1
8682 1
8752 1
8837 1
9193 1
9202 1
9234 1
9627 1
9757 1
10001 37
