1 21732537
2 12151864
3 8357645
4 5890620
5 3863386
6 2358103
7 1451796
8 1001005
9 831611
10 792468
11 795979
12 790908
13 761217
14 700944
15 622433
16 527655
17 430282
18 338837
19 262448
20 206794
21 171923
22 155268
23 160346
24 175324
25 203387
26 239303
27 278142
28 321264
29 364850
30 405025
31 441063
32 474379
33 499159
34 517822
35 531846
36 536710
37 533351
38 527924
39 514246
40 494185
41 473121
42 450896
43 426605
44 406279
45 386744
46 368900
47 351551
48 339545
49 331708
50 327892
51 325900
52 326465
53 330411
54 333740
55 338075
56 342235
57 344369
58 344756
59 344964
60 341949
61 336717
62 328891
63 317705
64 303158
65 287448
66 267435
67 249879
68 229215
69 208714
70 189049
71 169188
72 149162
73 130839
74 114417
75 100454
76 88021
77 77524
78 70839
79 66117
80 62754
81 60570
82 61012
83 61991
84 64341
85 67624
86 72401
87 77029
88 80883
89 84604
90 88902
91 91792
92 94818
93 95660
94 95828
95 95898
96 94541
97 93208
98 91180
99 88686
100 85900
101 82042
102 79147
103 75005
104 72375
105 69548
106 67709
107 65584
108 64782
109 64425
110 64693
111 66334
112 68605
113 71619
114 74802
115 78238
116 83295
117 88544
118 93174
119 97541
120 102331
121 106627
122 111377
123 114893
124 117755
125 120207
126 120862
127 120778
128 120448
129 118648
130 116515
131 113443
132 110043
133 106085
134 102610
135 98699
136 93932
137 88844
138 84368
139 80000
140 75994
141 72489
142 69394
143 66396
144 65105
145 64039
146 62784
147 62877
148 64037
149 65180
150 67969
151 71199
152 74621
153 78912
154 82692
155 87347
156 91730
157 96517
158 100413
159 104582
160 108134
161 111169
162 114090
163 116485
164 118188
165 118157
166 119765
167 119311
168 119295
169 117162
170 115045
171 112110
172 109765
173 105149
174 101433
175 96486
176 91358
177 86308
178 80663
179 76291
180 70488
181 65077
182 60346
183 55383
184 50278
185 45729
186 41056
187 37136
188 32488
189 28816
190 25468
191 22808
192 20075
193 17513
194 15358
195 13167
196 11460
197 9770
198 8351
199 7095
200 6040
201 5179
202 4465
203 3678
204 3205
205 2753
206 2409
207 2031
208 1683
209 1426
210 1195
211 1066
212 970
213 846
214 758
215 705
216 647
217 529
218 579
219 512
220 533
221 438
222 491
223 472
224 463
225 506
226 491
227 484
228 470
229 460
230 501
231 516
232 529
233 514
234 577
235 532
236 570
237 590
238 564
239 647
240 631
241 629
242 675
243 672
244 674
245 743
246 725
247 699
248 744
249 704
250 692
251 733
252 708
253 720
254 754
255 662
256 662
257 691
258 659
259 664
260 689
261 655
262 669
263 631
264 626
265 573
266 551
267 590
268 588
269 541
270 481
271 505
272 440
273 436
274 396
275 386
276 410
277 411
278 406
279 396
280 348
281 321
282 301
283 304
284 296
285 301
286 251
287 223
288 239
289 243
290 218
291 231
292 197
293 188
294 202
295 189
296 180
297 198
298 185
299 191
300 206
301 195
302 207
303 218
304 191
305 181
306 215
307 206
308 222
309 220
310 236
311 220
312 259
313 215
314 205
315 248
316 265
317 222
318 249
319 266
320 271
321 288
322 305
323 260
324 281
325 319
326 295
327 293
328 337
329 313
330 340
331 341
332 345
333 340
334 320
335 335
336 308
337 338
338 305
339 330
340 301
341 320
342 281
343 267
344 281
345 265
346 277
347 265
348 251
349 294
350 245
351 261
352 243
353 266
354 244
355 259
356 280
357 224
358 225
359 229
360 262
361 255
362 250
363 236
364 242
365 229
366 231
367 250
368 216
369 240
370 237
371 225
372 218
373 235
374 201
375 229
376 220
377 225
378 212
379 226
380 230
381 230
382 230
383 221
384 242
385 235
386 198
387 183
388 191
389 197
390 174
391 169
392 177
393 169
394 168
395 171
396 155
397 133
398 144
399 118
400 103
401 127
402 101
403 83
404 96
405 83
406 69
407 72
408 69
409 79
410 61
411 59
412 56
413 66
414 61
415 59
416 55
417 56
418 39
419 44
420 50
421 44
422 33
423 31
424 33
425 38
426 26
427 34
428 27
429 27
430 32
431 36
432 29
433 29
434 28
435 27
436 18
437 28
438 16
439 16
440 15
441 24
442 18
443 24
444 29
445 23
446 40
447 33
448 37
449 35
450 34
451 39
452 52
453 55
454 59
455 44
456 50
457 53
458 88
459 84
460 71
461 77
462 79
463 103
464 102
465 123
466 104
467 110
468 97
469 120
470 124
471 138
472 123
473 123
474 132
475 118
476 133
477 146
478 157
479 134
480 114
481 123
482 132
483 133
484 141
485 137
486 133
487 154
488 111
489 137
490 122
491 121
492 147
493 131
494 140
495 148
496 139
497 167
498 158
499 200
500 165
501 155
502 165
503 166
504 146
505 151
506 156
507 161
508 154
509 171
510 136
511 157
512 137
513 117
514 109
515 113
516 110
517 136
518 111
519 119
520 114
521 104
522 116
523 105
524 105
525 135
526 115
527 102
528 115
529 85
530 95
531 88
532 82
533 80
534 86
535 83
536 90
537 88
538 93
539 76
540 64
541 62
542 76
543 89
544 66
545 66
546 66
547 65
548 74
549 60
550 71
551 69
552 88
553 64
554 62
555 76
556 64
557 62
558 54
559 72
560 72
561 71
562 74
563 55
564 64
565 58
566 65
567 64
568 58
569 76
570 74
571 74
572 69
573 81
574 68
575 74
576 78
577 68
578 61
579 67
580 58
581 68
582 56
583 55
584 48
585 55
586 51
587 56
588 52
589 68
590 50
591 49
592 45
593 32
594 39
595 43
596 37
597 19
598 36
599 34
600 17
601 24
602 17
603 18
604 23
605 15
606 20
607 20
608 14
609 13
610 13
611 14
612 14
613 10
614 9
615 6
616 7
617 10
618 14
619 9
620 14
621 8
622 8
623 8
624 9
625 15
626 15
627 11
628 7
629 11
630 7
631 14
632 17
633 19
634 15
635 22
636 23
637 15
638 17
639 21
640 18
641 14
642 15
643 20
644 9
645 22
646 14
647 13
648 19
649 21
650 15
651 18
652 25
653 21
654 31
655 20
656 19
657 24
658 26
659 24
660 32
661 30
662 26
663 26
664 31
665 31
666 29
667 40
668 32
669 43
670 32
671 42
672 43
673 50
674 47
675 45
676 45
677 40
678 45
679 41
680 34
681 34
682 37
683 27
684 29
685 18
686 20
687 20
688 26
689 20
690 19
691 25
692 13
693 25
694 20
695 20
696 18
697 15
698 7
699 20
700 18
701 14
702 22
703 19
704 15
705 13
706 21
707 12
708 18
709 10
710 9
711 8
712 6
713 5
714 7
715 6
716 2
717 6
718 4
719 8
720 8
721 3
722 6
723 9
724 2
725 7
726 9
727 3
728 8
729 6
730 8
731 9
732 8
733 12
734 8
735 15
736 14
737 7
738 12
739 12
740 16
741 13
742 13
743 11
744 16
745 5
746 19
747 17
748 11
749 14
750 8
751 13
752 16
753 12
754 12
755 9
756 18
757 20
758 13
759 15
760 12
761 17
762 10
763 10
764 12
765 14
766 8
767 15
768 13
769 12
770 13
771 14
772 14
773 23
774 12
775 26
776 20
777 25
778 16
779 26
780 16
781 22
782 16
783 17
784 24
785 34
786 35
787 25
788 32
789 46
790 39
791 44
792 47
793 73
794 63
795 66
796 77
797 79
798 71
799 111
800 108
801 131
802 132
803 147
804 160
805 201
806 249
807 298
808 285
809 328
810 356
811 362
812 422
813 500
814 540
815 599
816 612
817 763
818 833
819 854
820 959
821 1069
822 1139
823 1228
824 1362
825 1530
826 1609
827 1850
828 1968
829 2062
830 2281
831 2311
832 2543
833 2705
834 2958
835 3247
836 3507
837 3638
838 3901
839 4339
840 4671
841 5010
842 5310
843 5548
844 6177
845 6499
846 6812
847 7185
848 7591
849 8264
850 8420
851 9182
852 9536
853 10012
854 10686
855 11147
856 11460
857 12288
858 12615
859 13292
860 13789
861 14487
862 14939
863 15452
864 16017
865 16939
866 17672
867 17907
868 18546
869 18964
870 19944
871 20458
872 21009
873 21326
874 22180
875 22981
876 23337
877 23928
878 24501
879 24858
880 25536
881 26203
882 26530
883 26992
884 27267
885 27641
886 28240
887 28316
888 28940
889 29106
890 29530
891 29673
892 29995
893 30505
894 30541
895 30691
896 31046
897 31512
898 31221
899 31231
900 31654
901 31562
902 31608
903 31451
904 31721
905 31390
906 31402
907 31521
908 30748
909 31287
910 31009
911 31307
912 31113
913 30581
914 30568
915 30941
916 30464
917 30534
918 30614
919 30497
920 30849
921 30752
922 30763
923 30566
924 30573
925 30880
926 30148
927 30787
928 31155
929 30765
930 31265
931 31323
932 31375
933 31803
934 31990
935 32151
936 32535
937 32769
938 33171
939 33224
940 33745
941 34499
942 34459
943 34972
944 35448
945 35892
946 36754
947 36818
948 37163
949 37784
950 38188
951 39116
952 39500
953 40183
954 40623
955 40686
956 41538
957 42055
958 42693
959 43083
960 43396
961 44207
962 44308
963 44385
964 44965
965 45186
966 45025
967 45814
968 45844
969 45912
970 46311
971 46274
972 46473
973 46304
974 46409
975 46572
976 46725
977 46491
978 45837
979 45728
980 45901
981 45766
982 45421
983 44920
984 44814
985 44303
986 43412
987 43538
988 42603
989 41750
990 41230
991 40681
992 40237
993 39810
994 38665
995 38056
996 36963
997 36831
998 35703
999 34771
1000 33816
1001 32910
1002 32239
1003 31261
1004 30689
1005 29745
1006 28993
1007 27960
1008 27054
1009 26046
1010 25345
1011 24281
1012 23521
1013 22780
1014 21899
1015 21046
1016 20236
1017 19670
1018 18730
1019 18170
1020 17180
1021 16687
1022 15774
1023 15003
1024 14564
1025 13546
1026 13139
1027 12504
1028 11716
1029 11126
1030 10508
1031 10143
1032 9548
1033 8942
1034 8495
1035 7956
1036 7499
1037 6996
1038 6536
1039 6370
1040 5874
1041 5526
1042 5073
1043 4840
1044 4548
1045 4035
1046 3980
1047 3506
1048 3338
1049 3155
1050 2997
1051 2671
1052 2472
1053 2328
1054 2068
1055 2013
1056 1935
1057 1736
1058 1586
1059 1447
1060 1359
1061 1293
1062 1128
1063 1086
1064 952
1065 896
1066 797
1067 706
1068 653
1069 623
1070 611
1071 548
1072 461
1073 429
1074 384
1075 376
1076 335
1077 337
1078 282
1079 246
1080 207
1081 204
1082 183
1083 166
1084 160
1085 133
1086 123
1087 111
1088 88
1089 79
1090 81
1091 65
1092 65
1093 55
1094 65
1095 51
1096 52
1097 33
1098 51
1099 48
1100 49
1101 34
1102 38
1103 29
1104 20
1105 33
1106 41
1107 27
1108 23
1109 22
1110 26
1111 23
1112 26
1113 24
1114 17
1115 18
1116 17
1117 21
1118 19
1119 11
1120 18
1121 8
1122 10
1123 17
1124 13
1125 15
1126 15
1127 19
1128 18
1129 18
1130 21
1131 21
1132 21
1133 13
1134 23
1135 28
1136 13
1137 10
1138 25
1139 19
1140 20
1141 20
1142 19
1143 24
1144 16
1145 16
1146 29
1147 20
1148 24
1149 11
1150 19
1151 28
1152 22
1153 26
1154 24
1155 18
1156 28
1157 18
1158 19
1159 24
1160 27
1161 13
1162 21
1163 22
1164 24
1165 19
1166 19
1167 18
1168 35
1169 21
1170 17
1171 14
1172 19
1173 9
1174 16
1175 16
1176 13
1177 14
1178 21
1179 14
1180 23
1181 29
1182 19
1183 21
1184 26
1185 20
1186 20
1187 20
1188 26
1189 18
1190 20
1191 14
1192 18
1193 17
1194 15
1195 13
1196 13
1197 7
1198 18
1199 10
1200 10
1201 20
1202 15
1203 13
1204 7
1205 18
1206 18
1207 10
1208 14
1209 16
1210 10
1211 14
1212 11
1213 9
1214 19
1215 13
1216 14
1217 9
1218 12
1219 18
1220 14
1221 20
1222 16
1223 16
1224 17
1225 17
1226 22
1227 17
1228 23
1229 18
1230 17
1231 17
1232 19
1233 14
1234 17
1235 22
1236 27
1237 22
1238 18
1239 20
1240 21
1241 18
1242 20
1243 21
1244 28
1245 18
1246 24
1247 23
1248 21
1249 19
1250 18
1251 25
1252 23
1253 22
1254 17
1255 26
1256 23
1257 19
1258 23
1259 17
1260 16
1261 14
1262 16
1263 21
1264 22
1265 21
1266 10
1267 15
1268 22
1269 10
1270 16
1271 13
1272 14
1273 22
1274 17
1275 17
1276 19
1277 16
1278 15
1279 13
1280 20
1281 19
1282 17
1283 16
1284 12
1285 14
1286 14
1287 10
1288 12
1289 11
1290 15
1291 10
1292 7
1293 9
1294 11
1295 15
1296 11
1297 14
1298 13
1299 9
1300 11
1301 8
1302 12
1303 13
1304 19
1305 11
1306 13
1307 17
1308 13
1309 12
1310 17
1311 13
1312 8
1313 13
1314 18
1315 16
1316 21
1317 18
1318 14
1319 11
1320 13
1321 16
1322 19
1323 14
1324 14
1325 14
1326 17
1327 16
1328 17
1329 10
1330 10
1331 24
1332 17
1333 10
1334 12
1335 22
1336 7
1337 8
1338 9
1339 9
1340 11
1341 12
1342 10
1343 10
1344 8
1345 16
1346 6
1347 21
1348 7
1349 12
1350 19
1351 15
1352 16
1353 6
1354 10
1355 8
1356 5
1357 4
1358 4
1359 10
1360 5
1361 7
1362 6
1363 13
1364 3
1365 4
1366 6
1367 7
1368 5
1369 11
1370 4
1371 3
1372 8
1373 5
1374 5
1375 7
1376 5
1377 1
1378 6
1379 5
1380 4
1381 7
1382 6
1383 6
1384 3
1385 3
1386 10
1387 6
1388 6
1389 4
1390 3
1391 5
1392 7
1393 6
1394 3
1395 6
1396 4
1397 10
1398 7
1399 4
1400 2
1401 5
1402 5
1403 5
1404 9
1405 13
1406 7
1407 11
1408 7
1409 10
1410 4
1411 9
1412 4
1413 6
1414 7
1415 5
1416 3
1417 3
1418 2
1419 2
1420 5
1421 4
1422 3
1423 9
1424 6
1425 7
1426 3
1427 2
1428 7
1429 8
1430 2
1431 3
1432 3
1433 5
1434 6
1435 4
1436 5
1437 6
1438 14
1439 13
1440 8
1441 9
1442 8
1443 8
1444 5
1445 8
1446 3
1447 6
1448 9
1449 4
1450 6
1451 3
1452 5
1453 5
1454 5
1455 4
1456 9
1457 6
1458 4
1459 8
1460 2
1461 6
1462 6
1463 3
1464 3
1465 5
1466 4
1467 4
1468 3
1469 6
1470 6
1471 2
1472 6
1473 9
1474 5
1475 2
1476 4
1477 5
1478 4
1479 6
1480 3
1481 6
1482 5
1483 7
1484 4
1485 9
1486 6
1487 12
1488 7
1489 6
1490 4
1491 10
1492 4
1493 9
1494 5
1495 7
1496 7
1497 10
1498 4
1499 8
1500 11
1501 5
1502 9
1503 7
1504 6
1505 4
1506 7
1507 6
1508 3
1509 7
1510 1
1511 3
1512 7
1513 5
1514 3
1515 3
1516 2
1517 4
1518 7
1519 5
1520 5
1521 2
1522 6
1524 2
1525 5
1526 7
1527 4
1528 6
1529 6
1530 3
1531 1
1532 4
1533 1
1534 2
1536 2
1537 1
1538 3
1540 4
1541 1
1542 2
1544 1
1546 1
1547 3
1548 1
1549 3
1551 1
1552 1
1555 1
1559 1
1562 4
1563 1
1564 1
1565 1
1567 1
1568 2
1570 3
1571 1
1572 1
1573 2
1576 1
1577 1
1578 2
1580 2
1583 2
1584 4
1585 1
1586 3
1587 2
1588 2
1590 4
1591 2
1592 3
1593 1
1594 1
1595 1
1596 2
1597 2
1599 1
1601 1
1602 1
1603 1
1605 1
1606 2
1607 1
1608 3
1609 2
1611 2
1615 1
1623 1
1624 1
1626 1
1627 1
1628 1
1629 1
1632 2
1633 1
1634 1
1635 1
1638 1
1640 2
1641 4
1643 3
1645 1
1646 3
1647 2
1648 1
1649 2
1650 5
1651 2
1652 3
1653 4
1654 4
1656 1
1657 2
1658 1
1659 2
1660 1
1661 3
1662 2
1664 1
1665 1
1666 1
1667 2
1668 4
1669 2
1670 2
1671 4
1672 3
1673 2
1674 3
1675 4
1676 4
1677 4
1678 2
1679 2
1680 4
1681 2
1682 4
1683 6
1684 2
1685 7
1686 11
1687 6
1688 9
1689 11
1690 5
1691 8
1692 5
1693 10
1694 7
1695 8
1696 11
1697 10
1698 13
1699 10
1700 20
1701 14
1702 14
1703 18
1704 20
1705 18
1706 16
1707 20
1708 25
1709 31
1710 29
1711 33
1712 28
1713 32
1714 32
1715 37
1716 31
1717 36
1718 28
1719 44
1720 36
1721 33
1722 48
1723 43
1724 58
1725 50
1726 45
1727 54
1728 38
1729 50
1730 51
1731 62
1732 65
1733 46
1734 60
1735 83
1736 53
1737 70
1738 63
1739 51
1740 66
1741 86
1742 54
1743 67
1744 68
1745 68
1746 83
1747 73
1748 104
1749 89
1750 93
1751 95
1752 93
1753 94
1754 121
1755 89
1756 88
1757 101
1758 95
1759 97
1760 123
1761 122
1762 118
1763 100
1764 103
1765 99
1766 108
1767 113
1768 95
1769 98
1770 118
1771 100
1772 126
1773 139
1774 124
1775 121
1776 134
1777 131
1778 134
1779 136
1780 151
1781 123
1782 141
1783 144
1784 122
1785 124
1786 132
1787 150
1788 144
1789 146
1790 159
1791 161
1792 143
1793 144
1794 152
1795 141
1796 123
1797 141
1798 155
1799 131
1800 133
1801 116
1802 135
1803 151
1804 132
1805 156
1806 131
1807 143
1808 120
1809 119
1810 137
1811 134
1812 104
1813 144
1814 117
1815 121
1816 126
1817 123
1818 118
1819 114
1820 92
1821 123
1822 137
1823 112
1824 120
1825 120
1826 113
1827 118
1828 106
1829 97
1830 123
1831 104
1832 98
1833 103
1834 99
1835 89
1836 96
1837 80
1838 78
1839 66
1840 78
1841 93
1842 79
1843 83
1844 80
1845 70
1846 89
1847 72
1848 66
1849 66
1850 60
1851 81
1852 56
1853 58
1854 42
1855 57
1856 73
1857 59
1858 46
1859 57
1860 43
1861 44
1862 62
1863 46
1864 63
1865 50
1866 57
1867 46
1868 45
1869 52
1870 57
1871 47
1872 56
1873 48
1874 54
1875 64
1876 66
1877 71
1878 55
1879 52
1880 60
1881 51
1882 37
1883 55
1884 62
1885 49
1886 67
1887 65
1888 69
1889 56
1890 67
1891 63
1892 65
1893 86
1894 77
1895 77
1896 74
1897 73
1898 76
1899 83
1900 104
1901 77
1902 76
1903 81
1904 79
1905 85
1906 84
1907 102
1908 105
1909 105
1910 110
1911 84
1912 94
1913 103
1914 120
1915 126
1916 116
1917 111
1918 120
1919 121
1920 119
1921 140
1922 150
1923 128
1924 159
1925 160
1926 145
1927 148
1928 155
1929 136
1930 142
1931 167
1932 165
1933 158
1934 133
1935 151
1936 139
1937 196
1938 172
1939 163
1940 150
1941 172
1942 160
1943 144
1944 161
1945 146
1946 151
1947 153
1948 154
1949 184
1950 149
1951 145
1952 161
1953 163
1954 152
1955 159
1956 161
1957 164
1958 175
1959 188
1960 192
1961 175
1962 187
1963 184
1964 186
1965 177
1966 197
1967 161
1968 146
1969 182
1970 142
1971 140
1972 158
1973 170
1974 139
1975 144
1976 142
1977 143
1978 162
1979 122
1980 130
1981 130
1982 108
1983 114
1984 113
1985 116
1986 99
1987 87
1988 126
1989 107
1990 117
1991 92
1992 96
1993 103
1994 98
1995 101
1996 92
1997 75
1998 95
1999 93
2000 97
2001 75
2002 96
2003 94
2004 80
2005 79
2006 65
2007 53
2008 64
2009 66
2010 55
2011 59
2012 46
2013 53
2014 52
2015 55
2016 47
2017 42
2018 38
2019 35
2020 41
2021 41
2022 46
2023 42
2024 42
2025 33
2026 43
2027 30
2028 29
2029 27
2030 35
2031 36
2032 39
2033 32
2034 20
2035 33
2036 37
2037 36
2038 28
2039 33
2040 29
2041 35
2042 26
2043 27
2044 20
2045 33
2046 24
2047 21
2048 21
2049 22
2050 27
2051 13
2052 13
2053 9
2054 12
2055 10
2056 13
2057 9
2058 7
2059 4
2060 11
2061 5
2062 7
2063 5
2064 3
2065 6
2066 6
2067 4
2068 9
2069 7
2070 8
2071 10
2072 10
2073 4
2074 10
2075 6
2076 6
2077 6
2078 5
2079 4
2080 3
2081 8
2082 8
2083 6
2084 5
2085 9
2086 10
2087 10
2088 7
2089 6
2090 4
2091 10
2092 5
2093 5
2094 5
2095 5
2096 9
2097 2
2098 7
2099 6
2100 8
2101 5
2102 6
2103 5
2104 7
2105 6
2106 3
2107 3
2108 8
2109 8
2110 6
2111 8
2112 2
2113 6
2114 5
2115 2
2116 5
2117 4
2118 2
2119 4
2120 4
2121 3
2122 4
2123 5
2124 3
2125 2
2126 3
2127 3
2128 1
2129 6
2130 5
2131 3
2132 1
2133 2
2134 6
2135 3
2136 1
2137 3
2138 1
2139 5
2140 8
2141 5
2142 2
2143 3
2144 4
2145 7
2146 2
2147 3
2148 4
2149 3
2150 2
2151 1
2152 2
2153 2
2154 4
2155 5
2156 5
2157 4
2158 5
2159 4
2160 8
2161 4
2162 4
2163 4
2164 3
2165 5
2166 6
2167 6
2168 3
2169 2
2170 3
2171 7
2172 5
2173 7
2175 5
2176 4
2177 7
2178 10
2179 9
2180 9
2181 5
2182 7
2183 6
2184 7
2185 5
2186 6
2187 7
2188 4
2189 2
2190 7
2191 9
2192 12
2193 6
2194 7
2195 5
2196 8
2197 6
2198 7
2199 7
2200 8
2201 6
2203 5
2204 2
2205 8
2206 7
2207 3
2208 3
2209 3
2210 7
2211 5
2212 8
2213 8
2214 13
2215 6
2216 6
2217 6
2218 7
2219 2
2220 6
2221 5
2222 4
2223 10
2224 4
2225 5
2226 5
2227 5
2228 5
2229 6
2230 9
2231 4
2233 3
2234 10
2235 6
2236 4
2237 7
2238 8
2239 4
2240 4
2241 6
2242 7
2243 4
2244 6
2245 5
2246 5
2247 7
2248 5
2249 8
2250 6
2251 9
2252 7
2253 5
2254 6
2255 4
2256 7
2257 8
2258 7
2259 2
2260 4
2261 3
2263 7
2264 5
2265 5
2266 2
2267 6
2268 5
2269 5
2270 2
2271 5
2272 7
2273 2
2274 6
2275 2
2276 3
2277 7
2278 6
2279 1
2281 2
2282 5
2283 2
2284 1
2285 1
2286 2
2287 4
2288 3
2289 2
2290 3
2291 1
2292 3
2293 5
2294 5
2295 1
2296 2
2297 4
2298 2
2299 3
2300 4
2301 5
2302 2
2303 1
2304 4
2305 5
2306 7
2307 5
2308 3
2309 3
2310 3
2311 3
2312 3
2313 8
2314 3
2315 5
2316 4
2317 11
2318 2
2319 4
2320 2
2321 2
2322 2
2324 4
2325 1
2326 5
2327 4
2328 1
2329 3
2330 1
2331 3
2333 3
2334 5
2335 2
2336 2
2337 3
2338 3
2339 3
2340 5
2342 1
2343 2
2344 1
2345 1
2346 2
2347 1
2348 4
2349 5
2351 1
2353 1
2354 1
2355 2
2356 1
2357 4
2358 1
2359 5
2360 1
2361 1
2362 2
2363 5
2364 1
2366 1
2367 3
2368 1
2369 1
2372 3
2375 1
2376 2
2378 5
2379 2
2381 3
2382 3
2383 3
2384 1
2385 5
2386 2
2387 5
2389 3
2390 5
2391 2
2392 3
2393 6
2394 5
2395 2
2396 6
2398 3
2399 3
2400 2
2401 1
2402 3
2403 2
2404 4
2405 1
2406 6
2407 4
2408 2
2409 1
2410 3
2411 2
2412 5
2413 1
2414 1
2415 2
2417 2
2418 2
2419 3
2420 3
2421 7
2422 6
2423 3
2424 1
2425 1
2426 1
2427 2
2428 2
2429 2
2430 3
2431 2
2432 4
2433 3
2434 1
2436 3
2437 2
2438 2
2439 4
2440 3
2441 2
2442 2
2443 2
2444 2
2445 4
2446 1
2447 3
2448 2
2449 2
2450 3
2451 2
2452 2
2453 6
2454 3
2455 1
2456 2
2457 4
2458 4
2459 4
2460 3
2461 3
2462 1
2463 2
2464 1
2466 4
2467 1
2468 2
2470 1
2471 2
2472 2
2474 4
2475 5
2476 2
2478 2
2479 1
2480 2
2482 3
2483 3
2484 2
2485 1
2486 3
2488 7
2489 1
2490 1
2491 6
2492 2
2493 2
2494 4
2495 5
2496 3
2498 2
2499 6
2500 4
2501 3
2502 3
2503 2
2505 6
2506 4
2507 4
2508 7
2509 4
2511 4
2512 4
2513 2
2514 2
2515 2
2516 5
2517 3
2518 4
2519 5
2520 2
2521 1
2522 3
2523 4
2524 8
2525 5
2526 4
2527 3
2528 6
2529 6
2530 5
2531 4
2532 7
2533 8
2534 7
2535 8
2536 4
2537 6
2538 7
2539 9
2540 4
2541 4
2542 9
2543 7
2544 8
2545 5
2546 7
2547 5
2548 1
2549 8
2550 5
2551 4
2552 5
2553 5
2554 4
2555 10
2556 10
2557 8
2558 5
2559 7
2560 7
2561 6
2562 11
2563 2
2564 8
2565 7
2566 10
2567 8
2568 5
2569 6
2570 9
2571 4
2572 10
2573 6
2574 8
2575 16
2576 9
2577 7
2578 9
2579 15
2580 9
2581 10
2582 18
2583 9
2584 13
2585 9
2586 16
2587 8
2588 15
2589 15
2590 16
2591 15
2592 14
2593 12
2594 14
2595 16
2596 22
2597 12
2598 13
2599 19
2600 20
2601 13
2602 20
2603 15
2604 18
2605 19
2606 28
2607 21
2608 29
2609 24
2610 18
2611 27
2612 23
2613 37
2614 35
2615 29
2616 33
2617 34
2618 27
2619 31
2620 28
2621 50
2622 40
2623 40
2624 33
2625 36
2626 51
2627 49
2628 42
2629 39
2630 41
2631 51
2632 54
2633 51
2634 49
2635 36
2636 50
2637 63
2638 46
2639 61
2640 57
2641 58
2642 53
2643 57
2644 55
2645 53
2646 56
2647 63
2648 68
2649 65
2650 71
2651 65
2652 75
2653 59
2654 59
2655 57
2656 67
2657 69
2658 63
2659 82
2660 69
2661 84
2662 81
2663 91
2664 82
2665 76
2666 70
2667 98
2668 80
2669 68
2670 78
2671 52
2672 86
2673 90
2674 67
2675 86
2676 84
2677 62
2678 73
2679 74
2680 77
2681 78
2682 73
2683 66
2684 71
2685 78
2686 71
2687 69
2688 59
2689 73
2690 87
2691 84
2692 73
2693 73
2694 61
2695 72
2696 76
2697 69
2698 71
2699 62
2700 70
2701 66
2702 85
2703 65
2704 61
2705 67
2706 64
2707 62
2708 69
2709 70
2710 72
2711 60
2712 61
2713 69
2714 64
2715 60
2716 78
2717 72
2718 61
2719 74
2720 76
2721 72
2722 65
2723 85
2724 74
2725 65
2726 73
2727 61
2728 72
2729 60
2730 54
2731 61
2732 43
2733 62
2734 70
2735 53
2736 55
2737 58
2738 54
2739 53
2740 51
2741 44
2742 34
2743 54
2744 41
2745 42
2746 49
2747 61
2748 58
2749 51
2750 39
2751 50
2752 41
2753 40
2754 47
2755 43
2756 35
2757 26
2758 44
2759 45
2760 44
2761 30
2762 38
2763 33
2764 34
2765 26
2766 38
2767 27
2768 31
2769 30
2770 31
2771 31
2772 34
2773 28
2774 26
2775 26
2776 28
2777 22
2778 22
2779 19
2780 25
2781 19
2782 15
2783 17
2784 17
2785 29
2786 17
2787 15
2788 9
2789 14
2790 9
2791 8
2792 15
2793 7
2794 6
2795 13
2796 12
2797 6
2798 4
2799 12
2800 9
2801 4
2802 9
2803 9
2804 7
2805 9
2806 8
2807 9
2808 4
2809 7
2810 8
2811 7
2812 2
2813 8
2814 2
2815 2
2816 6
2817 3
2818 7
2819 5
2820 7
2821 4
2822 4
2823 8
2824 6
2825 6
2826 1
2827 2
2828 7
2829 4
2830 2
2831 2
2832 6
2833 6
2834 6
2835 3
2836 11
2837 1
2838 4
2839 4
2840 2
2841 1
2842 1
2843 5
2844 5
2845 4
2846 1
2847 4
2848 2
2849 1
2850 2
2851 4
2852 8
2853 5
2854 4
2855 5
2856 4
2857 4
2858 4
2859 3
2860 3
2861 5
2863 2
2864 4
2865 3
2866 3
2867 3
2868 4
2869 2
2870 5
2871 4
2872 3
2873 4
2874 7
2875 7
2876 6
2877 4
2878 7
2879 5
2880 5
2881 3
2882 4
2883 12
2884 1
2885 6
2886 8
2887 5
2888 8
2889 9
2890 9
2891 12
2892 5
2893 9
2894 10
2895 14
2896 3
2897 4
2898 5
2899 13
2900 14
2901 8
2902 7
2903 11
2904 9
2905 11
2906 10
2907 7
2908 6
2909 6
2910 4
2911 11
2912 13
2913 10
2914 11
2915 12
2916 4
2917 8
2918 7
2919 8
2920 6
2921 7
2922 14
2923 9
2924 10
2925 10
2926 13
2927 9
2928 10
2929 11
2930 8
2931 10
2932 16
2933 11
2934 12
2935 14
2936 8
2937 12
2938 15
2939 12
2940 9
2941 11
2942 15
2943 8
2944 14
2945 14
2946 14
2947 20
2948 14
2949 7
2950 8
2951 11
2952 13
2953 9
2954 13
2955 9
2956 12
2957 9
2958 10
2959 12
2960 8
2961 8
2962 12
2963 10
2964 15
2965 6
2966 8
2967 6
2968 13
2969 11
2970 12
2971 19
2972 15
2973 12
2974 18
2975 6
2976 4
2977 6
2978 15
2979 10
2980 4
2981 6
2982 6
2983 10
2984 7
2985 9
2986 7
2987 9
2988 9
2989 12
2990 5
2991 11
2992 12
2993 11
2994 15
2995 9
2996 7
2997 4
2998 6
2999 7
3000 5
3001 6
3002 5
3003 7
3004 6
3005 3
3006 5
3007 3
3008 3
3009 4
3010 3
3011 6
3012 10
3013 4
3014 6
3015 1
3016 6
3017 4
3018 6
3019 3
3020 1
3021 3
3022 1
3023 5
3024 6
3025 8
3026 6
3027 3
3028 4
3029 4
3030 4
3031 3
3032 3
3033 3
3034 6
3035 2
3036 6
3037 4
3038 7
3039 3
3040 3
3041 3
3042 6
3043 5
3044 6
3045 1
3046 8
3047 4
3048 4
3049 4
3050 4
3051 5
3052 3
3053 6
3054 3
3055 7
3056 5
3057 2
3058 3
3059 3
3060 9
3061 9
3062 3
3063 4
3064 5
3065 9
3066 4
3067 6
3068 7
3069 5
3070 4
3071 10
3072 4
3073 8
3074 9
3075 4
3076 10
3077 7
3078 5
3079 11
3080 7
3081 5
3082 7
3083 7
3084 2
3085 9
3086 4
3087 3
3088 2
3089 6
3090 1
3091 3
3092 3
3093 5
3094 5
3095 7
3096 6
3097 4
3098 9
3099 4
3100 6
3101 6
3102 8
3103 6
3104 5
3105 10
3106 4
3107 11
3108 10
3109 4
3110 3
3111 9
3112 6
3113 8
3114 6
3115 4
3116 4
3117 4
3118 8
3119 3
3120 3
3121 3
3122 6
3123 8
3124 3
3125 5
3126 3
3127 4
3128 3
3129 7
3130 1
3131 5
3132 5
3133 2
3134 1
3135 1
3136 7
3137 3
3138 8
3139 3
3140 5
3141 2
3142 5
3143 5
3144 5
3145 2
3146 3
3147 9
3148 4
3149 6
3150 5
3151 1
3152 5
3153 2
3154 4
3155 4
3156 4
3157 6
3158 2
3159 5
3160 6
3161 8
3162 1
3163 5
3164 2
3165 4
3166 7
3168 7
3169 1
3170 5
3171 4
3172 4
3173 1
3174 6
3175 2
3176 5
3177 1
3178 2
3179 4
3180 2
3181 3
3182 4
3183 4
3184 2
3185 5
3186 3
3187 3
3188 1
3189 2
3191 4
3192 4
3193 1
3194 3
3195 4
3197 1
3198 2
3199 2
3200 4
3201 1
3203 3
3205 3
3206 1
3207 1
3208 2
3209 4
3210 1
3211 1
3212 1
3214 2
3215 1
3216 1
3217 2
3218 3
3220 1
3221 2
3222 3
3224 1
3225 1
3226 1
3227 1
3228 1
3229 2
3230 2
3232 2
3236 1
3237 5
3238 2
3239 1
3240 3
3241 3
3242 1
3243 1
3244 3
3245 3
3246 1
3247 2
3248 1
3249 2
3251 1
3254 2
3257 2
3258 2
3259 1
3261 1
3264 1
3266 1
3267 2
3270 2
3272 4
3274 1
3275 1
3276 2
3277 1
3279 1
3285 1
3286 1
3288 1
3290 1
3299 1
3305 2
3309 1
3312 1
3313 2
3329 1
3333 1
3339 2
3343 1
3344 1
3348 1
3351 1
3354 1
3356 1
3363 1
3372 1
3373 1
3376 2
3380 1
3389 1
3391 1
3393 1
3394 1
3395 2
3397 1
3398 1
3405 1
3406 2
3410 1
3415 2
3419 1
3420 1
3427 1
3432 1
3435 2
3436 2
3437 1
3438 2
3439 2
3440 2
3441 2
3442 1
3443 3
3444 3
3445 3
3446 2
3447 1
3448 2
3449 3
3452 4
3454 4
3456 1
3457 2
3458 4
3459 3
3461 4
3462 1
3463 11
3464 5
3465 3
3466 3
3467 4
3468 3
3469 5
3470 4
3471 10
3472 9
3473 3
3474 7
3475 6
3476 2
3477 10
3478 10
3479 1
3480 10
3481 10
3482 7
3483 8
3484 8
3485 3
3486 8
3487 5
3488 5
3489 8
3490 6
3491 8
3492 10
3493 3
3494 6
3495 2
3496 9
3497 9
3498 6
3499 5
3500 10
3501 5
3502 9
3503 8
3504 5
3505 13
3506 14
3507 8
3508 4
3509 8
3510 10
3511 8
3512 12
3513 12
3514 11
3515 12
3516 8
3517 9
3518 10
3519 11
3520 10
3521 11
3522 8
3523 11
3524 8
3525 7
3526 11
3527 19
3528 11
3529 6
3530 10
3531 19
3532 17
3533 18
3534 15
3535 20
3536 10
3537 13
3538 13
3539 18
3540 13
3541 20
3542 10
3543 14
3544 18
3545 18
3546 13
3547 19
3548 10
3549 9
3550 16
3551 9
3552 14
3553 18
3554 20
3555 16
3556 14
3557 16
3558 14
3559 19
3560 28
3561 20
3562 19
3563 22
3564 21
3565 21
3566 15
3567 19
3568 23
3569 23
3570 18
3571 27
3572 13
3573 24
3574 17
3575 26
3576 27
3577 21
3578 22
3579 29
3580 14
3581 24
3582 23
3583 33
3584 19
3585 28
3586 24
3587 19
3588 15
3589 23
3590 24
3591 20
3592 19
3593 27
3594 16
3595 26
3596 12
3597 28
3598 16
3599 16
3600 16
3601 24
3602 21
3603 19
3604 27
3605 35
3606 18
3607 16
3608 22
3609 17
3610 21
3611 18
3612 27
3613 19
3614 15
3615 28
3616 18
3617 12
3618 20
3619 17
3620 19
3621 19
3622 15
3623 10
3624 14
3625 12
3626 20
3627 23
3628 17
3629 17
3630 10
3631 12
3632 19
3633 16
3634 15
3635 17
3636 15
3637 12
3638 8
3639 15
3640 14
3641 14
3642 11
3643 12
3644 13
3645 10
3646 7
3647 15
3648 14
3649 6
3650 14
3651 11
3652 8
3653 6
3654 14
3655 13
3656 10
3657 9
3658 19
3659 13
3660 7
3661 9
3662 6
3663 7
3664 11
3665 9
3666 7
3667 6
3668 9
3669 6
3670 11
3671 8
3672 13
3673 2
3674 6
3675 3
3676 9
3677 6
3678 4
3679 6
3680 7
3681 4
3682 5
3683 3
3684 7
3685 4
3686 8
3687 3
3688 7
3689 2
3690 7
3691 4
3692 5
3693 5
3694 6
3695 7
3696 5
3697 5
3698 7
3699 7
3700 3
3701 1
3702 6
3703 4
3704 2
3705 2
3706 1
3707 1
3708 6
3709 5
3710 5
3711 3
3712 5
3713 3
3714 6
3715 5
3716 5
3718 5
3719 2
3720 1
3721 2
3722 3
3724 3
3725 6
3726 3
3727 1
3728 2
3729 3
3730 1
3731 4
3732 1
3733 1
3734 2
3736 1
3738 2
3739 1
3741 1
3742 2
3743 1
3744 4
3745 1
3747 3
3749 2
3750 2
3751 1
3752 3
3753 1
3754 1
3755 3
3757 2
3758 1
3759 1
3760 4
3761 2
3762 1
3763 1
3764 1
3765 2
3766 3
3767 1
3768 1
3770 2
3771 2
3773 1
3774 2
3775 2
3776 1
3777 1
3778 1
3779 4
3780 2
3781 5
3782 1
3783 3
3784 2
3785 2
3786 3
3787 3
3788 1
3789 2
3790 8
3791 3
3792 7
3793 7
3794 4
3795 4
3796 2
3797 11
3798 5
3799 6
3800 6
3801 4
3802 8
3803 4
3804 5
3805 2
3806 10
3807 2
3808 6
3809 3
3810 4
3811 8
3812 8
3813 5
3814 3
3815 14
3816 11
3817 6
3818 6
3819 9
3820 9
3821 14
3822 8
3823 19
3824 10
3825 14
3826 14
3827 13
3828 17
3829 13
3830 12
3831 11
3832 10
3833 21
3834 16
3835 7
3836 12
3837 16
3838 10
3839 25
3840 14
3841 6
3842 16
3843 13
3844 14
3845 15
3846 17
3847 15
3848 21
3849 19
3850 15
3851 12
3852 21
3853 20
3854 16
3855 10
3856 8
3857 23
3858 17
3859 22
3860 17
3861 18
3862 22
3863 21
3864 16
3865 18
3866 14
3867 20
3868 21
3869 19
3870 18
3871 23
3872 14
3873 21
3874 30
3875 22
3876 20
3877 20
3878 8
3879 22
3880 21
3881 16
3882 16
3883 24
3884 15
3885 21
3886 17
3887 23
3888 15
3889 24
3890 18
3891 17
3892 19
3893 23
3894 18
3895 17
3896 26
3897 14
3898 17
3899 19
3900 20
3901 22
3902 24
3903 20
3904 20
3905 20
3906 17
3907 27
3908 22
3909 18
3910 23
3911 18
3912 24
3913 16
3914 24
3915 16
3916 19
3917 20
3918 15
3919 23
3920 13
3921 21
3922 21
3923 19
3924 9
3925 18
3926 17
3927 21
3928 27
3929 21
3930 19
3931 16
3932 11
3933 24
3934 11
3935 15
3936 16
3937 12
3938 18
3939 13
3940 14
3941 14
3942 17
3943 24
3944 14
3945 13
3946 11
3947 15
3948 17
3949 13
3950 16
3951 24
3952 12
3953 11
3954 11
3955 8
3956 14
3957 17
3958 10
3959 14
3960 13
3961 11
3962 15
3963 10
3964 11
3965 13
3966 12
3967 10
3968 7
3969 6
3970 14
3971 10
3972 9
3973 11
3974 8
3975 9
3976 9
3977 8
3978 7
3979 7
3980 4
3981 11
3982 13
3983 7
3984 8
3985 11
3986 9
3987 5
3988 9
3989 13
3990 5
3991 10
3992 7
3993 7
3994 7
3995 4
3996 8
3997 8
3998 5
3999 5
4000 5
4001 7
4002 7
4003 8
4004 7
4005 3
4006 2
4007 5
4008 10
4009 6
4011 3
4012 6
4013 5
4014 4
4015 4
4016 6
4017 5
4018 4
4019 6
4020 6
4021 3
4022 3
4023 3
4024 4
4025 1
4026 3
4027 3
4028 4
4029 3
4030 2
4031 1
4032 5
4033 4
4034 2
4035 1
4036 2
4037 3
4038 1
4040 2
4042 1
4043 1
4044 1
4045 1
4048 1
4050 2
4051 1
4055 1
4057 1
4058 1
4059 1
4064 1
4111 1
4116 1
4128 1
4130 1
4131 1
4133 1
4142 1
4143 1
4154 1
4160 1
4165 1
4178 1
4183 1
4189 1
4273 1
4275 1
4277 3
4278 1
4285 1
4286 1
4287 1
4288 3
4289 2
4292 2
4294 2
4295 1
4296 2
4308 1
4310 2
4311 1
4314 1
4316 1
4320 1
4321 1
4323 1
4324 2
4325 1
4326 1
4327 1
4328 1
4335 2
4336 1
4338 2
4343 1
4346 2
4347 2
4348 2
4349 2
4350 1
4353 1
4355 1
4357 4
4358 3
4359 1
4360 1
4361 4
4362 1
4363 2
4364 2
4365 3
4366 5
4367 2
4368 4
4369 1
4370 2
4371 2
4372 3
4374 4
4375 2
4376 3
4377 1
4378 3
4379 4
4380 1
4382 4
4383 2
4384 4
4385 2
4386 3
4387 4
4388 5
4389 5
4390 5
4391 3
4392 4
4393 2
4394 6
4395 8
4396 6
4397 1
4398 5
4399 5
4400 4
4401 3
4402 2
4403 5
4404 3
4405 5
4406 5
4407 4
4408 7
4409 6
4410 9
4411 6
4412 7
4413 6
4414 7
4415 6
4416 7
4417 9
4418 9
4419 8
4420 6
4421 11
4422 14
4423 6
4424 14
4425 8
4426 8
4427 8
4428 12
4429 13
4430 6
4431 8
4432 6
4433 12
4434 13
4435 12
4436 10
4437 16
4438 7
4439 10
4440 13
4441 15
4442 11
4443 12
4444 19
4445 9
4446 12
4447 12
4448 18
4449 9
4450 11
4451 12
4452 13
4453 13
4454 11
4455 17
4456 26
4457 13
4458 10
4459 27
4460 10
4461 19
4462 17
4463 15
4464 10
4465 21
4466 10
4467 14
4468 11
4469 14
4470 20
4471 8
4472 20
4473 11
4474 7
4475 13
4476 15
4477 21
4478 11
4479 22
4480 9
4481 17
4482 18
4483 10
4484 17
4485 15
4486 17
4487 16
4488 20
4489 22
4490 23
4491 13
4492 23
4493 15
4494 15
4495 21
4496 21
4497 12
4498 20
4499 15
4500 15
4501 16
4502 17
4503 21
4504 14
4505 13
4506 14
4507 8
4508 15
4509 10
4510 14
4511 18
4512 14
4513 15
4514 10
4515 13
4516 12
4517 11
4518 8
4519 16
4520 14
4521 10
4522 14
4523 13
4524 8
4525 12
4526 11
4527 10
4528 12
4529 4
4530 8
4531 10
4532 10
4533 5
4534 10
4535 7
4536 14
4537 6
4538 9
4539 9
4540 13
4541 11
4542 12
4543 12
4544 13
4545 7
4546 11
4547 6
4548 6
4549 8
4550 8
4551 6
4552 7
4553 7
4554 12
4555 7
4556 6
4557 9
4558 13
4559 9
4560 7
4561 8
4562 7
4563 6
4564 8
4565 8
4566 4
4567 5
4568 11
4569 5
4570 5
4571 3
4572 3
4573 3
4574 6
4575 3
4576 5
4577 4
4578 2
4579 2
4580 3
4581 1
4582 3
4584 3
4585 2
4586 2
4589 5
4590 1
4591 4
4592 1
4594 3
4598 1
4600 1
4601 2
4602 3
4603 1
4604 1
4605 2
4607 4
4608 1
4609 1
4611 2
4612 1
4613 2
4614 2
4616 2
4617 1
4618 1
4619 1
4620 1
4621 1
4624 3
4625 2
4627 3
4628 2
4629 1
4631 1
4632 1
4634 3
4635 2
4638 1
4639 2
4640 1
4641 1
4642 2
4643 1
4644 3
4645 1
4646 1
4647 3
4648 1
4649 1
4651 1
4655 3
4656 1
4658 1
4659 2
4663 2
4664 1
4672 2
4673 1
4717 1
4718 1
4735 1
4746 1
4750 1
4756 1
4763 1
4766 2
4768 2
4770 2
4772 1
4773 2
4774 2
4776 1
4777 5
4778 2
4780 1
4781 1
4782 3
4783 2
4784 2
4785 6
4786 2
4787 2
4788 4
4790 5
4791 3
4792 3
4793 2
4794 6
4795 4
4796 4
4797 1
4798 10
4799 7
4800 2
4802 4
4803 6
4804 4
4805 3
4806 5
4807 1
4808 5
4809 4
4810 3
4811 4
4812 7
4813 4
4814 3
4815 4
4816 5
4817 5
4818 4
4819 6
4820 3
4821 8
4822 4
4823 8
4824 5
4825 2
4826 7
4827 4
4828 7
4829 5
4830 3
4831 8
4832 7
4833 5
4834 10
4835 9
4836 8
4837 6
4838 8
4839 8
4840 13
4841 6
4842 6
4843 9
4844 7
4845 6
4846 10
4847 6
4848 13
4849 11
4850 9
4851 9
4852 10
4853 6
4854 10
4855 8
4856 9
4857 12
4858 13
4859 15
4860 7
4861 8
4862 8
4863 6
4864 9
4865 6
4866 5
4867 7
4868 13
4869 8
4870 9
4871 6
4872 7
4873 8
4874 6
4875 9
4876 7
4877 8
4878 7
4879 5
4880 8
4881 10
4882 5
4883 8
4884 7
4885 4
4886 6
4887 6
4888 15
4889 10
4890 2
4891 7
4892 8
4893 6
4894 6
4895 10
4896 8
4897 9
4898 9
4899 7
4900 10
4901 11
4902 6
4903 4
4904 10
4905 9
4906 7
4907 11
4908 7
4909 6
4910 11
4911 8
4912 10
4913 9
4914 8
4915 5
4916 6
4917 3
4918 11
4919 9
4920 3
4921 9
4922 7
4923 9
4924 13
4925 6
4926 5
4927 8
4928 6
4929 5
4930 7
4931 8
4932 8
4933 7
4934 1
4935 11
4936 10
4937 5
4938 8
4939 10
4940 10
4941 6
4942 2
4943 6
4944 4
4945 7
4946 6
4947 7
4948 4
4949 10
4950 7
4951 1
4952 4
4953 11
4954 6
4955 13
4956 6
4957 7
4958 4
4959 8
4960 5
4961 6
4962 4
4963 8
4964 4
4965 7
4966 5
4967 7
4968 2
4969 3
4970 6
4971 5
4972 4
4973 5
4974 3
4975 5
4976 2
4977 1
4978 7
4979 2
4980 3
4981 4
4983 4
4984 1
4985 5
4986 1
4987 3
4988 1
4989 4
4990 5
4991 1
4992 1
4993 1
4995 2
4997 3
4999 2
5000 3
5001 2
5002 2
5003 2
5004 2
5005 1
5006 1
5008 2
5009 2
5010 1
5011 2
5013 4
5014 1
5015 1
5016 1
5017 1
5018 2
5020 1
5021 2
5022 1
5023 1
5024 1
5025 1
5027 1
5028 2
5029 1
5032 2
5034 2
5037 2
5041 1
5042 1
5043 1
5044 1
5071 1
5074 1
5086 1
5093 1
5097 1
5165 1
5190 1
5209 1
5211 2
5214 1
5216 1
5217 2
5218 1
5220 1
5221 2
5222 1
5223 2
5224 2
5225 1
5226 2
5228 3
5229 2
5230 2
5231 1
5232 4
5235 2
5236 5
5237 4
5238 4
5239 6
5240 3
5241 4
5242 3
5243 5
5244 3
5245 3
5246 2
5247 2
5248 6
5249 6
5250 7
5251 6
5252 2
5253 7
5254 7
5255 3
5256 8
5257 8
5258 3
5259 2
5260 6
5261 6
5262 2
5263 8
5264 2
5265 8
5266 4
5267 6
5268 3
5269 3
5270 7
5271 4
5272 6
5274 4
5275 2
5276 5
5277 7
5278 7
5279 2
5280 5
5281 3
5282 4
5283 8
5284 8
5285 8
5286 6
5287 4
5288 6
5289 3
5290 5
5291 2
5292 4
5293 5
5294 6
5295 7
5296 6
5297 7
5298 7
5299 10
5300 9
5301 7
5302 4
5303 11
5304 3
5305 5
5306 11
5307 8
5308 7
5309 7
5310 12
5311 10
5312 7
5313 3
5314 8
5315 2
5316 5
5317 6
5318 5
5319 8
5320 9
5321 5
5322 7
5323 5
5324 6
5325 4
5326 13
5327 5
5328 9
5329 8
5330 9
5331 7
5332 6
5333 5
5334 9
5335 13
5336 11
5337 7
5338 6
5339 9
5340 13
5341 8
5342 10
5343 12
5344 11
5345 9
5346 8
5347 4
5348 6
5349 8
5350 6
5351 9
5352 7
5353 8
5354 10
5355 6
5356 8
5357 5
5358 5
5359 10
5360 10
5361 11
5362 11
5363 15
5364 7
5365 5
5366 10
5367 9
5368 7
5369 8
5370 8
5371 13
5372 11
5373 7
5374 12
5375 10
5376 13
5377 15
5378 5
5379 8
5380 9
5381 10
5382 8
5383 14
5384 8
5385 5
5386 11
5387 8
5388 13
5389 15
5390 8
5391 10
5392 15
5393 11
5394 5
5395 13
5396 5
5397 11
5398 16
5399 9
5400 12
5401 16
5402 10
5403 12
5404 15
5405 13
5406 7
5407 15
5408 10
5409 13
5410 14
5411 13
5412 8
5413 10
5414 9
5415 10
5416 10
5417 9
5418 5
5419 6
5420 12
5421 16
5422 11
5423 14
5424 9
5425 14
5426 12
5427 8
5428 9
5429 11
5430 12
5431 14
5432 16
5433 11
5434 9
5435 11
5436 6
5437 10
5438 6
5439 7
5440 12
5441 10
5442 8
5443 10
5444 11
5445 7
5446 8
5447 3
5448 8
5449 8
5450 2
5451 5
5452 5
5453 6
5454 4
5455 4
5456 8
5457 9
5458 3
5459 12
5460 9
5461 5
5462 6
5463 6
5464 3
5465 5
5466 3
5467 2
5468 4
5469 10
5470 5
5471 9
5472 3
5473 2
5474 6
5475 7
5476 2
5477 4
5478 4
5479 1
5480 6
5481 7
5482 4
5483 3
5484 6
5485 1
5486 3
5487 4
5488 4
5489 5
5490 4
5491 4
5492 1
5493 4
5494 4
5495 3
5496 3
5497 7
5498 6
5499 6
5500 10
5501 4
5502 1
5503 5
5504 3
5505 2
5507 3
5508 3
5509 2
5510 1
5511 3
5512 2
5513 2
5514 5
5515 7
5516 2
5517 4
5518 9
5520 5
5521 3
5522 5
5523 3
5524 5
5525 3
5526 1
5527 2
5528 3
5529 2
5530 2
5531 5
5532 3
5533 4
5534 3
5535 1
5536 3
5537 6
5538 4
5539 3
5540 2
5541 1
5542 3
5543 4
5544 1
5545 3
5546 4
5547 1
5548 4
5549 3
5550 2
5551 3
5553 3
5554 3
5555 3
5556 4
5557 4
5558 1
5559 5
5560 3
5561 1
5562 3
5563 2
5564 1
5565 1
5567 2
5568 1
5569 2
5571 3
5572 3
5573 1
5574 1
5575 2
5576 2
5577 3
5578 1
5579 2
5581 1
5582 3
5583 1
5585 3
5587 1
5588 3
5589 2
5590 1
5593 2
5594 1
5595 1
5596 1
5599 1
5609 1
5624 1
5635 1
5638 1
5652 1
5662 1
5664 4
5675 2
5676 1
5682 2
5684 3
5685 1
5688 1
5689 2
5690 1
5695 2
5697 1
5698 1
5699 1
5703 1
5730 1
5743 2
5746 1
5748 2
5750 2
5753 1
5754 2
5761 3
5763 3
5764 2
5766 1
5768 1
5769 1
5772 2
5773 1
5776 1
5777 1
5778 1
5780 1
5782 1
5783 1
5784 2
5787 1
5788 3
5789 3
5790 2
5792 2
5794 2
5795 4
5796 2
5797 3
5798 4
5799 2
5800 2
5802 2
5803 5
5804 1
5805 1
5806 3
5807 1
5808 2
5809 3
5810 1
5811 1
5812 1
5813 3
5814 3
5815 2
5816 1
5817 1
5820 2
5822 2
5825 3
5826 1
5827 5
5828 1
5829 3
5831 1
5832 1
5833 1
5835 3
5837 1
5838 2
5839 1
5841 1
5842 1
5843 2
5844 1
5845 2
5847 2
5849 3
5853 1
5855 1
5859 1
5860 1
5862 1
5863 1
5866 2
5867 3
5868 4
5870 3
5874 5
5875 1
5877 3
5879 1
5880 1
5881 2
5882 1
5883 2
5884 1
5886 2
5887 1
5888 1
5891 2
5892 2
5896 2
5897 3
5898 1
5899 3
5901 1
5902 2
5906 1
5908 1
5909 1
5910 2
5911 1
5913 1
5916 1
5917 1
5918 2
5919 1
5920 2
5921 2
5922 1
5923 1
5924 2
5925 1
5927 1
5928 1
5930 1
5931 2
5932 1
5934 1
5935 1
5937 2
5940 1
5941 1
5942 1
5943 2
5946 1
5949 1
5950 1
5951 2
5952 1
5954 1
5956 1
5957 4
5959 1
5961 2
5962 1
5969 1
5970 1
5971 1
5973 1
5974 1
5976 1
5977 1
5978 1
5982 2
5984 1
5988 1
5989 2
5991 1
5992 1
5994 1
5996 1
5998 1
5999 2
6002 2
6003 3
6009 1
6010 1
6012 2
6013 1
6016 1
6017 1
6019 1
6021 1
6022 1
6023 1
6024 1
6026 1
6030 1
6031 1
6034 1
6037 1
6042 1
6088 1
6096 1
6102 1
6103 1
6114 1
6127 1
6129 1
6140 1
6141 1
6143 1
6147 1
6153 2
6160 1
6162 2
6164 1
6166 1
6171 2
6172 1
6174 1
6178 1
6180 4
6181 1
6182 1
6185 2
6186 2
6187 3
6188 4
6190 1
6193 2
6194 1
6196 2
6198 3
6199 3
6200 1
6201 2
6202 5
6204 2
6206 7
6207 1
6208 1
6209 2
6211 3
6213 1
6215 6
6216 1
6217 1
6218 3
6219 1
6220 2
6221 4
6222 1
6223 3
6224 2
6225 2
6226 1
6229 2
6230 2
6231 2
6232 4
6233 2
6234 1
6235 1
6236 2
6237 2
6238 2
6239 5
6240 1
6241 3
6242 1
6243 3
6244 1
6245 2
6247 2
6248 5
6249 4
6250 1
6252 3
6253 6
6254 3
6255 3
6256 3
6258 3
6259 2
6261 3
6262 1
6263 6
6264 3
6265 1
6266 4
6267 4
6268 1
6269 3
6270 1
6271 1
6272 5
6273 1
6274 2
6275 1
6276 1
6280 1
6281 1
6282 1
6284 3
6288 1
6289 1
6290 1
6291 1
6293 3
6294 3
6295 3
6296 1
6297 1
6298 3
6301 1
6303 1
6307 2
6309 2
6312 1
6314 1
6315 1
6316 1
6320 1
6321 1
6322 1
6324 2
6325 1
6327 1
6328 2
6329 3
6331 1
6332 1
6333 1
6334 3
6335 4
6337 1
6339 2
6340 4
6341 1
6342 2
6344 2
6345 2
6347 2
6348 1
6352 1
6355 2
6357 1
6359 3
6361 1
6367 1
6369 1
6370 1
6374 1
6379 1
6380 1
6385 1
6420 1
6422 1
6442 1
6443 1
6451 1
6452 1
6457 1
6462 1
6472 1
6478 1
6481 1
6484 1
6493 1
6568 1
6614 1
6703 1
6723 1
6725 1
6746 1
6750 1
6767 1
6799 1
6803 1
6837 1
6857 1
6892 1
6911 1
6914 1
6941 1
6948 1
6949 1
6950 1
6953 1
6955 1
6961 1
6969 1
6977 1
6981 3
6984 1
6986 2
6988 1
6997 1
6999 1
7000 1
7005 1
7008 1
7011 1
7015 1
7023 1
7031 1
7036 1
7040 1
7045 1
7051 1
7054 1
7058 1
7059 1
7061 2
7063 1
7064 1
7065 1
7066 3
7068 1
7072 2
7073 1
7077 1
7078 1
7079 2
7081 1
7083 1
7088 1
7089 2
7090 2
7091 1
7092 1
7093 1
7094 1
7099 2
7100 1
7102 2
7103 2
7104 1
7107 1
7108 1
7109 1
7110 1
7111 2
7114 1
7117 1
7123 1
7125 1
7126 1
7129 2
7130 1
7136 2
7137 1
7139 3
7144 1
7145 1
7150 1
7153 3
7154 1
7155 1
7157 1
7158 1
7159 3
7161 1
7164 1
7165 1
7167 1
7169 1
7172 2
7173 1
7174 1
7177 1
7178 2
7179 1
7180 3
7181 1
7182 3
7183 1
7186 1
7188 2
7189 1
7191 2
7193 2
7197 1
7202 1
7203 3
7204 1
7207 2
7208 1
7209 1
7210 4
7211 2
7212 1
7213 1
7215 1
7216 4
7218 1
7219 2
7220 3
7223 2
7224 2
7226 2
7228 2
7231 1
7232 4
7234 1
7235 2
7237 5
7238 2
7239 1
7241 1
7242 3
7243 1
7244 1
7245 3
7247 1
7248 1
7249 2
7253 2
7254 1
7257 2
7258 1
7260 1
7261 1
7262 1
7264 1
7265 1
7268 1
7269 1
7270 1
7272 1
7274 1
7275 1
7277 1
7280 1
7287 1
7288 2
7296 2
7297 1
7302 1
7312 1
7316 1
7318 1
7319 1
7323 1
7334 1
7337 2
7342 1
7371 1
7378 1
7382 1
7388 1
7389 1
7390 1
7391 1
7392 1
7393 1
7396 1
7397 1
7400 2
7404 1
7411 1
7412 1
7413 1
7415 1
7417 2
7418 1
7420 3
7422 2
7423 1
7425 1
7426 1
7427 1
7430 1
7440 1
7441 1
7458 1
7464 1
7469 1
7471 1
7533 1
7614 1
7700 1
7713 1
7740 1
7762 1
7813 1
7839 1
7849 1
7853 1
7885 1
7896 1
7901 2
7911 1
7918 1
7928 1
7936 1
7940 2
7944 2
7946 1
7951 1
7952 1
7957 1
7958 1
7960 1
7964 1
7965 1
7966 1
7971 1
7983 2
7984 2
7989 2
7991 2
7992 1
7994 1
7995 1
7996 1
7998 1
8000 1
8001 2
8008 1
8009 1
8011 1
8017 1
8019 1
8021 1
8025 1
8026 1
8029 1
8032 1
8034 1
8035 2
8038 2
8040 1
8041 1
8047 1
8049 1
8055 1
8061 1
8062 1
8065 1
8066 1
8067 1
8072 1
8073 1
8074 1
8075 1
8076 1
8077 1
8078 1
8080 2
8084 1
8085 1
8089 1
8090 3
8091 2
8092 2
8093 2
8095 1
8096 3
8099 3
8101 1
8102 1
8103 1
8105 1
8106 1
8107 3
8114 1
8115 1
8116 2
8118 2
8122 1
8132 2
8134 1
8135 1
8136 2
8138 1
8139 1
8149 1
8150 1
8151 1
8157 1
8159 1
8162 2
8166 1
8172 1
8174 2
8177 1
8181 1
8188 2
8191 2
8199 1
8201 3
8203 1
8204 2
8214 1
8220 1
8221 1
8225 2
8228 1
8229 1
8231 1
8233 1
8235 1
8236 2
8238 1
8239 1
8240 2
8241 1
8243 1
8244 1
8245 1
8246 2
8248 2
8249 1
8254 1
8258 2
8262 1
8263 2
8264 1
8267 1
8268 1
8273 2
8275 1
8277 1
8281 1
8290 1
8292 1
8294 1
8295 1
8296 1
8298 1
8346 1
8352 1
8478 1
8484 1
8634 1
8638 1
8713 1
8722 1
8731 1
8771 1
8772 1
8774 1
8778 1
8787 1
8793 1
8816 1
8817 1
8818 1
8824 1
8831 2
8833 1
8841 1
8847 1
8848 1
8856 1
8859 1
8861 1
8863 2
8864 2
8865 2
8866 2
8867 3
8870 1
8871 1
8872 1
8873 1
8877 2
8878 2
8880 3
8881 1
8884 1
8886 1
8888 1
8891 1
8892 2
8894 2
8895 1
8896 2
8897 3
8899 1
8901 2
8903 1
8905 4
8906 1
8907 1
8910 1
8911 2
8913 3
8915 3
8916 2
8917 1
8918 4
8921 2
8922 2
8923 2
8924 1
8926 1
8927 3
8928 1
8929 1
8930 2
8931 2
8933 2
8934 2
8935 2
8940 1
8941 1
8944 1
8945 1
8948 1
8949 1
8951 1
8953 2
8955 1
8956 1
8959 1
8961 1
8962 1
8964 1
8967 1
8968 2
8969 1
8972 1
8973 1
8974 1
8975 3
8976 1
8977 2
8980 1
8981 2
8982 6
8983 2
8984 2
8985 1
8987 2
8989 2
8993 2
8994 2
8996 1
8999 2
9002 1
9010 1
9012 1
9013 1
9023 1
9025 1
9028 1
9029 1
9030 2
9033 2
9034 2
9035 1
9038 2
9039 1
9040 1
9043 1
9046 1
9051 1
9053 2
9057 2
9058 1
9059 1
9060 2
9061 1
9062 1
9063 1
9065 2
9066 1
9067 3
9068 2
9069 1
9072 1
9074 2
9077 2
9079 1
9081 1
9082 2
9084 2
9085 2
9088 1
9089 1
9093 1
9094 1
9095 3
9096 1
9097 3
9099 2
9100 1
9103 3
9105 1
9106 1
9108 1
9114 2
9115 1
9118 1
9120 1
9121 4
9122 1
9126 3
9128 1
9130 3
9131 1
9132 1
9134 1
9136 3
9137 2
9139 1
9140 1
9141 1
9143 2
9144 3
9146 1
9147 2
9148 1
9154 1
9159 1
9169 1
9176 1
9180 2
9186 1
9188 1
9189 1
9196 1
9197 1
9202 1
9208 1
9209 1
9225 1
9231 1
9235 1
9240 1
9264 1
9265 1
9272 1
9279 1
9281 1
9285 1
9331 1
9440 1
9491 1
9561 1
9563 1
9566 1
9570 1
9572 2
9574 1
9575 1
9600 1
9603 1
9609 1
9610 1
9612 1
9613 1
9617 1
9620 1
9622 1
9623 1
9624 2
9627 2
9628 2
9631 1
9632 1
9633 2
9634 1
9637 2
9641 2
9644 1
9646 2
9647 1
9648 1
9656 2
9668 1
9669 1
9674 1
9677 1
9680 1
9683 1
9689 1
9692 2
9694 2
9698 1
9700 1
9708 1
9711 1
9716 1
9718 1
9720 2
9723 1
9724 1
9725 1
9726 1
9727 2
9731 1
9732 2
9733 2
9734 2
9735 1
9737 1
9739 1
9741 1
9743 1
9744 1
9748 1
9751 2
9752 1
9753 1
9754 1
9756 1
9757 1
9758 4
9759 2
9760 2
9764 2
9765 2
9766 1
9767 1
9768 1
9771 3
9772 3
9773 1
9774 3
9778 2
9780 4
9781 2
9782 1
9784 1
9785 4
9787 1
9788 2
9790 1
9791 1
9792 1
9793 2
9794 1
9795 2
9797 4
9798 3
9799 4
9800 1
9801 2
9802 2
9803 1
9804 3
9805 5
9806 5
9807 1
9810 2
9811 2
9816 2
9818 2
9819 1
9820 5
9821 1
9823 3
9824 1
9825 3
9826 3
9827 1
9828 5
9829 1
9830 1
9831 2
9832 1
9833 1
9835 5
9836 2
9837 2
9838 1
9839 2
9840 3
9841 3
9842 1
9843 3
9845 4
9846 1
9847 1
9848 2
9849 2
9850 2
9851 1
9852 1
9853 3
9854 3
9855 2
9856 2
9857 2
9862 2
9863 4
9864 2
9865 2
9866 1
9868 2
9869 2
9870 2
9871 1
9872 1
9873 3
9874 4
9875 1
9876 1
9877 3
9878 4
9880 3
9881 1
9883 1
9884 1
9885 2
9886 1
9887 3
9888 2
9889 1
9890 2
9891 2
9892 2
9893 4
9894 1
9895 3
9898 2
9899 2
9901 3
9905 1
9906 4
9908 3
9909 2
9910 4
9912 3
9913 1
9914 1
9915 5
9916 3
9917 2
9918 4
9919 1
9920 1
9921 2
9922 2
9923 1
9924 2
9925 1
9926 1
9927 1
9928 1
9929 2
9930 2
9931 2
9932 2
9933 2
9934 2
9935 1
9936 2
9938 2
9940 1
9941 3
9942 2
9944 1
9945 3
9946 2
9947 3
9948 2
9949 3
9950 1
9951 2
9953 1
9954 3
9955 2
9957 2
9958 1
9959 4
9960 1
9961 2
9962 3
9965 2
9967 1
9971 1
9973 2
9974 1
9976 2
9977 4
9981 2
9982 1
9984 1
9987 3
9991 1
9992 1
9994 1
9996 1
10001 1849
