1 13290029
2 6147969
3 4334591
4 3147059
5 2323483
6 1793349
7 1425965
8 1125313
9 863345
10 637770
11 442900
12 290093
13 181477
14 106312
15 58831
16 32203
17 18003
18 10590
19 6490
20 4320
21 3328
22 2917
23 2587
24 2597
25 2991
26 3663
27 4671
28 6382
29 9764
30 14487
31 21034
32 29659
33 41204
34 55812
35 72565
36 93804
37 118392
38 144907
39 174430
40 201947
41 230438
42 257453
43 280666
44 299924
45 314166
46 319884
47 320863
48 316427
49 306050
50 289893
51 270658
52 249362
53 223917
54 198613
55 173103
56 148899
57 126091
58 103343
59 84435
60 67008
61 52932
62 41315
63 31692
64 23909
65 17625
66 12954
67 9484
68 6661
69 4808
70 3250
71 2229
72 1670
73 1246
74 868
75 704
76 626
77 620
78 547
79 634
80 678
81 773
82 741
83 836
84 903
85 1016
86 1047
87 1094
88 1081
89 1120
90 1217
91 1267
92 1223
93 1259
94 1254
95 1239
96 1231
97 1223
98 1195
99 1194
100 1080
101 994
102 982
103 888
104 878
105 698
106 668
107 609
108 549
109 504
110 514
111 422
112 360
113 331
114 311
115 314
116 320
117 294
118 281
119 298
120 304
121 303
122 252
123 327
124 299
125 321
126 348
127 344
128 338
129 380
130 346
131 396
132 393
133 437
134 414
135 451
136 440
137 425
138 383
139 434
140 395
141 399
142 389
143 352
144 322
145 286
146 279
147 262
148 253
149 233
150 231
151 200
152 210
153 201
154 220
155 191
156 192
157 152
158 161
159 157
160 129
161 142
162 158
163 142
164 124
165 147
166 125
167 162
168 141
169 159
170 166
171 139
172 149
173 139
174 128
175 145
176 129
177 167
178 149
179 119
180 144
181 149
182 128
183 135
184 128
185 126
186 129
187 120
188 121
189 130
190 134
191 113
192 137
193 111
194 112
195 112
196 103
197 101
198 113
199 92
200 118
201 128
202 128
203 146
204 98
205 116
206 91
207 100
208 104
209 115
210 80
211 95
212 90
213 95
214 85
215 115
216 113
217 95
218 110
219 109
220 76
221 103
222 97
223 98
224 103
225 113
226 101
227 102
228 105
229 88
230 108
231 94
232 94
233 94
234 96
235 92
236 101
237 89
238 98
239 74
240 101
241 84
242 87
243 72
244 90
245 92
246 90
247 106
248 81
249 98
250 74
251 92
252 71
253 75
254 74
255 104
256 97
257 78
258 113
259 90
260 85
261 107
262 95
263 101
264 87
265 104
266 78
267 98
268 92
269 92
270 87
271 93
272 86
273 70
274 60
275 43
276 31
277 39
278 40
279 34
280 25
281 16
282 16
283 21
284 27
285 15
286 21
287 11
288 14
289 27
290 11
291 13
292 21
293 17
294 23
295 23
296 7
297 13
298 5
299 12
300 15
301 14
302 8
303 12
304 9
305 13
306 12
307 10
308 9
309 6
310 4
311 7
312 11
313 7
314 8
315 11
316 13
317 14
318 13
319 9
320 11
321 8
322 10
323 15
324 5
325 12
326 11
327 7
328 8
329 2
330 3
331 8
332 7
333 4
334 4
335 2
336 2
337 8
338 7
339 5
340 12
341 10
342 8
343 8
344 7
345 11
346 7
347 11
348 6
349 4
350 2
351 5
352 5
353 5
354 5
355 5
356 9
357 4
358 6
359 8
360 7
361 11
362 16
363 9
364 6
365 11
366 8
367 6
368 7
369 10
370 10
371 7
372 11
373 12
374 9
375 8
376 7
377 9
378 7
379 11
380 6
381 2
382 3
383 4
384 3
385 6
386 2
387 7
388 7
389 7
390 6
391 4
392 6
393 4
394 4
395 8
396 10
397 7
399 4
400 3
401 3
402 2
403 4
404 3
405 6
406 2
407 1
408 3
410 1
411 4
412 4
413 2
414 6
415 5
416 6
417 5
418 7
419 5
420 6
421 2
422 4
423 3
424 8
425 6
426 8
427 10
428 3
429 7
430 6
431 5
432 10
433 15
434 6
435 10
436 8
437 6
438 2
439 4
440 10
441 10
442 8
443 8
444 4
445 15
446 13
447 12
448 9
449 8
450 13
451 4
452 12
453 7
454 13
455 13
456 8
457 6
458 9
459 2
460 11
461 4
462 12
463 7
464 6
465 10
466 8
467 13
468 9
469 9
470 7
471 11
472 6
473 5
474 10
475 10
476 7
477 9
478 7
479 7
480 14
481 13
482 4
483 4
484 7
485 5
486 7
487 11
488 9
489 8
490 11
491 3
492 8
493 8
494 7
495 8
496 5
497 8
498 6
499 8
500 13
501 8
502 17
503 10
504 11
505 13
506 19
507 9
508 18
509 10
510 15
511 13
512 9
513 10
514 7
515 4
516 8
517 9
518 6
519 12
520 7
521 9
522 6
523 7
524 9
525 8
526 12
527 7
528 12
529 18
530 14
531 11
532 10
533 7
534 5
535 8
536 6
537 6
538 3
539 2
540 7
541 12
542 4
543 6
544 2
545 10
546 3
547 4
548 7
549 6
550 8
551 8
552 7
553 9
554 5
555 6
556 6
557 7
558 4
559 8
560 4
561 11
562 6
563 10
564 14
565 10
566 4
567 3
568 11
569 10
570 9
571 10
572 10
573 5
574 1
575 6
576 4
577 7
578 1
579 8
580 2
581 4
582 9
583 8
584 9
585 4
586 7
587 6
588 8
589 6
590 5
591 5
592 6
593 12
594 13
595 11
596 13
597 11
598 5
599 11
600 8
601 7
602 8
603 7
604 9
605 4
606 3
607 10
608 8
609 11
610 1
611 7
612 5
613 4
614 6
615 5
616 4
617 4
618 2
619 4
621 1
622 5
623 3
624 2
625 3
626 3
627 4
628 2
629 6
631 7
632 5
633 4
634 5
635 3
636 8
637 7
638 8
639 6
640 4
641 8
642 9
643 10
644 6
645 5
646 2
647 8
648 8
649 11
650 9
651 6
652 11
653 7
654 12
655 4
656 6
657 5
658 4
659 8
660 3
661 8
662 9
663 8
664 6
665 16
666 12
667 8
668 8
669 4
670 10
671 9
672 8
673 7
674 2
675 9
676 2
677 10
678 4
679 7
680 2
681 12
682 5
683 7
684 3
685 3
686 7
687 4
688 1
689 2
690 3
691 5
692 3
693 3
694 4
695 2
696 4
697 6
698 10
699 5
700 13
701 8
702 14
703 3
704 9
705 2
706 9
707 10
708 4
709 4
710 5
711 8
712 7
713 4
714 6
715 10
716 6
717 2
718 10
719 4
720 3
721 4
722 1
723 2
725 4
726 6
727 6
728 3
729 2
730 5
731 2
732 3
733 3
734 5
735 3
736 4
737 1
738 1
739 3
740 1
742 1
743 2
744 3
745 1
746 2
747 2
748 2
749 2
750 2
751 2
752 2
753 2
754 6
755 4
756 3
757 1
758 1
759 4
760 5
761 4
762 4
763 4
764 2
765 6
766 5
767 4
768 6
769 4
770 5
771 6
772 10
773 9
774 5
775 6
776 9
777 6
778 8
779 5
780 11
781 7
782 2
783 6
784 5
785 4
786 1
787 8
788 2
789 2
790 3
791 7
792 8
793 9
794 1
795 4
797 5
798 2
799 3
800 1
801 4
802 3
803 1
804 6
805 2
806 1
807 2
808 3
809 6
810 3
811 2
812 6
813 1
814 2
815 2
816 4
817 5
818 2
819 3
820 2
821 5
822 4
823 5
824 2
826 1
827 1
829 3
831 1
832 1
833 1
834 3
836 1
837 1
838 1
854 1
859 2
862 1
865 1
948 1
949 1
955 1
962 1
967 1
971 1
974 1
984 1
986 1
997 1
1015 2
1025 1
1064 1
1067 2
1068 1
1070 1
1071 1
1077 1
1079 1
1082 1
1084 2
1110 1
1112 1
1140 1
1151 1
1152 1
1154 1
1159 1
1161 1
1162 1
1165 2
1188 1
1204 1
1209 1
1218 1
1223 1
1227 1
1228 1
1232 1
1234 1
1235 1
1239 1
1242 1
1245 1
1248 1
1267 1
1274 1
1298 1
1370 1
1418 1
1481 1
1565 1
1644 1
1646 1
1648 1
1669 1
1683 1
1690 1
1691 1
1705 2
1709 1
1713 2
1723 1
1731 1
1732 1
1734 1
1735 2
1736 1
1737 2
1743 1
1755 1
1820 1
1833 1
1897 1
1939 1
1956 1
1998 1
2004 1
2011 1
2013 1
2015 1
2019 1
2037 1
2072 1
