1 17696259
2 5799042
3 3048817
4 2375787
5 2244276
6 2216612
7 2142248
8 2003445
9 1782425
10 1548927
11 1320384
12 1096978
13 919679
14 779930
15 672126
16 602189
17 556504
18 538972
19 525985
20 523322
21 521911
22 518812
23 511312
24 500486
25 484405
26 465382
27 440569
28 408682
29 371516
30 332744
31 293514
32 249929
33 210616
34 172951
35 137789
36 106820
37 81410
38 61190
39 45591
40 33569
41 24001
42 16989
43 12099
44 8341
45 6098
46 4821
47 3846
48 3199
49 2691
50 2426
51 2224
52 2037
53 1746
54 1570
55 1583
56 1463
57 1513
58 1425
59 1395
60 1367
61 1186
62 1087
63 1068
64 975
65 870
66 970
67 924
68 756
69 768
70 785
71 717
72 655
73 609
74 587
75 552
76 557
77 576
78 532
79 602
80 533
81 583
82 529
83 492
84 506
85 522
86 507
87 520
88 472
89 532
90 557
91 561
92 511
93 487
94 468
95 442
96 427
97 439
98 374
99 358
100 297
101 266
102 257
103 238
104 232
105 227
106 215
107 244
108 246
109 269
110 265
111 311
112 373
113 461
114 548
115 643
116 813
117 988
118 1277
119 1656
120 2044
121 2522
122 3364
123 3925
124 5129
125 6270
126 7456
127 9036
128 10930
129 13095
130 15467
131 18236
132 21438
133 24692
134 29021
135 32523
136 36869
137 41169
138 46761
139 52435
140 58214
141 63815
142 70271
143 76814
144 82340
145 89091
146 96039
147 102523
148 109234
149 115386
150 122099
151 127711
152 132910
153 138469
154 143443
155 146973
156 151502
157 154151
158 156158
159 158529
160 158623
161 159413
162 158534
163 157668
164 155562
165 152053
166 149215
167 144071
168 139443
169 135446
170 129225
171 124413
172 117712
173 111863
174 105875
175 98882
176 92061
177 85231
178 79173
179 72672
180 66077
181 60190
182 53964
183 48980
184 43902
185 39699
186 34868
187 30668
188 27148
189 23871
190 21056
191 18134
192 15382
193 12965
194 11218
195 9582
196 8049
197 6898
198 5774
199 4827
200 3950
201 3280
202 2614
203 2215
204 1764
205 1358
206 1234
207 980
208 754
209 647
210 466
211 427
212 337
213 290
214 251
215 277
216 190
217 163
218 144
219 112
220 109
221 69
222 74
223 69
224 66
225 60
226 55
227 68
228 55
229 72
230 63
231 72
232 82
233 63
234 57
235 61
236 54
237 49
238 69
239 49
240 48
241 52
242 56
243 43
244 49
245 45
246 40
247 48
248 46
249 36
250 42
251 35
252 33
253 27
254 31
255 30
256 27
257 32
258 25
259 23
260 20
261 40
262 37
263 53
264 35
265 37
266 33
267 45
268 47
269 37
270 68
271 58
272 72
273 73
274 91
275 112
276 105
277 99
278 119
279 90
280 122
281 133
282 134
283 171
284 172
285 220
286 226
287 228
288 274
289 254
290 289
291 306
292 346
293 327
294 335
295 331
296 360
297 396
298 414
299 429
300 431
301 446
302 453
303 510
304 496
305 506
306 518
307 473
308 530
309 536
310 572
311 539
312 534
313 561
314 525
315 549
316 530
317 571
318 589
319 588
320 566
321 531
322 559
323 571
324 537
325 528
326 567
327 548
328 510
329 500
330 462
331 496
332 495
333 470
334 486
335 462
336 430
337 425
338 448
339 395
340 420
341 387
342 380
343 384
344 341
345 308
346 339
347 292
348 260
349 266
350 295
351 254
352 218
353 224
354 201
355 184
356 156
357 154
358 138
359 132
360 142
361 110
362 129
363 115
364 103
365 85
366 72
367 72
368 72
369 79
370 63
371 59
372 46
373 59
374 48
375 37
376 51
377 49
378 46
379 43
380 37
381 24
382 38
383 34
384 31
385 35
386 32
387 31
388 39
389 29
390 35
391 27
392 20
393 24
394 20
395 21
396 21
397 15
398 14
399 16
400 7
401 25
402 24
403 19
404 27
405 20
406 31
407 20
408 16
409 17
410 18
411 21
412 23
413 17
414 26
415 23
416 20
417 35
418 31
419 28
420 39
421 44
422 51
423 32
424 53
425 58
426 59
427 76
428 90
429 76
430 85
431 83
432 126
433 111
434 121
435 157
436 120
437 136
438 165
439 147
440 133
441 137
442 183
443 158
444 179
445 201
446 230
447 233
448 204
449 220
450 207
451 216
452 218
453 198
454 182
455 185
456 178
457 186
458 202
459 206
460 205
461 193
462 213
463 186
464 183
465 193
466 193
467 223
468 183
469 205
470 215
471 211
472 194
473 173
474 161
475 151
476 150
477 124
478 117
479 117
480 137
481 127
482 139
483 113
484 134
485 115
486 119
487 111
488 127
489 99
490 95
491 86
492 73
493 72
494 83
495 83
496 109
497 86
498 91
499 75
500 85
501 69
502 71
503 60
504 56
505 63
506 72
507 55
508 38
509 50
510 44
511 58
512 37
513 48
514 35
515 38
516 46
517 41
518 50
519 47
520 33
521 35
522 38
523 27
524 29
525 35
526 24
527 26
528 28
529 17
530 31
531 21
532 27
533 22
534 21
535 28
536 26
537 33
538 21
539 20
540 19
541 18
542 17
543 16
544 17
545 11
546 15
547 7
548 19
549 10
550 9
551 7
552 7
553 5
554 7
555 4
556 7
557 6
558 7
559 2
560 6
561 7
562 3
563 8
564 4
565 5
566 8
567 8
568 8
569 10
570 7
571 14
572 12
573 12
574 14
575 18
576 24
577 14
578 16
579 23
580 28
581 30
582 41
583 30
584 32
585 31
586 39
587 49
588 47
589 45
590 47
591 52
592 50
593 39
594 61
595 48
596 39
597 47
598 44
599 59
600 32
601 41
602 52
603 24
604 48
605 43
606 46
607 42
608 50
609 58
610 62
611 47
612 47
613 54
614 67
615 70
616 59
617 64
618 52
619 52
620 59
621 63
622 59
623 38
624 68
625 66
626 57
627 50
628 56
629 56
630 58
631 50
632 57
633 54
634 57
635 53
636 62
637 52
638 46
639 54
640 55
641 50
642 65
643 62
644 67
645 58
646 67
647 59
648 48
649 67
650 56
651 58
652 54
653 62
654 56
655 67
656 62
657 64
658 76
659 64
660 72
661 73
662 59
663 46
664 53
665 55
666 64
667 60
668 53
669 46
670 77
671 50
672 48
673 39
674 37
675 30
676 44
677 36
678 39
679 32
680 40
681 36
682 36
683 48
684 38
685 43
686 47
687 34
688 40
689 48
690 36
691 41
692 45
693 26
694 27
695 44
696 36
697 34
698 22
699 27
700 25
701 22
702 12
703 16
704 19
705 16
706 12
707 11
708 16
709 16
710 22
711 18
712 19
713 9
714 11
715 18
716 17
717 14
718 17
719 7
720 12
721 7
722 18
723 15
724 11
725 14
726 5
727 19
728 14
729 12
730 12
731 11
732 9
733 10
734 13
735 15
736 14
737 20
738 14
739 17
740 14
741 14
742 21
743 13
744 23
745 17
746 24
747 31
748 19
749 30
750 28
751 25
752 29
753 29
754 20
755 25
756 21
757 21
758 16
759 29
760 27
761 21
762 21
763 25
764 29
765 37
766 29
767 36
768 37
769 61
770 34
771 51
772 48
773 43
774 51
775 38
776 50
777 56
778 48
779 49
780 51
781 51
782 44
783 48
784 39
785 45
786 44
787 46
788 37
789 45
790 47
791 33
792 29
793 39
794 50
795 30
796 38
797 32
798 32
799 37
800 37
801 20
802 38
803 24
804 19
805 21
806 25
807 24
808 23
809 28
810 22
811 21
812 33
813 26
814 23
815 22
816 23
817 21
818 33
819 20
820 20
821 27
822 19
823 29
824 29
825 19
826 24
827 26
828 22
829 37
830 22
831 26
832 26
833 35
834 32
835 28
836 18
837 18
838 18
839 30
840 21
841 25
842 18
843 15
844 13
845 15
846 12
847 10
848 11
849 18
850 19
851 14
852 13
853 9
854 5
855 19
856 20
857 15
858 10
859 8
860 6
861 13
862 16
863 13
864 9
865 15
866 11
867 12
868 10
869 9
870 6
871 5
872 8
873 13
874 10
875 7
876 18
877 11
878 11
879 18
880 20
881 13
882 15
883 18
884 20
885 24
886 22
887 26
888 30
889 37
890 32
891 22
892 27
893 20
894 26
895 25
896 27
897 27
898 24
899 26
900 36
901 38
902 29
903 32
904 23
905 21
906 21
907 33
908 23
909 35
910 28
911 33
912 20
913 35
914 35
915 40
916 35
917 34
918 24
919 29
920 38
921 26
922 32
923 23
924 19
925 21
926 25
927 20
928 18
929 32
930 25
931 26
932 21
933 29
934 26
935 25
936 20
937 19
938 25
939 25
940 16
941 13
942 17
943 15
944 17
945 13
946 13
947 16
948 14
949 12
950 20
951 12
952 11
953 7
954 15
955 12
956 13
957 14
958 12
959 13
960 13
961 17
962 13
963 10
964 15
965 11
966 10
967 13
968 8
969 6
970 11
971 7
972 14
973 12
974 14
975 12
976 9
977 3
978 10
979 6
980 13
981 5
982 12
983 7
984 7
985 8
986 7
987 12
988 11
989 5
990 11
991 6
992 11
993 5
994 5
995 7
996 11
997 4
998 13
999 8
1000 4
1001 11
1002 14
1003 7
1004 7
1005 8
1006 7
1007 9
1008 5
1009 2
1010 2
1011 8
1012 10
1013 3
1014 2
1015 3
1016 2
1017 3
1018 1
1019 7
1021 3
1022 3
1023 5
1024 6
1025 4
1026 1
1027 1
1028 6
1029 6
1030 4
1031 5
1032 4
1033 8
1034 3
1035 5
1036 4
1037 1
1038 2
1039 3
1040 6
1041 3
1042 4
1043 1
1044 2
1045 3
1046 3
1047 3
1048 3
1049 3
1050 6
1051 5
1052 3
1053 5
1054 8
1055 3
1056 6
1057 5
1058 4
1059 4
1060 4
1061 2
1062 2
1063 4
1064 5
1065 8
1066 6
1067 3
1068 7
1069 2
1070 3
1071 4
1072 3
1073 3
1074 4
1075 1
1076 3
1077 6
1078 1
1079 1
1080 2
1081 3
1082 2
1083 4
1084 2
1085 3
1086 2
1087 2
1088 2
1089 7
1090 1
1091 5
1093 3
1094 3
1095 1
1096 1
1097 1
1099 2
1100 3
1104 1
1105 1
1107 2
1108 2
1109 2
1111 2
1113 2
1114 1
1118 1
1121 1
1124 1
1126 2
1127 1
1128 2
1129 1
1130 2
1131 2
1132 2
1133 1
1135 1
1136 3
1139 1
1141 1
1144 1
1147 2
1148 1
1149 2
1152 1
1154 1
1157 2
1158 1
1159 1
1160 3
1162 1
1163 4
1164 1
1165 2
1166 2
1167 2
1169 2
1170 2
1171 3
1172 1
1173 5
1174 7
1175 3
1176 3
1177 3
1178 5
1179 3
1180 2
1181 4
1182 3
1183 5
1184 5
1185 7
1186 2
1187 3
1188 3
1189 3
1190 2
1191 3
1192 1
1194 6
1195 5
1196 3
1197 5
1198 5
1199 3
1200 3
1201 2
1202 2
1203 6
1204 2
1205 3
1206 1
1207 1
1208 4
1209 1
1210 3
1211 1
1212 6
1213 5
1214 6
1215 2
1216 1
1218 3
1219 1
1220 3
1221 1
1223 1
1224 2
1225 2
1227 1
1229 3
1230 3
1232 3
1233 3
1234 4
1235 4
1236 6
1237 5
1238 1
1239 2
1240 4
1241 3
1247 1
1248 1
1249 2
1250 1
1251 2
1252 1
1253 1
1254 1
1255 1
1256 3
1259 2
1260 1
1261 1
1269 1
1278 2
1283 1
1286 1
1287 1
1291 2
1293 4
1294 3
1295 1
1296 1
1297 3
1300 2
1301 1
1303 1
1304 2
1306 1
1307 1
1308 1
1309 1
1310 3
1314 1
1315 1
1319 1
1320 1
1325 1
1326 2
1327 1
1328 1
1329 1
1330 1
1331 4
1332 1
1333 2
1334 2
1335 2
1336 2
1337 3
1338 2
1340 3
1341 5
1342 1
1343 2
1345 4
1346 2
1347 1
1348 4
1349 6
1350 4
1351 2
1352 2
1353 6
1354 3
1355 3
1356 2
1357 3
1358 5
1359 4
1360 2
1361 3
1362 3
1363 6
1364 1
1365 1
1367 1
1368 1
1369 2
1371 1
1372 2
1377 1
1378 1
1380 2
1387 2
1390 1
1393 1
1396 1
1398 2
1400 1
1402 3
1405 1
1406 1
1408 3
1409 4
1410 1
1411 1
1412 2
1413 1
1414 1
1415 1
1417 2
1418 3
1419 4
1420 2
1422 5
1423 2
1424 1
1425 2
1426 3
1427 2
1428 3
1429 1
1430 1
1431 4
1432 3
1433 2
1434 1
1435 2
1437 1
1438 1
1440 4
1441 1
1442 1
1443 2
1444 1
1445 2
1446 4
1447 3
1448 2
1449 1
1450 1
1451 2
1452 1
1453 3
1454 1
1455 2
1456 3
1457 1
1459 2
1460 1
1461 1
1462 1
1464 1
1465 1
1467 2
1468 3
1469 1
1473 3
1475 2
1476 1
1477 4
1478 5
1479 1
1480 3
1481 4
1482 5
1483 2
1484 4
1486 5
1487 1
1488 2
1489 2
1490 4
1491 10
1492 5
1493 10
1494 2
1495 2
1496 6
1497 3
1498 3
1499 5
1500 4
1501 1
1503 2
1504 4
1506 2
1509 1
1511 1
1515 1
1517 4
1519 1
1521 2
1522 2
1523 1
1524 3
1525 2
1527 1
1528 1
1532 2
1533 4
1534 5
1535 2
1536 5
1537 3
1538 2
1539 2
1540 1
1541 3
1542 2
1543 1
1544 7
1545 3
1546 2
1547 3
1548 3
1549 2
1550 3
1551 2
1553 3
1555 1
1556 1
1557 3
1558 2
1559 3
1561 3
1562 2
1563 1
1564 3
1566 1
1567 4
1568 2
1569 4
1570 2
1571 2
1572 3
1573 2
1574 1
1575 3
1576 3
1577 2
1578 3
1579 1
1580 4
1581 3
1582 8
1583 3
1584 3
1585 2
1586 2
1587 1
1588 4
1589 4
1591 2
1592 2
1593 1
1594 2
1595 3
1596 4
1597 2
1598 3
1599 1
1600 2
1603 3
1604 2
1605 2
1606 1
1607 3
1608 1
1609 2
1610 1
1611 3
1612 2
1613 5
1614 3
1615 5
1616 2
1617 4
1619 6
1620 3
1621 1
1622 5
1623 3
1624 7
1625 1
1626 3
1627 3
1628 3
1629 4
1631 8
1632 1
1633 3
1634 5
1635 4
1636 6
1637 3
1638 2
1639 4
1640 4
1641 3
1642 6
1643 7
1644 2
1645 10
1646 9
1647 8
1648 5
1649 1
1650 4
1651 3
1652 3
1653 3
1654 2
1655 2
1656 5
1657 5
1658 3
1659 2
1660 3
1661 3
1662 5
1663 2
1664 3
1665 3
1668 1
1669 4
1670 1
1671 4
1672 5
1673 5
1674 2
1676 3
1677 4
1678 4
1679 3
1680 8
1682 3
1683 1
1684 3
1685 3
1686 2
1687 1
1688 1
1689 2
1691 4
1692 4
1693 8
1694 8
1695 2
1696 3
1697 1
1698 5
1699 2
1700 6
1701 5
1702 2
1703 1
1704 6
1705 3
1706 4
1707 1
1708 2
1709 3
1710 3
1711 1
1712 2
1714 3
1715 3
1716 3
1718 1
1719 6
1720 1
1721 5
1722 5
1723 3
1724 1
1725 2
1726 2
1727 1
1728 1
1729 3
1730 1
1731 5
1732 4
1733 2
1734 4
1735 2
1736 4
1737 2
1738 2
1739 1
1740 3
1741 4
1742 4
1743 6
1744 1
1745 2
1746 3
1747 3
1748 7
1749 1
1750 1
1751 1
1752 1
1754 1
1755 1
1756 1
1757 1
1763 2
1768 4
1769 1
1770 2
1771 1
1772 1
1776 1
1777 2
1778 1
1779 3
1780 1
1781 1
1783 1
1784 1
1785 2
1786 1
1787 1
1788 2
1789 1
1790 2
1791 3
1792 1
1793 3
1794 2
1795 3
1796 2
1797 1
1798 2
1799 1
1800 3
1801 1
1802 3
1804 1
1806 1
1807 3
1808 1
1809 1
1810 2
1811 1
1812 1
1813 2
1814 6
1816 3
1817 1
1818 2
1819 6
1820 6
1821 5
1822 1
1823 3
1824 2
1825 2
1826 2
1827 3
1828 9
1829 6
1830 3
1831 4
1832 1
1833 3
1834 3
1835 3
1836 3
1837 3
1838 2
1839 3
1840 5
1841 1
1842 2
1843 2
1844 3
1845 3
1846 3
1847 3
1848 1
1849 4
1850 3
1851 2
1852 2
1854 3
1855 3
1857 1
1859 1
1860 3
1861 1
1862 1
1863 4
1864 2
1865 3
1866 1
1867 4
1868 3
1869 2
1870 3
1871 3
1873 3
1874 5
1876 1
1877 7
1878 2
1879 3
1880 2
1881 2
1882 1
1884 3
1885 2
1886 1
1887 1
1889 1
1892 2
1893 1
1894 2
1896 5
1897 1
1898 2
1901 1
1902 1
1905 1
1906 4
1907 1
1908 3
1910 2
1911 2
1912 2
1913 1
1914 1
1915 2
1916 2
1918 1
1919 1
1920 3
1921 1
1922 2
1925 1
1927 1
1928 1
1930 1
1931 5
1932 2
1933 1
1934 1
1936 1
1938 3
1939 1
1940 1
1941 1
1942 2
1943 5
1944 4
1945 4
1946 8
1947 3
1948 3
1949 5
1950 6
1951 5
1952 4
1953 3
1954 2
1955 5
1956 2
1957 5
1958 2
1959 4
1960 1
1961 4
1963 3
1964 1
1967 4
1968 4
1969 3
1971 1
1972 1
1973 3
1974 3
1975 1
1976 3
1977 4
1978 1
1979 4
1980 2
1981 2
1982 5
1983 4
1984 1
1985 2
1986 2
1987 2
1988 7
1989 6
1990 3
1991 1
1992 2
1993 3
1994 6
1995 1
1996 2
1997 3
1999 2
2000 5
2001 5
2002 3
2003 3
2004 2
2005 3
2006 7
2007 5
2008 4
2009 5
2010 5
2011 5
2012 2
2013 2
2014 3
2015 1
2017 1
2018 1
2019 3
2021 3
2022 1
2023 3
2024 1
2025 2
2026 1
2027 1
2028 1
2029 1
2030 1
2031 1
2033 2
2034 2
2036 4
2037 3
2038 1
2043 1
2044 3
2045 1
2046 1
2047 1
2049 2
2050 1
2052 2
2053 2
2054 1
2055 1
2057 2
2058 2
2059 1
2061 2
2062 1
2065 2
2067 1
2068 1
2069 2
2073 1
2074 1
2078 1
2079 1
2080 3
2081 1
2082 1
2083 1
2084 1
2085 4
2086 3
2087 1
2088 5
2089 4
2090 3
2091 1
2092 5
2093 3
2094 10
2095 1
2096 3
2097 2
2099 3
2100 4
2101 8
2102 1
2103 2
2104 6
2105 5
2106 1
2107 5
2108 2
2109 4
2110 5
2111 7
2112 3
2113 5
2114 1
2115 3
2116 7
2117 5
2118 2
2119 1
2120 3
2121 1
2122 1
2123 2
2125 1
2126 1
2127 1
2128 2
2129 3
2132 1
2133 2
2135 1
2136 1
2137 1
2138 1
2139 2
2140 2
2141 1
2142 1
2143 2
2144 1
2145 2
2146 2
2147 1
2149 1
2151 1
2152 3
2155 1
2157 2
2158 2
2159 1
2160 2
2161 2
2164 1
2166 1
2167 1
2171 1
2173 2
2177 1
2180 1
2182 1
2185 3
2188 1
2192 1
2194 1
2196 1
2197 1
2199 1
2201 1
2204 1
2206 1
2208 1
2209 1
2210 1
2211 2
2213 1
2216 2
2217 3
2218 1
2219 5
2220 2
2221 1
2222 1
2223 1
2226 1
2227 1
2228 2
2229 2
2230 2
2231 2
2232 1
2233 1
2234 1
2235 1
2237 2
2238 1
2239 1
2241 1
2242 1
2243 1
2245 1
2246 2
2247 2
2248 1
2249 1
2250 2
2251 1
2252 2
2253 2
2256 1
2257 1
2258 3
2261 2
2262 1
2263 2
2264 1
2265 1
2267 1
2268 2
2269 1
2270 1
2271 2
2272 2
2273 1
2274 3
2275 2
2276 2
2277 5
2278 2
2279 2
2280 2
2281 4
2282 3
2283 6
2284 3
2285 3
2286 5
2287 3
2288 5
2289 5
2290 2
2291 4
2292 4
2293 6
2294 4
2295 1
2296 5
2297 2
2298 4
2299 6
2300 4
2301 7
2302 3
2303 5
2304 2
2305 2
2306 6
2307 3
2308 4
2309 7
2310 4
2311 6
2312 5
2313 5
2314 2
2315 2
2316 5
2317 3
2318 4
2319 2
2320 6
2321 1
2322 5
2323 4
2324 4
2325 3
2326 2
2327 3
2328 5
2329 4
2331 2
2333 5
2334 4
2336 2
2338 2
2339 3
2340 6
2341 5
2342 3
2343 3
2344 3
2345 3
2346 5
2347 5
2348 5
2349 3
2350 3
2351 5
2352 1
2353 4
2356 7
2357 4
2358 5
2359 3
2360 1
2361 4
2362 2
2363 4
2364 1
2365 2
2366 4
2367 6
2368 4
2369 3
2371 3
2372 3
2375 1
2376 1
2377 1
2378 2
2381 1
2382 2
2383 2
2384 2
2385 1
2386 4
2388 2
2389 3
2390 1
2391 1
2393 1
2394 3
2395 1
2397 2
2398 3
2399 5
2400 3
2401 1
2402 2
2404 1
2405 1
2406 2
2408 2
2409 3
2410 3
2415 3
2416 1
2417 2
2418 1
2419 1
2422 1
2423 1
2425 1
2426 1
2429 1
2430 3
2431 2
2432 2
2433 1
2434 1
2435 2
2436 1
2438 1
2439 1
2440 1
2442 2
2444 2
2445 2
2446 1
2447 1
2448 4
2449 2
2450 3
2451 3
2452 2
2453 1
2455 1
2456 3
2459 1
2463 2
2465 1
2466 1
2469 1
2479 1
2482 1
2485 3
2486 1
2487 1
2489 1
2490 1
2492 3
2495 2
2496 1
2497 2
2498 1
2499 5
2500 2
2501 1
2502 2
2505 1
2506 1
2507 1
2509 1
2510 2
2511 1
2513 2
2514 2
2515 1
2516 1
2517 1
2519 1
2522 1
2523 2
2525 1
2526 1
2528 1
2529 1
2530 2
2533 1
2537 1
2538 1
2539 2
2543 1
2544 1
2545 2
2554 1
2556 3
2560 2
2561 1
2562 1
2563 1
2564 1
2565 1
2567 2
2570 1
2571 1
2572 3
2574 1
2575 2
2577 2
2578 1
2580 2
2581 2
2583 1
2585 1
2586 1
2588 1
2589 4
2590 2
2591 2
2592 2
2593 1
2594 2
2595 4
2596 4
2597 4
2598 1
2599 3
2600 2
2601 1
2602 1
2603 4
2604 3
2605 1
2607 2
2608 2
2609 2
2610 5
2611 1
2612 1
2613 1
2614 2
2615 3
2616 1
2617 1
2619 1
2621 2
2622 4
2623 5
2624 3
2625 2
2626 2
2627 4
2628 4
2629 4
2630 1
2632 1
2633 1
2634 3
2635 5
2636 3
2637 1
2638 2
2639 3
2640 1
2641 1
2643 3
2645 1
2646 1
2648 2
2650 1
2651 1
2652 1
2655 1
2658 1
2662 1
2664 1
2666 1
2668 1
2670 1
2671 1
2676 2
2677 2
2678 1
2679 1
2680 2
2685 1
2686 1
2687 1
2688 1
2690 1
2691 2
2693 1
2694 2
2695 2
2698 2
2701 1
2703 1
2706 1
2707 3
2708 2
2709 2
2710 1
2711 4
2712 2
2713 4
2714 3
2715 1
2717 2
2718 4
2719 2
2720 5
2721 2
2722 3
2723 2
2724 4
2725 5
2726 4
2727 4
2728 1
2729 2
2730 2
2731 3
2732 1
2733 3
2734 3
2736 2
2737 1
2738 1
2739 2
2748 1
2762 1
2775 1
2776 1
2779 2
2782 1
2788 1
2857 1
2965 1
3092 1
3095 1
3215 1
3252 1
3256 1
3405 1
3513 1
3523 1
3630 1
3644 1
3652 1
3658 1
3670 1
3674 1
3675 1
3681 1
3683 1
3685 1
3686 1
3697 1
3728 1
3736 1
3795 1
3874 1
3879 1
3880 1
3882 1
3883 1
3884 1
3943 1
3945 1
3954 1
4093 1
4215 1
4273 1
4289 1
4294 1
4297 1
4300 1
4306 2
4307 1
4315 1
4320 1
4361 1
4370 1
4417 1
4424 1
4491 1
4584 1
4646 1
5193 1
5281 1
5283 1
5298 1
5427 1
5430 1
5431 1
5432 1
5443 2
5447 1
5590 1
5594 1
5710 1
5742 1
5883 1
5989 1
6017 1
6024 2
6036 1
6044 1
6053 1
6056 1
6099 1
6260 1
6365 1
6427 1
6432 2
6433 1
6437 1
6442 1
6493 1
6572 1
6636 1
7308 1
