1 24038928
2 14513000
3 9265206
4 6690074
5 5409168
6 4709355
7 4212969
8 3761049
9 3266831
10 2762114
11 2263399
12 1803131
13 1402951
14 1071069
15 805083
16 614214
17 479163
18 401305
19 369764
20 368872
21 395621
22 428538
23 462664
24 490764
25 505422
26 505777
27 487745
28 457347
29 411809
30 360354
31 308512
32 253426
33 203982
34 162730
35 128887
36 102021
37 85291
38 73770
39 67816
40 66854
41 69311
42 75970
43 81934
44 89169
45 96438
46 102440
47 108131
48 110859
49 110873
50 109979
51 106192
52 100433
53 93874
54 86778
55 78282
56 69618
57 61256
58 53329
59 45678
60 39416
61 34213
62 30505
63 28322
64 27877
65 28846
66 31262
67 36010
68 42730
69 51162
70 60551
71 72127
72 86160
73 101237
74 118971
75 137341
76 158185
77 177703
78 198913
79 218764
80 237638
81 256867
82 273020
83 287510
84 297662
85 307955
86 314437
87 318596
88 320247
89 316257
90 308721
91 300370
92 289248
93 275816
94 260503
95 243630
96 225033
97 206734
98 188989
99 170328
100 151936
101 134541
102 118645
103 102614
104 88239
105 75550
106 64005
107 54311
108 44686
109 37456
110 30700
111 25102
112 20773
113 16558
114 13220
115 10669
116 8579
117 7134
118 6142
119 5271
120 4665
121 4285
122 4008
123 4065
124 4151
125 4314
126 4266
127 4517
128 4918
129 4987
130 5364
131 5804
132 6048
133 6205
134 6568
135 6631
136 6809
137 6875
138 6878
139 6865
140 7057
141 7033
142 6974
143 6780
144 6410
145 6254
146 6079
147 5766
148 5426
149 5241
150 4768
151 4520
152 4271
153 3833
154 3627
155 3244
156 3069
157 2730
158 2608
159 2471
160 2323
161 2187
162 2065
163 1761
164 1719
165 1641
166 1614
167 1529
168 1425
169 1449
170 1390
171 1346
172 1382
173 1393
174 1366
175 1354
176 1330
177 1260
178 1281
179 1270
180 1230
181 1220
182 1220
183 1217
184 1171
185 1141
186 1151
187 1062
188 1051
189 1012
190 948
191 923
192 822
193 803
194 723
195 796
196 672
197 630
198 650
199 634
200 534
201 491
202 424
203 371
204 337
205 288
206 267
207 268
208 229
209 233
210 166
211 211
212 157
213 161
214 139
215 121
216 120
217 118
218 128
219 112
220 86
221 88
222 106
223 97
224 120
225 108
226 91
227 108
228 104
229 112
230 133
231 118
232 128
233 132
234 103
235 124
236 140
237 115
238 144
239 129
240 138
241 147
242 141
243 134
244 139
245 167
246 165
247 180
248 193
249 171
250 156
251 182
252 222
253 226
254 234
255 257
256 231
257 226
258 261
259 235
260 202
261 220
262 202
263 218
264 210
265 240
266 218
267 211
268 241
269 251
270 230
271 217
272 252
273 220
274 245
275 227
276 246
277 235
278 226
279 263
280 232
281 236
282 221
283 230
284 231
285 244
286 233
287 218
288 187
289 175
290 201
291 162
292 166
293 147
294 139
295 156
296 153
297 124
298 113
299 131
300 119
301 102
302 114
303 130
304 96
305 105
306 102
307 104
308 113
309 115
310 83
311 88
312 87
313 83
314 69
315 63
316 66
317 71
318 76
319 67
320 91
321 74
322 84
323 108
324 80
325 98
326 105
327 104
328 103
329 91
330 93
331 103
332 82
333 90
334 105
335 100
336 99
337 99
338 127
339 134
340 116
341 150
342 141
343 132
344 125
345 162
346 155
347 149
348 134
349 168
350 139
351 161
352 148
353 123
354 143
355 171
356 150
357 210
358 179
359 185
360 194
361 168
362 177
363 148
364 160
365 148
366 137
367 155
368 150
369 159
370 145
371 137
372 146
373 143
374 117
375 112
376 118
377 114
378 126
379 129
380 110
381 99
382 109
383 93
384 129
385 113
386 111
387 100
388 113
389 87
390 94
391 95
392 84
393 76
394 68
395 59
396 62
397 52
398 60
399 59
400 45
401 52
402 54
403 51
404 44
405 50
406 47
407 53
408 43
409 40
410 30
411 28
412 40
413 27
414 42
415 38
416 29
417 35
418 22
419 28
420 41
421 27
422 36
423 37
424 46
425 48
426 59
427 34
428 53
429 38
430 37
431 52
432 45
433 36
434 46
435 42
436 50
437 39
438 49
439 38
440 38
441 40
442 36
443 42
444 40
445 52
446 36
447 36
448 52
449 46
450 51
451 63
452 55
453 58
454 59
455 59
456 58
457 59
458 50
459 55
460 49
461 47
462 46
463 53
464 39
465 31
466 34
467 38
468 32
469 30
470 33
471 20
472 36
473 26
474 28
475 28
476 33
477 42
478 32
479 25
480 25
481 35
482 28
483 43
484 46
485 40
486 45
487 50
488 39
489 40
490 42
491 40
492 41
493 33
494 28
495 27
496 26
497 32
498 31
499 33
500 32
501 38
502 28
503 27
504 22
505 29
506 38
507 18
508 31
509 26
510 26
511 22
512 31
513 26
514 18
515 26
516 18
517 28
518 28
519 26
520 29
521 15
522 28
523 20
524 20
525 22
526 37
527 26
528 34
529 42
530 41
531 41
532 43
533 57
534 45
535 58
536 66
537 70
538 99
539 102
540 112
541 124
542 155
543 192
544 226
545 235
546 265
547 300
548 371
549 457
550 416
551 515
552 632
553 654
554 761
555 826
556 940
557 1041
558 1111
559 1270
560 1479
561 1609
562 1693
563 1923
564 2122
565 2322
566 2702
567 2852
568 3182
569 3490
570 3807
571 4018
572 4534
573 5122
574 5097
575 5752
576 6036
577 6590
578 6887
579 7695
580 8127
581 8821
582 9332
583 9926
584 10726
585 11361
586 12210
587 12781
588 13733
589 14340
590 15126
591 15772
592 16595
593 17312
594 18344
595 18914
596 19795
597 20951
598 21688
599 22589
600 23608
601 24560
602 25135
603 25897
604 26904
605 27603
606 28335
607 29409
608 30145
609 30881
610 31458
611 32168
612 32653
613 33132
614 33653
615 34000
616 34692
617 34684
618 35324
619 35066
620 35222
621 35754
622 35058
623 35490
624 35135
625 35094
626 34832
627 34846
628 34588
629 34178
630 33739
631 33793
632 32778
633 32802
634 32477
635 31848
636 30899
637 30008
638 29472
639 28574
640 27754
641 27100
642 26219
643 25436
644 24682
645 23205
646 22645
647 22021
648 21377
649 20215
650 19117
651 18649
652 17922
653 17151
654 16097
655 15182
656 14480
657 13660
658 12806
659 12257
660 11568
661 11011
662 10273
663 9769
664 9017
665 8590
666 7958
667 7375
668 6798
669 6464
670 6051
671 5629
672 5171
673 4746
674 4419
675 4018
676 3776
677 3376
678 3055
679 2881
680 2612
681 2380
682 2094
683 1928
684 1711
685 1674
686 1462
687 1453
688 1236
689 1117
690 1055
691 939
692 891
693 775
694 662
695 653
696 573
697 494
698 474
699 434
700 387
701 376
702 319
703 258
704 244
705 188
706 190
707 174
708 138
709 120
710 125
711 111
712 97
713 101
714 97
715 106
716 88
717 106
718 82
719 79
720 69
721 74
722 79
723 71
724 67
725 71
726 53
727 56
728 59
729 45
730 38
731 36
732 40
733 39
734 31
735 40
736 33
737 30
738 24
739 22
740 23
741 30
742 18
743 26
744 21
745 30
746 11
747 21
748 23
749 30
750 25
751 17
752 18
753 20
754 14
755 20
756 14
757 17
758 16
759 16
760 15
761 16
762 17
763 11
764 15
765 16
766 18
767 17
768 7
769 9
770 18
771 13
772 9
773 9
774 8
775 3
776 4
777 2
778 13
779 4
780 15
781 8
782 5
783 9
784 8
785 13
786 9
787 8
788 13
789 11
790 14
791 14
792 7
793 18
794 9
795 16
796 8
797 11
798 16
799 8
800 9
801 10
802 12
803 6
804 10
805 7
806 15
807 7
808 6
809 9
810 8
811 7
812 11
813 7
814 10
815 2
816 8
817 11
818 8
819 7
820 7
821 8
822 8
823 9
824 2
825 6
826 13
827 5
828 6
829 11
830 7
831 8
833 3
834 4
835 3
836 5
837 9
838 3
839 4
840 2
841 4
842 5
843 3
844 4
845 3
846 5
847 4
848 9
849 6
850 7
851 7
852 5
853 5
854 9
855 6
856 11
857 12
858 4
859 10
860 3
861 6
862 5
863 8
864 4
865 4
866 2
867 5
868 5
869 1
870 5
871 2
872 7
873 4
874 4
875 2
876 4
877 6
878 2
879 5
880 5
881 4
882 9
883 11
884 4
885 10
886 4
887 3
888 4
889 6
890 6
891 3
892 3
893 6
894 7
895 3
896 10
897 4
898 6
899 5
900 5
901 7
902 7
903 9
904 6
905 4
906 9
907 4
908 7
909 3
910 7
911 3
912 3
913 8
914 6
915 2
916 1
917 6
918 1
919 3
920 3
921 3
922 6
923 7
924 3
925 7
926 6
927 2
928 7
929 3
930 6
931 2
932 9
933 3
934 4
935 5
936 5
937 5
938 7
939 4
940 3
941 1
942 2
944 2
945 2
946 3
947 1
948 1
949 1
950 1
951 3
952 3
953 3
954 6
955 3
956 1
957 3
958 3
959 3
960 3
961 2
962 5
963 2
964 1
965 6
966 4
967 2
968 2
969 5
970 2
971 4
972 4
973 1
974 6
975 2
976 2
978 3
979 2
981 2
982 2
983 2
984 4
985 4
986 3
987 2
988 4
989 6
990 4
991 5
992 1
993 4
994 6
995 3
996 6
997 2
998 4
999 4
1000 5
1001 2
1002 5
1003 5
1004 1
1005 3
1006 2
1007 1
1008 4
1009 7
1010 4
1011 3
1012 2
1013 4
1015 2
1016 1
1017 7
1018 1
1019 1
1020 4
1021 1
1022 2
1023 3
1024 5
1025 2
1026 2
1027 2
1028 3
1030 3
1031 1
1032 2
1033 4
1034 4
1035 1
1036 4
1037 2
1038 3
1039 2
1040 2
1041 1
1042 3
1043 4
1044 3
1045 2
1046 3
1047 2
1048 3
1049 2
1050 1
1051 1
1052 2
1053 1
1054 2
1055 2
1056 2
1057 3
1058 7
1059 1
1060 3
1061 4
1062 4
1063 3
1064 4
1065 1
1067 1
1068 1
1069 2
1070 1
1071 2
1074 3
1076 1
1077 1
1081 1
1082 3
1084 3
1085 2
1086 4
1087 1
1088 3
1089 3
1090 3
1091 2
1093 2
1094 2
1095 2
1097 2
1100 2
1101 1
1102 2
1103 2
1104 3
1105 2
1106 1
1108 2
1110 2
1112 1
1113 1
1115 1
1117 1
1118 2
1119 2
1120 2
1122 2
1123 2
1124 3
1125 1
1126 2
1127 1
1129 1
1130 2
1131 2
1132 1
1133 3
1134 1
1139 1
1140 1
1142 1
1144 1
1145 1
1148 2
1149 2
1150 1
1151 2
1152 2
1153 1
1154 3
1155 2
1156 1
1157 4
1158 4
1159 5
1160 6
1162 8
1163 6
1164 8
1165 3
1166 3
1167 7
1168 7
1169 11
1170 7
1171 4
1172 10
1173 9
1174 8
1175 3
1176 6
1177 4
1178 7
1179 13
1180 6
1181 7
1182 12
1183 14
1184 14
1185 8
1186 13
1187 11
1188 15
1189 24
1190 21
1191 25
1192 22
1193 18
1194 26
1195 22
1196 26
1197 35
1198 30
1199 18
1200 28
1201 30
1202 32
1203 42
1204 39
1205 25
1206 24
1207 32
1208 45
1209 44
1210 21
1211 42
1212 45
1213 29
1214 41
1215 39
1216 35
1217 39
1218 40
1219 43
1220 53
1221 45
1222 47
1223 44
1224 50
1225 43
1226 52
1227 45
1228 50
1229 42
1230 43
1231 47
1232 66
1233 49
1234 50
1235 54
1236 41
1237 62
1238 54
1239 50
1240 51
1241 55
1242 45
1243 52
1244 65
1245 49
1246 61
1247 54
1248 52
1249 70
1250 62
1251 61
1252 65
1253 58
1254 62
1255 54
1256 68
1257 56
1258 58
1259 61
1260 55
1261 49
1262 61
1263 58
1264 61
1265 48
1266 55
1267 59
1268 53
1269 50
1270 45
1271 41
1272 40
1273 44
1274 39
1275 39
1276 44
1277 37
1278 31
1279 45
1280 24
1281 45
1282 29
1283 26
1284 35
1285 32
1286 27
1287 24
1288 36
1289 26
1290 30
1291 26
1292 36
1293 36
1294 35
1295 34
1296 19
1297 25
1298 25
1299 24
1300 18
1301 13
1302 18
1303 14
1304 19
1305 16
1306 15
1307 18
1308 14
1309 17
1310 6
1311 19
1312 7
1313 16
1314 12
1315 11
1316 11
1317 6
1318 9
1319 3
1320 8
1321 11
1322 8
1323 11
1324 8
1325 7
1326 6
1327 5
1328 4
1329 3
1330 1
1331 2
1332 1
1336 1
1337 2
1338 2
1339 2
1340 3
1341 1
1342 1
1344 3
1345 3
1346 4
1347 1
1350 3
1351 5
1352 3
1353 1
1354 1
1355 3
1356 3
1357 2
1358 2
1359 1
1360 1
1361 5
1362 2
1363 3
1364 1
1365 1
1368 1
1369 1
1370 3
1371 1
1372 2
1373 2
1374 1
1376 2
1377 2
1379 2
1380 1
1381 1
1383 2
1385 2
1386 2
1388 1
1391 1
1392 3
1393 1
1394 1
1395 2
1396 1
1398 1
1399 2
1400 1
1401 2
1402 1
1404 1
1405 1
1408 4
1409 1
1411 1
1413 1
1414 1
1422 2
1423 2
1425 2
1426 1
1428 1
1430 1
1431 1
1432 1
1433 2
1435 1
1436 5
1437 4
1438 2
1439 1
1440 1
1441 2
1442 3
1443 3
1444 2
1446 4
1447 3
1448 1
1449 2
1450 1
1452 1
1453 1
1454 2
1456 1
1459 4
1460 1
1461 2
1462 3
1463 2
1464 2
1465 1
1466 2
1467 2
1469 1
1470 1
1471 1
1472 1
1473 1
1474 1
1476 2
1477 2
1478 2
1479 4
1481 2
1482 2
1483 3
1485 1
1486 3
1487 1
1488 1
1489 2
1490 4
1492 1
1493 1
1494 1
1496 2
1498 4
1499 2
1500 5
1501 1
1503 2
1504 2
1506 1
1507 2
1508 1
1510 1
1511 2
1514 3
1515 2
1516 2
1518 1
1519 2
1522 2
1526 1
1528 1
1530 2
1532 3
1533 2
1534 1
1536 3
1537 2
1539 2
1540 2
1541 1
1543 1
1545 2
1548 3
1550 2
1551 1
1552 2
1554 1
1555 2
1558 1
1560 1
1561 1
1562 1
1564 1
1568 2
1570 1
1571 1
1574 1
1575 1
1580 1
1584 1
1585 3
1587 3
1589 1
1590 1
1591 1
1592 1
1593 2
1595 1
1597 1
1599 3
1600 1
1601 2
1602 3
1604 2
1605 2
1607 5
1608 2
1609 2
1610 5
1611 2
1612 2
1613 3
1614 1
1617 3
1618 1
1620 1
1621 1
1623 2
1624 1
1625 1
1628 1
1629 2
1631 2
1632 1
1633 2
1634 1
1636 1
1646 1
1647 1
1651 1
1653 1
1659 1
1665 1
1666 1
1668 1
1671 1
1672 1
1673 1
1674 1
1675 1
1676 1
1677 1
1678 1
1679 1
1680 1
1681 1
1682 2
1683 3
1684 2
1685 2
1686 2
1687 2
1689 1
1692 1
1693 1
1694 3
1695 1
1698 1
1699 2
1700 2
1702 2
1704 1
1706 1
1708 3
1711 3
1712 2
1715 3
1717 3
1718 3
1719 2
1720 2
1721 2
1722 1
1723 2
1725 3
1726 1
1727 1
1729 1
1730 1
1736 1
1737 1
1739 2
1740 1
1745 2
1750 1
1751 2
1753 2
1754 1
1757 1
1758 1
1761 1
1764 1
1772 1
1777 1
1782 1
1784 1
1786 2
1787 1
1789 1
1792 1
1797 1
1798 2
1801 1
1803 1
1806 1
1807 1
1809 2
1810 1
1811 1
1812 1
1814 1
1815 1
1816 1
1817 1
1818 2
1819 2
1820 1
1821 3
1823 3
1824 3
1825 1
1826 1
1827 2
1828 1
1829 3
1830 5
1831 2
1832 1
1833 3
1834 2
1835 2
1836 4
1837 2
1838 6
1839 1
1840 2
1841 2
1842 1
1843 1
1844 4
1845 3
1846 1
1847 2
1848 1
1849 3
1850 1
1853 4
1854 3
1855 1
1856 1
1857 3
1858 3
1859 3
1860 4
1861 3
1862 3
1863 4
1864 1
1865 9
1866 3
1867 7
1868 2
1869 6
1870 2
1871 1
1872 4
1873 3
1874 5
1875 4
1876 5
1877 2
1878 3
1879 6
1880 3
1881 5
1882 4
1883 6
1884 1
1885 3
1886 2
1887 5
1888 6
1889 4
1890 3
1891 2
1892 7
1893 4
1894 3
1895 6
1896 2
1897 2
1898 2
1899 5
1900 2
1901 1
1902 3
1903 1
1904 1
1905 1
1906 2
1907 2
1908 1
1909 1
1910 1
1911 2
1912 1
1913 2
1914 1
1915 2
1917 1
1918 1
1919 1
1920 1
1921 1
1922 1
1923 2
1924 3
1926 4
1927 1
1928 4
1929 1
1930 1
1932 2
1933 3
1935 1
1936 2
1938 1
1939 1
1940 2
1943 3
1948 1
1949 1
1951 2
1954 1
1955 1
1956 1
1957 2
1958 3
1959 2
1961 2
1962 1
1968 1
1969 1
1970 1
1972 1
1975 1
1976 1
1977 1
1979 1
1986 1
1995 1
2000 1
2012 1
2014 1
2016 2
2017 1
2018 3
2020 2
2024 2
2025 2
2027 1
2029 1
2033 2
2035 2
2036 2
2042 2
2044 2
2046 1
2049 1
2051 3
2052 1
2054 2
2055 1
2056 1
2057 1
2058 1
2059 1
2060 1
2065 1
2067 1
2068 1
2069 1
2070 2
2071 1
2073 1
2074 1
2075 1
2076 1
2089 4
2091 1
2093 1
2095 1
2096 1
2097 1
2098 2
2101 2
2102 1
2103 1
2104 1
2105 1
2106 2
2107 2
2111 2
2114 2
2117 1
2118 1
2119 3
2121 1
2122 1
2123 2
2124 1
2126 2
2127 2
2129 1
2130 1
2131 1
2132 2
2133 2
2162 1
2172 2
2174 1
2179 1
2180 1
2184 1
2377 1
2403 1
2417 1
2418 1
2425 1
2427 1
2433 2
2434 1
2436 1
2441 1
2444 1
2448 4
2452 1
2455 1
2456 3
2462 1
2474 2
2475 1
2476 1
2480 2
2481 1
2482 1
2483 1
2485 1
2486 2
2490 1
2492 1
2493 1
2495 1
2498 1
2499 1
2504 1
2507 1
2509 2
2510 3
2511 1
2515 1
2516 1
2517 1
2521 1
2522 2
2524 3
2525 1
2526 1
2527 1
2528 1
2529 4
2530 2
2532 1
2533 1
2542 1
2548 1
2556 1
2560 2
2561 1
2567 1
2569 1
2572 1
2575 1
2584 1
2608 2
2609 1
3052 1
3069 1
3072 1
3073 1
3076 1
3085 2
3087 1
3091 1
3096 1
3103 1
3108 1
3112 1
3114 1
3116 1
3123 1
3192 1
3197 2
3201 1
3207 2
3216 1
3227 1
3682 1
3683 1
3689 1
3691 1
3694 2
3714 2
3721 1
3734 1
3737 1
3753 2
3755 1
3760 1
3761 1
3762 1
3763 1
3767 1
3768 1
3771 2
3781 1
3782 1
3783 2
3785 1
3793 1
3962 1
3965 1
3966 2
3967 1
3970 1
3975 2
3977 1
3981 1
3986 1
4240 1
4335 1
4338 1
4356 1
4457 1
4918 1
4930 1
4972 1
5465 1
5597 1
6225 1
6242 1
7756 1
7763 2
7767 1
7768 1
7779 1
7783 1
7799 2
7804 1
