1 21702622
2 13733892
3 9332832
4 6729240
5 4964600
6 3679355
7 2777944
8 2159555
9 1690429
10 1328326
11 1040156
12 817947
13 666110
14 578123
15 546122
16 554231
17 591575
18 637832
19 693440
20 742817
21 787558
22 822679
23 849906
24 864239
25 866800
26 860143
27 845245
28 824915
29 794817
30 755682
31 716473
32 675638
33 634878
34 595503
35 554368
36 520009
37 488794
38 460143
39 436798
40 413653
41 390984
42 363125
43 337396
44 308727
45 283353
46 256227
47 232002
48 213244
49 199404
50 190517
51 189102
52 193103
53 204513
54 223818
55 246700
56 275256
57 308745
58 345747
59 384714
60 422654
61 460859
62 500971
63 536106
64 568851
65 594462
66 616467
67 634575
68 647352
69 654863
70 657415
71 651527
72 642794
73 627075
74 608399
75 584661
76 557689
77 531675
78 501777
79 469895
80 437025
81 403680
82 371940
83 338063
84 306803
85 276227
86 247164
87 220454
88 195409
89 171950
90 149395
91 130793
92 113667
93 98423
94 85267
95 73444
96 63013
97 53850
98 46177
99 40005
100 34376
101 30059
102 26591
103 23420
104 20860
105 18226
106 16877
107 15184
108 13747
109 12482
110 11720
111 10688
112 9877
113 9275
114 8503
115 7839
116 7349
117 6927
118 6502
119 6268
120 5907
121 5510
122 5434
123 5208
124 4967
125 4953
126 4621
127 4551
128 4392
129 4463
130 4211
131 4085
132 3860
133 3800
134 3590
135 3517
136 3445
137 3383
138 3357
139 3379
140 3149
141 3164
142 3069
143 2864
144 2853
145 2706
146 2729
147 2477
148 2301
149 2218
150 2236
151 2193
152 2124
153 2086
154 1988
155 1979
156 1927
157 1794
158 1718
159 1661
160 1618
161 1600
162 1509
163 1444
164 1319
165 1262
166 1194
167 1108
168 1050
169 1086
170 970
171 964
172 893
173 803
174 840
175 753
176 717
177 659
178 588
179 607
180 569
181 514
182 446
183 452
184 410
185 406
186 369
187 386
188 359
189 364
190 355
191 314
192 290
193 338
194 302
195 330
196 324
197 329
198 367
199 350
200 397
201 403
202 358
203 371
204 364
205 370
206 388
207 400
208 392
209 377
210 414
211 396
212 364
213 403
214 387
215 385
216 406
217 409
218 417
219 418
220 392
221 390
222 439
223 353
224 384
225 363
226 372
227 347
228 367
229 360
230 311
231 292
232 342
233 370
234 339
235 351
236 330
237 336
238 311
239 333
240 325
241 328
242 375
243 374
244 352
245 378
246 368
247 386
248 369
249 356
250 361
251 326
252 336
253 346
254 368
255 370
256 348
257 336
258 301
259 304
260 329
261 320
262 254
263 261
264 281
265 261
266 252
267 257
268 231
269 248
270 207
271 214
272 236
273 234
274 233
275 215
276 217
277 206
278 200
279 201
280 216
281 204
282 179
283 165
284 174
285 187
286 155
287 181
288 183
289 166
290 157
291 158
292 132
293 139
294 138
295 109
296 106
297 104
298 82
299 118
300 94
301 85
302 89
303 103
304 96
305 99
306 84
307 116
308 94
309 93
310 116
311 92
312 120
313 106
314 112
315 102
316 94
317 99
318 114
319 124
320 128
321 113
322 139
323 112
324 141
325 123
326 142
327 136
328 134
329 160
330 163
331 146
332 180
333 159
334 168
335 184
336 166
337 166
338 174
339 205
340 171
341 170
342 168
343 145
344 138
345 156
346 119
347 126
348 121
349 106
350 105
351 128
352 108
353 103
354 102
355 134
356 111
357 115
358 121
359 116
360 104
361 97
362 105
363 101
364 100
365 95
366 111
367 99
368 82
369 82
370 84
371 90
372 102
373 87
374 83
375 79
376 88
377 91
378 83
379 82
380 96
381 78
382 70
383 76
384 75
385 76
386 68
387 84
388 83
389 72
390 57
391 70
392 77
393 72
394 57
395 43
396 48
397 65
398 76
399 57
400 58
401 60
402 78
403 67
404 55
405 58
406 51
407 65
408 50
409 51
410 61
411 48
412 47
413 45
414 39
415 29
416 38
417 37
418 30
419 27
420 38
421 31
422 34
423 25
424 35
425 26
426 34
427 28
428 26
429 29
430 29
431 18
432 25
433 28
434 19
435 36
436 26
437 29
438 31
439 28
440 33
441 34
442 37
443 32
444 32
445 39
446 38
447 44
448 37
449 45
450 33
451 33
452 23
453 31
454 28
455 35
456 29
457 29
458 28
459 36
460 36
461 31
462 30
463 22
464 21
465 21
466 25
467 32
468 25
469 24
470 23
471 21
472 21
473 25
474 21
475 22
476 21
477 15
478 25
479 27
480 19
481 27
482 16
483 29
484 22
485 37
486 24
487 26
488 25
489 33
490 33
491 24
492 33
493 25
494 35
495 25
496 39
497 25
498 37
499 41
500 36
501 39
502 23
503 30
504 40
505 34
506 24
507 24
508 30
509 20
510 22
511 14
512 22
513 11
514 20
515 18
516 22
517 19
518 20
519 22
520 19
521 20
522 27
523 37
524 18
525 29
526 29
527 29
528 26
529 21
530 26
531 28
532 24
533 18
534 22
535 22
536 33
537 22
538 20
539 33
540 24
541 25
542 24
543 26
544 16
545 22
546 22
547 20
548 16
549 23
550 21
551 13
552 19
553 23
554 18
555 13
556 17
557 15
558 10
559 11
560 8
561 11
562 11
563 15
564 16
565 14
566 13
567 18
568 18
569 13
570 6
571 22
572 9
573 11
574 13
575 8
576 10
577 13
578 10
579 9
580 13
581 17
582 10
583 10
584 21
585 8
586 13
587 8
588 12
589 13
590 10
591 16
592 10
593 11
594 11
595 8
596 8
597 7
598 6
599 4
600 10
601 11
602 7
603 7
604 10
605 8
606 9
607 8
608 5
609 9
610 7
611 9
612 6
613 4
614 10
615 3
616 6
617 7
618 4
619 4
620 4
621 6
622 8
623 8
625 6
626 4
627 4
628 12
629 6
630 5
631 7
632 10
633 7
634 6
635 7
636 10
637 9
638 5
639 3
640 12
641 10
642 7
643 3
644 6
645 7
646 7
647 4
648 7
649 7
650 3
651 3
652 5
653 4
654 5
655 4
656 9
657 4
658 7
659 8
660 3
661 7
662 6
663 10
664 8
665 9
666 2
667 7
668 12
669 4
670 9
671 8
672 4
673 6
674 8
675 9
676 10
677 4
678 4
679 1
680 4
681 4
682 6
683 8
684 3
685 6
686 4
687 5
688 5
689 1
690 3
691 1
692 3
693 3
694 2
695 4
696 6
697 5
698 5
699 10
700 10
701 8
702 9
703 12
704 7
705 4
706 3
707 8
708 3
709 6
710 10
711 11
712 11
713 10
714 15
715 5
716 5
717 9
718 12
719 9
720 9
721 6
722 5
723 12
724 18
725 2
726 2
727 7
728 3
729 6
730 5
731 1
732 9
733 6
734 5
735 7
736 7
737 8
738 8
739 5
740 3
741 2
742 2
743 4
744 3
745 7
746 2
747 4
748 10
749 6
750 3
751 3
752 2
753 2
754 4
755 4
756 5
757 4
758 2
759 3
760 7
761 5
762 5
763 2
764 6
765 3
766 4
767 6
768 4
769 2
770 3
771 6
772 8
773 4
774 2
775 5
776 1
777 3
778 8
779 7
780 8
781 8
782 9
783 8
784 10
785 10
786 6
787 12
788 9
789 6
790 6
791 7
792 12
793 7
794 5
795 6
796 12
797 3
798 7
799 9
800 12
801 5
802 4
803 9
804 7
805 10
806 7
807 4
808 14
809 7
810 6
811 8
812 7
813 6
814 8
815 5
816 4
817 6
818 3
819 13
820 4
821 5
822 5
823 7
824 6
825 9
826 9
827 4
828 5
829 7
830 4
831 4
832 9
833 8
834 4
835 5
836 3
837 11
838 8
839 9
840 6
841 6
842 4
843 5
844 5
845 8
846 6
847 3
848 4
849 2
850 4
851 4
852 5
853 3
854 1
855 7
856 5
857 3
858 8
859 3
860 6
861 6
862 3
863 6
864 9
865 8
866 5
867 5
868 6
869 2
870 6
871 2
872 6
873 6
874 2
875 6
876 6
877 8
878 9
879 14
880 6
881 4
882 5
883 8
884 10
885 11
886 7
887 9
888 11
889 10
890 18
891 8
892 12
893 13
894 12
895 13
896 9
897 8
898 9
899 5
900 5
901 6
902 6
903 2
904 9
905 3
906 3
907 3
908 4
909 6
910 1
911 3
912 3
913 4
914 4
915 4
916 7
917 8
918 2
919 6
920 4
921 6
922 6
923 13
924 11
925 9
926 12
927 13
928 9
929 10
930 4
931 5
932 10
933 8
934 13
935 14
936 5
937 4
938 11
939 8
940 7
941 5
942 6
943 3
944 10
945 6
946 7
947 15
948 9
949 6
950 9
951 4
952 5
953 9
954 9
955 7
956 3
957 9
958 6
959 4
960 6
961 5
962 7
963 16
964 8
965 8
966 3
967 6
968 14
969 7
970 13
971 13
972 10
973 9
974 1
975 10
976 7
977 9
978 8
979 8
980 5
981 10
982 5
983 6
984 7
985 7
986 9
987 6
988 4
989 6
990 5
991 9
992 5
993 7
994 5
995 2
996 7
997 11
998 5
999 5
1000 8
1001 11
1002 4
1003 13
1004 12
1005 10
1006 10
1007 12
1008 11
1009 4
1010 4
1011 7
1012 8
1013 5
1014 6
1015 8
1016 3
1017 3
1018 4
1019 3
1020 4
1021 6
1022 6
1023 10
1024 6
1025 6
1026 4
1027 6
1028 5
1029 3
1030 1
1031 4
1032 1
1033 4
1034 3
1035 4
1036 2
1037 3
1038 4
1039 2
1040 1
1041 1
1042 1
1043 2
1044 1
1045 1
1046 1
1048 1
1049 3
1050 1
1051 1
1052 2
1054 2
1055 2
1056 1
1057 1
1058 3
1060 1
1061 1
1062 2
1063 1
1064 2
1066 1
1067 2
1068 3
1069 4
1070 3
1071 5
1072 6
1073 4
1074 3
1075 1
1076 2
1078 1
1079 1
1081 1
1082 1
1083 1
1092 1
1099 1
1105 1
1107 1
1109 1
1110 1
1111 2
1112 1
1114 1
1117 1
1121 1
1123 2
1127 1
1130 1
1131 4
1132 1
1133 3
1134 2
1135 2
1136 1
1137 1
1139 2
1140 4
1141 3
1142 4
1143 3
1144 2
1145 1
1146 1
1147 2
1148 3
1149 2
1152 1
1154 1
1155 1
1156 2
1157 1
1158 1
1159 2
1161 2
1163 1
1165 4
1166 1
1167 1
1169 1
1171 1
1174 1
1175 1
1178 3
1179 2
1180 1
1181 2
1183 3
1184 4
1185 5
1186 2
1187 2
1188 1
1190 1
1193 1
1194 1
1196 1
1197 1
1198 1
1200 1
1202 2
1203 1
1204 2
1205 1
1206 3
1207 2
1208 1
1209 2
1210 1
1211 1
1213 2
1216 1
1223 1
1229 1
1234 1
1239 1
1252 1
1254 1
1257 1
1258 1
1263 1
1264 1
1265 1
1271 2
1273 2
1274 1
1275 1
1278 1
1279 5
1280 1
1283 1
1285 1
1289 1
1290 3
1291 1
1293 1
1299 2
1301 1
1302 1
1303 1
1316 1
1322 1
1325 2
1328 1
1335 1
1336 1
1337 2
1341 3
1342 1
1343 1
1347 1
1349 1
1352 1
1356 1
1359 2
1365 1
1368 1
1371 3
1372 1
1373 1
1374 2
1376 1
1407 3
1408 1
1409 1
1411 1
1414 1
1415 2
1416 1
1418 1
1419 1
1421 1
1423 1
1426 1
1430 1
1431 2
1454 1
1469 1
1471 1
1472 1
1476 1
1477 1
1483 2
1484 1
1487 2
1500 1
1506 1
1521 1
1532 1
1541 1
1545 1
1559 1
1561 1
1562 1
1566 1
1577 1
1580 1
1588 1
1598 1
1601 1
1605 1
1607 1
1608 1
1613 2
1618 1
1620 1
1621 2
1633 1
1636 1
1657 1
1663 1
1723 1
1761 2
1762 1
1772 1
1773 1
1774 1
1783 1
1789 1
1794 1
1823 1
1825 1
1829 1
1830 1
1834 2
1837 1
1840 1
1841 1
1844 1
1845 2
1846 2
1847 1
1873 1
1874 1
1875 1
1884 1
1885 1
1886 1
1887 1
1923 1
1942 1
1958 1
1976 1
1977 1
2019 1
2022 1
2028 2
2029 1
2045 1
2080 1
2097 1
2107 1
2110 1
2119 1
2123 1
2128 1
2131 1
2132 1
2136 1
2137 1
2167 1
2168 1
2202 1
2207 1
2214 1
2215 1
2232 1
2233 2
2237 1
2239 1
2240 1
2245 2
2263 1
2269 1
2272 1
2273 1
2274 2
2295 1
2329 1
2332 1
2334 1
2338 3
2340 1
2341 1
2342 3
2343 1
2344 1
2345 1
2350 1
2352 1
2355 1
2356 1
2358 1
2363 1
2369 1
2370 1
2371 1
2401 1
2405 1
2412 1
2414 1
2415 1
2424 1
2428 1
2437 1
2464 1
2479 1
2485 1
2486 1
2542 2
2646 1
2649 1
2769 2
2772 1
2778 1
2847 1
2851 1
2855 1
2856 1
2862 3
2864 1
2866 1
2871 1
2875 1
2913 1
2944 1
2947 1
3010 1
3012 1
3288 1
3294 1
3295 1
3296 1
3305 1
3308 1
3310 1
3313 1
3317 1
3318 1
3322 4
3323 1
3324 1
3329 1
3387 1
3461 1
4420 1
4438 1
5010 1
5180 1
5330 1
5656 1
7037 1
7117 1
7120 1
7127 1
7130 1
7140 1
7146 1
7147 1
7151 1
7153 2
