1 20859958
2 14887960
3 9964475
4 7027135
5 5354360
6 4310600
7 3657074
8 3258037
9 3056309
10 2933524
11 2820540
12 2686346
13 2499471
14 2279131
15 2027315
16 1783077
17 1551088
18 1322594
19 1120284
20 939500
21 774535
22 627042
23 501649
24 394112
25 309221
26 241687
27 193765
28 162218
29 150616
30 154209
31 165730
32 187561
33 217096
34 250041
35 284311
36 317726
37 347891
38 371862
39 388823
40 396690
41 397219
42 389692
43 372330
44 347543
45 317903
46 284941
47 249645
48 214430
49 181930
50 152288
51 123630
52 98765
53 77352
54 60780
55 47485
56 37378
57 30407
58 25062
59 22248
60 20375
61 21108
62 22683
63 25145
64 28889
65 33372
66 38619
67 44602
68 50443
69 56665
70 62060
71 68019
72 73311
73 77627
74 81985
75 85733
76 87556
77 88708
78 87208
79 85972
80 83337
81 79722
82 75688
83 72079
84 66337
85 60489
86 55319
87 49432
88 43932
89 38455
90 33331
91 28948
92 24965
93 20636
94 17533
95 14537
96 11983
97 10020
98 8539
99 7134
100 6336
101 5710
102 5647
103 5728
104 6351
105 6965
106 8220
107 10282
108 12454
109 14972
110 18428
111 22219
112 26734
113 31945
114 37456
115 44322
116 51892
117 60011
118 69163
119 78524
120 89619
121 100057
122 111868
123 124127
124 137217
125 148734
126 160125
127 172126
128 183359
129 195675
130 205717
131 214625
132 222262
133 230167
134 235752
135 240273
136 243806
137 246583
138 246845
139 245397
140 243118
141 240814
142 236227
143 229088
144 222337
145 212835
146 204127
147 194364
148 183152
149 171979
150 160567
151 149140
152 137910
153 126439
154 115407
155 105953
156 94995
157 85666
158 75583
159 68385
160 59737
161 52876
162 46182
163 39805
164 34583
165 29815
166 25634
167 21799
168 18804
169 15726
170 13346
171 11144
172 9329
173 7755
174 6508
175 5415
176 4316
177 3718
178 3077
179 2501
180 2167
181 1838
182 1588
183 1375
184 1192
185 1090
186 1064
187 1055
188 1103
189 1036
190 1166
191 1233
192 1239
193 1393
194 1520
195 1663
196 1920
197 2121
198 2309
199 2516
200 2734
201 2681
202 3097
203 3273
204 3502
205 3717
206 3903
207 4175
208 4252
209 4524
210 4585
211 4768
212 4840
213 5021
214 5307
215 5502
216 5448
217 5526
218 5571
219 5738
220 5475
221 5555
222 5463
223 5469
224 5155
225 5013
226 4907
227 4814
228 4519
229 4532
230 4369
231 4062
232 3817
233 3705
234 3397
235 3338
236 2937
237 2689
238 2509
239 2502
240 2231
241 2102
242 1977
243 1784
244 1652
245 1562
246 1450
247 1325
248 1187
249 1150
250 1018
251 982
252 902
253 870
254 808
255 814
256 780
257 730
258 734
259 689
260 733
261 693
262 735
263 792
264 777
265 794
266 839
267 870
268 819
269 822
270 894
271 875
272 903
273 850
274 952
275 917
276 916
277 999
278 982
279 942
280 939
281 942
282 915
283 890
284 907
285 895
286 968
287 864
288 841
289 791
290 758
291 788
292 788
293 778
294 746
295 740
296 679
297 634
298 663
299 655
300 608
301 639
302 581
303 511
304 514
305 490
306 470
307 436
308 393
309 387
310 383
311 353
312 325
313 281
314 258
315 258
316 240
317 224
318 203
319 198
320 182
321 157
322 150
323 138
324 109
325 114
326 104
327 116
328 120
329 91
330 102
331 101
332 110
333 72
334 76
335 72
336 76
337 76
338 85
339 75
340 48
341 56
342 53
343 51
344 53
345 47
346 56
347 38
348 56
349 50
350 49
351 46
352 44
353 53
354 57
355 60
356 47
357 53
358 61
359 55
360 50
361 44
362 38
363 43
364 42
365 63
366 65
367 61
368 54
369 56
370 75
371 60
372 69
373 56
374 55
375 67
376 74
377 62
378 85
379 91
380 86
381 119
382 85
383 117
384 93
385 100
386 130
387 130
388 105
389 130
390 130
391 117
392 105
393 130
394 109
395 140
396 143
397 137
398 110
399 155
400 145
401 137
402 143
403 147
404 155
405 164
406 169
407 164
408 182
409 186
410 187
411 183
412 183
413 178
414 188
415 183
416 199
417 205
418 175
419 166
420 199
421 172
422 187
423 176
424 187
425 177
426 172
427 186
428 207
429 197
430 201
431 211
432 201
433 169
434 187
435 159
436 142
437 143
438 139
439 132
440 148
441 153
442 139
443 125
444 129
445 107
446 104
447 115
448 95
449 96
450 98
451 93
452 88
453 88
454 98
455 87
456 104
457 87
458 94
459 82
460 85
461 75
462 73
463 73
464 70
465 76
466 69
467 60
468 76
469 75
470 76
471 67
472 100
473 87
474 78
475 89
476 85
477 89
478 73
479 68
480 52
481 63
482 50
483 49
484 62
485 47
486 57
487 47
488 49
489 41
490 56
491 65
492 58
493 78
494 72
495 65
496 55
497 49
498 59
499 57
500 64
501 68
502 65
503 40
504 48
505 44
506 42
507 55
508 48
509 57
510 41
511 43
512 37
513 44
514 36
515 35
516 47
517 56
518 56
519 64
520 52
521 49
522 46
523 58
524 60
525 46
526 57
527 64
528 52
529 69
530 72
531 73
532 68
533 71
534 78
535 73
536 66
537 95
538 78
539 76
540 71
541 80
542 69
543 89
544 81
545 92
546 94
547 90
548 91
549 90
550 102
551 94
552 105
553 94
554 103
555 113
556 75
557 101
558 111
559 103
560 99
561 117
562 149
563 118
564 125
565 114
566 107
567 114
568 135
569 129
570 120
571 116
572 123
573 113
574 126
575 129
576 100
577 114
578 112
579 111
580 113
581 130
582 123
583 120
584 104
585 126
586 111
587 103
588 104
589 121
590 87
591 90
592 92
593 91
594 82
595 76
596 91
597 111
598 63
599 74
600 89
601 73
602 62
603 66
604 49
605 67
606 68
607 69
608 52
609 36
610 53
611 62
612 52
613 53
614 34
615 35
616 43
617 39
618 22
619 28
620 31
621 24
622 22
623 26
624 25
625 27
626 18
627 16
628 20
629 19
630 12
631 22
632 17
633 14
634 18
635 19
636 25
637 15
638 26
639 17
640 15
641 28
642 18
643 23
644 33
645 23
646 22
647 29
648 29
649 26
650 21
651 31
652 23
653 24
654 30
655 28
656 30
657 29
658 24
659 26
660 17
661 34
662 31
663 33
664 34
665 21
666 23
667 28
668 19
669 28
670 23
671 23
672 26
673 37
674 30
675 43
676 28
677 26
678 33
679 43
680 15
681 46
682 29
683 35
684 47
685 33
686 31
687 34
688 23
689 50
690 31
691 32
692 39
693 39
694 34
695 35
696 35
697 48
698 35
699 39
700 25
701 38
702 35
703 36
704 43
705 23
706 31
707 27
708 33
709 28
710 43
711 48
712 35
713 49
714 38
715 38
716 24
717 43
718 37
719 43
720 32
721 30
722 24
723 24
724 24
725 22
726 21
727 26
728 36
729 27
730 26
731 25
732 26
733 26
734 19
735 19
736 29
737 21
738 18
739 27
740 28
741 22
742 27
743 21
744 9
745 19
746 22
747 20
748 25
749 13
750 26
751 23
752 21
753 12
754 28
755 14
756 14
757 18
758 21
759 18
760 17
761 12
762 25
763 20
764 22
765 24
766 23
767 14
768 15
769 21
770 12
771 21
772 23
773 21
774 19
775 16
776 12
777 15
778 17
779 12
780 15
781 20
782 17
783 19
784 18
785 12
786 15
787 13
788 25
789 20
790 12
791 16
792 14
793 15
794 17
795 19
796 16
797 19
798 23
799 23
800 12
801 19
802 18
803 18
804 16
805 12
806 15
807 21
808 14
809 22
810 13
811 15
812 13
813 9
814 9
815 9
816 9
817 10
818 9
819 8
820 5
821 9
822 7
823 14
824 11
825 15
826 15
827 14
828 16
829 21
830 17
831 16
832 13
833 18
834 9
835 14
836 16
837 14
838 23
839 13
840 12
841 15
842 16
843 21
844 19
845 19
846 14
847 21
848 21
849 19
850 20
851 24
852 25
853 27
854 23
855 30
856 18
857 23
858 29
859 28
860 36
861 48
862 29
863 42
864 42
865 38
866 42
867 55
868 49
869 97
870 61
871 71
872 80
873 95
874 79
875 123
876 134
877 142
878 162
879 170
880 169
881 212
882 255
883 283
884 256
885 328
886 363
887 394
888 409
889 457
890 516
891 543
892 585
893 639
894 736
895 778
896 837
897 923
898 1035
899 1080
900 1202
901 1320
902 1433
903 1572
904 1642
905 1866
906 1892
907 2069
908 2203
909 2344
910 2548
911 2771
912 3063
913 3210
914 3289
915 3538
916 3801
917 4024
918 4303
919 4499
920 4840
921 5018
922 5411
923 5781
924 6161
925 6472
926 6938
927 7251
928 7555
929 8046
930 8582
931 8936
932 9410
933 9837
934 10455
935 10788
936 11437
937 11743
938 12321
939 12810
940 13322
941 13987
942 14415
943 15192
944 15454
945 16233
946 16798
947 17121
948 17937
949 18310
950 19031
951 19369
952 19980
953 20463
954 21087
955 21578
956 22074
957 22541
958 23065
959 23266
960 24292
961 24395
962 24702
963 25114
964 25373
965 25915
966 26096
967 26718
968 26525
969 26926
970 27226
971 27526
972 27700
973 27539
974 27702
975 27795
976 28157
977 28133
978 27848
979 27906
980 28416
981 27942
982 27808
983 27766
984 27386
985 27343
986 27401
987 26962
988 26593
989 26419
990 25938
991 25824
992 25335
993 24933
994 24630
995 23876
996 23928
997 23339
998 22854
999 22459
1000 21779
1001 21369
1002 20910
1003 20440
1004 19902
1005 19290
1006 18916
1007 18256
1008 18042
1009 17324
1010 16739
1011 16336
1012 15800
1013 15199
1014 14771
1015 14204
1016 13716
1017 13077
1018 12646
1019 12387
1020 11713
1021 11323
1022 10763
1023 10598
1024 9975
1025 9360
1026 9017
1027 8705
1028 8253
1029 7839
1030 7441
1031 7086
1032 6783
1033 6427
1034 6169
1035 5661
1036 5458
1037 5218
1038 4943
1039 4706
1040 4403
1041 4167
1042 3856
1043 3641
1044 3450
1045 3202
1046 2971
1047 2851
1048 2637
1049 2472
1050 2284
1051 2151
1052 1988
1053 1880
1054 1801
1055 1618
1056 1498
1057 1452
1058 1383
1059 1194
1060 1192
1061 1034
1062 939
1063 932
1064 808
1065 704
1066 739
1067 625
1068 592
1069 562
1070 538
1071 517
1072 434
1073 419
1074 351
1075 322
1076 311
1077 257
1078 279
1079 241
1080 225
1081 196
1082 192
1083 158
1084 147
1085 161
1086 130
1087 123
1088 117
1089 116
1090 130
1091 108
1092 93
1093 108
1094 121
1095 88
1096 86
1097 95
1098 68
1099 78
1100 59
1101 67
1102 67
1103 61
1104 64
1105 60
1106 60
1107 74
1108 45
1109 59
1110 76
1111 61
1112 65
1113 49
1114 47
1115 51
1116 51
1117 49
1118 49
1119 52
1120 49
1121 50
1122 41
1123 45
1124 38
1125 43
1126 41
1127 40
1128 45
1129 44
1130 30
1131 36
1132 35
1133 22
1134 38
1135 32
1136 27
1137 33
1138 28
1139 28
1140 29
1141 27
1142 29
1143 20
1144 27
1145 20
1146 22
1147 23
1148 18
1149 15
1150 39
1151 16
1152 20
1153 13
1154 20
1155 12
1156 12
1157 15
1158 16
1159 9
1160 16
1161 15
1162 10
1163 19
1164 9
1165 16
1166 14
1167 8
1168 21
1169 16
1170 14
1171 10
1172 13
1173 10
1174 14
1175 18
1176 9
1177 10
1178 13
1179 5
1180 13
1181 14
1182 11
1183 12
1184 9
1185 5
1186 11
1187 9
1188 9
1189 3
1190 7
1191 5
1192 11
1193 5
1194 10
1195 10
1196 3
1197 10
1198 9
1199 9
1200 3
1201 11
1202 7
1203 15
1204 4
1205 7
1206 10
1207 11
1208 5
1209 9
1210 9
1211 11
1212 7
1213 5
1214 8
1215 8
1216 11
1217 6
1218 8
1219 4
1220 9
1221 6
1222 3
1223 4
1224 4
1225 6
1226 8
1227 7
1228 3
1229 7
1230 7
1231 6
1232 3
1233 10
1234 9
1235 6
1236 9
1237 5
1238 7
1239 6
1240 2
1241 7
1242 9
1243 7
1244 5
1245 7
1246 4
1247 11
1248 7
1249 4
1250 8
1251 4
1252 7
1253 10
1254 7
1255 4
1256 13
1257 6
1258 5
1259 1
1260 2
1261 6
1262 7
1263 7
1264 5
1265 5
1266 6
1267 5
1268 3
1269 4
1270 4
1271 3
1272 2
1273 3
1274 3
1275 7
1276 3
1277 3
1278 5
1279 2
1280 5
1281 3
1282 4
1283 10
1284 6
1285 4
1286 4
1287 8
1288 4
1289 3
1290 5
1291 4
1292 2
1293 4
1294 2
1295 5
1296 2
1298 2
1299 2
1300 6
1301 3
1302 2
1303 7
1304 2
1305 6
1306 8
1307 1
1308 2
1309 4
1310 2
1311 5
1312 3
1314 6
1315 2
1316 1
1317 6
1318 3
1319 4
1320 2
1321 5
1322 3
1323 4
1324 4
1325 4
1326 5
1327 5
1328 3
1329 1
1330 3
1331 3
1332 4
1333 2
1334 5
1335 1
1336 6
1337 2
1338 6
1339 5
1340 2
1341 4
1342 4
1343 5
1344 1
1345 4
1346 4
1348 2
1349 3
1350 6
1351 2
1352 5
1353 2
1354 5
1355 3
1356 5
1357 2
1358 3
1359 1
1360 4
1361 5
1362 3
1363 6
1364 2
1366 3
1367 1
1368 9
1369 2
1370 6
1371 2
1372 4
1373 2
1374 7
1375 5
1377 5
1378 5
1379 3
1380 4
1381 5
1382 3
1383 4
1384 4
1385 3
1386 8
1387 1
1388 4
1389 4
1390 4
1391 3
1392 5
1393 4
1394 1
1395 3
1396 1
1397 4
1398 7
1399 3
1400 4
1401 1
1402 4
1403 1
1404 1
1405 7
1406 3
1407 2
1409 1
1410 2
1411 2
1412 2
1413 1
1414 1
1415 6
1416 5
1417 3
1418 1
1419 2
1420 4
1421 1
1422 4
1423 2
1424 2
1425 3
1426 2
1427 2
1428 1
1429 2
1430 4
1431 1
1432 1
1433 1
1434 2
1435 1
1436 1
1437 5
1438 3
1439 2
1440 3
1441 7
1442 1
1443 2
1444 5
1445 1
1446 1
1447 2
1448 1
1449 2
1450 3
1451 2
1452 2
1453 3
1456 3
1457 1
1458 4
1459 3
1460 2
1461 1
1462 2
1463 6
1464 6
1465 4
1466 7
1467 4
1468 5
1469 3
1470 3
1471 2
1472 3
1473 2
1474 3
1475 2
1476 3
1477 2
1478 6
1479 3
1480 3
1481 4
1483 4
1484 4
1485 1
1486 3
1487 3
1488 4
1489 2
1490 4
1491 5
1492 2
1493 1
1494 1
1495 2
1497 1
1498 1
1499 1
1500 2
1501 3
1502 4
1504 6
1505 3
1506 4
1507 5
1508 8
1509 3
1510 1
1511 2
1512 2
1513 2
1514 1
1515 2
1516 3
1517 1
1518 1
1519 3
1520 2
1521 3
1522 2
1523 2
1524 1
1525 2
1526 3
1527 3
1528 1
1529 1
1530 4
1532 3
1534 2
1535 4
1536 3
1537 3
1539 2
1541 2
1542 2
1543 2
1544 1
1545 1
1546 2
1547 2
1548 2
1549 2
1553 2
1554 5
1555 4
1556 2
1557 1
1558 2
1559 4
1560 2
1561 1
1562 2
1563 6
1564 3
1565 1
1566 3
1567 3
1568 5
1570 7
1571 4
1572 1
1573 2
1574 3
1575 1
1576 5
1577 7
1578 2
1579 1
1580 4
1581 1
1582 4
1583 3
1584 2
1585 1
1586 4
1587 2
1588 2
1589 1
1590 3
1591 1
1592 3
1593 4
1594 9
1595 5
1596 2
1597 2
1598 3
1599 3
1600 4
1601 3
1602 4
1603 2
1604 3
1605 2
1606 2
1607 4
1608 4
1609 4
1610 1
1611 4
1613 1
1614 3
1615 1
1616 1
1617 4
1618 2
1619 4
1620 1
1621 2
1622 1
1623 3
1624 2
1627 2
1629 3
1630 2
1632 2
1633 2
1634 1
1636 1
1637 1
1639 1
1640 2
1641 2
1643 2
1644 3
1646 2
1647 1
1648 1
1649 1
1650 2
1651 1
1653 1
1654 2
1655 2
1657 1
1659 1
1661 1
1664 1
1665 1
1666 3
1668 4
1671 1
1672 2
1673 3
1674 1
1676 1
1677 5
1678 1
1679 2
1681 4
1682 1
1684 5
1685 4
1686 2
1687 4
1688 2
1689 1
1690 4
1691 1
1692 1
1694 1
1696 1
1698 2
1699 1
1700 3
1701 1
1702 2
1703 1
1704 2
1705 2
1706 2
1707 2
1708 3
1709 1
1710 1
1711 1
1712 1
1714 3
1715 3
1719 2
1721 1
1722 2
1723 1
1724 1
1726 1
1727 1
1728 1
1730 1
1732 1
1734 1
1735 1
1736 2
1737 1
1738 1
1741 1
1742 1
1743 2
1744 1
1745 2
1746 3
1747 1
1748 1
1750 1
1751 1
1754 1
1755 2
1759 1
1763 1
1765 1
1770 2
1777 1
1782 1
1785 1
1787 2
1788 1
1789 1
1791 1
1793 1
1802 1
1804 3
1805 1
1812 1
1813 1
1815 1
1816 1
1818 3
1819 1
1820 2
1821 1
1822 2
1828 1
1829 3
1832 1
1835 2
1836 4
1837 1
1838 2
1839 2
1840 2
1841 4
1842 1
1843 2
1845 1
1846 1
1847 2
1848 2
1850 3
1851 1
1852 3
1853 1
1855 1
1856 1
1857 3
1858 1
1859 3
1860 2
1861 4
1862 5
1863 7
1864 4
1865 4
1866 4
1867 5
1868 7
1869 4
1870 4
1871 8
1872 6
1873 4
1874 6
1875 5
1876 10
1877 5
1878 6
1879 8
1880 5
1881 10
1882 6
1883 12
1884 7
1885 10
1886 5
1887 9
1888 8
1889 11
1890 8
1891 8
1892 15
1893 11
1894 9
1895 12
1896 13
1897 14
1898 13
1899 15
1900 17
1901 16
1902 19
1903 14
1904 18
1905 30
1906 19
1907 23
1908 26
1909 24
1910 19
1911 26
1912 25
1913 28
1914 22
1915 26
1916 25
1917 21
1918 22
1919 30
1920 18
1921 25
1922 31
1923 30
1924 32
1925 23
1926 29
1927 29
1928 30
1929 42
1930 33
1931 30
1932 36
1933 44
1934 41
1935 30
1936 35
1937 25
1938 46
1939 45
1940 51
1941 55
1942 38
1943 40
1944 46
1945 48
1946 49
1947 47
1948 48
1949 53
1950 50
1951 54
1952 41
1953 35
1954 48
1955 45
1956 59
1957 41
1958 46
1959 36
1960 49
1961 59
1962 53
1963 44
1964 44
1965 50
1966 47
1967 39
1968 25
1969 41
1970 42
1971 41
1972 51
1973 48
1974 46
1975 43
1976 34
1977 45
1978 34
1979 42
1980 39
1981 46
1982 32
1983 48
1984 28
1985 31
1986 47
1987 37
1988 32
1989 34
1990 42
1991 37
1992 28
1993 32
1994 43
1995 36
1996 37
1997 25
1998 37
1999 33
2000 26
2001 27
2002 26
2003 34
2004 25
2005 23
2006 30
2007 23
2008 19
2009 26
2010 24
2011 35
2012 28
2013 32
2014 16
2015 20
2016 23
2017 23
2018 28
2019 34
2020 27
2021 19
2022 24
2023 24
2024 24
2025 19
2026 22
2027 24
2028 29
2029 26
2030 24
2031 22
2032 12
2033 23
2034 18
2035 16
2036 24
2037 17
2038 10
2039 14
2040 12
2041 14
2042 15
2043 12
2044 10
2045 17
2046 19
2047 24
2048 13
2049 16
2050 11
2051 10
2052 10
2053 9
2054 13
2055 5
2056 5
2057 6
2058 7
2059 10
2060 9
2061 7
2062 3
2063 4
2064 7
2065 7
2066 5
2067 4
2068 2
2069 4
2070 5
2071 3
2072 5
2073 3
2074 11
2075 4
2076 1
2077 1
2078 3
2079 2
2080 6
2082 4
2083 3
2084 1
2085 1
2088 1
2092 1
2096 1
2099 2
2100 1
2104 1
2106 2
2107 1
2113 1
2114 1
2126 1
2144 1
2145 1
2146 2
2154 1
2157 1
2158 2
2159 2
2161 1
2162 2
2164 3
2165 2
2166 1
2167 1
2168 1
2169 2
2170 2
2172 1
2173 1
2175 1
2176 1
2184 1
2193 1
2195 1
2196 1
2198 1
2199 1
2208 1
2210 1
2211 1
2214 2
2215 1
2217 1
2219 2
2221 1
2224 1
2225 1
2226 1
2227 1
2228 1
2229 1
2231 3
2235 1
2236 1
2238 1
2240 1
2241 1
2242 1
2243 3
2244 2
2245 1
2246 2
2248 4
2249 1
2250 2
2253 1
2254 2
2256 1
2257 2
2258 2
2260 2
2261 5
2262 4
2263 5
2264 4
2265 3
2266 2
2267 1
2268 2
2269 1
2270 3
2272 1
2273 5
2276 2
2278 5
2279 4
2281 4
2282 2
2283 3
2286 1
2289 2
2290 1
2291 2
2292 2
2293 5
2294 2
2295 1
2296 1
2299 2
2301 2
2302 1
2303 1
2306 1
2307 3
2308 2
2313 1
2315 1
2316 1
2319 1
2322 1
2323 1
2329 1
2334 2
2338 2
2349 1
2351 1
2352 1
2355 1
2358 2
2360 1
2361 1
2362 1
2363 1
2364 1
2371 2
2372 2
2375 1
2376 1
2377 3
2381 1
2384 1
2385 1
2386 1
2387 1
2394 3
2395 2
2396 1
2397 2
2399 3
2400 1
2401 1
2402 1
2403 1
2407 1
2410 2
2411 1
2413 2
2414 1
2415 2
2416 2
2420 1
2421 1
2422 1
2423 1
2433 1
2434 1
2440 1
2443 1
2444 1
2447 1
2448 1
2450 1
2451 1
2453 1
2455 1
2458 1
2460 1
2462 1
2463 2
2464 1
2467 1
2469 1
2470 1
2473 1
2476 1
2479 1
2480 1
2482 1
2483 2
2484 1
2486 1
2488 1
2495 2
2497 1
2500 2
2503 1
2504 1
2506 1
2509 1
2512 3
2514 1
2515 3
2518 3
2519 1
2520 2
2522 2
2524 3
2525 3
2527 2
2529 2
2530 1
2531 1
2533 1
2534 1
2536 2
2538 4
2539 3
2540 1
2541 3
2542 1
2543 1
2544 1
2546 5
2547 2
2548 2
2549 1
2550 1
2552 1
2553 1
2554 1
2559 1
2560 1
2561 1
2562 1
2565 2
2566 1
2569 2
2572 1
2574 2
2575 1
2583 1
2585 1
2586 1
2587 1
2590 1
2591 1
2592 3
2593 2
2594 1
2595 1
2596 1
2597 2
2599 1
2601 3
2602 1
2603 1
2604 2
2606 1
2608 2
2609 3
2611 3
2612 1
2615 1
2616 1
2618 1
2621 1
2626 1
2631 2
2638 1
2646 1
2658 1
2663 1
2664 1
2666 1
2667 1
2668 1
2671 1
2672 1
2673 1
2674 2
2675 1
2678 1
2679 1
2681 2
2682 2
2683 2
2684 2
2685 1
2686 1
2687 2
2688 1
2691 1
2692 1
2695 1
2696 1
2699 1
2703 1
2713 1
2723 1
2729 1
2730 1
2736 1
2738 1
2744 1
2770 2
2781 1
2784 1
2790 1
2791 2
2794 2
2795 3
2796 2
2799 1
2803 1
2805 1
2807 1
2817 1
2818 1
2819 3
2825 1
2831 1
2832 2
2836 1
2837 3
2838 1
2839 1
2844 2
2851 2
2853 2
2854 2
2855 1
2856 3
2857 2
2859 1
2861 1
2863 2
2864 1
2865 1
2866 3
2867 2
2868 1
2869 1
2871 1
2872 1
2873 1
2874 1
2876 4
2878 2
2879 2
2880 1
2881 2
2882 1
2883 1
2884 1
2885 1
2886 1
2887 2
2888 3
2889 2
2891 1
2892 1
2893 2
2894 2
2895 2
2896 1
2897 4
2898 1
2900 1
2902 2
2904 3
2906 4
2907 1
2909 3
2910 2
2911 2
2912 1
2913 1
2914 1
2916 3
2918 7
2919 1
2920 2
2921 1
2922 3
2923 1
2924 1
2925 5
2926 2
2927 2
2928 2
2929 2
2930 2
2931 3
2932 2
2934 1
2935 1
2936 2
2937 3
2938 5
2939 3
2940 1
2941 3
2942 2
2943 3
2945 2
2947 6
2948 3
2950 2
2951 3
2952 2
2953 1
2954 1
2955 2
2956 2
2957 3
2958 3
2959 3
2962 1
2963 2
2966 1
2967 2
2968 1
2969 2
2970 6
2971 3
2972 1
2973 1
2974 1
2976 1
2977 4
2978 2
2980 3
2981 1
2982 2
2983 2
2985 2
2986 1
2987 2
2988 1
2989 2
2990 2
2991 2
2992 1
2993 3
2995 4
2997 2
3000 2
3001 2
3002 2
3003 2
3004 1
3005 2
3006 1
3007 3
3008 1
3009 1
3010 1
3014 1
3015 1
3016 2
3019 1
3020 1
3025 1
3027 1
3028 1
3031 1
3032 2
3035 1
3037 3
3039 1
3042 1
3043 1
3044 1
3045 2
3049 2
3051 1
3052 2
3054 1
3055 1
3056 1
3061 1
3063 1
3071 1
3082 2
3085 1
3141 1
3162 1
3165 1
3175 1
3177 1
3181 1
3183 1
3189 2
3190 1
3192 2
3193 2
3197 1
3199 3
3203 1
3204 1
3210 1
3211 1
3228 1
3236 1
3241 1
3247 1
3251 2
3253 1
3254 1
3257 1
3260 1
3264 2
3265 2
3266 1
3268 1
3269 1
3272 1
3273 1
3274 1
3275 1
3277 3
3279 2
3283 2
3285 1
3286 1
3292 1
3293 1
3294 1
3297 1
3301 2
3305 1
3306 2
3308 1
3310 1
3313 1
3314 1
3315 1
3317 1
3318 1
3323 1
3324 2
3326 1
3328 1
3330 1
3331 1
3332 1
3336 1
3344 1
3354 1
3356 1
3357 2
3358 3
3362 1
3363 1
3365 1
3367 4
3368 1
3369 1
3372 1
3373 1
3375 2
3377 1
3378 2
3379 1
3380 2
3381 1
3382 2
3383 1
3386 1
3387 1
3388 2
3391 1
3392 1
3393 1
3394 1
3395 1
3397 1
3398 1
3399 1
3401 1
3403 1
3405 2
3409 1
3410 2
3412 1
3414 1
3418 1
3419 1
3427 1
3432 1
3434 1
3437 2
3440 1
3745 1
3831 2
3835 1
3836 1
3840 1
3841 1
3843 1
3845 3
3846 1
3848 1
3852 2
3856 1
3858 1
3860 1
3861 1
3862 2
3864 1
3870 1
3871 1
3873 1
3878 1
3879 1
3880 1
3883 1
3884 1
3886 1
3889 1
3890 1
3891 1
3893 1
3894 1
3896 2
3897 1
3898 1
3903 1
3905 2
3907 3
3908 1
3909 1
3912 1
3914 2
3915 1
3916 1
3918 1
3919 2
3925 1
3926 2
3933 1
3935 1
3936 1
3947 1
3958 1
3967 1
3977 1
3986 1
3993 1
4006 1
4048 1
4084 2
4091 1
4102 1
4194 1
4208 1
4215 1
4440 1
4455 1
4461 1
4572 1
4583 2
4744 1
4821 1
4832 1
4835 1
4840 1
4847 1
4861 1
4883 1
4890 1
4891 1
4893 1
4896 1
4897 1
4902 1
4905 1
4920 1
4931 1
4944 1
4951 2
4959 1
4960 1
4965 1
4982 1
5773 1
5819 1
5825 1
5829 1
5833 1
5835 1
5841 1
5842 1
5871 1
5889 1
5910 1
6079 1
6094 1
6121 1
6123 1
6124 1
6135 1
6139 1
6141 1
6151 1
6155 1
6163 1
6168 1
6179 1
6183 1
6185 1
6189 1
6193 2
6200 1
6202 1
6205 2
6209 1
6222 1
6236 2
6238 1
6252 1
6777 1
6809 1
6818 1
6842 1
6857 1
7748 1
7765 1
7823 1
8768 1
8838 1
9746 1
9770 1
10001 10
