1 25031286
2 14231140
3 9162736
4 6889977
5 5664204
6 4796522
7 4015476
8 3228952
9 2502436
10 1866695
11 1373562
12 1003036
13 766014
14 627234
15 560789
16 551864
17 561744
18 580334
19 593354
20 589355
21 561263
22 514581
23 452700
24 382214
25 313974
26 250613
27 200691
28 162164
29 134087
30 116659
31 108969
32 107310
33 109943
34 114782
35 120761
36 123215
37 126377
38 127654
39 124834
40 119315
41 111977
42 101369
43 91748
44 81832
45 73177
46 65950
47 59826
48 56359
49 55834
50 59311
51 65232
52 74451
53 87768
54 104407
55 123789
56 145668
57 169903
58 197639
59 224258
60 251365
61 277506
62 300574
63 323392
64 342730
65 355175
66 365399
67 369478
68 368485
69 362834
70 352639
71 336840
72 319925
73 299575
74 277230
75 254438
76 229771
77 204984
78 180354
79 156939
80 135521
81 114598
82 97293
83 81222
84 67228
85 55385
86 44282
87 35308
88 28682
89 23297
90 18890
91 15067
92 12631
93 10689
94 9387
95 8430
96 7510
97 7241
98 7094
99 7014
100 7449
101 7510
102 7638
103 7938
104 8161
105 8172
106 8414
107 8130
108 8095
109 8130
110 7875
111 7874
112 7552
113 7174
114 6755
115 6511
116 6002
117 5566
118 5269
119 4749
120 4274
121 3966
122 3680
123 3351
124 3153
125 2836
126 2771
127 2543
128 2292
129 2102
130 1995
131 1942
132 1831
133 1772
134 1724
135 1718
136 1683
137 1576
138 1581
139 1583
140 1484
141 1475
142 1353
143 1381
144 1418
145 1334
146 1193
147 1161
148 1063
149 1057
150 972
151 907
152 848
153 787
154 687
155 609
156 557
157 507
158 423
159 407
160 417
161 356
162 379
163 328
164 327
165 307
166 299
167 286
168 266
169 197
170 192
171 174
172 182
173 154
174 147
175 116
176 134
177 113
178 144
179 174
180 178
181 193
182 177
183 173
184 170
185 170
186 187
187 201
188 199
189 203
190 224
191 218
192 257
193 242
194 242
195 247
196 250
197 259
198 237
199 245
200 251
201 273
202 245
203 257
204 268
205 247
206 276
207 266
208 272
209 264
210 249
211 268
212 291
213 299
214 308
215 324
216 320
217 292
218 297
219 306
220 315
221 289
222 270
223 237
224 219
225 260
226 228
227 208
228 201
229 178
230 179
231 179
232 171
233 160
234 148
235 127
236 126
237 134
238 147
239 131
240 153
241 139
242 155
243 123
244 117
245 118
246 109
247 98
248 133
249 126
250 104
251 96
252 145
253 134
254 146
255 137
256 142
257 134
258 143
259 143
260 137
261 169
262 154
263 129
264 183
265 177
266 185
267 196
268 196
269 213
270 199
271 207
272 170
273 193
274 189
275 189
276 143
277 191
278 188
279 173
280 175
281 150
282 165
283 176
284 182
285 173
286 202
287 177
288 183
289 196
290 180
291 173
292 156
293 143
294 162
295 173
296 155
297 176
298 143
299 115
300 121
301 108
302 96
303 88
304 95
305 68
306 83
307 72
308 92
309 85
310 72
311 99
312 57
313 62
314 71
315 63
316 82
317 73
318 65
319 56
320 45
321 53
322 56
323 60
324 51
325 64
326 71
327 59
328 66
329 64
330 73
331 80
332 58
333 67
334 80
335 55
336 51
337 55
338 61
339 64
340 64
341 73
342 53
343 57
344 64
345 73
346 69
347 75
348 69
349 64
350 49
351 64
352 54
353 45
354 48
355 40
356 49
357 39
358 41
359 60
360 51
361 36
362 47
363 48
364 39
365 52
366 44
367 42
368 34
369 39
370 48
371 40
372 43
373 50
374 47
375 54
376 44
377 38
378 58
379 56
380 50
381 58
382 58
383 52
384 35
385 47
386 52
387 47
388 51
389 52
390 48
391 39
392 42
393 51
394 50
395 43
396 41
397 42
398 57
399 47
400 62
401 82
402 75
403 82
404 115
405 122
406 145
407 162
408 168
409 203
410 216
411 262
412 293
413 315
414 413
415 447
416 548
417 583
418 654
419 744
420 820
421 1028
422 1036
423 1193
424 1416
425 1635
426 1755
427 2038
428 2308
429 2570
430 2942
431 3196
432 3508
433 3975
434 4283
435 4817
436 5256
437 5668
438 6221
439 6927
440 7284
441 8049
442 8356
443 9362
444 9985
445 10933
446 11690
447 12514
448 13500
449 14546
450 15497
451 16441
452 17443
453 18691
454 19773
455 20587
456 21993
457 22897
458 24224
459 25298
460 26584
461 27971
462 28745
463 29687
464 30779
465 31835
466 33000
467 33584
468 34259
469 35551
470 36344
471 37013
472 37538
473 38183
474 38660
475 39274
476 39283
477 39875
478 40312
479 40389
480 40678
481 40168
482 40100
483 39943
484 39551
485 39656
486 39054
487 38146
488 37783
489 37414
490 36712
491 35856
492 34570
493 33961
494 32978
495 32281
496 30967
497 30072
498 29120
499 28226
500 26661
501 25737
502 24803
503 23531
504 22454
505 21094
506 20373
507 19557
508 18214
509 17397
510 16094
511 15401
512 14327
513 13258
514 12400
515 11600
516 10633
517 9990
518 9239
519 8430
520 8150
521 7302
522 6777
523 6140
524 5559
525 5325
526 4746
527 4371
528 3989
529 3591
530 3288
531 3042
532 2708
533 2509
534 2305
535 2019
536 1758
537 1603
538 1464
539 1320
540 1186
541 1012
542 935
543 778
544 742
545 686
546 561
547 540
548 460
549 424
550 390
551 334
552 287
553 309
554 304
555 219
556 213
557 200
558 192
559 158
560 137
561 124
562 116
563 85
564 88
565 75
566 59
567 69
568 62
569 66
570 44
571 54
572 39
573 34
574 39
575 29
576 34
577 32
578 29
579 29
580 25
581 24
582 22
583 22
584 13
585 12
586 13
587 17
588 9
589 8
590 10
591 11
592 16
593 11
594 23
595 22
596 11
597 20
598 12
599 18
600 19
601 16
602 16
603 17
604 7
605 15
606 17
607 12
608 14
609 14
610 16
611 15
612 17
613 19
614 10
615 6
616 11
617 6
618 21
619 8
620 11
621 11
622 7
623 11
624 19
625 10
626 9
627 14
628 11
629 12
630 10
631 5
632 6
633 8
634 7
635 8
636 11
637 11
638 6
639 10
640 11
641 16
642 9
643 14
644 12
645 16
646 12
647 7
648 6
649 7
650 8
651 11
652 10
653 2
654 3
655 6
656 3
657 5
658 7
659 3
660 4
661 2
662 3
663 4
664 3
665 3
666 6
667 6
668 7
669 7
670 4
671 4
672 6
673 4
674 11
675 5
676 4
677 3
678 6
679 4
680 5
681 2
682 6
683 7
684 5
685 6
686 6
687 8
688 8
689 4
690 4
691 4
692 6
693 7
694 10
695 5
696 5
697 9
698 9
699 6
700 4
701 8
702 8
703 5
704 4
705 8
706 9
707 4
708 6
709 6
710 10
711 1
712 5
713 11
715 3
716 5
717 7
718 4
719 7
720 6
721 3
722 7
723 5
724 4
725 7
726 5
727 5
728 1
729 2
730 5
731 3
732 4
733 7
734 4
735 5
736 2
737 2
738 7
739 2
740 2
741 8
742 9
743 4
744 6
745 3
746 7
747 8
748 6
749 5
750 4
751 5
752 3
753 3
755 5
756 1
757 5
758 8
759 3
760 11
761 2
762 5
763 4
764 6
765 8
766 6
767 4
768 11
769 8
770 6
771 7
772 7
773 14
774 7
775 14
776 6
777 7
778 2
779 15
780 4
781 3
782 4
783 8
784 5
785 3
786 5
787 5
788 2
789 2
790 2
791 2
792 9
793 5
794 4
795 1
796 6
797 4
798 4
799 3
800 1
801 1
802 7
804 3
805 2
806 1
807 5
808 1
809 2
810 2
811 2
812 1
813 3
814 2
815 1
816 7
817 5
818 1
819 3
820 4
821 7
822 4
823 7
824 3
825 1
826 1
827 2
828 3
829 5
830 2
831 4
832 1
833 3
834 3
835 1
838 1
839 1
841 1
842 3
843 1
844 2
845 1
846 3
847 2
849 1
850 3
851 1
853 1
854 2
855 3
858 2
860 1
861 1
862 2
863 3
864 3
865 1
866 2
867 2
868 4
869 3
871 1
872 2
873 1
875 1
876 1
877 2
879 6
881 1
882 3
883 2
884 1
886 2
888 5
889 3
890 5
891 2
892 7
893 6
894 10
895 8
896 8
897 4
898 12
899 5
900 11
901 6
902 11
903 14
904 10
905 10
906 9
907 7
908 11
909 10
910 12
911 17
912 11
913 14
914 24
915 17
916 13
917 30
918 25
919 23
920 30
921 36
922 33
923 41
924 31
925 39
926 36
927 32
928 32
929 23
930 39
931 36
932 36
933 35
934 42
935 39
936 44
937 32
938 54
939 61
940 60
941 62
942 65
943 87
944 65
945 56
946 77
947 82
948 77
949 69
950 68
951 83
952 82
953 62
954 76
955 53
956 69
957 78
958 72
959 67
960 79
961 64
962 82
963 81
964 74
965 62
966 80
967 66
968 63
969 53
970 61
971 58
972 51
973 59
974 62
975 62
976 49
977 61
978 65
979 65
980 52
981 58
982 48
983 41
984 44
985 53
986 47
987 35
988 55
989 55
990 36
991 39
992 30
993 39
994 44
995 42
996 39
997 35
998 43
999 40
1000 24
1001 38
1002 30
1003 34
1004 25
1005 25
1006 23
1007 18
1008 20
1009 26
1010 13
1011 24
1012 17
1013 15
1014 18
1015 13
1016 12
1017 22
1018 14
1019 15
1020 12
1021 15
1022 12
1023 5
1024 16
1025 8
1026 9
1027 7
1028 6
1029 5
1030 4
1031 7
1032 3
1033 4
1034 5
1035 8
1036 9
1037 6
1038 4
1039 5
1040 4
1041 4
1042 5
1043 6
1044 6
1045 7
1046 1
1047 2
1048 3
1049 1
1050 5
1051 4
1052 2
1054 1
1055 3
1056 2
1057 2
1058 2
1059 1
1060 2
1062 1
1063 1
1066 2
1067 1
1068 1
1069 1
1070 2
1071 1
1073 1
1074 1
1075 3
1076 1
1077 1
1078 1
1082 3
1083 3
1084 1
1086 1
1087 3
1088 1
1090 3
1092 1
1093 2
1094 1
1095 1
1096 1
1097 1
1099 1
1100 2
1101 2
1102 2
1104 2
1105 3
1106 1
1108 1
1109 2
1111 1
1115 1
1116 1
1117 2
1119 3
1120 1
1121 1
1122 1
1123 4
1124 4
1126 2
1127 2
1128 1
1129 1
1130 5
1131 3
1132 1
1133 2
1134 2
1135 2
1136 5
1137 1
1138 2
1139 5
1140 2
1141 4
1142 2
1143 4
1144 3
1145 2
1146 1
1147 1
1148 3
1149 1
1150 1
1151 1
1152 2
1153 3
1154 2
1155 1
1156 1
1157 3
1159 2
1160 1
1161 1
1162 6
1164 3
1165 1
1167 4
1168 1
1169 1
1170 1
1173 3
1174 2
1175 1
1176 2
1177 1
1180 2
1181 4
1182 2
1183 1
1184 3
1185 3
1186 1
1187 1
1188 3
1189 6
1191 2
1192 4
1193 3
1194 1
1195 1
1196 2
1197 1
1198 2
1199 3
1200 1
1202 2
1204 4
1205 1
1208 1
1209 1
1210 3
1211 2
1212 3
1213 1
1214 1
1216 3
1217 2
1218 1
1219 1
1222 2
1224 1
1225 1
1226 1
1227 2
1228 2
1229 2
1230 1
1232 2
1233 1
1234 2
1235 1
1237 2
1239 3
1240 1
1241 1
1242 2
1243 4
1244 1
1245 2
1246 1
1247 1
1248 1
1249 2
1250 2
1251 2
1253 2
1255 1
1257 1
1258 2
1259 1
1261 1
1264 2
1267 1
1271 2
1272 2
1274 1
1275 1
1278 2
1280 1
1281 2
1282 1
1283 1
1284 1
1288 2
1289 2
1290 1
1291 2
1292 2
1294 4
1295 1
1296 3
1297 1
1298 3
1300 3
1302 5
1303 4
1304 3
1305 2
1306 7
1307 4
1308 2
1309 3
1310 3
1311 2
1312 3
1313 1
1314 2
1316 2
1317 1
1319 2
1320 1
1323 1
1325 1
1357 2
1359 1
1362 1
1364 1
1366 1
1367 2
1369 1
1370 2
1372 1
1374 2
1377 4
1380 4
1381 1
1383 1
1385 1
1386 1
1390 1
1391 1
1394 2
1396 1
1399 3
1400 3
1401 2
1402 1
1404 3
1405 1
1407 1
1408 2
1410 1
1411 3
1412 3
1413 1
1414 4
1415 2
1416 3
1417 2
1418 3
1419 2
1420 2
1422 3
1423 1
1425 2
1426 1
1427 2
1428 3
1429 3
1430 1
1431 1
1432 2
1433 1
1434 2
1435 2
1436 4
1437 2
1438 3
1439 2
1440 2
1441 2
1442 3
1443 4
1444 5
1445 6
1446 8
1447 4
1448 5
1449 9
1450 6
1451 4
1452 8
1453 3
1454 2
1455 1
1456 8
1457 2
1458 5
1459 1
1460 1
1461 4
1462 4
1464 4
1466 1
1467 2
1468 1
1469 2
1470 4
1471 3
1472 4
1473 3
1474 3
1475 3
1476 2
1477 2
1478 4
1479 5
1480 3
1481 3
1482 7
1483 4
1484 2
1485 3
1486 7
1487 1
1488 3
1489 7
1490 1
1491 3
1492 6
1493 1
1494 2
1495 5
1496 3
1497 1
1498 1
1499 2
1501 2
1503 1
1504 1
1508 1
1512 1
1513 1
1517 1
1519 2
1523 1
1525 1
1526 2
1528 1
1532 1
1533 1
1535 1
1538 2
1539 1
1541 1
1543 2
1544 2
1547 3
1548 1
1550 1
1551 1
1552 2
1553 1
1554 1
1555 1
1560 2
1562 1
1567 1
1568 1
1569 1
1570 1
1571 1
1572 1
1573 2
1574 3
1575 3
1579 1
1582 1
1583 1
1586 1
1590 1
1594 2
1596 1
1597 1
1598 2
1600 1
1601 2
1602 2
1603 2
1604 2
1605 3
1606 3
1608 1
1609 1
1610 1
1611 3
1612 1
1613 1
1615 1
1616 2
1617 4
1618 3
1619 1
1620 2
1622 1
1623 1
1624 1
1625 2
1626 1
1630 1
1631 2
1632 1
1634 1
1635 2
1636 1
1637 1
1638 1
1639 1
1641 1
1642 2
1643 1
1644 4
1645 1
1646 1
1647 3
1648 3
1649 2
1650 2
1651 2
1655 1
1667 1
1671 2
1673 1
1676 1
1682 1
1684 1
1701 1
1704 2
1717 2
1719 1
1722 1
1723 1
1724 1
1730 1
1844 1
1849 1
1854 1
1855 1
1859 1
1860 1
1862 2
1863 1
1868 1
1871 1
1875 1
1884 1
1894 1
1895 1
1897 1
1899 1
1904 1
1905 2
1907 1
1911 2
1915 1
1918 2
1921 1
1922 3
1923 1
1925 2
1933 1
1934 1
1935 1
1936 1
1937 1
1938 1
1939 2
1940 2
1943 2
1944 1
1945 2
1948 2
1950 1
1952 2
1961 1
1963 1
1966 2
1968 1
1969 3
1973 1
1976 1
1978 1
1980 1
1989 1
2001 1
2007 1
2010 1
2012 1
2013 1
2016 1
2021 2
2025 1
2027 1
2051 1
2163 1
2167 1
2168 1
2216 1
2219 1
2224 1
2226 1
2329 2
2337 1
2351 2
2386 1
2416 1
2483 1
2484 1
2485 1
2489 1
2490 2
2491 1
2492 2
2493 2
2494 1
2499 1
2506 1
2511 1
2519 1
2811 1
2813 1
2878 1
2881 1
2898 1
2904 1
2907 1
2908 2
2910 2
2934 1
2942 1
2944 1
2949 1
2951 2
2953 1
2958 1
2960 1
2964 1
2966 1
2979 1
2984 1
2993 1
2995 1
2996 1
3010 1
3039 1
3049 1
3051 1
3055 1
3059 1
3061 3
3065 1
3071 1
3073 1
3317 1
3403 1
3408 1
3411 1
3459 1
3881 1
3982 1
4004 1
4435 1
4512 1
4872 1
4881 1
5836 1
5840 1
5842 1
5853 1
5855 1
5859 2
5860 1
5861 1
5878 1
