1 24167464
2 11076013
3 5775244
4 3495782
5 2564395
6 2257728
7 2189629
8 2160392
9 2075536
10 1927026
11 1745491
12 1539483
13 1356192
14 1206629
15 1114230
16 1065618
17 1071049
18 1112238
19 1179354
20 1254569
21 1320051
22 1357499
23 1356728
24 1324688
25 1252060
26 1151138
27 1031295
28 896445
29 759028
30 629418
31 507336
32 402741
33 314152
34 239748
35 179619
36 134532
37 100725
38 75206
39 56126
40 42067
41 32466
42 25241
43 19921
44 16312
45 13794
46 11699
47 10283
48 8975
49 8004
50 7540
51 6777
52 6053
53 5214
54 4688
55 4203
56 3823
57 3409
58 3110
59 2639
60 2369
61 2045
62 1947
63 1752
64 1581
65 1530
66 1517
67 1402
68 1330
69 1244
70 1190
71 1069
72 1087
73 1040
74 1094
75 1076
76 1062
77 1035
78 1004
79 1067
80 1021
81 976
82 957
83 956
84 870
85 882
86 813
87 823
88 785
89 728
90 815
91 664
92 684
93 607
94 671
95 603
96 509
97 498
98 484
99 531
100 514
101 499
102 418
103 478
104 437
105 432
106 422
107 431
108 456
109 419
110 426
111 420
112 367
113 358
114 339
115 343
116 334
117 272
118 313
119 294
120 266
121 250
122 251
123 247
124 206
125 244
126 215
127 207
128 188
129 181
130 170
131 181
132 165
133 205
134 179
135 178
136 175
137 180
138 168
139 197
140 197
141 169
142 167
143 172
144 147
145 141
146 153
147 144
148 176
149 150
150 141
151 131
152 115
153 116
154 105
155 116
156 78
157 83
158 55
159 70
160 78
161 69
162 61
163 100
164 96
165 101
166 77
167 85
168 60
169 65
170 64
171 66
172 81
173 74
174 90
175 72
176 66
177 72
178 74
179 67
180 59
181 53
182 57
183 51
184 51
185 52
186 49
187 39
188 41
189 37
190 45
191 36
192 35
193 20
194 30
195 29
196 22
197 28
198 36
199 32
200 18
201 30
202 25
203 16
204 13
205 16
206 24
207 20
208 20
209 16
210 21
211 9
212 20
213 7
214 16
215 9
216 10
217 14
218 16
219 19
220 11
221 12
222 18
223 15
224 12
225 12
226 14
227 14
228 14
229 26
230 15
231 14
232 13
233 20
234 23
235 13
236 22
237 25
238 29
239 17
240 22
241 20
242 33
243 26
244 34
245 21
246 20
247 18
248 20
249 23
250 23
251 20
252 30
253 26
254 21
255 24
256 23
257 21
258 18
259 13
260 17
261 10
262 12
263 18
264 13
265 17
266 30
267 18
268 19
269 11
270 25
271 21
272 17
273 17
274 11
275 11
276 15
277 12
278 12
279 19
280 18
281 15
282 16
283 17
284 21
285 28
286 24
287 23
288 15
289 20
290 20
291 16
292 21
293 17
294 32
295 33
296 22
297 12
298 22
299 17
300 18
301 11
302 29
303 26
304 29
305 24
306 52
307 24
308 25
309 29
310 30
311 30
312 44
313 29
314 35
315 30
316 21
317 29
318 23
319 15
320 27
321 15
322 20
323 15
324 25
325 22
326 16
327 14
328 16
329 16
330 14
331 11
332 24
333 14
334 12
335 9
336 17
337 7
338 6
339 11
340 10
341 9
342 8
343 6
344 4
345 7
346 6
347 4
348 6
349 5
350 6
351 5
352 4
353 8
354 3
355 4
356 9
357 7
358 8
359 7
360 5
361 8
362 7
363 6
364 7
365 4
366 9
367 2
369 3
370 3
372 1
373 2
374 3
375 1
376 1
378 3
379 1
380 3
381 3
382 3
383 1
384 1
385 5
386 1
387 4
388 2
389 3
390 1
391 3
393 2
394 2
395 4
396 4
397 3
398 2
399 3
400 2
401 3
402 3
403 1
404 1
405 3
406 1
407 2
409 1
410 2
411 2
412 1
413 2
414 5
416 4
417 1
418 4
419 2
420 1
421 2
422 1
423 1
424 1
425 1
426 2
427 4
429 1
430 1
431 2
432 1
433 1
434 2
435 2
436 3
437 1
438 3
439 1
441 1
443 3
444 5
446 2
447 1
449 1
450 1
451 3
452 3
454 2
456 1
457 2
458 1
459 1
460 3
461 3
462 2
463 4
464 3
465 4
466 4
467 2
468 2
469 2
471 2
472 1
473 1
474 1
475 1
476 1
477 1
480 2
498 1
502 1
508 1
525 1
528 1
531 2
535 1
536 1
539 2
540 1
552 1
553 1
554 1
555 2
556 2
558 1
559 1
560 1
562 1
580 1
582 1
583 4
584 6
585 1
587 1
590 1
594 1
596 1
598 2
602 1
615 1
631 1
632 2
634 1
635 1
636 1
638 1
641 2
643 1
648 1
654 1
655 1
665 1
668 2
682 1
687 3
690 1
691 1
695 1
697 1
699 2
702 1
706 2
708 4
709 2
710 1
711 2
712 3
714 2
715 1
716 1
719 2
722 1
724 1
725 1
726 1
727 2
733 1
735 2
736 3
750 1
752 2
753 2
754 1
757 1
759 3
762 1
764 1
765 1
766 2
767 1
769 1
773 1
778 1
786 1
789 1
792 1
793 2
800 1
805 1
845 1
847 1
879 1
906 1
913 1
936 1
939 1
940 1
941 3
942 3
945 2
946 1
951 1
952 1
955 1
957 1
960 1
968 1
979 1
980 2
983 2
991 1
1036 1
1043 1
1092 1
1094 1
1095 1
1096 1
1097 1
1098 1
1100 1
1101 1
1102 1
1103 2
1116 2
1117 1
1118 1
1119 1
1120 1
1144 1
1160 1
1527 1
1546 1
1723 1
1746 1
1805 1
1908 1
2289 1
2301 1
2302 1
2304 1
2306 1
2311 1
2313 1
2319 1
2326 1
2328 1
2332 1
