1 20718627
2 7823971
3 3617036
4 2147166
5 1568699
6 1307065
7 1223746
8 1252628
9 1327647
10 1395984
11 1422980
12 1396779
13 1332011
14 1250201
15 1162937
16 1064440
17 966281
18 870355
19 775613
20 680379
21 591890
22 512413
23 447505
24 393425
25 356566
26 330435
27 311039
28 299490
29 294597
30 294445
31 297078
32 298913
33 305122
34 309662
35 311969
36 312548
37 313814
38 315072
39 312660
40 311910
41 310446
42 309081
43 304058
44 299641
45 294385
46 287704
47 278314
48 267577
49 254325
50 237849
51 221787
52 203127
53 182744
54 162107
55 142079
56 121990
57 103256
58 86067
59 70590
60 57654
61 45787
62 36468
63 28404
64 21852
65 16878
66 13078
67 9786
68 7451
69 5831
70 4756
71 3862
72 3198
73 2647
74 2342
75 2134
76 1967
77 1745
78 1750
79 1644
80 1554
81 1358
82 1303
83 1170
84 1174
85 1175
86 1093
87 989
88 991
89 947
90 932
91 865
92 894
93 873
94 981
95 902
96 909
97 896
98 909
99 919
100 872
101 888
102 777
103 824
104 797
105 783
106 778
107 792
108 724
109 681
110 679
111 612
112 597
113 597
114 534
115 464
116 454
117 434
118 390
119 363
120 345
121 325
122 334
123 304
124 286
125 280
126 265
127 286
128 298
129 309
130 326
131 318
132 327
133 305
134 309
135 346
136 328
137 350
138 337
139 347
140 349
141 369
142 377
143 389
144 377
145 350
146 330
147 361
148 349
149 375
150 320
151 383
152 336
153 309
154 328
155 314
156 272
157 275
158 270
159 254
160 259
161 223
162 243
163 207
164 203
165 239
166 200
167 224
168 168
169 188
170 165
171 166
172 153
173 142
174 168
175 158
176 160
177 147
178 122
179 130
180 124
181 125
182 91
183 96
184 84
185 79
186 73
187 119
188 110
189 97
190 92
191 88
192 106
193 79
194 105
195 104
196 96
197 97
198 121
199 108
200 112
201 125
202 126
203 138
204 166
205 155
206 183
207 197
208 263
209 312
210 354
211 469
212 527
213 583
214 767
215 896
216 1071
217 1279
218 1526
219 1881
220 2200
221 2679
222 3196
223 3718
224 4443
225 5016
226 6009
227 6911
228 7679
229 8789
230 9906
231 11017
232 12561
233 13842
234 15621
235 17501
236 19286
237 21643
238 23779
239 26009
240 28206
241 31260
242 33584
243 36381
244 39337
245 42181
246 44803
247 48106
248 50898
249 53923
250 57173
251 60271
252 63208
253 66797
254 69332
255 72876
256 76160
257 78851
258 81367
259 83840
260 87742
261 89789
262 92950
263 94513
264 97267
265 99546
266 101494
267 103489
268 105498
269 106243
270 108711
271 109629
272 110659
273 111354
274 111376
275 112043
276 111846
277 111710
278 111128
279 110350
280 108652
281 106515
282 105921
283 103632
284 102331
285 100098
286 98019
287 95360
288 92617
289 90042
290 87187
291 84087
292 80396
293 77280
294 73498
295 70465
296 67246
297 63169
298 59940
299 56799
300 52721
301 49424
302 46415
303 43329
304 39924
305 37128
306 34143
307 31583
308 29076
309 26344
310 23980
311 22266
312 19918
313 18133
314 16228
315 14654
316 13114
317 11741
318 10438
319 9329
320 8322
321 7375
322 6409
323 5716
324 4873
325 4276
326 3687
327 3148
328 2760
329 2373
330 2069
331 1803
332 1461
333 1331
334 1114
335 972
336 808
337 691
338 577
339 513
340 442
341 402
342 320
343 256
344 228
345 189
346 184
347 157
348 122
349 105
350 99
351 89
352 80
353 63
354 78
355 57
356 59
357 42
358 53
359 45
360 56
361 57
362 55
363 45
364 42
365 49
366 48
367 62
368 39
369 61
370 59
371 48
372 55
373 62
374 47
375 47
376 46
377 44
378 37
379 43
380 54
381 38
382 48
383 60
384 47
385 44
386 50
387 38
388 35
389 32
390 45
391 35
392 34
393 33
394 26
395 34
396 28
397 30
398 24
399 36
400 22
401 24
402 20
403 16
404 18
405 16
406 15
407 25
408 18
409 23
410 13
411 18
412 26
413 14
414 20
415 17
416 23
417 10
418 9
419 17
420 15
421 18
422 19
423 13
424 26
425 20
426 12
427 18
428 11
429 16
430 17
431 17
432 20
433 14
434 16
435 17
436 26
437 11
438 19
439 16
440 13
441 22
442 25
443 14
444 22
445 24
446 17
447 17
448 18
449 16
450 17
451 22
452 18
453 22
454 22
455 8
456 17
457 18
458 8
459 12
460 7
461 12
462 15
463 15
464 12
465 21
466 20
467 32
468 22
469 32
470 29
471 25
472 38
473 40
474 37
475 37
476 41
477 41
478 45
479 44
480 62
481 82
482 69
483 60
484 79
485 95
486 102
487 104
488 98
489 104
490 109
491 125
492 119
493 147
494 143
495 148
496 133
497 157
498 166
499 179
500 183
501 205
502 192
503 186
504 222
505 250
506 235
507 236
508 269
509 268
510 291
511 311
512 242
513 320
514 294
515 293
516 327
517 325
518 303
519 317
520 333
521 342
522 291
523 343
524 317
525 325
526 328
527 311
528 323
529 334
530 332
531 316
532 309
533 338
534 343
535 341
536 346
537 400
538 360
539 328
540 346
541 337
542 350
543 365
544 335
545 367
546 325
547 372
548 336
549 383
550 343
551 343
552 369
553 364
554 376
555 370
556 386
557 367
558 364
559 338
560 321
561 318
562 344
563 315
564 329
565 313
566 301
567 291
568 313
569 296
570 337
571 297
572 305
573 322
574 299
575 303
576 290
577 309
578 270
579 281
580 244
581 244
582 244
583 219
584 233
585 195
586 199
587 208
588 177
589 176
590 191
591 166
592 188
593 183
594 176
595 157
596 167
597 155
598 141
599 132
600 126
601 114
602 113
603 105
604 92
605 90
606 100
607 97
608 90
609 72
610 80
611 70
612 60
613 48
614 58
615 60
616 57
617 55
618 50
619 46
620 29
621 40
622 39
623 30
624 25
625 27
626 20
627 17
628 20
629 13
630 18
631 18
632 12
633 13
634 16
635 21
636 17
637 20
638 18
639 12
640 11
641 25
642 10
643 15
644 17
645 16
646 19
647 18
648 6
649 11
650 17
651 17
652 12
653 17
654 9
655 5
656 12
657 12
658 14
659 10
660 11
661 22
662 10
663 14
664 11
665 16
666 15
667 9
668 18
669 21
670 10
671 16
672 10
673 11
674 14
675 11
676 8
677 3
678 8
679 10
680 11
681 10
682 11
683 9
684 13
685 10
686 8
687 10
688 8
689 8
690 10
691 5
692 5
693 5
694 3
695 10
696 5
697 8
698 19
699 7
700 5
701 2
702 6
703 6
704 6
705 7
706 4
707 8
708 8
709 8
710 4
711 12
712 10
713 12
714 12
715 14
716 14
717 11
718 17
719 13
720 16
721 12
722 8
723 24
724 21
725 25
726 29
727 28
728 28
729 38
730 40
731 29
732 43
733 45
734 35
735 44
736 43
737 58
738 61
739 73
740 69
741 73
742 87
743 82
744 73
745 83
746 88
747 102
748 94
749 101
750 97
751 105
752 100
753 130
754 116
755 122
756 122
757 113
758 121
759 129
760 117
761 119
762 103
763 145
764 131
765 149
766 129
767 157
768 138
769 156
770 151
771 168
772 180
773 160
774 151
775 174
776 182
777 153
778 181
779 162
780 189
781 172
782 161
783 151
784 155
785 131
786 150
787 127
788 133
789 152
790 114
791 150
792 128
793 116
794 112
795 115
796 146
797 114
798 125
799 103
800 141
801 108
802 112
803 98
804 108
805 90
806 86
807 84
808 93
809 89
810 81
811 85
812 79
813 84
814 77
815 75
816 61
817 70
818 77
819 61
820 70
821 60
822 80
823 68
824 64
825 47
826 72
827 55
828 58
829 38
830 49
831 54
832 45
833 44
834 43
835 41
836 44
837 52
838 41
839 41
840 43
841 48
842 34
843 37
844 28
845 44
846 34
847 31
848 41
849 29
850 27
851 34
852 28
853 29
854 29
855 26
856 28
857 22
858 26
859 26
860 31
861 21
862 31
863 23
864 29
865 26
866 32
867 19
868 26
869 25
870 25
871 16
872 19
873 17
874 18
875 28
876 24
877 25
878 29
879 26
880 24
881 24
882 30
883 21
884 28
885 18
886 24
887 32
888 7
889 23
890 20
891 20
892 20
893 20
894 21
895 18
896 10
897 20
898 15
899 16
900 12
901 16
902 12
903 18
904 14
905 7
906 15
907 13
908 10
909 8
910 10
911 7
912 9
913 11
914 5
915 13
916 15
917 12
918 11
919 8
920 7
921 10
922 8
923 7
924 5
925 4
926 10
927 9
928 7
929 12
930 7
931 11
932 16
933 12
934 5
935 12
936 7
937 7
938 7
939 5
940 4
941 8
942 7
943 4
944 4
945 6
946 4
947 3
948 7
949 6
950 2
951 4
952 1
953 2
954 1
955 4
956 9
957 5
958 5
959 7
960 4
961 5
962 2
963 2
964 6
965 3
966 3
967 2
968 1
969 4
970 7
971 3
972 6
973 7
974 8
975 10
976 8
977 12
978 13
979 12
980 3
981 8
982 16
983 15
984 13
985 12
986 15
987 25
988 14
989 10
990 14
991 12
992 15
993 23
994 24
995 20
996 21
997 18
998 23
999 23
1000 15
1001 15
1002 13
1003 21
1004 19
1005 24
1006 23
1007 26
1008 30
1009 19
1010 32
1011 30
1012 31
1013 34
1014 32
1015 37
1016 34
1017 36
1018 47
1019 39
1020 31
1021 36
1022 39
1023 52
1024 37
1025 47
1026 37
1027 37
1028 38
1029 42
1030 31
1031 45
1032 33
1033 47
1034 43
1035 39
1036 39
1037 46
1038 45
1039 42
1040 31
1041 42
1042 27
1043 41
1044 35
1045 39
1046 39
1047 37
1048 35
1049 29
1050 34
1051 21
1052 28
1053 25
1054 26
1055 26
1056 34
1057 27
1058 28
1059 38
1060 39
1061 26
1062 36
1063 27
1064 23
1065 30
1066 22
1067 38
1068 31
1069 25
1070 35
1071 36
1072 25
1073 30
1074 27
1075 32
1076 35
1077 30
1078 28
1079 36
1080 30
1081 30
1082 24
1083 26
1084 17
1085 30
1086 29
1087 18
1088 27
1089 28
1090 23
1091 28
1092 22
1093 26
1094 24
1095 25
1096 31
1097 28
1098 30
1099 27
1100 29
1101 25
1102 26
1103 23
1104 21
1105 23
1106 24
1107 19
1108 27
1109 25
1110 25
1111 39
1112 26
1113 32
1114 23
1115 30
1116 31
1117 27
1118 30
1119 35
1120 32
1121 39
1122 25
1123 38
1124 36
1125 45
1126 39
1127 34
1128 32
1129 42
1130 50
1131 32
1132 41
1133 44
1134 53
1135 49
1136 40
1137 44
1138 47
1139 58
1140 39
1141 43
1142 37
1143 43
1144 34
1145 32
1146 29
1147 23
1148 29
1149 31
1150 24
1151 30
1152 24
1153 40
1154 26
1155 31
1156 28
1157 29
1158 34
1159 30
1160 35
1161 29
1162 36
1163 29
1164 27
1165 22
1166 26
1167 30
1168 27
1169 28
1170 22
1171 22
1172 21
1173 23
1174 30
1175 29
1176 25
1177 22
1178 27
1179 22
1180 13
1181 23
1182 16
1183 19
1184 19
1185 20
1186 17
1187 10
1188 20
1189 13
1190 13
1191 12
1192 13
1193 12
1194 7
1195 11
1196 8
1197 8
1198 7
1199 6
1200 13
1201 12
1202 6
1203 4
1204 9
1205 6
1206 3
1207 6
1208 3
1209 9
1210 4
1211 7
1212 6
1213 8
1214 4
1215 6
1216 6
1217 9
1218 2
1219 7
1220 12
1221 8
1222 2
1223 7
1224 9
1225 4
1226 8
1227 6
1228 4
1229 7
1230 7
1231 4
1232 9
1233 5
1234 8
1235 9
1236 7
1237 8
1238 8
1239 3
1240 10
1241 5
1242 10
1243 7
1244 9
1245 7
1246 7
1247 10
1248 11
1249 6
1250 10
1251 12
1252 16
1253 12
1254 19
1255 17
1256 15
1257 10
1258 19
1259 16
1260 9
1261 12
1262 13
1263 12
1264 9
1265 13
1266 15
1267 16
1268 18
1269 20
1270 16
1271 18
1272 18
1273 26
1274 27
1275 16
1276 21
1277 25
1278 24
1279 22
1280 22
1281 18
1282 32
1283 27
1284 29
1285 34
1286 22
1287 20
1288 22
1289 31
1290 25
1291 28
1292 23
1293 25
1294 20
1295 27
1296 33
1297 23
1298 21
1299 25
1300 19
1301 21
1302 26
1303 17
1304 20
1305 17
1306 16
1307 22
1308 15
1309 21
1310 13
1311 19
1312 17
1313 27
1314 27
1315 21
1316 27
1317 26
1318 27
1319 17
1320 24
1321 27
1322 21
1323 23
1324 31
1325 30
1326 17
1327 22
1328 17
1329 20
1330 19
1331 13
1332 20
1333 24
1334 19
1335 15
1336 19
1337 25
1338 17
1339 15
1340 17
1341 19
1342 16
1343 14
1344 24
1345 21
1346 19
1347 17
1348 11
1349 13
1350 16
1351 12
1352 14
1353 11
1354 12
1355 9
1356 9
1357 20
1358 9
1359 11
1360 13
1361 11
1362 8
1363 9
1364 8
1365 10
1366 6
1367 5
1368 7
1369 7
1370 4
1371 11
1372 8
1373 8
1374 12
1375 4
1376 6
1377 11
1378 7
1379 5
1380 4
1381 8
1382 5
1383 6
1384 8
1385 14
1386 7
1387 14
1388 12
1389 8
1390 12
1391 9
1392 9
1393 13
1394 16
1395 10
1396 15
1397 14
1398 11
1399 12
1400 13
1401 5
1402 11
1403 6
1404 22
1405 14
1406 9
1407 15
1408 14
1409 17
1410 16
1411 13
1412 18
1413 17
1414 12
1415 16
1416 19
1417 11
1418 12
1419 12
1420 16
1421 10
1422 10
1423 17
1424 11
1425 12
1426 14
1427 10
1428 14
1429 10
1430 12
1431 14
1432 9
1433 12
1434 14
1435 9
1436 6
1437 5
1438 8
1439 7
1440 15
1441 8
1442 11
1443 7
1444 4
1445 8
1446 8
1447 13
1448 12
1449 7
1450 13
1451 8
1452 12
1453 4
1454 10
1455 12
1456 10
1457 14
1458 10
1459 14
1460 16
1461 14
1462 15
1463 10
1464 9
1465 9
1466 12
1467 8
1468 11
1469 7
1470 8
1471 5
1472 8
1473 13
1474 12
1475 12
1476 12
1477 10
1478 15
1479 7
1480 9
1481 6
1482 3
1483 8
1484 10
1485 9
1486 9
1487 7
1488 10
1489 11
1490 5
1491 9
1492 4
1493 3
1494 5
1495 7
1496 8
1497 8
1498 7
1499 4
1500 4
1501 5
1502 8
1503 10
1504 7
1505 12
1506 5
1507 13
1508 9
1509 9
1510 12
1511 11
1512 7
1513 7
1514 13
1515 6
1516 9
1517 7
1518 13
1519 7
1520 8
1521 6
1522 14
1523 9
1524 14
1525 14
1526 15
1527 18
1528 14
1529 16
1530 15
1531 16
1532 15
1533 18
1534 29
1535 20
1536 18
1537 20
1538 14
1539 13
1540 23
1541 19
1542 17
1543 14
1544 13
1545 14
1546 12
1547 21
1548 23
1549 15
1550 18
1551 19
1552 18
1553 23
1554 24
1555 23
1556 13
1557 25
1558 25
1559 22
1560 22
1561 24
1562 14
1563 18
1564 22
1565 19
1566 12
1567 21
1568 21
1569 22
1570 13
1571 22
1572 17
1573 16
1574 19
1575 21
1576 29
1577 20
1578 19
1579 13
1580 24
1581 21
1582 19
1583 14
1584 18
1585 20
1586 21
1587 22
1588 15
1589 13
1590 21
1591 14
1592 17
1593 14
1594 20
1595 16
1596 10
1597 9
1598 20
1599 4
1600 16
1601 14
1602 17
1603 17
1604 15
1605 12
1606 9
1607 12
1608 16
1609 15
1610 14
1611 8
1612 17
1613 16
1614 8
1615 8
1616 17
1617 8
1618 15
1619 10
1620 9
1621 8
1622 3
1623 10
1624 17
1625 7
1626 6
1627 8
1628 8
1629 9
1630 5
1631 6
1632 7
1633 12
1634 11
1635 9
1636 9
1637 8
1638 5
1639 4
1640 9
1641 7
1642 4
1643 4
1644 7
1645 9
1646 9
1647 3
1648 12
1649 3
1650 13
1651 8
1652 9
1653 9
1654 3
1655 8
1656 6
1657 6
1658 6
1659 9
1660 9
1661 2
1662 1
1663 4
1664 1
1665 6
1666 2
1667 2
1668 2
1669 3
1670 2
1671 3
1672 2
1673 2
1674 3
1675 2
1676 2
1677 2
1678 2
1679 2
1680 4
1681 2
1682 1
1683 4
1684 3
1686 1
1687 6
1688 2
1689 6
1690 3
1691 6
1692 5
1693 5
1694 2
1695 4
1696 2
1697 2
1698 3
1699 1
1700 6
1701 4
1702 5
1703 3
1704 2
1705 3
1706 5
1707 2
1708 4
1709 5
1710 6
1711 6
1712 3
1713 2
1714 2
1715 4
1716 5
1717 4
1718 5
1719 2
1720 4
1721 3
1722 3
1723 3
1724 2
1725 3
1726 2
1727 2
1728 2
1729 1
1730 2
1731 1
1732 2
1733 1
1734 2
1735 5
1736 1
1737 2
1738 3
1739 1
1740 1
1741 2
1742 3
1743 2
1744 2
1745 3
1746 5
1747 1
1748 2
1749 5
1750 1
1751 1
1752 4
1753 2
1754 4
1755 1
1756 5
1757 2
1758 3
1759 2
1760 3
1761 3
1762 4
1763 1
1764 4
1765 1
1767 2
1768 3
1769 3
1770 2
1771 1
1772 4
1773 3
1774 1
1775 4
1776 1
1777 3
1778 3
1780 1
1781 1
1782 3
1783 2
1784 2
1785 3
1786 2
1787 3
1788 1
1789 2
1790 2
1791 2
1792 1
1793 2
1794 1
1795 3
1796 1
1797 3
1798 1
1799 3
1800 3
1801 2
1803 5
1804 3
1805 4
1806 4
1807 4
1808 8
1809 2
1810 2
1811 6
1813 3
1814 6
1815 4
1816 2
1817 2
1818 1
1819 1
1820 1
1821 3
1822 6
1823 6
1824 4
1825 3
1826 3
1827 2
1828 4
1829 6
1830 7
1831 1
1832 2
1833 3
1834 2
1835 1
1836 2
1838 3
1839 1
1842 1
1844 1
1845 2
1846 1
1847 1
1849 1
1850 1
1851 2
1853 2
1854 1
1856 5
1857 2
1858 4
1860 1
1861 5
1862 1
1863 1
1864 2
1866 2
1867 4
1868 3
1869 1
1870 1
1871 2
1873 1
1874 2
1876 1
1877 1
1878 3
1879 1
1880 1
1881 2
1882 3
1883 1
1884 2
1888 1
1891 1
1892 1
1893 2
1894 2
1895 2
1898 2
1899 2
1900 1
1902 1
1903 1
1906 4
1907 1
1908 1
1909 1
1911 1
1912 1
1913 1
1914 1
1915 1
1918 1
1919 1
1920 1
1941 1
1943 1
1945 1
1954 1
1962 1
1963 1
1965 2
1966 1
1967 1
1968 1
1970 1
1973 1
1974 1
1976 2
1983 2
1991 1
1993 1
1999 1
2000 1
2001 4
2002 1
2003 2
2004 2
2005 1
2006 1
2007 1
2009 1
2010 1
2012 3
2013 1
2016 1
2017 1
2018 2
2022 2
2023 2
2025 1
2026 2
2027 2
2028 1
2030 1
2031 3
2033 2
2034 1
2035 1
2036 1
2038 3
2040 1
2041 1
2042 1
2048 1
2049 1
2050 1
2057 2
2061 1
2062 1
2063 1
2065 1
2067 1
2069 1
2070 1
2071 1
2072 2
2073 3
2074 5
2076 1
2079 1
2083 1
2088 2
2092 3
2093 1
2095 2
2096 2
2099 1
2100 4
2102 4
2104 2
2105 1
2106 2
2107 3
2110 3
2111 3
2112 1
2113 3
2114 2
2115 1
2117 3
2118 1
2119 2
2120 3
2122 5
2123 2
2124 3
2125 7
2126 3
2127 1
2128 1
2130 1
2131 6
2132 1
2133 2
2134 5
2135 2
2136 3
2138 2
2139 2
2140 1
2141 2
2142 4
2143 3
2144 3
2145 3
2146 4
2147 1
2148 5
2149 2
2151 3
2153 1
2155 2
2156 4
2157 3
2158 1
2159 1
2160 1
2162 2
2163 2
2164 1
2165 1
2166 1
2167 1
2168 1
2169 1
2170 1
2171 1
2172 3
2175 1
2176 1
2177 2
2178 1
2180 4
2182 2
2184 5
2185 1
2186 2
2187 1
2189 4
2190 1
2191 1
2192 3
2193 1
2200 1
2202 1
2203 1
2217 1
2220 1
2227 1
2234 1
2236 1
2240 1
2241 2
2245 1
2250 1
2251 1
2254 1
2256 2
2257 2
2263 1
2274 1
2276 1
2278 1
2280 1
2283 1
2284 1
2287 2
2288 2
2289 1
2290 1
2291 1
2293 2
2295 1
2296 2
2299 1
2300 2
2301 2
2302 2
2303 2
2304 2
2305 3
2306 1
2308 1
2310 2
2311 1
2312 1
2313 1
2315 3
2316 1
2318 2
2319 3
2321 3
2322 1
2323 3
2325 2
2326 1
2328 2
2329 1
2330 2
2331 3
2333 1
2334 2
2335 3
2336 3
2337 2
2338 2
2340 1
2341 1
2343 1
2344 1
2345 1
2347 1
2348 1
2352 2
2353 2
2355 1
2357 2
2358 1
2359 2
2360 1
2361 2
2362 2
2363 3
2364 2
2365 6
2366 3
2367 2
2368 1
2369 1
2370 3
2371 3
2372 2
2373 2
2374 4
2375 2
2377 2
2378 3
2379 1
2381 1
2382 2
2383 1
2384 1
2385 3
2386 2
2387 1
2388 2
2389 2
2390 4
2392 1
2405 1
2409 1
2412 2
2413 2
2414 2
2417 1
2419 1
2424 1
2425 1
2428 1
2430 1
2432 1
2452 1
2480 1
2486 1
2492 1
2495 1
2521 1
2526 2
2528 1
2530 1
2532 1
2533 1
2535 3
2538 1
2539 3
2540 1
2541 1
2542 2
2544 3
2545 3
2546 3
2547 4
2548 1
2549 1
2550 3
2551 3
2552 2
2553 4
2554 2
2555 1
2556 1
2557 1
2558 1
2559 2
2560 2
2561 3
2562 1
2563 3
2564 1
2565 1
2566 2
2567 2
2575 1
2576 1
2577 1
2578 1
2582 2
2583 1
2584 1
2585 2
2586 1
2587 1
2588 1
2589 5
2590 3
2591 3
2592 2
2593 5
2594 1
2595 3
2596 4
2597 1
2598 4
2599 4
2600 2
2601 4
2602 3
2603 7
2604 6
2605 1
2606 1
2607 5
2608 4
2609 3
2610 4
2611 5
2612 2
2613 3
2614 3
2615 4
2616 2
2617 5
2618 3
2619 2
2620 1
2621 3
2622 2
2623 1
2624 4
2625 3
2626 4
2627 3
2628 4
2629 5
2630 1
2631 2
2632 3
2633 1
2634 1
2635 2
2636 1
2638 1
2639 1
2641 2
2642 4
2644 3
2646 2
2647 2
2648 2
2649 1
2651 6
2652 3
2653 2
2654 3
2655 3
2656 1
2657 1
2658 4
2660 3
2661 3
2663 1
2664 1
2665 2
2666 4
2667 3
2668 1
2669 2
2670 1
2671 1
2672 1
2673 1
2675 2
2677 1
2688 1
2691 1
2697 1
2708 1
2709 1
2718 1
2719 1
2720 1
2723 1
2728 1
2729 2
2731 1
2733 1
2738 1
2743 3
2746 1
2748 2
2751 1
2755 1
2757 1
2758 1
2760 4
2762 3
2763 2
2764 2
2765 1
2767 1
2768 2
2773 1
2774 1
2775 1
2776 3
2781 3
2782 2
2784 2
2785 2
2786 1
2787 2
2789 1
2790 2
2791 1
2792 3
2793 2
2795 2
2796 2
2798 2
2799 2
2801 3
2802 3
2803 2
2804 2
2806 2
2807 3
2808 5
2809 4
2810 1
2811 1
2812 3
2814 3
2815 3
2816 1
2817 2
2818 2
2821 1
2822 4
2823 2
2824 4
2826 1
2827 1
2828 2
2829 3
2830 1
2831 1
2832 6
2833 3
2834 4
2835 5
2836 1
2837 2
2838 4
2839 3
2840 4
2841 2
2842 2
2843 6
2844 5
2845 5
2846 1
2847 7
2848 2
2849 2
2850 3
2851 2
2852 6
2853 5
2855 3
2856 5
2857 3
2858 4
2859 5
2860 6
2861 3
2862 2
2863 4
2864 2
2865 9
2866 6
2867 6
2868 4
2869 7
2870 2
2871 1
2872 5
2873 3
2874 2
2875 4
2876 3
2877 7
2878 4
2879 7
2880 6
2881 9
2882 3
2883 9
2884 6
2885 6
2886 4
2887 1
2888 2
2889 8
2890 3
2891 4
2892 4
2893 5
2894 10
2895 2
2896 6
2897 4
2898 4
2899 2
2900 2
2901 4
2902 5
2903 7
2904 4
2905 3
2906 5
2907 5
2908 4
2909 3
2910 5
2911 5
2912 2
2913 2
2914 3
2915 1
2916 2
2917 1
2918 3
2919 3
2920 1
2921 2
2922 2
2923 1
2927 1
2928 1
2929 2
2930 1
2931 1
2933 1
2934 2
2936 4
2938 1
2939 2
2940 1
2945 1
2951 1
2952 1
2954 1
2957 2
2958 2
2965 3
2968 1
2971 1
2976 1
2981 1
2994 1
3001 1
3010 1
3011 1
3015 1
3016 2
3019 1
3021 1
3022 3
3026 1
3032 1
3037 1
3041 1
3051 1
3053 1
3055 1
3056 2
3058 1
3059 2
3060 2
3062 2
3064 1
3065 1
3066 1
3067 2
3068 1
3069 1
3070 1
3071 1
3073 1
3074 2
3075 1
3076 2
3078 4
3079 3
3081 3
3082 3
3084 1
3085 1
3086 1
3087 3
3089 1
3091 4
3092 2
3093 3
3095 2
3096 1
3097 2
3099 1
3100 1
3101 3
3102 2
3103 2
3104 3
3105 1
3106 3
3107 1
3108 1
3109 2
3110 3
3111 1
3112 4
3113 2
3114 1
3117 1
3118 1
3119 2
3120 2
3121 4
3122 1
3123 2
3124 4
3125 4
3126 2
3127 1
3129 4
3130 1
3131 1
3133 3
3134 1
3135 2
3136 3
3137 1
3138 3
3139 3
3140 1
3141 3
3142 4
3143 2
3144 2
3145 1
3146 4
3147 2
3148 1
3149 1
3152 3
3153 2
3155 1
3156 1
3157 1
3158 3
3159 2
3160 1
3161 2
3162 2
3164 4
3168 2
3170 1
3171 1
3172 2
3173 1
3174 4
3175 1
3176 2
3177 1
3178 1
3179 1
3180 1
3181 2
3183 1
3184 3
3187 3
3188 2
3189 1
3190 1
3191 1
3192 1
3193 4
3194 2
3195 3
3196 2
3198 1
3199 3
3200 1
3205 1
3206 2
3207 2
3208 1
3209 2
3210 1
3212 1
3215 1
3216 2
3217 1
3218 2
3219 2
3220 4
3221 2
3223 4
3224 3
3225 2
3226 1
3228 3
3229 2
3233 3
3234 4
3235 3
3239 1
3240 1
3241 1
3243 1
3244 1
3246 1
3247 1
3249 1
3253 1
3256 2
3257 1
3258 1
3259 1
3262 3
3263 1
3264 1
3268 1
3270 1
3271 1
3272 1
3273 1
3274 1
3275 1
3276 1
3280 1
3281 1
3283 1
3285 1
3290 1
3293 1
3295 1
3296 1
3301 1
3303 2
3304 2
3305 1
3306 2
3307 1
3308 2
3310 1
3311 2
3312 1
3313 3
3315 3
3316 4
3317 1
3318 1
3319 1
3320 2
3321 2
3322 1
3323 1
3324 2
3326 1
3327 1
3328 1
3329 1
3330 2
3331 3
3333 3
3334 1
3337 3
3338 1
3339 3
3340 2
3341 2
3342 3
3343 2
3345 2
3346 2
3347 2
3348 2
3349 4
3350 4
3351 3
3352 4
3353 5
3354 4
3355 3
3356 2
3357 4
3358 2
3359 2
3360 3
3361 2
3362 2
3363 6
3364 4
3365 3
3366 3
3367 3
3368 2
3369 3
3370 2
3372 3
3373 5
3374 3
3375 2
3376 2
3377 5
3378 4
3379 2
3380 2
3381 4
3382 3
3383 4
3384 1
3385 4
3386 5
3387 3
3389 1
3390 1
3392 1
3393 2
3394 1
3395 1
3398 1
3400 1
3401 1
3402 1
3403 1
3404 2
3405 1
3407 1
3408 2
3409 2
3410 2
3412 2
3413 1
3414 1
3415 2
3416 1
3418 1
3419 1
3420 3
3421 1
3424 1
3428 1
3431 1
3432 1
3435 1
3439 1
3442 1
3443 1
3444 1
3448 1
3450 3
3452 1
3454 1
3456 1
3457 3
3458 1
3459 1
3460 2
3461 2
3462 1
3463 2
3464 1
3465 2
3466 1
3468 2
3469 1
3470 3
3471 4
3472 3
3473 1
3474 1
3476 3
3477 1
3478 2
3480 1
3481 1
3483 2
3484 2
3485 2
3486 3
3488 2
3489 4
3491 1
3492 2
3493 3
3496 2
3498 1
3499 2
3500 2
3501 2
3502 1
3503 1
3504 2
3505 1
3506 2
3507 2
3508 2
3509 3
3511 2
3512 2
3513 3
3514 1
3518 1
3519 1
3520 2
3521 1
3522 1
3523 1
3526 2
3529 1
3539 1
3546 2
3548 1
3556 1
3563 1
3564 1
3575 2
3576 1
3578 1
3582 1
3583 3
3586 1
3588 2
3589 1
3592 1
3595 1
3598 1
3600 1
3603 1
3606 1
3607 1
3608 1
3610 1
3612 1
3613 2
3614 1
3615 1
3616 3
3621 1
3623 1
3624 1
3625 1
3626 1
3627 1
3628 1
3633 1
3635 1
3636 1
3637 1
3638 1
3640 1
3642 1
3646 1
3648 1
3656 2
3663 1
3665 3
3667 1
3668 2
3669 1
3672 2
3673 2
3675 1
3676 2
3678 1
3679 1
3680 2
3682 2
3684 1
3685 1
3686 1
3689 2
3691 1
3693 1
3694 1
3695 1
3696 2
3699 2
3700 1
3701 2
3704 1
3707 1
3710 2
3715 1
3716 2
3717 1
3720 2
3721 3
3722 1
3723 2
3724 2
3725 2
3726 1
3727 1
3729 2
3733 1
3736 1
3737 1
3738 3
3741 1
3749 1
3751 2
3756 1
3758 2
3764 2
3769 1
3773 1
3775 1
3777 2
3779 1
3783 1
3784 2
3786 1
3788 1
3791 1
3792 1
3794 1
3795 1
3800 1
3801 2
3802 3
3803 1
3804 2
3807 1
3811 1
3812 2
3813 1
3814 1
3816 1
3818 1
3819 1
3821 1
3824 1
3825 2
3830 1
3833 1
3836 1
3839 1
3840 1
3841 3
3842 1
3843 1
3844 1
3845 2
3847 2
3848 3
3849 1
3850 1
3851 3
3852 1
3853 2
3855 1
3856 1
3857 1
3859 4
3861 3
3862 3
3863 1
3864 1
3865 3
3866 2
3867 5
3868 1
3869 3
3870 3
3871 1
3872 2
3873 4
3874 3
3875 4
3876 4
3877 4
3878 4
3879 7
3880 3
3881 4
3882 5
3883 4
3884 3
3885 2
3886 1
3887 3
3888 3
3889 4
3890 6
3891 3
3892 1
3893 6
3894 2
3895 5
3896 3
3897 6
3898 6
3899 3
3900 2
3901 4
3902 3
3903 3
3904 2
3905 2
3906 1
3907 4
3908 1
3909 1
3910 4
3911 1
3912 2
3913 2
3914 2
3915 1
3916 2
3917 2
3918 1
3919 2
3920 2
3921 2
3922 3
3923 2
3924 5
3926 3
3927 4
3928 2
3929 2
3930 3
3931 3
3932 3
3933 2
3934 1
3935 6
3936 1
3937 2
3938 2
3939 2
3940 1
3941 2
3943 1
3944 3
3947 2
3948 2
3949 2
3950 1
3952 4
3953 2
3954 2
3955 1
3956 2
3957 2
3958 2
3959 3
3960 2
3961 2
3962 1
3963 3
3964 1
3965 4
3966 2
3967 3
3970 1
3971 3
3972 5
3973 1
3974 1
3975 1
3976 2
3977 1
3978 1
3982 1
3983 1
3984 2
3985 1
3986 2
3987 1
3988 2
3989 4
3990 3
3991 1
3992 3
3993 3
3996 1
3997 2
3999 2
4000 1
4002 2
4003 1
4004 1
4005 2
4006 2
4008 1
4011 2
4012 2
4013 1
4015 1
4033 1
4054 1
4057 1
4058 1
4059 1
4063 1
4071 1
4073 1
4076 1
4085 2
4092 1
4093 1
4094 1
4095 3
4101 1
4102 1
4103 1
4104 1
4108 2
4110 2
4113 1
4115 1
4116 1
4119 1
4122 1
4124 1
4125 1
4130 3
4131 1
4133 3
4134 1
4137 1
4138 1
4139 1
4140 1
4141 1
4143 2
4145 2
4147 2
4152 2
4153 2
4154 2
4158 1
4159 1
4164 1
4165 1
4170 3
4172 1
4174 1
4175 1
4176 1
4178 4
4179 2
4181 1
4182 3
4183 1
4184 2
4186 3
4187 1
4189 1
4190 2
4195 1
4198 1
4199 1
4200 2
4201 1
4202 1
4203 1
4211 2
4214 1
4222 1
4225 1
4251 1
4256 1
4258 1
4262 1
4264 1
4265 1
4268 1
4274 2
4275 1
4277 1
4278 2
4280 3
4282 1
4283 1
4285 1
4289 1
4301 1
4303 1
4304 2
4308 1
4310 1
4312 1
4313 1
4314 1
4316 1
4317 1
4318 1
4319 3
4320 1
4321 1
4322 1
4323 2
4325 1
4326 4
4327 1
4328 2
4329 1
4330 2
4333 2
4334 1
4335 2
4336 1
4337 1
4338 1
4339 1
4340 2
4342 3
4343 3
4344 1
4345 3
4346 4
4347 1
4348 1
4349 2
4350 3
4353 1
4354 2
4355 2
4356 1
4358 1
4360 1
4361 4
4362 1
4363 3
4364 1
4365 1
4366 1
4369 2
4370 1
4372 1
4373 1
4374 3
4375 4
4376 2
4377 2
4378 4
4379 4
4380 2
4381 3
4382 2
4383 2
4385 2
4386 3
4387 4
4389 6
4390 2
4391 3
4393 1
4394 3
4396 2
4397 1
4399 2
4400 2
4401 2
4404 1
4405 3
4406 2
4408 2
4409 1
4410 1
4411 1
4412 1
4414 2
4415 3
4416 1
4419 1
4420 1
4421 3
4423 2
4425 2
4430 2
4431 1
4432 2
4433 1
4435 1
4437 1
4438 3
4439 2
4445 1
4446 1
4453 3
4455 2
4458 4
4459 1
4460 3
4464 2
4468 1
4471 1
4472 2
4474 2
4475 1
4476 1
4478 1
4483 2
4484 1
4487 1
4489 2
4491 3
4497 2
4499 1
4503 2
4504 1
4511 1
4514 1
4539 1
4551 1
4555 1
4557 1
4558 2
4564 1
4565 1
4566 1
4567 2
4569 1
4570 1
4571 1
4573 1
4574 1
4575 1
4579 1
4580 3
4581 1
4586 1
4588 1
4589 2
4590 1
4591 3
4594 1
4599 1
4601 1
4604 1
4607 1
4609 2
4612 1
4616 3
4620 1
4621 2
4622 3
4624 1
4625 3
4627 2
4628 2
4629 1
4631 1
4632 1
4634 1
4635 2
4636 3
4638 4
4639 3
4640 1
4641 1
4643 1
4644 3
4646 1
4647 2
4649 1
4650 2
4654 2
4656 1
4657 4
4659 1
4661 1
4665 1
4666 1
4667 1
4669 1
4670 1
4671 2
4674 1
4676 1
4686 1
4687 1
4703 3
4704 1
4708 2
4709 1
4712 1
4715 1
4716 2
4718 1
4723 1
4725 3
4729 1
4847 1
4900 1
4913 1
4918 1
4921 1
4927 1
4984 1
4987 1
5272 1
5275 1
5330 1
5649 1
5838 1
5907 1
5962 1
5982 1
5994 1
6114 1
6164 1
6170 1
6172 1
6173 1
6179 1
6196 1
6207 1
6210 1
6231 1
6246 1
6251 1
6253 1
6254 1
6257 1
6260 1
6269 1
6414 1
6425 1
6430 1
6451 1
6676 1
6912 1
6913 1
6915 1
6916 1
6917 1
6921 2
6934 1
6938 1
6965 1
7053 1
7236 1
7306 1
7527 1
7535 1
7674 1
8003 1
8080 1
8764 1
9010 1
9026 1
9040 1
9245 1
9253 1
9264 1
9266 1
9276 1
9280 1
9284 1
9338 1
9499 1
9508 1
9605 1
9608 2
9610 1
9631 1
9637 1
9760 1
9954 1
10001 15
