1 26668180
2 13444329
3 8098254
4 5048685
5 3159507
6 2081717
7 1516566
8 1203819
9 987249
10 803040
11 637650
12 503174
13 402663
14 339236
15 297307
16 274011
17 265841
18 271130
19 290315
20 318111
21 360095
22 413405
23 466539
24 516927
25 559127
26 589249
27 601892
28 589677
29 564587
30 519372
31 465210
32 404243
33 343384
34 283315
35 227098
36 179406
37 139677
38 106749
39 80170
40 60434
41 46040
42 36027
43 28026
44 22622
45 19107
46 16032
47 14376
48 12695
49 11259
50 10087
51 9129
52 8152
53 7204
54 6453
55 5754
56 5102
57 4283
58 3713
59 3465
60 3167
61 2691
62 2298
63 2005
64 1802
65 1567
66 1324
67 1067
68 978
69 879
70 781
71 806
72 702
73 730
74 689
75 657
76 615
77 693
78 641
79 632
80 613
81 584
82 551
83 570
84 585
85 552
86 560
87 547
88 462
89 490
90 475
91 450
92 484
93 488
94 435
95 528
96 503
97 467
98 414
99 481
100 468
101 437
102 464
103 417
104 379
105 349
106 369
107 326
108 348
109 368
110 333
111 405
112 389
113 345
114 329
115 334
116 355
117 327
118 324
119 312
120 293
121 268
122 233
123 282
124 221
125 253
126 255
127 265
128 225
129 209
130 222
131 180
132 228
133 217
134 189
135 188
136 172
137 156
138 155
139 113
140 118
141 106
142 104
143 146
144 159
145 173
146 178
147 219
148 257
149 273
150 333
151 399
152 427
153 564
154 668
155 797
156 1049
157 1260
158 1568
159 1843
160 2234
161 2595
162 3175
163 3727
164 4465
165 5253
166 6256
167 7282
168 8688
169 10035
170 11653
171 13157
172 14926
173 17047
174 18974
175 21179
176 23657
177 26053
178 28746
179 31954
180 34308
181 37048
182 40047
183 42901
184 45936
185 48856
186 51035
187 53288
188 55494
189 57022
190 58600
191 60058
192 61394
193 62520
194 63449
195 63538
196 63686
197 63118
198 62787
199 61412
200 59566
201 58770
202 57019
203 54940
204 52406
205 49995
206 47292
207 44693
208 42204
209 39827
210 36974
211 34518
212 31537
213 28938
214 26566
215 24247
216 21987
217 19684
218 17347
219 15538
220 13823
221 12268
222 10941
223 9585
224 8370
225 7464
226 6300
227 5535
228 4736
229 4035
230 3432
231 2867
232 2533
233 2101
234 1841
235 1540
236 1325
237 1032
238 911
239 794
240 690
241 554
242 481
243 336
244 316
245 205
246 197
247 172
248 140
249 127
250 91
251 94
252 68
253 60
254 53
255 49
256 41
257 37
258 30
259 36
260 21
261 32
262 21
263 15
264 21
265 25
266 19
267 22
268 20
269 18
270 24
271 18
272 23
273 15
274 15
275 11
276 20
277 12
278 9
279 10
280 14
281 15
282 13
283 21
284 21
285 14
286 13
287 12
288 20
289 15
290 18
291 15
292 17
293 15
294 7
295 9
296 15
297 15
298 16
299 8
300 14
301 10
302 14
303 17
304 11
305 8
306 10
307 15
308 7
309 11
310 12
311 13
312 22
313 10
314 9
315 16
316 9
317 11
318 12
319 10
320 13
321 7
322 4
323 10
324 11
325 4
326 7
327 5
328 5
329 7
330 6
331 4
332 10
333 6
334 9
335 6
336 10
337 2
338 8
339 7
340 3
341 8
342 6
343 4
344 8
345 6
346 8
347 3
348 11
349 8
350 11
351 12
352 14
353 6
354 14
355 14
356 17
357 29
358 26
359 25
360 23
361 37
362 30
363 32
364 25
365 31
366 47
367 59
368 47
369 60
370 71
371 75
372 93
373 71
374 85
375 81
376 78
377 66
378 90
379 97
380 96
381 111
382 111
383 101
384 117
385 113
386 87
387 101
388 92
389 108
390 123
391 101
392 101
393 86
394 107
395 108
396 129
397 99
398 108
399 117
400 122
401 105
402 126
403 111
404 118
405 83
406 84
407 75
408 79
409 67
410 76
411 65
412 62
413 65
414 58
415 50
416 50
417 47
418 37
419 43
420 44
421 34
422 28
423 32
424 37
425 27
426 24
427 18
428 14
429 15
430 11
431 14
432 10
433 5
434 9
435 11
436 6
437 10
438 6
439 4
440 7
441 5
442 6
443 2
444 5
445 3
446 5
447 3
448 4
449 4
450 3
451 6
452 3
453 1
454 1
455 4
456 2
457 2
458 2
459 1
460 2
461 5
462 6
463 9
464 5
465 10
466 8
467 8
468 3
469 2
470 7
471 4
472 2
473 1
474 4
475 2
476 2
477 4
478 8
479 3
480 3
481 4
482 9
483 1
484 5
485 3
486 2
487 5
489 5
490 2
491 4
492 3
493 2
494 3
495 4
496 3
497 3
498 5
500 1
501 1
502 3
503 4
504 5
505 4
506 3
507 7
509 4
510 6
511 5
512 5
513 3
514 5
515 5
516 3
517 1
518 3
519 3
520 5
521 4
522 6
523 3
524 6
525 4
526 9
527 8
528 6
529 2
530 11
531 7
532 5
533 4
534 2
535 6
536 2
537 6
538 1
539 4
540 1
541 3
542 2
543 3
544 3
545 4
546 2
547 2
548 2
549 4
550 1
551 4
552 4
553 7
554 3
555 4
557 4
559 3
560 1
561 4
562 6
563 2
564 2
566 3
567 9
568 11
569 10
570 6
571 8
572 15
573 12
574 8
575 4
576 7
577 5
578 5
579 5
580 3
581 2
582 4
583 4
584 3
585 4
586 4
587 3
588 5
589 5
590 7
591 7
592 4
593 4
594 6
595 3
596 1
597 2
598 2
599 1
600 1
601 3
602 4
603 3
604 1
605 6
606 3
607 4
608 4
609 2
610 5
611 1
612 3
613 1
614 1
615 1
616 2
617 1
618 1
619 1
620 1
621 1
622 1
623 1
624 3
625 2
626 1
627 2
628 1
629 2
632 7
633 2
634 1
635 1
636 2
637 5
640 1
641 1
644 2
645 1
646 4
648 2
649 1
650 3
651 1
652 3
653 4
654 3
655 4
656 6
657 1
658 5
659 3
660 6
661 2
662 2
663 4
664 3
665 5
666 2
667 1
669 1
670 1
672 1
673 1
677 2
678 1
679 1
680 1
681 3
682 3
684 4
686 1
687 1
688 1
689 3
691 1
693 1
694 1
696 1
697 1
699 3
700 1
701 4
702 1
703 2
704 2
705 2
706 1
707 1
712 2
713 1
714 1
715 1
716 2
717 1
719 1
723 1
730 1
732 1
734 1
736 1
740 1
758 3
769 2
770 1
772 2
773 2
774 1
776 2
777 3
778 1
779 2
780 2
781 2
784 1
785 2
787 1
788 2
795 1
796 1
797 1
798 1
799 1
800 1
801 2
803 1
804 4
805 2
807 1
808 1
810 2
811 3
813 1
814 1
815 1
816 1
819 2
822 1
824 3
825 1
827 2
840 1
845 1
867 1
873 1
876 1
885 1
896 2
900 1
914 1
915 1
917 1
918 1
919 1
920 1
922 1
923 1
929 1
936 1
938 1
939 2
944 1
945 2
946 1
953 1
954 2
960 1
976 1
994 1
1017 1
1019 1
1025 1
1031 1
1123 1
1142 1
1144 1
1154 1
1169 1
1170 2
1171 1
1172 1
1173 1
1179 1
1182 2
1187 1
1191 1
1192 1
1193 1
1196 2
1198 1
1200 1
1203 1
1206 1
1208 1
1209 1
1210 1
1214 1
1232 1
1241 1
1243 1
1244 3
1245 1
1252 2
1256 1
1258 1
1264 1
1357 1
1391 1
1393 1
1394 1
1415 1
1538 1
1541 1
1595 1
1703 1
1781 1
2009 1
2018 1
2471 2
2472 1
2478 1
2482 1
2485 1
2486 1
2487 1
2489 1
2492 1
