1 14506831
2 5471124
3 4006284
4 3416977
5 2865237
6 2283348
7 1791825
8 1442429
9 1202884
10 1064186
11 969847
12 895931
13 825586
14 739631
15 649233
16 543355
17 444775
18 348869
19 264712
20 192395
21 135389
22 93343
23 60585
24 39289
25 25026
26 15872
27 10347
28 6919
29 4888
30 3909
31 3359
32 2715
33 2492
34 2170
35 1987
36 1774
37 1677
38 1584
39 1440
40 1350
41 1335
42 1276
43 1078
44 943
45 969
46 933
47 882
48 857
49 759
50 822
51 789
52 877
53 1025
54 1241
55 1702
56 2342
57 3123
58 4427
59 5822
60 7764
61 10201
62 13428
63 17540
64 22332
65 28025
66 34915
67 43675
68 52890
69 63342
70 74751
71 86488
72 99817
73 112997
74 127241
75 142054
76 156291
77 170865
78 183672
79 197187
80 208544
81 217639
82 225296
83 230151
84 232898
85 233057
86 230468
87 225984
88 218404
89 210264
90 200990
91 188903
92 176763
93 163407
94 149281
95 136365
96 123280
97 110998
98 98712
99 86803
100 75768
101 64634
102 55240
103 46744
104 39243
105 32653
106 27025
107 21900
108 17876
109 14430
110 11519
111 9037
112 7313
113 5472
114 4242
115 3247
116 2548
117 1933
118 1535
119 1115
120 842
121 698
122 557
123 391
124 305
125 224
126 131
127 123
128 106
129 94
130 104
131 96
132 109
133 128
134 104
135 104
136 97
137 108
138 94
139 120
140 142
141 159
142 215
143 225
144 291
145 325
146 333
147 329
148 327
149 346
150 406
151 402
152 491
153 489
154 565
155 559
156 619
157 674
158 730
159 766
160 814
161 831
162 884
163 890
164 886
165 878
166 905
167 924
168 957
169 938
170 876
171 808
172 797
173 831
174 807
175 830
176 804
177 787
178 741
179 744
180 727
181 701
182 621
183 556
184 563
185 522
186 495
187 417
188 400
189 346
190 327
191 262
192 262
193 219
194 182
195 177
196 173
197 148
198 142
199 132
200 125
201 113
202 116
203 109
204 92
205 98
206 91
207 85
208 93
209 108
210 117
211 105
212 118
213 119
214 124
215 139
216 117
217 117
218 133
219 150
220 139
221 150
222 189
223 183
224 188
225 181
226 207
227 196
228 208
229 183
230 203
231 223
232 215
233 230
234 227
235 208
236 235
237 267
238 278
239 282
240 268
241 284
242 284
243 291
244 327
245 280
246 276
247 281
248 297
249 302
250 323
251 275
252 289
253 294
254 308
255 245
256 263
257 233
258 203
259 195
260 174
261 193
262 155
263 132
264 152
265 135
266 120
267 104
268 104
269 114
270 94
271 116
272 101
273 100
274 87
275 81
276 87
277 83
278 73
279 62
280 65
281 36
282 59
283 40
284 42
285 47
286 51
287 47
288 36
289 35
290 25
291 39
292 26
293 32
294 29
295 25
296 23
297 16
298 26
299 27
300 17
301 31
302 26
303 28
304 22
305 34
306 41
307 39
308 51
309 60
310 61
311 53
312 74
313 74
314 78
315 95
316 100
317 83
318 92
319 89
320 104
321 112
322 105
323 102
324 98
325 97
326 122
327 131
328 126
329 124
330 124
331 146
332 121
333 126
334 114
335 131
336 121
337 115
338 128
339 123
340 121
341 130
342 114
343 120
344 110
345 112
346 113
347 123
348 96
349 110
350 104
351 119
352 129
353 103
354 92
355 73
356 68
357 74
358 55
359 63
360 64
361 80
362 68
363 78
364 31
365 53
366 47
367 49
368 62
369 52
370 66
371 57
372 44
373 56
374 47
375 61
376 38
377 38
378 41
379 34
380 51
381 40
382 24
383 35
384 27
385 27
386 34
387 27
388 26
389 37
390 33
391 29
392 21
393 29
394 41
395 43
396 37
397 32
398 41
399 33
400 32
401 43
402 40
403 39
404 47
405 59
406 53
407 74
408 68
409 75
410 66
411 62
412 73
413 67
414 68
415 87
416 74
417 67
418 80
419 64
420 74
421 68
422 65
423 80
424 72
425 60
426 80
427 61
428 54
429 51
430 45
431 55
432 41
433 32
434 31
435 42
436 44
437 34
438 33
439 39
440 39
441 36
442 28
443 26
444 33
445 21
446 25
447 32
448 29
449 21
450 31
451 30
452 31
453 26
454 21
455 23
456 35
457 36
458 30
459 32
460 25
461 46
462 49
463 40
464 44
465 38
466 52
467 44
468 52
469 46
470 47
471 45
472 40
473 49
474 49
475 52
476 55
477 62
478 52
479 54
480 52
481 52
482 60
483 43
484 56
485 48
486 57
487 45
488 57
489 43
490 34
491 46
492 54
493 40
494 39
495 38
496 44
497 23
498 34
499 27
500 39
501 31
502 24
503 28
504 20
505 25
506 12
507 17
508 15
509 19
510 17
511 18
512 19
513 20
514 15
515 19
516 25
517 19
518 26
519 31
520 26
521 20
522 18
523 22
524 17
525 10
526 22
527 10
528 24
529 13
530 13
531 8
532 5
533 2
534 5
535 6
536 5
537 4
538 5
539 5
540 6
541 4
542 5
543 4
544 11
545 5
546 4
547 10
548 8
549 10
550 10
551 9
552 8
553 10
554 7
555 9
556 5
557 6
558 2
559 2
560 4
561 6
562 6
563 11
564 7
565 8
566 4
567 7
568 3
569 5
570 6
571 6
572 12
573 6
574 7
575 4
576 10
577 3
578 10
579 5
580 6
581 4
582 2
583 4
584 3
585 5
587 3
588 1
589 2
590 2
591 1
592 8
593 3
594 2
595 3
596 1
597 4
598 2
599 5
601 5
604 6
605 7
606 3
607 5
608 4
610 4
611 2
612 1
613 2
614 5
615 2
616 2
617 4
618 2
619 3
620 6
621 3
622 3
623 1
624 1
625 2
626 1
627 5
628 5
629 3
630 6
631 3
632 2
633 1
634 5
635 3
636 6
637 2
638 4
639 1
640 1
641 1
642 1
643 1
644 2
645 1
646 1
647 3
648 2
649 3
650 7
651 4
652 2
653 3
654 1
655 4
656 4
657 3
658 5
659 1
660 4
661 2
662 4
663 8
664 4
665 4
666 2
667 2
668 1
669 2
670 2
672 2
673 2
674 3
676 1
677 1
678 1
679 4
680 5
681 6
682 4
683 11
684 2
685 6
686 10
687 5
688 5
689 3
690 2
691 1
692 3
694 4
695 1
696 3
697 2
698 3
699 2
700 2
701 2
702 1
703 5
704 5
705 2
706 3
707 6
709 1
710 1
711 4
712 3
713 3
714 1
715 5
716 2
717 1
719 2
721 3
722 4
723 4
725 6
726 1
727 3
728 4
729 6
732 5
733 4
734 1
735 5
736 5
737 7
738 4
739 4
740 5
741 6
742 1
743 2
745 4
746 2
747 2
751 6
752 5
753 2
754 5
755 4
757 3
758 2
759 3
760 4
761 1
762 1
763 2
764 3
765 1
766 3
767 1
768 5
769 1
771 3
772 4
773 2
774 2
775 2
776 4
777 2
778 2
779 4
780 1
781 3
783 1
784 6
785 2
786 4
787 2
788 4
789 6
790 6
791 5
792 12
793 4
795 4
796 6
797 4
798 5
799 7
800 6
801 1
802 5
803 2
804 1
805 4
806 7
807 2
808 3
809 5
810 10
811 8
812 7
813 6
814 2
815 4
816 4
817 5
818 7
819 3
820 4
821 6
822 4
823 4
824 8
825 6
826 2
827 3
828 3
829 1
830 1
831 4
832 5
833 1
834 3
835 2
836 6
837 2
838 5
839 3
841 2
842 4
843 4
844 3
845 3
847 3
848 2
849 2
850 1
851 1
852 3
853 3
854 5
855 7
856 2
857 3
858 1
859 10
860 8
861 8
862 5
863 7
864 5
865 8
866 7
867 8
868 2
869 12
870 4
871 3
872 4
873 2
874 8
875 9
876 9
877 7
878 8
879 9
880 15
881 9
882 9
883 11
884 6
885 8
886 9
887 7
888 8
889 9
890 3
891 5
892 8
893 5
894 4
895 6
896 2
897 10
898 2
899 4
900 8
901 5
902 7
903 10
904 4
905 7
906 5
907 13
908 11
909 8
910 3
911 11
912 7
913 7
914 6
915 9
916 4
917 14
918 7
919 7
920 3
921 4
922 2
923 3
924 7
925 3
926 5
927 4
928 4
929 5
930 5
931 1
932 2
933 5
934 2
935 4
936 7
937 9
939 1
940 2
941 6
942 1
943 7
944 5
945 5
946 4
947 4
948 4
949 10
950 7
951 5
952 7
953 9
954 3
955 4
956 4
957 8
958 12
959 8
960 9
961 10
962 2
963 9
964 8
965 9
966 8
967 6
968 4
969 8
970 1
971 7
972 6
973 1
974 7
975 2
976 3
977 2
978 1
980 1
981 1
982 1
983 2
984 2
985 3
986 1
988 1
989 1
992 2
993 1
994 1
996 2
997 3
999 1
1000 2
1001 1
1002 1
1003 1
1005 2
1006 1
1007 1
1008 1
1009 1
1010 2
1011 1
1012 2
1013 2
1014 4
1016 2
1017 1
1018 2
1019 1
1020 1
1021 4
1022 2
1023 5
1024 2
1025 1
1026 2
1027 2
1028 3
1029 3
1030 3
1031 2
1032 4
1033 1
1034 3
1035 2
1036 2
1037 1
1040 3
1041 1
1042 4
1043 4
1044 3
1045 1
1046 2
1047 1
1048 5
1049 4
1050 3
1051 5
1052 4
1053 5
1054 2
1055 3
1056 2
1057 7
1058 4
1059 3
1060 8
1061 7
1062 3
1063 6
1064 9
1065 6
1066 5
1067 7
1068 8
1069 7
1070 6
1071 9
1072 7
1073 14
1074 5
1075 13
1076 10
1077 8
1078 5
1079 8
1080 8
1081 10
1082 9
1083 4
1084 4
1085 4
1086 2
1087 8
1088 4
1089 2
1090 3
1091 4
1092 2
1093 3
1094 3
1095 1
1097 3
1098 7
1099 1
1100 2
1101 3
1102 1
1103 1
1104 2
1105 2
1106 2
1107 5
1108 5
1109 4
1110 8
1111 2
1113 4
1114 6
1116 2
1117 3
1118 3
1120 2
1122 1
1123 3
1124 1
1125 2
1126 2
1127 3
1128 4
1129 5
1130 7
1131 4
1132 3
1133 2
1134 2
1135 1
1136 2
1137 3
1138 1
1139 3
1140 4
1141 3
1142 1
1143 1
1144 2
1145 4
1148 1
1149 1
1150 3
1151 2
1152 3
1153 5
1154 2
1155 2
1156 1
1157 3
1158 3
1159 3
1160 1
1161 5
1162 2
1163 4
1164 5
1165 7
1166 2
1167 5
1168 10
1169 7
1170 3
1171 3
1172 2
1173 1
1174 2
1175 1
1177 4
1180 1
1181 1
1182 4
1183 3
1184 1
1186 2
1187 3
1188 3
1189 4
1190 4
1191 6
1192 1
1193 3
1194 4
1195 5
1196 6
1197 6
1198 3
1199 5
1200 9
1201 7
1202 6
1203 8
1204 8
1205 9
1206 5
1207 4
1208 5
1209 7
1210 10
1211 6
1212 8
1213 5
1214 6
1215 3
1216 6
1217 7
1218 8
1219 6
1220 9
1221 5
1222 13
1223 5
1224 8
1225 4
1226 5
1227 5
1228 6
1229 6
1230 5
1231 2
1232 6
1233 4
1234 4
1235 6
1236 6
1237 5
1238 5
1239 8
1240 3
1241 4
1242 5
1243 8
1244 4
1245 1
1246 5
1247 4
1248 2
1249 3
1250 3
1251 2
1252 3
1253 7
1254 8
1255 6
1256 7
1257 5
1258 5
1259 6
1260 4
1261 2
1262 2
1263 1
1264 3
1267 2
1268 1
1271 3
1276 2
1277 1
1278 3
1279 2
1283 1
1284 4
1285 2
1286 1
1287 3
1288 2
1289 1
1290 2
1291 2
1292 3
1295 2
1296 1
1297 1
1298 1
1299 2
1300 3
1302 2
1303 3
1305 1
1306 3
1307 2
1308 2
1310 3
1311 1
1313 2
1314 2
1315 2
1316 1
1317 1
1318 3
1319 1
1320 1
1321 1
1322 2
1323 1
1324 1
1325 3
1326 1
1327 2
1328 2
1329 3
1330 1
1331 2
1332 1
1333 3
1334 2
1335 2
1336 2
1338 1
1339 4
1340 1
1341 1
1342 2
1343 4
1344 1
1345 2
1346 4
1348 1
1349 4
1350 1
1351 4
1352 2
1353 1
1354 1
1355 1
1356 1
1357 1
1358 4
1359 1
1363 2
1367 1
1369 1
1371 1
1375 2
1376 1
1377 1
1378 1
1379 1
1380 2
1381 1
1382 1
1383 2
1384 2
1385 1
1386 1
1388 4
1389 1
1390 2
1391 2
1392 2
1393 2
1394 2
1395 3
1396 1
1397 3
1398 2
1399 6
1400 3
1401 4
1402 2
1403 5
1405 9
1406 8
1407 6
1408 7
1409 7
1410 3
1411 2
1412 1
1413 2
1414 2
1415 5
1416 2
1417 7
1418 4
1419 3
1420 4
1421 5
1422 2
1423 7
1424 3
1425 3
1426 2
1427 2
1428 6
1429 2
1430 5
1431 5
1432 2
1433 2
1434 4
1435 1
1436 3
1437 3
1438 1
1439 2
1440 1
1441 1
1442 2
1443 1
1444 1
1447 1
1448 1
1450 2
1453 2
1454 1
1455 1
1458 1
1461 2
1467 1
1468 1
1476 1
1478 2
1479 1
1480 1
1486 1
1490 2
1491 3
1492 1
1493 3
1494 3
1495 2
1496 1
1497 3
1498 5
1499 5
1500 1
1501 2
1502 3
1503 1
1504 1
1505 3
1507 2
1508 3
1509 4
1510 1
1511 1
1512 4
1513 3
1514 1
1515 2
1516 1
1517 1
1518 1
1521 1
1523 1
1529 1
1567 1
1601 1
1605 1
1657 1
1665 1
1681 1
1810 1
1855 1
1862 1
1873 1
1929 1
1948 2
1950 1
1951 1
1952 3
1955 3
1956 1
1960 1
1962 1
1972 1
1989 1
2000 1
2003 1
2007 2
2009 1
2022 1
2029 1
2065 1
2092 1
2164 1
2165 1
2167 1
2175 1
2176 3
2177 1
2183 1
2235 1
2269 1
2277 1
2371 1
2374 1
2387 1
2420 1
2499 1
2731 2
2737 1
2752 1
2784 1
2796 2
2802 1
2824 1
2826 1
2827 1
2882 1
2886 1
2971 1
3040 1
3047 1
3053 1
3060 1
3061 1
3062 1
3065 2
3089 1
3153 1
3213 1
3223 1
3265 1
3301 1
3303 1
3309 1
3310 1
3316 1
3319 1
3357 1
3484 1
3573 1
3694 1
